2,1,687,1147,50,50,1,-1,-1,-1
2,2,470,1144,50,50,1,-1,-1,-1
3,1,684,1153,50,50,1,-1,-1,-1
3,2,471,1144,50,50,1,-1,-1,-1
4,1,682,1159,50,50,1,-1,-1,-1
4,2,472,1144,50,50,1,-1,-1,-1
5,1,678,1165,50,50,1,-1,-1,-1
5,2,472,1145,50,50,1,-1,-1,-1
6,1,673,1171,50,50,1,-1,-1,-1
6,2,472,1145,50,50,1,-1,-1,-1
7,1,667,1174,50,50,1,-1,-1,-1
7,2,472,1146,50,50,1,-1,-1,-1
8,1,662,1175,50,50,1,-1,-1,-1
8,2,471,1146,50,50,1,-1,-1,-1
9,1,658,1174,50,50,1,-1,-1,-1
9,2,473,1146,50,50,1,-1,-1,-1
10,1,655,1173,50,50,1,-1,-1,-1
10,2,473,1146,50,50,1,-1,-1,-1
11,1,652,1171,50,50,1,-1,-1,-1
11,2,471,1145,50,50,1,-1,-1,-1
12,1,650,1169,50,50,1,-1,-1,-1
12,2,470,1143,50,50,1,-1,-1,-1
13,1,650,1167,50,50,1,-1,-1,-1
13,2,470,1143,50,50,1,-1,-1,-1
14,1,649,1167,50,50,1,-1,-1,-1
14,2,470,1143,50,50,1,-1,-1,-1
15,1,650,1166,50,50,1,-1,-1,-1
15,2,469,1143,50,50,1,-1,-1,-1
16,1,651,1166,50,50,1,-1,-1,-1
16,2,469,1143,50,50,1,-1,-1,-1
17,1,653,1166,50,50,1,-1,-1,-1
17,2,469,1143,50,50,1,-1,-1,-1
18,1,652,1166,50,50,1,-1,-1,-1
18,2,469,1143,50,50,1,-1,-1,-1
19,1,655,1166,50,50,1,-1,-1,-1
19,2,470,1143,50,50,1,-1,-1,-1
20,1,655,1166,50,50,1,-1,-1,-1
20,2,470,1143,50,50,1,-1,-1,-1
21,1,657,1167,50,50,1,-1,-1,-1
21,2,470,1143,50,50,1,-1,-1,-1
22,1,658,1167,50,50,1,-1,-1,-1
22,2,471,1143,50,50,1,-1,-1,-1
23,1,657,1167,50,50,1,-1,-1,-1
23,2,471,1144,50,50,1,-1,-1,-1
24,1,657,1168,50,50,1,-1,-1,-1
24,2,472,1144,50,50,1,-1,-1,-1
25,1,658,1169,50,50,1,-1,-1,-1
25,2,472,1144,50,50,1,-1,-1,-1
26,1,657,1170,50,50,1,-1,-1,-1
26,2,472,1144,50,50,1,-1,-1,-1
27,1,657,1171,50,50,1,-1,-1,-1
27,2,471,1145,50,50,1,-1,-1,-1
28,1,654,1172,50,50,1,-1,-1,-1
28,2,473,1146,50,50,1,-1,-1,-1
29,1,653,1174,50,50,1,-1,-1,-1
29,2,473,1146,50,50,1,-1,-1,-1
30,1,650,1175,50,50,1,-1,-1,-1
30,2,474,1146,50,50,1,-1,-1,-1
31,1,650,1178,50,50,1,-1,-1,-1
31,2,474,1147,50,50,1,-1,-1,-1
32,1,647,1179,50,50,1,-1,-1,-1
32,2,474,1147,50,50,1,-1,-1,-1
33,1,644,1181,50,50,1,-1,-1,-1
33,2,474,1148,50,50,1,-1,-1,-1
34,1,640,1181,50,50,1,-1,-1,-1
34,2,474,1147,50,50,1,-1,-1,-1
35,1,634,1174,50,50,1,-1,-1,-1
35,2,474,1147,50,50,1,-1,-1,-1
36,1,629,1161,50,50,1,-1,-1,-1
36,2,474,1147,50,50,1,-1,-1,-1
37,1,621,1132,50,50,1,-1,-1,-1
37,2,474,1146,50,50,1,-1,-1,-1
38,1,617,1086,50,50,1,-1,-1,-1
38,2,474,1146,50,50,1,-1,-1,-1
39,1,618,1027,50,50,1,-1,-1,-1
39,2,474,1145,50,50,1,-1,-1,-1
40,1,618,973,50,50,1,-1,-1,-1
40,2,474,1143,50,50,1,-1,-1,-1
41,1,618,927,50,50,1,-1,-1,-1
41,2,473,1142,50,50,1,-1,-1,-1
42,1,617,881,50,50,1,-1,-1,-1
42,2,472,1141,50,50,1,-1,-1,-1
43,1,617,841,50,50,1,-1,-1,-1
43,2,473,1140,50,50,1,-1,-1,-1
44,1,618,807,50,50,1,-1,-1,-1
44,2,472,1140,50,50,1,-1,-1,-1
44,3,651,950,50,50,1,-1,-1,-1
45,1,619,779,50,50,1,-1,-1,-1
45,2,472,1139,50,50,1,-1,-1,-1
45,3,628,977,50,50,1,-1,-1,-1
46,1,620,756,50,50,1,-1,-1,-1
46,2,472,1138,50,50,1,-1,-1,-1
46,3,638,1014,50,50,1,-1,-1,-1
47,1,622,740,50,50,1,-1,-1,-1
47,2,471,1137,50,50,1,-1,-1,-1
47,3,634,1054,50,50,1,-1,-1,-1
48,1,625,730,50,50,1,-1,-1,-1
48,2,470,1138,50,50,1,-1,-1,-1
48,3,641,1106,50,50,1,-1,-1,-1
49,1,626,723,50,50,1,-1,-1,-1
49,2,469,1140,50,50,1,-1,-1,-1
49,3,634,1137,50,50,1,-1,-1,-1
50,1,629,723,50,50,1,-1,-1,-1
50,2,470,1142,50,50,1,-1,-1,-1
50,3,631,1139,50,50,1,-1,-1,-1
51,1,631,729,50,50,1,-1,-1,-1
51,2,471,1145,50,50,1,-1,-1,-1
51,3,622,1117,50,50,1,-1,-1,-1
52,1,635,740,50,50,1,-1,-1,-1
52,2,471,1148,50,50,1,-1,-1,-1
52,3,597,1059,50,50,1,-1,-1,-1
53,1,638,757,50,50,1,-1,-1,-1
53,2,472,1152,50,50,1,-1,-1,-1
53,3,601,1023,50,50,1,-1,-1,-1
54,1,642,779,50,50,1,-1,-1,-1
54,2,473,1157,50,50,1,-1,-1,-1
54,3,589,972,50,50,1,-1,-1,-1
55,1,646,808,50,50,1,-1,-1,-1
55,2,473,1163,50,50,1,-1,-1,-1
55,3,580,936,50,50,1,-1,-1,-1
56,1,651,841,50,50,1,-1,-1,-1
56,2,473,1169,50,50,1,-1,-1,-1
56,3,572,899,50,50,1,-1,-1,-1
57,1,655,881,50,50,1,-1,-1,-1
57,2,478,1177,50,50,1,-1,-1,-1
57,3,566,874,50,50,1,-1,-1,-1
58,1,661,926,50,50,1,-1,-1,-1
58,2,483,1186,50,50,1,-1,-1,-1
58,3,557,841,50,50,1,-1,-1,-1
59,1,658,958,50,50,1,-1,-1,-1
59,2,490,1193,50,50,1,-1,-1,-1
59,3,550,820,50,50,1,-1,-1,-1
60,1,668,968,50,50,1,-1,-1,-1
60,2,502,1196,50,50,1,-1,-1,-1
60,3,540,804,50,50,1,-1,-1,-1
61,1,669,977,50,50,1,-1,-1,-1
61,2,517,1195,50,50,1,-1,-1,-1
61,3,532,793,50,50,1,-1,-1,-1
62,1,668,985,50,50,1,-1,-1,-1
62,2,536,1187,50,50,1,-1,-1,-1
62,3,525,789,50,50,1,-1,-1,-1
63,1,667,994,50,50,1,-1,-1,-1
63,2,557,1168,50,50,1,-1,-1,-1
63,3,516,790,50,50,1,-1,-1,-1
64,1,665,1004,50,50,1,-1,-1,-1
64,2,576,1136,50,50,1,-1,-1,-1
64,3,510,796,50,50,1,-1,-1,-1
65,1,664,1014,50,50,1,-1,-1,-1
65,2,584,1075,50,50,1,-1,-1,-1
65,3,503,807,50,50,1,-1,-1,-1
66,1,667,1022,50,50,1,-1,-1,-1
66,2,585,1012,50,50,1,-1,-1,-1
66,3,499,823,50,50,1,-1,-1,-1
67,1,667,1030,50,50,1,-1,-1,-1
67,2,573,948,50,50,1,-1,-1,-1
67,3,494,847,50,50,1,-1,-1,-1
68,1,668,1035,50,50,1,-1,-1,-1
68,2,568,894,50,50,1,-1,-1,-1
68,3,489,875,50,50,1,-1,-1,-1
69,1,670,1040,50,50,1,-1,-1,-1
69,2,564,828,50,50,1,-1,-1,-1
69,3,484,908,50,50,1,-1,-1,-1
70,1,673,1043,50,50,1,-1,-1,-1
70,2,556,779,50,50,1,-1,-1,-1
70,3,479,948,50,50,1,-1,-1,-1
71,1,679,1045,50,50,1,-1,-1,-1
71,2,548,725,50,50,1,-1,-1,-1
71,3,477,989,50,50,1,-1,-1,-1
72,1,683,1047,50,50,1,-1,-1,-1
72,2,543,696,50,50,1,-1,-1,-1
72,3,467,1024,50,50,1,-1,-1,-1
73,1,684,1047,50,50,1,-1,-1,-1
73,2,537,662,50,50,1,-1,-1,-1
73,3,462,1056,50,50,1,-1,-1,-1
74,1,690,1048,50,50,1,-1,-1,-1
74,2,532,634,50,50,1,-1,-1,-1
74,3,459,1082,50,50,1,-1,-1,-1
75,1,691,1048,50,50,1,-1,-1,-1
75,2,528,612,50,50,1,-1,-1,-1
75,3,477,1118,50,50,1,-1,-1,-1
76,1,694,1048,50,50,1,-1,-1,-1
76,2,524,595,50,50,1,-1,-1,-1
76,3,483,1147,50,50,1,-1,-1,-1
77,1,696,1048,50,50,1,-1,-1,-1
77,2,520,585,50,50,1,-1,-1,-1
77,3,495,1166,50,50,1,-1,-1,-1
78,1,695,1047,50,50,1,-1,-1,-1
78,2,516,580,50,50,1,-1,-1,-1
78,3,511,1181,50,50,1,-1,-1,-1
79,1,697,1046,50,50,1,-1,-1,-1
79,2,513,580,50,50,1,-1,-1,-1
79,3,524,1187,50,50,1,-1,-1,-1
80,1,696,1044,50,50,1,-1,-1,-1
80,2,510,586,50,50,1,-1,-1,-1
80,3,542,1174,50,50,1,-1,-1,-1
81,1,696,1045,50,50,1,-1,-1,-1
81,2,507,598,50,50,1,-1,-1,-1
81,3,559,1155,50,50,1,-1,-1,-1
82,1,696,1046,50,50,1,-1,-1,-1
82,2,504,616,50,50,1,-1,-1,-1
82,3,572,1117,50,50,1,-1,-1,-1
83,1,695,1048,50,50,1,-1,-1,-1
83,2,502,640,50,50,1,-1,-1,-1
83,3,572,1058,50,50,1,-1,-1,-1
84,1,693,1052,50,50,1,-1,-1,-1
84,2,501,669,50,50,1,-1,-1,-1
84,3,572,1002,50,50,1,-1,-1,-1
85,1,689,1056,50,50,1,-1,-1,-1
85,2,499,705,50,50,1,-1,-1,-1
85,3,576,948,50,50,1,-1,-1,-1
86,1,687,1063,50,50,1,-1,-1,-1
86,2,498,746,50,50,1,-1,-1,-1
86,3,576,903,50,50,1,-1,-1,-1
87,1,685,1077,50,50,1,-1,-1,-1
87,2,496,795,50,50,1,-1,-1,-1
87,3,581,859,50,50,1,-1,-1,-1
88,1,680,1091,50,50,1,-1,-1,-1
88,2,497,849,50,50,1,-1,-1,-1
88,3,586,818,50,50,1,-1,-1,-1
89,1,652,1116,50,50,1,-1,-1,-1
89,2,494,907,50,50,1,-1,-1,-1
89,3,588,782,50,50,1,-1,-1,-1
90,1,659,1131,50,50,1,-1,-1,-1
90,2,483,950,50,50,1,-1,-1,-1
90,3,591,752,50,50,1,-1,-1,-1
91,1,648,1154,50,50,1,-1,-1,-1
91,2,486,966,50,50,1,-1,-1,-1
91,3,593,729,50,50,1,-1,-1,-1
92,1,642,1173,50,50,1,-1,-1,-1
92,2,489,979,50,50,1,-1,-1,-1
92,3,593,714,50,50,1,-1,-1,-1
93,1,634,1188,50,50,1,-1,-1,-1
93,2,491,992,50,50,1,-1,-1,-1
93,3,597,703,50,50,1,-1,-1,-1
94,1,623,1191,50,50,1,-1,-1,-1
94,2,495,1005,50,50,1,-1,-1,-1
94,3,602,698,50,50,1,-1,-1,-1
95,1,610,1185,50,50,1,-1,-1,-1
95,2,496,1019,50,50,1,-1,-1,-1
95,3,606,698,50,50,1,-1,-1,-1
96,1,597,1163,50,50,1,-1,-1,-1
96,2,498,1034,50,50,1,-1,-1,-1
96,3,611,703,50,50,1,-1,-1,-1
97,1,578,1123,50,50,1,-1,-1,-1
97,2,499,1048,50,50,1,-1,-1,-1
97,3,617,715,50,50,1,-1,-1,-1
98,1,575,1060,50,50,1,-1,-1,-1
98,2,498,1062,50,50,1,-1,-1,-1
98,3,622,732,50,50,1,-1,-1,-1
99,1,573,990,50,50,1,-1,-1,-1
99,2,488,1072,50,50,1,-1,-1,-1
99,3,628,754,50,50,1,-1,-1,-1
100,1,575,921,50,50,1,-1,-1,-1
100,2,499,1091,50,50,1,-1,-1,-1
100,3,635,782,50,50,1,-1,-1,-1
101,1,579,870,50,50,1,-1,-1,-1
101,2,495,1101,50,50,1,-1,-1,-1
101,3,641,817,50,50,1,-1,-1,-1
102,1,581,802,50,50,1,-1,-1,-1
102,2,488,1109,50,50,1,-1,-1,-1
102,3,648,857,50,50,1,-1,-1,-1
103,1,580,734,50,50,1,-1,-1,-1
103,2,485,1115,50,50,1,-1,-1,-1
103,3,655,898,50,50,1,-1,-1,-1
104,1,576,690,50,50,1,-1,-1,-1
104,2,481,1120,50,50,1,-1,-1,-1
104,3,661,929,50,50,1,-1,-1,-1
105,1,577,646,50,50,1,-1,-1,-1
105,2,477,1124,50,50,1,-1,-1,-1
105,3,652,995,50,50,1,-1,-1,-1
106,1,578,608,50,50,1,-1,-1,-1
106,2,473,1125,50,50,1,-1,-1,-1
106,3,686,968,50,50,1,-1,-1,-1
107,1,579,575,50,50,1,-1,-1,-1
107,2,469,1128,50,50,1,-1,-1,-1
107,3,674,994,50,50,1,-1,-1,-1
108,1,581,549,50,50,1,-1,-1,-1
108,2,467,1129,50,50,1,-1,-1,-1
108,3,672,1022,50,50,1,-1,-1,-1
109,1,583,529,50,50,1,-1,-1,-1
109,2,466,1128,50,50,1,-1,-1,-1
109,3,670,1055,50,50,1,-1,-1,-1
110,1,586,514,50,50,1,-1,-1,-1
110,2,463,1128,50,50,1,-1,-1,-1
110,3,671,1084,50,50,1,-1,-1,-1
111,1,589,505,50,50,1,-1,-1,-1
111,2,462,1127,50,50,1,-1,-1,-1
111,3,655,1134,50,50,1,-1,-1,-1
112,1,592,502,50,50,1,-1,-1,-1
112,2,462,1125,50,50,1,-1,-1,-1
112,3,635,1165,50,50,1,-1,-1,-1
113,1,595,504,50,50,1,-1,-1,-1
113,2,462,1123,50,50,1,-1,-1,-1
113,3,627,1179,50,50,1,-1,-1,-1
114,1,599,512,50,50,1,-1,-1,-1
114,2,462,1121,50,50,1,-1,-1,-1
114,3,617,1177,50,50,1,-1,-1,-1
115,1,603,526,50,50,1,-1,-1,-1
115,2,462,1119,50,50,1,-1,-1,-1
115,3,601,1155,50,50,1,-1,-1,-1
116,1,607,545,50,50,1,-1,-1,-1
116,2,463,1118,50,50,1,-1,-1,-1
116,3,592,1126,50,50,1,-1,-1,-1
117,1,612,571,50,50,1,-1,-1,-1
117,2,464,1117,50,50,1,-1,-1,-1
117,3,568,1065,50,50,1,-1,-1,-1
118,1,617,603,50,50,1,-1,-1,-1
118,2,466,1117,50,50,1,-1,-1,-1
118,3,557,1003,50,50,1,-1,-1,-1
119,1,622,640,50,50,1,-1,-1,-1
119,2,467,1119,50,50,1,-1,-1,-1
119,3,545,947,50,50,1,-1,-1,-1
120,1,628,684,50,50,1,-1,-1,-1
120,2,470,1121,50,50,1,-1,-1,-1
120,3,538,897,50,50,1,-1,-1,-1
121,1,634,733,50,50,1,-1,-1,-1
121,2,471,1125,50,50,1,-1,-1,-1
121,3,520,845,50,50,1,-1,-1,-1
122,1,641,789,50,50,1,-1,-1,-1
122,2,477,1135,50,50,1,-1,-1,-1
122,3,512,805,50,50,1,-1,-1,-1
123,1,648,851,50,50,1,-1,-1,-1
123,2,482,1145,50,50,1,-1,-1,-1
123,3,502,758,50,50,1,-1,-1,-1
124,1,654,902,50,50,1,-1,-1,-1
124,2,485,1159,50,50,1,-1,-1,-1
124,3,496,727,50,50,1,-1,-1,-1
125,1,663,919,50,50,1,-1,-1,-1
125,2,488,1175,50,50,1,-1,-1,-1
125,3,488,702,50,50,1,-1,-1,-1
126,1,662,938,50,50,1,-1,-1,-1
126,2,494,1186,50,50,1,-1,-1,-1
126,3,479,682,50,50,1,-1,-1,-1
127,1,647,961,50,50,1,-1,-1,-1
127,2,514,1193,50,50,1,-1,-1,-1
127,3,462,659,50,50,1,-1,-1,-1
128,1,647,961,50,50,1,-1,-1,-1
128,2,514,1193,50,50,1,-1,-1,-1
128,3,462,659,50,50,1,-1,-1,-1
129,1,669,978,50,50,1,-1,-1,-1
129,2,527,1175,50,50,1,-1,-1,-1
129,3,456,658,50,50,1,-1,-1,-1
130,1,648,1006,50,50,1,-1,-1,-1
130,2,541,1086,50,50,1,-1,-1,-1
130,3,440,667,50,50,1,-1,-1,-1
131,1,647,1006,50,50,1,-1,-1,-1
131,2,541,1086,50,50,1,-1,-1,-1
131,3,440,667,50,50,1,-1,-1,-1
132,1,648,1020,50,50,1,-1,-1,-1
132,2,530,1014,50,50,1,-1,-1,-1
132,3,434,682,50,50,1,-1,-1,-1
133,1,650,1044,50,50,1,-1,-1,-1
133,2,515,884,50,50,1,-1,-1,-1
133,3,421,728,50,50,1,-1,-1,-1
134,1,650,1052,50,50,1,-1,-1,-1
134,2,505,818,50,50,1,-1,-1,-1
134,3,415,760,50,50,1,-1,-1,-1
135,1,650,1052,50,50,1,-1,-1,-1
135,2,505,818,50,50,1,-1,-1,-1
135,3,415,760,50,50,1,-1,-1,-1
136,1,653,1066,50,50,1,-1,-1,-1
136,2,452,915,50,50,1,-1,-1,-1
136,3,405,840,50,50,1,-1,-1,-1
137,1,657,1071,50,50,1,-1,-1,-1
137,2,492,656,50,50,1,-1,-1,-1
137,3,400,889,50,50,1,-1,-1,-1
138,1,657,1071,50,50,1,-1,-1,-1
138,2,492,656,50,50,1,-1,-1,-1
138,3,400,889,50,50,1,-1,-1,-1
139,1,664,1081,50,50,1,-1,-1,-1
139,2,481,581,50,50,1,-1,-1,-1
139,3,381,982,50,50,1,-1,-1,-1
140,1,660,1083,50,50,1,-1,-1,-1
140,2,476,552,50,50,1,-1,-1,-1
140,3,384,1015,50,50,1,-1,-1,-1
141,1,676,1089,50,50,1,-1,-1,-1
141,2,471,528,50,50,1,-1,-1,-1
141,3,395,1049,50,50,1,-1,-1,-1
142,1,678,1093,50,50,1,-1,-1,-1
142,2,467,511,50,50,1,-1,-1,-1
142,3,405,1082,50,50,1,-1,-1,-1
143,1,679,1096,50,50,1,-1,-1,-1
143,2,463,499,50,50,1,-1,-1,-1
143,3,431,1127,50,50,1,-1,-1,-1
144,1,681,1099,50,50,1,-1,-1,-1
144,2,460,494,50,50,1,-1,-1,-1
144,3,449,1160,50,50,1,-1,-1,-1
145,1,662,1110,50,50,1,-1,-1,-1
145,2,456,494,50,50,1,-1,-1,-1
145,3,470,1175,50,50,1,-1,-1,-1
146,1,672,1105,50,50,1,-1,-1,-1
146,2,453,500,50,50,1,-1,-1,-1
146,3,487,1175,50,50,1,-1,-1,-1
147,1,673,1104,50,50,1,-1,-1,-1
147,2,451,512,50,50,1,-1,-1,-1
147,3,506,1163,50,50,1,-1,-1,-1
148,1,673,1101,50,50,1,-1,-1,-1
148,2,448,530,50,50,1,-1,-1,-1
148,3,519,1140,50,50,1,-1,-1,-1
149,1,672,1099,50,50,1,-1,-1,-1
149,2,446,554,50,50,1,-1,-1,-1
149,3,539,1075,50,50,1,-1,-1,-1
150,1,671,1097,50,50,1,-1,-1,-1
150,2,444,584,50,50,1,-1,-1,-1
150,3,533,1024,50,50,1,-1,-1,-1
151,1,668,1097,50,50,1,-1,-1,-1
151,2,443,620,50,50,1,-1,-1,-1
151,3,534,962,50,50,1,-1,-1,-1
152,1,666,1098,50,50,1,-1,-1,-1
152,2,441,662,50,50,1,-1,-1,-1
152,3,537,914,50,50,1,-1,-1,-1
153,1,663,1101,50,50,1,-1,-1,-1
153,2,441,711,50,50,1,-1,-1,-1
153,3,532,880,50,50,1,-1,-1,-1
154,1,658,1106,50,50,1,-1,-1,-1
154,2,440,766,50,50,1,-1,-1,-1
154,3,541,827,50,50,1,-1,-1,-1
155,1,655,1114,50,50,1,-1,-1,-1
155,2,440,828,50,50,1,-1,-1,-1
155,3,541,795,50,50,1,-1,-1,-1
156,1,647,1127,50,50,1,-1,-1,-1
156,2,441,887,50,50,1,-1,-1,-1
156,3,547,763,50,50,1,-1,-1,-1
157,1,643,1141,50,50,1,-1,-1,-1
157,2,451,914,50,50,1,-1,-1,-1
157,3,553,731,50,50,1,-1,-1,-1
158,1,635,1159,50,50,1,-1,-1,-1
158,2,436,933,50,50,1,-1,-1,-1
158,3,553,713,50,50,1,-1,-1,-1
159,1,628,1176,50,50,1,-1,-1,-1
159,2,440,950,50,50,1,-1,-1,-1
159,3,556,704,50,50,1,-1,-1,-1
160,1,620,1189,50,50,1,-1,-1,-1
160,2,448,965,50,50,1,-1,-1,-1
160,3,561,697,50,50,1,-1,-1,-1
161,1,609,1195,50,50,1,-1,-1,-1
161,2,453,985,50,50,1,-1,-1,-1
161,3,566,695,50,50,1,-1,-1,-1
162,1,595,1193,50,50,1,-1,-1,-1
162,2,452,1006,50,50,1,-1,-1,-1
162,3,570,699,50,50,1,-1,-1,-1
163,1,580,1177,50,50,1,-1,-1,-1
163,2,453,1027,50,50,1,-1,-1,-1
163,3,576,708,50,50,1,-1,-1,-1
164,1,561,1138,50,50,1,-1,-1,-1
164,2,454,1048,50,50,1,-1,-1,-1
164,3,583,722,50,50,1,-1,-1,-1
165,1,551,1071,50,50,1,-1,-1,-1
165,2,457,1068,50,50,1,-1,-1,-1
165,3,590,743,50,50,1,-1,-1,-1
166,1,543,1002,50,50,1,-1,-1,-1
166,2,461,1086,50,50,1,-1,-1,-1
166,3,596,771,50,50,1,-1,-1,-1
167,1,542,938,50,50,1,-1,-1,-1
167,2,463,1103,50,50,1,-1,-1,-1
167,3,601,804,50,50,1,-1,-1,-1
168,1,542,888,50,50,1,-1,-1,-1
168,2,461,1111,50,50,1,-1,-1,-1
168,3,607,841,50,50,1,-1,-1,-1
169,1,540,821,50,50,1,-1,-1,-1
169,2,457,1118,50,50,1,-1,-1,-1
169,3,614,885,50,50,1,-1,-1,-1
170,1,538,765,50,50,1,-1,-1,-1
170,2,453,1121,50,50,1,-1,-1,-1
170,3,620,919,50,50,1,-1,-1,-1
171,1,537,711,50,50,1,-1,-1,-1
171,2,450,1123,50,50,1,-1,-1,-1
171,3,639,948,50,50,1,-1,-1,-1
172,1,536,677,50,50,1,-1,-1,-1
172,2,447,1125,50,50,1,-1,-1,-1
172,3,651,977,50,50,1,-1,-1,-1
173,1,536,641,50,50,1,-1,-1,-1
173,2,446,1125,50,50,1,-1,-1,-1
173,3,647,1003,50,50,1,-1,-1,-1
174,1,535,611,50,50,1,-1,-1,-1
174,2,444,1126,50,50,1,-1,-1,-1
174,3,642,1036,50,50,1,-1,-1,-1
175,1,535,588,50,50,1,-1,-1,-1
175,2,443,1127,50,50,1,-1,-1,-1
175,3,632,1069,50,50,1,-1,-1,-1
176,1,536,569,50,50,1,-1,-1,-1
176,2,443,1128,50,50,1,-1,-1,-1
176,3,623,1115,50,50,1,-1,-1,-1
177,1,536,557,50,50,1,-1,-1,-1
177,2,442,1127,50,50,1,-1,-1,-1
177,3,611,1144,50,50,1,-1,-1,-1
178,1,537,551,50,50,1,-1,-1,-1
178,2,441,1127,50,50,1,-1,-1,-1
178,3,597,1168,50,50,1,-1,-1,-1
179,1,539,549,50,50,1,-1,-1,-1
179,2,442,1125,50,50,1,-1,-1,-1
179,3,587,1175,50,50,1,-1,-1,-1
180,1,540,554,50,50,1,-1,-1,-1
180,2,442,1123,50,50,1,-1,-1,-1
180,3,574,1174,50,50,1,-1,-1,-1
181,1,542,564,50,50,1,-1,-1,-1
181,2,442,1122,50,50,1,-1,-1,-1
181,3,555,1152,50,50,1,-1,-1,-1
182,1,544,580,50,50,1,-1,-1,-1
182,2,441,1121,50,50,1,-1,-1,-1
182,3,537,1117,50,50,1,-1,-1,-1
183,1,547,602,50,50,1,-1,-1,-1
183,2,443,1121,50,50,1,-1,-1,-1
183,3,527,1062,50,50,1,-1,-1,-1
184,1,550,629,50,50,1,-1,-1,-1
184,2,445,1123,50,50,1,-1,-1,-1
184,3,517,1011,50,50,1,-1,-1,-1
185,1,553,662,50,50,1,-1,-1,-1
185,2,447,1125,50,50,1,-1,-1,-1
185,3,508,955,50,50,1,-1,-1,-1
186,1,557,700,50,50,1,-1,-1,-1
186,2,449,1130,50,50,1,-1,-1,-1
186,3,505,908,50,50,1,-1,-1,-1
187,1,565,738,50,50,1,-1,-1,-1
187,2,453,1137,50,50,1,-1,-1,-1
187,3,497,864,50,50,1,-1,-1,-1
188,1,573,802,50,50,1,-1,-1,-1
188,2,458,1147,50,50,1,-1,-1,-1
188,3,490,823,50,50,1,-1,-1,-1
189,1,574,858,50,50,1,-1,-1,-1
189,2,463,1162,50,50,1,-1,-1,-1
189,3,483,789,50,50,1,-1,-1,-1
190,1,575,904,50,50,1,-1,-1,-1
190,2,467,1175,50,50,1,-1,-1,-1
190,3,477,761,50,50,1,-1,-1,-1
191,1,575,937,50,50,1,-1,-1,-1
191,2,474,1186,50,50,1,-1,-1,-1
191,3,471,739,50,50,1,-1,-1,-1
192,1,589,956,50,50,1,-1,-1,-1
192,2,485,1195,50,50,1,-1,-1,-1
192,3,465,723,50,50,1,-1,-1,-1
193,1,596,971,50,50,1,-1,-1,-1
193,2,500,1192,50,50,1,-1,-1,-1
193,3,460,713,50,50,1,-1,-1,-1
194,1,606,985,50,50,1,-1,-1,-1
194,2,515,1180,50,50,1,-1,-1,-1
194,3,455,708,50,50,1,-1,-1,-1
195,1,615,998,50,50,1,-1,-1,-1
195,2,530,1154,50,50,1,-1,-1,-1
195,3,450,709,50,50,1,-1,-1,-1
196,1,624,1010,50,50,1,-1,-1,-1
196,2,537,1097,50,50,1,-1,-1,-1
196,3,446,715,50,50,1,-1,-1,-1
197,1,631,1023,50,50,1,-1,-1,-1
197,2,532,1029,50,50,1,-1,-1,-1
197,3,442,727,50,50,1,-1,-1,-1
198,1,634,1034,50,50,1,-1,-1,-1
198,2,528,962,50,50,1,-1,-1,-1
198,3,438,744,50,50,1,-1,-1,-1
199,1,638,1045,50,50,1,-1,-1,-1
199,2,520,898,50,50,1,-1,-1,-1
199,3,434,767,50,50,1,-1,-1,-1
200,1,642,1055,50,50,1,-1,-1,-1
200,2,507,838,50,50,1,-1,-1,-1
200,3,431,796,50,50,1,-1,-1,-1
201,1,646,1064,50,50,1,-1,-1,-1
201,2,501,778,50,50,1,-1,-1,-1
201,3,428,830,50,50,1,-1,-1,-1
202,1,651,1071,50,50,1,-1,-1,-1
202,2,503,720,50,50,1,-1,-1,-1
202,3,426,870,50,50,1,-1,-1,-1
203,1,657,1077,50,50,1,-1,-1,-1
203,2,501,680,50,50,1,-1,-1,-1
203,3,424,914,50,50,1,-1,-1,-1
204,1,662,1084,50,50,1,-1,-1,-1
204,2,497,639,50,50,1,-1,-1,-1
204,3,422,948,50,50,1,-1,-1,-1
205,1,666,1090,50,50,1,-1,-1,-1
205,2,492,602,50,50,1,-1,-1,-1
205,3,448,981,50,50,1,-1,-1,-1
206,1,671,1095,50,50,1,-1,-1,-1
206,2,489,574,50,50,1,-1,-1,-1
206,3,424,1016,50,50,1,-1,-1,-1
207,1,675,1098,50,50,1,-1,-1,-1
207,2,486,552,50,50,1,-1,-1,-1
207,3,432,1047,50,50,1,-1,-1,-1
208,1,678,1100,50,50,1,-1,-1,-1
208,2,484,536,50,50,1,-1,-1,-1
208,3,446,1077,50,50,1,-1,-1,-1
209,1,681,1100,50,50,1,-1,-1,-1
209,2,481,524,50,50,1,-1,-1,-1
209,3,485,1126,50,50,1,-1,-1,-1
210,1,682,1101,50,50,1,-1,-1,-1
210,2,479,519,50,50,1,-1,-1,-1
210,3,487,1145,50,50,1,-1,-1,-1
211,1,684,1100,50,50,1,-1,-1,-1
211,2,477,519,50,50,1,-1,-1,-1
211,3,503,1164,50,50,1,-1,-1,-1
212,1,685,1099,50,50,1,-1,-1,-1
212,2,475,525,50,50,1,-1,-1,-1
212,3,523,1159,50,50,1,-1,-1,-1
213,1,686,1097,50,50,1,-1,-1,-1
213,2,474,536,50,50,1,-1,-1,-1
213,3,540,1138,50,50,1,-1,-1,-1
214,1,686,1095,50,50,1,-1,-1,-1
214,2,473,554,50,50,1,-1,-1,-1
214,3,555,1093,50,50,1,-1,-1,-1
215,1,684,1094,50,50,1,-1,-1,-1
215,2,472,578,50,50,1,-1,-1,-1
215,3,557,1035,50,50,1,-1,-1,-1
216,1,684,1093,50,50,1,-1,-1,-1
216,2,472,608,50,50,1,-1,-1,-1
216,3,558,967,50,50,1,-1,-1,-1
217,1,683,1093,50,50,1,-1,-1,-1
217,2,472,644,50,50,1,-1,-1,-1
217,3,561,907,50,50,1,-1,-1,-1
218,1,682,1093,50,50,1,-1,-1,-1
218,2,473,686,50,50,1,-1,-1,-1
218,3,559,870,50,50,1,-1,-1,-1
219,1,680,1096,50,50,1,-1,-1,-1
219,2,473,734,50,50,1,-1,-1,-1
219,3,567,812,50,50,1,-1,-1,-1
220,1,678,1101,50,50,1,-1,-1,-1
220,2,474,789,50,50,1,-1,-1,-1
220,3,573,759,50,50,1,-1,-1,-1
221,1,674,1111,50,50,1,-1,-1,-1
221,2,476,849,50,50,1,-1,-1,-1
221,3,573,717,50,50,1,-1,-1,-1
222,1,666,1122,50,50,1,-1,-1,-1
222,2,487,883,50,50,1,-1,-1,-1
222,3,575,688,50,50,1,-1,-1,-1
223,1,662,1135,50,50,1,-1,-1,-1
223,2,473,907,50,50,1,-1,-1,-1
223,3,579,660,50,50,1,-1,-1,-1
224,1,654,1152,50,50,1,-1,-1,-1
224,2,473,930,50,50,1,-1,-1,-1
224,3,584,639,50,50,1,-1,-1,-1
225,1,646,1169,50,50,1,-1,-1,-1
225,2,470,953,50,50,1,-1,-1,-1
225,3,589,623,50,50,1,-1,-1,-1
226,1,639,1184,50,50,1,-1,-1,-1
226,2,471,976,50,50,1,-1,-1,-1
226,3,594,613,50,50,1,-1,-1,-1
227,1,630,1195,50,50,1,-1,-1,-1
227,2,472,1001,50,50,1,-1,-1,-1
227,3,600,609,50,50,1,-1,-1,-1
228,1,618,1197,50,50,1,-1,-1,-1
228,2,470,1025,50,50,1,-1,-1,-1
228,3,606,610,50,50,1,-1,-1,-1
229,1,605,1188,50,50,1,-1,-1,-1
229,2,472,1046,50,50,1,-1,-1,-1
229,3,612,616,50,50,1,-1,-1,-1
230,1,591,1165,50,50,1,-1,-1,-1
230,2,478,1066,50,50,1,-1,-1,-1
230,3,618,629,50,50,1,-1,-1,-1
231,1,577,1122,50,50,1,-1,-1,-1
231,2,485,1087,50,50,1,-1,-1,-1
231,3,625,647,50,50,1,-1,-1,-1
232,1,573,1052,50,50,1,-1,-1,-1
232,2,484,1101,50,50,1,-1,-1,-1
232,3,632,670,50,50,1,-1,-1,-1
233,1,571,983,50,50,1,-1,-1,-1
233,2,482,1112,50,50,1,-1,-1,-1
233,3,639,699,50,50,1,-1,-1,-1
234,1,573,918,50,50,1,-1,-1,-1
234,2,477,1119,50,50,1,-1,-1,-1
234,3,647,734,50,50,1,-1,-1,-1
235,1,577,858,50,50,1,-1,-1,-1
235,2,474,1121,50,50,1,-1,-1,-1
235,3,655,775,50,50,1,-1,-1,-1
236,1,580,802,50,50,1,-1,-1,-1
236,2,471,1123,50,50,1,-1,-1,-1
236,3,664,821,50,50,1,-1,-1,-1
237,1,579,738,50,50,1,-1,-1,-1
237,2,469,1124,50,50,1,-1,-1,-1
237,3,672,871,50,50,1,-1,-1,-1
238,1,576,697,50,50,1,-1,-1,-1
238,2,464,1123,50,50,1,-1,-1,-1
238,3,679,905,50,50,1,-1,-1,-1
239,1,577,656,50,50,1,-1,-1,-1
239,2,461,1124,50,50,1,-1,-1,-1
239,3,692,930,50,50,1,-1,-1,-1
240,1,578,622,50,50,1,-1,-1,-1
240,2,459,1125,50,50,1,-1,-1,-1
240,3,696,960,50,50,1,-1,-1,-1
241,1,580,593,50,50,1,-1,-1,-1
241,2,456,1126,50,50,1,-1,-1,-1
241,3,694,993,50,50,1,-1,-1,-1
242,1,582,570,50,50,1,-1,-1,-1
242,2,453,1126,50,50,1,-1,-1,-1
242,3,686,1031,50,50,1,-1,-1,-1
243,1,584,554,50,50,1,-1,-1,-1
243,2,454,1127,50,50,1,-1,-1,-1
243,3,678,1070,50,50,1,-1,-1,-1
244,1,587,542,50,50,1,-1,-1,-1
244,2,453,1126,50,50,1,-1,-1,-1
244,3,649,1141,50,50,1,-1,-1,-1
245,1,590,537,50,50,1,-1,-1,-1
245,2,452,1126,50,50,1,-1,-1,-1
245,3,645,1164,50,50,1,-1,-1,-1
246,1,593,537,50,50,1,-1,-1,-1
246,2,453,1125,50,50,1,-1,-1,-1
246,3,631,1179,50,50,1,-1,-1,-1
247,1,597,542,50,50,1,-1,-1,-1
247,2,454,1125,50,50,1,-1,-1,-1
247,3,619,1173,50,50,1,-1,-1,-1
248,1,601,554,50,50,1,-1,-1,-1
248,2,457,1126,50,50,1,-1,-1,-1
248,3,604,1153,50,50,1,-1,-1,-1
249,1,605,571,50,50,1,-1,-1,-1
249,2,457,1125,50,50,1,-1,-1,-1
249,3,598,1116,50,50,1,-1,-1,-1
250,1,610,593,50,50,1,-1,-1,-1
250,2,457,1126,50,50,1,-1,-1,-1
250,3,575,1056,50,50,1,-1,-1,-1
251,1,615,622,50,50,1,-1,-1,-1
251,2,459,1129,50,50,1,-1,-1,-1
251,3,566,999,50,50,1,-1,-1,-1
252,1,620,656,50,50,1,-1,-1,-1
252,2,461,1133,50,50,1,-1,-1,-1
252,3,557,949,50,50,1,-1,-1,-1
253,1,626,696,50,50,1,-1,-1,-1
253,2,464,1138,50,50,1,-1,-1,-1
253,3,549,907,50,50,1,-1,-1,-1
254,1,632,741,50,50,1,-1,-1,-1
254,2,468,1145,50,50,1,-1,-1,-1
254,3,541,876,50,50,1,-1,-1,-1
255,1,638,792,50,50,1,-1,-1,-1
255,2,473,1158,50,50,1,-1,-1,-1
255,3,524,832,50,50,1,-1,-1,-1
256,1,645,850,50,50,1,-1,-1,-1
256,2,477,1172,50,50,1,-1,-1,-1
256,3,519,809,50,50,1,-1,-1,-1
257,1,649,908,50,50,1,-1,-1,-1
257,2,481,1189,50,50,1,-1,-1,-1
257,3,510,781,50,50,1,-1,-1,-1
258,1,646,944,50,50,1,-1,-1,-1
258,2,486,1203,50,50,1,-1,-1,-1
258,3,505,763,50,50,1,-1,-1,-1
259,1,657,954,50,50,1,-1,-1,-1
259,2,496,1210,50,50,1,-1,-1,-1
259,3,498,753,50,50,1,-1,-1,-1
260,1,660,962,50,50,1,-1,-1,-1
260,2,509,1208,50,50,1,-1,-1,-1
260,3,492,749,50,50,1,-1,-1,-1
261,1,661,972,50,50,1,-1,-1,-1
261,2,526,1193,50,50,1,-1,-1,-1
261,3,486,750,50,50,1,-1,-1,-1
262,1,654,982,50,50,1,-1,-1,-1
262,2,540,1160,50,50,1,-1,-1,-1
262,3,479,755,50,50,1,-1,-1,-1
263,1,652,990,50,50,1,-1,-1,-1
263,2,547,1105,50,50,1,-1,-1,-1
263,3,472,765,50,50,1,-1,-1,-1
264,1,653,999,50,50,1,-1,-1,-1
264,2,536,1034,50,50,1,-1,-1,-1
264,3,466,782,50,50,1,-1,-1,-1
265,1,650,1008,50,50,1,-1,-1,-1
265,2,532,964,50,50,1,-1,-1,-1
265,3,460,805,50,50,1,-1,-1,-1
266,1,650,1017,50,50,1,-1,-1,-1
266,2,522,901,50,50,1,-1,-1,-1
266,3,455,833,50,50,1,-1,-1,-1
267,1,654,1026,50,50,1,-1,-1,-1
267,2,510,839,50,50,1,-1,-1,-1
267,3,451,868,50,50,1,-1,-1,-1
268,1,655,1033,50,50,1,-1,-1,-1
268,2,501,780,50,50,1,-1,-1,-1
268,3,446,907,50,50,1,-1,-1,-1
269,1,656,1040,50,50,1,-1,-1,-1
269,2,498,727,50,50,1,-1,-1,-1
269,3,443,949,50,50,1,-1,-1,-1
270,1,658,1048,50,50,1,-1,-1,-1
270,2,492,682,50,50,1,-1,-1,-1
270,3,436,982,50,50,1,-1,-1,-1
271,1,660,1056,50,50,1,-1,-1,-1
271,2,485,642,50,50,1,-1,-1,-1
271,3,421,1012,50,50,1,-1,-1,-1
272,1,677,1062,50,50,1,-1,-1,-1
272,2,479,609,50,50,1,-1,-1,-1
272,3,422,1042,50,50,1,-1,-1,-1
273,1,677,1069,50,50,1,-1,-1,-1
273,2,473,581,50,50,1,-1,-1,-1
273,3,426,1071,50,50,1,-1,-1,-1
274,1,673,1076,50,50,1,-1,-1,-1
274,2,467,558,50,50,1,-1,-1,-1
274,3,436,1088,50,50,1,-1,-1,-1
275,1,675,1079,50,50,1,-1,-1,-1
275,2,462,542,50,50,1,-1,-1,-1
275,3,443,1146,50,50,1,-1,-1,-1
276,1,675,1081,50,50,1,-1,-1,-1
276,2,457,532,50,50,1,-1,-1,-1
276,3,449,1169,50,50,1,-1,-1,-1
277,1,675,1082,50,50,1,-1,-1,-1
277,2,453,527,50,50,1,-1,-1,-1
277,3,463,1185,50,50,1,-1,-1,-1
278,1,675,1082,50,50,1,-1,-1,-1
278,2,449,527,50,50,1,-1,-1,-1
278,3,474,1188,50,50,1,-1,-1,-1
279,1,675,1081,50,50,1,-1,-1,-1
279,2,445,533,50,50,1,-1,-1,-1
279,3,485,1181,50,50,1,-1,-1,-1
280,1,674,1081,50,50,1,-1,-1,-1
280,2,441,545,50,50,1,-1,-1,-1
280,3,497,1159,50,50,1,-1,-1,-1
281,1,673,1082,50,50,1,-1,-1,-1
281,2,437,563,50,50,1,-1,-1,-1
281,3,497,1129,50,50,1,-1,-1,-1
282,1,671,1085,50,50,1,-1,-1,-1
282,2,434,585,50,50,1,-1,-1,-1
282,3,502,1052,50,50,1,-1,-1,-1
283,1,666,1089,50,50,1,-1,-1,-1
283,2,432,614,50,50,1,-1,-1,-1
283,3,505,989,50,50,1,-1,-1,-1
284,1,663,1094,50,50,1,-1,-1,-1
284,2,429,649,50,50,1,-1,-1,-1
284,3,505,936,50,50,1,-1,-1,-1
285,1,656,1104,50,50,1,-1,-1,-1
285,2,427,689,50,50,1,-1,-1,-1
285,3,509,888,50,50,1,-1,-1,-1
286,1,649,1114,50,50,1,-1,-1,-1
286,2,425,735,50,50,1,-1,-1,-1
286,3,508,843,50,50,1,-1,-1,-1
287,1,643,1124,50,50,1,-1,-1,-1
287,2,424,786,50,50,1,-1,-1,-1
287,3,513,806,50,50,1,-1,-1,-1
288,1,634,1139,50,50,1,-1,-1,-1
288,2,422,843,50,50,1,-1,-1,-1
288,3,519,765,50,50,1,-1,-1,-1
289,1,626,1154,50,50,1,-1,-1,-1
289,2,422,904,50,50,1,-1,-1,-1
289,3,527,727,50,50,1,-1,-1,-1
290,1,620,1171,50,50,1,-1,-1,-1
290,2,426,945,50,50,1,-1,-1,-1
290,3,533,707,50,50,1,-1,-1,-1
291,1,614,1186,50,50,1,-1,-1,-1
291,2,420,964,50,50,1,-1,-1,-1
291,3,538,691,50,50,1,-1,-1,-1
292,1,606,1198,50,50,1,-1,-1,-1
292,2,421,980,50,50,1,-1,-1,-1
292,3,544,678,50,50,1,-1,-1,-1
293,1,594,1201,50,50,1,-1,-1,-1
293,2,429,994,50,50,1,-1,-1,-1
293,3,550,671,50,50,1,-1,-1,-1
294,1,582,1198,50,50,1,-1,-1,-1
294,2,438,1005,50,50,1,-1,-1,-1
294,3,557,669,50,50,1,-1,-1,-1
295,1,568,1186,50,50,1,-1,-1,-1
295,2,444,1013,50,50,1,-1,-1,-1
295,3,564,673,50,50,1,-1,-1,-1
296,1,551,1153,50,50,1,-1,-1,-1
296,2,451,1019,50,50,1,-1,-1,-1
296,3,571,683,50,50,1,-1,-1,-1
297,1,537,1098,50,50,1,-1,-1,-1
297,2,456,1025,50,50,1,-1,-1,-1
297,3,578,699,50,50,1,-1,-1,-1
298,1,532,1024,50,50,1,-1,-1,-1
298,2,458,1026,50,50,1,-1,-1,-1
298,3,586,720,50,50,1,-1,-1,-1
299,1,529,950,50,50,1,-1,-1,-1
299,2,459,1028,50,50,1,-1,-1,-1
299,3,595,747,50,50,1,-1,-1,-1
300,1,527,891,50,50,1,-1,-1,-1
300,2,459,1030,50,50,1,-1,-1,-1
300,3,603,781,50,50,1,-1,-1,-1
301,1,517,825,50,50,1,-1,-1,-1
301,2,459,1033,50,50,1,-1,-1,-1
301,3,612,820,50,50,1,-1,-1,-1
302,1,521,757,50,50,1,-1,-1,-1
302,2,457,1035,50,50,1,-1,-1,-1
302,3,621,867,50,50,1,-1,-1,-1
303,1,519,706,50,50,1,-1,-1,-1
303,2,456,1037,50,50,1,-1,-1,-1
303,3,630,906,50,50,1,-1,-1,-1
304,1,518,665,50,50,1,-1,-1,-1
304,2,454,1039,50,50,1,-1,-1,-1
304,3,640,942,50,50,1,-1,-1,-1
305,1,517,625,50,50,1,-1,-1,-1
305,2,452,1043,50,50,1,-1,-1,-1
305,3,652,971,50,50,1,-1,-1,-1
306,1,515,590,50,50,1,-1,-1,-1
306,2,450,1046,50,50,1,-1,-1,-1
306,3,653,1000,50,50,1,-1,-1,-1
307,1,514,561,50,50,1,-1,-1,-1
307,2,447,1049,50,50,1,-1,-1,-1
307,3,652,1030,50,50,1,-1,-1,-1
308,1,513,539,50,50,1,-1,-1,-1
308,2,445,1051,50,50,1,-1,-1,-1
308,3,641,1053,50,50,1,-1,-1,-1
309,1,513,522,50,50,1,-1,-1,-1
309,2,442,1053,50,50,1,-1,-1,-1
309,3,636,1101,50,50,1,-1,-1,-1
310,1,513,511,50,50,1,-1,-1,-1
310,2,439,1055,50,50,1,-1,-1,-1
310,3,611,1136,50,50,1,-1,-1,-1
311,1,513,506,50,50,1,-1,-1,-1
311,2,436,1055,50,50,1,-1,-1,-1
311,3,599,1164,50,50,1,-1,-1,-1
312,1,514,505,50,50,1,-1,-1,-1
312,2,433,1056,50,50,1,-1,-1,-1
312,3,588,1179,50,50,1,-1,-1,-1
313,1,515,511,50,50,1,-1,-1,-1
313,2,430,1056,50,50,1,-1,-1,-1
313,3,575,1185,50,50,1,-1,-1,-1
314,1,516,522,50,50,1,-1,-1,-1
314,2,428,1058,50,50,1,-1,-1,-1
314,3,553,1174,50,50,1,-1,-1,-1
315,1,518,539,50,50,1,-1,-1,-1
315,2,426,1060,50,50,1,-1,-1,-1
315,3,533,1149,50,50,1,-1,-1,-1
316,1,519,562,50,50,1,-1,-1,-1
316,2,422,1064,50,50,1,-1,-1,-1
316,3,512,1102,50,50,1,-1,-1,-1
317,1,521,589,50,50,1,-1,-1,-1
317,2,421,1067,50,50,1,-1,-1,-1
317,3,501,1046,50,50,1,-1,-1,-1
318,1,524,624,50,50,1,-1,-1,-1
318,2,419,1069,50,50,1,-1,-1,-1
318,3,488,984,50,50,1,-1,-1,-1
319,1,527,665,50,50,1,-1,-1,-1
319,2,418,1074,50,50,1,-1,-1,-1
319,3,481,928,50,50,1,-1,-1,-1
320,1,530,705,50,50,1,-1,-1,-1
320,2,419,1082,50,50,1,-1,-1,-1
320,3,475,879,50,50,1,-1,-1,-1
321,1,535,763,50,50,1,-1,-1,-1
321,2,421,1093,50,50,1,-1,-1,-1
321,3,466,831,50,50,1,-1,-1,-1
322,1,541,819,50,50,1,-1,-1,-1
322,2,425,1109,50,50,1,-1,-1,-1
322,3,458,790,50,50,1,-1,-1,-1
323,1,542,892,50,50,1,-1,-1,-1
323,2,428,1129,50,50,1,-1,-1,-1
323,3,450,755,50,50,1,-1,-1,-1
324,1,546,915,50,50,1,-1,-1,-1
324,2,432,1152,50,50,1,-1,-1,-1
324,3,443,727,50,50,1,-1,-1,-1
325,1,567,934,50,50,1,-1,-1,-1
325,2,438,1174,50,50,1,-1,-1,-1
325,3,436,704,50,50,1,-1,-1,-1
326,1,572,951,50,50,1,-1,-1,-1
326,2,449,1190,50,50,1,-1,-1,-1
326,3,430,687,50,50,1,-1,-1,-1
327,1,578,967,50,50,1,-1,-1,-1
327,2,462,1199,50,50,1,-1,-1,-1
327,3,423,675,50,50,1,-1,-1,-1
328,1,584,981,50,50,1,-1,-1,-1
328,2,477,1198,50,50,1,-1,-1,-1
328,3,417,670,50,50,1,-1,-1,-1
329,1,591,994,50,50,1,-1,-1,-1
329,2,492,1180,50,50,1,-1,-1,-1
329,3,412,670,50,50,1,-1,-1,-1
330,1,596,1006,50,50,1,-1,-1,-1
330,2,504,1141,50,50,1,-1,-1,-1
330,3,407,676,50,50,1,-1,-1,-1
331,1,606,1016,50,50,1,-1,-1,-1
331,2,501,1068,50,50,1,-1,-1,-1
331,3,402,687,50,50,1,-1,-1,-1
332,1,612,1024,50,50,1,-1,-1,-1
332,2,495,990,50,50,1,-1,-1,-1
332,3,397,704,50,50,1,-1,-1,-1
333,1,618,1032,50,50,1,-1,-1,-1
333,2,483,923,50,50,1,-1,-1,-1
333,3,393,726,50,50,1,-1,-1,-1
334,1,622,1037,50,50,1,-1,-1,-1
334,2,476,858,50,50,1,-1,-1,-1
334,3,389,754,50,50,1,-1,-1,-1
335,1,626,1042,50,50,1,-1,-1,-1
335,2,468,796,50,50,1,-1,-1,-1
335,3,385,785,50,50,1,-1,-1,-1
336,1,630,1047,50,50,1,-1,-1,-1
336,2,461,740,50,50,1,-1,-1,-1
336,3,382,823,50,50,1,-1,-1,-1
337,1,635,1052,50,50,1,-1,-1,-1
337,2,454,691,50,50,1,-1,-1,-1
337,3,378,868,50,50,1,-1,-1,-1
338,1,640,1058,50,50,1,-1,-1,-1
338,2,447,647,50,50,1,-1,-1,-1
338,3,377,916,50,50,1,-1,-1,-1
339,1,646,1063,50,50,1,-1,-1,-1
339,2,441,609,50,50,1,-1,-1,-1
339,3,375,950,50,50,1,-1,-1,-1
340,1,650,1068,50,50,1,-1,-1,-1
340,2,434,577,50,50,1,-1,-1,-1
340,3,379,985,50,50,1,-1,-1,-1
341,1,652,1073,50,50,1,-1,-1,-1
341,2,429,551,50,50,1,-1,-1,-1
341,3,389,1020,50,50,1,-1,-1,-1
342,1,657,1079,50,50,1,-1,-1,-1
342,2,423,531,50,50,1,-1,-1,-1
342,3,400,1057,50,50,1,-1,-1,-1
343,1,659,1082,50,50,1,-1,-1,-1
343,2,418,517,50,50,1,-1,-1,-1
343,3,405,1092,50,50,1,-1,-1,-1
344,1,660,1086,50,50,1,-1,-1,-1
344,2,414,508,50,50,1,-1,-1,-1
344,3,441,1142,50,50,1,-1,-1,-1
345,1,661,1090,50,50,1,-1,-1,-1
345,2,409,505,50,50,1,-1,-1,-1
345,3,457,1171,50,50,1,-1,-1,-1
346,1,657,1095,50,50,1,-1,-1,-1
346,2,405,508,50,50,1,-1,-1,-1
346,3,474,1182,50,50,1,-1,-1,-1
347,1,656,1098,50,50,1,-1,-1,-1
347,2,401,516,50,50,1,-1,-1,-1
347,3,484,1174,50,50,1,-1,-1,-1
348,1,656,1100,50,50,1,-1,-1,-1
348,2,398,531,50,50,1,-1,-1,-1
348,3,494,1151,50,50,1,-1,-1,-1
349,1,655,1102,50,50,1,-1,-1,-1
349,2,395,551,50,50,1,-1,-1,-1
349,3,504,1087,50,50,1,-1,-1,-1
350,1,653,1104,50,50,1,-1,-1,-1
350,2,392,577,50,50,1,-1,-1,-1
350,3,497,1029,50,50,1,-1,-1,-1
351,1,652,1108,50,50,1,-1,-1,-1
351,2,389,609,50,50,1,-1,-1,-1
351,3,506,972,50,50,1,-1,-1,-1
352,1,648,1112,50,50,1,-1,-1,-1
352,2,387,646,50,50,1,-1,-1,-1
352,3,505,918,50,50,1,-1,-1,-1
353,1,639,1120,50,50,1,-1,-1,-1
353,2,384,690,50,50,1,-1,-1,-1
353,3,507,877,50,50,1,-1,-1,-1
354,1,635,1127,50,50,1,-1,-1,-1
354,2,383,739,50,50,1,-1,-1,-1
354,3,509,832,50,50,1,-1,-1,-1
355,1,631,1135,50,50,1,-1,-1,-1
355,2,381,793,50,50,1,-1,-1,-1
355,3,513,797,50,50,1,-1,-1,-1
356,1,625,1145,50,50,1,-1,-1,-1
356,2,380,858,50,50,1,-1,-1,-1
356,3,524,759,50,50,1,-1,-1,-1
357,1,618,1157,50,50,1,-1,-1,-1
357,2,376,903,50,50,1,-1,-1,-1
357,3,532,721,50,50,1,-1,-1,-1
358,1,614,1169,50,50,1,-1,-1,-1
358,2,369,930,50,50,1,-1,-1,-1
358,3,538,705,50,50,1,-1,-1,-1
359,1,607,1181,50,50,1,-1,-1,-1
359,2,367,948,50,50,1,-1,-1,-1
359,3,545,690,50,50,1,-1,-1,-1
360,1,600,1187,50,50,1,-1,-1,-1
360,2,372,964,50,50,1,-1,-1,-1
360,3,552,679,50,50,1,-1,-1,-1
361,1,589,1187,50,50,1,-1,-1,-1
361,2,377,981,50,50,1,-1,-1,-1
361,3,559,674,50,50,1,-1,-1,-1
362,1,579,1180,50,50,1,-1,-1,-1
362,2,387,998,50,50,1,-1,-1,-1
362,3,566,674,50,50,1,-1,-1,-1
363,1,564,1152,50,50,1,-1,-1,-1
363,2,395,1016,50,50,1,-1,-1,-1
363,3,574,680,50,50,1,-1,-1,-1
364,1,550,1099,50,50,1,-1,-1,-1
364,2,408,1032,50,50,1,-1,-1,-1
364,3,583,692,50,50,1,-1,-1,-1
365,1,550,1028,50,50,1,-1,-1,-1
365,2,417,1045,50,50,1,-1,-1,-1
365,3,591,710,50,50,1,-1,-1,-1
366,1,550,956,50,50,1,-1,-1,-1
366,2,421,1057,50,50,1,-1,-1,-1
366,3,600,733,50,50,1,-1,-1,-1
367,1,550,895,50,50,1,-1,-1,-1
367,2,426,1074,50,50,1,-1,-1,-1
367,3,609,762,50,50,1,-1,-1,-1
368,1,551,824,50,50,1,-1,-1,-1
368,2,425,1081,50,50,1,-1,-1,-1
368,3,619,796,50,50,1,-1,-1,-1
369,1,555,760,50,50,1,-1,-1,-1
369,2,425,1084,50,50,1,-1,-1,-1
369,3,629,837,50,50,1,-1,-1,-1
370,1,550,705,50,50,1,-1,-1,-1
370,2,424,1088,50,50,1,-1,-1,-1
370,3,639,879,50,50,1,-1,-1,-1
371,1,550,662,50,50,1,-1,-1,-1
371,2,423,1090,50,50,1,-1,-1,-1
371,3,651,916,50,50,1,-1,-1,-1
372,1,551,620,50,50,1,-1,-1,-1
372,2,421,1091,50,50,1,-1,-1,-1
372,3,662,941,50,50,1,-1,-1,-1
373,1,552,585,50,50,1,-1,-1,-1
373,2,420,1093,50,50,1,-1,-1,-1
373,3,669,973,50,50,1,-1,-1,-1
374,1,554,554,50,50,1,-1,-1,-1
374,2,418,1095,50,50,1,-1,-1,-1
374,3,673,1010,50,50,1,-1,-1,-1
375,1,556,529,50,50,1,-1,-1,-1
375,2,416,1098,50,50,1,-1,-1,-1
375,3,661,1047,50,50,1,-1,-1,-1
376,1,558,511,50,50,1,-1,-1,-1
376,2,415,1100,50,50,1,-1,-1,-1
376,3,656,1078,50,50,1,-1,-1,-1
377,1,560,498,50,50,1,-1,-1,-1
377,2,414,1101,50,50,1,-1,-1,-1
377,3,609,1145,50,50,1,-1,-1,-1
378,1,563,491,50,50,1,-1,-1,-1
378,2,414,1102,50,50,1,-1,-1,-1
378,3,620,1166,50,50,1,-1,-1,-1
379,1,566,489,50,50,1,-1,-1,-1
379,2,413,1103,50,50,1,-1,-1,-1
379,3,608,1183,50,50,1,-1,-1,-1
380,1,569,492,50,50,1,-1,-1,-1
380,2,414,1104,50,50,1,-1,-1,-1
380,3,598,1180,50,50,1,-1,-1,-1
381,1,573,501,50,50,1,-1,-1,-1
381,2,415,1105,50,50,1,-1,-1,-1
381,3,585,1163,50,50,1,-1,-1,-1
382,1,577,515,50,50,1,-1,-1,-1
382,2,418,1106,50,50,1,-1,-1,-1
382,3,578,1132,50,50,1,-1,-1,-1
383,1,581,535,50,50,1,-1,-1,-1
383,2,420,1109,50,50,1,-1,-1,-1
383,3,556,1076,50,50,1,-1,-1,-1
384,1,585,561,50,50,1,-1,-1,-1
384,2,423,1114,50,50,1,-1,-1,-1
384,3,551,1021,50,50,1,-1,-1,-1
385,1,590,590,50,50,1,-1,-1,-1
385,2,428,1120,50,50,1,-1,-1,-1
385,3,540,970,50,50,1,-1,-1,-1
386,1,595,629,50,50,1,-1,-1,-1
386,2,434,1128,50,50,1,-1,-1,-1
386,3,535,924,50,50,1,-1,-1,-1
387,1,601,671,50,50,1,-1,-1,-1
387,2,439,1137,50,50,1,-1,-1,-1
387,3,525,885,50,50,1,-1,-1,-1
388,1,607,719,50,50,1,-1,-1,-1
388,2,446,1149,50,50,1,-1,-1,-1
388,3,512,845,50,50,1,-1,-1,-1
389,1,613,772,50,50,1,-1,-1,-1
389,2,454,1161,50,50,1,-1,-1,-1
389,3,504,816,50,50,1,-1,-1,-1
390,1,619,830,50,50,1,-1,-1,-1
390,2,464,1174,50,50,1,-1,-1,-1
390,3,497,790,50,50,1,-1,-1,-1
391,1,626,891,50,50,1,-1,-1,-1
391,2,477,1184,50,50,1,-1,-1,-1
391,3,491,769,50,50,1,-1,-1,-1
392,1,657,923,50,50,1,-1,-1,-1
392,2,491,1191,50,50,1,-1,-1,-1
392,3,485,757,50,50,1,-1,-1,-1
393,1,634,942,50,50,1,-1,-1,-1
393,2,504,1191,50,50,1,-1,-1,-1
393,3,479,749,50,50,1,-1,-1,-1
394,1,636,959,50,50,1,-1,-1,-1
394,2,517,1182,50,50,1,-1,-1,-1
394,3,473,747,50,50,1,-1,-1,-1
395,1,636,972,50,50,1,-1,-1,-1
395,2,531,1160,50,50,1,-1,-1,-1
395,3,467,751,50,50,1,-1,-1,-1
396,1,635,983,50,50,1,-1,-1,-1
396,2,541,1118,50,50,1,-1,-1,-1
396,3,461,760,50,50,1,-1,-1,-1
397,1,634,993,50,50,1,-1,-1,-1
397,2,532,1043,50,50,1,-1,-1,-1
397,3,455,775,50,50,1,-1,-1,-1
398,1,634,1001,50,50,1,-1,-1,-1
398,2,526,977,50,50,1,-1,-1,-1
398,3,450,795,50,50,1,-1,-1,-1
399,1,632,1007,50,50,1,-1,-1,-1
399,2,514,911,50,50,1,-1,-1,-1
399,3,445,822,50,50,1,-1,-1,-1
400,1,632,1014,50,50,1,-1,-1,-1
400,2,503,852,50,50,1,-1,-1,-1
400,3,445,940,50,50,1,-1,-1,-1
401,1,630,1018,50,50,1,-1,-1,-1
401,2,494,793,50,50,1,-1,-1,-1
401,3,436,891,50,50,1,-1,-1,-1
402,1,632,1024,50,50,1,-1,-1,-1
402,2,488,741,50,50,1,-1,-1,-1
402,3,433,929,50,50,1,-1,-1,-1
403,1,635,1031,50,50,1,-1,-1,-1
403,2,481,695,50,50,1,-1,-1,-1
403,3,429,966,50,50,1,-1,-1,-1
404,1,642,1037,50,50,1,-1,-1,-1
404,2,473,656,50,50,1,-1,-1,-1
404,3,418,996,50,50,1,-1,-1,-1
405,1,642,1043,50,50,1,-1,-1,-1
405,2,466,622,50,50,1,-1,-1,-1
405,3,414,1029,50,50,1,-1,-1,-1
406,1,646,1048,50,50,1,-1,-1,-1
406,2,459,593,50,50,1,-1,-1,-1
406,3,420,1059,50,50,1,-1,-1,-1
407,1,648,1054,50,50,1,-1,-1,-1
407,2,453,571,50,50,1,-1,-1,-1
407,3,433,1103,50,50,1,-1,-1,-1
408,1,648,1060,50,50,1,-1,-1,-1
408,2,447,554,50,50,1,-1,-1,-1
408,3,437,1142,50,50,1,-1,-1,-1
409,1,642,1071,50,50,1,-1,-1,-1
409,2,441,543,50,50,1,-1,-1,-1
409,3,441,1168,50,50,1,-1,-1,-1
410,1,655,1077,50,50,1,-1,-1,-1
410,2,436,538,50,50,1,-1,-1,-1
410,3,453,1184,50,50,1,-1,-1,-1
411,1,655,1081,50,50,1,-1,-1,-1
411,2,430,539,50,50,1,-1,-1,-1
411,3,467,1186,50,50,1,-1,-1,-1
412,1,654,1086,50,50,1,-1,-1,-1
412,2,426,544,50,50,1,-1,-1,-1
412,3,479,1175,50,50,1,-1,-1,-1
413,1,653,1089,50,50,1,-1,-1,-1
413,2,421,555,50,50,1,-1,-1,-1
413,3,492,1150,50,50,1,-1,-1,-1
414,1,653,1091,50,50,1,-1,-1,-1
414,2,417,572,50,50,1,-1,-1,-1
414,3,493,1107,50,50,1,-1,-1,-1
415,1,646,1098,50,50,1,-1,-1,-1
415,2,413,595,50,50,1,-1,-1,-1
415,3,502,1021,50,50,1,-1,-1,-1
416,1,643,1103,50,50,1,-1,-1,-1
416,2,409,624,50,50,1,-1,-1,-1
416,3,505,964,50,50,1,-1,-1,-1
417,1,641,1109,50,50,1,-1,-1,-1
417,2,406,658,50,50,1,-1,-1,-1
417,3,509,917,50,50,1,-1,-1,-1
418,1,637,1118,50,50,1,-1,-1,-1
418,2,403,697,50,50,1,-1,-1,-1
418,3,513,877,50,50,1,-1,-1,-1
419,1,630,1128,50,50,1,-1,-1,-1
419,2,400,743,50,50,1,-1,-1,-1
419,3,515,832,50,50,1,-1,-1,-1
420,1,628,1140,50,50,1,-1,-1,-1
420,2,397,794,50,50,1,-1,-1,-1
420,3,525,796,50,50,1,-1,-1,-1
421,1,621,1156,50,50,1,-1,-1,-1
421,2,395,849,50,50,1,-1,-1,-1
421,3,531,764,50,50,1,-1,-1,-1
422,1,618,1171,50,50,1,-1,-1,-1
422,2,394,904,50,50,1,-1,-1,-1
422,3,540,735,50,50,1,-1,-1,-1
423,1,614,1187,50,50,1,-1,-1,-1
423,2,387,940,50,50,1,-1,-1,-1
423,3,545,718,50,50,1,-1,-1,-1
424,1,611,1200,50,50,1,-1,-1,-1
424,2,386,964,50,50,1,-1,-1,-1
424,3,551,707,50,50,1,-1,-1,-1
425,1,608,1210,50,50,1,-1,-1,-1
425,2,391,983,50,50,1,-1,-1,-1
425,3,558,701,50,50,1,-1,-1,-1
426,1,600,1211,50,50,1,-1,-1,-1
426,2,399,1000,50,50,1,-1,-1,-1
426,3,566,699,50,50,1,-1,-1,-1
427,1,589,1204,50,50,1,-1,-1,-1
427,2,411,1013,50,50,1,-1,-1,-1
427,3,573,703,50,50,1,-1,-1,-1
428,1,574,1178,50,50,1,-1,-1,-1
428,2,420,1023,50,50,1,-1,-1,-1
428,3,581,712,50,50,1,-1,-1,-1
429,1,556,1126,50,50,1,-1,-1,-1
429,2,432,1031,50,50,1,-1,-1,-1
429,3,590,727,50,50,1,-1,-1,-1
430,1,554,1053,50,50,1,-1,-1,-1
430,2,439,1039,50,50,1,-1,-1,-1
430,3,598,748,50,50,1,-1,-1,-1
431,1,550,974,50,50,1,-1,-1,-1
431,2,441,1045,50,50,1,-1,-1,-1
431,3,607,775,50,50,1,-1,-1,-1
432,1,551,909,50,50,1,-1,-1,-1
432,2,445,1048,50,50,1,-1,-1,-1
432,3,617,807,50,50,1,-1,-1,-1
433,1,553,837,50,50,1,-1,-1,-1
433,2,446,1050,50,50,1,-1,-1,-1
433,3,626,845,50,50,1,-1,-1,-1
434,1,545,786,50,50,1,-1,-1,-1
434,2,440,1055,50,50,1,-1,-1,-1
434,3,636,888,50,50,1,-1,-1,-1
435,1,545,713,50,50,1,-1,-1,-1
435,2,441,1055,50,50,1,-1,-1,-1
435,3,643,923,50,50,1,-1,-1,-1
436,1,544,672,50,50,1,-1,-1,-1
436,2,440,1055,50,50,1,-1,-1,-1
436,3,658,953,50,50,1,-1,-1,-1
437,1,543,627,50,50,1,-1,-1,-1
437,2,438,1058,50,50,1,-1,-1,-1
437,3,670,982,50,50,1,-1,-1,-1
438,1,543,588,50,50,1,-1,-1,-1
438,2,436,1059,50,50,1,-1,-1,-1
438,3,670,1013,50,50,1,-1,-1,-1
439,1,542,555,50,50,1,-1,-1,-1
439,2,434,1061,50,50,1,-1,-1,-1
439,3,663,1046,50,50,1,-1,-1,-1
440,1,542,527,50,50,1,-1,-1,-1
440,2,433,1063,50,50,1,-1,-1,-1
440,3,660,1082,50,50,1,-1,-1,-1
441,1,543,506,50,50,1,-1,-1,-1
441,2,431,1067,50,50,1,-1,-1,-1
441,3,647,1137,50,50,1,-1,-1,-1
442,1,543,490,50,50,1,-1,-1,-1
442,2,430,1068,50,50,1,-1,-1,-1
442,3,629,1173,50,50,1,-1,-1,-1
443,1,545,480,50,50,1,-1,-1,-1
443,2,429,1069,50,50,1,-1,-1,-1
443,3,617,1193,50,50,1,-1,-1,-1
444,1,546,476,50,50,1,-1,-1,-1
444,2,427,1069,50,50,1,-1,-1,-1
444,3,604,1198,50,50,1,-1,-1,-1
445,1,548,477,50,50,1,-1,-1,-1
445,2,427,1069,50,50,1,-1,-1,-1
445,3,584,1190,50,50,1,-1,-1,-1
446,1,550,484,50,50,1,-1,-1,-1
446,2,428,1069,50,50,1,-1,-1,-1
446,3,566,1165,50,50,1,-1,-1,-1
447,1,552,497,50,50,1,-1,-1,-1
447,2,429,1069,50,50,1,-1,-1,-1
447,3,542,1125,50,50,1,-1,-1,-1
448,1,554,516,50,50,1,-1,-1,-1
448,2,428,1068,50,50,1,-1,-1,-1
448,3,530,1057,50,50,1,-1,-1,-1
449,1,558,541,50,50,1,-1,-1,-1
449,2,429,1070,50,50,1,-1,-1,-1
449,3,519,998,50,50,1,-1,-1,-1
450,1,561,571,50,50,1,-1,-1,-1
450,2,429,1071,50,50,1,-1,-1,-1
450,3,510,937,50,50,1,-1,-1,-1
451,1,564,608,50,50,1,-1,-1,-1
451,2,430,1074,50,50,1,-1,-1,-1
451,3,506,886,50,50,1,-1,-1,-1
452,1,569,651,50,50,1,-1,-1,-1
452,2,434,1080,50,50,1,-1,-1,-1
452,3,495,835,50,50,1,-1,-1,-1
453,1,573,701,50,50,1,-1,-1,-1
453,2,437,1090,50,50,1,-1,-1,-1
453,3,488,791,50,50,1,-1,-1,-1
454,1,581,753,50,50,1,-1,-1,-1
454,2,442,1104,50,50,1,-1,-1,-1
454,3,482,750,50,50,1,-1,-1,-1
455,1,587,818,50,50,1,-1,-1,-1
455,2,446,1126,50,50,1,-1,-1,-1
455,3,477,718,50,50,1,-1,-1,-1
456,1,590,873,50,50,1,-1,-1,-1
456,2,452,1149,50,50,1,-1,-1,-1
456,3,470,692,50,50,1,-1,-1,-1
457,1,601,901,50,50,1,-1,-1,-1
457,2,462,1169,50,50,1,-1,-1,-1
457,3,465,671,50,50,1,-1,-1,-1
458,1,602,915,50,50,1,-1,-1,-1
458,2,473,1182,50,50,1,-1,-1,-1
458,3,459,656,50,50,1,-1,-1,-1
459,1,607,935,50,50,1,-1,-1,-1
459,2,488,1185,50,50,1,-1,-1,-1
459,3,454,647,50,50,1,-1,-1,-1
460,1,608,957,50,50,1,-1,-1,-1
460,2,502,1180,50,50,1,-1,-1,-1
460,3,449,644,50,50,1,-1,-1,-1
461,1,612,983,50,50,1,-1,-1,-1
461,2,518,1158,50,50,1,-1,-1,-1
461,3,444,646,50,50,1,-1,-1,-1
462,1,618,1010,50,50,1,-1,-1,-1
462,2,530,1116,50,50,1,-1,-1,-1
462,3,440,654,50,50,1,-1,-1,-1
463,1,626,1035,50,50,1,-1,-1,-1
463,2,526,1045,50,50,1,-1,-1,-1
463,3,436,667,50,50,1,-1,-1,-1
464,1,630,1059,50,50,1,-1,-1,-1
464,2,520,973,50,50,1,-1,-1,-1
464,3,433,686,50,50,1,-1,-1,-1
465,1,626,1081,50,50,1,-1,-1,-1
465,2,507,901,50,50,1,-1,-1,-1
465,3,429,711,50,50,1,-1,-1,-1
466,1,652,1103,50,50,1,-1,-1,-1
466,2,498,840,50,50,1,-1,-1,-1
466,3,426,741,50,50,1,-1,-1,-1
467,1,657,1114,50,50,1,-1,-1,-1
467,2,489,775,50,50,1,-1,-1,-1
467,3,424,776,50,50,1,-1,-1,-1
468,1,660,1121,50,50,1,-1,-1,-1
468,2,486,720,50,50,1,-1,-1,-1
468,3,421,817,50,50,1,-1,-1,-1
469,1,664,1127,50,50,1,-1,-1,-1
469,2,479,669,50,50,1,-1,-1,-1
469,3,419,861,50,50,1,-1,-1,-1
470,1,668,1131,50,50,1,-1,-1,-1
470,2,473,625,50,50,1,-1,-1,-1
470,3,419,908,50,50,1,-1,-1,-1
471,1,670,1135,50,50,1,-1,-1,-1
471,2,466,586,50,50,1,-1,-1,-1
471,3,417,939,50,50,1,-1,-1,-1
472,1,674,1138,50,50,1,-1,-1,-1
472,2,460,554,50,50,1,-1,-1,-1
472,3,418,974,50,50,1,-1,-1,-1
473,1,677,1140,50,50,1,-1,-1,-1
473,2,455,527,50,50,1,-1,-1,-1
473,3,424,1005,50,50,1,-1,-1,-1
474,1,679,1141,50,50,1,-1,-1,-1
474,2,450,506,50,50,1,-1,-1,-1
474,3,430,1040,50,50,1,-1,-1,-1
475,1,680,1142,50,50,1,-1,-1,-1
475,2,445,491,50,50,1,-1,-1,-1
475,3,436,1077,50,50,1,-1,-1,-1
476,1,680,1141,50,50,1,-1,-1,-1
476,2,440,481,50,50,1,-1,-1,-1
476,3,464,1138,50,50,1,-1,-1,-1
477,1,679,1139,50,50,1,-1,-1,-1
477,2,436,478,50,50,1,-1,-1,-1
477,3,473,1165,50,50,1,-1,-1,-1
478,1,680,1136,50,50,1,-1,-1,-1
478,2,432,480,50,50,1,-1,-1,-1
478,3,488,1175,50,50,1,-1,-1,-1
479,1,678,1133,50,50,1,-1,-1,-1
479,2,428,487,50,50,1,-1,-1,-1
479,3,501,1169,50,50,1,-1,-1,-1
480,1,676,1130,50,50,1,-1,-1,-1
480,2,425,501,50,50,1,-1,-1,-1
480,3,513,1146,50,50,1,-1,-1,-1
481,1,673,1128,50,50,1,-1,-1,-1
481,2,422,520,50,50,1,-1,-1,-1
481,3,522,1108,50,50,1,-1,-1,-1
482,1,669,1127,50,50,1,-1,-1,-1
482,2,419,545,50,50,1,-1,-1,-1
482,3,515,1042,50,50,1,-1,-1,-1
483,1,666,1128,50,50,1,-1,-1,-1
483,2,417,575,50,50,1,-1,-1,-1
483,3,518,982,50,50,1,-1,-1,-1
484,1,661,1131,50,50,1,-1,-1,-1
484,2,414,611,50,50,1,-1,-1,-1
484,3,517,930,50,50,1,-1,-1,-1
485,1,654,1136,50,50,1,-1,-1,-1
485,2,413,654,50,50,1,-1,-1,-1
485,3,521,884,50,50,1,-1,-1,-1
486,1,648,1143,50,50,1,-1,-1,-1
486,2,411,702,50,50,1,-1,-1,-1
486,3,520,832,50,50,1,-1,-1,-1
487,1,640,1151,50,50,1,-1,-1,-1
487,2,410,754,50,50,1,-1,-1,-1
487,3,531,791,50,50,1,-1,-1,-1
488,1,632,1163,50,50,1,-1,-1,-1
488,2,408,813,50,50,1,-1,-1,-1
488,3,537,754,50,50,1,-1,-1,-1
489,1,627,1176,50,50,1,-1,-1,-1
489,2,408,878,50,50,1,-1,-1,-1
489,3,542,714,50,50,1,-1,-1,-1
490,1,622,1191,50,50,1,-1,-1,-1
490,2,409,936,50,50,1,-1,-1,-1
490,3,546,694,50,50,1,-1,-1,-1
491,1,618,1202,50,50,1,-1,-1,-1
491,2,403,967,50,50,1,-1,-1,-1
491,3,552,674,50,50,1,-1,-1,-1
492,1,614,1212,50,50,1,-1,-1,-1
492,2,401,989,50,50,1,-1,-1,-1
492,3,558,660,50,50,1,-1,-1,-1
493,1,607,1214,50,50,1,-1,-1,-1
493,2,406,1004,50,50,1,-1,-1,-1
493,3,564,652,50,50,1,-1,-1,-1
494,1,594,1205,50,50,1,-1,-1,-1
494,2,412,1015,50,50,1,-1,-1,-1
494,3,571,650,50,50,1,-1,-1,-1
495,1,575,1180,50,50,1,-1,-1,-1
495,2,421,1026,50,50,1,-1,-1,-1
495,3,577,652,50,50,1,-1,-1,-1
496,1,559,1135,50,50,1,-1,-1,-1
496,2,431,1035,50,50,1,-1,-1,-1
496,3,584,661,50,50,1,-1,-1,-1
497,1,554,1061,50,50,1,-1,-1,-1
497,2,440,1043,50,50,1,-1,-1,-1
497,3,592,675,50,50,1,-1,-1,-1
498,1,554,980,50,50,1,-1,-1,-1
498,2,442,1050,50,50,1,-1,-1,-1
498,3,600,695,50,50,1,-1,-1,-1
499,1,555,915,50,50,1,-1,-1,-1
499,2,443,1055,50,50,1,-1,-1,-1
499,3,608,721,50,50,1,-1,-1,-1
500,1,557,872,50,50,1,-1,-1,-1
500,2,443,1060,50,50,1,-1,-1,-1
500,3,616,752,50,50,1,-1,-1,-1
501,1,556,783,50,50,1,-1,-1,-1
501,2,441,1063,50,50,1,-1,-1,-1
501,3,625,789,50,50,1,-1,-1,-1
502,1,558,710,50,50,1,-1,-1,-1
502,2,438,1069,50,50,1,-1,-1,-1
502,3,634,832,50,50,1,-1,-1,-1
503,1,559,666,50,50,1,-1,-1,-1
503,2,436,1073,50,50,1,-1,-1,-1
503,3,643,878,50,50,1,-1,-1,-1
504,1,561,618,50,50,1,-1,-1,-1
504,2,433,1075,50,50,1,-1,-1,-1
504,3,653,919,50,50,1,-1,-1,-1
505,1,562,577,50,50,1,-1,-1,-1
505,2,430,1077,50,50,1,-1,-1,-1
505,3,660,942,50,50,1,-1,-1,-1
506,1,565,541,50,50,1,-1,-1,-1
506,2,428,1079,50,50,1,-1,-1,-1
506,3,666,973,50,50,1,-1,-1,-1
507,1,567,512,50,50,1,-1,-1,-1
507,2,426,1080,50,50,1,-1,-1,-1
507,3,661,1009,50,50,1,-1,-1,-1
508,1,570,488,50,50,1,-1,-1,-1
508,2,424,1083,50,50,1,-1,-1,-1
508,3,658,1047,50,50,1,-1,-1,-1
509,1,573,470,50,50,1,-1,-1,-1
509,2,423,1085,50,50,1,-1,-1,-1
509,3,657,1084,50,50,1,-1,-1,-1
510,1,577,458,50,50,1,-1,-1,-1
510,2,423,1087,50,50,1,-1,-1,-1
510,3,649,1139,50,50,1,-1,-1,-1
511,1,581,452,50,50,1,-1,-1,-1
511,2,425,1087,50,50,1,-1,-1,-1
511,3,638,1169,50,50,1,-1,-1,-1
512,1,585,451,50,50,1,-1,-1,-1
512,2,427,1087,50,50,1,-1,-1,-1
512,3,629,1184,50,50,1,-1,-1,-1
513,1,589,455,50,50,1,-1,-1,-1
513,2,430,1089,50,50,1,-1,-1,-1
513,3,621,1185,50,50,1,-1,-1,-1
514,1,594,466,50,50,1,-1,-1,-1
514,2,433,1091,50,50,1,-1,-1,-1
514,3,607,1169,50,50,1,-1,-1,-1
515,1,599,482,50,50,1,-1,-1,-1
515,2,436,1093,50,50,1,-1,-1,-1
515,3,601,1136,50,50,1,-1,-1,-1
516,1,605,505,50,50,1,-1,-1,-1
516,2,439,1095,50,50,1,-1,-1,-1
516,3,570,1071,50,50,1,-1,-1,-1
517,1,611,533,50,50,1,-1,-1,-1
517,2,443,1099,50,50,1,-1,-1,-1
517,3,567,1017,50,50,1,-1,-1,-1
518,1,617,567,50,50,1,-1,-1,-1
518,2,446,1107,50,50,1,-1,-1,-1
518,3,554,957,50,50,1,-1,-1,-1
519,1,623,608,50,50,1,-1,-1,-1
519,2,447,1115,50,50,1,-1,-1,-1
519,3,545,907,50,50,1,-1,-1,-1
520,1,630,653,50,50,1,-1,-1,-1
520,2,450,1127,50,50,1,-1,-1,-1
520,3,533,867,50,50,1,-1,-1,-1
521,1,638,705,50,50,1,-1,-1,-1
521,2,454,1142,50,50,1,-1,-1,-1
521,3,519,818,50,50,1,-1,-1,-1
522,1,645,763,50,50,1,-1,-1,-1
522,2,460,1160,50,50,1,-1,-1,-1
522,3,508,776,50,50,1,-1,-1,-1
523,1,653,827,50,50,1,-1,-1,-1
523,2,467,1181,50,50,1,-1,-1,-1
523,3,501,744,50,50,1,-1,-1,-1
524,1,661,895,50,50,1,-1,-1,-1
524,2,474,1196,50,50,1,-1,-1,-1
524,3,493,721,50,50,1,-1,-1,-1
525,1,656,948,50,50,1,-1,-1,-1
525,2,485,1207,50,50,1,-1,-1,-1
525,3,483,702,50,50,1,-1,-1,-1
526,1,646,972,50,50,1,-1,-1,-1
526,2,499,1207,50,50,1,-1,-1,-1
526,3,474,689,50,50,1,-1,-1,-1
527,1,641,985,50,50,1,-1,-1,-1
527,2,512,1199,50,50,1,-1,-1,-1
527,3,466,682,50,50,1,-1,-1,-1
528,1,635,994,50,50,1,-1,-1,-1
528,2,527,1173,50,50,1,-1,-1,-1
528,3,458,680,50,50,1,-1,-1,-1
529,1,634,1001,50,50,1,-1,-1,-1
529,2,538,1117,50,50,1,-1,-1,-1
529,3,450,684,50,50,1,-1,-1,-1
530,1,642,1003,50,50,1,-1,-1,-1
530,2,532,1052,50,50,1,-1,-1,-1
530,3,442,694,50,50,1,-1,-1,-1
531,1,640,1021,50,50,1,-1,-1,-1
531,2,527,966,50,50,1,-1,-1,-1
531,3,435,710,50,50,1,-1,-1,-1
532,1,638,1041,50,50,1,-1,-1,-1
532,2,518,899,50,50,1,-1,-1,-1
532,3,428,731,50,50,1,-1,-1,-1
533,1,630,1060,50,50,1,-1,-1,-1
533,2,508,830,50,50,1,-1,-1,-1
533,3,422,758,50,50,1,-1,-1,-1
534,1,625,1079,50,50,1,-1,-1,-1
534,2,501,762,50,50,1,-1,-1,-1
534,3,415,790,50,50,1,-1,-1,-1
535,1,623,1095,50,50,1,-1,-1,-1
535,2,500,707,50,50,1,-1,-1,-1
535,3,409,829,50,50,1,-1,-1,-1
536,1,627,1110,50,50,1,-1,-1,-1
536,2,494,654,50,50,1,-1,-1,-1
536,3,403,869,50,50,1,-1,-1,-1
537,1,622,1123,50,50,1,-1,-1,-1
537,2,489,608,50,50,1,-1,-1,-1
537,3,399,911,50,50,1,-1,-1,-1
538,1,637,1135,50,50,1,-1,-1,-1
538,2,484,568,50,50,1,-1,-1,-1
538,3,387,945,50,50,1,-1,-1,-1
539,1,643,1142,50,50,1,-1,-1,-1
539,2,479,533,50,50,1,-1,-1,-1
539,3,383,974,50,50,1,-1,-1,-1
540,1,648,1147,50,50,1,-1,-1,-1
540,2,475,505,50,50,1,-1,-1,-1
540,3,385,1005,50,50,1,-1,-1,-1
541,1,655,1148,50,50,1,-1,-1,-1
541,2,471,481,50,50,1,-1,-1,-1
541,3,395,1039,50,50,1,-1,-1,-1
542,1,658,1148,50,50,1,-1,-1,-1
542,2,467,466,50,50,1,-1,-1,-1
542,3,408,1074,50,50,1,-1,-1,-1
543,1,660,1146,50,50,1,-1,-1,-1
543,2,464,455,50,50,1,-1,-1,-1
543,3,432,1132,50,50,1,-1,-1,-1
544,1,661,1143,50,50,1,-1,-1,-1
544,2,461,450,50,50,1,-1,-1,-1
544,3,445,1166,50,50,1,-1,-1,-1
545,1,661,1140,50,50,1,-1,-1,-1
545,2,459,450,50,50,1,-1,-1,-1
545,3,468,1183,50,50,1,-1,-1,-1
546,1,662,1136,50,50,1,-1,-1,-1
546,2,456,456,50,50,1,-1,-1,-1
546,3,485,1188,50,50,1,-1,-1,-1
547,1,662,1133,50,50,1,-1,-1,-1
547,2,454,467,50,50,1,-1,-1,-1
547,3,503,1175,50,50,1,-1,-1,-1
548,1,663,1129,50,50,1,-1,-1,-1
548,2,453,485,50,50,1,-1,-1,-1
548,3,516,1150,50,50,1,-1,-1,-1
549,1,662,1127,50,50,1,-1,-1,-1
549,2,451,508,50,50,1,-1,-1,-1
549,3,527,1110,50,50,1,-1,-1,-1
550,1,660,1127,50,50,1,-1,-1,-1
550,2,450,537,50,50,1,-1,-1,-1
550,3,523,1040,50,50,1,-1,-1,-1
551,1,659,1129,50,50,1,-1,-1,-1
551,2,449,572,50,50,1,-1,-1,-1
551,3,527,978,50,50,1,-1,-1,-1
552,1,657,1133,50,50,1,-1,-1,-1
552,2,449,612,50,50,1,-1,-1,-1
552,3,525,926,50,50,1,-1,-1,-1
553,1,654,1139,50,50,1,-1,-1,-1
553,2,449,659,50,50,1,-1,-1,-1
553,3,525,883,50,50,1,-1,-1,-1
554,1,652,1147,50,50,1,-1,-1,-1
554,2,449,711,50,50,1,-1,-1,-1
554,3,523,829,50,50,1,-1,-1,-1
555,1,649,1157,50,50,1,-1,-1,-1
555,2,449,769,50,50,1,-1,-1,-1
555,3,532,790,50,50,1,-1,-1,-1
556,1,645,1169,50,50,1,-1,-1,-1
556,2,450,833,50,50,1,-1,-1,-1
556,3,534,754,50,50,1,-1,-1,-1
557,1,641,1182,50,50,1,-1,-1,-1
557,2,451,897,50,50,1,-1,-1,-1
557,3,537,714,50,50,1,-1,-1,-1
558,1,635,1194,50,50,1,-1,-1,-1
558,2,450,935,50,50,1,-1,-1,-1
558,3,540,695,50,50,1,-1,-1,-1
559,1,630,1205,50,50,1,-1,-1,-1
559,2,455,957,50,50,1,-1,-1,-1
559,3,544,676,50,50,1,-1,-1,-1
560,1,620,1215,50,50,1,-1,-1,-1
560,2,458,973,50,50,1,-1,-1,-1
560,3,548,663,50,50,1,-1,-1,-1
561,1,606,1216,50,50,1,-1,-1,-1
561,2,459,987,50,50,1,-1,-1,-1
561,3,553,656,50,50,1,-1,-1,-1
562,1,586,1207,50,50,1,-1,-1,-1
562,2,459,999,50,50,1,-1,-1,-1
562,3,557,655,50,50,1,-1,-1,-1
563,1,567,1188,50,50,1,-1,-1,-1
563,2,459,1008,50,50,1,-1,-1,-1
563,3,563,659,50,50,1,-1,-1,-1
564,1,547,1147,50,50,1,-1,-1,-1
564,2,461,1015,50,50,1,-1,-1,-1
564,3,568,668,50,50,1,-1,-1,-1
565,1,534,1084,50,50,1,-1,-1,-1
565,2,460,1022,50,50,1,-1,-1,-1
565,3,574,684,50,50,1,-1,-1,-1
566,1,530,1004,50,50,1,-1,-1,-1
566,2,456,1026,50,50,1,-1,-1,-1
566,3,579,705,50,50,1,-1,-1,-1
567,1,528,925,50,50,1,-1,-1,-1
567,2,454,1030,50,50,1,-1,-1,-1
567,3,588,730,50,50,1,-1,-1,-1
568,1,527,873,50,50,1,-1,-1,-1
568,2,452,1033,50,50,1,-1,-1,-1
568,3,596,763,50,50,1,-1,-1,-1
569,1,520,805,50,50,1,-1,-1,-1
569,2,447,1035,50,50,1,-1,-1,-1
569,3,601,805,50,50,1,-1,-1,-1
570,1,526,718,50,50,1,-1,-1,-1
570,2,443,1038,50,50,1,-1,-1,-1
570,3,607,849,50,50,1,-1,-1,-1
571,1,528,675,50,50,1,-1,-1,-1
571,2,439,1040,50,50,1,-1,-1,-1
571,3,614,889,50,50,1,-1,-1,-1
572,1,529,626,50,50,1,-1,-1,-1
572,2,437,1042,50,50,1,-1,-1,-1
572,3,625,927,50,50,1,-1,-1,-1
573,1,529,583,50,50,1,-1,-1,-1
573,2,435,1045,50,50,1,-1,-1,-1
573,3,637,959,50,50,1,-1,-1,-1
574,1,530,546,50,50,1,-1,-1,-1
574,2,433,1048,50,50,1,-1,-1,-1
574,3,639,996,50,50,1,-1,-1,-1
575,1,532,515,50,50,1,-1,-1,-1
575,2,432,1051,50,50,1,-1,-1,-1
575,3,636,1038,50,50,1,-1,-1,-1
576,1,533,490,50,50,1,-1,-1,-1
576,2,431,1054,50,50,1,-1,-1,-1
576,3,633,1082,50,50,1,-1,-1,-1
577,1,535,470,50,50,1,-1,-1,-1
577,2,430,1056,50,50,1,-1,-1,-1
577,3,632,1134,50,50,1,-1,-1,-1
578,1,538,457,50,50,1,-1,-1,-1
578,2,430,1058,50,50,1,-1,-1,-1
578,3,619,1174,50,50,1,-1,-1,-1
579,1,540,449,50,50,1,-1,-1,-1
579,2,430,1059,50,50,1,-1,-1,-1
579,3,613,1193,50,50,1,-1,-1,-1
580,1,543,447,50,50,1,-1,-1,-1
580,2,430,1059,50,50,1,-1,-1,-1
580,3,607,1197,50,50,1,-1,-1,-1
581,1,546,450,50,50,1,-1,-1,-1
581,2,430,1059,50,50,1,-1,-1,-1
581,3,596,1191,50,50,1,-1,-1,-1
582,1,550,459,50,50,1,-1,-1,-1
582,2,430,1061,50,50,1,-1,-1,-1
582,3,585,1172,50,50,1,-1,-1,-1
583,1,553,473,50,50,1,-1,-1,-1
583,2,431,1064,50,50,1,-1,-1,-1
583,3,571,1141,50,50,1,-1,-1,-1
584,1,557,493,50,50,1,-1,-1,-1
584,2,432,1070,50,50,1,-1,-1,-1
584,3,549,1085,50,50,1,-1,-1,-1
585,1,562,519,50,50,1,-1,-1,-1
585,2,436,1081,50,50,1,-1,-1,-1
585,3,538,1023,50,50,1,-1,-1,-1
586,1,566,550,50,50,1,-1,-1,-1
586,2,438,1092,50,50,1,-1,-1,-1
586,3,532,962,50,50,1,-1,-1,-1
587,1,571,587,50,50,1,-1,-1,-1
587,2,442,1104,50,50,1,-1,-1,-1
587,3,522,913,50,50,1,-1,-1,-1
588,1,577,629,50,50,1,-1,-1,-1
588,2,446,1122,50,50,1,-1,-1,-1
588,3,513,872,50,50,1,-1,-1,-1
589,1,583,677,50,50,1,-1,-1,-1
589,2,450,1141,50,50,1,-1,-1,-1
589,3,503,828,50,50,1,-1,-1,-1
590,1,588,726,50,50,1,-1,-1,-1
590,2,452,1162,50,50,1,-1,-1,-1
590,3,495,795,50,50,1,-1,-1,-1
591,1,597,790,50,50,1,-1,-1,-1
591,2,459,1184,50,50,1,-1,-1,-1
591,3,489,766,50,50,1,-1,-1,-1
592,1,602,856,50,50,1,-1,-1,-1
592,2,465,1204,50,50,1,-1,-1,-1
592,3,483,745,50,50,1,-1,-1,-1
593,1,609,902,50,50,1,-1,-1,-1
593,2,473,1214,50,50,1,-1,-1,-1
593,3,475,729,50,50,1,-1,-1,-1
594,1,627,931,50,50,1,-1,-1,-1
594,2,486,1217,50,50,1,-1,-1,-1
594,3,469,718,50,50,1,-1,-1,-1
595,1,633,952,50,50,1,-1,-1,-1
595,2,501,1211,50,50,1,-1,-1,-1
595,3,462,713,50,50,1,-1,-1,-1
596,1,635,972,50,50,1,-1,-1,-1
596,2,519,1193,50,50,1,-1,-1,-1
596,3,456,715,50,50,1,-1,-1,-1
597,1,636,994,50,50,1,-1,-1,-1
597,2,535,1153,50,50,1,-1,-1,-1
597,3,451,721,50,50,1,-1,-1,-1
598,1,642,1018,50,50,1,-1,-1,-1
598,2,534,1085,50,50,1,-1,-1,-1
598,3,445,733,50,50,1,-1,-1,-1
599,1,646,1039,50,50,1,-1,-1,-1
599,2,528,1014,50,50,1,-1,-1,-1
599,3,440,750,50,50,1,-1,-1,-1
600,1,645,1055,50,50,1,-1,-1,-1
600,2,518,945,50,50,1,-1,-1,-1
600,3,436,773,50,50,1,-1,-1,-1
601,1,650,1068,50,50,1,-1,-1,-1
601,2,509,882,50,50,1,-1,-1,-1
601,3,431,802,50,50,1,-1,-1,-1
602,1,652,1074,50,50,1,-1,-1,-1
602,2,500,819,50,50,1,-1,-1,-1
602,3,427,836,50,50,1,-1,-1,-1
603,1,652,1079,50,50,1,-1,-1,-1
603,2,493,761,50,50,1,-1,-1,-1
603,3,423,873,50,50,1,-1,-1,-1
604,1,658,1083,50,50,1,-1,-1,-1
604,2,489,712,50,50,1,-1,-1,-1
604,3,422,913,50,50,1,-1,-1,-1
605,1,662,1086,50,50,1,-1,-1,-1
605,2,482,668,50,50,1,-1,-1,-1
605,3,404,945,50,50,1,-1,-1,-1
606,1,667,1089,50,50,1,-1,-1,-1
606,2,476,629,50,50,1,-1,-1,-1
606,3,428,970,50,50,1,-1,-1,-1
607,1,671,1092,50,50,1,-1,-1,-1
607,2,470,597,50,50,1,-1,-1,-1
607,3,427,995,50,50,1,-1,-1,-1
608,1,674,1094,50,50,1,-1,-1,-1
608,2,465,570,50,50,1,-1,-1,-1
608,3,429,1021,50,50,1,-1,-1,-1
609,1,676,1095,50,50,1,-1,-1,-1
609,2,460,550,50,50,1,-1,-1,-1
609,3,433,1054,50,50,1,-1,-1,-1
610,1,676,1097,50,50,1,-1,-1,-1
610,2,455,535,50,50,1,-1,-1,-1
610,3,439,1086,50,50,1,-1,-1,-1
611,1,675,1098,50,50,1,-1,-1,-1
611,2,451,525,50,50,1,-1,-1,-1
611,3,465,1129,50,50,1,-1,-1,-1
612,1,675,1098,50,50,1,-1,-1,-1
612,2,447,522,50,50,1,-1,-1,-1
612,3,475,1160,50,50,1,-1,-1,-1
613,1,673,1098,50,50,1,-1,-1,-1
613,2,443,524,50,50,1,-1,-1,-1
613,3,481,1170,50,50,1,-1,-1,-1
614,1,671,1098,50,50,1,-1,-1,-1
614,2,440,532,50,50,1,-1,-1,-1
614,3,489,1166,50,50,1,-1,-1,-1
615,1,669,1099,50,50,1,-1,-1,-1
615,2,436,544,50,50,1,-1,-1,-1
615,3,506,1146,50,50,1,-1,-1,-1
616,1,667,1100,50,50,1,-1,-1,-1
616,2,433,563,50,50,1,-1,-1,-1
616,3,516,1120,50,50,1,-1,-1,-1
617,1,664,1103,50,50,1,-1,-1,-1
617,2,431,588,50,50,1,-1,-1,-1
617,3,514,1048,50,50,1,-1,-1,-1
618,1,662,1107,50,50,1,-1,-1,-1
618,2,429,618,50,50,1,-1,-1,-1
618,3,512,995,50,50,1,-1,-1,-1
619,1,657,1115,50,50,1,-1,-1,-1
619,2,427,654,50,50,1,-1,-1,-1
619,3,519,948,50,50,1,-1,-1,-1
620,1,652,1127,50,50,1,-1,-1,-1
620,2,425,696,50,50,1,-1,-1,-1
620,3,520,912,50,50,1,-1,-1,-1
621,1,646,1139,50,50,1,-1,-1,-1
621,2,424,743,50,50,1,-1,-1,-1
621,3,524,878,50,50,1,-1,-1,-1
622,1,636,1157,50,50,1,-1,-1,-1
622,2,423,797,50,50,1,-1,-1,-1
622,3,525,839,50,50,1,-1,-1,-1
623,1,626,1171,50,50,1,-1,-1,-1
623,2,422,856,50,50,1,-1,-1,-1
623,3,533,814,50,50,1,-1,-1,-1
624,1,620,1186,50,50,1,-1,-1,-1
624,2,425,913,50,50,1,-1,-1,-1
624,3,543,791,50,50,1,-1,-1,-1
625,1,612,1200,50,50,1,-1,-1,-1
625,2,410,948,50,50,1,-1,-1,-1
625,3,548,774,50,50,1,-1,-1,-1
626,1,601,1210,50,50,1,-1,-1,-1
626,2,408,967,50,50,1,-1,-1,-1
626,3,552,763,50,50,1,-1,-1,-1
627,1,592,1213,50,50,1,-1,-1,-1
627,2,409,984,50,50,1,-1,-1,-1
627,3,558,758,50,50,1,-1,-1,-1
628,1,575,1199,50,50,1,-1,-1,-1
628,2,412,1000,50,50,1,-1,-1,-1
628,3,568,756,50,50,1,-1,-1,-1
629,1,561,1176,50,50,1,-1,-1,-1
629,2,419,1013,50,50,1,-1,-1,-1
629,3,576,761,50,50,1,-1,-1,-1
630,1,549,1131,50,50,1,-1,-1,-1
630,2,425,1025,50,50,1,-1,-1,-1
630,3,584,772,50,50,1,-1,-1,-1
631,1,543,1052,50,50,1,-1,-1,-1
631,2,431,1036,50,50,1,-1,-1,-1
631,3,592,791,50,50,1,-1,-1,-1
632,1,540,977,50,50,1,-1,-1,-1
632,2,434,1044,50,50,1,-1,-1,-1
632,3,598,813,50,50,1,-1,-1,-1
633,1,545,910,50,50,1,-1,-1,-1
633,2,438,1053,50,50,1,-1,-1,-1
633,3,604,841,50,50,1,-1,-1,-1
634,2,438,1058,50,50,1,-1,-1,-1
634,3,612,875,50,50,1,-1,-1,-1
635,1,550,774,50,50,1,-1,-1,-1
635,2,438,1061,50,50,1,-1,-1,-1
635,3,622,915,50,50,1,-1,-1,-1
636,1,555,705,50,50,1,-1,-1,-1
636,2,436,1065,50,50,1,-1,-1,-1
636,3,629,945,50,50,1,-1,-1,-1
637,1,557,659,50,50,1,-1,-1,-1
637,2,435,1068,50,50,1,-1,-1,-1
637,3,638,969,50,50,1,-1,-1,-1
638,1,561,613,50,50,1,-1,-1,-1
638,2,434,1068,50,50,1,-1,-1,-1
638,3,647,997,50,50,1,-1,-1,-1
639,1,565,571,50,50,1,-1,-1,-1
639,2,431,1071,50,50,1,-1,-1,-1
639,3,645,1023,50,50,1,-1,-1,-1
640,1,569,536,50,50,1,-1,-1,-1
640,2,430,1073,50,50,1,-1,-1,-1
640,3,640,1054,50,50,1,-1,-1,-1
641,1,574,506,50,50,1,-1,-1,-1
641,2,428,1075,50,50,1,-1,-1,-1
641,3,628,1086,50,50,1,-1,-1,-1
642,1,579,483,50,50,1,-1,-1,-1
642,2,428,1076,50,50,1,-1,-1,-1
642,3,630,1132,50,50,1,-1,-1,-1
643,1,584,464,50,50,1,-1,-1,-1
643,2,428,1077,50,50,1,-1,-1,-1
643,3,626,1164,50,50,1,-1,-1,-1
644,1,590,452,50,50,1,-1,-1,-1
644,2,429,1078,50,50,1,-1,-1,-1
644,3,625,1183,50,50,1,-1,-1,-1
645,1,597,448,50,50,1,-1,-1,-1
645,2,430,1078,50,50,1,-1,-1,-1
645,3,620,1184,50,50,1,-1,-1,-1
646,1,602,445,50,50,1,-1,-1,-1
646,2,431,1079,50,50,1,-1,-1,-1
646,3,609,1175,50,50,1,-1,-1,-1
647,1,609,450,50,50,1,-1,-1,-1
647,2,434,1081,50,50,1,-1,-1,-1
647,3,602,1143,50,50,1,-1,-1,-1
648,1,616,461,50,50,1,-1,-1,-1
648,2,437,1083,50,50,1,-1,-1,-1
648,3,592,1098,50,50,1,-1,-1,-1
649,1,624,478,50,50,1,-1,-1,-1
649,2,439,1087,50,50,1,-1,-1,-1
649,3,571,1021,50,50,1,-1,-1,-1
650,1,631,501,50,50,1,-1,-1,-1
650,2,442,1092,50,50,1,-1,-1,-1
650,3,557,960,50,50,1,-1,-1,-1
651,1,639,530,50,50,1,-1,-1,-1
651,2,443,1098,50,50,1,-1,-1,-1
651,3,551,904,50,50,1,-1,-1,-1
652,1,648,565,50,50,1,-1,-1,-1
652,2,445,1104,50,50,1,-1,-1,-1
652,3,545,867,50,50,1,-1,-1,-1
653,1,657,606,50,50,1,-1,-1,-1
653,2,449,1113,50,50,1,-1,-1,-1
653,3,536,812,50,50,1,-1,-1,-1
654,1,667,653,50,50,1,-1,-1,-1
654,2,452,1124,50,50,1,-1,-1,-1
654,3,526,763,50,50,1,-1,-1,-1
655,1,677,707,50,50,1,-1,-1,-1
655,2,459,1138,50,50,1,-1,-1,-1
655,3,517,723,50,50,1,-1,-1,-1
656,1,687,766,50,50,1,-1,-1,-1
656,2,462,1153,50,50,1,-1,-1,-1
656,3,511,699,50,50,1,-1,-1,-1
657,1,698,834,50,50,1,-1,-1,-1
657,2,468,1167,50,50,1,-1,-1,-1
657,3,504,675,50,50,1,-1,-1,-1
658,1,707,872,50,50,1,-1,-1,-1
658,2,477,1179,50,50,1,-1,-1,-1
658,3,497,657,50,50,1,-1,-1,-1
659,1,702,897,50,50,1,-1,-1,-1
659,2,488,1187,50,50,1,-1,-1,-1
659,3,490,645,50,50,1,-1,-1,-1
660,1,689,920,50,50,1,-1,-1,-1
660,2,504,1188,50,50,1,-1,-1,-1
660,3,484,639,50,50,1,-1,-1,-1
661,1,681,947,50,50,1,-1,-1,-1
661,2,523,1179,50,50,1,-1,-1,-1
661,3,478,639,50,50,1,-1,-1,-1
662,1,678,977,50,50,1,-1,-1,-1
662,2,539,1158,50,50,1,-1,-1,-1
662,3,472,645,50,50,1,-1,-1,-1
663,1,674,1008,50,50,1,-1,-1,-1
663,2,552,1121,50,50,1,-1,-1,-1
663,3,467,656,50,50,1,-1,-1,-1
664,1,673,1035,50,50,1,-1,-1,-1
664,2,555,1057,50,50,1,-1,-1,-1
664,3,462,673,50,50,1,-1,-1,-1
665,1,672,1060,50,50,1,-1,-1,-1
665,2,549,985,50,50,1,-1,-1,-1
665,3,457,696,50,50,1,-1,-1,-1
666,1,679,1081,50,50,1,-1,-1,-1
666,2,535,913,50,50,1,-1,-1,-1
666,3,453,724,50,50,1,-1,-1,-1
667,1,679,1100,50,50,1,-1,-1,-1
667,2,518,857,50,50,1,-1,-1,-1
667,3,449,759,50,50,1,-1,-1,-1
668,1,680,1111,50,50,1,-1,-1,-1
668,2,483,887,50,50,1,-1,-1,-1
668,3,445,799,50,50,1,-1,-1,-1
669,1,679,1118,50,50,1,-1,-1,-1
669,2,497,723,50,50,1,-1,-1,-1
669,3,442,845,50,50,1,-1,-1,-1
670,1,679,1124,50,50,1,-1,-1,-1
670,2,488,673,50,50,1,-1,-1,-1
670,3,439,897,50,50,1,-1,-1,-1
671,1,679,1129,50,50,1,-1,-1,-1
671,2,476,626,50,50,1,-1,-1,-1
671,3,437,937,50,50,1,-1,-1,-1
672,1,678,1132,50,50,1,-1,-1,-1
672,2,466,588,50,50,1,-1,-1,-1
672,3,427,973,50,50,1,-1,-1,-1
673,1,676,1135,50,50,1,-1,-1,-1
673,2,457,554,50,50,1,-1,-1,-1
673,3,424,1005,50,50,1,-1,-1,-1
674,1,674,1137,50,50,1,-1,-1,-1
674,2,446,524,50,50,1,-1,-1,-1
674,3,426,1035,50,50,1,-1,-1,-1
675,1,673,1137,50,50,1,-1,-1,-1
675,2,437,502,50,50,1,-1,-1,-1
675,3,430,1065,50,50,1,-1,-1,-1
676,1,672,1136,50,50,1,-1,-1,-1
676,2,429,488,50,50,1,-1,-1,-1
676,3,447,1110,50,50,1,-1,-1,-1
677,1,670,1134,50,50,1,-1,-1,-1
677,2,420,477,50,50,1,-1,-1,-1
677,3,451,1144,50,50,1,-1,-1,-1
678,1,667,1130,50,50,1,-1,-1,-1
678,2,412,472,50,50,1,-1,-1,-1
678,3,455,1164,50,50,1,-1,-1,-1
679,1,665,1127,50,50,1,-1,-1,-1
679,2,404,473,50,50,1,-1,-1,-1
679,3,463,1178,50,50,1,-1,-1,-1
680,1,663,1124,50,50,1,-1,-1,-1
680,2,397,480,50,50,1,-1,-1,-1
680,3,469,1180,50,50,1,-1,-1,-1
681,1,660,1121,50,50,1,-1,-1,-1
681,2,389,492,50,50,1,-1,-1,-1
681,3,476,1173,50,50,1,-1,-1,-1
682,1,657,1118,50,50,1,-1,-1,-1
682,2,382,511,50,50,1,-1,-1,-1
682,3,482,1155,50,50,1,-1,-1,-1
683,1,655,1116,50,50,1,-1,-1,-1
683,2,376,534,50,50,1,-1,-1,-1
683,3,484,1112,50,50,1,-1,-1,-1
684,1,653,1115,50,50,1,-1,-1,-1
684,2,369,563,50,50,1,-1,-1,-1
684,3,480,1046,50,50,1,-1,-1,-1
685,1,650,1114,50,50,1,-1,-1,-1
685,2,363,599,50,50,1,-1,-1,-1
685,3,480,993,50,50,1,-1,-1,-1
686,1,648,1115,50,50,1,-1,-1,-1
686,2,357,640,50,50,1,-1,-1,-1
686,3,482,945,50,50,1,-1,-1,-1
687,1,645,1115,50,50,1,-1,-1,-1
687,2,352,686,50,50,1,-1,-1,-1
687,3,483,897,50,50,1,-1,-1,-1
688,1,638,1117,50,50,1,-1,-1,-1
688,2,347,739,50,50,1,-1,-1,-1
688,3,485,854,50,50,1,-1,-1,-1
689,1,635,1119,50,50,1,-1,-1,-1
689,2,342,797,50,50,1,-1,-1,-1
689,3,486,815,50,50,1,-1,-1,-1
690,1,633,1122,50,50,1,-1,-1,-1
690,2,337,861,50,50,1,-1,-1,-1
690,3,487,783,50,50,1,-1,-1,-1
691,1,630,1126,50,50,1,-1,-1,-1
691,2,335,923,50,50,1,-1,-1,-1
691,3,490,755,50,50,1,-1,-1,-1
692,1,631,1125,50,50,1,-1,-1,-1
692,2,331,955,50,50,1,-1,-1,-1
692,3,495,733,50,50,1,-1,-1,-1
693,1,630,1122,50,50,1,-1,-1,-1
693,2,336,971,50,50,1,-1,-1,-1
693,3,500,718,50,50,1,-1,-1,-1
694,1,632,1115,50,50,1,-1,-1,-1
694,2,341,984,50,50,1,-1,-1,-1
694,3,504,709,50,50,1,-1,-1,-1
695,1,633,1107,50,50,1,-1,-1,-1
695,2,351,1002,50,50,1,-1,-1,-1
695,3,508,705,50,50,1,-1,-1,-1
696,1,638,1097,50,50,1,-1,-1,-1
696,2,372,1019,50,50,1,-1,-1,-1
696,3,513,706,50,50,1,-1,-1,-1
697,1,640,1087,50,50,1,-1,-1,-1
697,2,386,1034,50,50,1,-1,-1,-1
697,3,517,712,50,50,1,-1,-1,-1
698,1,643,1080,50,50,1,-1,-1,-1
698,2,397,1047,50,50,1,-1,-1,-1
698,3,522,723,50,50,1,-1,-1,-1
699,1,643,1073,50,50,1,-1,-1,-1
699,2,405,1055,50,50,1,-1,-1,-1
699,3,529,748,50,50,1,-1,-1,-1
700,1,640,1067,50,50,1,-1,-1,-1
700,2,414,1062,50,50,1,-1,-1,-1
700,3,533,773,50,50,1,-1,-1,-1
701,1,637,1063,50,50,1,-1,-1,-1
701,2,416,1064,50,50,1,-1,-1,-1
701,3,540,803,50,50,1,-1,-1,-1
702,1,635,1061,50,50,1,-1,-1,-1
702,2,416,1065,50,50,1,-1,-1,-1
702,3,551,835,50,50,1,-1,-1,-1
703,1,632,1062,50,50,1,-1,-1,-1
703,2,419,1066,50,50,1,-1,-1,-1
703,3,555,886,50,50,1,-1,-1,-1
704,1,629,1065,50,50,1,-1,-1,-1
704,2,419,1066,50,50,1,-1,-1,-1
704,3,561,928,50,50,1,-1,-1,-1
705,1,625,1067,50,50,1,-1,-1,-1
705,2,420,1067,50,50,1,-1,-1,-1
705,3,568,980,50,50,1,-1,-1,-1
706,2,420,1067,50,50,1,-1,-1,-1
706,3,591,1045,50,50,1,-1,-1,-1
707,1,602,1059,50,50,1,-1,-1,-1
707,2,419,1066,50,50,1,-1,-1,-1
708,1,603,1060,50,50,1,-1,-1,-1
708,2,419,1066,50,50,1,-1,-1,-1
709,1,606,1058,50,50,1,-1,-1,-1
709,2,436,1075,50,50,1,-1,-1,-1
710,1,609,1054,50,50,1,-1,-1,-1
710,2,435,1075,50,50,1,-1,-1,-1
711,1,613,1052,50,50,1,-1,-1,-1
711,2,434,1075,50,50,1,-1,-1,-1
712,1,618,1051,50,50,1,-1,-1,-1
712,2,432,1074,50,50,1,-1,-1,-1
713,1,622,1050,50,50,1,-1,-1,-1
713,2,432,1074,50,50,1,-1,-1,-1
713,3,579,777,50,50,1,-1,-1,-1
714,1,627,1048,50,50,1,-1,-1,-1
714,2,431,1074,50,50,1,-1,-1,-1
714,3,579,777,50,50,1,-1,-1,-1
715,1,631,1048,50,50,1,-1,-1,-1
715,2,432,1073,50,50,1,-1,-1,-1
715,3,579,777,50,50,1,-1,-1,-1
716,1,635,1047,50,50,1,-1,-1,-1
716,2,432,1073,50,50,1,-1,-1,-1
716,3,579,777,50,50,1,-1,-1,-1
717,1,638,1046,50,50,1,-1,-1,-1
717,2,434,1071,50,50,1,-1,-1,-1
718,1,641,1046,50,50,1,-1,-1,-1
718,2,434,1071,50,50,1,-1,-1,-1
719,1,644,1046,50,50,1,-1,-1,-1
719,2,435,1070,50,50,1,-1,-1,-1
720,1,645,1045,50,50,1,-1,-1,-1
720,2,437,1070,50,50,1,-1,-1,-1
721,1,647,1046,50,50,1,-1,-1,-1
721,2,438,1070,50,50,1,-1,-1,-1
722,1,649,1046,50,50,1,-1,-1,-1
722,2,438,1068,50,50,1,-1,-1,-1
723,1,652,1047,50,50,1,-1,-1,-1
723,2,439,1066,50,50,1,-1,-1,-1
724,1,653,1048,50,50,1,-1,-1,-1
724,2,440,1066,50,50,1,-1,-1,-1
725,1,655,1048,50,50,1,-1,-1,-1
725,2,441,1065,50,50,1,-1,-1,-1
726,1,657,1048,50,50,1,-1,-1,-1
726,2,441,1064,50,50,1,-1,-1,-1
727,1,658,1048,50,50,1,-1,-1,-1
727,2,442,1064,50,50,1,-1,-1,-1
728,1,660,1049,50,50,1,-1,-1,-1
728,2,442,1064,50,50,1,-1,-1,-1
729,1,660,1049,50,50,1,-1,-1,-1
729,2,436,1062,50,50,1,-1,-1,-1
730,1,664,1051,50,50,1,-1,-1,-1
730,2,443,1064,50,50,1,-1,-1,-1
731,1,664,1051,50,50,1,-1,-1,-1
731,2,443,1065,50,50,1,-1,-1,-1
732,1,664,1051,50,50,1,-1,-1,-1
732,2,444,1065,50,50,1,-1,-1,-1
733,1,663,1051,50,50,1,-1,-1,-1
733,2,437,1063,50,50,1,-1,-1,-1
734,1,663,1051,50,50,1,-1,-1,-1
734,2,444,1067,50,50,1,-1,-1,-1
735,1,661,1048,50,50,1,-1,-1,-1
735,2,445,1067,50,50,1,-1,-1,-1
736,1,662,1048,50,50,1,-1,-1,-1
736,2,439,1065,50,50,1,-1,-1,-1
737,1,663,1049,50,50,1,-1,-1,-1
737,2,440,1065,50,50,1,-1,-1,-1
738,1,664,1050,50,50,1,-1,-1,-1
738,2,439,1064,50,50,1,-1,-1,-1
739,1,665,1051,50,50,1,-1,-1,-1
739,2,447,1067,50,50,1,-1,-1,-1
740,1,666,1052,50,50,1,-1,-1,-1
740,2,449,1068,50,50,1,-1,-1,-1
741,1,666,1054,50,50,1,-1,-1,-1
741,2,450,1068,50,50,1,-1,-1,-1
742,1,667,1054,50,50,1,-1,-1,-1
742,2,451,1068,50,50,1,-1,-1,-1
743,1,668,1055,50,50,1,-1,-1,-1
743,2,452,1068,50,50,1,-1,-1,-1
744,1,668,1055,50,50,1,-1,-1,-1
744,2,452,1068,50,50,1,-1,-1,-1
745,1,669,1058,50,50,1,-1,-1,-1
745,2,454,1069,50,50,1,-1,-1,-1
746,1,670,1059,50,50,1,-1,-1,-1
746,2,453,1068,50,50,1,-1,-1,-1
747,1,669,1060,50,50,1,-1,-1,-1
747,2,451,1067,50,50,1,-1,-1,-1
748,1,669,1061,50,50,1,-1,-1,-1
748,2,452,1067,50,50,1,-1,-1,-1
749,1,668,1064,50,50,1,-1,-1,-1
749,2,454,1069,50,50,1,-1,-1,-1
750,1,666,1065,50,50,1,-1,-1,-1
750,2,455,1069,50,50,1,-1,-1,-1
751,1,665,1066,50,50,1,-1,-1,-1
751,2,455,1069,50,50,1,-1,-1,-1
752,1,664,1066,50,50,1,-1,-1,-1
752,2,456,1069,50,50,1,-1,-1,-1
753,1,663,1066,50,50,1,-1,-1,-1
753,2,456,1069,50,50,1,-1,-1,-1
754,1,662,1065,50,50,1,-1,-1,-1
754,2,457,1070,50,50,1,-1,-1,-1
755,1,661,1064,50,50,1,-1,-1,-1
755,2,457,1070,50,50,1,-1,-1,-1
756,1,660,1063,50,50,1,-1,-1,-1
756,2,458,1071,50,50,1,-1,-1,-1
757,1,660,1062,50,50,1,-1,-1,-1
757,2,458,1070,50,50,1,-1,-1,-1
758,1,659,1061,50,50,1,-1,-1,-1
758,2,459,1070,50,50,1,-1,-1,-1
759,1,659,1060,50,50,1,-1,-1,-1
759,2,459,1070,50,50,1,-1,-1,-1
760,1,660,1060,50,50,1,-1,-1,-1
760,2,460,1070,50,50,1,-1,-1,-1
761,1,660,1059,50,50,1,-1,-1,-1
761,2,460,1069,50,50,1,-1,-1,-1
762,1,660,1059,50,50,1,-1,-1,-1
762,2,460,1069,50,50,1,-1,-1,-1
763,1,659,1060,50,50,1,-1,-1,-1
763,2,461,1068,50,50,1,-1,-1,-1
764,1,659,1060,50,50,1,-1,-1,-1
764,2,461,1069,50,50,1,-1,-1,-1
