2,1,687,1147,50,50,1,-1,-1,-1
2,2,470,1144,50,50,1,-1,-1,-1
2,3,654,1126,50,50,1,-1,-1,-1
3,1,684,1153,50,50,1,-1,-1,-1
3,2,471,1144,50,50,1,-1,-1,-1
4,1,682,1159,50,50,1,-1,-1,-1
4,2,472,1144,50,50,1,-1,-1,-1
5,1,678,1165,50,50,1,-1,-1,-1
5,2,472,1145,50,50,1,-1,-1,-1
5,3,701,1183,50,50,1,-1,-1,-1
6,1,673,1171,50,50,1,-1,-1,-1
6,2,472,1145,50,50,1,-1,-1,-1
6,3,694,1192,50,50,1,-1,-1,-1
7,1,667,1174,50,50,1,-1,-1,-1
7,2,472,1146,50,50,1,-1,-1,-1
7,3,686,1197,50,50,1,-1,-1,-1
8,1,662,1175,50,50,1,-1,-1,-1
8,2,471,1146,50,50,1,-1,-1,-1
9,1,658,1174,50,50,1,-1,-1,-1
9,2,473,1146,50,50,1,-1,-1,-1
10,1,655,1173,50,50,1,-1,-1,-1
10,2,473,1146,50,50,1,-1,-1,-1
11,1,652,1171,50,50,1,-1,-1,-1
11,2,471,1145,50,50,1,-1,-1,-1
11,3,457,1105,50,50,1,-1,-1,-1
12,1,650,1169,50,50,1,-1,-1,-1
12,2,470,1143,50,50,1,-1,-1,-1
12,3,667,1193,50,50,1,-1,-1,-1
13,1,650,1167,50,50,1,-1,-1,-1
13,2,470,1143,50,50,1,-1,-1,-1
14,1,649,1167,50,50,1,-1,-1,-1
14,2,470,1143,50,50,1,-1,-1,-1
14,3,619,1165,50,50,1,-1,-1,-1
15,1,650,1166,50,50,1,-1,-1,-1
15,2,469,1143,50,50,1,-1,-1,-1
16,1,651,1166,50,50,1,-1,-1,-1
16,2,469,1143,50,50,1,-1,-1,-1
16,3,620,1164,50,50,1,-1,-1,-1
17,1,653,1166,50,50,1,-1,-1,-1
17,2,469,1143,50,50,1,-1,-1,-1
18,1,652,1166,50,50,1,-1,-1,-1
18,2,469,1143,50,50,1,-1,-1,-1
19,1,655,1166,50,50,1,-1,-1,-1
19,2,470,1143,50,50,1,-1,-1,-1
19,3,457,1105,50,50,1,-1,-1,-1
20,1,655,1166,50,50,1,-1,-1,-1
20,2,470,1143,50,50,1,-1,-1,-1
20,3,457,1105,50,50,1,-1,-1,-1
21,1,657,1167,50,50,1,-1,-1,-1
21,2,470,1143,50,50,1,-1,-1,-1
22,1,658,1167,50,50,1,-1,-1,-1
22,2,471,1143,50,50,1,-1,-1,-1
23,1,657,1167,50,50,1,-1,-1,-1
23,2,471,1144,50,50,1,-1,-1,-1
23,3,457,1105,50,50,1,-1,-1,-1
24,1,657,1168,50,50,1,-1,-1,-1
24,2,472,1144,50,50,1,-1,-1,-1
25,1,658,1169,50,50,1,-1,-1,-1
25,2,472,1144,50,50,1,-1,-1,-1
26,1,657,1170,50,50,1,-1,-1,-1
26,2,472,1144,50,50,1,-1,-1,-1
27,1,657,1171,50,50,1,-1,-1,-1
27,2,471,1145,50,50,1,-1,-1,-1
28,1,654,1172,50,50,1,-1,-1,-1
28,2,473,1146,50,50,1,-1,-1,-1
28,3,624,1171,50,50,1,-1,-1,-1
29,1,653,1174,50,50,1,-1,-1,-1
29,2,473,1146,50,50,1,-1,-1,-1
30,1,650,1175,50,50,1,-1,-1,-1
30,2,474,1146,50,50,1,-1,-1,-1
30,3,675,1194,50,50,1,-1,-1,-1
31,1,650,1178,50,50,1,-1,-1,-1
31,2,474,1147,50,50,1,-1,-1,-1
31,3,673,1197,50,50,1,-1,-1,-1
32,1,647,1179,50,50,1,-1,-1,-1
32,2,474,1147,50,50,1,-1,-1,-1
32,3,673,1193,50,50,1,-1,-1,-1
33,1,644,1181,50,50,1,-1,-1,-1
33,2,474,1148,50,50,1,-1,-1,-1
33,3,662,1204,50,50,1,-1,-1,-1
34,1,640,1181,50,50,1,-1,-1,-1
34,2,474,1147,50,50,1,-1,-1,-1
34,3,659,1205,50,50,1,-1,-1,-1
35,1,634,1174,50,50,1,-1,-1,-1
35,2,474,1147,50,50,1,-1,-1,-1
36,1,629,1161,50,50,1,-1,-1,-1
36,2,474,1147,50,50,1,-1,-1,-1
37,1,621,1132,50,50,1,-1,-1,-1
37,2,474,1146,50,50,1,-1,-1,-1
38,1,617,1086,50,50,1,-1,-1,-1
38,2,474,1146,50,50,1,-1,-1,-1
38,3,631,1125,50,50,1,-1,-1,-1
39,1,618,1027,50,50,1,-1,-1,-1
39,2,474,1145,50,50,1,-1,-1,-1
39,3,594,1065,50,50,1,-1,-1,-1
40,1,618,973,50,50,1,-1,-1,-1
40,2,474,1143,50,50,1,-1,-1,-1
40,3,590,1019,50,50,1,-1,-1,-1
41,1,618,927,50,50,1,-1,-1,-1
41,2,473,1142,50,50,1,-1,-1,-1
42,1,617,881,50,50,1,-1,-1,-1
42,2,472,1141,50,50,1,-1,-1,-1
42,3,616,933,50,50,1,-1,-1,-1
43,1,617,841,50,50,1,-1,-1,-1
43,2,473,1140,50,50,1,-1,-1,-1
43,3,639,938,50,50,1,-1,-1,-1
44,1,618,807,50,50,1,-1,-1,-1
44,2,472,1140,50,50,1,-1,-1,-1
44,3,651,950,50,50,1,-1,-1,-1
45,1,619,779,50,50,1,-1,-1,-1
45,2,472,1139,50,50,1,-1,-1,-1
45,3,628,977,50,50,1,-1,-1,-1
46,1,620,756,50,50,1,-1,-1,-1
46,2,472,1138,50,50,1,-1,-1,-1
46,3,638,1014,50,50,1,-1,-1,-1
47,1,622,740,50,50,1,-1,-1,-1
47,2,471,1137,50,50,1,-1,-1,-1
47,3,634,1054,50,50,1,-1,-1,-1
48,1,625,730,50,50,1,-1,-1,-1
48,2,470,1138,50,50,1,-1,-1,-1
48,3,641,1106,50,50,1,-1,-1,-1
49,1,626,723,50,50,1,-1,-1,-1
49,2,469,1140,50,50,1,-1,-1,-1
49,3,634,1137,50,50,1,-1,-1,-1
50,1,629,723,50,50,1,-1,-1,-1
50,2,470,1142,50,50,1,-1,-1,-1
50,3,631,1139,50,50,1,-1,-1,-1
51,1,631,729,50,50,1,-1,-1,-1
51,2,471,1145,50,50,1,-1,-1,-1
51,3,622,1117,50,50,1,-1,-1,-1
52,1,635,740,50,50,1,-1,-1,-1
52,2,471,1148,50,50,1,-1,-1,-1
52,3,618,1114,50,50,1,-1,-1,-1
53,1,638,757,50,50,1,-1,-1,-1
53,2,472,1152,50,50,1,-1,-1,-1
53,3,628,1043,50,50,1,-1,-1,-1
54,1,642,779,50,50,1,-1,-1,-1
54,2,473,1157,50,50,1,-1,-1,-1
54,3,623,970,50,50,1,-1,-1,-1
55,1,646,808,50,50,1,-1,-1,-1
55,2,473,1163,50,50,1,-1,-1,-1
55,3,612,940,50,50,1,-1,-1,-1
56,1,651,841,50,50,1,-1,-1,-1
56,2,473,1169,50,50,1,-1,-1,-1
56,3,632,929,50,50,1,-1,-1,-1
57,1,655,881,50,50,1,-1,-1,-1
57,2,478,1177,50,50,1,-1,-1,-1
57,3,635,938,50,50,1,-1,-1,-1
58,1,661,926,50,50,1,-1,-1,-1
58,2,483,1186,50,50,1,-1,-1,-1
58,3,623,961,50,50,1,-1,-1,-1
59,1,658,958,50,50,1,-1,-1,-1
59,2,490,1193,50,50,1,-1,-1,-1
59,3,703,961,50,50,1,-1,-1,-1
60,1,668,968,50,50,1,-1,-1,-1
60,2,502,1196,50,50,1,-1,-1,-1
60,3,652,1014,50,50,1,-1,-1,-1
61,1,669,977,50,50,1,-1,-1,-1
61,2,517,1195,50,50,1,-1,-1,-1
61,3,495,1218,50,50,1,-1,-1,-1
62,1,668,985,50,50,1,-1,-1,-1
62,2,536,1187,50,50,1,-1,-1,-1
62,3,511,1211,50,50,1,-1,-1,-1
63,1,667,994,50,50,1,-1,-1,-1
63,2,557,1168,50,50,1,-1,-1,-1
63,3,516,790,50,50,1,-1,-1,-1
64,1,665,1004,50,50,1,-1,-1,-1
64,2,576,1136,50,50,1,-1,-1,-1
64,3,510,796,50,50,1,-1,-1,-1
65,1,664,1014,50,50,1,-1,-1,-1
65,2,599,1105,50,50,1,-1,-1,-1
65,3,545,1058,50,50,1,-1,-1,-1
66,1,667,1022,50,50,1,-1,-1,-1
66,2,583,1067,50,50,1,-1,-1,-1
66,3,523,1041,50,50,1,-1,-1,-1
67,1,667,1030,50,50,1,-1,-1,-1
67,2,573,948,50,50,1,-1,-1,-1
67,3,520,968,50,50,1,-1,-1,-1
68,1,668,1035,50,50,1,-1,-1,-1
68,2,489,875,50,50,1,-1,-1,-1
68,3,568,894,50,50,1,-1,-1,-1
69,1,670,1040,50,50,1,-1,-1,-1
69,2,484,908,50,50,1,-1,-1,-1
69,3,564,828,50,50,1,-1,-1,-1
70,1,673,1043,50,50,1,-1,-1,-1
70,2,530,985,50,50,1,-1,-1,-1
70,3,556,779,50,50,1,-1,-1,-1
71,1,679,1045,50,50,1,-1,-1,-1
71,2,509,1003,50,50,1,-1,-1,-1
71,3,548,725,50,50,1,-1,-1,-1
72,1,683,1047,50,50,1,-1,-1,-1
72,2,467,1024,50,50,1,-1,-1,-1
72,3,543,696,50,50,1,-1,-1,-1
73,1,684,1047,50,50,1,-1,-1,-1
73,2,462,1056,50,50,1,-1,-1,-1
73,3,537,662,50,50,1,-1,-1,-1
74,1,690,1048,50,50,1,-1,-1,-1
74,2,459,1082,50,50,1,-1,-1,-1
74,3,532,634,50,50,1,-1,-1,-1
75,1,691,1048,50,50,1,-1,-1,-1
75,2,452,1102,50,50,1,-1,-1,-1
75,3,528,612,50,50,1,-1,-1,-1
76,1,694,1048,50,50,1,-1,-1,-1
76,2,483,1147,50,50,1,-1,-1,-1
76,3,524,595,50,50,1,-1,-1,-1
77,1,696,1048,50,50,1,-1,-1,-1
77,2,495,1166,50,50,1,-1,-1,-1
77,3,520,585,50,50,1,-1,-1,-1
78,1,695,1047,50,50,1,-1,-1,-1
78,2,511,1181,50,50,1,-1,-1,-1
78,3,516,580,50,50,1,-1,-1,-1
79,1,697,1046,50,50,1,-1,-1,-1
79,2,524,1187,50,50,1,-1,-1,-1
79,3,513,580,50,50,1,-1,-1,-1
80,1,696,1044,50,50,1,-1,-1,-1
80,2,542,1174,50,50,1,-1,-1,-1
80,3,510,586,50,50,1,-1,-1,-1
81,1,696,1045,50,50,1,-1,-1,-1
81,2,559,1155,50,50,1,-1,-1,-1
81,3,507,598,50,50,1,-1,-1,-1
82,1,696,1046,50,50,1,-1,-1,-1
82,2,572,1117,50,50,1,-1,-1,-1
82,3,504,616,50,50,1,-1,-1,-1
83,1,695,1048,50,50,1,-1,-1,-1
83,2,572,1058,50,50,1,-1,-1,-1
83,3,502,640,50,50,1,-1,-1,-1
84,1,693,1052,50,50,1,-1,-1,-1
84,2,572,1002,50,50,1,-1,-1,-1
84,3,501,669,50,50,1,-1,-1,-1
85,1,689,1056,50,50,1,-1,-1,-1
85,2,576,948,50,50,1,-1,-1,-1
85,3,499,705,50,50,1,-1,-1,-1
86,1,687,1063,50,50,1,-1,-1,-1
86,2,576,903,50,50,1,-1,-1,-1
86,3,498,746,50,50,1,-1,-1,-1
87,1,685,1077,50,50,1,-1,-1,-1
87,2,581,859,50,50,1,-1,-1,-1
87,3,496,795,50,50,1,-1,-1,-1
88,1,680,1091,50,50,1,-1,-1,-1
88,2,586,818,50,50,1,-1,-1,-1
88,3,497,849,50,50,1,-1,-1,-1
89,1,652,1116,50,50,1,-1,-1,-1
89,2,588,782,50,50,1,-1,-1,-1
89,3,494,907,50,50,1,-1,-1,-1
90,1,659,1131,50,50,1,-1,-1,-1
90,2,591,752,50,50,1,-1,-1,-1
90,3,483,950,50,50,1,-1,-1,-1
91,1,648,1154,50,50,1,-1,-1,-1
91,2,593,729,50,50,1,-1,-1,-1
91,3,466,1005,50,50,1,-1,-1,-1
92,1,642,1173,50,50,1,-1,-1,-1
92,2,593,714,50,50,1,-1,-1,-1
92,3,463,1003,50,50,1,-1,-1,-1
93,1,634,1188,50,50,1,-1,-1,-1
93,2,597,703,50,50,1,-1,-1,-1
93,3,491,992,50,50,1,-1,-1,-1
94,1,623,1191,50,50,1,-1,-1,-1
94,2,602,698,50,50,1,-1,-1,-1
94,3,495,1005,50,50,1,-1,-1,-1
95,1,610,1185,50,50,1,-1,-1,-1
95,2,606,698,50,50,1,-1,-1,-1
95,3,496,1019,50,50,1,-1,-1,-1
96,1,597,1163,50,50,1,-1,-1,-1
96,2,611,703,50,50,1,-1,-1,-1
96,3,498,1034,50,50,1,-1,-1,-1
97,1,578,1123,50,50,1,-1,-1,-1
97,2,617,715,50,50,1,-1,-1,-1
97,3,499,1048,50,50,1,-1,-1,-1
98,1,575,1060,50,50,1,-1,-1,-1
98,2,622,732,50,50,1,-1,-1,-1
98,3,498,1062,50,50,1,-1,-1,-1
99,1,573,990,50,50,1,-1,-1,-1
99,2,628,754,50,50,1,-1,-1,-1
99,3,488,1072,50,50,1,-1,-1,-1
100,1,575,921,50,50,1,-1,-1,-1
100,2,635,782,50,50,1,-1,-1,-1
100,3,499,1091,50,50,1,-1,-1,-1
101,1,579,870,50,50,1,-1,-1,-1
101,2,641,817,50,50,1,-1,-1,-1
101,3,495,1101,50,50,1,-1,-1,-1
102,1,581,802,50,50,1,-1,-1,-1
102,2,648,857,50,50,1,-1,-1,-1
102,3,488,1109,50,50,1,-1,-1,-1
103,1,580,734,50,50,1,-1,-1,-1
103,2,655,898,50,50,1,-1,-1,-1
103,3,485,1115,50,50,1,-1,-1,-1
104,1,576,690,50,50,1,-1,-1,-1
104,2,661,929,50,50,1,-1,-1,-1
104,3,481,1120,50,50,1,-1,-1,-1
105,1,577,646,50,50,1,-1,-1,-1
105,2,653,954,50,50,1,-1,-1,-1
105,3,477,1124,50,50,1,-1,-1,-1
106,1,578,608,50,50,1,-1,-1,-1
106,2,686,968,50,50,1,-1,-1,-1
106,3,473,1125,50,50,1,-1,-1,-1
107,1,579,575,50,50,1,-1,-1,-1
107,2,674,994,50,50,1,-1,-1,-1
107,3,469,1128,50,50,1,-1,-1,-1
108,1,581,549,50,50,1,-1,-1,-1
108,2,672,1022,50,50,1,-1,-1,-1
108,3,467,1129,50,50,1,-1,-1,-1
109,1,583,529,50,50,1,-1,-1,-1
109,2,670,1055,50,50,1,-1,-1,-1
109,3,466,1128,50,50,1,-1,-1,-1
110,1,586,514,50,50,1,-1,-1,-1
110,2,671,1084,50,50,1,-1,-1,-1
110,3,463,1128,50,50,1,-1,-1,-1
111,1,589,505,50,50,1,-1,-1,-1
111,2,655,1134,50,50,1,-1,-1,-1
111,3,462,1127,50,50,1,-1,-1,-1
112,1,592,502,50,50,1,-1,-1,-1
112,2,635,1165,50,50,1,-1,-1,-1
112,3,462,1125,50,50,1,-1,-1,-1
113,1,595,504,50,50,1,-1,-1,-1
113,2,627,1179,50,50,1,-1,-1,-1
113,3,462,1123,50,50,1,-1,-1,-1
114,1,599,512,50,50,1,-1,-1,-1
114,2,617,1177,50,50,1,-1,-1,-1
114,3,462,1121,50,50,1,-1,-1,-1
115,1,603,526,50,50,1,-1,-1,-1
115,2,601,1155,50,50,1,-1,-1,-1
115,3,462,1119,50,50,1,-1,-1,-1
116,1,607,545,50,50,1,-1,-1,-1
116,2,592,1126,50,50,1,-1,-1,-1
116,3,463,1118,50,50,1,-1,-1,-1
117,1,612,571,50,50,1,-1,-1,-1
117,2,564,1110,50,50,1,-1,-1,-1
117,3,464,1117,50,50,1,-1,-1,-1
118,1,617,603,50,50,1,-1,-1,-1
118,2,557,1003,50,50,1,-1,-1,-1
118,3,466,1117,50,50,1,-1,-1,-1
119,1,622,640,50,50,1,-1,-1,-1
119,2,545,947,50,50,1,-1,-1,-1
119,3,467,1119,50,50,1,-1,-1,-1
120,1,628,684,50,50,1,-1,-1,-1
120,2,538,897,50,50,1,-1,-1,-1
120,3,470,1121,50,50,1,-1,-1,-1
121,1,634,733,50,50,1,-1,-1,-1
121,2,520,845,50,50,1,-1,-1,-1
121,3,471,1125,50,50,1,-1,-1,-1
122,1,641,789,50,50,1,-1,-1,-1
122,2,512,805,50,50,1,-1,-1,-1
122,3,477,1135,50,50,1,-1,-1,-1
123,1,648,851,50,50,1,-1,-1,-1
123,2,502,758,50,50,1,-1,-1,-1
123,3,482,1145,50,50,1,-1,-1,-1
124,1,654,902,50,50,1,-1,-1,-1
124,2,496,727,50,50,1,-1,-1,-1
124,3,485,1159,50,50,1,-1,-1,-1
125,1,663,919,50,50,1,-1,-1,-1
125,2,488,702,50,50,1,-1,-1,-1
125,3,488,1175,50,50,1,-1,-1,-1
126,1,662,938,50,50,1,-1,-1,-1
126,2,479,682,50,50,1,-1,-1,-1
126,3,494,1186,50,50,1,-1,-1,-1
127,1,647,961,50,50,1,-1,-1,-1
127,2,462,659,50,50,1,-1,-1,-1
127,3,514,1193,50,50,1,-1,-1,-1
128,1,647,961,50,50,1,-1,-1,-1
128,2,462,659,50,50,1,-1,-1,-1
128,3,514,1193,50,50,1,-1,-1,-1
129,1,669,978,50,50,1,-1,-1,-1
129,2,456,658,50,50,1,-1,-1,-1
129,3,492,1196,50,50,1,-1,-1,-1
130,1,677,1043,50,50,1,-1,-1,-1
130,2,440,667,50,50,1,-1,-1,-1
130,3,530,1135,50,50,1,-1,-1,-1
131,1,677,1043,50,50,1,-1,-1,-1
131,2,440,667,50,50,1,-1,-1,-1
131,3,541,1086,50,50,1,-1,-1,-1
132,1,648,1020,50,50,1,-1,-1,-1
132,2,434,682,50,50,1,-1,-1,-1
132,3,522,1042,50,50,1,-1,-1,-1
133,1,650,1044,50,50,1,-1,-1,-1
133,2,421,728,50,50,1,-1,-1,-1
133,3,544,942,50,50,1,-1,-1,-1
134,1,650,1052,50,50,1,-1,-1,-1
134,2,415,760,50,50,1,-1,-1,-1
134,3,505,818,50,50,1,-1,-1,-1
135,1,650,1052,50,50,1,-1,-1,-1
135,2,415,760,50,50,1,-1,-1,-1
135,3,505,818,50,50,1,-1,-1,-1
136,1,653,1066,50,50,1,-1,-1,-1
136,2,405,840,50,50,1,-1,-1,-1
136,3,452,915,50,50,1,-1,-1,-1
137,1,657,1071,50,50,1,-1,-1,-1
137,2,381,955,50,50,1,-1,-1,-1
137,3,455,943,50,50,1,-1,-1,-1
138,1,657,1071,50,50,1,-1,-1,-1
138,2,381,955,50,50,1,-1,-1,-1
138,3,455,941,50,50,1,-1,-1,-1
139,1,664,1081,50,50,1,-1,-1,-1
139,2,381,982,50,50,1,-1,-1,-1
139,3,481,581,50,50,1,-1,-1,-1
140,1,660,1083,50,50,1,-1,-1,-1
140,2,384,1015,50,50,1,-1,-1,-1
140,3,476,552,50,50,1,-1,-1,-1
141,1,676,1089,50,50,1,-1,-1,-1
141,2,395,1049,50,50,1,-1,-1,-1
141,3,471,528,50,50,1,-1,-1,-1
142,1,678,1093,50,50,1,-1,-1,-1
142,2,405,1082,50,50,1,-1,-1,-1
142,3,467,511,50,50,1,-1,-1,-1
143,1,679,1096,50,50,1,-1,-1,-1
143,2,431,1127,50,50,1,-1,-1,-1
143,3,463,499,50,50,1,-1,-1,-1
144,1,681,1099,50,50,1,-1,-1,-1
144,2,449,1160,50,50,1,-1,-1,-1
144,3,460,494,50,50,1,-1,-1,-1
145,1,662,1110,50,50,1,-1,-1,-1
145,2,470,1175,50,50,1,-1,-1,-1
145,3,456,494,50,50,1,-1,-1,-1
146,1,672,1105,50,50,1,-1,-1,-1
146,2,487,1175,50,50,1,-1,-1,-1
146,3,453,500,50,50,1,-1,-1,-1
147,1,673,1104,50,50,1,-1,-1,-1
147,2,506,1163,50,50,1,-1,-1,-1
147,3,451,512,50,50,1,-1,-1,-1
148,1,673,1101,50,50,1,-1,-1,-1
148,2,519,1140,50,50,1,-1,-1,-1
148,3,448,530,50,50,1,-1,-1,-1
149,1,672,1099,50,50,1,-1,-1,-1
149,2,525,1132,50,50,1,-1,-1,-1
149,3,446,554,50,50,1,-1,-1,-1
150,1,671,1097,50,50,1,-1,-1,-1
150,2,552,1064,50,50,1,-1,-1,-1
150,3,444,584,50,50,1,-1,-1,-1
151,1,668,1097,50,50,1,-1,-1,-1
151,2,534,962,50,50,1,-1,-1,-1
151,3,443,620,50,50,1,-1,-1,-1
152,1,666,1098,50,50,1,-1,-1,-1
152,2,537,914,50,50,1,-1,-1,-1
152,3,441,662,50,50,1,-1,-1,-1
153,1,663,1101,50,50,1,-1,-1,-1
153,2,532,880,50,50,1,-1,-1,-1
153,3,441,711,50,50,1,-1,-1,-1
154,1,658,1106,50,50,1,-1,-1,-1
154,2,541,827,50,50,1,-1,-1,-1
154,3,440,766,50,50,1,-1,-1,-1
155,1,655,1114,50,50,1,-1,-1,-1
155,2,541,795,50,50,1,-1,-1,-1
155,3,440,828,50,50,1,-1,-1,-1
156,1,647,1127,50,50,1,-1,-1,-1
156,2,547,763,50,50,1,-1,-1,-1
156,3,441,887,50,50,1,-1,-1,-1
157,1,643,1141,50,50,1,-1,-1,-1
157,2,553,731,50,50,1,-1,-1,-1
157,3,451,914,50,50,1,-1,-1,-1
158,1,635,1159,50,50,1,-1,-1,-1
158,2,553,713,50,50,1,-1,-1,-1
158,3,436,933,50,50,1,-1,-1,-1
159,1,628,1176,50,50,1,-1,-1,-1
159,2,556,704,50,50,1,-1,-1,-1
159,3,440,950,50,50,1,-1,-1,-1
160,1,620,1189,50,50,1,-1,-1,-1
160,2,561,697,50,50,1,-1,-1,-1
160,3,448,965,50,50,1,-1,-1,-1
161,1,609,1195,50,50,1,-1,-1,-1
161,2,566,695,50,50,1,-1,-1,-1
161,3,453,985,50,50,1,-1,-1,-1
162,1,595,1193,50,50,1,-1,-1,-1
162,2,570,699,50,50,1,-1,-1,-1
162,3,452,1006,50,50,1,-1,-1,-1
163,1,580,1177,50,50,1,-1,-1,-1
163,2,576,708,50,50,1,-1,-1,-1
163,3,453,1027,50,50,1,-1,-1,-1
164,1,561,1138,50,50,1,-1,-1,-1
164,2,583,722,50,50,1,-1,-1,-1
164,3,454,1048,50,50,1,-1,-1,-1
165,1,551,1071,50,50,1,-1,-1,-1
165,2,590,743,50,50,1,-1,-1,-1
165,3,457,1068,50,50,1,-1,-1,-1
166,1,543,1002,50,50,1,-1,-1,-1
166,2,596,771,50,50,1,-1,-1,-1
166,3,461,1086,50,50,1,-1,-1,-1
167,1,542,938,50,50,1,-1,-1,-1
167,2,601,804,50,50,1,-1,-1,-1
167,3,463,1103,50,50,1,-1,-1,-1
168,1,542,888,50,50,1,-1,-1,-1
168,2,607,841,50,50,1,-1,-1,-1
168,3,461,1111,50,50,1,-1,-1,-1
169,1,540,821,50,50,1,-1,-1,-1
169,2,614,885,50,50,1,-1,-1,-1
169,3,457,1118,50,50,1,-1,-1,-1
170,1,538,765,50,50,1,-1,-1,-1
170,2,620,919,50,50,1,-1,-1,-1
170,3,453,1121,50,50,1,-1,-1,-1
171,1,537,711,50,50,1,-1,-1,-1
171,2,639,948,50,50,1,-1,-1,-1
171,3,450,1123,50,50,1,-1,-1,-1
172,1,536,677,50,50,1,-1,-1,-1
172,2,651,977,50,50,1,-1,-1,-1
172,3,447,1125,50,50,1,-1,-1,-1
173,1,536,641,50,50,1,-1,-1,-1
173,2,647,1003,50,50,1,-1,-1,-1
173,3,446,1125,50,50,1,-1,-1,-1
174,1,535,611,50,50,1,-1,-1,-1
174,2,642,1036,50,50,1,-1,-1,-1
174,3,444,1126,50,50,1,-1,-1,-1
175,1,535,588,50,50,1,-1,-1,-1
175,2,632,1069,50,50,1,-1,-1,-1
175,3,443,1127,50,50,1,-1,-1,-1
176,1,536,569,50,50,1,-1,-1,-1
176,2,623,1115,50,50,1,-1,-1,-1
176,3,443,1128,50,50,1,-1,-1,-1
177,1,536,557,50,50,1,-1,-1,-1
177,2,611,1144,50,50,1,-1,-1,-1
177,3,442,1127,50,50,1,-1,-1,-1
178,1,537,551,50,50,1,-1,-1,-1
178,2,597,1168,50,50,1,-1,-1,-1
178,3,441,1127,50,50,1,-1,-1,-1
179,1,539,549,50,50,1,-1,-1,-1
179,2,587,1175,50,50,1,-1,-1,-1
179,3,442,1125,50,50,1,-1,-1,-1
180,1,540,554,50,50,1,-1,-1,-1
180,2,574,1174,50,50,1,-1,-1,-1
180,3,442,1123,50,50,1,-1,-1,-1
181,1,542,564,50,50,1,-1,-1,-1
181,2,555,1152,50,50,1,-1,-1,-1
181,3,442,1122,50,50,1,-1,-1,-1
182,1,544,580,50,50,1,-1,-1,-1
182,2,537,1117,50,50,1,-1,-1,-1
182,3,441,1121,50,50,1,-1,-1,-1
183,1,547,602,50,50,1,-1,-1,-1
183,2,527,1062,50,50,1,-1,-1,-1
183,3,443,1121,50,50,1,-1,-1,-1
184,1,550,629,50,50,1,-1,-1,-1
184,2,517,1011,50,50,1,-1,-1,-1
184,3,445,1123,50,50,1,-1,-1,-1
185,1,553,662,50,50,1,-1,-1,-1
185,2,508,955,50,50,1,-1,-1,-1
185,3,447,1125,50,50,1,-1,-1,-1
186,1,557,700,50,50,1,-1,-1,-1
186,2,505,908,50,50,1,-1,-1,-1
186,3,449,1130,50,50,1,-1,-1,-1
187,1,565,738,50,50,1,-1,-1,-1
187,2,497,864,50,50,1,-1,-1,-1
187,3,453,1137,50,50,1,-1,-1,-1
188,1,573,802,50,50,1,-1,-1,-1
188,2,490,823,50,50,1,-1,-1,-1
188,3,458,1147,50,50,1,-1,-1,-1
189,1,574,858,50,50,1,-1,-1,-1
189,2,483,789,50,50,1,-1,-1,-1
189,3,463,1162,50,50,1,-1,-1,-1
190,1,575,904,50,50,1,-1,-1,-1
190,2,477,761,50,50,1,-1,-1,-1
190,3,467,1175,50,50,1,-1,-1,-1
191,1,575,937,50,50,1,-1,-1,-1
191,2,471,739,50,50,1,-1,-1,-1
191,3,474,1186,50,50,1,-1,-1,-1
192,1,589,956,50,50,1,-1,-1,-1
192,2,465,723,50,50,1,-1,-1,-1
192,3,485,1195,50,50,1,-1,-1,-1
193,1,596,971,50,50,1,-1,-1,-1
193,2,460,713,50,50,1,-1,-1,-1
193,3,500,1192,50,50,1,-1,-1,-1
194,1,606,985,50,50,1,-1,-1,-1
194,2,455,708,50,50,1,-1,-1,-1
194,3,515,1180,50,50,1,-1,-1,-1
195,1,615,998,50,50,1,-1,-1,-1
195,2,450,709,50,50,1,-1,-1,-1
195,3,530,1154,50,50,1,-1,-1,-1
196,1,624,1010,50,50,1,-1,-1,-1
196,2,446,715,50,50,1,-1,-1,-1
196,3,547,1136,50,50,1,-1,-1,-1
197,1,631,1023,50,50,1,-1,-1,-1
197,2,442,727,50,50,1,-1,-1,-1
197,3,535,1086,50,50,1,-1,-1,-1
198,1,634,1034,50,50,1,-1,-1,-1
198,2,438,744,50,50,1,-1,-1,-1
198,3,545,1009,50,50,1,-1,-1,-1
199,1,638,1045,50,50,1,-1,-1,-1
199,2,434,767,50,50,1,-1,-1,-1
199,3,541,947,50,50,1,-1,-1,-1
200,1,642,1055,50,50,1,-1,-1,-1
200,2,431,796,50,50,1,-1,-1,-1
200,3,518,928,50,50,1,-1,-1,-1
201,1,646,1064,50,50,1,-1,-1,-1
201,2,428,830,50,50,1,-1,-1,-1
201,3,470,906,50,50,1,-1,-1,-1
202,1,651,1071,50,50,1,-1,-1,-1
202,2,426,870,50,50,1,-1,-1,-1
202,3,503,720,50,50,1,-1,-1,-1
203,1,657,1077,50,50,1,-1,-1,-1
203,2,424,914,50,50,1,-1,-1,-1
203,3,501,680,50,50,1,-1,-1,-1
204,1,662,1084,50,50,1,-1,-1,-1
204,2,422,948,50,50,1,-1,-1,-1
204,3,497,639,50,50,1,-1,-1,-1
205,1,666,1090,50,50,1,-1,-1,-1
205,2,400,996,50,50,1,-1,-1,-1
205,3,492,602,50,50,1,-1,-1,-1
206,1,671,1095,50,50,1,-1,-1,-1
206,2,424,1016,50,50,1,-1,-1,-1
206,3,489,574,50,50,1,-1,-1,-1
207,1,675,1098,50,50,1,-1,-1,-1
207,2,432,1047,50,50,1,-1,-1,-1
207,3,486,552,50,50,1,-1,-1,-1
208,1,678,1100,50,50,1,-1,-1,-1
208,2,446,1077,50,50,1,-1,-1,-1
208,3,484,536,50,50,1,-1,-1,-1
209,1,681,1100,50,50,1,-1,-1,-1
209,2,485,1126,50,50,1,-1,-1,-1
209,3,481,524,50,50,1,-1,-1,-1
210,1,682,1101,50,50,1,-1,-1,-1
210,2,487,1145,50,50,1,-1,-1,-1
210,3,479,519,50,50,1,-1,-1,-1
211,1,684,1100,50,50,1,-1,-1,-1
211,2,503,1164,50,50,1,-1,-1,-1
211,3,477,519,50,50,1,-1,-1,-1
212,1,685,1099,50,50,1,-1,-1,-1
212,2,512,1186,50,50,1,-1,-1,-1
212,3,475,525,50,50,1,-1,-1,-1
213,1,686,1097,50,50,1,-1,-1,-1
213,2,510,1165,50,50,1,-1,-1,-1
213,3,474,536,50,50,1,-1,-1,-1
214,1,686,1095,50,50,1,-1,-1,-1
214,2,521,1128,50,50,1,-1,-1,-1
214,3,473,554,50,50,1,-1,-1,-1
215,1,684,1094,50,50,1,-1,-1,-1
215,2,547,1088,50,50,1,-1,-1,-1
215,3,472,578,50,50,1,-1,-1,-1
216,1,684,1093,50,50,1,-1,-1,-1
216,2,575,1015,50,50,1,-1,-1,-1
216,3,472,608,50,50,1,-1,-1,-1
217,1,683,1093,50,50,1,-1,-1,-1
217,2,561,907,50,50,1,-1,-1,-1
217,3,472,644,50,50,1,-1,-1,-1
218,1,682,1093,50,50,1,-1,-1,-1
218,2,528,872,50,50,1,-1,-1,-1
218,3,473,686,50,50,1,-1,-1,-1
219,1,680,1096,50,50,1,-1,-1,-1
219,2,499,882,50,50,1,-1,-1,-1
219,3,473,734,50,50,1,-1,-1,-1
220,1,678,1101,50,50,1,-1,-1,-1
220,2,475,877,50,50,1,-1,-1,-1
220,3,474,789,50,50,1,-1,-1,-1
221,1,674,1111,50,50,1,-1,-1,-1
221,2,452,892,50,50,1,-1,-1,-1
221,3,476,849,50,50,1,-1,-1,-1
222,1,666,1122,50,50,1,-1,-1,-1
222,2,458,939,50,50,1,-1,-1,-1
222,3,487,883,50,50,1,-1,-1,-1
223,1,662,1135,50,50,1,-1,-1,-1
223,2,455,962,50,50,1,-1,-1,-1
223,3,473,907,50,50,1,-1,-1,-1
224,1,654,1152,50,50,1,-1,-1,-1
224,2,452,981,50,50,1,-1,-1,-1
224,3,473,930,50,50,1,-1,-1,-1
225,1,646,1169,50,50,1,-1,-1,-1
225,2,453,1002,50,50,1,-1,-1,-1
225,3,470,953,50,50,1,-1,-1,-1
226,1,639,1184,50,50,1,-1,-1,-1
226,2,455,1025,50,50,1,-1,-1,-1
226,3,471,976,50,50,1,-1,-1,-1
227,1,630,1195,50,50,1,-1,-1,-1
227,2,452,1048,50,50,1,-1,-1,-1
227,3,472,1001,50,50,1,-1,-1,-1
228,1,618,1197,50,50,1,-1,-1,-1
228,2,454,1070,50,50,1,-1,-1,-1
228,3,470,1025,50,50,1,-1,-1,-1
229,1,605,1188,50,50,1,-1,-1,-1
229,2,457,1091,50,50,1,-1,-1,-1
229,3,472,1046,50,50,1,-1,-1,-1
230,1,591,1165,50,50,1,-1,-1,-1
230,2,492,1110,50,50,1,-1,-1,-1
230,3,478,1066,50,50,1,-1,-1,-1
231,1,577,1122,50,50,1,-1,-1,-1
231,2,492,1125,50,50,1,-1,-1,-1
231,3,485,1087,50,50,1,-1,-1,-1
232,1,573,1052,50,50,1,-1,-1,-1
232,2,490,1136,50,50,1,-1,-1,-1
232,3,484,1101,50,50,1,-1,-1,-1
233,1,571,983,50,50,1,-1,-1,-1
233,2,489,1144,50,50,1,-1,-1,-1
233,3,482,1112,50,50,1,-1,-1,-1
234,1,573,918,50,50,1,-1,-1,-1
234,2,487,1148,50,50,1,-1,-1,-1
234,3,477,1119,50,50,1,-1,-1,-1
235,1,577,858,50,50,1,-1,-1,-1
235,2,462,1093,50,50,1,-1,-1,-1
235,3,474,1121,50,50,1,-1,-1,-1
236,1,580,802,50,50,1,-1,-1,-1
236,2,613,960,50,50,1,-1,-1,-1
236,3,471,1123,50,50,1,-1,-1,-1
237,1,579,738,50,50,1,-1,-1,-1
237,2,672,871,50,50,1,-1,-1,-1
237,3,469,1124,50,50,1,-1,-1,-1
238,1,576,697,50,50,1,-1,-1,-1
238,2,679,905,50,50,1,-1,-1,-1
238,3,464,1123,50,50,1,-1,-1,-1
239,1,577,656,50,50,1,-1,-1,-1
239,2,692,930,50,50,1,-1,-1,-1
239,3,461,1124,50,50,1,-1,-1,-1
240,1,578,622,50,50,1,-1,-1,-1
240,2,696,960,50,50,1,-1,-1,-1
240,3,459,1125,50,50,1,-1,-1,-1
241,1,580,593,50,50,1,-1,-1,-1
241,2,694,993,50,50,1,-1,-1,-1
241,3,456,1126,50,50,1,-1,-1,-1
242,1,582,570,50,50,1,-1,-1,-1
242,2,686,1031,50,50,1,-1,-1,-1
242,3,453,1126,50,50,1,-1,-1,-1
243,1,584,554,50,50,1,-1,-1,-1
243,2,678,1070,50,50,1,-1,-1,-1
243,3,454,1127,50,50,1,-1,-1,-1
244,1,587,542,50,50,1,-1,-1,-1
244,2,679,1106,50,50,1,-1,-1,-1
244,3,453,1126,50,50,1,-1,-1,-1
245,1,590,537,50,50,1,-1,-1,-1
245,2,645,1164,50,50,1,-1,-1,-1
245,3,452,1126,50,50,1,-1,-1,-1
246,1,593,537,50,50,1,-1,-1,-1
246,2,631,1179,50,50,1,-1,-1,-1
246,3,453,1125,50,50,1,-1,-1,-1
247,1,597,542,50,50,1,-1,-1,-1
247,2,619,1173,50,50,1,-1,-1,-1
247,3,454,1125,50,50,1,-1,-1,-1
248,1,601,554,50,50,1,-1,-1,-1
248,2,604,1153,50,50,1,-1,-1,-1
248,3,457,1126,50,50,1,-1,-1,-1
249,1,605,571,50,50,1,-1,-1,-1
249,2,598,1116,50,50,1,-1,-1,-1
249,3,457,1125,50,50,1,-1,-1,-1
250,1,610,593,50,50,1,-1,-1,-1
250,2,575,1056,50,50,1,-1,-1,-1
250,3,457,1126,50,50,1,-1,-1,-1
251,1,615,622,50,50,1,-1,-1,-1
251,2,566,999,50,50,1,-1,-1,-1
251,3,459,1129,50,50,1,-1,-1,-1
252,1,620,656,50,50,1,-1,-1,-1
252,2,557,949,50,50,1,-1,-1,-1
252,3,461,1133,50,50,1,-1,-1,-1
253,1,626,696,50,50,1,-1,-1,-1
253,2,549,907,50,50,1,-1,-1,-1
253,3,464,1138,50,50,1,-1,-1,-1
254,1,632,741,50,50,1,-1,-1,-1
254,2,541,876,50,50,1,-1,-1,-1
254,3,468,1145,50,50,1,-1,-1,-1
255,1,638,792,50,50,1,-1,-1,-1
255,2,524,832,50,50,1,-1,-1,-1
255,3,473,1158,50,50,1,-1,-1,-1
256,1,645,850,50,50,1,-1,-1,-1
256,2,519,809,50,50,1,-1,-1,-1
256,3,477,1172,50,50,1,-1,-1,-1
257,1,649,908,50,50,1,-1,-1,-1
257,2,510,781,50,50,1,-1,-1,-1
257,3,481,1189,50,50,1,-1,-1,-1
258,1,646,944,50,50,1,-1,-1,-1
258,2,505,763,50,50,1,-1,-1,-1
258,3,486,1203,50,50,1,-1,-1,-1
259,1,644,988,50,50,1,-1,-1,-1
259,2,498,753,50,50,1,-1,-1,-1
259,3,496,1210,50,50,1,-1,-1,-1
260,1,659,1019,50,50,1,-1,-1,-1
260,2,492,749,50,50,1,-1,-1,-1
260,3,509,1208,50,50,1,-1,-1,-1
261,1,656,1026,50,50,1,-1,-1,-1
261,2,486,750,50,50,1,-1,-1,-1
261,3,526,1193,50,50,1,-1,-1,-1
262,1,656,1033,50,50,1,-1,-1,-1
262,2,479,755,50,50,1,-1,-1,-1
262,3,540,1160,50,50,1,-1,-1,-1
263,1,644,1034,50,50,1,-1,-1,-1
263,2,472,765,50,50,1,-1,-1,-1
263,3,547,1105,50,50,1,-1,-1,-1
264,1,653,1047,50,50,1,-1,-1,-1
264,2,466,782,50,50,1,-1,-1,-1
264,3,536,1034,50,50,1,-1,-1,-1
265,1,632,1044,50,50,1,-1,-1,-1
265,2,460,805,50,50,1,-1,-1,-1
265,3,532,964,50,50,1,-1,-1,-1
266,1,635,1053,50,50,1,-1,-1,-1
266,2,455,833,50,50,1,-1,-1,-1
266,3,522,901,50,50,1,-1,-1,-1
267,1,654,1026,50,50,1,-1,-1,-1
267,2,451,868,50,50,1,-1,-1,-1
267,3,510,839,50,50,1,-1,-1,-1
268,1,655,1033,50,50,1,-1,-1,-1
268,2,446,907,50,50,1,-1,-1,-1
268,3,501,780,50,50,1,-1,-1,-1
269,1,656,1040,50,50,1,-1,-1,-1
269,2,443,949,50,50,1,-1,-1,-1
269,3,498,727,50,50,1,-1,-1,-1
270,1,658,1048,50,50,1,-1,-1,-1
270,2,436,982,50,50,1,-1,-1,-1
270,3,492,682,50,50,1,-1,-1,-1
271,1,660,1056,50,50,1,-1,-1,-1
271,2,421,1012,50,50,1,-1,-1,-1
271,3,485,642,50,50,1,-1,-1,-1
272,1,677,1062,50,50,1,-1,-1,-1
272,2,422,1042,50,50,1,-1,-1,-1
272,3,479,609,50,50,1,-1,-1,-1
273,1,677,1069,50,50,1,-1,-1,-1
273,2,426,1071,50,50,1,-1,-1,-1
273,3,473,581,50,50,1,-1,-1,-1
274,1,673,1076,50,50,1,-1,-1,-1
274,2,436,1088,50,50,1,-1,-1,-1
274,3,467,558,50,50,1,-1,-1,-1
275,1,675,1079,50,50,1,-1,-1,-1
275,2,439,1100,50,50,1,-1,-1,-1
275,3,462,542,50,50,1,-1,-1,-1
276,1,675,1081,50,50,1,-1,-1,-1
276,2,449,1169,50,50,1,-1,-1,-1
276,3,457,532,50,50,1,-1,-1,-1
277,1,675,1082,50,50,1,-1,-1,-1
277,2,463,1185,50,50,1,-1,-1,-1
277,3,453,527,50,50,1,-1,-1,-1
278,1,675,1082,50,50,1,-1,-1,-1
278,2,474,1188,50,50,1,-1,-1,-1
278,3,449,527,50,50,1,-1,-1,-1
279,1,675,1081,50,50,1,-1,-1,-1
279,2,485,1181,50,50,1,-1,-1,-1
279,3,445,533,50,50,1,-1,-1,-1
280,1,674,1081,50,50,1,-1,-1,-1
280,2,497,1159,50,50,1,-1,-1,-1
280,3,441,545,50,50,1,-1,-1,-1
281,1,673,1082,50,50,1,-1,-1,-1
281,2,497,1129,50,50,1,-1,-1,-1
281,3,437,563,50,50,1,-1,-1,-1
282,1,671,1085,50,50,1,-1,-1,-1
282,2,497,1100,50,50,1,-1,-1,-1
282,3,434,585,50,50,1,-1,-1,-1
283,1,666,1089,50,50,1,-1,-1,-1
283,2,523,1033,50,50,1,-1,-1,-1
283,3,432,614,50,50,1,-1,-1,-1
284,1,663,1094,50,50,1,-1,-1,-1
284,2,528,977,50,50,1,-1,-1,-1
284,3,429,649,50,50,1,-1,-1,-1
285,1,656,1104,50,50,1,-1,-1,-1
285,2,508,950,50,50,1,-1,-1,-1
285,3,427,689,50,50,1,-1,-1,-1
286,1,649,1114,50,50,1,-1,-1,-1
286,2,487,924,50,50,1,-1,-1,-1
286,3,425,735,50,50,1,-1,-1,-1
287,1,643,1124,50,50,1,-1,-1,-1
287,2,440,901,50,50,1,-1,-1,-1
287,3,424,786,50,50,1,-1,-1,-1
288,1,634,1139,50,50,1,-1,-1,-1
288,2,416,910,50,50,1,-1,-1,-1
288,3,422,843,50,50,1,-1,-1,-1
289,1,626,1154,50,50,1,-1,-1,-1
289,2,455,942,50,50,1,-1,-1,-1
289,3,422,904,50,50,1,-1,-1,-1
290,1,620,1171,50,50,1,-1,-1,-1
290,2,533,707,50,50,1,-1,-1,-1
290,3,426,945,50,50,1,-1,-1,-1
291,1,614,1186,50,50,1,-1,-1,-1
291,2,538,691,50,50,1,-1,-1,-1
291,3,420,964,50,50,1,-1,-1,-1
292,1,606,1198,50,50,1,-1,-1,-1
292,2,544,678,50,50,1,-1,-1,-1
292,3,421,980,50,50,1,-1,-1,-1
293,1,594,1201,50,50,1,-1,-1,-1
293,2,550,671,50,50,1,-1,-1,-1
293,3,429,994,50,50,1,-1,-1,-1
294,1,582,1198,50,50,1,-1,-1,-1
294,2,557,669,50,50,1,-1,-1,-1
294,3,438,1005,50,50,1,-1,-1,-1
295,1,568,1186,50,50,1,-1,-1,-1
295,2,564,673,50,50,1,-1,-1,-1
295,3,444,1013,50,50,1,-1,-1,-1
296,1,551,1153,50,50,1,-1,-1,-1
296,2,571,683,50,50,1,-1,-1,-1
296,3,451,1019,50,50,1,-1,-1,-1
297,1,533,1131,50,50,1,-1,-1,-1
297,2,578,699,50,50,1,-1,-1,-1
297,3,456,1025,50,50,1,-1,-1,-1
298,1,543,1077,50,50,1,-1,-1,-1
298,2,586,720,50,50,1,-1,-1,-1
298,3,458,1026,50,50,1,-1,-1,-1
299,1,572,946,50,50,1,-1,-1,-1
299,2,595,747,50,50,1,-1,-1,-1
299,3,459,1028,50,50,1,-1,-1,-1
300,1,575,904,50,50,1,-1,-1,-1
300,2,603,781,50,50,1,-1,-1,-1
300,3,459,1030,50,50,1,-1,-1,-1
301,1,582,890,50,50,1,-1,-1,-1
301,2,612,820,50,50,1,-1,-1,-1
301,3,459,1033,50,50,1,-1,-1,-1
302,1,602,897,50,50,1,-1,-1,-1
302,2,621,867,50,50,1,-1,-1,-1
302,3,457,1035,50,50,1,-1,-1,-1
303,1,630,906,50,50,1,-1,-1,-1
303,2,661,923,50,50,1,-1,-1,-1
303,3,456,1037,50,50,1,-1,-1,-1
304,1,640,942,50,50,1,-1,-1,-1
304,2,664,981,50,50,1,-1,-1,-1
304,3,454,1039,50,50,1,-1,-1,-1
305,1,652,971,50,50,1,-1,-1,-1
305,2,669,1012,50,50,1,-1,-1,-1
305,3,452,1043,50,50,1,-1,-1,-1
306,1,653,1000,50,50,1,-1,-1,-1
306,2,515,590,50,50,1,-1,-1,-1
306,3,450,1046,50,50,1,-1,-1,-1
307,1,652,1030,50,50,1,-1,-1,-1
307,2,514,561,50,50,1,-1,-1,-1
307,3,447,1049,50,50,1,-1,-1,-1
308,1,641,1053,50,50,1,-1,-1,-1
308,2,513,539,50,50,1,-1,-1,-1
308,3,445,1051,50,50,1,-1,-1,-1
309,1,636,1101,50,50,1,-1,-1,-1
309,2,513,522,50,50,1,-1,-1,-1
309,3,442,1053,50,50,1,-1,-1,-1
310,1,611,1136,50,50,1,-1,-1,-1
310,2,513,511,50,50,1,-1,-1,-1
310,3,439,1055,50,50,1,-1,-1,-1
311,1,599,1164,50,50,1,-1,-1,-1
311,2,513,506,50,50,1,-1,-1,-1
311,3,436,1055,50,50,1,-1,-1,-1
312,1,588,1179,50,50,1,-1,-1,-1
312,2,514,505,50,50,1,-1,-1,-1
312,3,433,1056,50,50,1,-1,-1,-1
313,1,575,1185,50,50,1,-1,-1,-1
313,2,515,511,50,50,1,-1,-1,-1
313,3,430,1056,50,50,1,-1,-1,-1
314,1,553,1174,50,50,1,-1,-1,-1
314,2,516,522,50,50,1,-1,-1,-1
314,3,428,1058,50,50,1,-1,-1,-1
315,1,533,1149,50,50,1,-1,-1,-1
315,2,518,539,50,50,1,-1,-1,-1
315,3,426,1060,50,50,1,-1,-1,-1
316,1,512,1102,50,50,1,-1,-1,-1
316,2,519,562,50,50,1,-1,-1,-1
316,3,422,1064,50,50,1,-1,-1,-1
317,1,501,1046,50,50,1,-1,-1,-1
317,2,521,589,50,50,1,-1,-1,-1
317,3,421,1067,50,50,1,-1,-1,-1
318,1,488,984,50,50,1,-1,-1,-1
318,2,524,624,50,50,1,-1,-1,-1
318,3,419,1069,50,50,1,-1,-1,-1
319,1,481,928,50,50,1,-1,-1,-1
319,2,527,665,50,50,1,-1,-1,-1
319,3,418,1074,50,50,1,-1,-1,-1
320,1,475,879,50,50,1,-1,-1,-1
320,2,530,705,50,50,1,-1,-1,-1
320,3,419,1082,50,50,1,-1,-1,-1
321,1,466,831,50,50,1,-1,-1,-1
321,2,535,763,50,50,1,-1,-1,-1
321,3,421,1093,50,50,1,-1,-1,-1
322,1,458,790,50,50,1,-1,-1,-1
322,2,541,819,50,50,1,-1,-1,-1
322,3,425,1109,50,50,1,-1,-1,-1
323,1,450,755,50,50,1,-1,-1,-1
323,2,542,892,50,50,1,-1,-1,-1
323,3,428,1129,50,50,1,-1,-1,-1
324,1,443,727,50,50,1,-1,-1,-1
324,2,585,960,50,50,1,-1,-1,-1
324,3,432,1152,50,50,1,-1,-1,-1
325,1,436,704,50,50,1,-1,-1,-1
325,2,567,934,50,50,1,-1,-1,-1
325,3,438,1174,50,50,1,-1,-1,-1
326,1,430,687,50,50,1,-1,-1,-1
326,2,572,951,50,50,1,-1,-1,-1
326,3,449,1190,50,50,1,-1,-1,-1
327,1,423,675,50,50,1,-1,-1,-1
327,2,578,967,50,50,1,-1,-1,-1
327,3,462,1199,50,50,1,-1,-1,-1
328,1,417,670,50,50,1,-1,-1,-1
328,2,584,981,50,50,1,-1,-1,-1
328,3,477,1198,50,50,1,-1,-1,-1
329,1,412,670,50,50,1,-1,-1,-1
329,2,591,994,50,50,1,-1,-1,-1
329,3,492,1180,50,50,1,-1,-1,-1
330,1,407,676,50,50,1,-1,-1,-1
330,2,596,1006,50,50,1,-1,-1,-1
330,3,504,1141,50,50,1,-1,-1,-1
331,1,402,687,50,50,1,-1,-1,-1
331,2,606,1016,50,50,1,-1,-1,-1
331,3,501,1068,50,50,1,-1,-1,-1
332,1,397,704,50,50,1,-1,-1,-1
332,2,612,1024,50,50,1,-1,-1,-1
332,3,495,990,50,50,1,-1,-1,-1
333,1,393,726,50,50,1,-1,-1,-1
333,2,618,1032,50,50,1,-1,-1,-1
333,3,483,923,50,50,1,-1,-1,-1
334,1,389,754,50,50,1,-1,-1,-1
334,2,622,1037,50,50,1,-1,-1,-1
334,3,476,858,50,50,1,-1,-1,-1
335,1,385,785,50,50,1,-1,-1,-1
335,2,626,1042,50,50,1,-1,-1,-1
335,3,468,796,50,50,1,-1,-1,-1
336,1,382,823,50,50,1,-1,-1,-1
336,2,630,1047,50,50,1,-1,-1,-1
336,3,461,740,50,50,1,-1,-1,-1
337,1,378,868,50,50,1,-1,-1,-1
337,2,635,1052,50,50,1,-1,-1,-1
337,3,454,691,50,50,1,-1,-1,-1
338,1,377,916,50,50,1,-1,-1,-1
338,2,640,1058,50,50,1,-1,-1,-1
338,3,447,647,50,50,1,-1,-1,-1
339,1,375,950,50,50,1,-1,-1,-1
339,2,646,1063,50,50,1,-1,-1,-1
339,3,441,609,50,50,1,-1,-1,-1
340,1,379,985,50,50,1,-1,-1,-1
340,2,650,1068,50,50,1,-1,-1,-1
340,3,434,577,50,50,1,-1,-1,-1
341,1,389,1020,50,50,1,-1,-1,-1
341,2,652,1073,50,50,1,-1,-1,-1
341,3,429,551,50,50,1,-1,-1,-1
342,1,400,1057,50,50,1,-1,-1,-1
342,2,657,1079,50,50,1,-1,-1,-1
342,3,423,531,50,50,1,-1,-1,-1
343,1,405,1092,50,50,1,-1,-1,-1
343,2,659,1082,50,50,1,-1,-1,-1
343,3,418,517,50,50,1,-1,-1,-1
344,1,441,1142,50,50,1,-1,-1,-1
344,2,660,1086,50,50,1,-1,-1,-1
344,3,414,508,50,50,1,-1,-1,-1
345,1,457,1171,50,50,1,-1,-1,-1
345,2,661,1090,50,50,1,-1,-1,-1
345,3,409,505,50,50,1,-1,-1,-1
346,1,474,1182,50,50,1,-1,-1,-1
346,2,657,1095,50,50,1,-1,-1,-1
346,3,405,508,50,50,1,-1,-1,-1
347,1,484,1174,50,50,1,-1,-1,-1
347,2,656,1098,50,50,1,-1,-1,-1
347,3,401,516,50,50,1,-1,-1,-1
348,1,494,1151,50,50,1,-1,-1,-1
348,2,656,1100,50,50,1,-1,-1,-1
348,3,398,531,50,50,1,-1,-1,-1
349,1,484,1128,50,50,1,-1,-1,-1
349,2,655,1102,50,50,1,-1,-1,-1
349,3,395,551,50,50,1,-1,-1,-1
350,1,488,1083,50,50,1,-1,-1,-1
350,2,653,1104,50,50,1,-1,-1,-1
350,3,392,577,50,50,1,-1,-1,-1
351,1,519,1015,50,50,1,-1,-1,-1
351,2,652,1108,50,50,1,-1,-1,-1
351,3,389,609,50,50,1,-1,-1,-1
352,1,521,962,50,50,1,-1,-1,-1
352,2,648,1112,50,50,1,-1,-1,-1
352,3,387,646,50,50,1,-1,-1,-1
353,1,501,936,50,50,1,-1,-1,-1
353,2,639,1120,50,50,1,-1,-1,-1
353,3,384,690,50,50,1,-1,-1,-1
354,1,479,914,50,50,1,-1,-1,-1
354,2,635,1127,50,50,1,-1,-1,-1
354,3,383,739,50,50,1,-1,-1,-1
355,1,447,901,50,50,1,-1,-1,-1
355,2,631,1135,50,50,1,-1,-1,-1
355,3,381,793,50,50,1,-1,-1,-1
356,1,436,909,50,50,1,-1,-1,-1
356,2,625,1145,50,50,1,-1,-1,-1
356,3,380,858,50,50,1,-1,-1,-1
357,1,411,900,50,50,1,-1,-1,-1
357,2,618,1157,50,50,1,-1,-1,-1
357,3,376,903,50,50,1,-1,-1,-1
358,1,349,967,50,50,1,-1,-1,-1
358,2,614,1169,50,50,1,-1,-1,-1
358,3,369,930,50,50,1,-1,-1,-1
359,1,349,986,50,50,1,-1,-1,-1
359,2,607,1181,50,50,1,-1,-1,-1
359,3,367,948,50,50,1,-1,-1,-1
360,1,552,679,50,50,1,-1,-1,-1
360,2,600,1187,50,50,1,-1,-1,-1
360,3,372,964,50,50,1,-1,-1,-1
361,1,559,674,50,50,1,-1,-1,-1
361,2,589,1187,50,50,1,-1,-1,-1
361,3,377,981,50,50,1,-1,-1,-1
362,1,566,674,50,50,1,-1,-1,-1
362,2,579,1180,50,50,1,-1,-1,-1
362,3,387,998,50,50,1,-1,-1,-1
363,1,574,680,50,50,1,-1,-1,-1
363,2,564,1152,50,50,1,-1,-1,-1
363,3,395,1016,50,50,1,-1,-1,-1
364,1,583,692,50,50,1,-1,-1,-1
364,2,550,1099,50,50,1,-1,-1,-1
364,3,408,1032,50,50,1,-1,-1,-1
365,1,591,710,50,50,1,-1,-1,-1
365,2,550,1028,50,50,1,-1,-1,-1
365,3,417,1045,50,50,1,-1,-1,-1
366,1,600,733,50,50,1,-1,-1,-1
366,2,550,956,50,50,1,-1,-1,-1
366,3,421,1057,50,50,1,-1,-1,-1
367,1,609,762,50,50,1,-1,-1,-1
367,2,550,895,50,50,1,-1,-1,-1
367,3,426,1074,50,50,1,-1,-1,-1
368,1,619,796,50,50,1,-1,-1,-1
368,2,551,824,50,50,1,-1,-1,-1
368,3,425,1081,50,50,1,-1,-1,-1
369,1,629,837,50,50,1,-1,-1,-1
369,2,555,760,50,50,1,-1,-1,-1
369,3,425,1084,50,50,1,-1,-1,-1
370,1,639,879,50,50,1,-1,-1,-1
370,2,550,705,50,50,1,-1,-1,-1
370,3,424,1088,50,50,1,-1,-1,-1
371,1,651,916,50,50,1,-1,-1,-1
371,2,550,662,50,50,1,-1,-1,-1
371,3,423,1090,50,50,1,-1,-1,-1
372,1,662,941,50,50,1,-1,-1,-1
372,2,551,620,50,50,1,-1,-1,-1
372,3,421,1091,50,50,1,-1,-1,-1
373,1,669,973,50,50,1,-1,-1,-1
373,2,552,585,50,50,1,-1,-1,-1
373,3,420,1093,50,50,1,-1,-1,-1
374,1,673,1010,50,50,1,-1,-1,-1
374,2,554,554,50,50,1,-1,-1,-1
374,3,418,1095,50,50,1,-1,-1,-1
375,1,661,1047,50,50,1,-1,-1,-1
375,2,556,529,50,50,1,-1,-1,-1
375,3,416,1098,50,50,1,-1,-1,-1
376,1,656,1078,50,50,1,-1,-1,-1
376,2,558,511,50,50,1,-1,-1,-1
376,3,415,1100,50,50,1,-1,-1,-1
377,1,644,1093,50,50,1,-1,-1,-1
377,2,560,498,50,50,1,-1,-1,-1
377,3,414,1101,50,50,1,-1,-1,-1
378,1,635,1107,50,50,1,-1,-1,-1
378,2,563,491,50,50,1,-1,-1,-1
378,3,414,1102,50,50,1,-1,-1,-1
379,1,608,1183,50,50,1,-1,-1,-1
379,2,566,489,50,50,1,-1,-1,-1
379,3,413,1103,50,50,1,-1,-1,-1
380,1,598,1180,50,50,1,-1,-1,-1
380,2,569,492,50,50,1,-1,-1,-1
380,3,414,1104,50,50,1,-1,-1,-1
381,1,585,1163,50,50,1,-1,-1,-1
381,2,573,501,50,50,1,-1,-1,-1
381,3,415,1105,50,50,1,-1,-1,-1
382,1,578,1132,50,50,1,-1,-1,-1
382,2,577,515,50,50,1,-1,-1,-1
382,3,418,1106,50,50,1,-1,-1,-1
383,1,556,1076,50,50,1,-1,-1,-1
383,2,581,535,50,50,1,-1,-1,-1
383,3,420,1109,50,50,1,-1,-1,-1
384,1,551,1021,50,50,1,-1,-1,-1
384,2,585,561,50,50,1,-1,-1,-1
384,3,423,1114,50,50,1,-1,-1,-1
385,1,540,970,50,50,1,-1,-1,-1
385,2,590,590,50,50,1,-1,-1,-1
385,3,428,1120,50,50,1,-1,-1,-1
386,1,535,924,50,50,1,-1,-1,-1
386,2,595,629,50,50,1,-1,-1,-1
386,3,434,1128,50,50,1,-1,-1,-1
387,1,525,885,50,50,1,-1,-1,-1
387,2,601,671,50,50,1,-1,-1,-1
387,3,439,1137,50,50,1,-1,-1,-1
388,1,512,845,50,50,1,-1,-1,-1
388,2,607,719,50,50,1,-1,-1,-1
388,3,446,1149,50,50,1,-1,-1,-1
389,1,504,816,50,50,1,-1,-1,-1
389,2,613,772,50,50,1,-1,-1,-1
389,3,454,1161,50,50,1,-1,-1,-1
390,1,497,790,50,50,1,-1,-1,-1
390,2,619,830,50,50,1,-1,-1,-1
390,3,464,1174,50,50,1,-1,-1,-1
391,1,491,769,50,50,1,-1,-1,-1
391,2,626,891,50,50,1,-1,-1,-1
391,3,477,1184,50,50,1,-1,-1,-1
392,1,485,757,50,50,1,-1,-1,-1
392,2,619,926,50,50,1,-1,-1,-1
392,3,491,1191,50,50,1,-1,-1,-1
393,1,479,749,50,50,1,-1,-1,-1
393,2,634,942,50,50,1,-1,-1,-1
393,3,504,1191,50,50,1,-1,-1,-1
394,1,473,747,50,50,1,-1,-1,-1
394,2,636,959,50,50,1,-1,-1,-1
394,3,517,1182,50,50,1,-1,-1,-1
395,1,467,751,50,50,1,-1,-1,-1
395,2,636,972,50,50,1,-1,-1,-1
395,3,531,1160,50,50,1,-1,-1,-1
396,1,461,760,50,50,1,-1,-1,-1
396,2,635,983,50,50,1,-1,-1,-1
396,3,541,1118,50,50,1,-1,-1,-1
397,1,455,775,50,50,1,-1,-1,-1
397,2,634,993,50,50,1,-1,-1,-1
397,3,549,1073,50,50,1,-1,-1,-1
398,1,450,795,50,50,1,-1,-1,-1
398,2,634,1001,50,50,1,-1,-1,-1
398,3,543,1020,50,50,1,-1,-1,-1
399,1,445,822,50,50,1,-1,-1,-1
399,2,632,1007,50,50,1,-1,-1,-1
399,3,541,958,50,50,1,-1,-1,-1
400,1,440,853,50,50,1,-1,-1,-1
400,2,632,1014,50,50,1,-1,-1,-1
400,3,505,934,50,50,1,-1,-1,-1
401,1,436,891,50,50,1,-1,-1,-1
401,2,630,1018,50,50,1,-1,-1,-1
401,3,447,931,50,50,1,-1,-1,-1
402,1,433,929,50,50,1,-1,-1,-1
402,2,632,1024,50,50,1,-1,-1,-1
402,3,479,947,50,50,1,-1,-1,-1
403,1,429,966,50,50,1,-1,-1,-1
403,2,635,1031,50,50,1,-1,-1,-1
403,3,463,963,50,50,1,-1,-1,-1
404,1,418,996,50,50,1,-1,-1,-1
404,2,642,1037,50,50,1,-1,-1,-1
404,3,450,990,50,50,1,-1,-1,-1
405,1,414,1029,50,50,1,-1,-1,-1
405,2,642,1043,50,50,1,-1,-1,-1
405,3,466,622,50,50,1,-1,-1,-1
406,1,420,1059,50,50,1,-1,-1,-1
406,2,646,1048,50,50,1,-1,-1,-1
406,3,459,593,50,50,1,-1,-1,-1
407,1,433,1103,50,50,1,-1,-1,-1
407,2,648,1054,50,50,1,-1,-1,-1
407,3,453,571,50,50,1,-1,-1,-1
408,1,437,1142,50,50,1,-1,-1,-1
408,2,648,1060,50,50,1,-1,-1,-1
408,3,447,554,50,50,1,-1,-1,-1
409,1,441,1168,50,50,1,-1,-1,-1
409,2,642,1071,50,50,1,-1,-1,-1
409,3,441,543,50,50,1,-1,-1,-1
410,1,453,1184,50,50,1,-1,-1,-1
410,2,655,1077,50,50,1,-1,-1,-1
410,3,436,538,50,50,1,-1,-1,-1
411,1,467,1186,50,50,1,-1,-1,-1
411,2,655,1081,50,50,1,-1,-1,-1
411,3,430,539,50,50,1,-1,-1,-1
412,1,479,1175,50,50,1,-1,-1,-1
412,2,654,1086,50,50,1,-1,-1,-1
412,3,426,544,50,50,1,-1,-1,-1
413,1,492,1150,50,50,1,-1,-1,-1
413,2,653,1089,50,50,1,-1,-1,-1
413,3,421,555,50,50,1,-1,-1,-1
414,1,493,1107,50,50,1,-1,-1,-1
414,2,653,1091,50,50,1,-1,-1,-1
414,3,417,572,50,50,1,-1,-1,-1
415,1,499,1074,50,50,1,-1,-1,-1
415,2,646,1098,50,50,1,-1,-1,-1
415,3,413,595,50,50,1,-1,-1,-1
416,1,522,1012,50,50,1,-1,-1,-1
416,2,643,1103,50,50,1,-1,-1,-1
416,3,409,624,50,50,1,-1,-1,-1
417,1,509,917,50,50,1,-1,-1,-1
417,2,641,1109,50,50,1,-1,-1,-1
417,3,406,658,50,50,1,-1,-1,-1
418,1,513,877,50,50,1,-1,-1,-1
418,2,637,1118,50,50,1,-1,-1,-1
418,3,403,697,50,50,1,-1,-1,-1
419,1,515,832,50,50,1,-1,-1,-1
419,2,630,1128,50,50,1,-1,-1,-1
419,3,400,743,50,50,1,-1,-1,-1
420,1,525,796,50,50,1,-1,-1,-1
420,2,628,1140,50,50,1,-1,-1,-1
420,3,397,794,50,50,1,-1,-1,-1
421,1,531,764,50,50,1,-1,-1,-1
421,2,621,1156,50,50,1,-1,-1,-1
421,3,395,849,50,50,1,-1,-1,-1
422,1,540,735,50,50,1,-1,-1,-1
422,2,618,1171,50,50,1,-1,-1,-1
422,3,394,904,50,50,1,-1,-1,-1
423,1,545,718,50,50,1,-1,-1,-1
423,2,614,1187,50,50,1,-1,-1,-1
423,3,387,940,50,50,1,-1,-1,-1
424,1,551,707,50,50,1,-1,-1,-1
424,2,611,1200,50,50,1,-1,-1,-1
424,3,386,964,50,50,1,-1,-1,-1
425,1,558,701,50,50,1,-1,-1,-1
425,2,608,1210,50,50,1,-1,-1,-1
425,3,391,983,50,50,1,-1,-1,-1
426,1,566,699,50,50,1,-1,-1,-1
426,2,600,1211,50,50,1,-1,-1,-1
426,3,399,1000,50,50,1,-1,-1,-1
427,1,573,703,50,50,1,-1,-1,-1
427,2,589,1204,50,50,1,-1,-1,-1
427,3,411,1013,50,50,1,-1,-1,-1
428,1,581,712,50,50,1,-1,-1,-1
428,2,581,1207,50,50,1,-1,-1,-1
428,3,420,1023,50,50,1,-1,-1,-1
429,1,590,727,50,50,1,-1,-1,-1
429,2,573,1167,50,50,1,-1,-1,-1
429,3,432,1031,50,50,1,-1,-1,-1
430,1,598,748,50,50,1,-1,-1,-1
430,2,586,1092,50,50,1,-1,-1,-1
430,3,439,1039,50,50,1,-1,-1,-1
431,1,607,775,50,50,1,-1,-1,-1
431,2,591,970,50,50,1,-1,-1,-1
431,3,441,1045,50,50,1,-1,-1,-1
432,1,617,807,50,50,1,-1,-1,-1
432,2,551,909,50,50,1,-1,-1,-1
432,3,445,1048,50,50,1,-1,-1,-1
433,1,626,845,50,50,1,-1,-1,-1
433,2,545,873,50,50,1,-1,-1,-1
433,3,446,1050,50,50,1,-1,-1,-1
434,1,636,888,50,50,1,-1,-1,-1
434,2,545,786,50,50,1,-1,-1,-1
434,3,440,1055,50,50,1,-1,-1,-1
435,1,643,923,50,50,1,-1,-1,-1
435,2,545,713,50,50,1,-1,-1,-1
435,3,441,1055,50,50,1,-1,-1,-1
436,1,658,953,50,50,1,-1,-1,-1
436,2,544,672,50,50,1,-1,-1,-1
436,3,440,1055,50,50,1,-1,-1,-1
437,1,670,982,50,50,1,-1,-1,-1
437,2,543,627,50,50,1,-1,-1,-1
437,3,438,1058,50,50,1,-1,-1,-1
438,1,670,1013,50,50,1,-1,-1,-1
438,2,543,588,50,50,1,-1,-1,-1
438,3,436,1059,50,50,1,-1,-1,-1
439,1,663,1046,50,50,1,-1,-1,-1
439,2,542,555,50,50,1,-1,-1,-1
439,3,434,1061,50,50,1,-1,-1,-1
440,1,660,1082,50,50,1,-1,-1,-1
440,2,542,527,50,50,1,-1,-1,-1
440,3,433,1063,50,50,1,-1,-1,-1
441,1,647,1137,50,50,1,-1,-1,-1
441,2,543,506,50,50,1,-1,-1,-1
441,3,431,1067,50,50,1,-1,-1,-1
442,1,629,1173,50,50,1,-1,-1,-1
442,2,543,490,50,50,1,-1,-1,-1
442,3,430,1068,50,50,1,-1,-1,-1
443,1,617,1193,50,50,1,-1,-1,-1
443,2,545,480,50,50,1,-1,-1,-1
443,3,429,1069,50,50,1,-1,-1,-1
444,1,604,1198,50,50,1,-1,-1,-1
444,2,546,476,50,50,1,-1,-1,-1
444,3,427,1069,50,50,1,-1,-1,-1
445,1,584,1190,50,50,1,-1,-1,-1
445,2,548,477,50,50,1,-1,-1,-1
445,3,427,1069,50,50,1,-1,-1,-1
446,1,566,1165,50,50,1,-1,-1,-1
446,2,550,484,50,50,1,-1,-1,-1
446,3,428,1069,50,50,1,-1,-1,-1
447,1,542,1125,50,50,1,-1,-1,-1
447,2,552,497,50,50,1,-1,-1,-1
447,3,429,1069,50,50,1,-1,-1,-1
448,1,532,1088,50,50,1,-1,-1,-1
448,2,554,516,50,50,1,-1,-1,-1
448,3,428,1068,50,50,1,-1,-1,-1
449,1,561,1013,50,50,1,-1,-1,-1
449,2,558,541,50,50,1,-1,-1,-1
449,3,429,1070,50,50,1,-1,-1,-1
450,1,546,936,50,50,1,-1,-1,-1
450,2,561,571,50,50,1,-1,-1,-1
450,3,429,1071,50,50,1,-1,-1,-1
451,1,506,886,50,50,1,-1,-1,-1
451,2,564,608,50,50,1,-1,-1,-1
451,3,430,1074,50,50,1,-1,-1,-1
452,1,495,835,50,50,1,-1,-1,-1
452,2,569,651,50,50,1,-1,-1,-1
452,3,434,1080,50,50,1,-1,-1,-1
453,1,488,791,50,50,1,-1,-1,-1
453,2,573,701,50,50,1,-1,-1,-1
453,3,437,1090,50,50,1,-1,-1,-1
454,1,482,750,50,50,1,-1,-1,-1
454,2,581,753,50,50,1,-1,-1,-1
454,3,442,1104,50,50,1,-1,-1,-1
455,1,477,718,50,50,1,-1,-1,-1
455,2,587,818,50,50,1,-1,-1,-1
455,3,446,1126,50,50,1,-1,-1,-1
456,1,470,692,50,50,1,-1,-1,-1
456,2,590,873,50,50,1,-1,-1,-1
456,3,452,1149,50,50,1,-1,-1,-1
457,1,465,671,50,50,1,-1,-1,-1
457,2,601,901,50,50,1,-1,-1,-1
457,3,462,1169,50,50,1,-1,-1,-1
458,1,459,656,50,50,1,-1,-1,-1
458,2,602,915,50,50,1,-1,-1,-1
458,3,473,1182,50,50,1,-1,-1,-1
459,1,454,647,50,50,1,-1,-1,-1
459,2,607,935,50,50,1,-1,-1,-1
459,3,488,1185,50,50,1,-1,-1,-1
460,1,449,644,50,50,1,-1,-1,-1
460,2,608,957,50,50,1,-1,-1,-1
460,3,502,1180,50,50,1,-1,-1,-1
461,1,444,646,50,50,1,-1,-1,-1
461,2,612,983,50,50,1,-1,-1,-1
461,3,518,1158,50,50,1,-1,-1,-1
462,1,440,654,50,50,1,-1,-1,-1
462,2,618,1010,50,50,1,-1,-1,-1
462,3,530,1116,50,50,1,-1,-1,-1
463,1,436,667,50,50,1,-1,-1,-1
463,2,626,1035,50,50,1,-1,-1,-1
463,3,526,1045,50,50,1,-1,-1,-1
464,1,433,686,50,50,1,-1,-1,-1
464,2,630,1059,50,50,1,-1,-1,-1
464,3,520,973,50,50,1,-1,-1,-1
465,1,429,711,50,50,1,-1,-1,-1
465,2,626,1081,50,50,1,-1,-1,-1
465,3,507,901,50,50,1,-1,-1,-1
466,1,426,741,50,50,1,-1,-1,-1
466,2,652,1103,50,50,1,-1,-1,-1
466,3,498,840,50,50,1,-1,-1,-1
467,1,424,776,50,50,1,-1,-1,-1
467,2,657,1114,50,50,1,-1,-1,-1
467,3,489,775,50,50,1,-1,-1,-1
468,1,421,817,50,50,1,-1,-1,-1
468,2,660,1121,50,50,1,-1,-1,-1
468,3,486,720,50,50,1,-1,-1,-1
469,1,419,861,50,50,1,-1,-1,-1
469,2,664,1127,50,50,1,-1,-1,-1
469,3,479,669,50,50,1,-1,-1,-1
470,1,419,908,50,50,1,-1,-1,-1
470,2,668,1131,50,50,1,-1,-1,-1
470,3,473,625,50,50,1,-1,-1,-1
471,1,417,939,50,50,1,-1,-1,-1
471,2,670,1135,50,50,1,-1,-1,-1
471,3,466,586,50,50,1,-1,-1,-1
472,1,418,974,50,50,1,-1,-1,-1
472,2,674,1138,50,50,1,-1,-1,-1
472,3,460,554,50,50,1,-1,-1,-1
473,1,424,1005,50,50,1,-1,-1,-1
473,2,677,1140,50,50,1,-1,-1,-1
473,3,455,527,50,50,1,-1,-1,-1
474,1,430,1040,50,50,1,-1,-1,-1
474,2,679,1141,50,50,1,-1,-1,-1
474,3,450,506,50,50,1,-1,-1,-1
475,1,436,1077,50,50,1,-1,-1,-1
475,2,680,1142,50,50,1,-1,-1,-1
475,3,445,491,50,50,1,-1,-1,-1
476,1,431,1132,50,50,1,-1,-1,-1
476,2,680,1141,50,50,1,-1,-1,-1
476,3,440,481,50,50,1,-1,-1,-1
477,1,441,1145,50,50,1,-1,-1,-1
477,2,679,1139,50,50,1,-1,-1,-1
477,3,436,478,50,50,1,-1,-1,-1
478,1,488,1175,50,50,1,-1,-1,-1
478,2,680,1136,50,50,1,-1,-1,-1
478,3,432,480,50,50,1,-1,-1,-1
479,1,501,1169,50,50,1,-1,-1,-1
479,2,678,1133,50,50,1,-1,-1,-1
479,3,428,487,50,50,1,-1,-1,-1
480,1,513,1146,50,50,1,-1,-1,-1
480,2,676,1130,50,50,1,-1,-1,-1
480,3,425,501,50,50,1,-1,-1,-1
481,1,522,1108,50,50,1,-1,-1,-1
481,2,673,1128,50,50,1,-1,-1,-1
481,3,422,520,50,50,1,-1,-1,-1
482,1,515,1042,50,50,1,-1,-1,-1
482,2,669,1127,50,50,1,-1,-1,-1
482,3,419,545,50,50,1,-1,-1,-1
483,1,518,982,50,50,1,-1,-1,-1
483,2,666,1128,50,50,1,-1,-1,-1
483,3,417,575,50,50,1,-1,-1,-1
484,1,517,930,50,50,1,-1,-1,-1
484,2,661,1131,50,50,1,-1,-1,-1
484,3,414,611,50,50,1,-1,-1,-1
485,1,521,884,50,50,1,-1,-1,-1
485,2,654,1136,50,50,1,-1,-1,-1
485,3,413,654,50,50,1,-1,-1,-1
486,1,520,832,50,50,1,-1,-1,-1
486,2,648,1143,50,50,1,-1,-1,-1
486,3,411,702,50,50,1,-1,-1,-1
487,1,531,791,50,50,1,-1,-1,-1
487,2,640,1151,50,50,1,-1,-1,-1
487,3,410,754,50,50,1,-1,-1,-1
488,1,537,754,50,50,1,-1,-1,-1
488,2,632,1163,50,50,1,-1,-1,-1
488,3,408,813,50,50,1,-1,-1,-1
489,1,542,714,50,50,1,-1,-1,-1
489,2,627,1176,50,50,1,-1,-1,-1
489,3,408,878,50,50,1,-1,-1,-1
490,1,546,694,50,50,1,-1,-1,-1
490,2,622,1191,50,50,1,-1,-1,-1
490,3,409,936,50,50,1,-1,-1,-1
491,1,552,674,50,50,1,-1,-1,-1
491,2,618,1202,50,50,1,-1,-1,-1
491,3,403,967,50,50,1,-1,-1,-1
492,1,558,660,50,50,1,-1,-1,-1
492,2,614,1212,50,50,1,-1,-1,-1
492,3,401,989,50,50,1,-1,-1,-1
493,1,564,652,50,50,1,-1,-1,-1
493,2,607,1214,50,50,1,-1,-1,-1
493,3,406,1004,50,50,1,-1,-1,-1
494,1,571,650,50,50,1,-1,-1,-1
494,2,594,1205,50,50,1,-1,-1,-1
494,3,412,1015,50,50,1,-1,-1,-1
495,1,577,652,50,50,1,-1,-1,-1
495,2,575,1180,50,50,1,-1,-1,-1
495,3,421,1026,50,50,1,-1,-1,-1
496,1,584,661,50,50,1,-1,-1,-1
496,2,559,1135,50,50,1,-1,-1,-1
496,3,431,1035,50,50,1,-1,-1,-1
497,1,592,675,50,50,1,-1,-1,-1
497,2,547,1093,50,50,1,-1,-1,-1
497,3,440,1043,50,50,1,-1,-1,-1
498,1,600,695,50,50,1,-1,-1,-1
498,2,534,1016,50,50,1,-1,-1,-1
498,3,442,1050,50,50,1,-1,-1,-1
499,1,608,721,50,50,1,-1,-1,-1
499,2,555,915,50,50,1,-1,-1,-1
499,3,443,1055,50,50,1,-1,-1,-1
500,1,616,752,50,50,1,-1,-1,-1
500,2,557,872,50,50,1,-1,-1,-1
500,3,443,1060,50,50,1,-1,-1,-1
501,1,625,789,50,50,1,-1,-1,-1
501,2,556,783,50,50,1,-1,-1,-1
501,3,441,1063,50,50,1,-1,-1,-1
502,1,634,832,50,50,1,-1,-1,-1
502,2,558,710,50,50,1,-1,-1,-1
502,3,438,1069,50,50,1,-1,-1,-1
503,1,643,878,50,50,1,-1,-1,-1
503,2,559,666,50,50,1,-1,-1,-1
503,3,436,1073,50,50,1,-1,-1,-1
504,1,653,919,50,50,1,-1,-1,-1
504,2,561,618,50,50,1,-1,-1,-1
504,3,433,1075,50,50,1,-1,-1,-1
505,1,660,942,50,50,1,-1,-1,-1
505,2,562,577,50,50,1,-1,-1,-1
505,3,430,1077,50,50,1,-1,-1,-1
506,1,666,973,50,50,1,-1,-1,-1
506,2,565,541,50,50,1,-1,-1,-1
506,3,428,1079,50,50,1,-1,-1,-1
507,1,661,1009,50,50,1,-1,-1,-1
507,2,567,512,50,50,1,-1,-1,-1
507,3,426,1080,50,50,1,-1,-1,-1
508,1,658,1047,50,50,1,-1,-1,-1
508,2,570,488,50,50,1,-1,-1,-1
508,3,424,1083,50,50,1,-1,-1,-1
509,1,657,1084,50,50,1,-1,-1,-1
509,2,573,470,50,50,1,-1,-1,-1
509,3,423,1085,50,50,1,-1,-1,-1
510,1,649,1139,50,50,1,-1,-1,-1
510,2,577,458,50,50,1,-1,-1,-1
510,3,423,1087,50,50,1,-1,-1,-1
511,1,638,1169,50,50,1,-1,-1,-1
511,2,581,452,50,50,1,-1,-1,-1
511,3,425,1087,50,50,1,-1,-1,-1
512,1,629,1184,50,50,1,-1,-1,-1
512,2,585,451,50,50,1,-1,-1,-1
512,3,427,1087,50,50,1,-1,-1,-1
513,1,621,1185,50,50,1,-1,-1,-1
513,2,589,455,50,50,1,-1,-1,-1
513,3,430,1089,50,50,1,-1,-1,-1
514,1,607,1169,50,50,1,-1,-1,-1
514,2,594,466,50,50,1,-1,-1,-1
514,3,433,1091,50,50,1,-1,-1,-1
515,1,601,1136,50,50,1,-1,-1,-1
515,2,599,482,50,50,1,-1,-1,-1
515,3,436,1093,50,50,1,-1,-1,-1
516,1,586,1098,50,50,1,-1,-1,-1
516,2,605,505,50,50,1,-1,-1,-1
516,3,439,1095,50,50,1,-1,-1,-1
517,1,565,1067,50,50,1,-1,-1,-1
517,2,611,533,50,50,1,-1,-1,-1
517,3,443,1099,50,50,1,-1,-1,-1
518,1,563,1019,50,50,1,-1,-1,-1
518,2,617,567,50,50,1,-1,-1,-1
518,3,446,1107,50,50,1,-1,-1,-1
519,1,540,963,50,50,1,-1,-1,-1
519,2,623,608,50,50,1,-1,-1,-1
519,3,447,1115,50,50,1,-1,-1,-1
520,1,533,867,50,50,1,-1,-1,-1
520,2,630,653,50,50,1,-1,-1,-1
520,3,450,1127,50,50,1,-1,-1,-1
521,1,519,818,50,50,1,-1,-1,-1
521,2,638,705,50,50,1,-1,-1,-1
521,3,454,1142,50,50,1,-1,-1,-1
522,1,508,776,50,50,1,-1,-1,-1
522,2,645,763,50,50,1,-1,-1,-1
522,3,460,1160,50,50,1,-1,-1,-1
523,1,501,744,50,50,1,-1,-1,-1
523,2,653,827,50,50,1,-1,-1,-1
523,3,467,1181,50,50,1,-1,-1,-1
524,1,493,721,50,50,1,-1,-1,-1
524,2,661,895,50,50,1,-1,-1,-1
524,3,474,1196,50,50,1,-1,-1,-1
525,1,483,702,50,50,1,-1,-1,-1
525,2,656,948,50,50,1,-1,-1,-1
525,3,485,1207,50,50,1,-1,-1,-1
526,1,474,689,50,50,1,-1,-1,-1
526,2,646,972,50,50,1,-1,-1,-1
526,3,499,1207,50,50,1,-1,-1,-1
527,1,466,682,50,50,1,-1,-1,-1
527,2,641,985,50,50,1,-1,-1,-1
527,3,512,1199,50,50,1,-1,-1,-1
528,1,458,680,50,50,1,-1,-1,-1
528,2,635,994,50,50,1,-1,-1,-1
528,3,527,1173,50,50,1,-1,-1,-1
529,1,450,684,50,50,1,-1,-1,-1
529,2,634,1001,50,50,1,-1,-1,-1
529,3,549,1144,50,50,1,-1,-1,-1
530,1,442,694,50,50,1,-1,-1,-1
530,2,642,1003,50,50,1,-1,-1,-1
530,3,531,1093,50,50,1,-1,-1,-1
531,1,435,710,50,50,1,-1,-1,-1
531,2,640,1021,50,50,1,-1,-1,-1
531,3,544,1014,50,50,1,-1,-1,-1
532,1,428,731,50,50,1,-1,-1,-1
532,2,638,1041,50,50,1,-1,-1,-1
532,3,543,934,50,50,1,-1,-1,-1
533,1,422,758,50,50,1,-1,-1,-1
533,2,630,1060,50,50,1,-1,-1,-1
533,3,508,830,50,50,1,-1,-1,-1
534,1,415,790,50,50,1,-1,-1,-1
534,2,625,1079,50,50,1,-1,-1,-1
534,3,501,762,50,50,1,-1,-1,-1
535,1,409,829,50,50,1,-1,-1,-1
535,2,623,1095,50,50,1,-1,-1,-1
535,3,500,707,50,50,1,-1,-1,-1
536,1,403,869,50,50,1,-1,-1,-1
536,2,627,1110,50,50,1,-1,-1,-1
536,3,494,654,50,50,1,-1,-1,-1
537,1,399,911,50,50,1,-1,-1,-1
537,2,622,1123,50,50,1,-1,-1,-1
537,3,489,608,50,50,1,-1,-1,-1
538,1,387,945,50,50,1,-1,-1,-1
538,2,637,1135,50,50,1,-1,-1,-1
538,3,484,568,50,50,1,-1,-1,-1
539,1,383,974,50,50,1,-1,-1,-1
539,2,643,1142,50,50,1,-1,-1,-1
539,3,479,533,50,50,1,-1,-1,-1
540,1,385,1005,50,50,1,-1,-1,-1
540,2,648,1147,50,50,1,-1,-1,-1
540,3,475,505,50,50,1,-1,-1,-1
541,1,395,1039,50,50,1,-1,-1,-1
541,2,655,1148,50,50,1,-1,-1,-1
541,3,471,481,50,50,1,-1,-1,-1
542,1,408,1074,50,50,1,-1,-1,-1
542,2,658,1148,50,50,1,-1,-1,-1
542,3,467,466,50,50,1,-1,-1,-1
543,1,404,1107,50,50,1,-1,-1,-1
543,2,660,1146,50,50,1,-1,-1,-1
543,3,464,455,50,50,1,-1,-1,-1
544,1,419,1139,50,50,1,-1,-1,-1
544,2,661,1143,50,50,1,-1,-1,-1
544,3,461,450,50,50,1,-1,-1,-1
545,1,468,1183,50,50,1,-1,-1,-1
545,2,661,1140,50,50,1,-1,-1,-1
545,3,459,450,50,50,1,-1,-1,-1
546,1,485,1188,50,50,1,-1,-1,-1
546,2,662,1136,50,50,1,-1,-1,-1
546,3,456,456,50,50,1,-1,-1,-1
547,1,503,1175,50,50,1,-1,-1,-1
547,2,662,1133,50,50,1,-1,-1,-1
547,3,454,467,50,50,1,-1,-1,-1
548,1,516,1150,50,50,1,-1,-1,-1
548,2,663,1129,50,50,1,-1,-1,-1
548,3,453,485,50,50,1,-1,-1,-1
549,1,527,1110,50,50,1,-1,-1,-1
549,2,662,1127,50,50,1,-1,-1,-1
549,3,451,508,50,50,1,-1,-1,-1
550,1,523,1040,50,50,1,-1,-1,-1
550,2,660,1127,50,50,1,-1,-1,-1
550,3,450,537,50,50,1,-1,-1,-1
551,1,527,978,50,50,1,-1,-1,-1
551,2,659,1129,50,50,1,-1,-1,-1
551,3,449,572,50,50,1,-1,-1,-1
552,1,525,926,50,50,1,-1,-1,-1
552,2,657,1133,50,50,1,-1,-1,-1
552,3,449,612,50,50,1,-1,-1,-1
553,1,525,883,50,50,1,-1,-1,-1
553,2,654,1139,50,50,1,-1,-1,-1
553,3,449,659,50,50,1,-1,-1,-1
554,1,523,829,50,50,1,-1,-1,-1
554,2,652,1147,50,50,1,-1,-1,-1
554,3,449,711,50,50,1,-1,-1,-1
555,1,532,790,50,50,1,-1,-1,-1
555,2,649,1157,50,50,1,-1,-1,-1
555,3,449,769,50,50,1,-1,-1,-1
556,1,534,754,50,50,1,-1,-1,-1
556,2,645,1169,50,50,1,-1,-1,-1
556,3,450,833,50,50,1,-1,-1,-1
557,1,537,714,50,50,1,-1,-1,-1
557,2,641,1182,50,50,1,-1,-1,-1
557,3,451,897,50,50,1,-1,-1,-1
558,1,540,695,50,50,1,-1,-1,-1
558,2,635,1194,50,50,1,-1,-1,-1
558,3,450,935,50,50,1,-1,-1,-1
559,1,544,676,50,50,1,-1,-1,-1
559,2,630,1205,50,50,1,-1,-1,-1
559,3,455,957,50,50,1,-1,-1,-1
560,1,548,663,50,50,1,-1,-1,-1
560,2,620,1215,50,50,1,-1,-1,-1
560,3,458,973,50,50,1,-1,-1,-1
561,1,553,656,50,50,1,-1,-1,-1
561,2,606,1216,50,50,1,-1,-1,-1
561,3,459,987,50,50,1,-1,-1,-1
562,1,557,655,50,50,1,-1,-1,-1
562,2,586,1207,50,50,1,-1,-1,-1
562,3,459,999,50,50,1,-1,-1,-1
563,1,563,659,50,50,1,-1,-1,-1
563,2,567,1188,50,50,1,-1,-1,-1
563,3,459,1008,50,50,1,-1,-1,-1
564,1,568,668,50,50,1,-1,-1,-1
564,2,547,1147,50,50,1,-1,-1,-1
564,3,461,1015,50,50,1,-1,-1,-1
565,1,574,684,50,50,1,-1,-1,-1
565,2,534,1084,50,50,1,-1,-1,-1
565,3,460,1022,50,50,1,-1,-1,-1
566,1,579,705,50,50,1,-1,-1,-1
566,2,530,1004,50,50,1,-1,-1,-1
566,3,456,1026,50,50,1,-1,-1,-1
567,1,588,730,50,50,1,-1,-1,-1
567,2,528,925,50,50,1,-1,-1,-1
567,3,454,1030,50,50,1,-1,-1,-1
568,1,596,763,50,50,1,-1,-1,-1
568,2,527,873,50,50,1,-1,-1,-1
568,3,452,1033,50,50,1,-1,-1,-1
569,1,601,805,50,50,1,-1,-1,-1
569,2,520,805,50,50,1,-1,-1,-1
569,3,447,1035,50,50,1,-1,-1,-1
570,1,607,849,50,50,1,-1,-1,-1
570,2,526,718,50,50,1,-1,-1,-1
570,3,443,1038,50,50,1,-1,-1,-1
571,1,614,889,50,50,1,-1,-1,-1
571,2,528,675,50,50,1,-1,-1,-1
571,3,439,1040,50,50,1,-1,-1,-1
572,1,625,927,50,50,1,-1,-1,-1
572,2,529,626,50,50,1,-1,-1,-1
572,3,437,1042,50,50,1,-1,-1,-1
573,1,637,959,50,50,1,-1,-1,-1
573,2,529,583,50,50,1,-1,-1,-1
573,3,435,1045,50,50,1,-1,-1,-1
574,1,639,996,50,50,1,-1,-1,-1
574,2,530,546,50,50,1,-1,-1,-1
574,3,433,1048,50,50,1,-1,-1,-1
575,1,636,1038,50,50,1,-1,-1,-1
575,2,532,515,50,50,1,-1,-1,-1
575,3,432,1051,50,50,1,-1,-1,-1
576,1,633,1082,50,50,1,-1,-1,-1
576,2,533,490,50,50,1,-1,-1,-1
576,3,431,1054,50,50,1,-1,-1,-1
577,1,632,1134,50,50,1,-1,-1,-1
577,2,535,470,50,50,1,-1,-1,-1
577,3,430,1056,50,50,1,-1,-1,-1
578,1,619,1174,50,50,1,-1,-1,-1
578,2,538,457,50,50,1,-1,-1,-1
578,3,430,1058,50,50,1,-1,-1,-1
579,1,613,1193,50,50,1,-1,-1,-1
579,2,540,449,50,50,1,-1,-1,-1
579,3,430,1059,50,50,1,-1,-1,-1
580,1,607,1197,50,50,1,-1,-1,-1
580,2,543,447,50,50,1,-1,-1,-1
580,3,430,1059,50,50,1,-1,-1,-1
581,1,596,1191,50,50,1,-1,-1,-1
581,2,546,450,50,50,1,-1,-1,-1
581,3,430,1059,50,50,1,-1,-1,-1
582,1,585,1172,50,50,1,-1,-1,-1
582,2,550,459,50,50,1,-1,-1,-1
582,3,430,1061,50,50,1,-1,-1,-1
583,1,571,1141,50,50,1,-1,-1,-1
583,2,553,473,50,50,1,-1,-1,-1
583,3,431,1064,50,50,1,-1,-1,-1
584,1,578,1112,50,50,1,-1,-1,-1
584,2,557,493,50,50,1,-1,-1,-1
584,3,432,1070,50,50,1,-1,-1,-1
585,1,541,1065,50,50,1,-1,-1,-1
585,2,562,519,50,50,1,-1,-1,-1
585,3,436,1081,50,50,1,-1,-1,-1
586,1,519,1011,50,50,1,-1,-1,-1
586,2,566,550,50,50,1,-1,-1,-1
586,3,438,1092,50,50,1,-1,-1,-1
587,1,512,973,50,50,1,-1,-1,-1
587,2,571,587,50,50,1,-1,-1,-1
587,3,442,1104,50,50,1,-1,-1,-1
588,1,520,953,50,50,1,-1,-1,-1
588,2,577,629,50,50,1,-1,-1,-1
588,3,446,1122,50,50,1,-1,-1,-1
589,1,527,929,50,50,1,-1,-1,-1
589,2,583,677,50,50,1,-1,-1,-1
589,3,450,1141,50,50,1,-1,-1,-1
590,1,532,920,50,50,1,-1,-1,-1
590,2,588,726,50,50,1,-1,-1,-1
590,3,452,1162,50,50,1,-1,-1,-1
591,1,548,913,50,50,1,-1,-1,-1
591,2,597,790,50,50,1,-1,-1,-1
591,3,459,1184,50,50,1,-1,-1,-1
592,1,563,908,50,50,1,-1,-1,-1
592,2,602,856,50,50,1,-1,-1,-1
592,3,465,1204,50,50,1,-1,-1,-1
593,1,475,729,50,50,1,-1,-1,-1
593,2,609,902,50,50,1,-1,-1,-1
593,3,473,1214,50,50,1,-1,-1,-1
594,1,469,718,50,50,1,-1,-1,-1
594,2,627,931,50,50,1,-1,-1,-1
594,3,486,1217,50,50,1,-1,-1,-1
595,1,462,713,50,50,1,-1,-1,-1
595,2,633,952,50,50,1,-1,-1,-1
595,3,501,1211,50,50,1,-1,-1,-1
596,1,456,715,50,50,1,-1,-1,-1
596,2,635,972,50,50,1,-1,-1,-1
596,3,519,1193,50,50,1,-1,-1,-1
597,1,451,721,50,50,1,-1,-1,-1
597,2,636,994,50,50,1,-1,-1,-1
597,3,535,1153,50,50,1,-1,-1,-1
598,1,445,733,50,50,1,-1,-1,-1
598,2,642,1018,50,50,1,-1,-1,-1
598,3,534,1085,50,50,1,-1,-1,-1
599,1,440,750,50,50,1,-1,-1,-1
599,2,646,1039,50,50,1,-1,-1,-1
599,3,528,1014,50,50,1,-1,-1,-1
600,1,436,773,50,50,1,-1,-1,-1
600,2,645,1055,50,50,1,-1,-1,-1
600,3,518,945,50,50,1,-1,-1,-1
601,1,431,802,50,50,1,-1,-1,-1
601,2,650,1068,50,50,1,-1,-1,-1
601,3,509,882,50,50,1,-1,-1,-1
602,1,427,836,50,50,1,-1,-1,-1
602,2,652,1074,50,50,1,-1,-1,-1
602,3,500,819,50,50,1,-1,-1,-1
603,1,423,873,50,50,1,-1,-1,-1
603,2,652,1079,50,50,1,-1,-1,-1
603,3,493,761,50,50,1,-1,-1,-1
604,1,422,913,50,50,1,-1,-1,-1
604,2,658,1083,50,50,1,-1,-1,-1
604,3,489,712,50,50,1,-1,-1,-1
605,1,404,945,50,50,1,-1,-1,-1
605,2,662,1086,50,50,1,-1,-1,-1
605,3,482,668,50,50,1,-1,-1,-1
606,1,428,970,50,50,1,-1,-1,-1
606,2,667,1089,50,50,1,-1,-1,-1
606,3,476,629,50,50,1,-1,-1,-1
607,1,427,995,50,50,1,-1,-1,-1
607,2,671,1092,50,50,1,-1,-1,-1
607,3,470,597,50,50,1,-1,-1,-1
608,1,429,1021,50,50,1,-1,-1,-1
608,2,674,1094,50,50,1,-1,-1,-1
608,3,465,570,50,50,1,-1,-1,-1
609,1,433,1054,50,50,1,-1,-1,-1
609,2,676,1095,50,50,1,-1,-1,-1
609,3,460,550,50,50,1,-1,-1,-1
610,1,439,1086,50,50,1,-1,-1,-1
610,2,676,1097,50,50,1,-1,-1,-1
610,3,455,535,50,50,1,-1,-1,-1
611,1,433,1116,50,50,1,-1,-1,-1
611,2,675,1098,50,50,1,-1,-1,-1
611,3,451,525,50,50,1,-1,-1,-1
612,1,475,1160,50,50,1,-1,-1,-1
612,2,675,1098,50,50,1,-1,-1,-1
612,3,447,522,50,50,1,-1,-1,-1
613,1,481,1170,50,50,1,-1,-1,-1
613,2,673,1098,50,50,1,-1,-1,-1
613,3,443,524,50,50,1,-1,-1,-1
614,1,489,1166,50,50,1,-1,-1,-1
614,2,671,1098,50,50,1,-1,-1,-1
614,3,440,532,50,50,1,-1,-1,-1
615,1,506,1146,50,50,1,-1,-1,-1
615,2,669,1099,50,50,1,-1,-1,-1
615,3,436,544,50,50,1,-1,-1,-1
616,1,516,1120,50,50,1,-1,-1,-1
616,2,667,1100,50,50,1,-1,-1,-1
616,3,433,563,50,50,1,-1,-1,-1
617,1,506,1101,50,50,1,-1,-1,-1
617,2,664,1103,50,50,1,-1,-1,-1
617,3,431,588,50,50,1,-1,-1,-1
618,1,477,1040,50,50,1,-1,-1,-1
618,2,662,1107,50,50,1,-1,-1,-1
618,3,429,618,50,50,1,-1,-1,-1
619,1,481,978,50,50,1,-1,-1,-1
619,2,657,1115,50,50,1,-1,-1,-1
619,3,427,654,50,50,1,-1,-1,-1
620,1,520,912,50,50,1,-1,-1,-1
620,2,652,1127,50,50,1,-1,-1,-1
620,3,425,696,50,50,1,-1,-1,-1
621,1,524,878,50,50,1,-1,-1,-1
621,2,646,1139,50,50,1,-1,-1,-1
621,3,424,743,50,50,1,-1,-1,-1
622,1,525,839,50,50,1,-1,-1,-1
622,2,636,1157,50,50,1,-1,-1,-1
622,3,423,797,50,50,1,-1,-1,-1
623,1,533,814,50,50,1,-1,-1,-1
623,2,626,1171,50,50,1,-1,-1,-1
623,3,422,856,50,50,1,-1,-1,-1
624,1,543,791,50,50,1,-1,-1,-1
624,2,620,1186,50,50,1,-1,-1,-1
624,3,425,913,50,50,1,-1,-1,-1
625,1,548,774,50,50,1,-1,-1,-1
625,2,612,1200,50,50,1,-1,-1,-1
625,3,410,948,50,50,1,-1,-1,-1
626,1,552,763,50,50,1,-1,-1,-1
626,2,601,1210,50,50,1,-1,-1,-1
626,3,408,967,50,50,1,-1,-1,-1
627,1,558,758,50,50,1,-1,-1,-1
627,2,592,1213,50,50,1,-1,-1,-1
627,3,409,984,50,50,1,-1,-1,-1
628,1,568,756,50,50,1,-1,-1,-1
628,2,575,1199,50,50,1,-1,-1,-1
628,3,412,1000,50,50,1,-1,-1,-1
629,1,576,761,50,50,1,-1,-1,-1
629,2,561,1176,50,50,1,-1,-1,-1
629,3,419,1013,50,50,1,-1,-1,-1
630,1,584,772,50,50,1,-1,-1,-1
630,2,549,1131,50,50,1,-1,-1,-1
630,3,425,1025,50,50,1,-1,-1,-1
631,1,592,791,50,50,1,-1,-1,-1
631,2,545,1101,50,50,1,-1,-1,-1
631,3,431,1036,50,50,1,-1,-1,-1
632,1,598,813,50,50,1,-1,-1,-1
632,2,535,1029,50,50,1,-1,-1,-1
632,3,434,1044,50,50,1,-1,-1,-1
633,1,604,841,50,50,1,-1,-1,-1
633,2,545,910,50,50,1,-1,-1,-1
633,3,438,1053,50,50,1,-1,-1,-1
634,1,612,875,50,50,1,-1,-1,-1
634,2,579,925,50,50,1,-1,-1,-1
634,3,438,1058,50,50,1,-1,-1,-1
635,1,622,915,50,50,1,-1,-1,-1
635,2,637,963,50,50,1,-1,-1,-1
635,3,438,1061,50,50,1,-1,-1,-1
636,1,629,945,50,50,1,-1,-1,-1
636,2,659,984,50,50,1,-1,-1,-1
636,3,436,1065,50,50,1,-1,-1,-1
637,1,638,969,50,50,1,-1,-1,-1
637,2,557,659,50,50,1,-1,-1,-1
637,3,435,1068,50,50,1,-1,-1,-1
638,1,647,997,50,50,1,-1,-1,-1
638,2,561,613,50,50,1,-1,-1,-1
638,3,434,1068,50,50,1,-1,-1,-1
639,1,645,1023,50,50,1,-1,-1,-1
639,2,565,571,50,50,1,-1,-1,-1
639,3,431,1071,50,50,1,-1,-1,-1
640,1,640,1054,50,50,1,-1,-1,-1
640,2,569,536,50,50,1,-1,-1,-1
640,3,430,1073,50,50,1,-1,-1,-1
641,1,628,1086,50,50,1,-1,-1,-1
641,2,574,506,50,50,1,-1,-1,-1
641,3,428,1075,50,50,1,-1,-1,-1
642,1,630,1132,50,50,1,-1,-1,-1
642,2,579,483,50,50,1,-1,-1,-1
642,3,428,1076,50,50,1,-1,-1,-1
643,1,623,1193,50,50,1,-1,-1,-1
643,2,584,464,50,50,1,-1,-1,-1
643,3,428,1077,50,50,1,-1,-1,-1
644,1,625,1183,50,50,1,-1,-1,-1
644,2,590,452,50,50,1,-1,-1,-1
644,3,429,1078,50,50,1,-1,-1,-1
645,1,620,1184,50,50,1,-1,-1,-1
645,2,597,448,50,50,1,-1,-1,-1
645,3,430,1078,50,50,1,-1,-1,-1
646,1,609,1175,50,50,1,-1,-1,-1
646,2,602,445,50,50,1,-1,-1,-1
646,3,431,1079,50,50,1,-1,-1,-1
647,1,602,1143,50,50,1,-1,-1,-1
647,2,609,450,50,50,1,-1,-1,-1
647,3,434,1081,50,50,1,-1,-1,-1
648,1,592,1098,50,50,1,-1,-1,-1
648,2,616,461,50,50,1,-1,-1,-1
648,3,437,1083,50,50,1,-1,-1,-1
649,1,599,1066,50,50,1,-1,-1,-1
649,2,624,478,50,50,1,-1,-1,-1
649,3,439,1087,50,50,1,-1,-1,-1
650,1,565,1025,50,50,1,-1,-1,-1
650,2,631,501,50,50,1,-1,-1,-1
650,3,442,1092,50,50,1,-1,-1,-1
651,1,541,957,50,50,1,-1,-1,-1
651,2,639,530,50,50,1,-1,-1,-1
651,3,443,1098,50,50,1,-1,-1,-1
652,1,545,867,50,50,1,-1,-1,-1
652,2,648,565,50,50,1,-1,-1,-1
652,3,445,1104,50,50,1,-1,-1,-1
653,1,536,812,50,50,1,-1,-1,-1
653,2,657,606,50,50,1,-1,-1,-1
653,3,449,1113,50,50,1,-1,-1,-1
654,1,526,763,50,50,1,-1,-1,-1
654,2,667,653,50,50,1,-1,-1,-1
654,3,452,1124,50,50,1,-1,-1,-1
655,1,517,723,50,50,1,-1,-1,-1
655,2,677,707,50,50,1,-1,-1,-1
655,3,459,1138,50,50,1,-1,-1,-1
656,1,511,699,50,50,1,-1,-1,-1
656,2,687,766,50,50,1,-1,-1,-1
656,3,462,1153,50,50,1,-1,-1,-1
657,1,504,675,50,50,1,-1,-1,-1
657,2,698,834,50,50,1,-1,-1,-1
657,3,468,1167,50,50,1,-1,-1,-1
658,1,497,657,50,50,1,-1,-1,-1
658,2,721,925,50,50,1,-1,-1,-1
658,3,477,1179,50,50,1,-1,-1,-1
659,1,490,645,50,50,1,-1,-1,-1
659,2,702,897,50,50,1,-1,-1,-1
659,3,488,1187,50,50,1,-1,-1,-1
660,1,484,639,50,50,1,-1,-1,-1
660,2,689,920,50,50,1,-1,-1,-1
660,3,504,1188,50,50,1,-1,-1,-1
661,1,478,639,50,50,1,-1,-1,-1
661,2,681,947,50,50,1,-1,-1,-1
661,3,523,1179,50,50,1,-1,-1,-1
662,1,472,645,50,50,1,-1,-1,-1
662,2,678,977,50,50,1,-1,-1,-1
662,3,539,1158,50,50,1,-1,-1,-1
663,1,467,656,50,50,1,-1,-1,-1
663,2,674,1008,50,50,1,-1,-1,-1
663,3,552,1121,50,50,1,-1,-1,-1
664,1,462,673,50,50,1,-1,-1,-1
664,2,673,1035,50,50,1,-1,-1,-1
664,3,555,1057,50,50,1,-1,-1,-1
665,1,457,696,50,50,1,-1,-1,-1
665,2,672,1060,50,50,1,-1,-1,-1
665,3,549,985,50,50,1,-1,-1,-1
666,1,453,724,50,50,1,-1,-1,-1
666,2,679,1081,50,50,1,-1,-1,-1
666,3,535,913,50,50,1,-1,-1,-1
667,1,449,759,50,50,1,-1,-1,-1
667,2,679,1100,50,50,1,-1,-1,-1
667,3,518,857,50,50,1,-1,-1,-1
668,1,445,799,50,50,1,-1,-1,-1
668,2,680,1111,50,50,1,-1,-1,-1
668,3,501,788,50,50,1,-1,-1,-1
669,1,442,845,50,50,1,-1,-1,-1
669,2,679,1118,50,50,1,-1,-1,-1
669,3,497,723,50,50,1,-1,-1,-1
670,1,439,897,50,50,1,-1,-1,-1
670,2,679,1124,50,50,1,-1,-1,-1
670,3,488,673,50,50,1,-1,-1,-1
671,1,437,937,50,50,1,-1,-1,-1
671,2,679,1129,50,50,1,-1,-1,-1
671,3,476,626,50,50,1,-1,-1,-1
672,1,427,973,50,50,1,-1,-1,-1
672,2,678,1132,50,50,1,-1,-1,-1
672,3,466,588,50,50,1,-1,-1,-1
673,1,424,1005,50,50,1,-1,-1,-1
673,2,676,1135,50,50,1,-1,-1,-1
673,3,457,554,50,50,1,-1,-1,-1
674,1,426,1035,50,50,1,-1,-1,-1
674,2,674,1137,50,50,1,-1,-1,-1
674,3,446,524,50,50,1,-1,-1,-1
675,1,430,1065,50,50,1,-1,-1,-1
675,2,673,1137,50,50,1,-1,-1,-1
675,3,437,502,50,50,1,-1,-1,-1
676,1,447,1110,50,50,1,-1,-1,-1
676,2,672,1136,50,50,1,-1,-1,-1
676,3,429,488,50,50,1,-1,-1,-1
677,1,451,1144,50,50,1,-1,-1,-1
677,2,670,1134,50,50,1,-1,-1,-1
677,3,420,477,50,50,1,-1,-1,-1
678,1,455,1164,50,50,1,-1,-1,-1
678,2,667,1130,50,50,1,-1,-1,-1
678,3,412,472,50,50,1,-1,-1,-1
679,1,463,1178,50,50,1,-1,-1,-1
679,2,665,1127,50,50,1,-1,-1,-1
679,3,404,473,50,50,1,-1,-1,-1
680,1,469,1180,50,50,1,-1,-1,-1
680,2,663,1124,50,50,1,-1,-1,-1
680,3,397,480,50,50,1,-1,-1,-1
681,1,476,1173,50,50,1,-1,-1,-1
681,2,660,1121,50,50,1,-1,-1,-1
681,3,389,492,50,50,1,-1,-1,-1
682,1,482,1155,50,50,1,-1,-1,-1
682,2,657,1118,50,50,1,-1,-1,-1
682,3,382,511,50,50,1,-1,-1,-1
683,1,484,1112,50,50,1,-1,-1,-1
683,2,655,1116,50,50,1,-1,-1,-1
683,3,376,534,50,50,1,-1,-1,-1
684,1,480,1046,50,50,1,-1,-1,-1
684,2,653,1115,50,50,1,-1,-1,-1
684,3,369,563,50,50,1,-1,-1,-1
685,1,480,993,50,50,1,-1,-1,-1
685,2,650,1114,50,50,1,-1,-1,-1
685,3,363,599,50,50,1,-1,-1,-1
686,1,482,945,50,50,1,-1,-1,-1
686,2,648,1115,50,50,1,-1,-1,-1
686,3,357,640,50,50,1,-1,-1,-1
687,1,483,897,50,50,1,-1,-1,-1
687,2,645,1115,50,50,1,-1,-1,-1
687,3,352,686,50,50,1,-1,-1,-1
688,1,485,854,50,50,1,-1,-1,-1
688,2,638,1117,50,50,1,-1,-1,-1
688,3,347,739,50,50,1,-1,-1,-1
689,1,486,815,50,50,1,-1,-1,-1
689,2,635,1119,50,50,1,-1,-1,-1
689,3,342,797,50,50,1,-1,-1,-1
690,1,487,783,50,50,1,-1,-1,-1
690,2,633,1122,50,50,1,-1,-1,-1
690,3,337,861,50,50,1,-1,-1,-1
691,1,490,755,50,50,1,-1,-1,-1
691,2,630,1126,50,50,1,-1,-1,-1
691,3,335,923,50,50,1,-1,-1,-1
692,1,495,733,50,50,1,-1,-1,-1
692,2,631,1125,50,50,1,-1,-1,-1
692,3,331,955,50,50,1,-1,-1,-1
693,1,500,718,50,50,1,-1,-1,-1
693,2,630,1122,50,50,1,-1,-1,-1
693,3,336,971,50,50,1,-1,-1,-1
694,1,504,709,50,50,1,-1,-1,-1
694,2,632,1115,50,50,1,-1,-1,-1
694,3,341,984,50,50,1,-1,-1,-1
695,1,508,705,50,50,1,-1,-1,-1
695,2,633,1107,50,50,1,-1,-1,-1
695,3,351,1002,50,50,1,-1,-1,-1
696,1,513,706,50,50,1,-1,-1,-1
696,2,638,1097,50,50,1,-1,-1,-1
696,3,372,1019,50,50,1,-1,-1,-1
697,1,517,712,50,50,1,-1,-1,-1
697,2,640,1087,50,50,1,-1,-1,-1
697,3,386,1034,50,50,1,-1,-1,-1
698,1,522,723,50,50,1,-1,-1,-1
698,2,643,1080,50,50,1,-1,-1,-1
698,3,397,1047,50,50,1,-1,-1,-1
699,1,529,748,50,50,1,-1,-1,-1
699,2,643,1073,50,50,1,-1,-1,-1
699,3,405,1055,50,50,1,-1,-1,-1
700,1,533,773,50,50,1,-1,-1,-1
700,2,640,1067,50,50,1,-1,-1,-1
700,3,414,1062,50,50,1,-1,-1,-1
701,1,540,803,50,50,1,-1,-1,-1
701,2,637,1063,50,50,1,-1,-1,-1
701,3,416,1064,50,50,1,-1,-1,-1
702,1,551,835,50,50,1,-1,-1,-1
702,2,635,1061,50,50,1,-1,-1,-1
702,3,416,1065,50,50,1,-1,-1,-1
703,1,555,886,50,50,1,-1,-1,-1
703,2,632,1062,50,50,1,-1,-1,-1
703,3,419,1066,50,50,1,-1,-1,-1
704,1,561,928,50,50,1,-1,-1,-1
704,2,629,1065,50,50,1,-1,-1,-1
704,3,419,1066,50,50,1,-1,-1,-1
705,1,568,980,50,50,1,-1,-1,-1
705,2,625,1067,50,50,1,-1,-1,-1
705,3,420,1067,50,50,1,-1,-1,-1
706,1,591,1045,50,50,1,-1,-1,-1
706,2,553,1049,50,50,1,-1,-1,-1
706,3,420,1067,50,50,1,-1,-1,-1
707,1,602,1059,50,50,1,-1,-1,-1
707,2,561,1061,50,50,1,-1,-1,-1
707,3,419,1066,50,50,1,-1,-1,-1
708,1,603,1060,50,50,1,-1,-1,-1
708,2,563,1056,50,50,1,-1,-1,-1
708,3,419,1066,50,50,1,-1,-1,-1
709,1,606,1058,50,50,1,-1,-1,-1
709,2,564,1054,50,50,1,-1,-1,-1
709,3,436,1075,50,50,1,-1,-1,-1
710,1,609,1054,50,50,1,-1,-1,-1
710,2,566,1052,50,50,1,-1,-1,-1
710,3,435,1075,50,50,1,-1,-1,-1
711,1,613,1052,50,50,1,-1,-1,-1
711,2,569,1051,50,50,1,-1,-1,-1
711,3,434,1075,50,50,1,-1,-1,-1
712,1,618,1051,50,50,1,-1,-1,-1
712,2,574,1050,50,50,1,-1,-1,-1
712,3,432,1074,50,50,1,-1,-1,-1
713,1,622,1050,50,50,1,-1,-1,-1
713,2,579,1050,50,50,1,-1,-1,-1
713,3,432,1074,50,50,1,-1,-1,-1
714,1,627,1048,50,50,1,-1,-1,-1
714,2,584,1049,50,50,1,-1,-1,-1
714,3,431,1074,50,50,1,-1,-1,-1
715,1,631,1048,50,50,1,-1,-1,-1
715,2,588,1049,50,50,1,-1,-1,-1
715,3,432,1073,50,50,1,-1,-1,-1
716,1,635,1047,50,50,1,-1,-1,-1
716,2,592,1049,50,50,1,-1,-1,-1
716,3,432,1073,50,50,1,-1,-1,-1
717,1,638,1046,50,50,1,-1,-1,-1
717,2,595,1049,50,50,1,-1,-1,-1
717,3,434,1071,50,50,1,-1,-1,-1
718,1,641,1046,50,50,1,-1,-1,-1
718,2,597,1049,50,50,1,-1,-1,-1
718,3,434,1071,50,50,1,-1,-1,-1
719,1,644,1046,50,50,1,-1,-1,-1
719,2,600,1049,50,50,1,-1,-1,-1
719,3,435,1070,50,50,1,-1,-1,-1
720,1,645,1045,50,50,1,-1,-1,-1
720,2,602,1051,50,50,1,-1,-1,-1
720,3,437,1070,50,50,1,-1,-1,-1
721,1,647,1046,50,50,1,-1,-1,-1
721,2,604,1051,50,50,1,-1,-1,-1
721,3,438,1070,50,50,1,-1,-1,-1
722,1,649,1046,50,50,1,-1,-1,-1
722,2,606,1052,50,50,1,-1,-1,-1
722,3,438,1068,50,50,1,-1,-1,-1
723,1,652,1047,50,50,1,-1,-1,-1
723,2,607,1051,50,50,1,-1,-1,-1
723,3,439,1066,50,50,1,-1,-1,-1
724,1,653,1048,50,50,1,-1,-1,-1
724,2,609,1052,50,50,1,-1,-1,-1
724,3,440,1066,50,50,1,-1,-1,-1
725,1,655,1048,50,50,1,-1,-1,-1
725,2,610,1053,50,50,1,-1,-1,-1
725,3,441,1065,50,50,1,-1,-1,-1
726,1,657,1048,50,50,1,-1,-1,-1
726,2,611,1054,50,50,1,-1,-1,-1
726,3,441,1064,50,50,1,-1,-1,-1
727,1,658,1048,50,50,1,-1,-1,-1
727,2,612,1055,50,50,1,-1,-1,-1
727,3,442,1064,50,50,1,-1,-1,-1
728,1,660,1049,50,50,1,-1,-1,-1
728,2,613,1060,50,50,1,-1,-1,-1
728,3,442,1064,50,50,1,-1,-1,-1
729,1,660,1049,50,50,1,-1,-1,-1
729,2,608,1067,50,50,1,-1,-1,-1
729,3,436,1062,50,50,1,-1,-1,-1
730,1,664,1051,50,50,1,-1,-1,-1
730,2,617,1045,50,50,1,-1,-1,-1
730,3,443,1064,50,50,1,-1,-1,-1
731,1,664,1051,50,50,1,-1,-1,-1
731,3,443,1065,50,50,1,-1,-1,-1
732,1,664,1051,50,50,1,-1,-1,-1
732,2,612,1070,50,50,1,-1,-1,-1
732,3,444,1065,50,50,1,-1,-1,-1
733,1,663,1051,50,50,1,-1,-1,-1
733,2,613,1070,50,50,1,-1,-1,-1
733,3,437,1063,50,50,1,-1,-1,-1
734,1,663,1051,50,50,1,-1,-1,-1
734,2,449,1101,50,50,1,-1,-1,-1
734,3,444,1067,50,50,1,-1,-1,-1
735,1,661,1048,50,50,1,-1,-1,-1
735,3,445,1067,50,50,1,-1,-1,-1
736,1,662,1048,50,50,1,-1,-1,-1
736,2,461,1086,50,50,1,-1,-1,-1
736,3,439,1065,50,50,1,-1,-1,-1
737,1,663,1049,50,50,1,-1,-1,-1
737,2,623,1077,50,50,1,-1,-1,-1
737,3,440,1065,50,50,1,-1,-1,-1
738,1,664,1050,50,50,1,-1,-1,-1
738,3,439,1064,50,50,1,-1,-1,-1
739,1,665,1051,50,50,1,-1,-1,-1
739,3,447,1067,50,50,1,-1,-1,-1
740,1,666,1052,50,50,1,-1,-1,-1
740,3,449,1068,50,50,1,-1,-1,-1
741,1,666,1054,50,50,1,-1,-1,-1
741,3,450,1068,50,50,1,-1,-1,-1
742,1,667,1054,50,50,1,-1,-1,-1
742,3,451,1068,50,50,1,-1,-1,-1
743,1,668,1055,50,50,1,-1,-1,-1
743,3,452,1068,50,50,1,-1,-1,-1
744,1,668,1055,50,50,1,-1,-1,-1
744,3,452,1068,50,50,1,-1,-1,-1
745,1,669,1058,50,50,1,-1,-1,-1
745,3,454,1069,50,50,1,-1,-1,-1
746,1,670,1059,50,50,1,-1,-1,-1
746,3,453,1068,50,50,1,-1,-1,-1
747,1,669,1060,50,50,1,-1,-1,-1
747,3,451,1067,50,50,1,-1,-1,-1
748,1,669,1061,50,50,1,-1,-1,-1
748,3,452,1067,50,50,1,-1,-1,-1
749,1,668,1064,50,50,1,-1,-1,-1
749,3,454,1069,50,50,1,-1,-1,-1
750,1,666,1065,50,50,1,-1,-1,-1
750,3,455,1069,50,50,1,-1,-1,-1
751,1,665,1066,50,50,1,-1,-1,-1
751,3,455,1069,50,50,1,-1,-1,-1
752,1,664,1066,50,50,1,-1,-1,-1
752,3,456,1069,50,50,1,-1,-1,-1
753,1,663,1066,50,50,1,-1,-1,-1
753,3,456,1069,50,50,1,-1,-1,-1
754,1,662,1065,50,50,1,-1,-1,-1
754,3,457,1070,50,50,1,-1,-1,-1
755,1,661,1064,50,50,1,-1,-1,-1
755,3,457,1070,50,50,1,-1,-1,-1
756,1,660,1063,50,50,1,-1,-1,-1
756,3,458,1071,50,50,1,-1,-1,-1
757,1,660,1062,50,50,1,-1,-1,-1
757,3,458,1070,50,50,1,-1,-1,-1
758,1,659,1061,50,50,1,-1,-1,-1
758,3,459,1070,50,50,1,-1,-1,-1
759,1,659,1060,50,50,1,-1,-1,-1
759,3,459,1070,50,50,1,-1,-1,-1
760,1,660,1060,50,50,1,-1,-1,-1
760,3,460,1070,50,50,1,-1,-1,-1
761,1,660,1059,50,50,1,-1,-1,-1
761,3,460,1069,50,50,1,-1,-1,-1
762,1,660,1059,50,50,1,-1,-1,-1
762,3,460,1069,50,50,1,-1,-1,-1
763,1,659,1060,50,50,1,-1,-1,-1
763,3,461,1068,50,50,1,-1,-1,-1
764,1,659,1060,50,50,1,-1,-1,-1
764,3,461,1069,50,50,1,-1,-1,-1
