2,1,606,1145,50,50,1,-1,-1,-1
3,1,602,1148,50,50,1,-1,-1,-1
4,1,598,1151,50,50,1,-1,-1,-1
5,1,596,1155,50,50,1,-1,-1,-1
6,1,594,1161,50,50,1,-1,-1,-1
7,1,593,1166,50,50,1,-1,-1,-1
8,1,590,1165,50,50,1,-1,-1,-1
9,1,583,1150,50,50,1,-1,-1,-1
10,1,576,1118,50,50,1,-1,-1,-1
11,1,570,1066,50,50,1,-1,-1,-1
12,1,569,999,50,50,1,-1,-1,-1
13,1,573,943,50,50,1,-1,-1,-1
14,1,575,896,50,50,1,-1,-1,-1
14,2,481,1171,50,50,1,-1,-1,-1
15,1,580,847,50,50,1,-1,-1,-1
15,2,485,1181,50,50,1,-1,-1,-1
16,1,585,806,50,50,1,-1,-1,-1
16,2,489,1186,50,50,1,-1,-1,-1
17,1,587,762,50,50,1,-1,-1,-1
17,2,493,1186,50,50,1,-1,-1,-1
18,1,588,734,50,50,1,-1,-1,-1
18,2,499,1176,50,50,1,-1,-1,-1
19,1,589,710,50,50,1,-1,-1,-1
19,2,501,1151,50,50,1,-1,-1,-1
19,3,627,964,50,50,1,-1,-1,-1
20,1,592,691,50,50,1,-1,-1,-1
20,2,489,1098,50,50,1,-1,-1,-1
21,1,596,678,50,50,1,-1,-1,-1
21,2,474,1028,50,50,1,-1,-1,-1
22,1,600,670,50,50,1,-1,-1,-1
22,2,468,968,50,50,1,-1,-1,-1
23,1,605,668,50,50,1,-1,-1,-1
23,2,460,907,50,50,1,-1,-1,-1
24,1,610,670,50,50,1,-1,-1,-1
24,2,453,859,50,50,1,-1,-1,-1
25,1,615,679,50,50,1,-1,-1,-1
25,2,446,811,50,50,1,-1,-1,-1
26,1,532,977,50,50,1,-1,-1,-1
26,2,439,770,50,50,1,-1,-1,-1
27,1,523,985,50,50,1,-1,-1,-1
27,2,432,735,50,50,1,-1,-1,-1
28,1,523,1003,50,50,1,-1,-1,-1
28,2,426,705,50,50,1,-1,-1,-1
28,3,632,736,50,50,1,-1,-1,-1
29,1,522,1024,50,50,1,-1,-1,-1
29,2,420,681,50,50,1,-1,-1,-1
29,3,638,766,50,50,1,-1,-1,-1
30,1,519,1049,50,50,1,-1,-1,-1
30,2,415,663,50,50,1,-1,-1,-1
30,3,645,802,50,50,1,-1,-1,-1
31,1,524,1082,50,50,1,-1,-1,-1
31,2,409,651,50,50,1,-1,-1,-1
31,3,652,843,50,50,1,-1,-1,-1
32,1,532,1116,50,50,1,-1,-1,-1
32,2,404,644,50,50,1,-1,-1,-1
32,3,660,889,50,50,1,-1,-1,-1
33,1,534,1144,50,50,1,-1,-1,-1
33,2,400,643,50,50,1,-1,-1,-1
33,3,668,930,50,50,1,-1,-1,-1
34,1,532,1154,50,50,1,-1,-1,-1
34,2,395,648,50,50,1,-1,-1,-1
34,3,677,951,50,50,1,-1,-1,-1
35,1,533,1141,50,50,1,-1,-1,-1
35,2,391,658,50,50,1,-1,-1,-1
35,3,674,960,50,50,1,-1,-1,-1
36,1,533,1092,50,50,1,-1,-1,-1
36,2,387,674,50,50,1,-1,-1,-1
37,1,524,1025,50,50,1,-1,-1,-1
37,2,384,696,50,50,1,-1,-1,-1
38,1,513,960,50,50,1,-1,-1,-1
38,2,381,723,50,50,1,-1,-1,-1
39,1,506,905,50,50,1,-1,-1,-1
40,1,497,852,50,50,1,-1,-1,-1
40,3,645,1062,50,50,1,-1,-1,-1
41,2,372,842,50,50,1,-1,-1,-1
41,3,639,1103,50,50,1,-1,-1,-1
42,2,370,894,50,50,1,-1,-1,-1
42,3,630,1130,50,50,1,-1,-1,-1
43,1,476,725,50,50,1,-1,-1,-1
43,2,367,931,50,50,1,-1,-1,-1
43,3,620,1146,50,50,1,-1,-1,-1
44,1,469,695,50,50,1,-1,-1,-1
44,2,359,956,50,50,1,-1,-1,-1
44,3,612,1151,50,50,1,-1,-1,-1
45,1,463,671,50,50,1,-1,-1,-1
45,2,352,968,50,50,1,-1,-1,-1
45,3,608,1137,50,50,1,-1,-1,-1
46,1,457,652,50,50,1,-1,-1,-1
46,2,372,967,50,50,1,-1,-1,-1
46,3,610,1103,50,50,1,-1,-1,-1
47,1,451,640,50,50,1,-1,-1,-1
47,2,423,962,50,50,1,-1,-1,-1
47,3,616,1030,50,50,1,-1,-1,-1
48,1,446,633,50,50,1,-1,-1,-1
48,3,617,977,50,50,1,-1,-1,-1
49,1,441,632,50,50,1,-1,-1,-1
49,3,614,926,50,50,1,-1,-1,-1
50,1,436,637,50,50,1,-1,-1,-1
50,3,612,878,50,50,1,-1,-1,-1
51,1,432,646,50,50,1,-1,-1,-1
51,3,611,833,50,50,1,-1,-1,-1
52,1,428,662,50,50,1,-1,-1,-1
52,3,611,794,50,50,1,-1,-1,-1
53,1,424,683,50,50,1,-1,-1,-1
53,2,587,979,50,50,1,-1,-1,-1
53,3,610,760,50,50,1,-1,-1,-1
54,1,420,709,50,50,1,-1,-1,-1
54,2,590,1003,50,50,1,-1,-1,-1
55,1,417,741,50,50,1,-1,-1,-1
55,2,592,1035,50,50,1,-1,-1,-1
56,1,414,778,50,50,1,-1,-1,-1
56,2,588,1078,50,50,1,-1,-1,-1
56,3,611,694,50,50,1,-1,-1,-1
57,1,412,821,50,50,1,-1,-1,-1
57,2,580,1132,50,50,1,-1,-1,-1
57,3,612,683,50,50,1,-1,-1,-1
58,1,410,870,50,50,1,-1,-1,-1
58,2,580,1170,50,50,1,-1,-1,-1
58,3,613,678,50,50,1,-1,-1,-1
59,1,408,916,50,50,1,-1,-1,-1
59,2,584,1185,50,50,1,-1,-1,-1
59,3,614,679,50,50,1,-1,-1,-1
60,1,411,941,50,50,1,-1,-1,-1
60,2,579,1180,50,50,1,-1,-1,-1
60,3,616,684,50,50,1,-1,-1,-1
61,1,410,957,50,50,1,-1,-1,-1
61,2,566,1151,50,50,1,-1,-1,-1
61,3,618,696,50,50,1,-1,-1,-1
62,2,548,1101,50,50,1,-1,-1,-1
62,3,621,713,50,50,1,-1,-1,-1
63,2,549,1039,50,50,1,-1,-1,-1
63,3,624,736,50,50,1,-1,-1,-1
64,2,550,979,50,50,1,-1,-1,-1
64,3,627,764,50,50,1,-1,-1,-1
65,2,553,923,50,50,1,-1,-1,-1
66,1,479,1123,50,50,1,-1,-1,-1
66,3,634,839,50,50,1,-1,-1,-1
67,1,489,1151,50,50,1,-1,-1,-1
67,3,638,882,50,50,1,-1,-1,-1
68,1,492,1156,50,50,1,-1,-1,-1
68,3,640,930,50,50,1,-1,-1,-1
69,1,497,1139,50,50,1,-1,-1,-1
69,2,565,744,50,50,1,-1,-1,-1
69,3,656,953,50,50,1,-1,-1,-1
70,1,494,1098,50,50,1,-1,-1,-1
70,2,563,715,50,50,1,-1,-1,-1
70,3,672,972,50,50,1,-1,-1,-1
71,1,472,1030,50,50,1,-1,-1,-1
71,2,564,695,50,50,1,-1,-1,-1
72,1,464,965,50,50,1,-1,-1,-1
72,2,567,677,50,50,1,-1,-1,-1
73,1,459,912,50,50,1,-1,-1,-1
73,2,571,665,50,50,1,-1,-1,-1
74,1,453,860,50,50,1,-1,-1,-1
74,2,574,658,50,50,1,-1,-1,-1
75,1,445,811,50,50,1,-1,-1,-1
75,2,578,657,50,50,1,-1,-1,-1
76,1,439,769,50,50,1,-1,-1,-1
76,3,504,985,50,50,1,-1,-1,-1
77,1,433,732,50,50,1,-1,-1,-1
77,3,490,990,50,50,1,-1,-1,-1
78,1,426,701,50,50,1,-1,-1,-1
78,3,489,1011,50,50,1,-1,-1,-1
79,2,596,708,50,50,1,-1,-1,-1
79,3,483,1032,50,50,1,-1,-1,-1
80,1,415,657,50,50,1,-1,-1,-1
80,2,602,735,50,50,1,-1,-1,-1
80,3,475,1061,50,50,1,-1,-1,-1
81,1,410,643,50,50,1,-1,-1,-1
81,2,607,767,50,50,1,-1,-1,-1
81,3,477,1100,50,50,1,-1,-1,-1
82,1,405,635,50,50,1,-1,-1,-1
82,2,613,805,50,50,1,-1,-1,-1
82,3,485,1138,50,50,1,-1,-1,-1
83,1,401,633,50,50,1,-1,-1,-1
83,2,620,848,50,50,1,-1,-1,-1
83,3,491,1158,50,50,1,-1,-1,-1
84,1,397,635,50,50,1,-1,-1,-1
84,2,625,894,50,50,1,-1,-1,-1
84,3,496,1165,50,50,1,-1,-1,-1
85,1,393,644,50,50,1,-1,-1,-1
85,2,635,939,50,50,1,-1,-1,-1
85,3,502,1153,50,50,1,-1,-1,-1
86,1,389,658,50,50,1,-1,-1,-1
86,2,632,959,50,50,1,-1,-1,-1
86,3,500,1127,50,50,1,-1,-1,-1
87,1,386,678,50,50,1,-1,-1,-1
87,3,493,1067,50,50,1,-1,-1,-1
88,1,383,703,50,50,1,-1,-1,-1
88,3,482,1010,50,50,1,-1,-1,-1
89,1,380,733,50,50,1,-1,-1,-1
89,3,474,954,50,50,1,-1,-1,-1
90,2,651,1077,50,50,1,-1,-1,-1
90,3,468,904,50,50,1,-1,-1,-1
91,2,629,1118,50,50,1,-1,-1,-1
91,3,462,858,50,50,1,-1,-1,-1
92,1,374,861,50,50,1,-1,-1,-1
92,2,620,1145,50,50,1,-1,-1,-1
93,1,372,914,50,50,1,-1,-1,-1
93,2,616,1159,50,50,1,-1,-1,-1
94,1,372,945,50,50,1,-1,-1,-1
94,2,613,1159,50,50,1,-1,-1,-1
94,3,443,745,50,50,1,-1,-1,-1
95,1,368,970,50,50,1,-1,-1,-1
95,2,611,1144,50,50,1,-1,-1,-1
95,3,438,720,50,50,1,-1,-1,-1
96,1,368,969,50,50,1,-1,-1,-1
96,2,611,1105,50,50,1,-1,-1,-1
96,3,432,701,50,50,1,-1,-1,-1
97,1,395,970,50,50,1,-1,-1,-1
97,2,612,1032,50,50,1,-1,-1,-1
97,3,428,687,50,50,1,-1,-1,-1
98,2,612,962,50,50,1,-1,-1,-1
98,3,423,679,50,50,1,-1,-1,-1
99,2,608,908,50,50,1,-1,-1,-1
99,3,419,676,50,50,1,-1,-1,-1
100,2,606,853,50,50,1,-1,-1,-1
100,3,415,679,50,50,1,-1,-1,-1
101,2,605,802,50,50,1,-1,-1,-1
101,3,411,688,50,50,1,-1,-1,-1
102,1,561,963,50,50,1,-1,-1,-1
102,2,604,754,50,50,1,-1,-1,-1
102,3,408,702,50,50,1,-1,-1,-1
103,1,579,966,50,50,1,-1,-1,-1
103,2,603,717,50,50,1,-1,-1,-1
103,3,404,722,50,50,1,-1,-1,-1
104,1,581,988,50,50,1,-1,-1,-1
104,2,603,684,50,50,1,-1,-1,-1
104,3,402,747,50,50,1,-1,-1,-1
105,1,584,1012,50,50,1,-1,-1,-1
105,2,603,654,50,50,1,-1,-1,-1
105,3,399,779,50,50,1,-1,-1,-1
106,1,585,1042,50,50,1,-1,-1,-1
106,2,604,634,50,50,1,-1,-1,-1
106,3,397,816,50,50,1,-1,-1,-1
107,1,581,1083,50,50,1,-1,-1,-1
107,2,605,618,50,50,1,-1,-1,-1
107,3,395,858,50,50,1,-1,-1,-1
108,1,575,1125,50,50,1,-1,-1,-1
108,2,606,607,50,50,1,-1,-1,-1
108,3,393,908,50,50,1,-1,-1,-1
109,1,577,1172,50,50,1,-1,-1,-1
109,2,609,602,50,50,1,-1,-1,-1
109,3,397,976,50,50,1,-1,-1,-1
110,1,577,1172,50,50,1,-1,-1,-1
110,2,609,602,50,50,1,-1,-1,-1
110,3,397,976,50,50,1,-1,-1,-1
111,1,564,1161,50,50,1,-1,-1,-1
111,2,611,608,50,50,1,-1,-1,-1
111,3,397,994,50,50,1,-1,-1,-1
112,1,543,1085,50,50,1,-1,-1,-1
112,2,616,637,50,50,1,-1,-1,-1
113,1,543,1085,50,50,1,-1,-1,-1
113,2,616,637,50,50,1,-1,-1,-1
114,1,542,1026,50,50,1,-1,-1,-1
114,2,619,659,50,50,1,-1,-1,-1
115,1,547,923,50,50,1,-1,-1,-1
115,2,625,722,50,50,1,-1,-1,-1
115,3,478,1144,50,50,1,-1,-1,-1
116,1,547,923,50,50,1,-1,-1,-1
116,2,625,722,50,50,1,-1,-1,-1
116,3,478,1144,50,50,1,-1,-1,-1
117,2,629,762,50,50,1,-1,-1,-1
117,3,487,1162,50,50,1,-1,-1,-1
118,2,638,859,50,50,1,-1,-1,-1
118,3,493,1165,50,50,1,-1,-1,-1
119,2,641,907,50,50,1,-1,-1,-1
119,3,491,1136,50,50,1,-1,-1,-1
120,2,641,907,50,50,1,-1,-1,-1
120,3,491,1136,50,50,1,-1,-1,-1
121,1,461,1015,50,50,1,-1,-1,-1
121,2,658,938,50,50,1,-1,-1,-1
121,3,564,734,50,50,1,-1,-1,-1
122,1,454,955,50,50,1,-1,-1,-1
122,2,564,723,50,50,1,-1,-1,-1
123,1,455,955,50,50,1,-1,-1,-1
123,2,564,723,50,50,1,-1,-1,-1
124,1,440,849,50,50,1,-1,-1,-1
125,1,433,806,50,50,1,-1,-1,-1
126,1,425,765,50,50,1,-1,-1,-1
126,2,508,986,50,50,1,-1,-1,-1
127,1,418,732,50,50,1,-1,-1,-1
127,2,500,1001,50,50,1,-1,-1,-1
128,1,412,706,50,50,1,-1,-1,-1
128,2,499,1017,50,50,1,-1,-1,-1
129,1,406,684,50,50,1,-1,-1,-1
129,2,496,1035,50,50,1,-1,-1,-1
130,1,400,668,50,50,1,-1,-1,-1
130,2,494,1062,50,50,1,-1,-1,-1
131,1,395,658,50,50,1,-1,-1,-1
131,2,498,1100,50,50,1,-1,-1,-1
132,1,390,653,50,50,1,-1,-1,-1
132,2,498,1130,50,50,1,-1,-1,-1
133,1,385,653,50,50,1,-1,-1,-1
133,2,498,1147,50,50,1,-1,-1,-1
134,1,380,659,50,50,1,-1,-1,-1
134,2,501,1143,50,50,1,-1,-1,-1
135,1,376,670,50,50,1,-1,-1,-1
135,2,502,1116,50,50,1,-1,-1,-1
136,1,372,686,50,50,1,-1,-1,-1
136,2,491,1054,50,50,1,-1,-1,-1
137,1,368,708,50,50,1,-1,-1,-1
137,2,480,996,50,50,1,-1,-1,-1
138,1,365,736,50,50,1,-1,-1,-1
138,2,475,944,50,50,1,-1,-1,-1
139,1,608,1092,50,50,1,-1,-1,-1
139,2,472,889,50,50,1,-1,-1,-1
140,1,615,1124,50,50,1,-1,-1,-1
140,2,467,840,50,50,1,-1,-1,-1
141,1,610,1146,50,50,1,-1,-1,-1
141,2,463,797,50,50,1,-1,-1,-1
142,1,605,1151,50,50,1,-1,-1,-1
142,2,354,900,50,50,1,-1,-1,-1
143,1,600,1146,50,50,1,-1,-1,-1
143,2,352,939,50,50,1,-1,-1,-1
144,1,592,1116,50,50,1,-1,-1,-1
144,2,343,959,50,50,1,-1,-1,-1
145,1,582,1064,50,50,1,-1,-1,-1
145,2,339,973,50,50,1,-1,-1,-1
146,1,597,998,50,50,1,-1,-1,-1
146,2,367,963,50,50,1,-1,-1,-1
147,1,598,943,50,50,1,-1,-1,-1
147,2,442,660,50,50,1,-1,-1,-1
148,1,600,898,50,50,1,-1,-1,-1
148,2,440,657,50,50,1,-1,-1,-1
149,1,498,945,50,50,1,-1,-1,-1
149,2,438,659,50,50,1,-1,-1,-1
150,1,541,944,50,50,1,-1,-1,-1
150,2,436,667,50,50,1,-1,-1,-1
151,1,603,765,50,50,1,-1,-1,-1
152,1,584,954,50,50,1,-1,-1,-1
152,2,602,733,50,50,1,-1,-1,-1
153,1,594,975,50,50,1,-1,-1,-1
153,2,432,725,50,50,1,-1,-1,-1
154,1,597,1008,50,50,1,-1,-1,-1
154,2,431,755,50,50,1,-1,-1,-1
155,1,593,1048,50,50,1,-1,-1,-1
155,2,431,792,50,50,1,-1,-1,-1
156,1,590,1111,50,50,1,-1,-1,-1
156,2,431,834,50,50,1,-1,-1,-1
157,1,589,1150,50,50,1,-1,-1,-1
157,2,432,883,50,50,1,-1,-1,-1
158,1,586,1170,50,50,1,-1,-1,-1
158,2,433,934,50,50,1,-1,-1,-1
159,1,577,1167,50,50,1,-1,-1,-1
159,2,435,965,50,50,1,-1,-1,-1
160,1,564,1141,50,50,1,-1,-1,-1
160,2,622,676,50,50,1,-1,-1,-1
161,1,439,1013,50,50,1,-1,-1,-1
161,2,625,694,50,50,1,-1,-1,-1
162,1,548,1021,50,50,1,-1,-1,-1
162,2,630,717,50,50,1,-1,-1,-1
163,1,547,965,50,50,1,-1,-1,-1
163,2,634,747,50,50,1,-1,-1,-1
164,1,550,916,50,50,1,-1,-1,-1
164,2,470,1117,50,50,1,-1,-1,-1
165,1,645,822,50,50,1,-1,-1,-1
165,2,482,1142,50,50,1,-1,-1,-1
166,1,650,867,50,50,1,-1,-1,-1
166,2,488,1156,50,50,1,-1,-1,-1
167,1,655,915,50,50,1,-1,-1,-1
167,2,489,1149,50,50,1,-1,-1,-1
168,1,665,942,50,50,1,-1,-1,-1
168,2,484,1122,50,50,1,-1,-1,-1
169,1,678,959,50,50,1,-1,-1,-1
169,2,466,1057,50,50,1,-1,-1,-1
170,1,650,953,50,50,1,-1,-1,-1
170,2,453,986,50,50,1,-1,-1,-1
171,1,564,682,50,50,1,-1,-1,-1
171,2,445,933,50,50,1,-1,-1,-1
172,1,568,672,50,50,1,-1,-1,-1
172,2,435,878,50,50,1,-1,-1,-1
173,1,571,667,50,50,1,-1,-1,-1
173,2,424,826,50,50,1,-1,-1,-1
174,1,505,976,50,50,1,-1,-1,-1
174,2,414,781,50,50,1,-1,-1,-1
175,1,489,989,50,50,1,-1,-1,-1
175,2,405,741,50,50,1,-1,-1,-1
176,1,488,1007,50,50,1,-1,-1,-1
176,2,395,707,50,50,1,-1,-1,-1
177,1,485,1022,50,50,1,-1,-1,-1
177,2,386,678,50,50,1,-1,-1,-1
178,1,480,1048,50,50,1,-1,-1,-1
178,2,377,655,50,50,1,-1,-1,-1
179,1,489,1090,50,50,1,-1,-1,-1
179,2,368,638,50,50,1,-1,-1,-1
180,1,487,1127,50,50,1,-1,-1,-1
180,2,360,627,50,50,1,-1,-1,-1
181,1,486,1150,50,50,1,-1,-1,-1
181,2,352,621,50,50,1,-1,-1,-1
182,1,487,1153,50,50,1,-1,-1,-1
182,2,344,621,50,50,1,-1,-1,-1
183,1,490,1137,50,50,1,-1,-1,-1
183,2,336,627,50,50,1,-1,-1,-1
184,1,625,946,50,50,1,-1,-1,-1
184,2,329,639,50,50,1,-1,-1,-1
185,1,471,1026,50,50,1,-1,-1,-1
185,2,321,656,50,50,1,-1,-1,-1
186,1,461,961,50,50,1,-1,-1,-1
186,2,314,680,50,50,1,-1,-1,-1
187,1,459,908,50,50,1,-1,-1,-1
187,2,308,709,50,50,1,-1,-1,-1
188,1,455,860,50,50,1,-1,-1,-1
188,2,611,1066,50,50,1,-1,-1,-1
189,1,296,786,50,50,1,-1,-1,-1
189,2,612,1121,50,50,1,-1,-1,-1
190,1,290,835,50,50,1,-1,-1,-1
190,2,603,1150,50,50,1,-1,-1,-1
191,1,285,882,50,50,1,-1,-1,-1
191,2,599,1167,50,50,1,-1,-1,-1
192,1,260,914,50,50,1,-1,-1,-1
192,2,594,1163,50,50,1,-1,-1,-1
193,1,282,898,50,50,1,-1,-1,-1
193,2,590,1143,50,50,1,-1,-1,-1
194,1,300,899,50,50,1,-1,-1,-1
194,2,590,1102,50,50,1,-1,-1,-1
195,1,335,897,50,50,1,-1,-1,-1
195,2,591,1021,50,50,1,-1,-1,-1
196,1,382,899,50,50,1,-1,-1,-1
196,2,591,958,50,50,1,-1,-1,-1
197,1,421,625,50,50,1,-1,-1,-1
197,2,592,907,50,50,1,-1,-1,-1
198,1,419,628,50,50,1,-1,-1,-1
198,2,593,856,50,50,1,-1,-1,-1
199,1,417,637,50,50,1,-1,-1,-1
199,2,512,927,50,50,1,-1,-1,-1
200,1,415,651,50,50,1,-1,-1,-1
200,2,596,765,50,50,1,-1,-1,-1
201,1,598,728,50,50,1,-1,-1,-1
201,2,565,948,50,50,1,-1,-1,-1
202,1,413,697,50,50,1,-1,-1,-1
202,2,566,972,50,50,1,-1,-1,-1
203,1,412,729,50,50,1,-1,-1,-1
203,2,569,1002,50,50,1,-1,-1,-1
204,1,411,767,50,50,1,-1,-1,-1
204,2,569,1040,50,50,1,-1,-1,-1
205,1,411,811,50,50,1,-1,-1,-1
205,2,566,1089,50,50,1,-1,-1,-1
206,1,411,861,50,50,1,-1,-1,-1
206,2,568,1142,50,50,1,-1,-1,-1
207,1,412,910,50,50,1,-1,-1,-1
207,2,574,1171,50,50,1,-1,-1,-1
208,1,417,944,50,50,1,-1,-1,-1
208,2,574,1172,50,50,1,-1,-1,-1
209,1,419,967,50,50,1,-1,-1,-1
209,2,563,1144,50,50,1,-1,-1,-1
210,1,427,996,50,50,1,-1,-1,-1
210,2,631,655,50,50,1,-1,-1,-1
211,1,552,1026,50,50,1,-1,-1,-1
211,2,637,675,50,50,1,-1,-1,-1
212,1,642,702,50,50,1,-1,-1,-1
212,2,549,970,50,50,1,-1,-1,-1
213,1,648,734,50,50,1,-1,-1,-1
213,2,471,1120,50,50,1,-1,-1,-1
214,1,655,772,50,50,1,-1,-1,-1
214,2,484,1157,50,50,1,-1,-1,-1
215,1,662,816,50,50,1,-1,-1,-1
215,2,492,1172,50,50,1,-1,-1,-1
216,1,669,867,50,50,1,-1,-1,-1
216,2,497,1169,50,50,1,-1,-1,-1
217,1,675,905,50,50,1,-1,-1,-1
217,2,496,1148,50,50,1,-1,-1,-1
218,1,684,929,50,50,1,-1,-1,-1
218,2,490,1114,50,50,1,-1,-1,-1
219,1,676,932,50,50,1,-1,-1,-1
219,2,472,1039,50,50,1,-1,-1,-1
220,1,571,662,50,50,1,-1,-1,-1
220,2,460,973,50,50,1,-1,-1,-1
221,1,574,649,50,50,1,-1,-1,-1
221,2,450,916,50,50,1,-1,-1,-1
222,1,578,642,50,50,1,-1,-1,-1
222,2,441,863,50,50,1,-1,-1,-1
223,1,582,640,50,50,1,-1,-1,-1
223,2,429,810,50,50,1,-1,-1,-1
224,1,587,643,50,50,1,-1,-1,-1
224,2,421,768,50,50,1,-1,-1,-1
225,1,496,1000,50,50,1,-1,-1,-1
225,2,411,730,50,50,1,-1,-1,-1
226,1,495,1020,50,50,1,-1,-1,-1
226,2,403,698,50,50,1,-1,-1,-1
227,1,494,1044,50,50,1,-1,-1,-1
227,2,394,671,50,50,1,-1,-1,-1
228,1,495,1080,50,50,1,-1,-1,-1
228,2,386,651,50,50,1,-1,-1,-1
229,1,498,1121,50,50,1,-1,-1,-1
229,2,378,635,50,50,1,-1,-1,-1
230,1,492,1155,50,50,1,-1,-1,-1
230,2,370,626,50,50,1,-1,-1,-1
231,1,494,1170,50,50,1,-1,-1,-1
231,2,363,623,50,50,1,-1,-1,-1
232,1,496,1168,50,50,1,-1,-1,-1
232,2,356,625,50,50,1,-1,-1,-1
233,1,495,1135,50,50,1,-1,-1,-1
233,2,349,633,50,50,1,-1,-1,-1
234,1,499,1070,50,50,1,-1,-1,-1
234,2,342,646,50,50,1,-1,-1,-1
235,1,478,1011,50,50,1,-1,-1,-1
235,2,336,665,50,50,1,-1,-1,-1
236,1,471,947,50,50,1,-1,-1,-1
236,2,330,690,50,50,1,-1,-1,-1
237,1,462,895,50,50,1,-1,-1,-1
237,2,325,720,50,50,1,-1,-1,-1
238,1,626,1100,50,50,1,-1,-1,-1
238,2,319,756,50,50,1,-1,-1,-1
239,1,612,1141,50,50,1,-1,-1,-1
239,2,314,798,50,50,1,-1,-1,-1
240,1,606,1161,50,50,1,-1,-1,-1
240,2,310,846,50,50,1,-1,-1,-1
241,1,600,1162,50,50,1,-1,-1,-1
241,2,306,896,50,50,1,-1,-1,-1
242,1,594,1145,50,50,1,-1,-1,-1
242,2,299,935,50,50,1,-1,-1,-1
243,1,592,1109,50,50,1,-1,-1,-1
243,2,305,951,50,50,1,-1,-1,-1
244,1,591,1036,50,50,1,-1,-1,-1
244,2,319,949,50,50,1,-1,-1,-1
245,1,594,964,50,50,1,-1,-1,-1
245,2,355,939,50,50,1,-1,-1,-1
246,1,593,909,50,50,1,-1,-1,-1
246,2,419,618,50,50,1,-1,-1,-1
247,1,594,855,50,50,1,-1,-1,-1
247,2,415,616,50,50,1,-1,-1,-1
248,1,595,802,50,50,1,-1,-1,-1
248,2,412,619,50,50,1,-1,-1,-1
249,1,594,751,50,50,1,-1,-1,-1
249,2,409,628,50,50,1,-1,-1,-1
250,1,593,714,50,50,1,-1,-1,-1
250,2,406,643,50,50,1,-1,-1,-1
251,1,594,679,50,50,1,-1,-1,-1
251,2,585,958,50,50,1,-1,-1,-1
252,1,401,690,50,50,1,-1,-1,-1
252,2,595,981,50,50,1,-1,-1,-1
253,1,400,722,50,50,1,-1,-1,-1
253,2,601,1017,50,50,1,-1,-1,-1
254,1,398,760,50,50,1,-1,-1,-1
254,2,597,1057,50,50,1,-1,-1,-1
255,1,397,804,50,50,1,-1,-1,-1
255,2,600,1117,50,50,1,-1,-1,-1
256,1,396,855,50,50,1,-1,-1,-1
256,2,591,1156,50,50,1,-1,-1,-1
257,1,395,907,50,50,1,-1,-1,-1
257,2,583,1171,50,50,1,-1,-1,-1
258,1,404,946,50,50,1,-1,-1,-1
258,2,573,1164,50,50,1,-1,-1,-1
259,1,408,970,50,50,1,-1,-1,-1
259,2,556,1136,50,50,1,-1,-1,-1
260,1,616,619,50,50,1,-1,-1,-1
260,2,544,1088,50,50,1,-1,-1,-1
261,1,620,641,50,50,1,-1,-1,-1
261,2,544,1024,50,50,1,-1,-1,-1
262,1,624,667,50,50,1,-1,-1,-1
262,2,543,966,50,50,1,-1,-1,-1
263,1,628,700,50,50,1,-1,-1,-1
263,2,544,913,50,50,1,-1,-1,-1
264,1,633,737,50,50,1,-1,-1,-1
264,2,470,1139,50,50,1,-1,-1,-1
265,1,639,781,50,50,1,-1,-1,-1
265,2,484,1161,50,50,1,-1,-1,-1
266,1,645,830,50,50,1,-1,-1,-1
266,2,491,1164,50,50,1,-1,-1,-1
267,1,649,881,50,50,1,-1,-1,-1
267,2,492,1146,50,50,1,-1,-1,-1
268,1,637,910,50,50,1,-1,-1,-1
268,2,482,1109,50,50,1,-1,-1,-1
269,1,541,696,50,50,1,-1,-1,-1
269,2,467,1026,50,50,1,-1,-1,-1
270,1,542,679,50,50,1,-1,-1,-1
270,2,456,957,50,50,1,-1,-1,-1
271,1,543,669,50,50,1,-1,-1,-1
271,2,447,897,50,50,1,-1,-1,-1
272,1,544,664,50,50,1,-1,-1,-1
272,2,436,838,50,50,1,-1,-1,-1
273,1,522,977,50,50,1,-1,-1,-1
273,2,426,788,50,50,1,-1,-1,-1
274,1,504,996,50,50,1,-1,-1,-1
274,2,415,739,50,50,1,-1,-1,-1
275,1,495,1003,50,50,1,-1,-1,-1
275,2,405,698,50,50,1,-1,-1,-1
276,1,495,1022,50,50,1,-1,-1,-1
276,2,396,663,50,50,1,-1,-1,-1
277,1,489,1039,50,50,1,-1,-1,-1
277,2,387,634,50,50,1,-1,-1,-1
278,1,497,1068,50,50,1,-1,-1,-1
278,2,379,611,50,50,1,-1,-1,-1
279,1,495,1089,50,50,1,-1,-1,-1
279,2,370,593,50,50,1,-1,-1,-1
280,1,499,1121,50,50,1,-1,-1,-1
280,2,362,581,50,50,1,-1,-1,-1
281,1,498,1146,50,50,1,-1,-1,-1
281,2,354,575,50,50,1,-1,-1,-1
282,1,495,1155,50,50,1,-1,-1,-1
282,2,346,574,50,50,1,-1,-1,-1
283,1,498,1143,50,50,1,-1,-1,-1
283,2,338,579,50,50,1,-1,-1,-1
284,1,501,1106,50,50,1,-1,-1,-1
284,2,331,589,50,50,1,-1,-1,-1
285,1,479,1042,50,50,1,-1,-1,-1
285,2,324,606,50,50,1,-1,-1,-1
286,1,465,977,50,50,1,-1,-1,-1
286,2,317,628,50,50,1,-1,-1,-1
287,1,461,915,50,50,1,-1,-1,-1
287,2,311,655,50,50,1,-1,-1,-1
288,1,454,866,50,50,1,-1,-1,-1
288,2,304,689,50,50,1,-1,-1,-1
289,1,446,814,50,50,1,-1,-1,-1
289,2,584,1142,50,50,1,-1,-1,-1
290,1,293,777,50,50,1,-1,-1,-1
290,2,586,1172,50,50,1,-1,-1,-1
291,1,288,830,50,50,1,-1,-1,-1
291,2,587,1183,50,50,1,-1,-1,-1
292,1,283,874,50,50,1,-1,-1,-1
292,2,584,1184,50,50,1,-1,-1,-1
293,1,269,901,50,50,1,-1,-1,-1
293,2,579,1172,50,50,1,-1,-1,-1
294,1,265,915,50,50,1,-1,-1,-1
294,2,572,1143,50,50,1,-1,-1,-1
295,1,287,915,50,50,1,-1,-1,-1
295,2,560,1073,50,50,1,-1,-1,-1
296,1,347,901,50,50,1,-1,-1,-1
296,2,574,1010,50,50,1,-1,-1,-1
297,1,398,607,50,50,1,-1,-1,-1
297,2,577,946,50,50,1,-1,-1,-1
298,1,394,608,50,50,1,-1,-1,-1
298,2,578,891,50,50,1,-1,-1,-1
299,1,390,613,50,50,1,-1,-1,-1
299,2,581,835,50,50,1,-1,-1,-1
300,1,386,624,50,50,1,-1,-1,-1
300,2,538,939,50,50,1,-1,-1,-1
301,1,382,641,50,50,1,-1,-1,-1
301,2,558,951,50,50,1,-1,-1,-1
302,1,379,664,50,50,1,-1,-1,-1
302,2,570,956,50,50,1,-1,-1,-1
303,1,376,692,50,50,1,-1,-1,-1
303,2,577,974,50,50,1,-1,-1,-1
304,1,373,726,50,50,1,-1,-1,-1
304,2,574,1005,50,50,1,-1,-1,-1
305,1,370,766,50,50,1,-1,-1,-1
305,2,562,1054,50,50,1,-1,-1,-1
306,1,368,811,50,50,1,-1,-1,-1
306,2,558,1096,50,50,1,-1,-1,-1
307,1,366,862,50,50,1,-1,-1,-1
307,2,555,1140,50,50,1,-1,-1,-1
308,1,365,918,50,50,1,-1,-1,-1
308,2,559,1165,50,50,1,-1,-1,-1
309,1,362,966,50,50,1,-1,-1,-1
309,2,558,1174,50,50,1,-1,-1,-1
310,1,369,1000,50,50,1,-1,-1,-1
310,2,544,1154,50,50,1,-1,-1,-1
311,1,611,620,50,50,1,-1,-1,-1
311,2,529,1109,50,50,1,-1,-1,-1
312,1,616,639,50,50,1,-1,-1,-1
312,2,531,1044,50,50,1,-1,-1,-1
313,1,621,664,50,50,1,-1,-1,-1
313,2,528,985,50,50,1,-1,-1,-1
314,1,627,695,50,50,1,-1,-1,-1
314,2,533,925,50,50,1,-1,-1,-1
315,1,633,733,50,50,1,-1,-1,-1
315,2,475,1159,50,50,1,-1,-1,-1
316,1,639,775,50,50,1,-1,-1,-1
316,2,491,1167,50,50,1,-1,-1,-1
317,1,646,825,50,50,1,-1,-1,-1
317,2,498,1161,50,50,1,-1,-1,-1
318,1,652,878,50,50,1,-1,-1,-1
318,2,497,1141,50,50,1,-1,-1,-1
319,1,670,914,50,50,1,-1,-1,-1
319,2,485,1101,50,50,1,-1,-1,-1
320,1,666,914,50,50,1,-1,-1,-1
320,2,474,1020,50,50,1,-1,-1,-1
321,1,557,667,50,50,1,-1,-1,-1
321,2,459,957,50,50,1,-1,-1,-1
322,1,562,653,50,50,1,-1,-1,-1
322,2,450,901,50,50,1,-1,-1,-1
323,1,566,644,50,50,1,-1,-1,-1
323,2,440,844,50,50,1,-1,-1,-1
324,1,571,642,50,50,1,-1,-1,-1
324,2,430,796,50,50,1,-1,-1,-1
325,1,498,966,50,50,1,-1,-1,-1
325,2,421,756,50,50,1,-1,-1,-1
326,1,490,978,50,50,1,-1,-1,-1
326,2,412,719,50,50,1,-1,-1,-1
327,1,489,996,50,50,1,-1,-1,-1
327,2,403,689,50,50,1,-1,-1,-1
328,1,490,1024,50,50,1,-1,-1,-1
328,2,395,664,50,50,1,-1,-1,-1
329,1,486,1055,50,50,1,-1,-1,-1
329,2,387,645,50,50,1,-1,-1,-1
330,1,489,1102,50,50,1,-1,-1,-1
330,2,379,631,50,50,1,-1,-1,-1
331,1,492,1144,50,50,1,-1,-1,-1
331,2,371,624,50,50,1,-1,-1,-1
332,1,495,1159,50,50,1,-1,-1,-1
332,2,364,622,50,50,1,-1,-1,-1
333,1,499,1156,50,50,1,-1,-1,-1
333,2,357,625,50,50,1,-1,-1,-1
334,1,499,1128,50,50,1,-1,-1,-1
334,2,350,635,50,50,1,-1,-1,-1
335,1,499,1063,50,50,1,-1,-1,-1
335,2,343,650,50,50,1,-1,-1,-1
336,1,484,1001,50,50,1,-1,-1,-1
336,2,337,670,50,50,1,-1,-1,-1
337,1,475,942,50,50,1,-1,-1,-1
337,2,331,697,50,50,1,-1,-1,-1
338,1,468,889,50,50,1,-1,-1,-1
338,2,326,729,50,50,1,-1,-1,-1
339,1,462,834,50,50,1,-1,-1,-1
339,2,630,1117,50,50,1,-1,-1,-1
340,1,315,812,50,50,1,-1,-1,-1
340,2,621,1155,50,50,1,-1,-1,-1
341,1,311,862,50,50,1,-1,-1,-1
341,2,612,1171,50,50,1,-1,-1,-1
342,1,306,912,50,50,1,-1,-1,-1
342,2,604,1173,50,50,1,-1,-1,-1
343,1,302,953,50,50,1,-1,-1,-1
343,2,598,1155,50,50,1,-1,-1,-1
344,1,302,970,50,50,1,-1,-1,-1
344,2,596,1117,50,50,1,-1,-1,-1
345,1,324,956,50,50,1,-1,-1,-1
345,2,591,1028,50,50,1,-1,-1,-1
346,1,365,940,50,50,1,-1,-1,-1
346,2,594,964,50,50,1,-1,-1,-1
347,1,422,628,50,50,1,-1,-1,-1
347,2,593,907,50,50,1,-1,-1,-1
348,1,419,627,50,50,1,-1,-1,-1
348,2,594,849,50,50,1,-1,-1,-1
349,1,415,633,50,50,1,-1,-1,-1
349,2,594,793,50,50,1,-1,-1,-1
350,1,412,644,50,50,1,-1,-1,-1
350,2,595,743,50,50,1,-1,-1,-1
351,1,574,946,50,50,1,-1,-1,-1
351,2,596,699,50,50,1,-1,-1,-1
352,1,579,965,50,50,1,-1,-1,-1
352,2,597,662,50,50,1,-1,-1,-1
353,1,584,994,50,50,1,-1,-1,-1
353,2,599,629,50,50,1,-1,-1,-1
354,1,585,1032,50,50,1,-1,-1,-1
354,2,602,604,50,50,1,-1,-1,-1
355,1,578,1082,50,50,1,-1,-1,-1
355,2,604,584,50,50,1,-1,-1,-1
356,1,571,1131,50,50,1,-1,-1,-1
356,2,607,569,50,50,1,-1,-1,-1
357,1,573,1168,50,50,1,-1,-1,-1
357,2,610,560,50,50,1,-1,-1,-1
358,1,574,1181,50,50,1,-1,-1,-1
358,2,613,557,50,50,1,-1,-1,-1
359,1,567,1176,50,50,1,-1,-1,-1
359,2,617,559,50,50,1,-1,-1,-1
360,1,553,1148,50,50,1,-1,-1,-1
360,2,621,567,50,50,1,-1,-1,-1
361,1,548,1110,50,50,1,-1,-1,-1
361,2,625,580,50,50,1,-1,-1,-1
362,1,544,1044,50,50,1,-1,-1,-1
362,2,630,599,50,50,1,-1,-1,-1
363,1,540,975,50,50,1,-1,-1,-1
363,2,635,623,50,50,1,-1,-1,-1
364,1,543,918,50,50,1,-1,-1,-1
364,2,640,653,50,50,1,-1,-1,-1
365,1,543,877,50,50,1,-1,-1,-1
365,2,645,689,50,50,1,-1,-1,-1
366,1,482,1155,50,50,1,-1,-1,-1
366,2,651,730,50,50,1,-1,-1,-1
367,1,493,1163,50,50,1,-1,-1,-1
367,2,658,777,50,50,1,-1,-1,-1
368,1,498,1152,50,50,1,-1,-1,-1
368,2,665,830,50,50,1,-1,-1,-1
369,1,495,1123,50,50,1,-1,-1,-1
369,2,669,876,50,50,1,-1,-1,-1
370,1,473,1054,50,50,1,-1,-1,-1
370,2,682,895,50,50,1,-1,-1,-1
371,1,468,997,50,50,1,-1,-1,-1
371,2,541,667,50,50,1,-1,-1,-1
372,1,454,944,50,50,1,-1,-1,-1
372,2,543,655,50,50,1,-1,-1,-1
373,1,445,888,50,50,1,-1,-1,-1
373,2,544,648,50,50,1,-1,-1,-1
374,1,436,839,50,50,1,-1,-1,-1
374,2,546,647,50,50,1,-1,-1,-1
375,1,427,795,50,50,1,-1,-1,-1
375,2,501,981,50,50,1,-1,-1,-1
376,1,418,757,50,50,1,-1,-1,-1
376,2,489,1001,50,50,1,-1,-1,-1
377,1,410,724,50,50,1,-1,-1,-1
377,2,488,1041,50,50,1,-1,-1,-1
378,1,401,697,50,50,1,-1,-1,-1
378,2,489,1066,50,50,1,-1,-1,-1
379,1,394,676,50,50,1,-1,-1,-1
379,2,487,1090,50,50,1,-1,-1,-1
380,1,386,661,50,50,1,-1,-1,-1
380,2,488,1129,50,50,1,-1,-1,-1
381,1,379,652,50,50,1,-1,-1,-1
381,2,487,1151,50,50,1,-1,-1,-1
382,1,372,648,50,50,1,-1,-1,-1
382,2,490,1164,50,50,1,-1,-1,-1
383,1,365,649,50,50,1,-1,-1,-1
383,2,495,1159,50,50,1,-1,-1,-1
384,1,359,657,50,50,1,-1,-1,-1
384,2,499,1136,50,50,1,-1,-1,-1
385,1,353,669,50,50,1,-1,-1,-1
385,2,493,1100,50,50,1,-1,-1,-1
386,1,347,688,50,50,1,-1,-1,-1
386,2,480,1027,50,50,1,-1,-1,-1
387,1,341,712,50,50,1,-1,-1,-1
387,2,475,966,50,50,1,-1,-1,-1
388,1,336,742,50,50,1,-1,-1,-1
388,2,468,918,50,50,1,-1,-1,-1
389,1,584,1107,50,50,1,-1,-1,-1
389,2,461,868,50,50,1,-1,-1,-1
390,1,591,1150,50,50,1,-1,-1,-1
390,2,326,819,50,50,1,-1,-1,-1
391,1,596,1174,50,50,1,-1,-1,-1
391,2,322,866,50,50,1,-1,-1,-1
392,1,593,1170,50,50,1,-1,-1,-1
392,2,318,913,50,50,1,-1,-1,-1
393,1,583,1148,50,50,1,-1,-1,-1
393,2,307,942,50,50,1,-1,-1,-1
394,1,568,1088,50,50,1,-1,-1,-1
394,2,301,964,50,50,1,-1,-1,-1
395,1,579,1025,50,50,1,-1,-1,-1
395,2,323,955,50,50,1,-1,-1,-1
396,1,582,960,50,50,1,-1,-1,-1
396,2,364,938,50,50,1,-1,-1,-1
397,1,581,909,50,50,1,-1,-1,-1
397,2,415,664,50,50,1,-1,-1,-1
398,1,581,855,50,50,1,-1,-1,-1
398,2,411,664,50,50,1,-1,-1,-1
399,1,581,806,50,50,1,-1,-1,-1
399,2,407,670,50,50,1,-1,-1,-1
400,1,582,762,50,50,1,-1,-1,-1
401,1,558,946,50,50,1,-1,-1,-1
401,2,399,700,50,50,1,-1,-1,-1
402,1,472,945,50,50,1,-1,-1,-1
402,2,580,692,50,50,1,-1,-1,-1
403,1,393,753,50,50,1,-1,-1,-1
403,2,580,665,50,50,1,-1,-1,-1
404,1,390,789,50,50,1,-1,-1,-1
404,2,581,644,50,50,1,-1,-1,-1
405,1,388,831,50,50,1,-1,-1,-1
405,2,583,629,50,50,1,-1,-1,-1
406,1,386,880,50,50,1,-1,-1,-1
406,2,584,619,50,50,1,-1,-1,-1
407,1,387,918,50,50,1,-1,-1,-1
407,2,586,615,50,50,1,-1,-1,-1
408,1,384,940,50,50,1,-1,-1,-1
408,2,589,616,50,50,1,-1,-1,-1
409,1,387,963,50,50,1,-1,-1,-1
409,2,591,623,50,50,1,-1,-1,-1
410,1,538,1087,50,50,1,-1,-1,-1
410,2,594,636,50,50,1,-1,-1,-1
411,1,542,1024,50,50,1,-1,-1,-1
411,2,597,654,50,50,1,-1,-1,-1
412,1,538,965,50,50,1,-1,-1,-1
412,2,601,678,50,50,1,-1,-1,-1
413,1,541,916,50,50,1,-1,-1,-1
413,2,605,708,50,50,1,-1,-1,-1
414,1,485,1137,50,50,1,-1,-1,-1
414,2,609,744,50,50,1,-1,-1,-1
415,1,494,1156,50,50,1,-1,-1,-1
415,2,614,785,50,50,1,-1,-1,-1
416,1,497,1153,50,50,1,-1,-1,-1
416,2,619,832,50,50,1,-1,-1,-1
417,1,493,1134,50,50,1,-1,-1,-1
417,2,624,883,50,50,1,-1,-1,-1
418,1,482,1089,50,50,1,-1,-1,-1
418,2,635,914,50,50,1,-1,-1,-1
419,1,463,1020,50,50,1,-1,-1,-1
419,2,642,932,50,50,1,-1,-1,-1
420,1,453,956,50,50,1,-1,-1,-1
420,2,554,692,50,50,1,-1,-1,-1
421,1,448,898,50,50,1,-1,-1,-1
421,2,557,682,50,50,1,-1,-1,-1
422,1,440,841,50,50,1,-1,-1,-1
422,2,560,679,50,50,1,-1,-1,-1
423,1,432,791,50,50,1,-1,-1,-1
423,2,511,976,50,50,1,-1,-1,-1
424,1,425,747,50,50,1,-1,-1,-1
424,2,492,984,50,50,1,-1,-1,-1
425,1,418,710,50,50,1,-1,-1,-1
425,2,490,982,50,50,1,-1,-1,-1
426,1,411,677,50,50,1,-1,-1,-1
426,2,496,1035,50,50,1,-1,-1,-1
427,1,405,650,50,50,1,-1,-1,-1
427,2,496,1056,50,50,1,-1,-1,-1
428,1,398,629,50,50,1,-1,-1,-1
428,2,496,1083,50,50,1,-1,-1,-1
429,1,393,614,50,50,1,-1,-1,-1
429,2,498,1115,50,50,1,-1,-1,-1
430,1,387,604,50,50,1,-1,-1,-1
430,2,501,1143,50,50,1,-1,-1,-1
431,1,382,600,50,50,1,-1,-1,-1
431,2,502,1156,50,50,1,-1,-1,-1
432,1,377,602,50,50,1,-1,-1,-1
432,2,505,1153,50,50,1,-1,-1,-1
433,1,372,609,50,50,1,-1,-1,-1
433,2,507,1132,50,50,1,-1,-1,-1
434,1,367,622,50,50,1,-1,-1,-1
434,2,507,1085,50,50,1,-1,-1,-1
435,1,363,641,50,50,1,-1,-1,-1
435,2,491,1024,50,50,1,-1,-1,-1
436,1,359,666,50,50,1,-1,-1,-1
436,2,485,963,50,50,1,-1,-1,-1
437,1,356,697,50,50,1,-1,-1,-1
437,2,477,910,50,50,1,-1,-1,-1
438,1,601,1140,50,50,1,-1,-1,-1
438,2,471,870,50,50,1,-1,-1,-1
439,1,596,1168,50,50,1,-1,-1,-1
439,2,349,777,50,50,1,-1,-1,-1
440,1,594,1181,50,50,1,-1,-1,-1
440,2,347,826,50,50,1,-1,-1,-1
441,1,591,1178,50,50,1,-1,-1,-1
441,2,343,880,50,50,1,-1,-1,-1
442,1,586,1158,50,50,1,-1,-1,-1
442,2,334,917,50,50,1,-1,-1,-1
443,1,585,1119,50,50,1,-1,-1,-1
443,2,336,933,50,50,1,-1,-1,-1
444,1,577,1041,50,50,1,-1,-1,-1
444,2,342,940,50,50,1,-1,-1,-1
445,1,578,961,50,50,1,-1,-1,-1
445,2,441,678,50,50,1,-1,-1,-1
446,1,578,901,50,50,1,-1,-1,-1
446,2,439,674,50,50,1,-1,-1,-1
447,1,580,840,50,50,1,-1,-1,-1
447,2,436,676,50,50,1,-1,-1,-1
448,1,515,944,50,50,1,-1,-1,-1
449,1,550,953,50,50,1,-1,-1,-1
449,2,578,728,50,50,1,-1,-1,-1
450,1,563,971,50,50,1,-1,-1,-1
450,2,577,683,50,50,1,-1,-1,-1
451,1,479,936,50,50,1,-1,-1,-1
451,2,578,643,50,50,1,-1,-1,-1
452,1,426,770,50,50,1,-1,-1,-1
452,2,579,609,50,50,1,-1,-1,-1
453,1,425,806,50,50,1,-1,-1,-1
453,2,580,581,50,50,1,-1,-1,-1
454,1,424,848,50,50,1,-1,-1,-1
454,2,581,557,50,50,1,-1,-1,-1
455,1,425,896,50,50,1,-1,-1,-1
455,2,583,541,50,50,1,-1,-1,-1
456,1,425,948,50,50,1,-1,-1,-1
456,2,586,530,50,50,1,-1,-1,-1
457,1,428,981,50,50,1,-1,-1,-1
457,2,588,525,50,50,1,-1,-1,-1
458,1,422,998,50,50,1,-1,-1,-1
458,2,591,524,50,50,1,-1,-1,-1
459,1,540,1141,50,50,1,-1,-1,-1
459,2,594,529,50,50,1,-1,-1,-1
460,1,530,1095,50,50,1,-1,-1,-1
460,2,597,540,50,50,1,-1,-1,-1
461,1,527,1041,50,50,1,-1,-1,-1
461,2,601,557,50,50,1,-1,-1,-1
462,1,524,981,50,50,1,-1,-1,-1
462,2,605,579,50,50,1,-1,-1,-1
463,1,527,924,50,50,1,-1,-1,-1
463,2,609,607,50,50,1,-1,-1,-1
464,1,532,884,50,50,1,-1,-1,-1
464,2,614,640,50,50,1,-1,-1,-1
465,1,483,1172,50,50,1,-1,-1,-1
465,2,619,679,50,50,1,-1,-1,-1
466,1,486,1177,50,50,1,-1,-1,-1
466,2,624,724,50,50,1,-1,-1,-1
467,1,487,1169,50,50,1,-1,-1,-1
467,2,630,775,50,50,1,-1,-1,-1
468,1,484,1150,50,50,1,-1,-1,-1
468,2,636,827,50,50,1,-1,-1,-1
469,1,473,1107,50,50,1,-1,-1,-1
469,2,637,868,50,50,1,-1,-1,-1
470,1,454,1029,50,50,1,-1,-1,-1
470,2,646,890,50,50,1,-1,-1,-1
471,1,448,962,50,50,1,-1,-1,-1
471,2,548,652,50,50,1,-1,-1,-1
472,1,439,907,50,50,1,-1,-1,-1
472,2,552,643,50,50,1,-1,-1,-1
473,1,430,851,50,50,1,-1,-1,-1
473,2,556,640,50,50,1,-1,-1,-1
474,1,422,801,50,50,1,-1,-1,-1
474,2,560,643,50,50,1,-1,-1,-1
475,1,414,757,50,50,1,-1,-1,-1
475,2,492,973,50,50,1,-1,-1,-1
476,1,406,716,50,50,1,-1,-1,-1
476,2,483,1000,50,50,1,-1,-1,-1
477,1,398,685,50,50,1,-1,-1,-1
477,2,486,1030,50,50,1,-1,-1,-1
478,1,392,659,50,50,1,-1,-1,-1
478,2,486,1063,50,50,1,-1,-1,-1
479,1,386,639,50,50,1,-1,-1,-1
479,2,490,1087,50,50,1,-1,-1,-1
480,1,380,623,50,50,1,-1,-1,-1
480,2,484,1135,50,50,1,-1,-1,-1
481,1,374,614,50,50,1,-1,-1,-1
481,2,483,1159,50,50,1,-1,-1,-1
482,1,368,610,50,50,1,-1,-1,-1
482,2,484,1167,50,50,1,-1,-1,-1
483,1,363,611,50,50,1,-1,-1,-1
483,2,488,1157,50,50,1,-1,-1,-1
484,1,357,619,50,50,1,-1,-1,-1
484,2,491,1131,50,50,1,-1,-1,-1
485,1,353,631,50,50,1,-1,-1,-1
485,2,615,967,50,50,1,-1,-1,-1
486,1,348,650,50,50,1,-1,-1,-1
486,2,479,1015,50,50,1,-1,-1,-1
487,1,344,673,50,50,1,-1,-1,-1
487,2,466,953,50,50,1,-1,-1,-1
488,1,340,703,50,50,1,-1,-1,-1
488,2,464,906,50,50,1,-1,-1,-1
489,1,597,1130,50,50,1,-1,-1,-1
489,2,461,857,50,50,1,-1,-1,-1
490,1,591,1159,50,50,1,-1,-1,-1
490,2,455,811,50,50,1,-1,-1,-1
491,1,588,1172,50,50,1,-1,-1,-1
491,2,330,825,50,50,1,-1,-1,-1
492,1,581,1167,50,50,1,-1,-1,-1
492,2,327,876,50,50,1,-1,-1,-1
493,1,570,1140,50,50,1,-1,-1,-1
493,2,322,910,50,50,1,-1,-1,-1
494,1,566,1098,50,50,1,-1,-1,-1
494,2,319,923,50,50,1,-1,-1,-1
495,1,572,1022,50,50,1,-1,-1,-1
495,2,327,933,50,50,1,-1,-1,-1
496,1,576,949,50,50,1,-1,-1,-1
496,2,365,927,50,50,1,-1,-1,-1
497,1,577,892,50,50,1,-1,-1,-1
497,2,428,657,50,50,1,-1,-1,-1
498,1,580,827,50,50,1,-1,-1,-1
498,2,425,658,50,50,1,-1,-1,-1
499,1,504,940,50,50,1,-1,-1,-1
500,1,580,725,50,50,1,-1,-1,-1
500,2,540,951,50,50,1,-1,-1,-1
501,1,581,681,50,50,1,-1,-1,-1
501,2,556,956,50,50,1,-1,-1,-1
502,1,583,642,50,50,1,-1,-1,-1
502,2,560,991,50,50,1,-1,-1,-1
503,1,585,608,50,50,1,-1,-1,-1
503,2,566,1007,50,50,1,-1,-1,-1
504,1,588,583,50,50,1,-1,-1,-1
504,2,567,1050,50,50,1,-1,-1,-1
505,1,591,562,50,50,1,-1,-1,-1
505,2,567,1089,50,50,1,-1,-1,-1
506,1,594,546,50,50,1,-1,-1,-1
506,2,566,1129,50,50,1,-1,-1,-1
507,1,597,536,50,50,1,-1,-1,-1
507,2,567,1161,50,50,1,-1,-1,-1
508,1,601,532,50,50,1,-1,-1,-1
508,2,567,1179,50,50,1,-1,-1,-1
509,1,605,533,50,50,1,-1,-1,-1
509,2,556,1172,50,50,1,-1,-1,-1
510,1,609,540,50,50,1,-1,-1,-1
510,2,541,1143,50,50,1,-1,-1,-1
511,1,614,552,50,50,1,-1,-1,-1
511,2,530,1094,50,50,1,-1,-1,-1
512,1,619,570,50,50,1,-1,-1,-1
512,2,528,1032,50,50,1,-1,-1,-1
513,1,624,594,50,50,1,-1,-1,-1
513,2,525,973,50,50,1,-1,-1,-1
514,1,630,623,50,50,1,-1,-1,-1
514,2,527,918,50,50,1,-1,-1,-1
515,1,636,658,50,50,1,-1,-1,-1
515,2,529,883,50,50,1,-1,-1,-1
516,1,643,699,50,50,1,-1,-1,-1
516,2,472,1172,50,50,1,-1,-1,-1
517,1,650,745,50,50,1,-1,-1,-1
517,2,480,1173,50,50,1,-1,-1,-1
518,1,657,798,50,50,1,-1,-1,-1
518,2,487,1164,50,50,1,-1,-1,-1
519,1,664,853,50,50,1,-1,-1,-1
519,2,486,1144,50,50,1,-1,-1,-1
520,1,672,892,50,50,1,-1,-1,-1
520,2,475,1103,50,50,1,-1,-1,-1
521,1,671,907,50,50,1,-1,-1,-1
521,2,463,1014,50,50,1,-1,-1,-1
522,1,537,676,50,50,1,-1,-1,-1
522,2,456,954,50,50,1,-1,-1,-1
523,1,540,671,50,50,1,-1,-1,-1
523,2,450,903,50,50,1,-1,-1,-1
524,1,543,671,50,50,1,-1,-1,-1
524,2,444,852,50,50,1,-1,-1,-1
525,2,438,805,50,50,1,-1,-1,-1
526,1,488,983,50,50,1,-1,-1,-1
526,2,433,765,50,50,1,-1,-1,-1
527,1,481,1001,50,50,1,-1,-1,-1
527,2,427,730,50,50,1,-1,-1,-1
528,1,481,1014,50,50,1,-1,-1,-1
528,2,422,702,50,50,1,-1,-1,-1
529,1,479,1026,50,50,1,-1,-1,-1
529,2,418,678,50,50,1,-1,-1,-1
530,1,480,1038,50,50,1,-1,-1,-1
530,2,413,661,50,50,1,-1,-1,-1
531,1,475,1048,50,50,1,-1,-1,-1
531,2,409,650,50,50,1,-1,-1,-1
532,1,476,1063,50,50,1,-1,-1,-1
532,2,406,644,50,50,1,-1,-1,-1
533,1,580,913,50,50,1,-1,-1,-1
533,2,402,644,50,50,1,-1,-1,-1
534,1,462,1077,50,50,1,-1,-1,-1
534,2,399,648,50,50,1,-1,-1,-1
535,1,454,1076,50,50,1,-1,-1,-1
535,2,396,659,50,50,1,-1,-1,-1
536,1,444,1076,50,50,1,-1,-1,-1
536,2,393,675,50,50,1,-1,-1,-1
537,1,433,1075,50,50,1,-1,-1,-1
537,2,391,696,50,50,1,-1,-1,-1
538,1,422,1074,50,50,1,-1,-1,-1
538,2,389,723,50,50,1,-1,-1,-1
539,1,410,1076,50,50,1,-1,-1,-1
539,2,388,756,50,50,1,-1,-1,-1
540,1,396,1077,50,50,1,-1,-1,-1
540,2,386,794,50,50,1,-1,-1,-1
541,1,382,1079,50,50,1,-1,-1,-1
541,2,385,837,50,50,1,-1,-1,-1
542,1,627,1008,50,50,1,-1,-1,-1
542,2,384,886,50,50,1,-1,-1,-1
543,1,633,1012,50,50,1,-1,-1,-1
543,2,383,938,50,50,1,-1,-1,-1
544,1,640,1014,50,50,1,-1,-1,-1
544,2,383,998,50,50,1,-1,-1,-1
545,1,641,1015,50,50,1,-1,-1,-1
545,2,347,1064,50,50,1,-1,-1,-1
546,1,644,1015,50,50,1,-1,-1,-1
546,2,361,1049,50,50,1,-1,-1,-1
547,1,645,1013,50,50,1,-1,-1,-1
547,2,364,1050,50,50,1,-1,-1,-1
548,1,646,1012,50,50,1,-1,-1,-1
548,2,362,1051,50,50,1,-1,-1,-1
549,1,648,1012,50,50,1,-1,-1,-1
549,2,361,1053,50,50,1,-1,-1,-1
550,1,649,1012,50,50,1,-1,-1,-1
550,2,360,1054,50,50,1,-1,-1,-1
551,1,648,1011,50,50,1,-1,-1,-1
551,2,357,1059,50,50,1,-1,-1,-1
552,1,646,1011,50,50,1,-1,-1,-1
552,2,355,1070,50,50,1,-1,-1,-1
553,1,649,1014,50,50,1,-1,-1,-1
553,2,354,1082,50,50,1,-1,-1,-1
554,1,650,1017,50,50,1,-1,-1,-1
554,2,354,1096,50,50,1,-1,-1,-1
555,1,648,1019,50,50,1,-1,-1,-1
555,2,354,1112,50,50,1,-1,-1,-1
556,1,647,1022,50,50,1,-1,-1,-1
556,2,354,1122,50,50,1,-1,-1,-1
557,1,648,1024,50,50,1,-1,-1,-1
557,2,354,1128,50,50,1,-1,-1,-1
558,1,648,1025,50,50,1,-1,-1,-1
558,2,354,1128,50,50,1,-1,-1,-1
559,1,648,1024,50,50,1,-1,-1,-1
559,2,352,1124,50,50,1,-1,-1,-1
560,1,648,1022,50,50,1,-1,-1,-1
560,2,350,1126,50,50,1,-1,-1,-1
561,1,649,1021,50,50,1,-1,-1,-1
561,2,347,1135,50,50,1,-1,-1,-1
562,1,647,1021,50,50,1,-1,-1,-1
562,2,344,1145,50,50,1,-1,-1,-1
563,1,650,1023,50,50,1,-1,-1,-1
563,2,340,1143,50,50,1,-1,-1,-1
564,1,656,1024,50,50,1,-1,-1,-1
564,2,338,1121,50,50,1,-1,-1,-1
565,1,660,1024,50,50,1,-1,-1,-1
565,2,335,1095,50,50,1,-1,-1,-1
566,1,662,1024,50,50,1,-1,-1,-1
566,2,331,1071,50,50,1,-1,-1,-1
567,1,667,1023,50,50,1,-1,-1,-1
567,2,331,1049,50,50,1,-1,-1,-1
568,1,667,1022,50,50,1,-1,-1,-1
568,2,336,1028,50,50,1,-1,-1,-1
569,1,671,1019,50,50,1,-1,-1,-1
569,2,319,1021,50,50,1,-1,-1,-1
570,1,658,1017,50,50,1,-1,-1,-1
570,2,323,1011,50,50,1,-1,-1,-1
571,1,662,1016,50,50,1,-1,-1,-1
571,2,327,1006,50,50,1,-1,-1,-1
572,1,673,1015,50,50,1,-1,-1,-1
572,2,329,1005,50,50,1,-1,-1,-1
573,1,666,1015,50,50,1,-1,-1,-1
573,2,378,988,50,50,1,-1,-1,-1
574,1,665,1016,50,50,1,-1,-1,-1
574,2,332,1012,50,50,1,-1,-1,-1
575,1,673,1014,50,50,1,-1,-1,-1
575,2,334,1017,50,50,1,-1,-1,-1
576,1,677,1013,50,50,1,-1,-1,-1
576,2,338,1023,50,50,1,-1,-1,-1
577,1,679,1015,50,50,1,-1,-1,-1
577,2,339,1028,50,50,1,-1,-1,-1
578,1,677,1014,50,50,1,-1,-1,-1
578,2,351,1031,50,50,1,-1,-1,-1
579,1,673,1015,50,50,1,-1,-1,-1
579,2,352,1039,50,50,1,-1,-1,-1
580,1,680,1017,50,50,1,-1,-1,-1
580,2,355,1045,50,50,1,-1,-1,-1
581,1,678,1018,50,50,1,-1,-1,-1
581,2,359,1052,50,50,1,-1,-1,-1
582,1,677,1021,50,50,1,-1,-1,-1
582,2,357,1057,50,50,1,-1,-1,-1
583,1,674,1021,50,50,1,-1,-1,-1
583,2,358,1062,50,50,1,-1,-1,-1
584,1,673,1022,50,50,1,-1,-1,-1
584,2,358,1065,50,50,1,-1,-1,-1
585,1,671,1026,50,50,1,-1,-1,-1
585,2,364,1068,50,50,1,-1,-1,-1
586,1,667,1023,50,50,1,-1,-1,-1
586,2,350,1075,50,50,1,-1,-1,-1
587,1,668,1027,50,50,1,-1,-1,-1
587,2,349,1076,50,50,1,-1,-1,-1
588,1,666,1027,50,50,1,-1,-1,-1
588,2,349,1076,50,50,1,-1,-1,-1
589,1,665,1024,50,50,1,-1,-1,-1
589,2,347,1072,50,50,1,-1,-1,-1
590,1,665,1025,50,50,1,-1,-1,-1
590,2,347,1072,50,50,1,-1,-1,-1
591,1,641,1032,50,50,1,-1,-1,-1
591,2,355,1069,50,50,1,-1,-1,-1
592,1,662,1026,50,50,1,-1,-1,-1
592,2,355,1069,50,50,1,-1,-1,-1
593,1,640,1034,50,50,1,-1,-1,-1
593,2,355,1069,50,50,1,-1,-1,-1
594,1,639,1035,50,50,1,-1,-1,-1
594,2,355,1070,50,50,1,-1,-1,-1
595,1,639,1035,50,50,1,-1,-1,-1
595,2,356,1070,50,50,1,-1,-1,-1
596,1,640,1033,50,50,1,-1,-1,-1
596,2,356,1071,50,50,1,-1,-1,-1
597,1,641,1032,50,50,1,-1,-1,-1
597,2,357,1071,50,50,1,-1,-1,-1
598,1,642,1033,50,50,1,-1,-1,-1
598,2,357,1073,50,50,1,-1,-1,-1
599,1,646,1026,50,50,1,-1,-1,-1
599,2,359,1073,50,50,1,-1,-1,-1
600,1,656,1027,50,50,1,-1,-1,-1
600,2,361,1075,50,50,1,-1,-1,-1
601,1,656,1031,50,50,1,-1,-1,-1
601,2,365,1077,50,50,1,-1,-1,-1
602,1,657,1039,50,50,1,-1,-1,-1
602,2,370,1082,50,50,1,-1,-1,-1
603,1,659,1048,50,50,1,-1,-1,-1
603,2,374,1091,50,50,1,-1,-1,-1
604,1,663,1060,50,50,1,-1,-1,-1
604,2,381,1106,50,50,1,-1,-1,-1
605,1,642,1117,50,50,1,-1,-1,-1
605,2,381,1127,50,50,1,-1,-1,-1
