2,1,606,1145,50,50,1,-1,-1,-1
2,2,470,1061,50,50,1,-1,-1,-1
2,3,600,1122,50,50,1,-1,-1,-1
3,1,602,1148,50,50,1,-1,-1,-1
3,2,469,1060,50,50,1,-1,-1,-1
3,3,598,1123,50,50,1,-1,-1,-1
4,1,585,1170,50,50,1,-1,-1,-1
4,2,469,1059,50,50,1,-1,-1,-1
4,3,595,1125,50,50,1,-1,-1,-1
5,1,580,1173,50,50,1,-1,-1,-1
5,2,469,1059,50,50,1,-1,-1,-1
5,3,591,1129,50,50,1,-1,-1,-1
6,1,578,1179,50,50,1,-1,-1,-1
6,2,470,1061,50,50,1,-1,-1,-1
6,3,584,1136,50,50,1,-1,-1,-1
7,1,578,1188,50,50,1,-1,-1,-1
7,2,469,1063,50,50,1,-1,-1,-1
7,3,592,1135,50,50,1,-1,-1,-1
8,1,574,1183,50,50,1,-1,-1,-1
8,2,469,1067,50,50,1,-1,-1,-1
8,3,590,1165,50,50,1,-1,-1,-1
9,1,569,1171,50,50,1,-1,-1,-1
9,2,471,1075,50,50,1,-1,-1,-1
9,3,583,1150,50,50,1,-1,-1,-1
10,1,569,1150,50,50,1,-1,-1,-1
10,2,477,1089,50,50,1,-1,-1,-1
10,3,576,1118,50,50,1,-1,-1,-1
11,1,564,1098,50,50,1,-1,-1,-1
11,2,481,1112,50,50,1,-1,-1,-1
11,3,555,1087,50,50,1,-1,-1,-1
12,1,557,1028,50,50,1,-1,-1,-1
12,2,481,1128,50,50,1,-1,-1,-1
12,3,564,1048,50,50,1,-1,-1,-1
13,1,573,943,50,50,1,-1,-1,-1
13,2,482,1154,50,50,1,-1,-1,-1
13,3,557,999,50,50,1,-1,-1,-1
14,1,575,896,50,50,1,-1,-1,-1
14,2,494,1185,50,50,1,-1,-1,-1
14,3,565,973,50,50,1,-1,-1,-1
15,1,581,865,50,50,1,-1,-1,-1
15,2,500,1176,50,50,1,-1,-1,-1
15,3,581,932,50,50,1,-1,-1,-1
16,1,586,820,50,50,1,-1,-1,-1
16,2,489,1186,50,50,1,-1,-1,-1
16,3,619,921,50,50,1,-1,-1,-1
17,1,587,762,50,50,1,-1,-1,-1
17,2,493,1186,50,50,1,-1,-1,-1
17,3,647,939,50,50,1,-1,-1,-1
18,1,588,734,50,50,1,-1,-1,-1
18,2,499,1176,50,50,1,-1,-1,-1
18,3,652,949,50,50,1,-1,-1,-1
19,1,589,710,50,50,1,-1,-1,-1
19,2,501,1151,50,50,1,-1,-1,-1
19,3,627,964,50,50,1,-1,-1,-1
20,1,592,691,50,50,1,-1,-1,-1
20,2,492,1127,50,50,1,-1,-1,-1
20,3,627,986,50,50,1,-1,-1,-1
21,1,596,678,50,50,1,-1,-1,-1
21,2,452,1064,50,50,1,-1,-1,-1
21,3,622,988,50,50,1,-1,-1,-1
22,1,600,670,50,50,1,-1,-1,-1
22,2,468,968,50,50,1,-1,-1,-1
22,3,613,977,50,50,1,-1,-1,-1
23,1,605,668,50,50,1,-1,-1,-1
23,2,460,907,50,50,1,-1,-1,-1
23,3,587,976,50,50,1,-1,-1,-1
24,1,610,670,50,50,1,-1,-1,-1
24,2,453,859,50,50,1,-1,-1,-1
24,3,562,976,50,50,1,-1,-1,-1
25,1,615,679,50,50,1,-1,-1,-1
25,2,446,811,50,50,1,-1,-1,-1
25,3,544,978,50,50,1,-1,-1,-1
26,1,620,692,50,50,1,-1,-1,-1
26,2,439,770,50,50,1,-1,-1,-1
26,3,532,977,50,50,1,-1,-1,-1
27,1,626,712,50,50,1,-1,-1,-1
27,2,432,735,50,50,1,-1,-1,-1
27,3,523,985,50,50,1,-1,-1,-1
28,1,632,736,50,50,1,-1,-1,-1
28,2,426,705,50,50,1,-1,-1,-1
28,3,523,1003,50,50,1,-1,-1,-1
29,1,638,766,50,50,1,-1,-1,-1
29,2,420,681,50,50,1,-1,-1,-1
29,3,522,1024,50,50,1,-1,-1,-1
30,1,645,802,50,50,1,-1,-1,-1
30,2,415,663,50,50,1,-1,-1,-1
30,3,519,1049,50,50,1,-1,-1,-1
31,1,652,843,50,50,1,-1,-1,-1
31,2,409,651,50,50,1,-1,-1,-1
31,3,524,1082,50,50,1,-1,-1,-1
32,1,660,889,50,50,1,-1,-1,-1
32,2,404,644,50,50,1,-1,-1,-1
32,3,532,1116,50,50,1,-1,-1,-1
33,1,668,930,50,50,1,-1,-1,-1
33,2,400,643,50,50,1,-1,-1,-1
33,3,534,1144,50,50,1,-1,-1,-1
34,1,677,951,50,50,1,-1,-1,-1
34,2,395,648,50,50,1,-1,-1,-1
34,3,532,1154,50,50,1,-1,-1,-1
35,1,689,961,50,50,1,-1,-1,-1
35,2,391,658,50,50,1,-1,-1,-1
35,3,538,1160,50,50,1,-1,-1,-1
36,1,668,972,50,50,1,-1,-1,-1
36,2,387,674,50,50,1,-1,-1,-1
36,3,531,1129,50,50,1,-1,-1,-1
37,1,663,988,50,50,1,-1,-1,-1
37,2,384,696,50,50,1,-1,-1,-1
37,3,535,1050,50,50,1,-1,-1,-1
38,1,660,1008,50,50,1,-1,-1,-1
38,2,381,723,50,50,1,-1,-1,-1
38,3,513,960,50,50,1,-1,-1,-1
39,1,653,1032,50,50,1,-1,-1,-1
39,2,377,757,50,50,1,-1,-1,-1
39,3,506,905,50,50,1,-1,-1,-1
40,1,645,1062,50,50,1,-1,-1,-1
40,2,375,796,50,50,1,-1,-1,-1
40,3,497,852,50,50,1,-1,-1,-1
41,1,639,1103,50,50,1,-1,-1,-1
41,2,372,842,50,50,1,-1,-1,-1
41,3,490,803,50,50,1,-1,-1,-1
42,1,630,1130,50,50,1,-1,-1,-1
42,2,370,894,50,50,1,-1,-1,-1
42,3,483,761,50,50,1,-1,-1,-1
43,1,620,1146,50,50,1,-1,-1,-1
43,2,367,931,50,50,1,-1,-1,-1
43,3,476,725,50,50,1,-1,-1,-1
44,1,612,1151,50,50,1,-1,-1,-1
44,2,359,956,50,50,1,-1,-1,-1
44,3,469,695,50,50,1,-1,-1,-1
45,1,596,1147,50,50,1,-1,-1,-1
45,2,352,968,50,50,1,-1,-1,-1
45,3,463,671,50,50,1,-1,-1,-1
46,1,598,1127,50,50,1,-1,-1,-1
46,2,359,981,50,50,1,-1,-1,-1
46,3,457,652,50,50,1,-1,-1,-1
47,1,598,1079,50,50,1,-1,-1,-1
47,2,383,983,50,50,1,-1,-1,-1
47,3,451,640,50,50,1,-1,-1,-1
48,1,585,1015,50,50,1,-1,-1,-1
48,2,417,976,50,50,1,-1,-1,-1
48,3,446,633,50,50,1,-1,-1,-1
49,1,596,963,50,50,1,-1,-1,-1
49,2,479,942,50,50,1,-1,-1,-1
49,3,441,632,50,50,1,-1,-1,-1
50,1,617,898,50,50,1,-1,-1,-1
50,2,505,939,50,50,1,-1,-1,-1
50,3,436,637,50,50,1,-1,-1,-1
51,1,611,833,50,50,1,-1,-1,-1
51,2,514,943,50,50,1,-1,-1,-1
51,3,432,646,50,50,1,-1,-1,-1
52,1,611,794,50,50,1,-1,-1,-1
52,2,495,937,50,50,1,-1,-1,-1
52,3,428,662,50,50,1,-1,-1,-1
53,1,610,760,50,50,1,-1,-1,-1
53,2,465,944,50,50,1,-1,-1,-1
53,3,424,683,50,50,1,-1,-1,-1
54,1,610,733,50,50,1,-1,-1,-1
54,2,444,942,50,50,1,-1,-1,-1
54,3,420,709,50,50,1,-1,-1,-1
55,1,610,710,50,50,1,-1,-1,-1
55,2,461,927,50,50,1,-1,-1,-1
55,3,417,741,50,50,1,-1,-1,-1
56,1,611,694,50,50,1,-1,-1,-1
56,2,468,939,50,50,1,-1,-1,-1
56,3,414,778,50,50,1,-1,-1,-1
57,1,612,683,50,50,1,-1,-1,-1
57,2,455,937,50,50,1,-1,-1,-1
57,3,412,821,50,50,1,-1,-1,-1
58,1,613,678,50,50,1,-1,-1,-1
58,2,444,933,50,50,1,-1,-1,-1
58,3,410,870,50,50,1,-1,-1,-1
59,1,614,679,50,50,1,-1,-1,-1
59,2,435,936,50,50,1,-1,-1,-1
59,3,408,916,50,50,1,-1,-1,-1
60,1,616,684,50,50,1,-1,-1,-1
60,2,411,941,50,50,1,-1,-1,-1
60,3,435,981,50,50,1,-1,-1,-1
61,1,618,696,50,50,1,-1,-1,-1
61,2,393,953,50,50,1,-1,-1,-1
61,3,439,996,50,50,1,-1,-1,-1
62,1,621,713,50,50,1,-1,-1,-1
62,2,392,991,50,50,1,-1,-1,-1
62,3,439,986,50,50,1,-1,-1,-1
63,1,624,736,50,50,1,-1,-1,-1
63,2,425,1009,50,50,1,-1,-1,-1
63,3,549,1039,50,50,1,-1,-1,-1
64,1,627,764,50,50,1,-1,-1,-1
64,2,441,1043,50,50,1,-1,-1,-1
64,3,586,973,50,50,1,-1,-1,-1
65,1,630,799,50,50,1,-1,-1,-1
65,2,444,1074,50,50,1,-1,-1,-1
65,3,639,815,50,50,1,-1,-1,-1
66,1,634,839,50,50,1,-1,-1,-1
66,2,479,1123,50,50,1,-1,-1,-1
66,3,640,858,50,50,1,-1,-1,-1
67,1,638,882,50,50,1,-1,-1,-1
67,2,484,1181,50,50,1,-1,-1,-1
67,3,641,967,50,50,1,-1,-1,-1
68,1,640,930,50,50,1,-1,-1,-1
68,2,495,1177,50,50,1,-1,-1,-1
68,3,603,970,50,50,1,-1,-1,-1
69,1,656,953,50,50,1,-1,-1,-1
69,2,503,1155,50,50,1,-1,-1,-1
69,3,632,947,50,50,1,-1,-1,-1
70,1,672,972,50,50,1,-1,-1,-1
70,2,502,1127,50,50,1,-1,-1,-1
70,3,563,715,50,50,1,-1,-1,-1
71,1,649,964,50,50,1,-1,-1,-1
71,2,481,1079,50,50,1,-1,-1,-1
71,3,564,695,50,50,1,-1,-1,-1
72,1,619,957,50,50,1,-1,-1,-1
72,2,464,965,50,50,1,-1,-1,-1
72,3,570,694,50,50,1,-1,-1,-1
73,1,578,963,50,50,1,-1,-1,-1
73,2,459,912,50,50,1,-1,-1,-1
73,3,575,682,50,50,1,-1,-1,-1
74,1,547,969,50,50,1,-1,-1,-1
74,2,459,877,50,50,1,-1,-1,-1
74,3,574,658,50,50,1,-1,-1,-1
75,1,523,975,50,50,1,-1,-1,-1
75,2,452,830,50,50,1,-1,-1,-1
75,3,578,657,50,50,1,-1,-1,-1
76,1,504,985,50,50,1,-1,-1,-1
76,2,444,787,50,50,1,-1,-1,-1
76,3,582,661,50,50,1,-1,-1,-1
77,1,490,990,50,50,1,-1,-1,-1
77,2,439,749,50,50,1,-1,-1,-1
77,3,586,671,50,50,1,-1,-1,-1
78,1,482,998,50,50,1,-1,-1,-1
78,2,433,718,50,50,1,-1,-1,-1
78,3,591,687,50,50,1,-1,-1,-1
79,1,483,1032,50,50,1,-1,-1,-1
79,2,428,692,50,50,1,-1,-1,-1
79,3,596,708,50,50,1,-1,-1,-1
80,1,499,1069,50,50,1,-1,-1,-1
80,2,421,674,50,50,1,-1,-1,-1
80,3,602,735,50,50,1,-1,-1,-1
81,1,495,1104,50,50,1,-1,-1,-1
81,2,416,661,50,50,1,-1,-1,-1
81,3,607,767,50,50,1,-1,-1,-1
82,1,485,1138,50,50,1,-1,-1,-1
82,2,405,635,50,50,1,-1,-1,-1
82,3,613,805,50,50,1,-1,-1,-1
83,1,491,1158,50,50,1,-1,-1,-1
83,2,401,633,50,50,1,-1,-1,-1
83,3,620,848,50,50,1,-1,-1,-1
84,1,496,1165,50,50,1,-1,-1,-1
84,2,397,635,50,50,1,-1,-1,-1
84,3,625,894,50,50,1,-1,-1,-1
85,1,488,1178,50,50,1,-1,-1,-1
85,2,393,644,50,50,1,-1,-1,-1
85,3,635,939,50,50,1,-1,-1,-1
86,1,498,1157,50,50,1,-1,-1,-1
86,2,389,658,50,50,1,-1,-1,-1
86,3,655,964,50,50,1,-1,-1,-1
87,1,498,1116,50,50,1,-1,-1,-1
87,2,386,678,50,50,1,-1,-1,-1
87,3,653,983,50,50,1,-1,-1,-1
88,1,509,1047,50,50,1,-1,-1,-1
88,2,383,703,50,50,1,-1,-1,-1
88,3,633,1008,50,50,1,-1,-1,-1
89,1,509,973,50,50,1,-1,-1,-1
89,2,380,733,50,50,1,-1,-1,-1
89,3,617,1046,50,50,1,-1,-1,-1
90,1,468,904,50,50,1,-1,-1,-1
90,2,378,770,50,50,1,-1,-1,-1
90,3,623,1085,50,50,1,-1,-1,-1
91,1,380,830,50,50,1,-1,-1,-1
91,2,376,812,50,50,1,-1,-1,-1
91,3,629,1118,50,50,1,-1,-1,-1
92,1,379,879,50,50,1,-1,-1,-1
92,2,374,861,50,50,1,-1,-1,-1
92,3,637,1140,50,50,1,-1,-1,-1
93,1,427,994,50,50,1,-1,-1,-1
93,2,372,914,50,50,1,-1,-1,-1
93,3,616,1159,50,50,1,-1,-1,-1
94,1,588,1150,50,50,1,-1,-1,-1
94,2,372,945,50,50,1,-1,-1,-1
94,3,599,1169,50,50,1,-1,-1,-1
95,1,633,1139,50,50,1,-1,-1,-1
95,2,368,970,50,50,1,-1,-1,-1
95,3,609,1163,50,50,1,-1,-1,-1
96,1,631,1107,50,50,1,-1,-1,-1
96,2,368,969,50,50,1,-1,-1,-1
96,3,610,1131,50,50,1,-1,-1,-1
97,1,627,1042,50,50,1,-1,-1,-1
97,2,372,980,50,50,1,-1,-1,-1
97,3,609,1079,50,50,1,-1,-1,-1
98,1,612,962,50,50,1,-1,-1,-1
98,2,399,966,50,50,1,-1,-1,-1
98,3,589,1023,50,50,1,-1,-1,-1
99,1,608,908,50,50,1,-1,-1,-1
99,2,438,952,50,50,1,-1,-1,-1
99,3,585,971,50,50,1,-1,-1,-1
100,1,606,853,50,50,1,-1,-1,-1
100,2,474,941,50,50,1,-1,-1,-1
100,3,615,920,50,50,1,-1,-1,-1
101,1,605,802,50,50,1,-1,-1,-1
101,2,509,963,50,50,1,-1,-1,-1
101,3,607,823,50,50,1,-1,-1,-1
102,1,604,754,50,50,1,-1,-1,-1
102,2,564,1002,50,50,1,-1,-1,-1
102,3,597,776,50,50,1,-1,-1,-1
103,1,603,717,50,50,1,-1,-1,-1
103,2,600,1027,50,50,1,-1,-1,-1
103,3,607,734,50,50,1,-1,-1,-1
104,1,603,684,50,50,1,-1,-1,-1
104,2,602,1045,50,50,1,-1,-1,-1
104,3,608,701,50,50,1,-1,-1,-1
105,1,603,654,50,50,1,-1,-1,-1
105,2,584,1012,50,50,1,-1,-1,-1
105,3,616,670,50,50,1,-1,-1,-1
106,1,604,634,50,50,1,-1,-1,-1
106,2,585,1042,50,50,1,-1,-1,-1
106,3,607,650,50,50,1,-1,-1,-1
107,1,605,618,50,50,1,-1,-1,-1
107,2,581,1083,50,50,1,-1,-1,-1
107,3,609,633,50,50,1,-1,-1,-1
108,1,606,607,50,50,1,-1,-1,-1
108,2,575,1125,50,50,1,-1,-1,-1
108,3,610,624,50,50,1,-1,-1,-1
109,1,609,602,50,50,1,-1,-1,-1
109,2,577,1172,50,50,1,-1,-1,-1
109,3,601,589,50,50,1,-1,-1,-1
110,1,609,602,50,50,1,-1,-1,-1
110,2,577,1172,50,50,1,-1,-1,-1
110,3,601,590,50,50,1,-1,-1,-1
111,1,611,608,50,50,1,-1,-1,-1
111,2,564,1161,50,50,1,-1,-1,-1
111,3,603,595,50,50,1,-1,-1,-1
112,1,602,633,50,50,1,-1,-1,-1
112,2,548,1122,50,50,1,-1,-1,-1
112,3,616,637,50,50,1,-1,-1,-1
113,1,619,653,50,50,1,-1,-1,-1
113,2,543,1085,50,50,1,-1,-1,-1
113,3,616,637,50,50,1,-1,-1,-1
114,1,619,659,50,50,1,-1,-1,-1
114,2,544,1073,50,50,1,-1,-1,-1
114,3,617,680,50,50,1,-1,-1,-1
115,1,625,722,50,50,1,-1,-1,-1
115,2,561,1012,50,50,1,-1,-1,-1
115,3,634,736,50,50,1,-1,-1,-1
116,1,625,722,50,50,1,-1,-1,-1
116,2,593,938,50,50,1,-1,-1,-1
116,3,634,736,50,50,1,-1,-1,-1
117,1,636,779,50,50,1,-1,-1,-1
117,2,599,920,50,50,1,-1,-1,-1
117,3,629,762,50,50,1,-1,-1,-1
118,1,638,859,50,50,1,-1,-1,-1
118,2,587,932,50,50,1,-1,-1,-1
118,3,553,809,50,50,1,-1,-1,-1
119,1,627,919,50,50,1,-1,-1,-1
119,2,641,907,50,50,1,-1,-1,-1
119,3,555,777,50,50,1,-1,-1,-1
120,1,651,975,50,50,1,-1,-1,-1
120,2,681,938,50,50,1,-1,-1,-1
120,3,555,777,50,50,1,-1,-1,-1
121,1,461,1015,50,50,1,-1,-1,-1
121,2,658,938,50,50,1,-1,-1,-1
121,3,564,734,50,50,1,-1,-1,-1
122,1,434,992,50,50,1,-1,-1,-1
122,2,644,942,50,50,1,-1,-1,-1
122,3,553,714,50,50,1,-1,-1,-1
123,1,470,943,50,50,1,-1,-1,-1
123,2,644,942,50,50,1,-1,-1,-1
123,3,553,714,50,50,1,-1,-1,-1
124,1,456,868,50,50,1,-1,-1,-1
124,2,588,936,50,50,1,-1,-1,-1
124,3,563,706,50,50,1,-1,-1,-1
125,1,433,806,50,50,1,-1,-1,-1
125,2,530,962,50,50,1,-1,-1,-1
125,3,566,711,50,50,1,-1,-1,-1
126,1,425,765,50,50,1,-1,-1,-1
126,2,495,1019,50,50,1,-1,-1,-1
126,3,557,718,50,50,1,-1,-1,-1
127,1,418,732,50,50,1,-1,-1,-1
127,2,497,1033,50,50,1,-1,-1,-1
127,3,586,749,50,50,1,-1,-1,-1
128,1,412,706,50,50,1,-1,-1,-1
128,2,502,1048,50,50,1,-1,-1,-1
128,3,598,788,50,50,1,-1,-1,-1
129,1,406,684,50,50,1,-1,-1,-1
129,2,507,1063,50,50,1,-1,-1,-1
129,3,603,815,50,50,1,-1,-1,-1
130,1,400,668,50,50,1,-1,-1,-1
130,2,509,1085,50,50,1,-1,-1,-1
130,3,601,833,50,50,1,-1,-1,-1
131,1,395,658,50,50,1,-1,-1,-1
131,2,506,1118,50,50,1,-1,-1,-1
131,3,608,873,50,50,1,-1,-1,-1
132,1,390,653,50,50,1,-1,-1,-1
132,2,501,1153,50,50,1,-1,-1,-1
132,3,613,914,50,50,1,-1,-1,-1
133,1,385,653,50,50,1,-1,-1,-1
133,2,490,1174,50,50,1,-1,-1,-1
133,3,620,962,50,50,1,-1,-1,-1
134,1,380,659,50,50,1,-1,-1,-1
134,2,488,1171,50,50,1,-1,-1,-1
134,3,623,1044,50,50,1,-1,-1,-1
135,1,376,670,50,50,1,-1,-1,-1
135,2,489,1149,50,50,1,-1,-1,-1
135,3,506,1140,50,50,1,-1,-1,-1
136,1,372,686,50,50,1,-1,-1,-1
136,2,489,1101,50,50,1,-1,-1,-1
136,3,508,1092,50,50,1,-1,-1,-1
137,1,368,708,50,50,1,-1,-1,-1
137,2,457,1034,50,50,1,-1,-1,-1
137,3,480,996,50,50,1,-1,-1,-1
138,1,365,736,50,50,1,-1,-1,-1
138,2,447,995,50,50,1,-1,-1,-1
138,3,475,944,50,50,1,-1,-1,-1
139,1,362,769,50,50,1,-1,-1,-1
139,2,463,936,50,50,1,-1,-1,-1
139,3,478,909,50,50,1,-1,-1,-1
140,1,359,807,50,50,1,-1,-1,-1
140,2,473,859,50,50,1,-1,-1,-1
140,3,467,840,50,50,1,-1,-1,-1
141,1,356,848,50,50,1,-1,-1,-1
141,2,463,797,50,50,1,-1,-1,-1
141,3,469,816,50,50,1,-1,-1,-1
142,1,354,900,50,50,1,-1,-1,-1
142,2,459,760,50,50,1,-1,-1,-1
142,3,464,778,50,50,1,-1,-1,-1
143,1,352,939,50,50,1,-1,-1,-1
143,2,455,729,50,50,1,-1,-1,-1
143,3,459,748,50,50,1,-1,-1,-1
144,1,343,959,50,50,1,-1,-1,-1
144,2,451,703,50,50,1,-1,-1,-1
144,3,455,722,50,50,1,-1,-1,-1
145,1,339,973,50,50,1,-1,-1,-1
145,2,448,683,50,50,1,-1,-1,-1
145,3,454,702,50,50,1,-1,-1,-1
146,1,350,978,50,50,1,-1,-1,-1
146,2,445,669,50,50,1,-1,-1,-1
146,3,450,686,50,50,1,-1,-1,-1
147,1,381,974,50,50,1,-1,-1,-1
147,2,442,660,50,50,1,-1,-1,-1
147,3,404,956,50,50,1,-1,-1,-1
148,1,453,947,50,50,1,-1,-1,-1
148,2,440,657,50,50,1,-1,-1,-1
148,3,481,976,50,50,1,-1,-1,-1
149,1,517,950,50,50,1,-1,-1,-1
149,2,438,659,50,50,1,-1,-1,-1
149,3,603,908,50,50,1,-1,-1,-1
150,1,561,947,50,50,1,-1,-1,-1
150,2,436,667,50,50,1,-1,-1,-1
150,3,607,821,50,50,1,-1,-1,-1
151,1,590,945,50,50,1,-1,-1,-1
151,2,434,680,50,50,1,-1,-1,-1
151,3,603,765,50,50,1,-1,-1,-1
152,1,607,952,50,50,1,-1,-1,-1
152,2,433,700,50,50,1,-1,-1,-1
152,3,602,733,50,50,1,-1,-1,-1
153,1,594,975,50,50,1,-1,-1,-1
153,2,432,725,50,50,1,-1,-1,-1
153,3,603,707,50,50,1,-1,-1,-1
154,1,597,1008,50,50,1,-1,-1,-1
154,2,431,755,50,50,1,-1,-1,-1
154,3,605,686,50,50,1,-1,-1,-1
155,1,602,1037,50,50,1,-1,-1,-1
155,2,431,792,50,50,1,-1,-1,-1
155,3,607,670,50,50,1,-1,-1,-1
156,1,606,1069,50,50,1,-1,-1,-1
156,2,431,834,50,50,1,-1,-1,-1
156,3,609,660,50,50,1,-1,-1,-1
157,1,575,1119,50,50,1,-1,-1,-1
157,2,432,883,50,50,1,-1,-1,-1
157,3,612,656,50,50,1,-1,-1,-1
158,1,576,1182,50,50,1,-1,-1,-1
158,2,433,934,50,50,1,-1,-1,-1
158,3,615,657,50,50,1,-1,-1,-1
159,1,577,1183,50,50,1,-1,-1,-1
159,2,435,965,50,50,1,-1,-1,-1
159,3,618,664,50,50,1,-1,-1,-1
160,1,561,1163,50,50,1,-1,-1,-1
160,2,435,990,50,50,1,-1,-1,-1
160,3,622,676,50,50,1,-1,-1,-1
161,1,551,1125,50,50,1,-1,-1,-1
161,2,439,1013,50,50,1,-1,-1,-1
161,3,625,694,50,50,1,-1,-1,-1
162,1,542,1071,50,50,1,-1,-1,-1
162,2,446,1040,50,50,1,-1,-1,-1
162,3,630,717,50,50,1,-1,-1,-1
163,1,539,1021,50,50,1,-1,-1,-1
163,2,438,1067,50,50,1,-1,-1,-1
163,3,634,747,50,50,1,-1,-1,-1
164,1,535,972,50,50,1,-1,-1,-1
164,2,470,1117,50,50,1,-1,-1,-1
164,3,639,781,50,50,1,-1,-1,-1
165,1,555,955,50,50,1,-1,-1,-1
165,2,476,1165,50,50,1,-1,-1,-1
165,3,645,822,50,50,1,-1,-1,-1
166,1,578,949,50,50,1,-1,-1,-1
166,2,488,1156,50,50,1,-1,-1,-1
166,3,650,867,50,50,1,-1,-1,-1
167,1,607,944,50,50,1,-1,-1,-1
167,2,503,1139,50,50,1,-1,-1,-1
167,3,655,915,50,50,1,-1,-1,-1
168,1,561,745,50,50,1,-1,-1,-1
168,2,501,1109,50,50,1,-1,-1,-1
168,3,665,942,50,50,1,-1,-1,-1
169,1,560,717,50,50,1,-1,-1,-1
169,2,477,1066,50,50,1,-1,-1,-1
169,3,678,959,50,50,1,-1,-1,-1
170,1,561,699,50,50,1,-1,-1,-1
170,2,435,1030,50,50,1,-1,-1,-1
170,3,650,953,50,50,1,-1,-1,-1
171,1,552,674,50,50,1,-1,-1,-1
171,2,432,1004,50,50,1,-1,-1,-1
171,3,600,953,50,50,1,-1,-1,-1
172,1,559,660,50,50,1,-1,-1,-1
172,2,430,999,50,50,1,-1,-1,-1
172,3,563,954,50,50,1,-1,-1,-1
173,1,565,654,50,50,1,-1,-1,-1
173,2,437,979,50,50,1,-1,-1,-1
173,3,538,952,50,50,1,-1,-1,-1
174,1,575,667,50,50,1,-1,-1,-1
174,2,469,941,50,50,1,-1,-1,-1
174,3,534,963,50,50,1,-1,-1,-1
175,1,580,674,50,50,1,-1,-1,-1
175,2,542,950,50,50,1,-1,-1,-1
175,3,536,974,50,50,1,-1,-1,-1
176,1,584,685,50,50,1,-1,-1,-1
176,2,572,928,50,50,1,-1,-1,-1
176,3,543,980,50,50,1,-1,-1,-1
177,1,589,703,50,50,1,-1,-1,-1
177,2,588,920,50,50,1,-1,-1,-1
177,3,551,964,50,50,1,-1,-1,-1
178,1,594,726,50,50,1,-1,-1,-1
178,2,599,915,50,50,1,-1,-1,-1
178,3,559,949,50,50,1,-1,-1,-1
179,1,600,755,50,50,1,-1,-1,-1
179,2,612,910,50,50,1,-1,-1,-1
179,3,567,936,50,50,1,-1,-1,-1
180,1,606,790,50,50,1,-1,-1,-1
180,2,596,911,50,50,1,-1,-1,-1
180,3,573,927,50,50,1,-1,-1,-1
181,1,613,831,50,50,1,-1,-1,-1
181,2,572,932,50,50,1,-1,-1,-1
181,3,585,919,50,50,1,-1,-1,-1
182,1,619,877,50,50,1,-1,-1,-1
182,2,583,926,50,50,1,-1,-1,-1
182,3,603,920,50,50,1,-1,-1,-1
183,1,626,919,50,50,1,-1,-1,-1
183,2,589,928,50,50,1,-1,-1,-1
183,3,654,934,50,50,1,-1,-1,-1
184,1,625,946,50,50,1,-1,-1,-1
184,2,650,955,50,50,1,-1,-1,-1
184,3,494,1075,50,50,1,-1,-1,-1
185,1,637,975,50,50,1,-1,-1,-1
185,2,654,982,50,50,1,-1,-1,-1
185,3,473,1078,50,50,1,-1,-1,-1
186,1,652,1007,50,50,1,-1,-1,-1
186,2,635,1003,50,50,1,-1,-1,-1
186,3,485,975,50,50,1,-1,-1,-1
187,1,599,1066,50,50,1,-1,-1,-1
187,2,630,1036,50,50,1,-1,-1,-1
187,3,459,908,50,50,1,-1,-1,-1
188,1,599,1116,50,50,1,-1,-1,-1
188,2,641,1072,50,50,1,-1,-1,-1
188,3,455,860,50,50,1,-1,-1,-1
189,1,591,1144,50,50,1,-1,-1,-1
189,2,612,1121,50,50,1,-1,-1,-1
189,3,450,809,50,50,1,-1,-1,-1
190,1,584,1168,50,50,1,-1,-1,-1
190,2,603,1177,50,50,1,-1,-1,-1
190,3,445,765,50,50,1,-1,-1,-1
191,1,581,1172,50,50,1,-1,-1,-1
191,2,599,1167,50,50,1,-1,-1,-1
191,3,441,728,50,50,1,-1,-1,-1
192,1,577,1169,50,50,1,-1,-1,-1
192,2,607,1150,50,50,1,-1,-1,-1
192,3,437,696,50,50,1,-1,-1,-1
193,1,590,1143,50,50,1,-1,-1,-1
193,2,609,1159,50,50,1,-1,-1,-1
193,3,433,671,50,50,1,-1,-1,-1
194,1,605,1096,50,50,1,-1,-1,-1
194,2,594,1123,50,50,1,-1,-1,-1
194,3,429,650,50,50,1,-1,-1,-1
195,1,613,1048,50,50,1,-1,-1,-1
195,2,572,1067,50,50,1,-1,-1,-1
195,3,426,636,50,50,1,-1,-1,-1
196,1,591,958,50,50,1,-1,-1,-1
196,2,558,998,50,50,1,-1,-1,-1
196,3,423,628,50,50,1,-1,-1,-1
197,1,592,907,50,50,1,-1,-1,-1
197,2,557,968,50,50,1,-1,-1,-1
197,3,421,625,50,50,1,-1,-1,-1
198,1,597,875,50,50,1,-1,-1,-1
198,2,565,959,50,50,1,-1,-1,-1
198,3,419,628,50,50,1,-1,-1,-1
199,1,598,826,50,50,1,-1,-1,-1
199,2,562,963,50,50,1,-1,-1,-1
199,3,417,637,50,50,1,-1,-1,-1
200,1,596,765,50,50,1,-1,-1,-1
200,2,579,989,50,50,1,-1,-1,-1
200,3,415,651,50,50,1,-1,-1,-1
201,1,598,728,50,50,1,-1,-1,-1
201,2,565,948,50,50,1,-1,-1,-1
201,3,414,671,50,50,1,-1,-1,-1
202,1,600,697,50,50,1,-1,-1,-1
202,2,493,910,50,50,1,-1,-1,-1
202,3,413,697,50,50,1,-1,-1,-1
203,1,603,672,50,50,1,-1,-1,-1
203,2,451,899,50,50,1,-1,-1,-1
203,3,412,729,50,50,1,-1,-1,-1
204,1,606,652,50,50,1,-1,-1,-1
204,2,462,899,50,50,1,-1,-1,-1
204,3,411,767,50,50,1,-1,-1,-1
205,1,610,639,50,50,1,-1,-1,-1
205,2,473,928,50,50,1,-1,-1,-1
205,3,411,811,50,50,1,-1,-1,-1
206,1,613,631,50,50,1,-1,-1,-1
206,2,465,926,50,50,1,-1,-1,-1
206,3,411,861,50,50,1,-1,-1,-1
207,1,617,628,50,50,1,-1,-1,-1
207,2,453,926,50,50,1,-1,-1,-1
207,3,412,910,50,50,1,-1,-1,-1
208,1,622,632,50,50,1,-1,-1,-1
208,2,381,938,50,50,1,-1,-1,-1
208,3,417,944,50,50,1,-1,-1,-1
209,1,626,640,50,50,1,-1,-1,-1
209,2,447,966,50,50,1,-1,-1,-1
209,3,419,967,50,50,1,-1,-1,-1
210,1,631,655,50,50,1,-1,-1,-1
210,2,543,1082,50,50,1,-1,-1,-1
210,3,427,996,50,50,1,-1,-1,-1
211,1,637,675,50,50,1,-1,-1,-1
211,2,537,1074,50,50,1,-1,-1,-1
211,3,438,1029,50,50,1,-1,-1,-1
212,1,642,702,50,50,1,-1,-1,-1
212,2,536,1016,50,50,1,-1,-1,-1
212,3,450,1066,50,50,1,-1,-1,-1
213,1,648,734,50,50,1,-1,-1,-1
213,2,534,973,50,50,1,-1,-1,-1
213,3,471,1120,50,50,1,-1,-1,-1
214,1,655,772,50,50,1,-1,-1,-1
214,2,550,950,50,50,1,-1,-1,-1
214,3,487,1180,50,50,1,-1,-1,-1
215,1,662,816,50,50,1,-1,-1,-1
215,2,580,939,50,50,1,-1,-1,-1
215,3,492,1172,50,50,1,-1,-1,-1
216,1,669,867,50,50,1,-1,-1,-1
216,2,607,934,50,50,1,-1,-1,-1
216,3,511,1149,50,50,1,-1,-1,-1
217,1,675,905,50,50,1,-1,-1,-1
217,2,637,993,50,50,1,-1,-1,-1
217,3,507,1119,50,50,1,-1,-1,-1
218,1,684,929,50,50,1,-1,-1,-1
218,2,490,1114,50,50,1,-1,-1,-1
218,3,501,1097,50,50,1,-1,-1,-1
219,1,676,932,50,50,1,-1,-1,-1
219,2,458,1079,50,50,1,-1,-1,-1
219,3,487,1073,50,50,1,-1,-1,-1
220,1,626,934,50,50,1,-1,-1,-1
220,2,498,989,50,50,1,-1,-1,-1
220,3,439,1026,50,50,1,-1,-1,-1
221,1,583,947,50,50,1,-1,-1,-1
221,2,485,966,50,50,1,-1,-1,-1
221,3,436,967,50,50,1,-1,-1,-1
222,1,549,955,50,50,1,-1,-1,-1
222,2,437,981,50,50,1,-1,-1,-1
222,3,449,880,50,50,1,-1,-1,-1
223,1,522,970,50,50,1,-1,-1,-1
223,2,441,981,50,50,1,-1,-1,-1
223,3,429,810,50,50,1,-1,-1,-1
224,1,498,981,50,50,1,-1,-1,-1
224,2,475,955,50,50,1,-1,-1,-1
224,3,421,768,50,50,1,-1,-1,-1
225,1,468,983,50,50,1,-1,-1,-1
225,2,543,932,50,50,1,-1,-1,-1
225,3,411,730,50,50,1,-1,-1,-1
226,1,495,1020,50,50,1,-1,-1,-1
226,2,567,919,50,50,1,-1,-1,-1
226,3,403,698,50,50,1,-1,-1,-1
227,1,501,1065,50,50,1,-1,-1,-1
227,2,575,910,50,50,1,-1,-1,-1
227,3,394,671,50,50,1,-1,-1,-1
228,1,491,1122,50,50,1,-1,-1,-1
228,2,579,905,50,50,1,-1,-1,-1
228,3,386,651,50,50,1,-1,-1,-1
229,1,477,1159,50,50,1,-1,-1,-1
229,2,575,909,50,50,1,-1,-1,-1
229,3,378,635,50,50,1,-1,-1,-1
230,1,479,1177,50,50,1,-1,-1,-1
230,2,574,917,50,50,1,-1,-1,-1
230,3,370,626,50,50,1,-1,-1,-1
231,1,496,1184,50,50,1,-1,-1,-1
231,2,573,930,50,50,1,-1,-1,-1
231,3,363,623,50,50,1,-1,-1,-1
232,1,496,1183,50,50,1,-1,-1,-1
232,2,583,934,50,50,1,-1,-1,-1
232,3,356,625,50,50,1,-1,-1,-1
233,1,486,1166,50,50,1,-1,-1,-1
233,2,595,932,50,50,1,-1,-1,-1
233,3,349,633,50,50,1,-1,-1,-1
234,1,487,1126,50,50,1,-1,-1,-1
234,2,621,941,50,50,1,-1,-1,-1
234,3,342,646,50,50,1,-1,-1,-1
235,1,500,1056,50,50,1,-1,-1,-1
235,2,650,970,50,50,1,-1,-1,-1
235,3,336,665,50,50,1,-1,-1,-1
236,1,471,947,50,50,1,-1,-1,-1
236,2,646,1005,50,50,1,-1,-1,-1
236,3,330,690,50,50,1,-1,-1,-1
237,1,462,895,50,50,1,-1,-1,-1
237,2,636,1042,50,50,1,-1,-1,-1
237,3,325,720,50,50,1,-1,-1,-1
238,1,466,868,50,50,1,-1,-1,-1
238,2,626,1100,50,50,1,-1,-1,-1
238,3,319,756,50,50,1,-1,-1,-1
239,1,452,791,50,50,1,-1,-1,-1
239,2,612,1141,50,50,1,-1,-1,-1
239,3,314,798,50,50,1,-1,-1,-1
240,1,447,751,50,50,1,-1,-1,-1
240,2,598,1173,50,50,1,-1,-1,-1
240,3,310,846,50,50,1,-1,-1,-1
241,1,449,730,50,50,1,-1,-1,-1
241,2,593,1176,50,50,1,-1,-1,-1
241,3,306,896,50,50,1,-1,-1,-1
242,1,443,699,50,50,1,-1,-1,-1
242,2,594,1145,50,50,1,-1,-1,-1
242,3,299,935,50,50,1,-1,-1,-1
243,1,431,658,50,50,1,-1,-1,-1
243,2,592,1109,50,50,1,-1,-1,-1
243,3,305,951,50,50,1,-1,-1,-1
244,1,413,633,50,50,1,-1,-1,-1
244,2,589,1082,50,50,1,-1,-1,-1
244,3,319,949,50,50,1,-1,-1,-1
245,1,414,614,50,50,1,-1,-1,-1
245,2,562,988,50,50,1,-1,-1,-1
245,3,355,939,50,50,1,-1,-1,-1
246,1,411,606,50,50,1,-1,-1,-1
246,2,593,909,50,50,1,-1,-1,-1
246,3,413,928,50,50,1,-1,-1,-1
247,1,407,604,50,50,1,-1,-1,-1
247,2,606,837,50,50,1,-1,-1,-1
247,3,461,929,50,50,1,-1,-1,-1
248,1,412,619,50,50,1,-1,-1,-1
248,2,595,802,50,50,1,-1,-1,-1
248,3,508,934,50,50,1,-1,-1,-1
249,1,413,642,50,50,1,-1,-1,-1
249,2,604,770,50,50,1,-1,-1,-1
249,3,547,940,50,50,1,-1,-1,-1
250,1,406,643,50,50,1,-1,-1,-1
250,2,597,731,50,50,1,-1,-1,-1
250,3,576,942,50,50,1,-1,-1,-1
251,1,404,663,50,50,1,-1,-1,-1
251,2,597,696,50,50,1,-1,-1,-1
251,3,607,957,50,50,1,-1,-1,-1
252,1,401,690,50,50,1,-1,-1,-1
252,2,599,665,50,50,1,-1,-1,-1
252,3,595,981,50,50,1,-1,-1,-1
253,1,400,722,50,50,1,-1,-1,-1
253,2,599,643,50,50,1,-1,-1,-1
253,3,601,1017,50,50,1,-1,-1,-1
254,1,398,760,50,50,1,-1,-1,-1
254,2,601,626,50,50,1,-1,-1,-1
254,3,597,1057,50,50,1,-1,-1,-1
255,1,397,804,50,50,1,-1,-1,-1
255,2,601,597,50,50,1,-1,-1,-1
255,3,579,1097,50,50,1,-1,-1,-1
256,1,396,855,50,50,1,-1,-1,-1
256,2,595,579,50,50,1,-1,-1,-1
256,3,591,1156,50,50,1,-1,-1,-1
257,1,395,907,50,50,1,-1,-1,-1
257,2,606,590,50,50,1,-1,-1,-1
257,3,595,1183,50,50,1,-1,-1,-1
258,1,404,946,50,50,1,-1,-1,-1
258,2,609,594,50,50,1,-1,-1,-1
258,3,600,1176,50,50,1,-1,-1,-1
259,1,427,974,50,50,1,-1,-1,-1
259,2,603,593,50,50,1,-1,-1,-1
259,3,554,1158,50,50,1,-1,-1,-1
260,1,414,994,50,50,1,-1,-1,-1
260,2,616,619,50,50,1,-1,-1,-1
260,3,543,1111,50,50,1,-1,-1,-1
261,1,420,1021,50,50,1,-1,-1,-1
261,2,620,641,50,50,1,-1,-1,-1
261,3,544,1070,50,50,1,-1,-1,-1
262,1,432,1055,50,50,1,-1,-1,-1
262,2,624,667,50,50,1,-1,-1,-1
262,3,560,1025,50,50,1,-1,-1,-1
263,1,425,1080,50,50,1,-1,-1,-1
263,2,628,700,50,50,1,-1,-1,-1
263,3,565,1003,50,50,1,-1,-1,-1
264,1,470,1139,50,50,1,-1,-1,-1
264,2,633,737,50,50,1,-1,-1,-1
264,3,565,972,50,50,1,-1,-1,-1
265,1,484,1161,50,50,1,-1,-1,-1
265,2,639,781,50,50,1,-1,-1,-1
265,3,564,932,50,50,1,-1,-1,-1
266,1,491,1164,50,50,1,-1,-1,-1
266,2,645,830,50,50,1,-1,-1,-1
266,3,587,924,50,50,1,-1,-1,-1
267,1,492,1146,50,50,1,-1,-1,-1
267,2,649,881,50,50,1,-1,-1,-1
267,3,636,902,50,50,1,-1,-1,-1
268,1,482,1109,50,50,1,-1,-1,-1
268,2,637,910,50,50,1,-1,-1,-1
268,3,684,906,50,50,1,-1,-1,-1
269,1,474,1075,50,50,1,-1,-1,-1
269,2,467,1026,50,50,1,-1,-1,-1
269,3,491,1063,50,50,1,-1,-1,-1
270,1,487,1021,50,50,1,-1,-1,-1
270,2,440,1021,50,50,1,-1,-1,-1
270,3,456,957,50,50,1,-1,-1,-1
271,1,489,963,50,50,1,-1,-1,-1
271,2,472,945,50,50,1,-1,-1,-1
271,3,543,669,50,50,1,-1,-1,-1
272,1,452,937,50,50,1,-1,-1,-1
272,2,444,869,50,50,1,-1,-1,-1
272,3,544,664,50,50,1,-1,-1,-1
273,1,454,962,50,50,1,-1,-1,-1
273,2,426,788,50,50,1,-1,-1,-1
273,3,435,807,50,50,1,-1,-1,-1
274,1,501,1013,50,50,1,-1,-1,-1
274,2,415,739,50,50,1,-1,-1,-1
274,3,476,960,50,50,1,-1,-1,-1
275,1,545,997,50,50,1,-1,-1,-1
275,2,405,698,50,50,1,-1,-1,-1
275,3,495,1003,50,50,1,-1,-1,-1
276,1,547,935,50,50,1,-1,-1,-1
276,2,396,663,50,50,1,-1,-1,-1
276,3,495,1022,50,50,1,-1,-1,-1
277,1,533,939,50,50,1,-1,-1,-1
277,2,387,634,50,50,1,-1,-1,-1
277,3,489,1039,50,50,1,-1,-1,-1
278,1,525,963,50,50,1,-1,-1,-1
278,2,379,611,50,50,1,-1,-1,-1
278,3,478,1059,50,50,1,-1,-1,-1
279,1,534,965,50,50,1,-1,-1,-1
279,2,370,593,50,50,1,-1,-1,-1
279,3,495,1089,50,50,1,-1,-1,-1
280,1,532,963,50,50,1,-1,-1,-1
280,2,362,581,50,50,1,-1,-1,-1
280,3,499,1121,50,50,1,-1,-1,-1
281,1,532,963,50,50,1,-1,-1,-1
281,2,354,575,50,50,1,-1,-1,-1
281,3,498,1146,50,50,1,-1,-1,-1
282,1,533,953,50,50,1,-1,-1,-1
282,2,346,574,50,50,1,-1,-1,-1
282,3,497,1175,50,50,1,-1,-1,-1
283,1,586,955,50,50,1,-1,-1,-1
283,2,338,579,50,50,1,-1,-1,-1
283,3,501,1166,50,50,1,-1,-1,-1
284,1,591,974,50,50,1,-1,-1,-1
284,2,331,589,50,50,1,-1,-1,-1
284,3,503,1138,50,50,1,-1,-1,-1
285,1,588,995,50,50,1,-1,-1,-1
285,2,324,606,50,50,1,-1,-1,-1
285,3,486,1096,50,50,1,-1,-1,-1
286,1,586,1022,50,50,1,-1,-1,-1
286,2,317,628,50,50,1,-1,-1,-1
286,3,500,1014,50,50,1,-1,-1,-1
287,1,587,1056,50,50,1,-1,-1,-1
287,2,311,655,50,50,1,-1,-1,-1
287,3,485,967,50,50,1,-1,-1,-1
288,1,583,1096,50,50,1,-1,-1,-1
288,2,304,689,50,50,1,-1,-1,-1
288,3,480,921,50,50,1,-1,-1,-1
289,1,584,1142,50,50,1,-1,-1,-1
289,2,299,730,50,50,1,-1,-1,-1
289,3,452,834,50,50,1,-1,-1,-1
290,1,599,1189,50,50,1,-1,-1,-1
290,2,293,777,50,50,1,-1,-1,-1
290,3,439,768,50,50,1,-1,-1,-1
291,1,603,1191,50,50,1,-1,-1,-1
291,2,288,830,50,50,1,-1,-1,-1
291,3,432,727,50,50,1,-1,-1,-1
292,1,603,1187,50,50,1,-1,-1,-1
292,2,283,874,50,50,1,-1,-1,-1
292,3,426,692,50,50,1,-1,-1,-1
293,1,579,1172,50,50,1,-1,-1,-1
293,2,269,901,50,50,1,-1,-1,-1
293,3,419,663,50,50,1,-1,-1,-1
294,1,572,1143,50,50,1,-1,-1,-1
294,2,265,915,50,50,1,-1,-1,-1
294,3,414,641,50,50,1,-1,-1,-1
295,1,567,1117,50,50,1,-1,-1,-1
295,2,287,915,50,50,1,-1,-1,-1
295,3,408,624,50,50,1,-1,-1,-1
296,1,555,1033,50,50,1,-1,-1,-1
296,2,311,912,50,50,1,-1,-1,-1
296,3,403,613,50,50,1,-1,-1,-1
297,1,577,946,50,50,1,-1,-1,-1
297,2,410,915,50,50,1,-1,-1,-1
297,3,398,607,50,50,1,-1,-1,-1
298,1,578,891,50,50,1,-1,-1,-1
298,2,558,963,50,50,1,-1,-1,-1
298,3,394,608,50,50,1,-1,-1,-1
299,1,582,856,50,50,1,-1,-1,-1
299,2,564,965,50,50,1,-1,-1,-1
299,3,390,613,50,50,1,-1,-1,-1
300,1,585,803,50,50,1,-1,-1,-1
300,2,525,950,50,50,1,-1,-1,-1
300,3,386,624,50,50,1,-1,-1,-1
301,1,581,738,50,50,1,-1,-1,-1
301,2,465,924,50,50,1,-1,-1,-1
301,3,382,641,50,50,1,-1,-1,-1
302,1,582,704,50,50,1,-1,-1,-1
302,2,445,924,50,50,1,-1,-1,-1
302,3,379,664,50,50,1,-1,-1,-1
303,1,583,669,50,50,1,-1,-1,-1
303,2,439,926,50,50,1,-1,-1,-1
303,3,376,692,50,50,1,-1,-1,-1
304,1,586,645,50,50,1,-1,-1,-1
304,2,419,924,50,50,1,-1,-1,-1
304,3,373,726,50,50,1,-1,-1,-1
305,1,588,622,50,50,1,-1,-1,-1
305,2,421,939,50,50,1,-1,-1,-1
305,3,370,766,50,50,1,-1,-1,-1
306,1,591,608,50,50,1,-1,-1,-1
306,2,425,958,50,50,1,-1,-1,-1
306,3,368,811,50,50,1,-1,-1,-1
307,1,595,600,50,50,1,-1,-1,-1
307,2,371,882,50,50,1,-1,-1,-1
307,3,366,862,50,50,1,-1,-1,-1
308,1,599,597,50,50,1,-1,-1,-1
308,2,374,937,50,50,1,-1,-1,-1
308,3,365,918,50,50,1,-1,-1,-1
309,1,602,599,50,50,1,-1,-1,-1
309,2,416,970,50,50,1,-1,-1,-1
309,3,362,966,50,50,1,-1,-1,-1
310,1,607,606,50,50,1,-1,-1,-1
310,2,395,981,50,50,1,-1,-1,-1
310,3,369,1000,50,50,1,-1,-1,-1
311,1,611,620,50,50,1,-1,-1,-1
311,2,409,1009,50,50,1,-1,-1,-1
311,3,381,1026,50,50,1,-1,-1,-1
312,1,616,639,50,50,1,-1,-1,-1
312,2,433,1043,50,50,1,-1,-1,-1
312,3,399,1057,50,50,1,-1,-1,-1
313,1,621,664,50,50,1,-1,-1,-1
313,2,462,1096,50,50,1,-1,-1,-1
313,3,420,1096,50,50,1,-1,-1,-1
314,1,627,695,50,50,1,-1,-1,-1
314,2,459,1155,50,50,1,-1,-1,-1
314,3,447,1138,50,50,1,-1,-1,-1
315,1,633,733,50,50,1,-1,-1,-1
315,2,475,1145,50,50,1,-1,-1,-1
315,3,475,1159,50,50,1,-1,-1,-1
316,1,639,775,50,50,1,-1,-1,-1
316,2,504,1142,50,50,1,-1,-1,-1
316,3,491,1167,50,50,1,-1,-1,-1
317,1,646,825,50,50,1,-1,-1,-1
317,2,511,1154,50,50,1,-1,-1,-1
317,3,498,1161,50,50,1,-1,-1,-1
318,1,652,878,50,50,1,-1,-1,-1
318,2,510,1128,50,50,1,-1,-1,-1
318,3,497,1141,50,50,1,-1,-1,-1
319,1,670,914,50,50,1,-1,-1,-1
319,2,509,1092,50,50,1,-1,-1,-1
319,3,485,1101,50,50,1,-1,-1,-1
320,1,681,919,50,50,1,-1,-1,-1
320,2,497,1022,50,50,1,-1,-1,-1
320,3,488,1044,50,50,1,-1,-1,-1
321,1,655,915,50,50,1,-1,-1,-1
321,2,470,935,50,50,1,-1,-1,-1
321,3,505,983,50,50,1,-1,-1,-1
322,1,583,925,50,50,1,-1,-1,-1
322,2,450,901,50,50,1,-1,-1,-1
322,3,495,962,50,50,1,-1,-1,-1
323,1,493,960,50,50,1,-1,-1,-1
323,2,450,874,50,50,1,-1,-1,-1
323,3,475,946,50,50,1,-1,-1,-1
324,1,447,985,50,50,1,-1,-1,-1
324,2,430,796,50,50,1,-1,-1,-1
324,3,459,933,50,50,1,-1,-1,-1
325,1,489,1015,50,50,1,-1,-1,-1
325,2,421,756,50,50,1,-1,-1,-1
325,3,464,953,50,50,1,-1,-1,-1
326,1,503,1011,50,50,1,-1,-1,-1
326,2,419,736,50,50,1,-1,-1,-1
326,3,490,978,50,50,1,-1,-1,-1
327,1,489,996,50,50,1,-1,-1,-1
327,2,410,706,50,50,1,-1,-1,-1
327,3,507,1021,50,50,1,-1,-1,-1
328,1,490,1024,50,50,1,-1,-1,-1
328,2,395,664,50,50,1,-1,-1,-1
328,3,499,1061,50,50,1,-1,-1,-1
329,1,508,1067,50,50,1,-1,-1,-1
329,2,387,645,50,50,1,-1,-1,-1
329,3,474,1100,50,50,1,-1,-1,-1
330,1,509,1111,50,50,1,-1,-1,-1
330,2,379,631,50,50,1,-1,-1,-1
330,3,481,1139,50,50,1,-1,-1,-1
331,1,492,1144,50,50,1,-1,-1,-1
331,2,371,624,50,50,1,-1,-1,-1
331,3,571,932,50,50,1,-1,-1,-1
332,1,489,1185,50,50,1,-1,-1,-1
332,2,364,622,50,50,1,-1,-1,-1
332,3,623,820,50,50,1,-1,-1,-1
333,1,490,1183,50,50,1,-1,-1,-1
333,2,357,625,50,50,1,-1,-1,-1
333,3,631,868,50,50,1,-1,-1,-1
334,1,494,1157,50,50,1,-1,-1,-1
334,2,350,635,50,50,1,-1,-1,-1
334,3,599,932,50,50,1,-1,-1,-1
335,1,495,1113,50,50,1,-1,-1,-1
335,2,343,650,50,50,1,-1,-1,-1
335,3,605,947,50,50,1,-1,-1,-1
336,1,507,1045,50,50,1,-1,-1,-1
336,2,337,670,50,50,1,-1,-1,-1
336,3,646,983,50,50,1,-1,-1,-1
337,1,475,942,50,50,1,-1,-1,-1
337,2,331,697,50,50,1,-1,-1,-1
337,3,642,1016,50,50,1,-1,-1,-1
338,1,446,886,50,50,1,-1,-1,-1
338,2,326,729,50,50,1,-1,-1,-1
338,3,612,1048,50,50,1,-1,-1,-1
339,1,462,834,50,50,1,-1,-1,-1
339,2,320,767,50,50,1,-1,-1,-1
339,3,604,1084,50,50,1,-1,-1,-1
340,1,456,790,50,50,1,-1,-1,-1
340,2,315,812,50,50,1,-1,-1,-1
340,3,592,1147,50,50,1,-1,-1,-1
341,1,450,749,50,50,1,-1,-1,-1
341,2,311,862,50,50,1,-1,-1,-1
341,3,605,1188,50,50,1,-1,-1,-1
342,1,445,714,50,50,1,-1,-1,-1
342,2,306,912,50,50,1,-1,-1,-1
342,3,590,1183,50,50,1,-1,-1,-1
343,1,440,685,50,50,1,-1,-1,-1
343,2,302,953,50,50,1,-1,-1,-1
343,3,583,1145,50,50,1,-1,-1,-1
344,1,435,662,50,50,1,-1,-1,-1
344,2,302,970,50,50,1,-1,-1,-1
344,3,596,1117,50,50,1,-1,-1,-1
345,1,430,645,50,50,1,-1,-1,-1
345,2,324,956,50,50,1,-1,-1,-1
345,3,599,1061,50,50,1,-1,-1,-1
346,1,426,634,50,50,1,-1,-1,-1
346,2,365,940,50,50,1,-1,-1,-1
346,3,594,964,50,50,1,-1,-1,-1
347,1,422,628,50,50,1,-1,-1,-1
347,2,416,934,50,50,1,-1,-1,-1
347,3,593,907,50,50,1,-1,-1,-1
348,1,419,627,50,50,1,-1,-1,-1
348,2,459,933,50,50,1,-1,-1,-1
348,3,598,870,50,50,1,-1,-1,-1
349,1,415,633,50,50,1,-1,-1,-1
349,2,509,935,50,50,1,-1,-1,-1
349,3,597,812,50,50,1,-1,-1,-1
350,1,412,644,50,50,1,-1,-1,-1
350,2,547,942,50,50,1,-1,-1,-1
350,3,595,743,50,50,1,-1,-1,-1
351,1,410,661,50,50,1,-1,-1,-1
351,2,574,946,50,50,1,-1,-1,-1
351,3,596,699,50,50,1,-1,-1,-1
352,1,407,684,50,50,1,-1,-1,-1
352,2,579,965,50,50,1,-1,-1,-1
352,3,597,662,50,50,1,-1,-1,-1
353,1,405,712,50,50,1,-1,-1,-1
353,2,584,994,50,50,1,-1,-1,-1
353,3,599,629,50,50,1,-1,-1,-1
354,1,403,746,50,50,1,-1,-1,-1
354,2,585,1032,50,50,1,-1,-1,-1
354,3,602,604,50,50,1,-1,-1,-1
355,1,402,786,50,50,1,-1,-1,-1
355,2,578,1082,50,50,1,-1,-1,-1
355,3,604,584,50,50,1,-1,-1,-1
356,1,400,830,50,50,1,-1,-1,-1
356,2,571,1131,50,50,1,-1,-1,-1
356,3,607,569,50,50,1,-1,-1,-1
357,1,399,885,50,50,1,-1,-1,-1
357,2,573,1168,50,50,1,-1,-1,-1
357,3,610,560,50,50,1,-1,-1,-1
358,1,399,931,50,50,1,-1,-1,-1
358,2,566,1193,50,50,1,-1,-1,-1
358,3,613,557,50,50,1,-1,-1,-1
359,1,401,957,50,50,1,-1,-1,-1
359,2,561,1190,50,50,1,-1,-1,-1
359,3,617,559,50,50,1,-1,-1,-1
360,1,405,978,50,50,1,-1,-1,-1
360,2,566,1172,50,50,1,-1,-1,-1
360,3,621,567,50,50,1,-1,-1,-1
361,1,413,1002,50,50,1,-1,-1,-1
361,2,574,1131,50,50,1,-1,-1,-1
361,3,625,580,50,50,1,-1,-1,-1
362,1,421,1026,50,50,1,-1,-1,-1
362,2,564,1079,50,50,1,-1,-1,-1
362,3,630,599,50,50,1,-1,-1,-1
363,1,432,1056,50,50,1,-1,-1,-1
363,2,549,1031,50,50,1,-1,-1,-1
363,3,635,623,50,50,1,-1,-1,-1
364,1,449,1103,50,50,1,-1,-1,-1
364,2,531,980,50,50,1,-1,-1,-1
364,3,640,653,50,50,1,-1,-1,-1
365,1,470,1163,50,50,1,-1,-1,-1
365,2,541,949,50,50,1,-1,-1,-1
365,3,645,689,50,50,1,-1,-1,-1
366,1,481,1179,50,50,1,-1,-1,-1
366,2,566,925,50,50,1,-1,-1,-1
366,3,651,730,50,50,1,-1,-1,-1
367,1,495,1177,50,50,1,-1,-1,-1
367,2,592,912,50,50,1,-1,-1,-1
367,3,658,777,50,50,1,-1,-1,-1
368,1,489,1177,50,50,1,-1,-1,-1
368,2,620,899,50,50,1,-1,-1,-1
368,3,665,830,50,50,1,-1,-1,-1
369,1,487,1155,50,50,1,-1,-1,-1
369,2,643,886,50,50,1,-1,-1,-1
369,3,669,876,50,50,1,-1,-1,-1
370,1,482,1110,50,50,1,-1,-1,-1
370,2,550,699,50,50,1,-1,-1,-1
370,3,682,895,50,50,1,-1,-1,-1
371,1,445,1036,50,50,1,-1,-1,-1
371,2,528,661,50,50,1,-1,-1,-1
371,3,661,903,50,50,1,-1,-1,-1
372,1,432,958,50,50,1,-1,-1,-1
372,2,551,668,50,50,1,-1,-1,-1
372,3,642,907,50,50,1,-1,-1,-1
373,1,445,888,50,50,1,-1,-1,-1
373,2,553,662,50,50,1,-1,-1,-1
373,3,621,949,50,50,1,-1,-1,-1
374,1,436,839,50,50,1,-1,-1,-1
374,2,546,647,50,50,1,-1,-1,-1
374,3,565,997,50,50,1,-1,-1,-1
375,1,427,795,50,50,1,-1,-1,-1
375,2,539,640,50,50,1,-1,-1,-1
375,3,512,998,50,50,1,-1,-1,-1
376,1,418,757,50,50,1,-1,-1,-1
376,2,540,651,50,50,1,-1,-1,-1
376,3,489,1001,50,50,1,-1,-1,-1
377,1,410,724,50,50,1,-1,-1,-1
377,2,553,675,50,50,1,-1,-1,-1
377,3,488,1041,50,50,1,-1,-1,-1
378,1,401,697,50,50,1,-1,-1,-1
378,2,561,711,50,50,1,-1,-1,-1
378,3,495,1080,50,50,1,-1,-1,-1
379,1,394,676,50,50,1,-1,-1,-1
379,2,560,718,50,50,1,-1,-1,-1
379,3,489,1123,50,50,1,-1,-1,-1
380,1,386,661,50,50,1,-1,-1,-1
380,2,566,750,50,50,1,-1,-1,-1
380,3,477,1157,50,50,1,-1,-1,-1
381,1,379,652,50,50,1,-1,-1,-1
381,2,570,791,50,50,1,-1,-1,-1
381,3,473,1181,50,50,1,-1,-1,-1
382,1,372,648,50,50,1,-1,-1,-1
382,2,575,831,50,50,1,-1,-1,-1
382,3,490,1164,50,50,1,-1,-1,-1
383,1,365,649,50,50,1,-1,-1,-1
383,2,576,881,50,50,1,-1,-1,-1
383,3,507,1150,50,50,1,-1,-1,-1
384,1,359,657,50,50,1,-1,-1,-1
384,2,579,926,50,50,1,-1,-1,-1
384,3,499,1136,50,50,1,-1,-1,-1
385,1,353,669,50,50,1,-1,-1,-1
385,2,574,953,50,50,1,-1,-1,-1
385,3,486,1125,50,50,1,-1,-1,-1
386,1,347,688,50,50,1,-1,-1,-1
386,2,577,979,50,50,1,-1,-1,-1
386,3,480,1078,50,50,1,-1,-1,-1
387,1,341,712,50,50,1,-1,-1,-1
387,2,578,1020,50,50,1,-1,-1,-1
387,3,498,1007,50,50,1,-1,-1,-1
388,1,336,742,50,50,1,-1,-1,-1
388,2,584,1065,50,50,1,-1,-1,-1
388,3,488,963,50,50,1,-1,-1,-1
389,1,331,777,50,50,1,-1,-1,-1
389,2,600,1115,50,50,1,-1,-1,-1
389,3,462,942,50,50,1,-1,-1,-1
390,1,326,819,50,50,1,-1,-1,-1
390,2,617,1177,50,50,1,-1,-1,-1
390,3,428,936,50,50,1,-1,-1,-1
391,1,322,866,50,50,1,-1,-1,-1
391,2,604,1195,50,50,1,-1,-1,-1
391,3,371,930,50,50,1,-1,-1,-1
392,1,318,913,50,50,1,-1,-1,-1
392,2,585,1184,50,50,1,-1,-1,-1
392,3,299,943,50,50,1,-1,-1,-1
393,1,307,942,50,50,1,-1,-1,-1
393,2,583,1148,50,50,1,-1,-1,-1
393,3,294,957,50,50,1,-1,-1,-1
394,1,301,964,50,50,1,-1,-1,-1
394,2,577,1112,50,50,1,-1,-1,-1
394,3,322,954,50,50,1,-1,-1,-1
395,1,323,955,50,50,1,-1,-1,-1
395,2,560,1042,50,50,1,-1,-1,-1
395,3,377,941,50,50,1,-1,-1,-1
396,1,364,938,50,50,1,-1,-1,-1
396,2,554,983,50,50,1,-1,-1,-1
396,3,424,970,50,50,1,-1,-1,-1
397,1,428,930,50,50,1,-1,-1,-1
397,2,554,962,50,50,1,-1,-1,-1
397,3,447,959,50,50,1,-1,-1,-1
398,1,479,972,50,50,1,-1,-1,-1
398,2,559,957,50,50,1,-1,-1,-1
398,3,471,935,50,50,1,-1,-1,-1
399,1,493,949,50,50,1,-1,-1,-1
399,2,559,961,50,50,1,-1,-1,-1
399,3,503,937,50,50,1,-1,-1,-1
400,1,555,937,50,50,1,-1,-1,-1
400,2,546,966,50,50,1,-1,-1,-1
400,3,543,946,50,50,1,-1,-1,-1
401,1,482,964,50,50,1,-1,-1,-1
401,2,565,984,50,50,1,-1,-1,-1
401,3,558,946,50,50,1,-1,-1,-1
402,1,436,903,50,50,1,-1,-1,-1
402,2,564,1004,50,50,1,-1,-1,-1
402,3,571,948,50,50,1,-1,-1,-1
403,1,397,768,50,50,1,-1,-1,-1
403,2,565,1037,50,50,1,-1,-1,-1
403,3,559,992,50,50,1,-1,-1,-1
404,1,390,789,50,50,1,-1,-1,-1
404,2,559,1069,50,50,1,-1,-1,-1
404,3,567,1020,50,50,1,-1,-1,-1
405,1,392,849,50,50,1,-1,-1,-1
405,2,548,1097,50,50,1,-1,-1,-1
405,3,564,1062,50,50,1,-1,-1,-1
406,1,389,900,50,50,1,-1,-1,-1
406,2,555,1135,50,50,1,-1,-1,-1
406,3,555,1113,50,50,1,-1,-1,-1
407,1,377,931,50,50,1,-1,-1,-1
407,2,387,918,50,50,1,-1,-1,-1
407,3,563,1148,50,50,1,-1,-1,-1
408,1,384,940,50,50,1,-1,-1,-1
408,2,398,949,50,50,1,-1,-1,-1
408,3,563,1173,50,50,1,-1,-1,-1
409,1,387,963,50,50,1,-1,-1,-1
409,2,408,964,50,50,1,-1,-1,-1
409,3,550,1129,50,50,1,-1,-1,-1
410,1,377,996,50,50,1,-1,-1,-1
410,2,400,991,50,50,1,-1,-1,-1
410,3,538,1087,50,50,1,-1,-1,-1
411,1,546,1076,50,50,1,-1,-1,-1
411,2,421,1022,50,50,1,-1,-1,-1
411,3,542,1024,50,50,1,-1,-1,-1
412,1,529,1017,50,50,1,-1,-1,-1
412,2,434,1055,50,50,1,-1,-1,-1
412,3,538,965,50,50,1,-1,-1,-1
413,1,517,949,50,50,1,-1,-1,-1
413,2,424,1094,50,50,1,-1,-1,-1
413,3,541,916,50,50,1,-1,-1,-1
414,1,534,916,50,50,1,-1,-1,-1
414,2,485,1137,50,50,1,-1,-1,-1
414,3,544,880,50,50,1,-1,-1,-1
415,1,566,900,50,50,1,-1,-1,-1
415,2,509,1163,50,50,1,-1,-1,-1
415,3,547,826,50,50,1,-1,-1,-1
416,1,611,900,50,50,1,-1,-1,-1
416,2,491,1179,50,50,1,-1,-1,-1
416,3,546,792,50,50,1,-1,-1,-1
417,1,653,913,50,50,1,-1,-1,-1
417,2,485,1164,50,50,1,-1,-1,-1
417,3,550,756,50,50,1,-1,-1,-1
418,1,657,916,50,50,1,-1,-1,-1
418,2,485,1122,50,50,1,-1,-1,-1
418,3,550,724,50,50,1,-1,-1,-1
419,1,642,932,50,50,1,-1,-1,-1
419,2,469,1070,50,50,1,-1,-1,-1
419,3,551,706,50,50,1,-1,-1,-1
420,1,621,933,50,50,1,-1,-1,-1
420,2,434,1011,50,50,1,-1,-1,-1
420,3,554,692,50,50,1,-1,-1,-1
421,1,575,941,50,50,1,-1,-1,-1
421,2,430,939,50,50,1,-1,-1,-1
421,3,557,682,50,50,1,-1,-1,-1
422,1,533,964,50,50,1,-1,-1,-1
422,2,456,860,50,50,1,-1,-1,-1
422,3,560,679,50,50,1,-1,-1,-1
423,1,483,980,50,50,1,-1,-1,-1
423,2,432,791,50,50,1,-1,-1,-1
423,3,563,680,50,50,1,-1,-1,-1
424,1,492,984,50,50,1,-1,-1,-1
424,2,425,747,50,50,1,-1,-1,-1
424,3,567,688,50,50,1,-1,-1,-1
425,1,528,988,50,50,1,-1,-1,-1
425,2,418,710,50,50,1,-1,-1,-1
425,3,571,700,50,50,1,-1,-1,-1
426,1,522,975,50,50,1,-1,-1,-1
426,2,411,677,50,50,1,-1,-1,-1
426,3,575,718,50,50,1,-1,-1,-1
427,1,524,964,50,50,1,-1,-1,-1
427,2,405,650,50,50,1,-1,-1,-1
427,3,582,741,50,50,1,-1,-1,-1
428,1,526,957,50,50,1,-1,-1,-1
428,2,398,629,50,50,1,-1,-1,-1
428,3,587,771,50,50,1,-1,-1,-1
429,1,531,952,50,50,1,-1,-1,-1
429,2,393,614,50,50,1,-1,-1,-1
429,3,591,806,50,50,1,-1,-1,-1
430,1,538,948,50,50,1,-1,-1,-1
430,2,387,604,50,50,1,-1,-1,-1
430,3,596,846,50,50,1,-1,-1,-1
431,1,546,944,50,50,1,-1,-1,-1
431,2,382,600,50,50,1,-1,-1,-1
431,3,602,891,50,50,1,-1,-1,-1
432,1,559,935,50,50,1,-1,-1,-1
432,2,377,602,50,50,1,-1,-1,-1
432,3,610,929,50,50,1,-1,-1,-1
433,1,590,947,50,50,1,-1,-1,-1
433,2,372,609,50,50,1,-1,-1,-1
433,3,611,953,50,50,1,-1,-1,-1
434,1,507,1085,50,50,1,-1,-1,-1
434,2,367,622,50,50,1,-1,-1,-1
434,3,610,977,50,50,1,-1,-1,-1
435,1,463,1067,50,50,1,-1,-1,-1
435,2,363,641,50,50,1,-1,-1,-1
435,3,608,1005,50,50,1,-1,-1,-1
436,1,450,1008,50,50,1,-1,-1,-1
436,2,359,666,50,50,1,-1,-1,-1
436,3,603,1041,50,50,1,-1,-1,-1
437,1,444,947,50,50,1,-1,-1,-1
437,2,356,697,50,50,1,-1,-1,-1
437,3,590,1066,50,50,1,-1,-1,-1
438,1,450,888,50,50,1,-1,-1,-1
438,2,352,734,50,50,1,-1,-1,-1
438,3,578,1093,50,50,1,-1,-1,-1
439,1,467,823,50,50,1,-1,-1,-1
439,2,349,777,50,50,1,-1,-1,-1
439,3,584,1159,50,50,1,-1,-1,-1
440,1,462,784,50,50,1,-1,-1,-1
440,2,347,826,50,50,1,-1,-1,-1
440,3,583,1195,50,50,1,-1,-1,-1
441,1,457,751,50,50,1,-1,-1,-1
441,2,343,880,50,50,1,-1,-1,-1
441,3,591,1178,50,50,1,-1,-1,-1
442,1,453,724,50,50,1,-1,-1,-1
442,2,334,917,50,50,1,-1,-1,-1
442,3,586,1158,50,50,1,-1,-1,-1
443,1,449,703,50,50,1,-1,-1,-1
443,2,336,933,50,50,1,-1,-1,-1
443,3,561,1128,50,50,1,-1,-1,-1
444,1,445,687,50,50,1,-1,-1,-1
444,2,342,940,50,50,1,-1,-1,-1
444,3,563,1074,50,50,1,-1,-1,-1
445,1,441,678,50,50,1,-1,-1,-1
445,2,411,936,50,50,1,-1,-1,-1
445,3,579,975,50,50,1,-1,-1,-1
446,1,439,674,50,50,1,-1,-1,-1
446,2,467,958,50,50,1,-1,-1,-1
446,3,578,901,50,50,1,-1,-1,-1
447,1,436,676,50,50,1,-1,-1,-1
447,2,491,975,50,50,1,-1,-1,-1
447,3,580,840,50,50,1,-1,-1,-1
448,1,433,683,50,50,1,-1,-1,-1
448,2,501,986,50,50,1,-1,-1,-1
448,3,581,781,50,50,1,-1,-1,-1
449,1,431,696,50,50,1,-1,-1,-1
449,2,502,991,50,50,1,-1,-1,-1
449,3,578,728,50,50,1,-1,-1,-1
450,1,429,715,50,50,1,-1,-1,-1
450,2,503,991,50,50,1,-1,-1,-1
450,3,577,683,50,50,1,-1,-1,-1
451,1,427,739,50,50,1,-1,-1,-1
451,2,504,985,50,50,1,-1,-1,-1
451,3,578,643,50,50,1,-1,-1,-1
452,1,426,770,50,50,1,-1,-1,-1
452,2,497,978,50,50,1,-1,-1,-1
452,3,579,609,50,50,1,-1,-1,-1
453,1,425,806,50,50,1,-1,-1,-1
453,2,485,975,50,50,1,-1,-1,-1
453,3,580,581,50,50,1,-1,-1,-1
454,1,424,848,50,50,1,-1,-1,-1
454,2,475,975,50,50,1,-1,-1,-1
454,3,581,557,50,50,1,-1,-1,-1
455,1,425,896,50,50,1,-1,-1,-1
455,2,452,965,50,50,1,-1,-1,-1
455,3,583,541,50,50,1,-1,-1,-1
456,1,425,948,50,50,1,-1,-1,-1
456,2,436,961,50,50,1,-1,-1,-1
456,3,586,530,50,50,1,-1,-1,-1
457,1,428,981,50,50,1,-1,-1,-1
457,2,453,980,50,50,1,-1,-1,-1
457,3,588,525,50,50,1,-1,-1,-1
458,1,422,998,50,50,1,-1,-1,-1
458,2,456,1002,50,50,1,-1,-1,-1
458,3,591,524,50,50,1,-1,-1,-1
459,1,432,1019,50,50,1,-1,-1,-1
459,2,457,1018,50,50,1,-1,-1,-1
459,3,594,529,50,50,1,-1,-1,-1
460,1,442,1044,50,50,1,-1,-1,-1
460,2,467,1061,50,50,1,-1,-1,-1
460,3,597,540,50,50,1,-1,-1,-1
461,1,456,1073,50,50,1,-1,-1,-1
461,2,467,1112,50,50,1,-1,-1,-1
461,3,601,557,50,50,1,-1,-1,-1
462,1,479,1093,50,50,1,-1,-1,-1
462,2,476,1138,50,50,1,-1,-1,-1
462,3,605,579,50,50,1,-1,-1,-1
463,1,488,1125,50,50,1,-1,-1,-1
463,2,486,1158,50,50,1,-1,-1,-1
463,3,609,607,50,50,1,-1,-1,-1
464,1,479,1160,50,50,1,-1,-1,-1
464,2,493,1145,50,50,1,-1,-1,-1
464,3,614,640,50,50,1,-1,-1,-1
465,1,480,1195,50,50,1,-1,-1,-1
465,2,499,1163,50,50,1,-1,-1,-1
465,3,619,679,50,50,1,-1,-1,-1
466,1,486,1177,50,50,1,-1,-1,-1
466,2,502,1177,50,50,1,-1,-1,-1
466,3,624,724,50,50,1,-1,-1,-1
467,1,478,1156,50,50,1,-1,-1,-1
467,2,505,1163,50,50,1,-1,-1,-1
467,3,630,775,50,50,1,-1,-1,-1
468,1,484,1150,50,50,1,-1,-1,-1
468,2,501,1133,50,50,1,-1,-1,-1
468,3,636,827,50,50,1,-1,-1,-1
469,1,472,1139,50,50,1,-1,-1,-1
469,2,495,1090,50,50,1,-1,-1,-1
469,3,637,868,50,50,1,-1,-1,-1
470,1,450,1068,50,50,1,-1,-1,-1
470,2,487,1059,50,50,1,-1,-1,-1
470,3,631,893,50,50,1,-1,-1,-1
471,1,425,976,50,50,1,-1,-1,-1
471,2,439,1025,50,50,1,-1,-1,-1
471,3,635,899,50,50,1,-1,-1,-1
472,1,439,907,50,50,1,-1,-1,-1
472,2,432,1004,50,50,1,-1,-1,-1
472,3,596,906,50,50,1,-1,-1,-1
473,1,430,851,50,50,1,-1,-1,-1
473,2,431,984,50,50,1,-1,-1,-1
473,3,539,943,50,50,1,-1,-1,-1
474,1,422,801,50,50,1,-1,-1,-1
474,2,437,982,50,50,1,-1,-1,-1
474,3,481,991,50,50,1,-1,-1,-1
475,1,414,757,50,50,1,-1,-1,-1
475,2,449,980,50,50,1,-1,-1,-1
475,3,445,994,50,50,1,-1,-1,-1
476,1,406,716,50,50,1,-1,-1,-1
476,2,483,1000,50,50,1,-1,-1,-1
476,3,447,1007,50,50,1,-1,-1,-1
477,1,398,685,50,50,1,-1,-1,-1
477,2,486,1030,50,50,1,-1,-1,-1
477,3,469,1014,50,50,1,-1,-1,-1
478,1,392,659,50,50,1,-1,-1,-1
478,2,486,1063,50,50,1,-1,-1,-1
478,3,473,1050,50,50,1,-1,-1,-1
479,1,386,639,50,50,1,-1,-1,-1
479,2,483,1100,50,50,1,-1,-1,-1
479,3,490,1087,50,50,1,-1,-1,-1
480,1,380,623,50,50,1,-1,-1,-1
480,2,484,1135,50,50,1,-1,-1,-1
480,3,499,1133,50,50,1,-1,-1,-1
481,1,374,614,50,50,1,-1,-1,-1
481,2,493,1169,50,50,1,-1,-1,-1
481,3,483,1159,50,50,1,-1,-1,-1
482,1,368,610,50,50,1,-1,-1,-1
482,2,499,1170,50,50,1,-1,-1,-1
482,3,485,1183,50,50,1,-1,-1,-1
483,1,363,611,50,50,1,-1,-1,-1
483,2,488,1157,50,50,1,-1,-1,-1
483,3,465,1178,50,50,1,-1,-1,-1
484,1,357,619,50,50,1,-1,-1,-1
484,2,491,1131,50,50,1,-1,-1,-1
484,3,481,1163,50,50,1,-1,-1,-1
485,1,353,631,50,50,1,-1,-1,-1
485,2,502,1113,50,50,1,-1,-1,-1
485,3,483,1123,50,50,1,-1,-1,-1
486,1,348,650,50,50,1,-1,-1,-1
486,2,449,1037,50,50,1,-1,-1,-1
486,3,503,1047,50,50,1,-1,-1,-1
487,1,344,673,50,50,1,-1,-1,-1
487,2,438,955,50,50,1,-1,-1,-1
487,3,494,1000,50,50,1,-1,-1,-1
488,1,340,703,50,50,1,-1,-1,-1
488,2,464,906,50,50,1,-1,-1,-1
488,3,479,969,50,50,1,-1,-1,-1
489,1,337,738,50,50,1,-1,-1,-1
489,2,466,878,50,50,1,-1,-1,-1
489,3,466,932,50,50,1,-1,-1,-1
490,1,333,779,50,50,1,-1,-1,-1
490,2,462,828,50,50,1,-1,-1,-1
490,3,436,916,50,50,1,-1,-1,-1
491,1,330,825,50,50,1,-1,-1,-1
491,2,450,771,50,50,1,-1,-1,-1
491,3,403,915,50,50,1,-1,-1,-1
492,1,327,876,50,50,1,-1,-1,-1
492,2,446,738,50,50,1,-1,-1,-1
492,3,336,892,50,50,1,-1,-1,-1
493,1,322,910,50,50,1,-1,-1,-1
493,2,442,710,50,50,1,-1,-1,-1
493,3,302,918,50,50,1,-1,-1,-1
494,1,319,923,50,50,1,-1,-1,-1
494,2,437,688,50,50,1,-1,-1,-1
494,3,443,703,50,50,1,-1,-1,-1
495,1,327,933,50,50,1,-1,-1,-1
495,2,434,672,50,50,1,-1,-1,-1
495,3,442,686,50,50,1,-1,-1,-1
496,1,365,927,50,50,1,-1,-1,-1
496,2,431,662,50,50,1,-1,-1,-1
496,3,414,664,50,50,1,-1,-1,-1
497,1,429,928,50,50,1,-1,-1,-1
497,2,428,657,50,50,1,-1,-1,-1
497,3,384,928,50,50,1,-1,-1,-1
498,1,478,944,50,50,1,-1,-1,-1
498,2,425,658,50,50,1,-1,-1,-1
498,3,431,974,50,50,1,-1,-1,-1
499,1,549,961,50,50,1,-1,-1,-1
499,2,423,664,50,50,1,-1,-1,-1
499,3,504,940,50,50,1,-1,-1,-1
500,1,550,936,50,50,1,-1,-1,-1
500,2,420,676,50,50,1,-1,-1,-1
500,3,567,912,50,50,1,-1,-1,-1
501,1,480,924,50,50,1,-1,-1,-1
501,2,418,694,50,50,1,-1,-1,-1
501,3,556,956,50,50,1,-1,-1,-1
502,1,441,972,50,50,1,-1,-1,-1
502,2,417,717,50,50,1,-1,-1,-1
502,3,560,991,50,50,1,-1,-1,-1
503,1,434,975,50,50,1,-1,-1,-1
503,2,416,747,50,50,1,-1,-1,-1
503,3,566,1007,50,50,1,-1,-1,-1
504,1,425,979,50,50,1,-1,-1,-1
504,2,415,782,50,50,1,-1,-1,-1
504,3,587,1020,50,50,1,-1,-1,-1
505,1,419,986,50,50,1,-1,-1,-1
505,2,414,823,50,50,1,-1,-1,-1
505,3,567,1089,50,50,1,-1,-1,-1
506,1,414,994,50,50,1,-1,-1,-1
506,2,414,869,50,50,1,-1,-1,-1
506,3,566,1129,50,50,1,-1,-1,-1
507,1,411,1005,50,50,1,-1,-1,-1
507,2,414,923,50,50,1,-1,-1,-1
507,3,567,1161,50,50,1,-1,-1,-1
508,1,444,971,50,50,1,-1,-1,-1
508,2,415,964,50,50,1,-1,-1,-1
508,3,580,1195,50,50,1,-1,-1,-1
509,1,442,985,50,50,1,-1,-1,-1
509,2,416,997,50,50,1,-1,-1,-1
509,3,556,1172,50,50,1,-1,-1,-1
510,1,420,1021,50,50,1,-1,-1,-1
510,2,411,1039,50,50,1,-1,-1,-1
510,3,541,1143,50,50,1,-1,-1,-1
511,1,426,1048,50,50,1,-1,-1,-1
511,2,454,1058,50,50,1,-1,-1,-1
511,3,528,1130,50,50,1,-1,-1,-1
512,1,450,1073,50,50,1,-1,-1,-1
512,2,516,1072,50,50,1,-1,-1,-1
512,3,534,1084,50,50,1,-1,-1,-1
513,1,459,1123,50,50,1,-1,-1,-1
513,2,559,967,50,50,1,-1,-1,-1
513,3,515,1017,50,50,1,-1,-1,-1
514,1,454,1174,50,50,1,-1,-1,-1
514,2,573,924,50,50,1,-1,-1,-1
514,3,518,974,50,50,1,-1,-1,-1
515,1,463,1165,50,50,1,-1,-1,-1
515,2,593,902,50,50,1,-1,-1,-1
515,3,526,935,50,50,1,-1,-1,-1
516,1,473,1148,50,50,1,-1,-1,-1
516,2,620,891,50,50,1,-1,-1,-1
516,3,561,899,50,50,1,-1,-1,-1
517,1,477,1148,50,50,1,-1,-1,-1
517,2,590,889,50,50,1,-1,-1,-1
517,3,608,878,50,50,1,-1,-1,-1
518,1,476,1153,50,50,1,-1,-1,-1
518,2,602,903,50,50,1,-1,-1,-1
518,3,644,877,50,50,1,-1,-1,-1
519,1,486,1144,50,50,1,-1,-1,-1
519,2,623,893,50,50,1,-1,-1,-1
519,3,674,872,50,50,1,-1,-1,-1
520,1,503,1096,50,50,1,-1,-1,-1
520,2,645,892,50,50,1,-1,-1,-1
520,3,672,892,50,50,1,-1,-1,-1
521,1,497,1045,50,50,1,-1,-1,-1
521,2,671,907,50,50,1,-1,-1,-1
521,3,470,999,50,50,1,-1,-1,-1
522,1,501,983,50,50,1,-1,-1,-1
522,2,636,908,50,50,1,-1,-1,-1
522,3,441,1021,50,50,1,-1,-1,-1
523,1,485,962,50,50,1,-1,-1,-1
523,2,573,931,50,50,1,-1,-1,-1
523,3,488,986,50,50,1,-1,-1,-1
524,1,477,964,50,50,1,-1,-1,-1
524,2,537,979,50,50,1,-1,-1,-1
524,3,539,944,50,50,1,-1,-1,-1
525,1,486,993,50,50,1,-1,-1,-1
525,2,514,982,50,50,1,-1,-1,-1
525,3,550,927,50,50,1,-1,-1,-1
526,1,534,988,50,50,1,-1,-1,-1
526,2,488,983,50,50,1,-1,-1,-1
526,3,543,925,50,50,1,-1,-1,-1
527,1,532,981,50,50,1,-1,-1,-1
527,2,481,1001,50,50,1,-1,-1,-1
527,3,543,928,50,50,1,-1,-1,-1
528,1,534,974,50,50,1,-1,-1,-1
528,2,481,1014,50,50,1,-1,-1,-1
528,3,551,925,50,50,1,-1,-1,-1
529,1,537,969,50,50,1,-1,-1,-1
529,2,479,1026,50,50,1,-1,-1,-1
529,3,561,924,50,50,1,-1,-1,-1
530,1,536,962,50,50,1,-1,-1,-1
530,2,480,1038,50,50,1,-1,-1,-1
530,3,553,927,50,50,1,-1,-1,-1
531,1,533,951,50,50,1,-1,-1,-1
531,2,475,1048,50,50,1,-1,-1,-1
531,3,548,931,50,50,1,-1,-1,-1
532,1,538,944,50,50,1,-1,-1,-1
532,2,476,1063,50,50,1,-1,-1,-1
532,3,580,891,50,50,1,-1,-1,-1
533,1,588,935,50,50,1,-1,-1,-1
533,2,471,1073,50,50,1,-1,-1,-1
533,3,608,923,50,50,1,-1,-1,-1
534,1,600,929,50,50,1,-1,-1,-1
534,2,462,1077,50,50,1,-1,-1,-1
534,3,585,927,50,50,1,-1,-1,-1
535,1,599,943,50,50,1,-1,-1,-1
535,2,454,1076,50,50,1,-1,-1,-1
535,3,582,940,50,50,1,-1,-1,-1
536,1,606,960,50,50,1,-1,-1,-1
536,2,444,1076,50,50,1,-1,-1,-1
536,3,589,954,50,50,1,-1,-1,-1
537,1,618,977,50,50,1,-1,-1,-1
537,2,433,1075,50,50,1,-1,-1,-1
537,3,604,971,50,50,1,-1,-1,-1
538,1,606,980,50,50,1,-1,-1,-1
538,2,422,1074,50,50,1,-1,-1,-1
538,3,622,989,50,50,1,-1,-1,-1
539,1,608,990,50,50,1,-1,-1,-1
539,2,410,1076,50,50,1,-1,-1,-1
539,3,623,995,50,50,1,-1,-1,-1
540,1,640,1008,50,50,1,-1,-1,-1
540,2,396,1077,50,50,1,-1,-1,-1
540,3,621,999,50,50,1,-1,-1,-1
541,1,649,1025,50,50,1,-1,-1,-1
541,2,382,1079,50,50,1,-1,-1,-1
541,3,627,1005,50,50,1,-1,-1,-1
542,1,371,1092,50,50,1,-1,-1,-1
542,2,368,1077,50,50,1,-1,-1,-1
542,3,627,1008,50,50,1,-1,-1,-1
543,1,361,1092,50,50,1,-1,-1,-1
543,2,359,1078,50,50,1,-1,-1,-1
543,3,633,1012,50,50,1,-1,-1,-1
544,1,392,1030,50,50,1,-1,-1,-1
544,2,351,1073,50,50,1,-1,-1,-1
544,3,640,1014,50,50,1,-1,-1,-1
545,1,385,1036,50,50,1,-1,-1,-1
545,2,347,1064,50,50,1,-1,-1,-1
545,3,641,1015,50,50,1,-1,-1,-1
546,1,361,1049,50,50,1,-1,-1,-1
546,2,344,1058,50,50,1,-1,-1,-1
546,3,644,1015,50,50,1,-1,-1,-1
547,1,361,1067,50,50,1,-1,-1,-1
547,2,345,1058,50,50,1,-1,-1,-1
547,3,645,1013,50,50,1,-1,-1,-1
548,1,362,1051,50,50,1,-1,-1,-1
548,2,344,1059,50,50,1,-1,-1,-1
548,3,646,1012,50,50,1,-1,-1,-1
549,1,363,1032,50,50,1,-1,-1,-1
549,2,343,1061,50,50,1,-1,-1,-1
549,3,648,1012,50,50,1,-1,-1,-1
550,1,363,1036,50,50,1,-1,-1,-1
550,2,340,1062,50,50,1,-1,-1,-1
550,3,649,1012,50,50,1,-1,-1,-1
551,1,361,1040,50,50,1,-1,-1,-1
551,2,337,1069,50,50,1,-1,-1,-1
551,3,648,1011,50,50,1,-1,-1,-1
552,1,357,1048,50,50,1,-1,-1,-1
552,2,332,1087,50,50,1,-1,-1,-1
552,3,646,1011,50,50,1,-1,-1,-1
553,1,355,1062,50,50,1,-1,-1,-1
553,2,332,1101,50,50,1,-1,-1,-1
553,3,649,1014,50,50,1,-1,-1,-1
554,1,352,1081,50,50,1,-1,-1,-1
554,2,336,1110,50,50,1,-1,-1,-1
554,3,650,1017,50,50,1,-1,-1,-1
555,1,353,1095,50,50,1,-1,-1,-1
555,2,337,1123,50,50,1,-1,-1,-1
555,3,648,1019,50,50,1,-1,-1,-1
556,1,353,1104,50,50,1,-1,-1,-1
556,2,337,1133,50,50,1,-1,-1,-1
556,3,647,1022,50,50,1,-1,-1,-1
557,1,352,1109,50,50,1,-1,-1,-1
557,2,337,1138,50,50,1,-1,-1,-1
557,3,648,1024,50,50,1,-1,-1,-1
558,1,351,1109,50,50,1,-1,-1,-1
558,2,338,1137,50,50,1,-1,-1,-1
558,3,648,1025,50,50,1,-1,-1,-1
559,1,348,1105,50,50,1,-1,-1,-1
559,2,338,1132,50,50,1,-1,-1,-1
559,3,648,1024,50,50,1,-1,-1,-1
560,1,347,1105,50,50,1,-1,-1,-1
560,2,335,1135,50,50,1,-1,-1,-1
560,3,648,1022,50,50,1,-1,-1,-1
561,1,345,1110,50,50,1,-1,-1,-1
561,2,329,1153,50,50,1,-1,-1,-1
561,3,649,1021,50,50,1,-1,-1,-1
562,1,344,1122,50,50,1,-1,-1,-1
562,2,326,1157,50,50,1,-1,-1,-1
562,3,647,1021,50,50,1,-1,-1,-1
563,1,340,1143,50,50,1,-1,-1,-1
563,3,650,1023,50,50,1,-1,-1,-1
564,2,338,1121,50,50,1,-1,-1,-1
564,3,656,1024,50,50,1,-1,-1,-1
565,1,362,1105,50,50,1,-1,-1,-1
565,2,320,1110,50,50,1,-1,-1,-1
565,3,660,1024,50,50,1,-1,-1,-1
566,1,331,1071,50,50,1,-1,-1,-1
566,2,320,1083,50,50,1,-1,-1,-1
566,3,662,1024,50,50,1,-1,-1,-1
567,1,303,1066,50,50,1,-1,-1,-1
567,2,331,1049,50,50,1,-1,-1,-1
567,3,667,1023,50,50,1,-1,-1,-1
568,2,336,1028,50,50,1,-1,-1,-1
568,3,667,1022,50,50,1,-1,-1,-1
569,1,364,1004,50,50,1,-1,-1,-1
569,2,319,1021,50,50,1,-1,-1,-1
569,3,671,1019,50,50,1,-1,-1,-1
570,1,368,993,50,50,1,-1,-1,-1
570,2,323,1011,50,50,1,-1,-1,-1
570,3,677,1017,50,50,1,-1,-1,-1
571,1,373,988,50,50,1,-1,-1,-1
571,2,327,1006,50,50,1,-1,-1,-1
571,3,683,1017,50,50,1,-1,-1,-1
572,1,355,1000,50,50,1,-1,-1,-1
572,2,329,1005,50,50,1,-1,-1,-1
572,3,673,1015,50,50,1,-1,-1,-1
573,1,358,999,50,50,1,-1,-1,-1
573,2,331,1007,50,50,1,-1,-1,-1
573,3,666,1015,50,50,1,-1,-1,-1
574,1,362,1003,50,50,1,-1,-1,-1
574,2,332,1012,50,50,1,-1,-1,-1
574,3,665,1016,50,50,1,-1,-1,-1
575,1,363,1009,50,50,1,-1,-1,-1
575,2,334,1017,50,50,1,-1,-1,-1
575,3,673,1014,50,50,1,-1,-1,-1
576,1,365,1016,50,50,1,-1,-1,-1
576,2,338,1023,50,50,1,-1,-1,-1
576,3,677,1013,50,50,1,-1,-1,-1
577,1,368,1024,50,50,1,-1,-1,-1
577,2,339,1028,50,50,1,-1,-1,-1
577,3,679,1015,50,50,1,-1,-1,-1
578,1,370,1032,50,50,1,-1,-1,-1
578,2,351,1031,50,50,1,-1,-1,-1
578,3,677,1014,50,50,1,-1,-1,-1
579,1,371,1039,50,50,1,-1,-1,-1
579,2,352,1039,50,50,1,-1,-1,-1
579,3,673,1015,50,50,1,-1,-1,-1
580,1,372,1045,50,50,1,-1,-1,-1
580,2,341,1045,50,50,1,-1,-1,-1
580,3,680,1017,50,50,1,-1,-1,-1
581,1,375,1049,50,50,1,-1,-1,-1
581,2,342,1051,50,50,1,-1,-1,-1
581,3,678,1018,50,50,1,-1,-1,-1
582,1,357,1057,50,50,1,-1,-1,-1
582,2,343,1056,50,50,1,-1,-1,-1
582,3,677,1021,50,50,1,-1,-1,-1
583,1,358,1062,50,50,1,-1,-1,-1
583,2,344,1060,50,50,1,-1,-1,-1
583,3,674,1021,50,50,1,-1,-1,-1
584,1,358,1065,50,50,1,-1,-1,-1
584,3,673,1022,50,50,1,-1,-1,-1
585,1,364,1068,50,50,1,-1,-1,-1
585,2,336,1079,50,50,1,-1,-1,-1
585,3,671,1026,50,50,1,-1,-1,-1
586,1,350,1075,50,50,1,-1,-1,-1
586,2,336,1080,50,50,1,-1,-1,-1
586,3,667,1023,50,50,1,-1,-1,-1
587,1,349,1076,50,50,1,-1,-1,-1
587,2,377,1067,50,50,1,-1,-1,-1
587,3,668,1027,50,50,1,-1,-1,-1
588,1,349,1076,50,50,1,-1,-1,-1
588,2,398,1060,50,50,1,-1,-1,-1
588,3,666,1027,50,50,1,-1,-1,-1
589,1,347,1072,50,50,1,-1,-1,-1
589,2,397,1060,50,50,1,-1,-1,-1
589,3,665,1024,50,50,1,-1,-1,-1
590,1,347,1072,50,50,1,-1,-1,-1
590,2,397,1059,50,50,1,-1,-1,-1
590,3,665,1025,50,50,1,-1,-1,-1
591,1,355,1069,50,50,1,-1,-1,-1
591,2,641,1032,50,50,1,-1,-1,-1
591,3,662,1027,50,50,1,-1,-1,-1
592,1,355,1069,50,50,1,-1,-1,-1
592,2,640,1035,50,50,1,-1,-1,-1
592,3,662,1026,50,50,1,-1,-1,-1
593,1,355,1069,50,50,1,-1,-1,-1
593,2,640,1034,50,50,1,-1,-1,-1
593,3,660,1023,50,50,1,-1,-1,-1
594,1,355,1070,50,50,1,-1,-1,-1
594,2,639,1035,50,50,1,-1,-1,-1
594,3,660,1023,50,50,1,-1,-1,-1
595,1,356,1070,50,50,1,-1,-1,-1
595,2,639,1035,50,50,1,-1,-1,-1
595,3,660,1023,50,50,1,-1,-1,-1
596,1,356,1071,50,50,1,-1,-1,-1
596,2,640,1033,50,50,1,-1,-1,-1
596,3,664,1024,50,50,1,-1,-1,-1
597,1,357,1071,50,50,1,-1,-1,-1
597,2,641,1032,50,50,1,-1,-1,-1
597,3,664,1024,50,50,1,-1,-1,-1
598,1,357,1073,50,50,1,-1,-1,-1
598,2,642,1033,50,50,1,-1,-1,-1
598,3,663,1027,50,50,1,-1,-1,-1
599,1,359,1073,50,50,1,-1,-1,-1
599,2,646,1026,50,50,1,-1,-1,-1
599,3,664,1028,50,50,1,-1,-1,-1
600,1,361,1075,50,50,1,-1,-1,-1
600,2,644,1038,50,50,1,-1,-1,-1
600,3,656,1027,50,50,1,-1,-1,-1
601,1,365,1077,50,50,1,-1,-1,-1
601,2,646,1042,50,50,1,-1,-1,-1
601,3,656,1031,50,50,1,-1,-1,-1
602,1,370,1082,50,50,1,-1,-1,-1
602,2,388,1079,50,50,1,-1,-1,-1
602,3,657,1039,50,50,1,-1,-1,-1
603,1,374,1091,50,50,1,-1,-1,-1
603,2,359,1091,50,50,1,-1,-1,-1
603,3,659,1048,50,50,1,-1,-1,-1
604,1,381,1106,50,50,1,-1,-1,-1
604,2,374,1122,50,50,1,-1,-1,-1
604,3,663,1060,50,50,1,-1,-1,-1
605,1,381,1127,50,50,1,-1,-1,-1
605,2,423,1118,50,50,1,-1,-1,-1
605,3,642,1117,50,50,1,-1,-1,-1
