2,1,611,1141,50,50,1,-1,-1,-1
2,2,470,1061,50,50,1,-1,-1,-1
2,3,607,1117,50,50,1,-1,-1,-1
3,1,598,1123,50,50,1,-1,-1,-1
3,2,469,1060,50,50,1,-1,-1,-1
3,3,607,1120,50,50,1,-1,-1,-1
4,1,595,1125,50,50,1,-1,-1,-1
4,2,469,1059,50,50,1,-1,-1,-1
4,3,602,1129,50,50,1,-1,-1,-1
5,1,596,1133,50,50,1,-1,-1,-1
5,2,469,1059,50,50,1,-1,-1,-1
5,3,591,1129,50,50,1,-1,-1,-1
6,1,594,1161,50,50,1,-1,-1,-1
6,2,470,1061,50,50,1,-1,-1,-1
6,3,584,1136,50,50,1,-1,-1,-1
7,1,578,1188,50,50,1,-1,-1,-1
7,2,469,1063,50,50,1,-1,-1,-1
7,3,572,1152,50,50,1,-1,-1,-1
8,1,590,1165,50,50,1,-1,-1,-1
8,2,469,1067,50,50,1,-1,-1,-1
8,3,574,1183,50,50,1,-1,-1,-1
9,1,583,1150,50,50,1,-1,-1,-1
9,2,471,1075,50,50,1,-1,-1,-1
9,3,569,1171,50,50,1,-1,-1,-1
10,1,569,1150,50,50,1,-1,-1,-1
10,2,477,1089,50,50,1,-1,-1,-1
10,3,562,1114,50,50,1,-1,-1,-1
11,1,575,1101,50,50,1,-1,-1,-1
11,2,481,1112,50,50,1,-1,-1,-1
11,3,570,1066,50,50,1,-1,-1,-1
12,1,564,1048,50,50,1,-1,-1,-1
12,2,485,1135,50,50,1,-1,-1,-1
12,3,557,1028,50,50,1,-1,-1,-1
13,1,557,999,50,50,1,-1,-1,-1
13,2,489,1161,50,50,1,-1,-1,-1
13,3,573,943,50,50,1,-1,-1,-1
14,1,565,973,50,50,1,-1,-1,-1
14,2,494,1185,50,50,1,-1,-1,-1
14,3,575,896,50,50,1,-1,-1,-1
15,1,581,932,50,50,1,-1,-1,-1
15,2,497,1188,50,50,1,-1,-1,-1
15,3,575,866,50,50,1,-1,-1,-1
16,1,619,921,50,50,1,-1,-1,-1
16,2,489,1186,50,50,1,-1,-1,-1
16,3,578,824,50,50,1,-1,-1,-1
17,1,647,939,50,50,1,-1,-1,-1
17,2,493,1186,50,50,1,-1,-1,-1
17,3,592,778,50,50,1,-1,-1,-1
18,1,652,949,50,50,1,-1,-1,-1
18,2,499,1176,50,50,1,-1,-1,-1
18,3,588,734,50,50,1,-1,-1,-1
19,1,627,964,50,50,1,-1,-1,-1
19,2,507,1163,50,50,1,-1,-1,-1
19,3,575,704,50,50,1,-1,-1,-1
20,1,627,986,50,50,1,-1,-1,-1
20,2,507,1123,50,50,1,-1,-1,-1
20,3,578,686,50,50,1,-1,-1,-1
21,1,622,988,50,50,1,-1,-1,-1
21,2,452,1064,50,50,1,-1,-1,-1
21,3,584,670,50,50,1,-1,-1,-1
22,1,613,977,50,50,1,-1,-1,-1
22,2,468,968,50,50,1,-1,-1,-1
22,3,591,659,50,50,1,-1,-1,-1
23,1,587,976,50,50,1,-1,-1,-1
23,2,460,907,50,50,1,-1,-1,-1
23,3,598,655,50,50,1,-1,-1,-1
24,1,562,976,50,50,1,-1,-1,-1
24,2,453,859,50,50,1,-1,-1,-1
24,3,603,657,50,50,1,-1,-1,-1
25,1,544,978,50,50,1,-1,-1,-1
25,2,446,811,50,50,1,-1,-1,-1
25,3,610,665,50,50,1,-1,-1,-1
26,1,532,977,50,50,1,-1,-1,-1
26,2,439,770,50,50,1,-1,-1,-1
26,3,620,692,50,50,1,-1,-1,-1
27,1,523,985,50,50,1,-1,-1,-1
27,2,432,735,50,50,1,-1,-1,-1
27,3,633,728,50,50,1,-1,-1,-1
28,1,523,1003,50,50,1,-1,-1,-1
28,2,426,705,50,50,1,-1,-1,-1
28,3,641,749,50,50,1,-1,-1,-1
29,1,522,1024,50,50,1,-1,-1,-1
29,2,420,681,50,50,1,-1,-1,-1
29,3,638,766,50,50,1,-1,-1,-1
30,1,519,1049,50,50,1,-1,-1,-1
30,2,415,663,50,50,1,-1,-1,-1
30,3,645,802,50,50,1,-1,-1,-1
31,1,524,1082,50,50,1,-1,-1,-1
31,2,409,651,50,50,1,-1,-1,-1
31,3,652,843,50,50,1,-1,-1,-1
32,1,532,1116,50,50,1,-1,-1,-1
32,2,404,644,50,50,1,-1,-1,-1
32,3,660,889,50,50,1,-1,-1,-1
33,1,534,1144,50,50,1,-1,-1,-1
33,2,400,643,50,50,1,-1,-1,-1
33,3,668,930,50,50,1,-1,-1,-1
34,1,532,1154,50,50,1,-1,-1,-1
34,2,395,648,50,50,1,-1,-1,-1
34,3,677,951,50,50,1,-1,-1,-1
35,1,538,1160,50,50,1,-1,-1,-1
35,2,391,658,50,50,1,-1,-1,-1
35,3,689,961,50,50,1,-1,-1,-1
36,1,531,1129,50,50,1,-1,-1,-1
36,2,387,674,50,50,1,-1,-1,-1
36,3,668,972,50,50,1,-1,-1,-1
37,1,535,1050,50,50,1,-1,-1,-1
37,2,384,696,50,50,1,-1,-1,-1
37,3,663,988,50,50,1,-1,-1,-1
38,1,513,960,50,50,1,-1,-1,-1
38,2,381,723,50,50,1,-1,-1,-1
38,3,660,1008,50,50,1,-1,-1,-1
39,1,506,905,50,50,1,-1,-1,-1
39,2,377,757,50,50,1,-1,-1,-1
39,3,653,1032,50,50,1,-1,-1,-1
40,1,497,852,50,50,1,-1,-1,-1
40,2,375,796,50,50,1,-1,-1,-1
40,3,645,1062,50,50,1,-1,-1,-1
41,1,490,803,50,50,1,-1,-1,-1
41,2,372,842,50,50,1,-1,-1,-1
41,3,639,1103,50,50,1,-1,-1,-1
42,1,483,761,50,50,1,-1,-1,-1
42,2,370,894,50,50,1,-1,-1,-1
42,3,630,1130,50,50,1,-1,-1,-1
43,1,476,725,50,50,1,-1,-1,-1
43,2,367,931,50,50,1,-1,-1,-1
43,3,620,1146,50,50,1,-1,-1,-1
44,1,469,695,50,50,1,-1,-1,-1
44,2,359,956,50,50,1,-1,-1,-1
44,3,609,1164,50,50,1,-1,-1,-1
45,1,463,671,50,50,1,-1,-1,-1
45,2,352,968,50,50,1,-1,-1,-1
45,3,616,1160,50,50,1,-1,-1,-1
46,1,457,652,50,50,1,-1,-1,-1
46,2,359,981,50,50,1,-1,-1,-1
46,3,619,1117,50,50,1,-1,-1,-1
47,1,451,640,50,50,1,-1,-1,-1
47,2,383,983,50,50,1,-1,-1,-1
47,3,615,1053,50,50,1,-1,-1,-1
48,1,446,633,50,50,1,-1,-1,-1
48,2,417,976,50,50,1,-1,-1,-1
48,3,617,977,50,50,1,-1,-1,-1
49,1,441,632,50,50,1,-1,-1,-1
49,2,473,943,50,50,1,-1,-1,-1
49,3,614,926,50,50,1,-1,-1,-1
50,1,436,637,50,50,1,-1,-1,-1
50,2,505,939,50,50,1,-1,-1,-1
50,3,612,878,50,50,1,-1,-1,-1
51,1,432,646,50,50,1,-1,-1,-1
51,2,514,943,50,50,1,-1,-1,-1
51,3,611,833,50,50,1,-1,-1,-1
52,1,428,662,50,50,1,-1,-1,-1
52,2,495,937,50,50,1,-1,-1,-1
52,3,611,794,50,50,1,-1,-1,-1
53,1,424,683,50,50,1,-1,-1,-1
53,2,465,944,50,50,1,-1,-1,-1
53,3,610,760,50,50,1,-1,-1,-1
54,1,420,709,50,50,1,-1,-1,-1
54,2,444,942,50,50,1,-1,-1,-1
54,3,610,733,50,50,1,-1,-1,-1
55,1,417,741,50,50,1,-1,-1,-1
55,2,461,927,50,50,1,-1,-1,-1
55,3,610,710,50,50,1,-1,-1,-1
56,1,414,778,50,50,1,-1,-1,-1
56,2,468,939,50,50,1,-1,-1,-1
56,3,611,694,50,50,1,-1,-1,-1
57,1,412,821,50,50,1,-1,-1,-1
57,2,455,937,50,50,1,-1,-1,-1
57,3,612,683,50,50,1,-1,-1,-1
58,1,410,870,50,50,1,-1,-1,-1
58,2,440,925,50,50,1,-1,-1,-1
58,3,613,678,50,50,1,-1,-1,-1
59,1,408,916,50,50,1,-1,-1,-1
59,2,437,926,50,50,1,-1,-1,-1
59,3,614,679,50,50,1,-1,-1,-1
60,1,405,949,50,50,1,-1,-1,-1
60,2,411,941,50,50,1,-1,-1,-1
60,3,616,684,50,50,1,-1,-1,-1
61,1,410,957,50,50,1,-1,-1,-1
61,2,393,953,50,50,1,-1,-1,-1
61,3,618,696,50,50,1,-1,-1,-1
62,1,410,980,50,50,1,-1,-1,-1
62,2,392,991,50,50,1,-1,-1,-1
62,3,621,713,50,50,1,-1,-1,-1
63,1,425,1009,50,50,1,-1,-1,-1
63,2,529,1055,50,50,1,-1,-1,-1
63,3,624,736,50,50,1,-1,-1,-1
64,1,441,1043,50,50,1,-1,-1,-1
64,2,586,973,50,50,1,-1,-1,-1
64,3,627,764,50,50,1,-1,-1,-1
65,1,460,1067,50,50,1,-1,-1,-1
65,2,633,822,50,50,1,-1,-1,-1
65,3,630,799,50,50,1,-1,-1,-1
66,1,479,1123,50,50,1,-1,-1,-1
66,2,648,853,50,50,1,-1,-1,-1
66,3,634,839,50,50,1,-1,-1,-1
67,1,484,1181,50,50,1,-1,-1,-1
67,2,649,944,50,50,1,-1,-1,-1
67,3,638,882,50,50,1,-1,-1,-1
68,1,495,1177,50,50,1,-1,-1,-1
68,2,603,970,50,50,1,-1,-1,-1
68,3,640,930,50,50,1,-1,-1,-1
69,1,503,1155,50,50,1,-1,-1,-1
69,2,632,947,50,50,1,-1,-1,-1
69,3,656,953,50,50,1,-1,-1,-1
70,1,502,1127,50,50,1,-1,-1,-1
70,2,681,975,50,50,1,-1,-1,-1
70,3,672,972,50,50,1,-1,-1,-1
71,1,481,1079,50,50,1,-1,-1,-1
71,2,495,1070,50,50,1,-1,-1,-1
71,3,649,964,50,50,1,-1,-1,-1
72,1,464,965,50,50,1,-1,-1,-1
72,2,495,975,50,50,1,-1,-1,-1
72,3,619,957,50,50,1,-1,-1,-1
73,1,459,912,50,50,1,-1,-1,-1
73,2,575,682,50,50,1,-1,-1,-1
73,3,578,963,50,50,1,-1,-1,-1
74,1,459,877,50,50,1,-1,-1,-1
74,2,574,645,50,50,1,-1,-1,-1
74,3,547,969,50,50,1,-1,-1,-1
75,1,452,836,50,50,1,-1,-1,-1
75,2,582,670,50,50,1,-1,-1,-1
75,3,523,975,50,50,1,-1,-1,-1
76,1,444,787,50,50,1,-1,-1,-1
76,2,587,674,50,50,1,-1,-1,-1
76,3,504,985,50,50,1,-1,-1,-1
77,1,433,732,50,50,1,-1,-1,-1
77,2,586,671,50,50,1,-1,-1,-1
77,3,490,990,50,50,1,-1,-1,-1
78,1,426,701,50,50,1,-1,-1,-1
78,2,591,687,50,50,1,-1,-1,-1
78,3,482,998,50,50,1,-1,-1,-1
79,1,421,676,50,50,1,-1,-1,-1
79,2,596,708,50,50,1,-1,-1,-1
79,3,483,1032,50,50,1,-1,-1,-1
80,1,415,657,50,50,1,-1,-1,-1
80,2,602,735,50,50,1,-1,-1,-1
80,3,478,1075,50,50,1,-1,-1,-1
81,1,410,643,50,50,1,-1,-1,-1
81,2,607,767,50,50,1,-1,-1,-1
81,3,487,1122,50,50,1,-1,-1,-1
82,1,405,635,50,50,1,-1,-1,-1
82,2,613,805,50,50,1,-1,-1,-1
82,3,499,1135,50,50,1,-1,-1,-1
83,1,401,633,50,50,1,-1,-1,-1
83,2,620,848,50,50,1,-1,-1,-1
83,3,508,1146,50,50,1,-1,-1,-1
84,1,397,635,50,50,1,-1,-1,-1
84,2,625,894,50,50,1,-1,-1,-1
84,3,511,1162,50,50,1,-1,-1,-1
85,1,393,644,50,50,1,-1,-1,-1
85,2,635,939,50,50,1,-1,-1,-1
85,3,488,1178,50,50,1,-1,-1,-1
86,1,389,658,50,50,1,-1,-1,-1
86,2,655,964,50,50,1,-1,-1,-1
86,3,477,1149,50,50,1,-1,-1,-1
87,1,386,678,50,50,1,-1,-1,-1
87,2,653,983,50,50,1,-1,-1,-1
87,3,483,1111,50,50,1,-1,-1,-1
88,1,383,703,50,50,1,-1,-1,-1
88,2,633,1008,50,50,1,-1,-1,-1
88,3,509,1047,50,50,1,-1,-1,-1
89,1,380,733,50,50,1,-1,-1,-1
89,2,617,1046,50,50,1,-1,-1,-1
89,3,509,973,50,50,1,-1,-1,-1
90,1,378,770,50,50,1,-1,-1,-1
90,2,621,1093,50,50,1,-1,-1,-1
90,3,468,904,50,50,1,-1,-1,-1
91,1,376,812,50,50,1,-1,-1,-1
91,2,625,1149,50,50,1,-1,-1,-1
91,3,386,832,50,50,1,-1,-1,-1
92,1,374,861,50,50,1,-1,-1,-1
92,2,620,1145,50,50,1,-1,-1,-1
92,3,388,872,50,50,1,-1,-1,-1
93,1,372,914,50,50,1,-1,-1,-1
93,2,616,1159,50,50,1,-1,-1,-1
93,3,384,930,50,50,1,-1,-1,-1
94,1,372,945,50,50,1,-1,-1,-1
94,2,623,1172,50,50,1,-1,-1,-1
94,3,382,947,50,50,1,-1,-1,-1
95,1,368,970,50,50,1,-1,-1,-1
95,2,609,1163,50,50,1,-1,-1,-1
95,3,445,735,50,50,1,-1,-1,-1
96,1,379,977,50,50,1,-1,-1,-1
96,2,597,1123,50,50,1,-1,-1,-1
96,3,421,693,50,50,1,-1,-1,-1
97,1,395,970,50,50,1,-1,-1,-1
97,2,585,1053,50,50,1,-1,-1,-1
97,3,428,687,50,50,1,-1,-1,-1
98,1,399,966,50,50,1,-1,-1,-1
98,2,582,980,50,50,1,-1,-1,-1
98,3,432,690,50,50,1,-1,-1,-1
99,1,438,952,50,50,1,-1,-1,-1
99,2,608,908,50,50,1,-1,-1,-1
99,3,419,676,50,50,1,-1,-1,-1
100,1,474,941,50,50,1,-1,-1,-1
100,2,606,853,50,50,1,-1,-1,-1
100,3,406,669,50,50,1,-1,-1,-1
101,1,509,963,50,50,1,-1,-1,-1
101,2,605,802,50,50,1,-1,-1,-1
101,3,401,678,50,50,1,-1,-1,-1
102,1,563,994,50,50,1,-1,-1,-1
102,2,604,754,50,50,1,-1,-1,-1
102,3,396,694,50,50,1,-1,-1,-1
103,1,600,1027,50,50,1,-1,-1,-1
103,2,603,717,50,50,1,-1,-1,-1
103,3,391,716,50,50,1,-1,-1,-1
104,1,602,1045,50,50,1,-1,-1,-1
104,2,603,684,50,50,1,-1,-1,-1
104,3,386,745,50,50,1,-1,-1,-1
105,1,584,1012,50,50,1,-1,-1,-1
105,2,603,654,50,50,1,-1,-1,-1
105,3,399,779,50,50,1,-1,-1,-1
106,1,585,1042,50,50,1,-1,-1,-1
106,2,604,634,50,50,1,-1,-1,-1
106,3,397,816,50,50,1,-1,-1,-1
107,1,578,1090,50,50,1,-1,-1,-1
107,2,605,618,50,50,1,-1,-1,-1
107,3,395,858,50,50,1,-1,-1,-1
108,1,570,1151,50,50,1,-1,-1,-1
108,2,606,607,50,50,1,-1,-1,-1
108,3,393,908,50,50,1,-1,-1,-1
109,1,572,1185,50,50,1,-1,-1,-1
109,2,609,602,50,50,1,-1,-1,-1
109,3,397,976,50,50,1,-1,-1,-1
110,1,572,1185,50,50,1,-1,-1,-1
110,2,609,602,50,50,1,-1,-1,-1
110,3,397,976,50,50,1,-1,-1,-1
111,1,564,1161,50,50,1,-1,-1,-1
111,2,611,608,50,50,1,-1,-1,-1
111,3,397,994,50,50,1,-1,-1,-1
112,1,548,1122,50,50,1,-1,-1,-1
112,2,602,633,50,50,1,-1,-1,-1
112,3,395,1047,50,50,1,-1,-1,-1
113,1,543,1085,50,50,1,-1,-1,-1
113,2,613,656,50,50,1,-1,-1,-1
113,3,395,1047,50,50,1,-1,-1,-1
114,1,544,1073,50,50,1,-1,-1,-1
114,2,627,672,50,50,1,-1,-1,-1
114,3,434,1072,50,50,1,-1,-1,-1
115,1,561,1012,50,50,1,-1,-1,-1
115,2,625,722,50,50,1,-1,-1,-1
115,3,491,1137,50,50,1,-1,-1,-1
116,1,593,938,50,50,1,-1,-1,-1
116,2,625,744,50,50,1,-1,-1,-1
116,3,483,1154,50,50,1,-1,-1,-1
117,1,599,920,50,50,1,-1,-1,-1
117,2,629,762,50,50,1,-1,-1,-1
117,3,487,1162,50,50,1,-1,-1,-1
118,1,587,932,50,50,1,-1,-1,-1
118,2,638,859,50,50,1,-1,-1,-1
118,3,493,1165,50,50,1,-1,-1,-1
119,1,627,919,50,50,1,-1,-1,-1
119,2,651,975,50,50,1,-1,-1,-1
119,3,484,1163,50,50,1,-1,-1,-1
120,1,681,938,50,50,1,-1,-1,-1
120,2,651,975,50,50,1,-1,-1,-1
120,3,471,1159,50,50,1,-1,-1,-1
121,1,564,734,50,50,1,-1,-1,-1
121,2,658,938,50,50,1,-1,-1,-1
121,3,461,1015,50,50,1,-1,-1,-1
122,1,553,714,50,50,1,-1,-1,-1
122,2,644,942,50,50,1,-1,-1,-1
122,3,454,955,50,50,1,-1,-1,-1
123,1,564,723,50,50,1,-1,-1,-1
123,2,644,942,50,50,1,-1,-1,-1
123,3,455,955,50,50,1,-1,-1,-1
124,1,572,717,50,50,1,-1,-1,-1
124,2,597,941,50,50,1,-1,-1,-1
124,3,462,943,50,50,1,-1,-1,-1
125,1,572,709,50,50,1,-1,-1,-1
125,2,530,962,50,50,1,-1,-1,-1
125,3,460,947,50,50,1,-1,-1,-1
126,1,557,718,50,50,1,-1,-1,-1
126,2,488,964,50,50,1,-1,-1,-1
126,3,486,958,50,50,1,-1,-1,-1
127,1,577,740,50,50,1,-1,-1,-1
127,2,497,976,50,50,1,-1,-1,-1
127,3,540,963,50,50,1,-1,-1,-1
128,1,592,771,50,50,1,-1,-1,-1
128,2,549,996,50,50,1,-1,-1,-1
128,3,595,939,50,50,1,-1,-1,-1
129,1,608,810,50,50,1,-1,-1,-1
129,2,556,985,50,50,1,-1,-1,-1
129,3,613,941,50,50,1,-1,-1,-1
130,1,610,848,50,50,1,-1,-1,-1
130,2,567,963,50,50,1,-1,-1,-1
130,3,631,947,50,50,1,-1,-1,-1
131,1,618,889,50,50,1,-1,-1,-1
131,2,591,959,50,50,1,-1,-1,-1
131,3,614,957,50,50,1,-1,-1,-1
132,1,623,943,50,50,1,-1,-1,-1
132,2,621,970,50,50,1,-1,-1,-1
132,3,613,914,50,50,1,-1,-1,-1
133,1,620,962,50,50,1,-1,-1,-1
133,2,653,985,50,50,1,-1,-1,-1
133,3,581,977,50,50,1,-1,-1,-1
134,1,607,975,50,50,1,-1,-1,-1
134,2,649,988,50,50,1,-1,-1,-1
134,3,487,1127,50,50,1,-1,-1,-1
135,1,651,1011,50,50,1,-1,-1,-1
135,2,631,1000,50,50,1,-1,-1,-1
135,3,489,1149,50,50,1,-1,-1,-1
136,1,491,1054,50,50,1,-1,-1,-1
136,2,628,1021,50,50,1,-1,-1,-1
136,3,508,1092,50,50,1,-1,-1,-1
137,1,457,1034,50,50,1,-1,-1,-1
137,2,624,1043,50,50,1,-1,-1,-1
137,3,480,996,50,50,1,-1,-1,-1
138,1,495,1002,50,50,1,-1,-1,-1
138,2,615,1066,50,50,1,-1,-1,-1
138,3,475,944,50,50,1,-1,-1,-1
139,1,489,957,50,50,1,-1,-1,-1
139,2,608,1092,50,50,1,-1,-1,-1
139,3,485,909,50,50,1,-1,-1,-1
140,1,447,933,50,50,1,-1,-1,-1
140,2,595,1120,50,50,1,-1,-1,-1
140,3,473,859,50,50,1,-1,-1,-1
141,1,371,927,50,50,1,-1,-1,-1
141,2,610,1146,50,50,1,-1,-1,-1
141,3,463,797,50,50,1,-1,-1,-1
142,1,340,945,50,50,1,-1,-1,-1
142,2,605,1151,50,50,1,-1,-1,-1
142,3,459,760,50,50,1,-1,-1,-1
143,1,330,971,50,50,1,-1,-1,-1
143,2,588,1154,50,50,1,-1,-1,-1
143,3,455,729,50,50,1,-1,-1,-1
144,1,333,979,50,50,1,-1,-1,-1
144,2,588,1141,50,50,1,-1,-1,-1
144,3,451,703,50,50,1,-1,-1,-1
145,1,339,973,50,50,1,-1,-1,-1
145,2,585,1101,50,50,1,-1,-1,-1
145,3,448,683,50,50,1,-1,-1,-1
146,1,350,978,50,50,1,-1,-1,-1
146,2,584,1049,50,50,1,-1,-1,-1
146,3,445,669,50,50,1,-1,-1,-1
147,1,381,974,50,50,1,-1,-1,-1
147,2,577,995,50,50,1,-1,-1,-1
147,3,442,660,50,50,1,-1,-1,-1
148,1,453,947,50,50,1,-1,-1,-1
148,2,579,931,50,50,1,-1,-1,-1
148,3,440,657,50,50,1,-1,-1,-1
149,1,573,933,50,50,1,-1,-1,-1
149,2,596,874,50,50,1,-1,-1,-1
149,3,438,659,50,50,1,-1,-1,-1
150,1,589,910,50,50,1,-1,-1,-1
150,2,607,821,50,50,1,-1,-1,-1
150,3,436,667,50,50,1,-1,-1,-1
151,1,570,943,50,50,1,-1,-1,-1
151,2,603,765,50,50,1,-1,-1,-1
151,3,434,680,50,50,1,-1,-1,-1
152,1,595,1012,50,50,1,-1,-1,-1
152,2,602,733,50,50,1,-1,-1,-1
152,3,433,700,50,50,1,-1,-1,-1
153,1,598,1036,50,50,1,-1,-1,-1
153,2,603,707,50,50,1,-1,-1,-1
153,3,432,725,50,50,1,-1,-1,-1
154,1,597,1008,50,50,1,-1,-1,-1
154,2,605,686,50,50,1,-1,-1,-1
154,3,431,755,50,50,1,-1,-1,-1
155,1,602,1037,50,50,1,-1,-1,-1
155,2,607,670,50,50,1,-1,-1,-1
155,3,431,792,50,50,1,-1,-1,-1
156,1,606,1069,50,50,1,-1,-1,-1
156,2,609,660,50,50,1,-1,-1,-1
156,3,431,834,50,50,1,-1,-1,-1
157,1,575,1119,50,50,1,-1,-1,-1
157,2,612,656,50,50,1,-1,-1,-1
157,3,432,883,50,50,1,-1,-1,-1
158,1,576,1182,50,50,1,-1,-1,-1
158,2,615,657,50,50,1,-1,-1,-1
158,3,433,934,50,50,1,-1,-1,-1
159,1,577,1183,50,50,1,-1,-1,-1
159,2,618,664,50,50,1,-1,-1,-1
159,3,435,965,50,50,1,-1,-1,-1
160,1,561,1163,50,50,1,-1,-1,-1
160,2,622,676,50,50,1,-1,-1,-1
160,3,435,990,50,50,1,-1,-1,-1
161,1,551,1125,50,50,1,-1,-1,-1
161,2,625,694,50,50,1,-1,-1,-1
161,3,439,1013,50,50,1,-1,-1,-1
162,1,542,1071,50,50,1,-1,-1,-1
162,2,630,717,50,50,1,-1,-1,-1
162,3,446,1040,50,50,1,-1,-1,-1
163,1,539,1021,50,50,1,-1,-1,-1
163,2,634,747,50,50,1,-1,-1,-1
163,3,464,1070,50,50,1,-1,-1,-1
164,1,535,972,50,50,1,-1,-1,-1
164,2,639,781,50,50,1,-1,-1,-1
164,3,489,1110,50,50,1,-1,-1,-1
165,1,555,955,50,50,1,-1,-1,-1
165,2,645,822,50,50,1,-1,-1,-1
165,3,495,1159,50,50,1,-1,-1,-1
166,1,578,949,50,50,1,-1,-1,-1
166,2,650,867,50,50,1,-1,-1,-1
166,3,491,1175,50,50,1,-1,-1,-1
167,1,607,944,50,50,1,-1,-1,-1
167,2,655,915,50,50,1,-1,-1,-1
167,3,489,1149,50,50,1,-1,-1,-1
168,1,561,745,50,50,1,-1,-1,-1
168,2,665,942,50,50,1,-1,-1,-1
168,3,493,1115,50,50,1,-1,-1,-1
169,1,560,717,50,50,1,-1,-1,-1
169,2,678,959,50,50,1,-1,-1,-1
169,3,475,1087,50,50,1,-1,-1,-1
170,1,561,699,50,50,1,-1,-1,-1
170,2,650,953,50,50,1,-1,-1,-1
170,3,443,1048,50,50,1,-1,-1,-1
171,1,552,674,50,50,1,-1,-1,-1
171,2,600,953,50,50,1,-1,-1,-1
171,3,432,1004,50,50,1,-1,-1,-1
172,1,559,660,50,50,1,-1,-1,-1
172,2,563,954,50,50,1,-1,-1,-1
172,3,429,946,50,50,1,-1,-1,-1
173,1,565,654,50,50,1,-1,-1,-1
173,2,538,952,50,50,1,-1,-1,-1
173,3,431,847,50,50,1,-1,-1,-1
174,1,568,655,50,50,1,-1,-1,-1
174,2,534,963,50,50,1,-1,-1,-1
174,3,414,781,50,50,1,-1,-1,-1
175,1,571,662,50,50,1,-1,-1,-1
175,2,536,974,50,50,1,-1,-1,-1
175,3,405,741,50,50,1,-1,-1,-1
176,1,572,679,50,50,1,-1,-1,-1
176,2,543,980,50,50,1,-1,-1,-1
176,3,395,707,50,50,1,-1,-1,-1
177,1,589,703,50,50,1,-1,-1,-1
177,2,551,964,50,50,1,-1,-1,-1
177,3,386,678,50,50,1,-1,-1,-1
178,1,610,738,50,50,1,-1,-1,-1
178,2,559,949,50,50,1,-1,-1,-1
178,3,377,655,50,50,1,-1,-1,-1
179,1,610,767,50,50,1,-1,-1,-1
179,2,567,936,50,50,1,-1,-1,-1
179,3,368,638,50,50,1,-1,-1,-1
180,1,606,790,50,50,1,-1,-1,-1
180,2,573,927,50,50,1,-1,-1,-1
180,3,360,627,50,50,1,-1,-1,-1
181,1,613,831,50,50,1,-1,-1,-1
181,2,585,919,50,50,1,-1,-1,-1
181,3,352,621,50,50,1,-1,-1,-1
182,1,619,877,50,50,1,-1,-1,-1
182,2,603,920,50,50,1,-1,-1,-1
182,3,344,621,50,50,1,-1,-1,-1
183,1,626,919,50,50,1,-1,-1,-1
183,2,654,934,50,50,1,-1,-1,-1
183,3,336,627,50,50,1,-1,-1,-1
184,1,625,946,50,50,1,-1,-1,-1
184,2,650,955,50,50,1,-1,-1,-1
184,3,329,639,50,50,1,-1,-1,-1
185,1,654,982,50,50,1,-1,-1,-1
185,2,637,975,50,50,1,-1,-1,-1
185,3,321,656,50,50,1,-1,-1,-1
186,1,652,1007,50,50,1,-1,-1,-1
186,2,635,1003,50,50,1,-1,-1,-1
186,3,314,680,50,50,1,-1,-1,-1
187,1,643,1038,50,50,1,-1,-1,-1
187,2,630,1036,50,50,1,-1,-1,-1
187,3,308,709,50,50,1,-1,-1,-1
188,1,641,1072,50,50,1,-1,-1,-1
188,2,611,1066,50,50,1,-1,-1,-1
188,3,302,745,50,50,1,-1,-1,-1
189,1,612,1121,50,50,1,-1,-1,-1
189,2,587,1124,50,50,1,-1,-1,-1
189,3,296,786,50,50,1,-1,-1,-1
190,1,584,1168,50,50,1,-1,-1,-1
190,2,603,1177,50,50,1,-1,-1,-1
190,3,290,835,50,50,1,-1,-1,-1
191,1,581,1172,50,50,1,-1,-1,-1
191,2,607,1178,50,50,1,-1,-1,-1
191,3,285,882,50,50,1,-1,-1,-1
192,1,594,1163,50,50,1,-1,-1,-1
192,2,607,1150,50,50,1,-1,-1,-1
192,3,277,908,50,50,1,-1,-1,-1
193,1,609,1159,50,50,1,-1,-1,-1
193,2,590,1143,50,50,1,-1,-1,-1
193,3,282,898,50,50,1,-1,-1,-1
194,1,605,1096,50,50,1,-1,-1,-1
194,2,594,1123,50,50,1,-1,-1,-1
194,3,300,899,50,50,1,-1,-1,-1
195,1,601,1013,50,50,1,-1,-1,-1
195,2,572,1067,50,50,1,-1,-1,-1
195,3,335,897,50,50,1,-1,-1,-1
196,1,603,949,50,50,1,-1,-1,-1
196,2,558,998,50,50,1,-1,-1,-1
196,3,382,899,50,50,1,-1,-1,-1
197,1,592,907,50,50,1,-1,-1,-1
197,2,557,968,50,50,1,-1,-1,-1
197,3,433,908,50,50,1,-1,-1,-1
198,1,583,877,50,50,1,-1,-1,-1
198,2,565,959,50,50,1,-1,-1,-1
198,3,469,912,50,50,1,-1,-1,-1
199,1,583,828,50,50,1,-1,-1,-1
199,2,563,955,50,50,1,-1,-1,-1
199,3,512,927,50,50,1,-1,-1,-1
200,1,596,765,50,50,1,-1,-1,-1
200,2,579,915,50,50,1,-1,-1,-1
200,3,546,940,50,50,1,-1,-1,-1
201,1,598,728,50,50,1,-1,-1,-1
201,2,601,745,50,50,1,-1,-1,-1
201,3,565,948,50,50,1,-1,-1,-1
202,1,600,697,50,50,1,-1,-1,-1
202,2,605,713,50,50,1,-1,-1,-1
202,3,566,972,50,50,1,-1,-1,-1
203,1,603,672,50,50,1,-1,-1,-1
203,2,608,687,50,50,1,-1,-1,-1
203,3,569,1002,50,50,1,-1,-1,-1
204,1,606,652,50,50,1,-1,-1,-1
204,2,611,667,50,50,1,-1,-1,-1
204,3,569,1040,50,50,1,-1,-1,-1
205,1,610,639,50,50,1,-1,-1,-1
205,2,615,652,50,50,1,-1,-1,-1
205,3,566,1089,50,50,1,-1,-1,-1
206,1,613,631,50,50,1,-1,-1,-1
206,2,619,643,50,50,1,-1,-1,-1
206,3,568,1142,50,50,1,-1,-1,-1
207,1,617,628,50,50,1,-1,-1,-1
207,2,622,641,50,50,1,-1,-1,-1
207,3,584,1191,50,50,1,-1,-1,-1
208,1,622,632,50,50,1,-1,-1,-1
208,2,627,645,50,50,1,-1,-1,-1
208,3,585,1189,50,50,1,-1,-1,-1
209,1,626,640,50,50,1,-1,-1,-1
209,2,632,653,50,50,1,-1,-1,-1
209,3,591,1169,50,50,1,-1,-1,-1
210,1,631,655,50,50,1,-1,-1,-1
210,2,638,668,50,50,1,-1,-1,-1
210,3,561,1138,50,50,1,-1,-1,-1
211,1,637,675,50,50,1,-1,-1,-1
211,2,643,689,50,50,1,-1,-1,-1
211,3,537,1074,50,50,1,-1,-1,-1
212,1,642,702,50,50,1,-1,-1,-1
212,2,650,718,50,50,1,-1,-1,-1
212,3,536,1016,50,50,1,-1,-1,-1
213,1,648,734,50,50,1,-1,-1,-1
213,2,656,752,50,50,1,-1,-1,-1
213,3,534,973,50,50,1,-1,-1,-1
214,1,655,772,50,50,1,-1,-1,-1
214,2,660,791,50,50,1,-1,-1,-1
214,3,550,950,50,50,1,-1,-1,-1
215,1,662,816,50,50,1,-1,-1,-1
215,2,669,836,50,50,1,-1,-1,-1
215,3,580,939,50,50,1,-1,-1,-1
216,1,669,867,50,50,1,-1,-1,-1
216,2,682,886,50,50,1,-1,-1,-1
216,3,607,934,50,50,1,-1,-1,-1
217,1,675,905,50,50,1,-1,-1,-1
217,2,705,916,50,50,1,-1,-1,-1
217,3,637,993,50,50,1,-1,-1,-1
218,1,684,929,50,50,1,-1,-1,-1
218,2,572,720,50,50,1,-1,-1,-1
218,3,501,1097,50,50,1,-1,-1,-1
219,1,676,932,50,50,1,-1,-1,-1
219,2,554,675,50,50,1,-1,-1,-1
219,3,458,1079,50,50,1,-1,-1,-1
220,1,626,934,50,50,1,-1,-1,-1
220,2,578,679,50,50,1,-1,-1,-1
220,3,439,1026,50,50,1,-1,-1,-1
221,1,583,947,50,50,1,-1,-1,-1
221,2,576,663,50,50,1,-1,-1,-1
221,3,436,967,50,50,1,-1,-1,-1
222,1,549,955,50,50,1,-1,-1,-1
222,2,571,629,50,50,1,-1,-1,-1
222,3,440,888,50,50,1,-1,-1,-1
223,1,522,970,50,50,1,-1,-1,-1
223,2,587,623,50,50,1,-1,-1,-1
223,3,429,810,50,50,1,-1,-1,-1
224,1,498,981,50,50,1,-1,-1,-1
224,2,587,643,50,50,1,-1,-1,-1
224,3,421,768,50,50,1,-1,-1,-1
225,1,468,983,50,50,1,-1,-1,-1
225,2,595,668,50,50,1,-1,-1,-1
225,3,411,730,50,50,1,-1,-1,-1
226,1,495,1020,50,50,1,-1,-1,-1
226,2,599,684,50,50,1,-1,-1,-1
226,3,403,698,50,50,1,-1,-1,-1
227,1,501,1065,50,50,1,-1,-1,-1
227,2,602,688,50,50,1,-1,-1,-1
227,3,394,671,50,50,1,-1,-1,-1
228,1,504,1112,50,50,1,-1,-1,-1
228,2,608,714,50,50,1,-1,-1,-1
228,3,386,651,50,50,1,-1,-1,-1
229,1,497,1152,50,50,1,-1,-1,-1
229,2,614,746,50,50,1,-1,-1,-1
229,3,378,635,50,50,1,-1,-1,-1
230,1,479,1177,50,50,1,-1,-1,-1
230,2,620,783,50,50,1,-1,-1,-1
230,3,370,626,50,50,1,-1,-1,-1
231,1,496,1184,50,50,1,-1,-1,-1
231,2,627,826,50,50,1,-1,-1,-1
231,3,363,623,50,50,1,-1,-1,-1
232,1,496,1183,50,50,1,-1,-1,-1
232,2,634,874,50,50,1,-1,-1,-1
232,3,356,625,50,50,1,-1,-1,-1
233,1,486,1166,50,50,1,-1,-1,-1
233,2,641,916,50,50,1,-1,-1,-1
233,3,349,633,50,50,1,-1,-1,-1
234,1,487,1126,50,50,1,-1,-1,-1
234,2,646,946,50,50,1,-1,-1,-1
234,3,342,646,50,50,1,-1,-1,-1
235,1,500,1056,50,50,1,-1,-1,-1
235,2,650,970,50,50,1,-1,-1,-1
235,3,336,665,50,50,1,-1,-1,-1
236,1,471,947,50,50,1,-1,-1,-1
236,2,646,1005,50,50,1,-1,-1,-1
236,3,330,690,50,50,1,-1,-1,-1
237,1,462,895,50,50,1,-1,-1,-1
237,2,636,1042,50,50,1,-1,-1,-1
237,3,325,720,50,50,1,-1,-1,-1
238,1,466,868,50,50,1,-1,-1,-1
238,2,605,1081,50,50,1,-1,-1,-1
238,3,319,756,50,50,1,-1,-1,-1
239,1,452,791,50,50,1,-1,-1,-1
239,2,612,1141,50,50,1,-1,-1,-1
239,3,314,798,50,50,1,-1,-1,-1
240,1,447,751,50,50,1,-1,-1,-1
240,2,598,1173,50,50,1,-1,-1,-1
240,3,310,846,50,50,1,-1,-1,-1
241,1,449,730,50,50,1,-1,-1,-1
241,2,593,1176,50,50,1,-1,-1,-1
241,3,306,896,50,50,1,-1,-1,-1
242,1,443,699,50,50,1,-1,-1,-1
242,2,590,1166,50,50,1,-1,-1,-1
242,3,299,935,50,50,1,-1,-1,-1
243,1,431,658,50,50,1,-1,-1,-1
243,2,590,1132,50,50,1,-1,-1,-1
243,3,305,951,50,50,1,-1,-1,-1
244,1,413,633,50,50,1,-1,-1,-1
244,2,589,1082,50,50,1,-1,-1,-1
244,3,319,949,50,50,1,-1,-1,-1
245,1,414,614,50,50,1,-1,-1,-1
245,2,562,988,50,50,1,-1,-1,-1
245,3,346,942,50,50,1,-1,-1,-1
246,1,424,602,50,50,1,-1,-1,-1
246,2,593,909,50,50,1,-1,-1,-1
246,3,375,949,50,50,1,-1,-1,-1
247,1,407,604,50,50,1,-1,-1,-1
247,2,606,837,50,50,1,-1,-1,-1
247,3,449,921,50,50,1,-1,-1,-1
248,1,404,608,50,50,1,-1,-1,-1
248,2,595,802,50,50,1,-1,-1,-1
248,3,574,922,50,50,1,-1,-1,-1
249,1,412,614,50,50,1,-1,-1,-1
249,2,604,770,50,50,1,-1,-1,-1
249,3,565,933,50,50,1,-1,-1,-1
250,1,406,632,50,50,1,-1,-1,-1
250,2,604,732,50,50,1,-1,-1,-1
250,3,485,927,50,50,1,-1,-1,-1
251,1,392,657,50,50,1,-1,-1,-1
251,2,597,696,50,50,1,-1,-1,-1
251,3,438,931,50,50,1,-1,-1,-1
252,1,386,687,50,50,1,-1,-1,-1
252,2,599,665,50,50,1,-1,-1,-1
252,3,435,910,50,50,1,-1,-1,-1
253,1,400,722,50,50,1,-1,-1,-1
253,2,607,634,50,50,1,-1,-1,-1
253,3,434,915,50,50,1,-1,-1,-1
254,1,398,760,50,50,1,-1,-1,-1
254,2,609,616,50,50,1,-1,-1,-1
254,3,437,930,50,50,1,-1,-1,-1
255,1,397,804,50,50,1,-1,-1,-1
255,2,610,604,50,50,1,-1,-1,-1
255,3,433,937,50,50,1,-1,-1,-1
256,1,396,855,50,50,1,-1,-1,-1
256,2,612,596,50,50,1,-1,-1,-1
256,3,426,936,50,50,1,-1,-1,-1
257,1,395,907,50,50,1,-1,-1,-1
257,2,606,590,50,50,1,-1,-1,-1
257,3,420,931,50,50,1,-1,-1,-1
258,1,408,954,50,50,1,-1,-1,-1
258,2,601,583,50,50,1,-1,-1,-1
258,3,404,946,50,50,1,-1,-1,-1
259,1,427,974,50,50,1,-1,-1,-1
259,2,603,593,50,50,1,-1,-1,-1
259,3,379,961,50,50,1,-1,-1,-1
260,1,414,994,50,50,1,-1,-1,-1
260,2,616,619,50,50,1,-1,-1,-1
260,3,537,1093,50,50,1,-1,-1,-1
261,1,420,1021,50,50,1,-1,-1,-1
261,2,628,652,50,50,1,-1,-1,-1
261,3,562,1064,50,50,1,-1,-1,-1
262,1,432,1055,50,50,1,-1,-1,-1
262,2,633,679,50,50,1,-1,-1,-1
262,3,530,979,50,50,1,-1,-1,-1
263,1,453,1111,50,50,1,-1,-1,-1
263,2,628,700,50,50,1,-1,-1,-1
263,3,544,913,50,50,1,-1,-1,-1
264,1,473,1165,50,50,1,-1,-1,-1
264,2,633,737,50,50,1,-1,-1,-1
264,3,543,872,50,50,1,-1,-1,-1
265,1,484,1161,50,50,1,-1,-1,-1
265,2,639,781,50,50,1,-1,-1,-1
265,3,541,819,50,50,1,-1,-1,-1
266,1,503,1140,50,50,1,-1,-1,-1
266,2,645,830,50,50,1,-1,-1,-1
266,3,541,779,50,50,1,-1,-1,-1
267,1,499,1111,50,50,1,-1,-1,-1
267,2,649,881,50,50,1,-1,-1,-1
267,3,545,740,50,50,1,-1,-1,-1
268,1,501,1071,50,50,1,-1,-1,-1
268,2,637,910,50,50,1,-1,-1,-1
268,3,541,713,50,50,1,-1,-1,-1
269,1,491,1063,50,50,1,-1,-1,-1
269,2,467,1026,50,50,1,-1,-1,-1
269,3,541,696,50,50,1,-1,-1,-1
270,1,487,1021,50,50,1,-1,-1,-1
270,2,440,1021,50,50,1,-1,-1,-1
270,3,542,679,50,50,1,-1,-1,-1
271,1,489,963,50,50,1,-1,-1,-1
271,2,472,945,50,50,1,-1,-1,-1
271,3,543,669,50,50,1,-1,-1,-1
272,1,475,951,50,50,1,-1,-1,-1
272,2,444,869,50,50,1,-1,-1,-1
272,3,544,664,50,50,1,-1,-1,-1
273,1,455,951,50,50,1,-1,-1,-1
273,2,426,788,50,50,1,-1,-1,-1
273,3,546,665,50,50,1,-1,-1,-1
274,1,476,960,50,50,1,-1,-1,-1
274,2,415,739,50,50,1,-1,-1,-1
274,3,548,672,50,50,1,-1,-1,-1
275,1,536,970,50,50,1,-1,-1,-1
275,2,405,698,50,50,1,-1,-1,-1
275,3,550,684,50,50,1,-1,-1,-1
276,1,535,987,50,50,1,-1,-1,-1
276,2,396,663,50,50,1,-1,-1,-1
276,3,553,702,50,50,1,-1,-1,-1
277,1,525,972,50,50,1,-1,-1,-1
277,2,387,634,50,50,1,-1,-1,-1
277,3,558,723,50,50,1,-1,-1,-1
278,1,522,954,50,50,1,-1,-1,-1
278,2,379,611,50,50,1,-1,-1,-1
278,3,565,753,50,50,1,-1,-1,-1
279,1,530,943,50,50,1,-1,-1,-1
279,2,370,593,50,50,1,-1,-1,-1
279,3,569,792,50,50,1,-1,-1,-1
280,1,528,943,50,50,1,-1,-1,-1
280,2,362,581,50,50,1,-1,-1,-1
280,3,573,830,50,50,1,-1,-1,-1
281,1,525,957,50,50,1,-1,-1,-1
281,2,354,575,50,50,1,-1,-1,-1
281,3,572,881,50,50,1,-1,-1,-1
282,1,533,953,50,50,1,-1,-1,-1
282,2,346,574,50,50,1,-1,-1,-1
282,3,575,927,50,50,1,-1,-1,-1
283,1,494,1127,50,50,1,-1,-1,-1
283,2,338,579,50,50,1,-1,-1,-1
283,3,586,955,50,50,1,-1,-1,-1
284,1,485,1146,50,50,1,-1,-1,-1
284,2,331,589,50,50,1,-1,-1,-1
284,3,591,974,50,50,1,-1,-1,-1
285,1,486,1096,50,50,1,-1,-1,-1
285,2,324,606,50,50,1,-1,-1,-1
285,3,588,995,50,50,1,-1,-1,-1
286,1,500,1014,50,50,1,-1,-1,-1
286,2,317,628,50,50,1,-1,-1,-1
286,3,586,1022,50,50,1,-1,-1,-1
287,1,485,967,50,50,1,-1,-1,-1
287,2,311,655,50,50,1,-1,-1,-1
287,3,587,1056,50,50,1,-1,-1,-1
288,1,479,931,50,50,1,-1,-1,-1
288,2,304,689,50,50,1,-1,-1,-1
288,3,583,1096,50,50,1,-1,-1,-1
289,1,445,906,50,50,1,-1,-1,-1
289,2,299,730,50,50,1,-1,-1,-1
289,3,584,1142,50,50,1,-1,-1,-1
290,1,409,891,50,50,1,-1,-1,-1
290,2,293,777,50,50,1,-1,-1,-1
290,3,599,1189,50,50,1,-1,-1,-1
291,1,364,883,50,50,1,-1,-1,-1
291,2,288,830,50,50,1,-1,-1,-1
291,3,603,1191,50,50,1,-1,-1,-1
292,1,325,883,50,50,1,-1,-1,-1
292,2,283,874,50,50,1,-1,-1,-1
292,3,603,1187,50,50,1,-1,-1,-1
293,1,290,898,50,50,1,-1,-1,-1
293,2,269,901,50,50,1,-1,-1,-1
293,3,579,1172,50,50,1,-1,-1,-1
294,1,265,915,50,50,1,-1,-1,-1
294,2,275,905,50,50,1,-1,-1,-1
294,3,561,1151,50,50,1,-1,-1,-1
295,1,412,640,50,50,1,-1,-1,-1
295,2,287,915,50,50,1,-1,-1,-1
295,3,567,1117,50,50,1,-1,-1,-1
296,1,394,602,50,50,1,-1,-1,-1
296,2,311,912,50,50,1,-1,-1,-1
296,3,559,1046,50,50,1,-1,-1,-1
297,1,382,606,50,50,1,-1,-1,-1
297,2,410,915,50,50,1,-1,-1,-1
297,3,577,946,50,50,1,-1,-1,-1
298,1,386,597,50,50,1,-1,-1,-1
298,2,567,918,50,50,1,-1,-1,-1
298,3,578,891,50,50,1,-1,-1,-1
299,1,381,603,50,50,1,-1,-1,-1
299,2,592,906,50,50,1,-1,-1,-1
299,3,582,856,50,50,1,-1,-1,-1
300,1,376,615,50,50,1,-1,-1,-1
300,2,583,907,50,50,1,-1,-1,-1
300,3,586,810,50,50,1,-1,-1,-1
301,1,379,631,50,50,1,-1,-1,-1
301,2,584,931,50,50,1,-1,-1,-1
301,3,592,750,50,50,1,-1,-1,-1
302,1,379,664,50,50,1,-1,-1,-1
302,2,570,956,50,50,1,-1,-1,-1
302,3,592,710,50,50,1,-1,-1,-1
303,1,378,710,50,50,1,-1,-1,-1
303,2,577,974,50,50,1,-1,-1,-1
303,3,583,669,50,50,1,-1,-1,-1
304,1,370,748,50,50,1,-1,-1,-1
304,2,574,1005,50,50,1,-1,-1,-1
304,3,586,645,50,50,1,-1,-1,-1
305,1,369,790,50,50,1,-1,-1,-1
305,2,562,1054,50,50,1,-1,-1,-1
305,3,588,622,50,50,1,-1,-1,-1
306,1,367,838,50,50,1,-1,-1,-1
306,2,548,1110,50,50,1,-1,-1,-1
306,3,582,598,50,50,1,-1,-1,-1
307,1,372,888,50,50,1,-1,-1,-1
307,2,541,1155,50,50,1,-1,-1,-1
307,3,586,589,50,50,1,-1,-1,-1
308,1,374,937,50,50,1,-1,-1,-1
308,2,549,1185,50,50,1,-1,-1,-1
308,3,591,585,50,50,1,-1,-1,-1
309,1,362,966,50,50,1,-1,-1,-1
309,2,558,1174,50,50,1,-1,-1,-1
309,3,597,585,50,50,1,-1,-1,-1
310,1,369,1000,50,50,1,-1,-1,-1
310,2,561,1168,50,50,1,-1,-1,-1
310,3,599,594,50,50,1,-1,-1,-1
311,1,381,1026,50,50,1,-1,-1,-1
311,2,550,1150,50,50,1,-1,-1,-1
311,3,604,607,50,50,1,-1,-1,-1
312,1,399,1057,50,50,1,-1,-1,-1
312,2,534,1096,50,50,1,-1,-1,-1
312,3,616,639,50,50,1,-1,-1,-1
313,1,420,1096,50,50,1,-1,-1,-1
313,2,531,1037,50,50,1,-1,-1,-1
313,3,631,682,50,50,1,-1,-1,-1
314,1,447,1138,50,50,1,-1,-1,-1
314,2,520,980,50,50,1,-1,-1,-1
314,3,630,714,50,50,1,-1,-1,-1
315,1,475,1159,50,50,1,-1,-1,-1
315,2,526,940,50,50,1,-1,-1,-1
315,3,633,733,50,50,1,-1,-1,-1
316,1,491,1167,50,50,1,-1,-1,-1
316,2,548,927,50,50,1,-1,-1,-1
316,3,639,775,50,50,1,-1,-1,-1
317,1,498,1161,50,50,1,-1,-1,-1
317,2,574,921,50,50,1,-1,-1,-1
317,3,646,825,50,50,1,-1,-1,-1
318,1,497,1141,50,50,1,-1,-1,-1
318,2,598,913,50,50,1,-1,-1,-1
318,3,652,878,50,50,1,-1,-1,-1
319,1,485,1101,50,50,1,-1,-1,-1
319,2,627,901,50,50,1,-1,-1,-1
319,3,670,914,50,50,1,-1,-1,-1
320,1,488,1044,50,50,1,-1,-1,-1
320,2,666,914,50,50,1,-1,-1,-1
320,3,681,919,50,50,1,-1,-1,-1
321,1,505,983,50,50,1,-1,-1,-1
321,2,637,913,50,50,1,-1,-1,-1
321,3,655,915,50,50,1,-1,-1,-1
322,1,495,962,50,50,1,-1,-1,-1
322,2,583,925,50,50,1,-1,-1,-1
322,3,573,957,50,50,1,-1,-1,-1
323,1,473,953,50,50,1,-1,-1,-1
323,2,546,937,50,50,1,-1,-1,-1
323,3,497,985,50,50,1,-1,-1,-1
324,1,459,933,50,50,1,-1,-1,-1
324,2,518,955,50,50,1,-1,-1,-1
324,3,441,984,50,50,1,-1,-1,-1
325,1,464,953,50,50,1,-1,-1,-1
325,2,498,966,50,50,1,-1,-1,-1
325,3,489,1015,50,50,1,-1,-1,-1
326,1,503,1011,50,50,1,-1,-1,-1
326,2,490,978,50,50,1,-1,-1,-1
326,3,541,984,50,50,1,-1,-1,-1
327,1,497,1037,50,50,1,-1,-1,-1
327,2,489,996,50,50,1,-1,-1,-1
327,3,568,910,50,50,1,-1,-1,-1
328,1,453,1038,50,50,1,-1,-1,-1
328,2,490,1024,50,50,1,-1,-1,-1
328,3,585,902,50,50,1,-1,-1,-1
329,1,486,1055,50,50,1,-1,-1,-1
329,2,492,1053,50,50,1,-1,-1,-1
329,3,600,898,50,50,1,-1,-1,-1
330,1,507,1088,50,50,1,-1,-1,-1
330,2,498,1095,50,50,1,-1,-1,-1
330,3,604,899,50,50,1,-1,-1,-1
331,1,494,1157,50,50,1,-1,-1,-1
331,2,492,1144,50,50,1,-1,-1,-1
331,3,605,903,50,50,1,-1,-1,-1
332,1,507,1173,50,50,1,-1,-1,-1
332,2,489,1185,50,50,1,-1,-1,-1
332,3,602,908,50,50,1,-1,-1,-1
333,1,507,1173,50,50,1,-1,-1,-1
333,2,490,1183,50,50,1,-1,-1,-1
333,3,594,921,50,50,1,-1,-1,-1
334,1,516,1145,50,50,1,-1,-1,-1
334,2,494,1157,50,50,1,-1,-1,-1
334,3,599,932,50,50,1,-1,-1,-1
335,1,477,1111,50,50,1,-1,-1,-1
335,2,495,1113,50,50,1,-1,-1,-1
335,3,605,947,50,50,1,-1,-1,-1
336,1,457,1047,50,50,1,-1,-1,-1
336,2,507,1045,50,50,1,-1,-1,-1
336,3,646,983,50,50,1,-1,-1,-1
337,1,443,951,50,50,1,-1,-1,-1
337,2,475,942,50,50,1,-1,-1,-1
337,3,642,1016,50,50,1,-1,-1,-1
338,1,446,886,50,50,1,-1,-1,-1
338,2,468,889,50,50,1,-1,-1,-1
338,3,612,1048,50,50,1,-1,-1,-1
339,1,462,834,50,50,1,-1,-1,-1
339,2,432,904,50,50,1,-1,-1,-1
339,3,604,1084,50,50,1,-1,-1,-1
340,1,456,790,50,50,1,-1,-1,-1
340,2,409,913,50,50,1,-1,-1,-1
340,3,592,1147,50,50,1,-1,-1,-1
341,1,450,749,50,50,1,-1,-1,-1
341,2,391,921,50,50,1,-1,-1,-1
341,3,605,1188,50,50,1,-1,-1,-1
342,1,445,714,50,50,1,-1,-1,-1
342,2,356,915,50,50,1,-1,-1,-1
342,3,590,1183,50,50,1,-1,-1,-1
343,1,440,685,50,50,1,-1,-1,-1
343,2,302,953,50,50,1,-1,-1,-1
343,3,572,1151,50,50,1,-1,-1,-1
344,1,435,662,50,50,1,-1,-1,-1
344,2,297,974,50,50,1,-1,-1,-1
344,3,575,1133,50,50,1,-1,-1,-1
345,1,430,645,50,50,1,-1,-1,-1
345,2,324,956,50,50,1,-1,-1,-1
345,3,591,1067,50,50,1,-1,-1,-1
346,1,426,634,50,50,1,-1,-1,-1
346,2,363,932,50,50,1,-1,-1,-1
346,3,613,959,50,50,1,-1,-1,-1
347,1,422,628,50,50,1,-1,-1,-1
347,2,416,934,50,50,1,-1,-1,-1
347,3,593,907,50,50,1,-1,-1,-1
348,1,419,627,50,50,1,-1,-1,-1
348,2,488,940,50,50,1,-1,-1,-1
348,3,597,876,50,50,1,-1,-1,-1
349,1,415,633,50,50,1,-1,-1,-1
349,2,568,942,50,50,1,-1,-1,-1
349,3,606,816,50,50,1,-1,-1,-1
350,1,412,644,50,50,1,-1,-1,-1
350,2,593,923,50,50,1,-1,-1,-1
350,3,595,743,50,50,1,-1,-1,-1
351,1,410,661,50,50,1,-1,-1,-1
351,2,607,947,50,50,1,-1,-1,-1
351,3,596,699,50,50,1,-1,-1,-1
352,1,407,684,50,50,1,-1,-1,-1
352,2,579,965,50,50,1,-1,-1,-1
352,3,597,662,50,50,1,-1,-1,-1
353,1,405,712,50,50,1,-1,-1,-1
353,2,584,994,50,50,1,-1,-1,-1
353,3,599,629,50,50,1,-1,-1,-1
354,1,403,746,50,50,1,-1,-1,-1
354,2,605,1029,50,50,1,-1,-1,-1
354,3,602,604,50,50,1,-1,-1,-1
355,1,402,786,50,50,1,-1,-1,-1
355,2,578,1082,50,50,1,-1,-1,-1
355,3,604,584,50,50,1,-1,-1,-1
356,1,400,830,50,50,1,-1,-1,-1
356,2,561,1133,50,50,1,-1,-1,-1
356,3,607,569,50,50,1,-1,-1,-1
357,1,399,885,50,50,1,-1,-1,-1
357,2,565,1175,50,50,1,-1,-1,-1
357,3,610,560,50,50,1,-1,-1,-1
358,1,399,931,50,50,1,-1,-1,-1
358,2,566,1193,50,50,1,-1,-1,-1
358,3,613,557,50,50,1,-1,-1,-1
359,1,401,957,50,50,1,-1,-1,-1
359,2,561,1190,50,50,1,-1,-1,-1
359,3,617,559,50,50,1,-1,-1,-1
360,1,405,978,50,50,1,-1,-1,-1
360,2,566,1172,50,50,1,-1,-1,-1
360,3,621,567,50,50,1,-1,-1,-1
361,1,413,1002,50,50,1,-1,-1,-1
361,2,574,1131,50,50,1,-1,-1,-1
361,3,625,580,50,50,1,-1,-1,-1
362,1,421,1026,50,50,1,-1,-1,-1
362,2,564,1079,50,50,1,-1,-1,-1
362,3,630,599,50,50,1,-1,-1,-1
363,1,432,1056,50,50,1,-1,-1,-1
363,2,549,1031,50,50,1,-1,-1,-1
363,3,635,623,50,50,1,-1,-1,-1
364,1,449,1103,50,50,1,-1,-1,-1
364,2,531,980,50,50,1,-1,-1,-1
364,3,640,653,50,50,1,-1,-1,-1
365,1,470,1163,50,50,1,-1,-1,-1
365,2,541,949,50,50,1,-1,-1,-1
365,3,645,689,50,50,1,-1,-1,-1
366,1,481,1179,50,50,1,-1,-1,-1
366,2,566,925,50,50,1,-1,-1,-1
366,3,651,730,50,50,1,-1,-1,-1
367,1,495,1177,50,50,1,-1,-1,-1
367,2,592,912,50,50,1,-1,-1,-1
367,3,658,777,50,50,1,-1,-1,-1
368,1,501,1169,50,50,1,-1,-1,-1
368,2,620,899,50,50,1,-1,-1,-1
368,3,665,830,50,50,1,-1,-1,-1
369,1,487,1155,50,50,1,-1,-1,-1
369,2,643,886,50,50,1,-1,-1,-1
369,3,669,876,50,50,1,-1,-1,-1
370,1,482,1110,50,50,1,-1,-1,-1
370,2,545,704,50,50,1,-1,-1,-1
370,3,682,895,50,50,1,-1,-1,-1
371,1,445,1036,50,50,1,-1,-1,-1
371,2,528,661,50,50,1,-1,-1,-1
371,3,661,903,50,50,1,-1,-1,-1
372,1,432,958,50,50,1,-1,-1,-1
372,2,551,668,50,50,1,-1,-1,-1
372,3,642,907,50,50,1,-1,-1,-1
373,1,445,888,50,50,1,-1,-1,-1
373,2,553,662,50,50,1,-1,-1,-1
373,3,621,949,50,50,1,-1,-1,-1
374,1,436,839,50,50,1,-1,-1,-1
374,2,546,647,50,50,1,-1,-1,-1
374,3,565,997,50,50,1,-1,-1,-1
375,1,427,795,50,50,1,-1,-1,-1
375,2,539,640,50,50,1,-1,-1,-1
375,3,512,998,50,50,1,-1,-1,-1
376,1,418,757,50,50,1,-1,-1,-1
376,2,540,651,50,50,1,-1,-1,-1
376,3,489,1001,50,50,1,-1,-1,-1
377,1,410,724,50,50,1,-1,-1,-1
377,2,545,665,50,50,1,-1,-1,-1
377,3,488,1041,50,50,1,-1,-1,-1
378,1,401,697,50,50,1,-1,-1,-1
378,2,556,697,50,50,1,-1,-1,-1
378,3,495,1080,50,50,1,-1,-1,-1
379,1,394,676,50,50,1,-1,-1,-1
379,2,560,718,50,50,1,-1,-1,-1
379,3,489,1123,50,50,1,-1,-1,-1
380,1,386,661,50,50,1,-1,-1,-1
380,2,566,750,50,50,1,-1,-1,-1
380,3,471,1161,50,50,1,-1,-1,-1
381,1,379,652,50,50,1,-1,-1,-1
381,2,570,791,50,50,1,-1,-1,-1
381,3,473,1181,50,50,1,-1,-1,-1
382,1,372,648,50,50,1,-1,-1,-1
382,2,575,831,50,50,1,-1,-1,-1
382,3,488,1179,50,50,1,-1,-1,-1
383,1,365,649,50,50,1,-1,-1,-1
383,2,576,881,50,50,1,-1,-1,-1
383,3,495,1159,50,50,1,-1,-1,-1
384,1,359,657,50,50,1,-1,-1,-1
384,2,579,926,50,50,1,-1,-1,-1
384,3,499,1136,50,50,1,-1,-1,-1
385,1,353,669,50,50,1,-1,-1,-1
385,2,574,953,50,50,1,-1,-1,-1
385,3,493,1100,50,50,1,-1,-1,-1
386,1,347,688,50,50,1,-1,-1,-1
386,2,577,979,50,50,1,-1,-1,-1
386,3,479,1052,50,50,1,-1,-1,-1
387,1,341,712,50,50,1,-1,-1,-1
387,2,578,1020,50,50,1,-1,-1,-1
387,3,443,1017,50,50,1,-1,-1,-1
388,1,336,742,50,50,1,-1,-1,-1
388,2,584,1065,50,50,1,-1,-1,-1
388,3,424,993,50,50,1,-1,-1,-1
389,1,331,777,50,50,1,-1,-1,-1
389,2,600,1115,50,50,1,-1,-1,-1
389,3,439,1005,50,50,1,-1,-1,-1
390,1,326,819,50,50,1,-1,-1,-1
390,2,617,1177,50,50,1,-1,-1,-1
390,3,429,964,50,50,1,-1,-1,-1
391,1,322,866,50,50,1,-1,-1,-1
391,2,604,1195,50,50,1,-1,-1,-1
391,3,371,930,50,50,1,-1,-1,-1
392,1,318,913,50,50,1,-1,-1,-1
392,2,585,1184,50,50,1,-1,-1,-1
392,3,311,939,50,50,1,-1,-1,-1
393,1,307,942,50,50,1,-1,-1,-1
393,2,569,1155,50,50,1,-1,-1,-1
393,3,294,957,50,50,1,-1,-1,-1
394,1,301,964,50,50,1,-1,-1,-1
394,2,565,1118,50,50,1,-1,-1,-1
394,3,322,954,50,50,1,-1,-1,-1
395,1,316,962,50,50,1,-1,-1,-1
395,2,560,1042,50,50,1,-1,-1,-1
395,3,377,941,50,50,1,-1,-1,-1
396,1,364,938,50,50,1,-1,-1,-1
396,2,566,972,50,50,1,-1,-1,-1
396,3,424,970,50,50,1,-1,-1,-1
397,1,428,930,50,50,1,-1,-1,-1
397,2,581,909,50,50,1,-1,-1,-1
397,3,447,959,50,50,1,-1,-1,-1
398,1,479,943,50,50,1,-1,-1,-1
398,2,581,855,50,50,1,-1,-1,-1
398,3,471,935,50,50,1,-1,-1,-1
399,1,508,950,50,50,1,-1,-1,-1
399,2,581,806,50,50,1,-1,-1,-1
399,3,503,937,50,50,1,-1,-1,-1
400,1,546,966,50,50,1,-1,-1,-1
400,2,582,762,50,50,1,-1,-1,-1
400,3,543,946,50,50,1,-1,-1,-1
401,1,565,984,50,50,1,-1,-1,-1
401,2,579,722,50,50,1,-1,-1,-1
401,3,558,946,50,50,1,-1,-1,-1
402,1,564,1004,50,50,1,-1,-1,-1
402,2,580,692,50,50,1,-1,-1,-1
402,3,571,948,50,50,1,-1,-1,-1
403,1,565,1037,50,50,1,-1,-1,-1
403,2,580,665,50,50,1,-1,-1,-1
403,3,571,975,50,50,1,-1,-1,-1
404,1,559,1069,50,50,1,-1,-1,-1
404,2,581,644,50,50,1,-1,-1,-1
404,3,567,1020,50,50,1,-1,-1,-1
405,1,548,1097,50,50,1,-1,-1,-1
405,2,583,629,50,50,1,-1,-1,-1
405,3,564,1062,50,50,1,-1,-1,-1
406,1,545,1118,50,50,1,-1,-1,-1
406,2,584,619,50,50,1,-1,-1,-1
406,3,555,1113,50,50,1,-1,-1,-1
407,1,563,1148,50,50,1,-1,-1,-1
407,2,586,615,50,50,1,-1,-1,-1
407,3,563,1161,50,50,1,-1,-1,-1
408,1,563,1173,50,50,1,-1,-1,-1
408,2,589,616,50,50,1,-1,-1,-1
408,3,552,1163,50,50,1,-1,-1,-1
409,1,550,1129,50,50,1,-1,-1,-1
409,2,591,623,50,50,1,-1,-1,-1
409,3,537,1133,50,50,1,-1,-1,-1
410,1,538,1087,50,50,1,-1,-1,-1
410,2,594,636,50,50,1,-1,-1,-1
410,3,533,1098,50,50,1,-1,-1,-1
411,1,542,1024,50,50,1,-1,-1,-1
411,2,597,654,50,50,1,-1,-1,-1
411,3,546,1076,50,50,1,-1,-1,-1
412,1,538,965,50,50,1,-1,-1,-1
412,2,601,678,50,50,1,-1,-1,-1
412,3,529,1017,50,50,1,-1,-1,-1
413,1,541,916,50,50,1,-1,-1,-1
413,2,605,708,50,50,1,-1,-1,-1
413,3,517,949,50,50,1,-1,-1,-1
414,1,544,880,50,50,1,-1,-1,-1
414,2,609,744,50,50,1,-1,-1,-1
414,3,546,890,50,50,1,-1,-1,-1
415,1,547,826,50,50,1,-1,-1,-1
415,2,614,785,50,50,1,-1,-1,-1
415,3,616,807,50,50,1,-1,-1,-1
416,1,546,792,50,50,1,-1,-1,-1
416,2,619,832,50,50,1,-1,-1,-1
416,3,632,850,50,50,1,-1,-1,-1
417,1,550,756,50,50,1,-1,-1,-1
417,2,624,883,50,50,1,-1,-1,-1
417,3,649,921,50,50,1,-1,-1,-1
418,1,550,724,50,50,1,-1,-1,-1
418,2,635,914,50,50,1,-1,-1,-1
418,3,657,916,50,50,1,-1,-1,-1
419,1,538,701,50,50,1,-1,-1,-1
419,2,642,932,50,50,1,-1,-1,-1
419,3,659,936,50,50,1,-1,-1,-1
420,1,538,688,50,50,1,-1,-1,-1
420,2,647,955,50,50,1,-1,-1,-1
420,3,643,937,50,50,1,-1,-1,-1
421,1,541,678,50,50,1,-1,-1,-1
421,2,567,993,50,50,1,-1,-1,-1
421,3,619,952,50,50,1,-1,-1,-1
422,1,553,666,50,50,1,-1,-1,-1
422,2,477,973,50,50,1,-1,-1,-1
422,3,591,1021,50,50,1,-1,-1,-1
423,1,556,668,50,50,1,-1,-1,-1
423,2,432,974,50,50,1,-1,-1,-1
423,3,587,1022,50,50,1,-1,-1,-1
424,1,554,679,50,50,1,-1,-1,-1
424,2,471,941,50,50,1,-1,-1,-1
424,3,526,993,50,50,1,-1,-1,-1
425,1,571,700,50,50,1,-1,-1,-1
425,2,547,929,50,50,1,-1,-1,-1
425,3,490,982,50,50,1,-1,-1,-1
426,1,590,730,50,50,1,-1,-1,-1
426,2,557,924,50,50,1,-1,-1,-1
426,3,522,975,50,50,1,-1,-1,-1
427,1,587,757,50,50,1,-1,-1,-1
427,2,554,917,50,50,1,-1,-1,-1
427,3,553,979,50,50,1,-1,-1,-1
428,1,587,771,50,50,1,-1,-1,-1
428,2,548,925,50,50,1,-1,-1,-1
428,3,526,957,50,50,1,-1,-1,-1
429,1,591,806,50,50,1,-1,-1,-1
429,2,541,932,50,50,1,-1,-1,-1
429,3,529,945,50,50,1,-1,-1,-1
430,1,596,846,50,50,1,-1,-1,-1
430,2,539,936,50,50,1,-1,-1,-1
430,3,550,931,50,50,1,-1,-1,-1
431,1,602,891,50,50,1,-1,-1,-1
431,2,546,944,50,50,1,-1,-1,-1
431,3,601,916,50,50,1,-1,-1,-1
432,1,610,929,50,50,1,-1,-1,-1
432,2,559,935,50,50,1,-1,-1,-1
432,3,625,947,50,50,1,-1,-1,-1
433,1,611,953,50,50,1,-1,-1,-1
433,2,590,947,50,50,1,-1,-1,-1
433,3,594,964,50,50,1,-1,-1,-1
434,1,610,977,50,50,1,-1,-1,-1
434,2,507,1085,50,50,1,-1,-1,-1
434,3,515,1082,50,50,1,-1,-1,-1
435,1,608,1005,50,50,1,-1,-1,-1
435,2,461,1061,50,50,1,-1,-1,-1
435,3,463,1067,50,50,1,-1,-1,-1
436,1,603,1041,50,50,1,-1,-1,-1
436,2,485,963,50,50,1,-1,-1,-1
436,3,450,1008,50,50,1,-1,-1,-1
437,1,590,1066,50,50,1,-1,-1,-1
437,2,477,910,50,50,1,-1,-1,-1
437,3,444,947,50,50,1,-1,-1,-1
438,1,578,1093,50,50,1,-1,-1,-1
438,2,471,870,50,50,1,-1,-1,-1
438,3,450,888,50,50,1,-1,-1,-1
439,1,584,1159,50,50,1,-1,-1,-1
439,2,467,823,50,50,1,-1,-1,-1
439,3,471,842,50,50,1,-1,-1,-1
440,1,583,1195,50,50,1,-1,-1,-1
440,2,462,784,50,50,1,-1,-1,-1
440,3,472,796,50,50,1,-1,-1,-1
441,1,591,1178,50,50,1,-1,-1,-1
441,2,457,751,50,50,1,-1,-1,-1
441,3,468,762,50,50,1,-1,-1,-1
442,1,586,1158,50,50,1,-1,-1,-1
442,2,453,724,50,50,1,-1,-1,-1
442,3,466,736,50,50,1,-1,-1,-1
443,1,561,1128,50,50,1,-1,-1,-1
443,2,449,703,50,50,1,-1,-1,-1
443,3,455,717,50,50,1,-1,-1,-1
444,1,563,1074,50,50,1,-1,-1,-1
444,2,445,687,50,50,1,-1,-1,-1
444,3,451,700,50,50,1,-1,-1,-1
445,1,579,975,50,50,1,-1,-1,-1
445,2,441,678,50,50,1,-1,-1,-1
445,3,454,692,50,50,1,-1,-1,-1
446,1,578,901,50,50,1,-1,-1,-1
446,2,439,674,50,50,1,-1,-1,-1
446,3,437,689,50,50,1,-1,-1,-1
447,1,580,840,50,50,1,-1,-1,-1
447,2,436,676,50,50,1,-1,-1,-1
447,3,428,665,50,50,1,-1,-1,-1
448,1,581,781,50,50,1,-1,-1,-1
448,2,433,683,50,50,1,-1,-1,-1
448,3,424,674,50,50,1,-1,-1,-1
449,1,578,728,50,50,1,-1,-1,-1
449,2,431,696,50,50,1,-1,-1,-1
449,3,420,689,50,50,1,-1,-1,-1
450,1,577,683,50,50,1,-1,-1,-1
450,2,429,715,50,50,1,-1,-1,-1
450,3,416,709,50,50,1,-1,-1,-1
451,1,578,643,50,50,1,-1,-1,-1
451,2,427,739,50,50,1,-1,-1,-1
451,3,412,736,50,50,1,-1,-1,-1
452,1,579,609,50,50,1,-1,-1,-1
452,2,426,770,50,50,1,-1,-1,-1
452,3,430,786,50,50,1,-1,-1,-1
453,1,580,581,50,50,1,-1,-1,-1
453,2,425,806,50,50,1,-1,-1,-1
453,3,436,826,50,50,1,-1,-1,-1
454,1,581,557,50,50,1,-1,-1,-1
454,2,424,848,50,50,1,-1,-1,-1
454,3,438,866,50,50,1,-1,-1,-1
455,1,583,541,50,50,1,-1,-1,-1
455,2,425,896,50,50,1,-1,-1,-1
455,3,438,912,50,50,1,-1,-1,-1
456,1,586,530,50,50,1,-1,-1,-1
456,2,425,948,50,50,1,-1,-1,-1
456,3,436,961,50,50,1,-1,-1,-1
457,1,588,525,50,50,1,-1,-1,-1
457,2,428,981,50,50,1,-1,-1,-1
457,3,451,1001,50,50,1,-1,-1,-1
458,1,591,524,50,50,1,-1,-1,-1
458,2,420,1010,50,50,1,-1,-1,-1
458,3,451,1035,50,50,1,-1,-1,-1
459,1,594,529,50,50,1,-1,-1,-1
459,2,411,1035,50,50,1,-1,-1,-1
459,3,432,1019,50,50,1,-1,-1,-1
460,1,597,540,50,50,1,-1,-1,-1
460,2,419,1057,50,50,1,-1,-1,-1
460,3,422,1043,50,50,1,-1,-1,-1
461,1,601,557,50,50,1,-1,-1,-1
461,2,427,1074,50,50,1,-1,-1,-1
461,3,422,1085,50,50,1,-1,-1,-1
462,1,605,579,50,50,1,-1,-1,-1
462,2,431,1105,50,50,1,-1,-1,-1
462,3,460,1113,50,50,1,-1,-1,-1
463,1,609,607,50,50,1,-1,-1,-1
463,2,459,1141,50,50,1,-1,-1,-1
463,3,488,1125,50,50,1,-1,-1,-1
464,1,614,640,50,50,1,-1,-1,-1
464,2,479,1160,50,50,1,-1,-1,-1
464,3,493,1145,50,50,1,-1,-1,-1
465,1,619,679,50,50,1,-1,-1,-1
465,2,499,1163,50,50,1,-1,-1,-1
465,3,483,1172,50,50,1,-1,-1,-1
466,1,624,724,50,50,1,-1,-1,-1
466,2,505,1162,50,50,1,-1,-1,-1
466,3,486,1177,50,50,1,-1,-1,-1
467,1,630,775,50,50,1,-1,-1,-1
467,2,505,1163,50,50,1,-1,-1,-1
467,3,487,1169,50,50,1,-1,-1,-1
468,1,636,827,50,50,1,-1,-1,-1
468,2,483,1171,50,50,1,-1,-1,-1
468,3,484,1164,50,50,1,-1,-1,-1
469,1,637,868,50,50,1,-1,-1,-1
469,2,469,1133,50,50,1,-1,-1,-1
469,3,472,1139,50,50,1,-1,-1,-1
470,1,631,893,50,50,1,-1,-1,-1
470,2,450,1068,50,50,1,-1,-1,-1
470,3,443,1067,50,50,1,-1,-1,-1
471,1,635,899,50,50,1,-1,-1,-1
471,2,432,1000,50,50,1,-1,-1,-1
471,3,425,976,50,50,1,-1,-1,-1
472,1,596,906,50,50,1,-1,-1,-1
472,2,437,935,50,50,1,-1,-1,-1
472,3,439,907,50,50,1,-1,-1,-1
473,1,539,943,50,50,1,-1,-1,-1
473,2,442,876,50,50,1,-1,-1,-1
473,3,430,851,50,50,1,-1,-1,-1
474,1,481,991,50,50,1,-1,-1,-1
474,2,438,822,50,50,1,-1,-1,-1
474,3,422,801,50,50,1,-1,-1,-1
475,1,445,994,50,50,1,-1,-1,-1
475,2,430,776,50,50,1,-1,-1,-1
475,3,414,757,50,50,1,-1,-1,-1
476,1,447,1007,50,50,1,-1,-1,-1
476,2,418,740,50,50,1,-1,-1,-1
476,3,406,716,50,50,1,-1,-1,-1
477,1,450,1031,50,50,1,-1,-1,-1
477,2,403,708,50,50,1,-1,-1,-1
477,3,398,685,50,50,1,-1,-1,-1
478,1,447,1069,50,50,1,-1,-1,-1
478,2,394,680,50,50,1,-1,-1,-1
478,3,392,659,50,50,1,-1,-1,-1
479,1,457,1133,50,50,1,-1,-1,-1
479,2,393,653,50,50,1,-1,-1,-1
479,3,386,639,50,50,1,-1,-1,-1
480,1,478,1167,50,50,1,-1,-1,-1
480,2,387,637,50,50,1,-1,-1,-1
480,3,380,623,50,50,1,-1,-1,-1
481,1,486,1177,50,50,1,-1,-1,-1
481,2,380,628,50,50,1,-1,-1,-1
481,3,374,614,50,50,1,-1,-1,-1
482,1,485,1183,50,50,1,-1,-1,-1
482,2,370,626,50,50,1,-1,-1,-1
482,3,368,610,50,50,1,-1,-1,-1
483,1,465,1178,50,50,1,-1,-1,-1
483,2,368,624,50,50,1,-1,-1,-1
483,3,363,611,50,50,1,-1,-1,-1
484,1,472,1157,50,50,1,-1,-1,-1
484,2,361,603,50,50,1,-1,-1,-1
484,3,357,619,50,50,1,-1,-1,-1
485,1,483,1123,50,50,1,-1,-1,-1
485,2,344,622,50,50,1,-1,-1,-1
485,3,353,631,50,50,1,-1,-1,-1
486,1,503,1047,50,50,1,-1,-1,-1
486,2,338,642,50,50,1,-1,-1,-1
486,3,348,650,50,50,1,-1,-1,-1
487,1,494,1000,50,50,1,-1,-1,-1
487,2,338,666,50,50,1,-1,-1,-1
487,3,344,673,50,50,1,-1,-1,-1
488,1,479,969,50,50,1,-1,-1,-1
488,2,325,698,50,50,1,-1,-1,-1
488,3,340,703,50,50,1,-1,-1,-1
489,1,466,932,50,50,1,-1,-1,-1
489,2,340,754,50,50,1,-1,-1,-1
489,3,337,738,50,50,1,-1,-1,-1
490,1,436,916,50,50,1,-1,-1,-1
490,2,342,800,50,50,1,-1,-1,-1
490,3,333,779,50,50,1,-1,-1,-1
491,1,403,915,50,50,1,-1,-1,-1
491,2,334,843,50,50,1,-1,-1,-1
491,3,330,825,50,50,1,-1,-1,-1
492,1,347,899,50,50,1,-1,-1,-1
492,2,336,892,50,50,1,-1,-1,-1
492,3,327,876,50,50,1,-1,-1,-1
493,1,302,918,50,50,1,-1,-1,-1
493,2,353,899,50,50,1,-1,-1,-1
493,3,322,910,50,50,1,-1,-1,-1
494,1,424,684,50,50,1,-1,-1,-1
494,2,443,703,50,50,1,-1,-1,-1
494,3,319,923,50,50,1,-1,-1,-1
495,1,423,666,50,50,1,-1,-1,-1
495,2,434,672,50,50,1,-1,-1,-1
495,3,327,933,50,50,1,-1,-1,-1
496,1,436,675,50,50,1,-1,-1,-1
496,2,414,664,50,50,1,-1,-1,-1
496,3,365,927,50,50,1,-1,-1,-1
497,1,439,664,50,50,1,-1,-1,-1
497,2,421,646,50,50,1,-1,-1,-1
497,3,429,928,50,50,1,-1,-1,-1
498,1,425,658,50,50,1,-1,-1,-1
498,2,417,647,50,50,1,-1,-1,-1
498,3,478,944,50,50,1,-1,-1,-1
499,1,423,664,50,50,1,-1,-1,-1
499,2,414,654,50,50,1,-1,-1,-1
499,3,549,961,50,50,1,-1,-1,-1
500,1,420,676,50,50,1,-1,-1,-1
500,2,410,667,50,50,1,-1,-1,-1
500,3,550,936,50,50,1,-1,-1,-1
501,1,418,694,50,50,1,-1,-1,-1
501,2,405,688,50,50,1,-1,-1,-1
501,3,480,924,50,50,1,-1,-1,-1
502,1,417,717,50,50,1,-1,-1,-1
502,2,401,714,50,50,1,-1,-1,-1
502,3,441,972,50,50,1,-1,-1,-1
503,1,416,747,50,50,1,-1,-1,-1
503,2,414,766,50,50,1,-1,-1,-1
503,3,434,975,50,50,1,-1,-1,-1
504,1,415,782,50,50,1,-1,-1,-1
504,2,416,802,50,50,1,-1,-1,-1
504,3,425,979,50,50,1,-1,-1,-1
505,1,414,823,50,50,1,-1,-1,-1
505,2,420,836,50,50,1,-1,-1,-1
505,3,419,986,50,50,1,-1,-1,-1
506,1,414,869,50,50,1,-1,-1,-1
506,2,428,884,50,50,1,-1,-1,-1
506,3,414,994,50,50,1,-1,-1,-1
507,1,414,923,50,50,1,-1,-1,-1
507,2,424,946,50,50,1,-1,-1,-1
507,3,411,1005,50,50,1,-1,-1,-1
508,1,415,964,50,50,1,-1,-1,-1
508,2,444,971,50,50,1,-1,-1,-1
508,3,458,980,50,50,1,-1,-1,-1
509,1,416,997,50,50,1,-1,-1,-1
509,2,442,985,50,50,1,-1,-1,-1
509,3,542,1173,50,50,1,-1,-1,-1
510,1,420,1021,50,50,1,-1,-1,-1
510,2,428,1022,50,50,1,-1,-1,-1
510,3,563,1175,50,50,1,-1,-1,-1
511,1,426,1048,50,50,1,-1,-1,-1
511,2,435,1051,50,50,1,-1,-1,-1
511,3,530,1094,50,50,1,-1,-1,-1
512,1,434,1088,50,50,1,-1,-1,-1
512,2,450,1073,50,50,1,-1,-1,-1
512,3,528,1032,50,50,1,-1,-1,-1
513,1,440,1125,50,50,1,-1,-1,-1
513,2,459,1123,50,50,1,-1,-1,-1
513,3,525,973,50,50,1,-1,-1,-1
514,1,436,1167,50,50,1,-1,-1,-1
514,2,454,1174,50,50,1,-1,-1,-1
514,3,527,918,50,50,1,-1,-1,-1
515,1,463,1165,50,50,1,-1,-1,-1
515,2,451,1157,50,50,1,-1,-1,-1
515,3,529,883,50,50,1,-1,-1,-1
516,1,495,1156,50,50,1,-1,-1,-1
516,2,473,1148,50,50,1,-1,-1,-1
516,3,526,829,50,50,1,-1,-1,-1
517,1,497,1175,50,50,1,-1,-1,-1
517,2,502,1158,50,50,1,-1,-1,-1
517,3,530,789,50,50,1,-1,-1,-1
518,1,467,1183,50,50,1,-1,-1,-1
518,2,503,1154,50,50,1,-1,-1,-1
518,3,527,755,50,50,1,-1,-1,-1
519,1,625,903,50,50,1,-1,-1,-1
519,2,486,1144,50,50,1,-1,-1,-1
519,3,517,723,50,50,1,-1,-1,-1
520,1,533,702,50,50,1,-1,-1,-1
520,2,475,1103,50,50,1,-1,-1,-1
520,3,519,697,50,50,1,-1,-1,-1
521,1,519,685,50,50,1,-1,-1,-1
521,2,497,1045,50,50,1,-1,-1,-1
521,3,523,678,50,50,1,-1,-1,-1
522,1,544,687,50,50,1,-1,-1,-1
522,2,501,983,50,50,1,-1,-1,-1
522,3,527,666,50,50,1,-1,-1,-1
523,1,546,682,50,50,1,-1,-1,-1
523,2,476,956,50,50,1,-1,-1,-1
523,3,532,660,50,50,1,-1,-1,-1
524,1,543,671,50,50,1,-1,-1,-1
524,2,477,964,50,50,1,-1,-1,-1
524,3,535,661,50,50,1,-1,-1,-1
525,1,547,662,50,50,1,-1,-1,-1
525,2,486,993,50,50,1,-1,-1,-1
525,3,536,667,50,50,1,-1,-1,-1
526,1,549,689,50,50,1,-1,-1,-1
526,2,488,983,50,50,1,-1,-1,-1
526,3,535,683,50,50,1,-1,-1,-1
527,1,559,720,50,50,1,-1,-1,-1
527,2,530,957,50,50,1,-1,-1,-1
527,3,552,705,50,50,1,-1,-1,-1
528,1,568,740,50,50,1,-1,-1,-1
528,2,551,925,50,50,1,-1,-1,-1
528,3,558,724,50,50,1,-1,-1,-1
529,1,565,753,50,50,1,-1,-1,-1
529,2,568,917,50,50,1,-1,-1,-1
529,3,432,692,50,50,1,-1,-1,-1
530,1,569,775,50,50,1,-1,-1,-1
530,2,553,927,50,50,1,-1,-1,-1
530,3,402,655,50,50,1,-1,-1,-1
531,1,575,825,50,50,1,-1,-1,-1
531,2,533,951,50,50,1,-1,-1,-1
531,3,401,639,50,50,1,-1,-1,-1
532,1,577,875,50,50,1,-1,-1,-1
532,2,538,944,50,50,1,-1,-1,-1
532,3,398,633,50,50,1,-1,-1,-1
533,1,580,913,50,50,1,-1,-1,-1
533,2,588,935,50,50,1,-1,-1,-1
533,3,394,633,50,50,1,-1,-1,-1
534,1,585,927,50,50,1,-1,-1,-1
534,2,600,929,50,50,1,-1,-1,-1
534,3,390,639,50,50,1,-1,-1,-1
535,1,582,940,50,50,1,-1,-1,-1
535,2,599,943,50,50,1,-1,-1,-1
535,3,386,651,50,50,1,-1,-1,-1
536,1,589,954,50,50,1,-1,-1,-1
536,2,606,960,50,50,1,-1,-1,-1
536,3,383,668,50,50,1,-1,-1,-1
537,1,604,971,50,50,1,-1,-1,-1
537,2,618,977,50,50,1,-1,-1,-1
537,3,380,690,50,50,1,-1,-1,-1
538,1,622,989,50,50,1,-1,-1,-1
538,2,606,980,50,50,1,-1,-1,-1
538,3,374,724,50,50,1,-1,-1,-1
539,1,632,999,50,50,1,-1,-1,-1
539,2,608,990,50,50,1,-1,-1,-1
539,3,388,756,50,50,1,-1,-1,-1
540,1,640,1008,50,50,1,-1,-1,-1
540,2,621,999,50,50,1,-1,-1,-1
540,3,397,806,50,50,1,-1,-1,-1
541,1,649,1025,50,50,1,-1,-1,-1
541,2,636,1010,50,50,1,-1,-1,-1
541,3,392,858,50,50,1,-1,-1,-1
542,1,634,1009,50,50,1,-1,-1,-1
542,2,639,1015,50,50,1,-1,-1,-1
542,3,383,914,50,50,1,-1,-1,-1
543,1,655,1028,50,50,1,-1,-1,-1
543,2,633,1012,50,50,1,-1,-1,-1
543,3,389,969,50,50,1,-1,-1,-1
544,1,392,1030,50,50,1,-1,-1,-1
544,2,640,1014,50,50,1,-1,-1,-1
544,3,398,1024,50,50,1,-1,-1,-1
545,1,337,1072,50,50,1,-1,-1,-1
545,2,641,1015,50,50,1,-1,-1,-1
545,3,405,1044,50,50,1,-1,-1,-1
546,1,344,1058,50,50,1,-1,-1,-1
546,2,644,1015,50,50,1,-1,-1,-1
546,3,368,1032,50,50,1,-1,-1,-1
547,1,366,1030,50,50,1,-1,-1,-1
547,2,645,1013,50,50,1,-1,-1,-1
547,3,345,1058,50,50,1,-1,-1,-1
548,1,365,1032,50,50,1,-1,-1,-1
548,2,646,1012,50,50,1,-1,-1,-1
548,3,335,1073,50,50,1,-1,-1,-1
549,1,354,1046,50,50,1,-1,-1,-1
549,2,648,1012,50,50,1,-1,-1,-1
549,3,343,1061,50,50,1,-1,-1,-1
550,1,340,1062,50,50,1,-1,-1,-1
550,2,649,1012,50,50,1,-1,-1,-1
550,3,363,1036,50,50,1,-1,-1,-1
551,1,337,1069,50,50,1,-1,-1,-1
551,2,648,1011,50,50,1,-1,-1,-1
551,3,375,1033,50,50,1,-1,-1,-1
552,1,332,1087,50,50,1,-1,-1,-1
552,2,646,1011,50,50,1,-1,-1,-1
552,3,367,1042,50,50,1,-1,-1,-1
553,1,324,1111,50,50,1,-1,-1,-1
553,2,649,1014,50,50,1,-1,-1,-1
553,3,355,1062,50,50,1,-1,-1,-1
554,1,328,1120,50,50,1,-1,-1,-1
554,2,650,1017,50,50,1,-1,-1,-1
554,3,352,1081,50,50,1,-1,-1,-1
555,1,337,1123,50,50,1,-1,-1,-1
555,2,648,1019,50,50,1,-1,-1,-1
555,3,353,1095,50,50,1,-1,-1,-1
556,1,354,1122,50,50,1,-1,-1,-1
556,2,647,1022,50,50,1,-1,-1,-1
556,3,353,1104,50,50,1,-1,-1,-1
557,1,354,1128,50,50,1,-1,-1,-1
557,2,648,1024,50,50,1,-1,-1,-1
557,3,352,1109,50,50,1,-1,-1,-1
558,1,338,1137,50,50,1,-1,-1,-1
558,2,648,1025,50,50,1,-1,-1,-1
558,3,351,1109,50,50,1,-1,-1,-1
559,1,333,1141,50,50,1,-1,-1,-1
559,2,648,1024,50,50,1,-1,-1,-1
559,3,348,1105,50,50,1,-1,-1,-1
560,1,335,1135,50,50,1,-1,-1,-1
560,2,648,1022,50,50,1,-1,-1,-1
560,3,347,1105,50,50,1,-1,-1,-1
561,1,347,1135,50,50,1,-1,-1,-1
561,2,649,1021,50,50,1,-1,-1,-1
561,3,345,1110,50,50,1,-1,-1,-1
562,1,344,1145,50,50,1,-1,-1,-1
562,2,647,1021,50,50,1,-1,-1,-1
562,3,344,1122,50,50,1,-1,-1,-1
563,1,340,1143,50,50,1,-1,-1,-1
563,2,650,1023,50,50,1,-1,-1,-1
563,3,343,1134,50,50,1,-1,-1,-1
564,1,338,1121,50,50,1,-1,-1,-1
564,2,656,1024,50,50,1,-1,-1,-1
565,1,335,1095,50,50,1,-1,-1,-1
565,2,660,1024,50,50,1,-1,-1,-1
565,3,320,1110,50,50,1,-1,-1,-1
566,1,331,1071,50,50,1,-1,-1,-1
566,2,662,1024,50,50,1,-1,-1,-1
566,3,320,1083,50,50,1,-1,-1,-1
567,1,331,1049,50,50,1,-1,-1,-1
567,2,667,1023,50,50,1,-1,-1,-1
567,3,303,1066,50,50,1,-1,-1,-1
568,1,336,1028,50,50,1,-1,-1,-1
568,2,667,1022,50,50,1,-1,-1,-1
569,1,364,1004,50,50,1,-1,-1,-1
569,2,671,1019,50,50,1,-1,-1,-1
569,3,319,1021,50,50,1,-1,-1,-1
570,1,368,993,50,50,1,-1,-1,-1
570,2,677,1017,50,50,1,-1,-1,-1
570,3,323,1011,50,50,1,-1,-1,-1
571,1,373,988,50,50,1,-1,-1,-1
571,2,683,1017,50,50,1,-1,-1,-1
571,3,373,997,50,50,1,-1,-1,-1
572,1,376,986,50,50,1,-1,-1,-1
572,2,673,1015,50,50,1,-1,-1,-1
572,3,376,995,50,50,1,-1,-1,-1
573,1,378,988,50,50,1,-1,-1,-1
573,2,666,1015,50,50,1,-1,-1,-1
573,3,358,999,50,50,1,-1,-1,-1
574,1,380,992,50,50,1,-1,-1,-1
574,2,665,1016,50,50,1,-1,-1,-1
574,3,332,1012,50,50,1,-1,-1,-1
575,1,381,996,50,50,1,-1,-1,-1
575,2,673,1014,50,50,1,-1,-1,-1
575,3,334,1017,50,50,1,-1,-1,-1
576,1,383,1003,50,50,1,-1,-1,-1
576,2,677,1013,50,50,1,-1,-1,-1
576,3,338,1023,50,50,1,-1,-1,-1
577,1,385,1010,50,50,1,-1,-1,-1
577,2,679,1015,50,50,1,-1,-1,-1
577,3,339,1028,50,50,1,-1,-1,-1
578,1,370,1032,50,50,1,-1,-1,-1
578,2,677,1014,50,50,1,-1,-1,-1
578,3,339,1033,50,50,1,-1,-1,-1
579,1,342,1048,50,50,1,-1,-1,-1
579,2,673,1015,50,50,1,-1,-1,-1
579,3,341,1039,50,50,1,-1,-1,-1
580,1,355,1045,50,50,1,-1,-1,-1
580,2,680,1017,50,50,1,-1,-1,-1
580,3,341,1045,50,50,1,-1,-1,-1
581,1,375,1049,50,50,1,-1,-1,-1
581,2,678,1018,50,50,1,-1,-1,-1
581,3,342,1051,50,50,1,-1,-1,-1
582,1,357,1057,50,50,1,-1,-1,-1
582,2,677,1021,50,50,1,-1,-1,-1
582,3,343,1056,50,50,1,-1,-1,-1
583,1,358,1062,50,50,1,-1,-1,-1
583,2,674,1021,50,50,1,-1,-1,-1
583,3,344,1060,50,50,1,-1,-1,-1
584,1,358,1065,50,50,1,-1,-1,-1
584,2,673,1022,50,50,1,-1,-1,-1
584,3,345,1063,50,50,1,-1,-1,-1
585,1,364,1068,50,50,1,-1,-1,-1
585,2,671,1026,50,50,1,-1,-1,-1
585,3,336,1079,50,50,1,-1,-1,-1
586,1,350,1075,50,50,1,-1,-1,-1
586,2,667,1023,50,50,1,-1,-1,-1
586,3,336,1080,50,50,1,-1,-1,-1
587,1,349,1076,50,50,1,-1,-1,-1
587,2,668,1027,50,50,1,-1,-1,-1
587,3,336,1081,50,50,1,-1,-1,-1
588,1,349,1076,50,50,1,-1,-1,-1
588,2,666,1027,50,50,1,-1,-1,-1
588,3,336,1081,50,50,1,-1,-1,-1
589,1,347,1072,50,50,1,-1,-1,-1
589,2,665,1024,50,50,1,-1,-1,-1
589,3,377,1067,50,50,1,-1,-1,-1
590,1,347,1072,50,50,1,-1,-1,-1
590,2,665,1025,50,50,1,-1,-1,-1
590,3,397,1059,50,50,1,-1,-1,-1
591,1,355,1069,50,50,1,-1,-1,-1
591,2,662,1027,50,50,1,-1,-1,-1
591,3,344,1066,50,50,1,-1,-1,-1
592,1,355,1069,50,50,1,-1,-1,-1
592,2,662,1026,50,50,1,-1,-1,-1
592,3,344,1066,50,50,1,-1,-1,-1
593,1,355,1069,50,50,1,-1,-1,-1
593,2,660,1023,50,50,1,-1,-1,-1
593,3,345,1066,50,50,1,-1,-1,-1
594,1,355,1070,50,50,1,-1,-1,-1
594,2,660,1023,50,50,1,-1,-1,-1
594,3,345,1067,50,50,1,-1,-1,-1
595,1,356,1070,50,50,1,-1,-1,-1
595,2,660,1023,50,50,1,-1,-1,-1
595,3,345,1068,50,50,1,-1,-1,-1
596,1,356,1071,50,50,1,-1,-1,-1
596,2,664,1024,50,50,1,-1,-1,-1
596,3,345,1069,50,50,1,-1,-1,-1
597,1,357,1071,50,50,1,-1,-1,-1
597,2,664,1024,50,50,1,-1,-1,-1
597,3,346,1069,50,50,1,-1,-1,-1
598,1,357,1073,50,50,1,-1,-1,-1
598,2,663,1027,50,50,1,-1,-1,-1
598,3,347,1069,50,50,1,-1,-1,-1
599,1,359,1073,50,50,1,-1,-1,-1
599,2,664,1028,50,50,1,-1,-1,-1
599,3,348,1070,50,50,1,-1,-1,-1
600,1,361,1075,50,50,1,-1,-1,-1
600,2,666,1030,50,50,1,-1,-1,-1
600,3,349,1072,50,50,1,-1,-1,-1
601,1,365,1077,50,50,1,-1,-1,-1
601,2,667,1034,50,50,1,-1,-1,-1
601,3,352,1074,50,50,1,-1,-1,-1
602,1,370,1082,50,50,1,-1,-1,-1
602,2,657,1039,50,50,1,-1,-1,-1
602,3,356,1080,50,50,1,-1,-1,-1
603,1,374,1091,50,50,1,-1,-1,-1
603,2,649,1051,50,50,1,-1,-1,-1
603,3,359,1091,50,50,1,-1,-1,-1
604,1,381,1106,50,50,1,-1,-1,-1
604,2,647,1074,50,50,1,-1,-1,-1
604,3,367,1105,50,50,1,-1,-1,-1
605,1,381,1127,50,50,1,-1,-1,-1
605,2,642,1117,50,50,1,-1,-1,-1
605,3,374,1124,50,50,1,-1,-1,-1
