2,1,606,1145,50,50,1,-1,-1,-1
2,2,470,1061,50,50,1,-1,-1,-1
3,1,602,1148,50,50,1,-1,-1,-1
3,2,469,1060,50,50,1,-1,-1,-1
4,1,598,1151,50,50,1,-1,-1,-1
4,2,469,1059,50,50,1,-1,-1,-1
5,1,596,1155,50,50,1,-1,-1,-1
5,2,469,1059,50,50,1,-1,-1,-1
6,1,594,1161,50,50,1,-1,-1,-1
6,2,470,1061,50,50,1,-1,-1,-1
7,1,593,1166,50,50,1,-1,-1,-1
7,2,469,1063,50,50,1,-1,-1,-1
8,1,590,1165,50,50,1,-1,-1,-1
8,2,469,1067,50,50,1,-1,-1,-1
9,2,471,1075,50,50,1,-1,-1,-1
9,3,583,1150,50,50,1,-1,-1,-1
10,1,576,1118,50,50,1,-1,-1,-1
10,2,477,1089,50,50,1,-1,-1,-1
10,3,569,1150,50,50,1,-1,-1,-1
11,1,570,1066,50,50,1,-1,-1,-1
11,2,481,1112,50,50,1,-1,-1,-1
11,3,452,1086,50,50,1,-1,-1,-1
12,1,569,999,50,50,1,-1,-1,-1
12,2,481,1128,50,50,1,-1,-1,-1
12,3,459,1100,50,50,1,-1,-1,-1
13,1,573,943,50,50,1,-1,-1,-1
13,2,482,1154,50,50,1,-1,-1,-1
13,3,557,999,50,50,1,-1,-1,-1
14,1,575,896,50,50,1,-1,-1,-1
14,2,481,1171,50,50,1,-1,-1,-1
14,3,602,924,50,50,1,-1,-1,-1
15,1,580,847,50,50,1,-1,-1,-1
15,2,485,1181,50,50,1,-1,-1,-1
15,3,607,920,50,50,1,-1,-1,-1
16,1,585,806,50,50,1,-1,-1,-1
16,2,489,1186,50,50,1,-1,-1,-1
16,3,619,921,50,50,1,-1,-1,-1
17,1,587,762,50,50,1,-1,-1,-1
17,2,493,1186,50,50,1,-1,-1,-1
17,3,631,934,50,50,1,-1,-1,-1
18,1,588,734,50,50,1,-1,-1,-1
18,2,499,1176,50,50,1,-1,-1,-1
18,3,652,949,50,50,1,-1,-1,-1
19,1,589,710,50,50,1,-1,-1,-1
19,2,501,1151,50,50,1,-1,-1,-1
19,3,627,964,50,50,1,-1,-1,-1
20,1,592,691,50,50,1,-1,-1,-1
20,2,489,1098,50,50,1,-1,-1,-1
20,3,645,970,50,50,1,-1,-1,-1
21,1,596,678,50,50,1,-1,-1,-1
21,2,474,1028,50,50,1,-1,-1,-1
21,3,642,975,50,50,1,-1,-1,-1
22,1,600,670,50,50,1,-1,-1,-1
22,2,468,968,50,50,1,-1,-1,-1
22,3,613,977,50,50,1,-1,-1,-1
23,1,605,668,50,50,1,-1,-1,-1
23,2,460,907,50,50,1,-1,-1,-1
23,3,587,976,50,50,1,-1,-1,-1
24,1,610,670,50,50,1,-1,-1,-1
24,2,453,859,50,50,1,-1,-1,-1
24,3,562,976,50,50,1,-1,-1,-1
25,1,615,679,50,50,1,-1,-1,-1
25,2,446,811,50,50,1,-1,-1,-1
25,3,544,978,50,50,1,-1,-1,-1
26,1,620,692,50,50,1,-1,-1,-1
26,2,439,770,50,50,1,-1,-1,-1
26,3,532,977,50,50,1,-1,-1,-1
27,1,626,712,50,50,1,-1,-1,-1
27,2,432,735,50,50,1,-1,-1,-1
27,3,523,985,50,50,1,-1,-1,-1
28,1,632,736,50,50,1,-1,-1,-1
28,2,426,705,50,50,1,-1,-1,-1
28,3,523,1003,50,50,1,-1,-1,-1
29,1,638,766,50,50,1,-1,-1,-1
29,2,420,681,50,50,1,-1,-1,-1
29,3,522,1024,50,50,1,-1,-1,-1
30,1,645,802,50,50,1,-1,-1,-1
30,2,415,663,50,50,1,-1,-1,-1
30,3,519,1049,50,50,1,-1,-1,-1
31,1,652,843,50,50,1,-1,-1,-1
31,2,409,651,50,50,1,-1,-1,-1
31,3,524,1082,50,50,1,-1,-1,-1
32,1,660,889,50,50,1,-1,-1,-1
32,2,404,644,50,50,1,-1,-1,-1
32,3,532,1116,50,50,1,-1,-1,-1
33,1,668,930,50,50,1,-1,-1,-1
33,2,400,643,50,50,1,-1,-1,-1
33,3,534,1144,50,50,1,-1,-1,-1
34,1,677,951,50,50,1,-1,-1,-1
34,2,395,648,50,50,1,-1,-1,-1
34,3,532,1154,50,50,1,-1,-1,-1
35,1,674,960,50,50,1,-1,-1,-1
35,2,391,658,50,50,1,-1,-1,-1
35,3,533,1141,50,50,1,-1,-1,-1
36,1,668,972,50,50,1,-1,-1,-1
36,2,387,674,50,50,1,-1,-1,-1
36,3,531,1129,50,50,1,-1,-1,-1
37,1,663,988,50,50,1,-1,-1,-1
37,2,384,696,50,50,1,-1,-1,-1
37,3,524,1025,50,50,1,-1,-1,-1
38,1,660,1008,50,50,1,-1,-1,-1
38,2,381,723,50,50,1,-1,-1,-1
38,3,513,960,50,50,1,-1,-1,-1
39,1,653,1032,50,50,1,-1,-1,-1
39,2,377,757,50,50,1,-1,-1,-1
39,3,506,905,50,50,1,-1,-1,-1
40,1,645,1062,50,50,1,-1,-1,-1
40,2,375,796,50,50,1,-1,-1,-1
40,3,497,852,50,50,1,-1,-1,-1
41,1,639,1103,50,50,1,-1,-1,-1
41,2,372,842,50,50,1,-1,-1,-1
41,3,490,803,50,50,1,-1,-1,-1
42,1,630,1130,50,50,1,-1,-1,-1
42,2,370,894,50,50,1,-1,-1,-1
42,3,483,761,50,50,1,-1,-1,-1
43,1,620,1146,50,50,1,-1,-1,-1
43,2,367,931,50,50,1,-1,-1,-1
43,3,476,725,50,50,1,-1,-1,-1
44,1,612,1151,50,50,1,-1,-1,-1
44,2,359,956,50,50,1,-1,-1,-1
44,3,469,695,50,50,1,-1,-1,-1
45,1,608,1137,50,50,1,-1,-1,-1
45,2,352,968,50,50,1,-1,-1,-1
45,3,463,671,50,50,1,-1,-1,-1
46,1,610,1103,50,50,1,-1,-1,-1
46,2,372,967,50,50,1,-1,-1,-1
46,3,457,652,50,50,1,-1,-1,-1
47,1,598,1079,50,50,1,-1,-1,-1
47,2,423,962,50,50,1,-1,-1,-1
47,3,451,640,50,50,1,-1,-1,-1
48,1,584,1000,50,50,1,-1,-1,-1
48,2,464,960,50,50,1,-1,-1,-1
48,3,446,633,50,50,1,-1,-1,-1
49,1,614,926,50,50,1,-1,-1,-1
49,2,502,959,50,50,1,-1,-1,-1
49,3,441,632,50,50,1,-1,-1,-1
50,1,612,878,50,50,1,-1,-1,-1
50,2,534,957,50,50,1,-1,-1,-1
50,3,436,637,50,50,1,-1,-1,-1
51,1,611,833,50,50,1,-1,-1,-1
51,2,569,961,50,50,1,-1,-1,-1
51,3,432,646,50,50,1,-1,-1,-1
52,1,611,794,50,50,1,-1,-1,-1
52,2,586,960,50,50,1,-1,-1,-1
52,3,428,662,50,50,1,-1,-1,-1
53,1,610,760,50,50,1,-1,-1,-1
53,2,587,979,50,50,1,-1,-1,-1
53,3,424,683,50,50,1,-1,-1,-1
54,1,610,733,50,50,1,-1,-1,-1
54,2,590,1003,50,50,1,-1,-1,-1
54,3,420,709,50,50,1,-1,-1,-1
55,1,610,710,50,50,1,-1,-1,-1
55,2,592,1035,50,50,1,-1,-1,-1
55,3,417,741,50,50,1,-1,-1,-1
56,1,611,694,50,50,1,-1,-1,-1
56,2,588,1078,50,50,1,-1,-1,-1
56,3,414,778,50,50,1,-1,-1,-1
57,1,612,683,50,50,1,-1,-1,-1
57,2,580,1132,50,50,1,-1,-1,-1
57,3,412,821,50,50,1,-1,-1,-1
58,1,613,678,50,50,1,-1,-1,-1
58,2,580,1170,50,50,1,-1,-1,-1
58,3,410,870,50,50,1,-1,-1,-1
59,1,614,679,50,50,1,-1,-1,-1
59,2,584,1185,50,50,1,-1,-1,-1
59,3,408,916,50,50,1,-1,-1,-1
60,1,616,684,50,50,1,-1,-1,-1
60,2,579,1180,50,50,1,-1,-1,-1
60,3,411,941,50,50,1,-1,-1,-1
61,1,618,696,50,50,1,-1,-1,-1
61,2,566,1151,50,50,1,-1,-1,-1
61,3,410,957,50,50,1,-1,-1,-1
62,1,621,713,50,50,1,-1,-1,-1
62,2,548,1101,50,50,1,-1,-1,-1
62,3,410,980,50,50,1,-1,-1,-1
63,1,624,736,50,50,1,-1,-1,-1
63,2,549,1039,50,50,1,-1,-1,-1
63,3,425,1009,50,50,1,-1,-1,-1
64,1,627,764,50,50,1,-1,-1,-1
64,2,550,979,50,50,1,-1,-1,-1
64,3,441,1043,50,50,1,-1,-1,-1
65,1,630,799,50,50,1,-1,-1,-1
65,2,553,923,50,50,1,-1,-1,-1
65,3,444,1074,50,50,1,-1,-1,-1
66,1,634,839,50,50,1,-1,-1,-1
66,2,555,882,50,50,1,-1,-1,-1
66,3,479,1123,50,50,1,-1,-1,-1
67,1,638,882,50,50,1,-1,-1,-1
67,2,560,824,50,50,1,-1,-1,-1
67,3,484,1181,50,50,1,-1,-1,-1
68,1,640,930,50,50,1,-1,-1,-1
68,2,558,787,50,50,1,-1,-1,-1
68,3,492,1156,50,50,1,-1,-1,-1
69,1,656,953,50,50,1,-1,-1,-1
69,2,565,744,50,50,1,-1,-1,-1
69,3,497,1139,50,50,1,-1,-1,-1
70,1,672,972,50,50,1,-1,-1,-1
70,2,563,715,50,50,1,-1,-1,-1
70,3,485,1132,50,50,1,-1,-1,-1
71,1,649,964,50,50,1,-1,-1,-1
71,2,564,695,50,50,1,-1,-1,-1
71,3,495,1070,50,50,1,-1,-1,-1
72,1,619,957,50,50,1,-1,-1,-1
72,2,567,677,50,50,1,-1,-1,-1
72,3,504,985,50,50,1,-1,-1,-1
73,1,578,963,50,50,1,-1,-1,-1
73,2,571,665,50,50,1,-1,-1,-1
73,3,459,912,50,50,1,-1,-1,-1
74,1,547,969,50,50,1,-1,-1,-1
74,2,574,658,50,50,1,-1,-1,-1
74,3,453,860,50,50,1,-1,-1,-1
75,1,523,975,50,50,1,-1,-1,-1
75,2,578,657,50,50,1,-1,-1,-1
75,3,445,811,50,50,1,-1,-1,-1
76,1,504,985,50,50,1,-1,-1,-1
76,2,582,661,50,50,1,-1,-1,-1
76,3,439,769,50,50,1,-1,-1,-1
77,1,490,990,50,50,1,-1,-1,-1
77,2,586,671,50,50,1,-1,-1,-1
77,3,433,732,50,50,1,-1,-1,-1
78,1,489,1011,50,50,1,-1,-1,-1
78,2,591,687,50,50,1,-1,-1,-1
78,3,426,701,50,50,1,-1,-1,-1
79,1,483,1032,50,50,1,-1,-1,-1
79,2,596,708,50,50,1,-1,-1,-1
79,3,421,676,50,50,1,-1,-1,-1
80,1,475,1061,50,50,1,-1,-1,-1
80,2,602,735,50,50,1,-1,-1,-1
80,3,415,657,50,50,1,-1,-1,-1
81,1,477,1100,50,50,1,-1,-1,-1
81,2,607,767,50,50,1,-1,-1,-1
81,3,410,643,50,50,1,-1,-1,-1
82,1,485,1138,50,50,1,-1,-1,-1
82,2,613,805,50,50,1,-1,-1,-1
82,3,405,635,50,50,1,-1,-1,-1
83,1,491,1158,50,50,1,-1,-1,-1
83,2,620,848,50,50,1,-1,-1,-1
83,3,401,633,50,50,1,-1,-1,-1
84,1,496,1165,50,50,1,-1,-1,-1
84,2,625,894,50,50,1,-1,-1,-1
84,3,397,635,50,50,1,-1,-1,-1
85,1,502,1153,50,50,1,-1,-1,-1
85,2,635,939,50,50,1,-1,-1,-1
85,3,393,644,50,50,1,-1,-1,-1
86,1,500,1127,50,50,1,-1,-1,-1
86,2,632,959,50,50,1,-1,-1,-1
86,3,389,658,50,50,1,-1,-1,-1
87,1,498,1116,50,50,1,-1,-1,-1
87,2,632,982,50,50,1,-1,-1,-1
87,3,386,678,50,50,1,-1,-1,-1
88,1,509,1047,50,50,1,-1,-1,-1
88,2,633,1008,50,50,1,-1,-1,-1
88,3,383,703,50,50,1,-1,-1,-1
89,1,509,973,50,50,1,-1,-1,-1
89,2,631,1037,50,50,1,-1,-1,-1
89,3,380,733,50,50,1,-1,-1,-1
90,1,468,904,50,50,1,-1,-1,-1
90,2,651,1077,50,50,1,-1,-1,-1
90,3,378,770,50,50,1,-1,-1,-1
91,1,462,858,50,50,1,-1,-1,-1
91,2,629,1118,50,50,1,-1,-1,-1
91,3,376,812,50,50,1,-1,-1,-1
92,1,455,814,50,50,1,-1,-1,-1
92,2,620,1145,50,50,1,-1,-1,-1
92,3,374,861,50,50,1,-1,-1,-1
93,1,449,777,50,50,1,-1,-1,-1
93,2,616,1159,50,50,1,-1,-1,-1
93,3,372,914,50,50,1,-1,-1,-1
94,1,443,745,50,50,1,-1,-1,-1
94,2,613,1159,50,50,1,-1,-1,-1
94,3,372,945,50,50,1,-1,-1,-1
95,1,438,720,50,50,1,-1,-1,-1
95,2,611,1144,50,50,1,-1,-1,-1
95,3,368,970,50,50,1,-1,-1,-1
96,1,432,701,50,50,1,-1,-1,-1
96,2,611,1105,50,50,1,-1,-1,-1
96,3,368,969,50,50,1,-1,-1,-1
97,1,428,687,50,50,1,-1,-1,-1
97,2,609,1079,50,50,1,-1,-1,-1
97,3,395,970,50,50,1,-1,-1,-1
98,1,423,679,50,50,1,-1,-1,-1
98,2,589,1023,50,50,1,-1,-1,-1
98,3,426,966,50,50,1,-1,-1,-1
99,1,419,676,50,50,1,-1,-1,-1
99,2,585,971,50,50,1,-1,-1,-1
99,3,465,961,50,50,1,-1,-1,-1
100,1,415,679,50,50,1,-1,-1,-1
100,2,615,920,50,50,1,-1,-1,-1
100,3,502,959,50,50,1,-1,-1,-1
101,1,411,688,50,50,1,-1,-1,-1
101,2,609,926,50,50,1,-1,-1,-1
101,3,533,962,50,50,1,-1,-1,-1
102,1,408,702,50,50,1,-1,-1,-1
102,2,564,1002,50,50,1,-1,-1,-1
102,3,561,963,50,50,1,-1,-1,-1
103,1,404,722,50,50,1,-1,-1,-1
103,2,600,1027,50,50,1,-1,-1,-1
103,3,579,966,50,50,1,-1,-1,-1
104,1,402,747,50,50,1,-1,-1,-1
104,2,602,1045,50,50,1,-1,-1,-1
104,3,581,988,50,50,1,-1,-1,-1
105,1,399,779,50,50,1,-1,-1,-1
105,2,455,944,50,50,1,-1,-1,-1
105,3,584,1012,50,50,1,-1,-1,-1
106,1,397,816,50,50,1,-1,-1,-1
106,2,445,954,50,50,1,-1,-1,-1
106,3,585,1042,50,50,1,-1,-1,-1
107,1,395,858,50,50,1,-1,-1,-1
107,2,432,956,50,50,1,-1,-1,-1
107,3,581,1083,50,50,1,-1,-1,-1
108,1,393,908,50,50,1,-1,-1,-1
108,2,371,983,50,50,1,-1,-1,-1
108,3,575,1125,50,50,1,-1,-1,-1
109,1,397,976,50,50,1,-1,-1,-1
109,2,609,602,50,50,1,-1,-1,-1
109,3,577,1172,50,50,1,-1,-1,-1
110,1,397,976,50,50,1,-1,-1,-1
110,2,609,602,50,50,1,-1,-1,-1
110,3,577,1172,50,50,1,-1,-1,-1
111,1,397,994,50,50,1,-1,-1,-1
111,2,611,608,50,50,1,-1,-1,-1
111,3,564,1161,50,50,1,-1,-1,-1
112,1,418,1044,50,50,1,-1,-1,-1
112,2,616,637,50,50,1,-1,-1,-1
112,3,543,1085,50,50,1,-1,-1,-1
113,1,418,1044,50,50,1,-1,-1,-1
113,2,616,637,50,50,1,-1,-1,-1
113,3,543,1085,50,50,1,-1,-1,-1
114,1,434,1072,50,50,1,-1,-1,-1
114,2,619,659,50,50,1,-1,-1,-1
114,3,544,1073,50,50,1,-1,-1,-1
115,1,478,1144,50,50,1,-1,-1,-1
115,2,625,722,50,50,1,-1,-1,-1
115,3,561,1012,50,50,1,-1,-1,-1
116,1,478,1144,50,50,1,-1,-1,-1
116,2,625,722,50,50,1,-1,-1,-1
116,3,593,938,50,50,1,-1,-1,-1
117,1,487,1162,50,50,1,-1,-1,-1
117,2,629,762,50,50,1,-1,-1,-1
117,3,599,920,50,50,1,-1,-1,-1
118,1,493,1165,50,50,1,-1,-1,-1
118,2,638,859,50,50,1,-1,-1,-1
118,3,587,932,50,50,1,-1,-1,-1
119,1,491,1136,50,50,1,-1,-1,-1
119,2,651,975,50,50,1,-1,-1,-1
119,3,641,907,50,50,1,-1,-1,-1
120,1,491,1136,50,50,1,-1,-1,-1
120,2,651,975,50,50,1,-1,-1,-1
120,3,681,938,50,50,1,-1,-1,-1
121,1,461,1015,50,50,1,-1,-1,-1
121,2,658,938,50,50,1,-1,-1,-1
121,3,564,734,50,50,1,-1,-1,-1
122,1,454,955,50,50,1,-1,-1,-1
122,2,644,942,50,50,1,-1,-1,-1
122,3,564,723,50,50,1,-1,-1,-1
123,1,455,955,50,50,1,-1,-1,-1
123,2,644,942,50,50,1,-1,-1,-1
123,3,564,723,50,50,1,-1,-1,-1
124,1,462,943,50,50,1,-1,-1,-1
124,2,588,936,50,50,1,-1,-1,-1
124,3,572,717,50,50,1,-1,-1,-1
125,1,496,1007,50,50,1,-1,-1,-1
125,2,530,978,50,50,1,-1,-1,-1
125,3,575,722,50,50,1,-1,-1,-1
126,1,508,986,50,50,1,-1,-1,-1
126,2,495,1019,50,50,1,-1,-1,-1
126,3,581,733,50,50,1,-1,-1,-1
127,1,548,949,50,50,1,-1,-1,-1
127,2,497,1033,50,50,1,-1,-1,-1
127,3,586,749,50,50,1,-1,-1,-1
128,1,595,939,50,50,1,-1,-1,-1
128,2,502,1048,50,50,1,-1,-1,-1
128,3,592,771,50,50,1,-1,-1,-1
129,1,585,942,50,50,1,-1,-1,-1
129,2,507,1063,50,50,1,-1,-1,-1
129,3,596,800,50,50,1,-1,-1,-1
130,1,561,979,50,50,1,-1,-1,-1
130,2,494,1062,50,50,1,-1,-1,-1
130,3,601,833,50,50,1,-1,-1,-1
131,1,614,957,50,50,1,-1,-1,-1
131,2,498,1100,50,50,1,-1,-1,-1
131,3,608,873,50,50,1,-1,-1,-1
132,1,621,970,50,50,1,-1,-1,-1
132,2,498,1130,50,50,1,-1,-1,-1
132,3,613,914,50,50,1,-1,-1,-1
133,1,581,977,50,50,1,-1,-1,-1
133,2,498,1147,50,50,1,-1,-1,-1
133,3,620,962,50,50,1,-1,-1,-1
134,1,629,981,50,50,1,-1,-1,-1
134,2,488,1171,50,50,1,-1,-1,-1
134,3,623,1044,50,50,1,-1,-1,-1
135,1,631,1000,50,50,1,-1,-1,-1
135,2,502,1116,50,50,1,-1,-1,-1
135,3,376,670,50,50,1,-1,-1,-1
136,1,628,1021,50,50,1,-1,-1,-1
136,2,491,1054,50,50,1,-1,-1,-1
136,3,372,686,50,50,1,-1,-1,-1
137,1,624,1043,50,50,1,-1,-1,-1
137,2,480,996,50,50,1,-1,-1,-1
137,3,457,1034,50,50,1,-1,-1,-1
138,1,615,1066,50,50,1,-1,-1,-1
138,2,475,944,50,50,1,-1,-1,-1
138,3,495,1002,50,50,1,-1,-1,-1
139,1,608,1092,50,50,1,-1,-1,-1
139,2,472,889,50,50,1,-1,-1,-1
139,3,446,925,50,50,1,-1,-1,-1
140,1,615,1124,50,50,1,-1,-1,-1
140,2,467,840,50,50,1,-1,-1,-1
140,3,359,807,50,50,1,-1,-1,-1
141,1,610,1146,50,50,1,-1,-1,-1
141,2,463,797,50,50,1,-1,-1,-1
141,3,356,848,50,50,1,-1,-1,-1
142,1,605,1151,50,50,1,-1,-1,-1
142,2,459,760,50,50,1,-1,-1,-1
142,3,409,939,50,50,1,-1,-1,-1
143,1,600,1146,50,50,1,-1,-1,-1
143,2,455,729,50,50,1,-1,-1,-1
143,3,352,939,50,50,1,-1,-1,-1
144,1,602,1146,50,50,1,-1,-1,-1
144,2,451,703,50,50,1,-1,-1,-1
144,3,343,959,50,50,1,-1,-1,-1
145,1,582,1064,50,50,1,-1,-1,-1
145,2,448,683,50,50,1,-1,-1,-1
145,3,339,973,50,50,1,-1,-1,-1
146,1,597,998,50,50,1,-1,-1,-1
146,2,445,669,50,50,1,-1,-1,-1
146,3,367,963,50,50,1,-1,-1,-1
147,1,628,950,50,50,1,-1,-1,-1
147,2,442,660,50,50,1,-1,-1,-1
147,3,404,956,50,50,1,-1,-1,-1
148,1,600,898,50,50,1,-1,-1,-1
148,2,440,657,50,50,1,-1,-1,-1
148,3,453,947,50,50,1,-1,-1,-1
149,1,601,849,50,50,1,-1,-1,-1
149,2,438,659,50,50,1,-1,-1,-1
149,3,498,945,50,50,1,-1,-1,-1
150,1,603,805,50,50,1,-1,-1,-1
150,2,436,667,50,50,1,-1,-1,-1
150,3,541,944,50,50,1,-1,-1,-1
151,1,603,765,50,50,1,-1,-1,-1
151,2,434,680,50,50,1,-1,-1,-1
151,3,570,943,50,50,1,-1,-1,-1
152,1,602,733,50,50,1,-1,-1,-1
152,2,433,700,50,50,1,-1,-1,-1
152,3,584,954,50,50,1,-1,-1,-1
153,1,603,707,50,50,1,-1,-1,-1
153,2,432,725,50,50,1,-1,-1,-1
153,3,594,975,50,50,1,-1,-1,-1
154,1,605,686,50,50,1,-1,-1,-1
154,2,431,755,50,50,1,-1,-1,-1
154,3,597,1008,50,50,1,-1,-1,-1
155,1,607,670,50,50,1,-1,-1,-1
155,2,431,792,50,50,1,-1,-1,-1
155,3,593,1048,50,50,1,-1,-1,-1
156,1,609,660,50,50,1,-1,-1,-1
156,2,431,834,50,50,1,-1,-1,-1
156,3,590,1111,50,50,1,-1,-1,-1
157,1,612,656,50,50,1,-1,-1,-1
157,2,432,883,50,50,1,-1,-1,-1
157,3,589,1150,50,50,1,-1,-1,-1
158,1,615,657,50,50,1,-1,-1,-1
158,2,433,934,50,50,1,-1,-1,-1
158,3,586,1170,50,50,1,-1,-1,-1
159,1,618,664,50,50,1,-1,-1,-1
159,2,435,965,50,50,1,-1,-1,-1
159,3,577,1167,50,50,1,-1,-1,-1
160,1,622,676,50,50,1,-1,-1,-1
160,2,435,990,50,50,1,-1,-1,-1
160,3,564,1141,50,50,1,-1,-1,-1
161,1,625,694,50,50,1,-1,-1,-1
161,2,439,1013,50,50,1,-1,-1,-1
161,3,551,1125,50,50,1,-1,-1,-1
162,1,630,717,50,50,1,-1,-1,-1
162,2,446,1040,50,50,1,-1,-1,-1
162,3,542,1071,50,50,1,-1,-1,-1
163,1,634,747,50,50,1,-1,-1,-1
163,2,438,1067,50,50,1,-1,-1,-1
163,3,539,1021,50,50,1,-1,-1,-1
164,1,639,781,50,50,1,-1,-1,-1
164,2,470,1117,50,50,1,-1,-1,-1
164,3,535,972,50,50,1,-1,-1,-1
165,1,645,822,50,50,1,-1,-1,-1
165,2,482,1142,50,50,1,-1,-1,-1
165,3,555,955,50,50,1,-1,-1,-1
166,1,650,867,50,50,1,-1,-1,-1
166,2,488,1156,50,50,1,-1,-1,-1
166,3,600,936,50,50,1,-1,-1,-1
167,1,655,915,50,50,1,-1,-1,-1
167,2,489,1149,50,50,1,-1,-1,-1
167,3,607,944,50,50,1,-1,-1,-1
168,1,665,942,50,50,1,-1,-1,-1
168,2,484,1122,50,50,1,-1,-1,-1
168,3,561,745,50,50,1,-1,-1,-1
169,1,678,959,50,50,1,-1,-1,-1
169,2,466,1057,50,50,1,-1,-1,-1
169,3,560,717,50,50,1,-1,-1,-1
170,1,650,953,50,50,1,-1,-1,-1
170,2,453,986,50,50,1,-1,-1,-1
170,3,561,699,50,50,1,-1,-1,-1
171,1,600,953,50,50,1,-1,-1,-1
171,2,445,933,50,50,1,-1,-1,-1
171,3,564,682,50,50,1,-1,-1,-1
172,1,563,954,50,50,1,-1,-1,-1
172,2,435,878,50,50,1,-1,-1,-1
172,3,568,672,50,50,1,-1,-1,-1
173,1,531,969,50,50,1,-1,-1,-1
173,2,424,826,50,50,1,-1,-1,-1
173,3,571,667,50,50,1,-1,-1,-1
174,1,505,976,50,50,1,-1,-1,-1
174,2,414,781,50,50,1,-1,-1,-1
174,3,575,667,50,50,1,-1,-1,-1
175,1,489,989,50,50,1,-1,-1,-1
175,2,405,741,50,50,1,-1,-1,-1
175,3,580,674,50,50,1,-1,-1,-1
176,1,488,1007,50,50,1,-1,-1,-1
176,2,395,707,50,50,1,-1,-1,-1
176,3,584,685,50,50,1,-1,-1,-1
177,1,485,1022,50,50,1,-1,-1,-1
177,2,386,678,50,50,1,-1,-1,-1
177,3,589,703,50,50,1,-1,-1,-1
178,1,480,1048,50,50,1,-1,-1,-1
178,2,377,655,50,50,1,-1,-1,-1
178,3,594,726,50,50,1,-1,-1,-1
179,1,489,1090,50,50,1,-1,-1,-1
179,2,368,638,50,50,1,-1,-1,-1
179,3,600,755,50,50,1,-1,-1,-1
180,1,487,1127,50,50,1,-1,-1,-1
180,2,360,627,50,50,1,-1,-1,-1
180,3,606,790,50,50,1,-1,-1,-1
181,1,486,1150,50,50,1,-1,-1,-1
181,2,352,621,50,50,1,-1,-1,-1
181,3,613,831,50,50,1,-1,-1,-1
182,1,487,1153,50,50,1,-1,-1,-1
182,2,344,621,50,50,1,-1,-1,-1
182,3,619,877,50,50,1,-1,-1,-1
183,1,490,1137,50,50,1,-1,-1,-1
183,2,336,627,50,50,1,-1,-1,-1
183,3,626,919,50,50,1,-1,-1,-1
184,1,496,1128,50,50,1,-1,-1,-1
184,2,329,639,50,50,1,-1,-1,-1
184,3,625,946,50,50,1,-1,-1,-1
185,1,473,1078,50,50,1,-1,-1,-1
185,2,321,656,50,50,1,-1,-1,-1
185,3,637,975,50,50,1,-1,-1,-1
186,1,436,1005,50,50,1,-1,-1,-1
186,2,314,680,50,50,1,-1,-1,-1
186,3,635,1003,50,50,1,-1,-1,-1
187,1,459,908,50,50,1,-1,-1,-1
187,2,308,709,50,50,1,-1,-1,-1
187,3,630,1036,50,50,1,-1,-1,-1
188,1,455,860,50,50,1,-1,-1,-1
188,2,302,745,50,50,1,-1,-1,-1
188,3,611,1066,50,50,1,-1,-1,-1
189,1,450,809,50,50,1,-1,-1,-1
189,2,296,786,50,50,1,-1,-1,-1
189,3,612,1121,50,50,1,-1,-1,-1
190,1,445,765,50,50,1,-1,-1,-1
190,2,290,835,50,50,1,-1,-1,-1
190,3,603,1150,50,50,1,-1,-1,-1
191,1,441,728,50,50,1,-1,-1,-1
191,2,285,882,50,50,1,-1,-1,-1
191,3,599,1167,50,50,1,-1,-1,-1
192,1,437,696,50,50,1,-1,-1,-1
192,2,260,914,50,50,1,-1,-1,-1
192,3,594,1163,50,50,1,-1,-1,-1
193,1,433,671,50,50,1,-1,-1,-1
193,2,282,898,50,50,1,-1,-1,-1
193,3,590,1143,50,50,1,-1,-1,-1
194,1,429,650,50,50,1,-1,-1,-1
194,2,300,899,50,50,1,-1,-1,-1
194,3,590,1102,50,50,1,-1,-1,-1
195,1,426,636,50,50,1,-1,-1,-1
195,2,300,903,50,50,1,-1,-1,-1
195,3,572,1067,50,50,1,-1,-1,-1
196,1,423,628,50,50,1,-1,-1,-1
196,2,337,929,50,50,1,-1,-1,-1
196,3,556,981,50,50,1,-1,-1,-1
197,1,421,625,50,50,1,-1,-1,-1
197,2,437,958,50,50,1,-1,-1,-1
197,3,592,907,50,50,1,-1,-1,-1
198,1,419,628,50,50,1,-1,-1,-1
198,2,565,959,50,50,1,-1,-1,-1
198,3,593,856,50,50,1,-1,-1,-1
199,1,417,637,50,50,1,-1,-1,-1
199,2,594,899,50,50,1,-1,-1,-1
199,3,595,807,50,50,1,-1,-1,-1
200,1,415,651,50,50,1,-1,-1,-1
200,2,579,915,50,50,1,-1,-1,-1
200,3,596,765,50,50,1,-1,-1,-1
201,1,414,671,50,50,1,-1,-1,-1
201,2,565,948,50,50,1,-1,-1,-1
201,3,598,728,50,50,1,-1,-1,-1
202,1,413,697,50,50,1,-1,-1,-1
202,2,566,972,50,50,1,-1,-1,-1
202,3,600,697,50,50,1,-1,-1,-1
203,1,412,729,50,50,1,-1,-1,-1
203,2,569,1002,50,50,1,-1,-1,-1
203,3,603,672,50,50,1,-1,-1,-1
204,1,411,767,50,50,1,-1,-1,-1
204,2,569,1040,50,50,1,-1,-1,-1
204,3,606,652,50,50,1,-1,-1,-1
205,1,411,811,50,50,1,-1,-1,-1
205,2,566,1089,50,50,1,-1,-1,-1
205,3,610,639,50,50,1,-1,-1,-1
206,1,411,861,50,50,1,-1,-1,-1
206,2,568,1142,50,50,1,-1,-1,-1
206,3,613,631,50,50,1,-1,-1,-1
207,1,412,910,50,50,1,-1,-1,-1
207,2,574,1171,50,50,1,-1,-1,-1
207,3,617,628,50,50,1,-1,-1,-1
208,1,417,944,50,50,1,-1,-1,-1
208,2,574,1172,50,50,1,-1,-1,-1
208,3,622,632,50,50,1,-1,-1,-1
209,1,419,967,50,50,1,-1,-1,-1
209,2,563,1144,50,50,1,-1,-1,-1
209,3,626,640,50,50,1,-1,-1,-1
210,1,427,996,50,50,1,-1,-1,-1
210,2,562,1107,50,50,1,-1,-1,-1
210,3,631,655,50,50,1,-1,-1,-1
211,1,438,1029,50,50,1,-1,-1,-1
211,2,537,1074,50,50,1,-1,-1,-1
211,3,637,675,50,50,1,-1,-1,-1
212,1,450,1066,50,50,1,-1,-1,-1
212,2,536,1016,50,50,1,-1,-1,-1
212,3,642,702,50,50,1,-1,-1,-1
213,1,471,1120,50,50,1,-1,-1,-1
213,2,534,973,50,50,1,-1,-1,-1
213,3,648,734,50,50,1,-1,-1,-1
214,1,484,1157,50,50,1,-1,-1,-1
214,2,577,984,50,50,1,-1,-1,-1
214,3,655,772,50,50,1,-1,-1,-1
215,1,492,1172,50,50,1,-1,-1,-1
215,2,592,917,50,50,1,-1,-1,-1
215,3,662,816,50,50,1,-1,-1,-1
216,1,497,1169,50,50,1,-1,-1,-1
216,2,563,771,50,50,1,-1,-1,-1
216,3,669,867,50,50,1,-1,-1,-1
217,1,496,1148,50,50,1,-1,-1,-1
217,2,564,732,50,50,1,-1,-1,-1
217,3,675,905,50,50,1,-1,-1,-1
218,1,490,1114,50,50,1,-1,-1,-1
218,2,564,704,50,50,1,-1,-1,-1
218,3,684,929,50,50,1,-1,-1,-1
219,1,487,1073,50,50,1,-1,-1,-1
219,2,567,681,50,50,1,-1,-1,-1
219,3,676,932,50,50,1,-1,-1,-1
220,1,498,989,50,50,1,-1,-1,-1
220,2,571,662,50,50,1,-1,-1,-1
220,3,626,934,50,50,1,-1,-1,-1
221,1,450,916,50,50,1,-1,-1,-1
221,2,574,649,50,50,1,-1,-1,-1
221,3,583,947,50,50,1,-1,-1,-1
222,1,441,863,50,50,1,-1,-1,-1
222,2,578,642,50,50,1,-1,-1,-1
222,3,549,955,50,50,1,-1,-1,-1
223,1,429,810,50,50,1,-1,-1,-1
223,2,582,640,50,50,1,-1,-1,-1
223,3,522,970,50,50,1,-1,-1,-1
224,1,421,768,50,50,1,-1,-1,-1
224,2,587,643,50,50,1,-1,-1,-1
224,3,498,981,50,50,1,-1,-1,-1
225,1,411,730,50,50,1,-1,-1,-1
225,2,592,652,50,50,1,-1,-1,-1
225,3,468,983,50,50,1,-1,-1,-1
226,1,403,698,50,50,1,-1,-1,-1
226,2,597,667,50,50,1,-1,-1,-1
226,3,495,1020,50,50,1,-1,-1,-1
227,1,394,671,50,50,1,-1,-1,-1
227,2,602,688,50,50,1,-1,-1,-1
227,3,502,1082,50,50,1,-1,-1,-1
228,1,386,651,50,50,1,-1,-1,-1
228,2,608,714,50,50,1,-1,-1,-1
228,3,491,1122,50,50,1,-1,-1,-1
229,1,378,635,50,50,1,-1,-1,-1
229,2,614,746,50,50,1,-1,-1,-1
229,3,497,1152,50,50,1,-1,-1,-1
230,1,370,626,50,50,1,-1,-1,-1
230,2,620,783,50,50,1,-1,-1,-1
230,3,492,1155,50,50,1,-1,-1,-1
231,1,363,623,50,50,1,-1,-1,-1
231,2,627,826,50,50,1,-1,-1,-1
231,3,494,1170,50,50,1,-1,-1,-1
232,1,356,625,50,50,1,-1,-1,-1
232,2,634,874,50,50,1,-1,-1,-1
232,3,496,1168,50,50,1,-1,-1,-1
233,1,349,633,50,50,1,-1,-1,-1
233,2,641,916,50,50,1,-1,-1,-1
233,3,486,1166,50,50,1,-1,-1,-1
234,1,342,646,50,50,1,-1,-1,-1
234,2,646,946,50,50,1,-1,-1,-1
234,3,474,1118,50,50,1,-1,-1,-1
235,1,336,665,50,50,1,-1,-1,-1
235,2,650,970,50,50,1,-1,-1,-1
235,3,451,1038,50,50,1,-1,-1,-1
236,1,330,690,50,50,1,-1,-1,-1
236,2,646,1005,50,50,1,-1,-1,-1
236,3,437,992,50,50,1,-1,-1,-1
237,1,325,720,50,50,1,-1,-1,-1
237,2,636,1042,50,50,1,-1,-1,-1
237,3,483,943,50,50,1,-1,-1,-1
238,1,319,756,50,50,1,-1,-1,-1
238,2,626,1100,50,50,1,-1,-1,-1
238,3,466,868,50,50,1,-1,-1,-1
239,1,314,798,50,50,1,-1,-1,-1
239,2,612,1141,50,50,1,-1,-1,-1
239,3,452,791,50,50,1,-1,-1,-1
240,1,310,846,50,50,1,-1,-1,-1
240,2,606,1161,50,50,1,-1,-1,-1
240,3,447,751,50,50,1,-1,-1,-1
241,1,306,896,50,50,1,-1,-1,-1
241,2,600,1162,50,50,1,-1,-1,-1
241,3,441,714,50,50,1,-1,-1,-1
242,1,299,935,50,50,1,-1,-1,-1
242,2,594,1145,50,50,1,-1,-1,-1
242,3,436,683,50,50,1,-1,-1,-1
243,1,305,951,50,50,1,-1,-1,-1
243,2,592,1109,50,50,1,-1,-1,-1
243,3,431,658,50,50,1,-1,-1,-1
244,1,319,949,50,50,1,-1,-1,-1
244,2,604,1077,50,50,1,-1,-1,-1
244,3,427,639,50,50,1,-1,-1,-1
245,1,355,939,50,50,1,-1,-1,-1
245,2,562,988,50,50,1,-1,-1,-1
245,3,423,626,50,50,1,-1,-1,-1
246,1,413,928,50,50,1,-1,-1,-1
246,2,593,909,50,50,1,-1,-1,-1
246,3,419,618,50,50,1,-1,-1,-1
247,1,461,929,50,50,1,-1,-1,-1
247,2,594,855,50,50,1,-1,-1,-1
247,3,415,616,50,50,1,-1,-1,-1
248,1,508,934,50,50,1,-1,-1,-1
248,2,595,802,50,50,1,-1,-1,-1
248,3,412,619,50,50,1,-1,-1,-1
249,1,547,940,50,50,1,-1,-1,-1
249,2,594,751,50,50,1,-1,-1,-1
249,3,409,628,50,50,1,-1,-1,-1
250,1,576,942,50,50,1,-1,-1,-1
250,2,593,714,50,50,1,-1,-1,-1
250,3,406,643,50,50,1,-1,-1,-1
251,1,585,958,50,50,1,-1,-1,-1
251,2,594,679,50,50,1,-1,-1,-1
251,3,404,663,50,50,1,-1,-1,-1
252,1,595,981,50,50,1,-1,-1,-1
252,2,595,650,50,50,1,-1,-1,-1
252,3,401,690,50,50,1,-1,-1,-1
253,1,601,1017,50,50,1,-1,-1,-1
253,2,597,626,50,50,1,-1,-1,-1
253,3,400,722,50,50,1,-1,-1,-1
254,1,597,1057,50,50,1,-1,-1,-1
254,2,599,609,50,50,1,-1,-1,-1
254,3,398,760,50,50,1,-1,-1,-1
255,1,600,1117,50,50,1,-1,-1,-1
255,2,601,597,50,50,1,-1,-1,-1
255,3,397,804,50,50,1,-1,-1,-1
256,1,591,1156,50,50,1,-1,-1,-1
256,2,603,591,50,50,1,-1,-1,-1
256,3,396,855,50,50,1,-1,-1,-1
257,1,583,1171,50,50,1,-1,-1,-1
257,2,606,590,50,50,1,-1,-1,-1
257,3,395,907,50,50,1,-1,-1,-1
258,1,573,1164,50,50,1,-1,-1,-1
258,2,609,594,50,50,1,-1,-1,-1
258,3,404,946,50,50,1,-1,-1,-1
259,1,556,1136,50,50,1,-1,-1,-1
259,2,612,604,50,50,1,-1,-1,-1
259,3,408,970,50,50,1,-1,-1,-1
260,1,544,1088,50,50,1,-1,-1,-1
260,2,616,619,50,50,1,-1,-1,-1
260,3,414,994,50,50,1,-1,-1,-1
261,1,544,1024,50,50,1,-1,-1,-1
261,2,620,641,50,50,1,-1,-1,-1
261,3,420,1021,50,50,1,-1,-1,-1
262,1,543,966,50,50,1,-1,-1,-1
262,2,624,667,50,50,1,-1,-1,-1
262,3,432,1055,50,50,1,-1,-1,-1
263,1,544,913,50,50,1,-1,-1,-1
263,2,628,700,50,50,1,-1,-1,-1
263,3,453,1111,50,50,1,-1,-1,-1
264,1,543,872,50,50,1,-1,-1,-1
264,2,633,737,50,50,1,-1,-1,-1
264,3,470,1139,50,50,1,-1,-1,-1
265,1,541,819,50,50,1,-1,-1,-1
265,2,639,781,50,50,1,-1,-1,-1
265,3,484,1161,50,50,1,-1,-1,-1
266,1,541,779,50,50,1,-1,-1,-1
266,2,645,830,50,50,1,-1,-1,-1
266,3,491,1164,50,50,1,-1,-1,-1
267,1,545,740,50,50,1,-1,-1,-1
267,2,649,881,50,50,1,-1,-1,-1
267,3,492,1146,50,50,1,-1,-1,-1
268,1,541,713,50,50,1,-1,-1,-1
268,2,637,910,50,50,1,-1,-1,-1
268,3,482,1109,50,50,1,-1,-1,-1
269,1,541,696,50,50,1,-1,-1,-1
269,2,467,1026,50,50,1,-1,-1,-1
269,3,474,1075,50,50,1,-1,-1,-1
270,1,542,679,50,50,1,-1,-1,-1
270,2,440,1021,50,50,1,-1,-1,-1
270,3,487,1021,50,50,1,-1,-1,-1
271,1,543,669,50,50,1,-1,-1,-1
271,2,447,943,50,50,1,-1,-1,-1
271,3,489,963,50,50,1,-1,-1,-1
272,1,544,664,50,50,1,-1,-1,-1
272,2,444,869,50,50,1,-1,-1,-1
272,3,475,951,50,50,1,-1,-1,-1
273,1,546,665,50,50,1,-1,-1,-1
273,2,426,788,50,50,1,-1,-1,-1
273,3,475,954,50,50,1,-1,-1,-1
274,1,548,672,50,50,1,-1,-1,-1
274,2,415,739,50,50,1,-1,-1,-1
274,3,476,960,50,50,1,-1,-1,-1
275,1,550,684,50,50,1,-1,-1,-1
275,2,405,698,50,50,1,-1,-1,-1
275,3,495,1003,50,50,1,-1,-1,-1
276,1,553,702,50,50,1,-1,-1,-1
276,2,396,663,50,50,1,-1,-1,-1
276,3,495,1022,50,50,1,-1,-1,-1
277,1,558,723,50,50,1,-1,-1,-1
277,2,387,634,50,50,1,-1,-1,-1
277,3,489,1039,50,50,1,-1,-1,-1
278,1,565,753,50,50,1,-1,-1,-1
278,2,379,611,50,50,1,-1,-1,-1
278,3,497,1068,50,50,1,-1,-1,-1
279,1,569,792,50,50,1,-1,-1,-1
279,2,370,593,50,50,1,-1,-1,-1
279,3,495,1089,50,50,1,-1,-1,-1
280,1,573,830,50,50,1,-1,-1,-1
280,2,362,581,50,50,1,-1,-1,-1
280,3,499,1121,50,50,1,-1,-1,-1
281,1,572,881,50,50,1,-1,-1,-1
281,2,354,575,50,50,1,-1,-1,-1
281,3,498,1146,50,50,1,-1,-1,-1
282,1,575,927,50,50,1,-1,-1,-1
282,2,346,574,50,50,1,-1,-1,-1
282,3,495,1155,50,50,1,-1,-1,-1
283,1,586,955,50,50,1,-1,-1,-1
283,2,338,579,50,50,1,-1,-1,-1
283,3,498,1143,50,50,1,-1,-1,-1
284,1,591,974,50,50,1,-1,-1,-1
284,2,331,589,50,50,1,-1,-1,-1
284,3,501,1106,50,50,1,-1,-1,-1
285,1,588,995,50,50,1,-1,-1,-1
285,2,324,606,50,50,1,-1,-1,-1
285,3,479,1042,50,50,1,-1,-1,-1
286,1,586,1022,50,50,1,-1,-1,-1
286,2,317,628,50,50,1,-1,-1,-1
286,3,465,977,50,50,1,-1,-1,-1
287,1,587,1056,50,50,1,-1,-1,-1
287,2,311,655,50,50,1,-1,-1,-1
287,3,461,915,50,50,1,-1,-1,-1
288,1,583,1096,50,50,1,-1,-1,-1
288,2,304,689,50,50,1,-1,-1,-1
288,3,454,866,50,50,1,-1,-1,-1
289,1,584,1142,50,50,1,-1,-1,-1
289,2,299,730,50,50,1,-1,-1,-1
289,3,446,814,50,50,1,-1,-1,-1
290,1,586,1172,50,50,1,-1,-1,-1
290,2,293,777,50,50,1,-1,-1,-1
290,3,439,768,50,50,1,-1,-1,-1
291,1,587,1183,50,50,1,-1,-1,-1
291,2,288,830,50,50,1,-1,-1,-1
291,3,432,727,50,50,1,-1,-1,-1
292,1,584,1184,50,50,1,-1,-1,-1
292,2,283,874,50,50,1,-1,-1,-1
292,3,426,692,50,50,1,-1,-1,-1
293,1,579,1172,50,50,1,-1,-1,-1
293,2,269,901,50,50,1,-1,-1,-1
293,3,419,663,50,50,1,-1,-1,-1
294,1,572,1143,50,50,1,-1,-1,-1
294,2,265,915,50,50,1,-1,-1,-1
294,3,414,641,50,50,1,-1,-1,-1
295,1,560,1073,50,50,1,-1,-1,-1
295,2,287,915,50,50,1,-1,-1,-1
295,3,408,624,50,50,1,-1,-1,-1
296,1,574,1010,50,50,1,-1,-1,-1
296,2,347,901,50,50,1,-1,-1,-1
296,3,403,613,50,50,1,-1,-1,-1
297,1,577,946,50,50,1,-1,-1,-1
297,2,410,915,50,50,1,-1,-1,-1
297,3,398,607,50,50,1,-1,-1,-1
298,1,578,891,50,50,1,-1,-1,-1
298,2,466,955,50,50,1,-1,-1,-1
298,3,394,608,50,50,1,-1,-1,-1
299,1,581,835,50,50,1,-1,-1,-1
299,2,480,980,50,50,1,-1,-1,-1
299,3,390,613,50,50,1,-1,-1,-1
300,1,582,786,50,50,1,-1,-1,-1
300,2,555,969,50,50,1,-1,-1,-1
300,3,386,624,50,50,1,-1,-1,-1
301,1,581,738,50,50,1,-1,-1,-1
301,2,584,931,50,50,1,-1,-1,-1
301,3,382,641,50,50,1,-1,-1,-1
302,1,582,704,50,50,1,-1,-1,-1
302,2,570,956,50,50,1,-1,-1,-1
302,3,379,664,50,50,1,-1,-1,-1
303,1,583,669,50,50,1,-1,-1,-1
303,2,564,1019,50,50,1,-1,-1,-1
303,3,376,692,50,50,1,-1,-1,-1
304,1,586,645,50,50,1,-1,-1,-1
304,2,559,1049,50,50,1,-1,-1,-1
304,3,373,726,50,50,1,-1,-1,-1
305,1,588,622,50,50,1,-1,-1,-1
305,2,562,1054,50,50,1,-1,-1,-1
305,3,370,766,50,50,1,-1,-1,-1
306,1,591,608,50,50,1,-1,-1,-1
306,2,578,1070,50,50,1,-1,-1,-1
306,3,368,811,50,50,1,-1,-1,-1
307,1,595,600,50,50,1,-1,-1,-1
307,2,555,1140,50,50,1,-1,-1,-1
307,3,366,862,50,50,1,-1,-1,-1
308,1,599,597,50,50,1,-1,-1,-1
308,2,559,1165,50,50,1,-1,-1,-1
308,3,365,918,50,50,1,-1,-1,-1
309,1,602,599,50,50,1,-1,-1,-1
309,2,558,1174,50,50,1,-1,-1,-1
309,3,362,966,50,50,1,-1,-1,-1
310,1,607,606,50,50,1,-1,-1,-1
310,2,544,1154,50,50,1,-1,-1,-1
310,3,369,1000,50,50,1,-1,-1,-1
311,1,611,620,50,50,1,-1,-1,-1
311,2,529,1109,50,50,1,-1,-1,-1
311,3,381,1026,50,50,1,-1,-1,-1
312,1,616,639,50,50,1,-1,-1,-1
312,2,531,1044,50,50,1,-1,-1,-1
312,3,399,1057,50,50,1,-1,-1,-1
313,1,621,664,50,50,1,-1,-1,-1
313,2,528,985,50,50,1,-1,-1,-1
313,3,420,1096,50,50,1,-1,-1,-1
314,1,627,695,50,50,1,-1,-1,-1
314,2,533,925,50,50,1,-1,-1,-1
314,3,447,1138,50,50,1,-1,-1,-1
315,1,633,733,50,50,1,-1,-1,-1
315,2,537,886,50,50,1,-1,-1,-1
315,3,475,1159,50,50,1,-1,-1,-1
316,1,639,775,50,50,1,-1,-1,-1
316,2,540,834,50,50,1,-1,-1,-1
316,3,491,1167,50,50,1,-1,-1,-1
317,1,646,825,50,50,1,-1,-1,-1
317,2,541,786,50,50,1,-1,-1,-1
317,3,498,1161,50,50,1,-1,-1,-1
318,1,652,878,50,50,1,-1,-1,-1
318,2,550,739,50,50,1,-1,-1,-1
318,3,497,1141,50,50,1,-1,-1,-1
319,1,670,914,50,50,1,-1,-1,-1
319,2,549,709,50,50,1,-1,-1,-1
319,3,485,1101,50,50,1,-1,-1,-1
320,1,666,914,50,50,1,-1,-1,-1
320,2,553,687,50,50,1,-1,-1,-1
320,3,474,1020,50,50,1,-1,-1,-1
321,1,637,913,50,50,1,-1,-1,-1
321,2,557,667,50,50,1,-1,-1,-1
321,3,459,957,50,50,1,-1,-1,-1
322,1,583,925,50,50,1,-1,-1,-1
322,2,562,653,50,50,1,-1,-1,-1
322,3,450,901,50,50,1,-1,-1,-1
323,1,546,937,50,50,1,-1,-1,-1
323,2,566,644,50,50,1,-1,-1,-1
323,3,440,844,50,50,1,-1,-1,-1
324,1,518,955,50,50,1,-1,-1,-1
324,2,571,642,50,50,1,-1,-1,-1
324,3,430,796,50,50,1,-1,-1,-1
325,1,498,966,50,50,1,-1,-1,-1
325,2,577,645,50,50,1,-1,-1,-1
325,3,421,756,50,50,1,-1,-1,-1
326,1,490,978,50,50,1,-1,-1,-1
326,2,582,653,50,50,1,-1,-1,-1
326,3,412,719,50,50,1,-1,-1,-1
327,1,489,996,50,50,1,-1,-1,-1
327,2,588,666,50,50,1,-1,-1,-1
327,3,403,689,50,50,1,-1,-1,-1
328,1,490,1024,50,50,1,-1,-1,-1
328,2,594,686,50,50,1,-1,-1,-1
328,3,395,664,50,50,1,-1,-1,-1
329,1,486,1055,50,50,1,-1,-1,-1
329,2,601,711,50,50,1,-1,-1,-1
329,3,387,645,50,50,1,-1,-1,-1
330,1,489,1102,50,50,1,-1,-1,-1
330,2,608,742,50,50,1,-1,-1,-1
330,3,379,631,50,50,1,-1,-1,-1
331,1,492,1144,50,50,1,-1,-1,-1
331,2,615,779,50,50,1,-1,-1,-1
331,3,371,624,50,50,1,-1,-1,-1
332,1,495,1159,50,50,1,-1,-1,-1
332,2,623,820,50,50,1,-1,-1,-1
332,3,364,622,50,50,1,-1,-1,-1
333,1,499,1156,50,50,1,-1,-1,-1
333,2,631,868,50,50,1,-1,-1,-1
333,3,357,625,50,50,1,-1,-1,-1
334,1,499,1128,50,50,1,-1,-1,-1
334,2,639,916,50,50,1,-1,-1,-1
334,3,350,635,50,50,1,-1,-1,-1
335,1,495,1113,50,50,1,-1,-1,-1
335,2,646,951,50,50,1,-1,-1,-1
335,3,343,650,50,50,1,-1,-1,-1
336,1,507,1045,50,50,1,-1,-1,-1
336,2,646,983,50,50,1,-1,-1,-1
336,3,337,670,50,50,1,-1,-1,-1
337,1,475,942,50,50,1,-1,-1,-1
337,2,642,1016,50,50,1,-1,-1,-1
337,3,331,697,50,50,1,-1,-1,-1
338,1,468,889,50,50,1,-1,-1,-1
338,2,637,1059,50,50,1,-1,-1,-1
338,3,326,729,50,50,1,-1,-1,-1
339,1,462,834,50,50,1,-1,-1,-1
339,2,630,1117,50,50,1,-1,-1,-1
339,3,320,767,50,50,1,-1,-1,-1
340,1,456,790,50,50,1,-1,-1,-1
340,2,621,1155,50,50,1,-1,-1,-1
340,3,315,812,50,50,1,-1,-1,-1
341,1,450,749,50,50,1,-1,-1,-1
341,2,612,1171,50,50,1,-1,-1,-1
341,3,311,862,50,50,1,-1,-1,-1
342,1,445,714,50,50,1,-1,-1,-1
342,2,604,1173,50,50,1,-1,-1,-1
342,3,306,912,50,50,1,-1,-1,-1
343,1,440,685,50,50,1,-1,-1,-1
343,2,598,1155,50,50,1,-1,-1,-1
343,3,302,953,50,50,1,-1,-1,-1
344,1,435,662,50,50,1,-1,-1,-1
344,2,596,1117,50,50,1,-1,-1,-1
344,3,302,970,50,50,1,-1,-1,-1
345,1,430,645,50,50,1,-1,-1,-1
345,2,599,1061,50,50,1,-1,-1,-1
345,3,324,956,50,50,1,-1,-1,-1
346,1,426,634,50,50,1,-1,-1,-1
346,2,594,964,50,50,1,-1,-1,-1
346,3,365,940,50,50,1,-1,-1,-1
347,1,422,628,50,50,1,-1,-1,-1
347,2,593,907,50,50,1,-1,-1,-1
347,3,416,934,50,50,1,-1,-1,-1
348,1,419,627,50,50,1,-1,-1,-1
348,2,594,849,50,50,1,-1,-1,-1
348,3,459,933,50,50,1,-1,-1,-1
349,1,415,633,50,50,1,-1,-1,-1
349,2,594,793,50,50,1,-1,-1,-1
349,3,509,935,50,50,1,-1,-1,-1
350,1,412,644,50,50,1,-1,-1,-1
350,2,595,743,50,50,1,-1,-1,-1
350,3,547,942,50,50,1,-1,-1,-1
351,1,410,661,50,50,1,-1,-1,-1
351,2,596,699,50,50,1,-1,-1,-1
351,3,574,946,50,50,1,-1,-1,-1
352,1,407,684,50,50,1,-1,-1,-1
352,2,597,662,50,50,1,-1,-1,-1
352,3,579,965,50,50,1,-1,-1,-1
353,1,405,712,50,50,1,-1,-1,-1
353,2,599,629,50,50,1,-1,-1,-1
353,3,584,994,50,50,1,-1,-1,-1
354,1,403,746,50,50,1,-1,-1,-1
354,2,602,604,50,50,1,-1,-1,-1
354,3,585,1032,50,50,1,-1,-1,-1
355,1,402,786,50,50,1,-1,-1,-1
355,2,604,584,50,50,1,-1,-1,-1
355,3,578,1082,50,50,1,-1,-1,-1
356,1,400,830,50,50,1,-1,-1,-1
356,2,607,569,50,50,1,-1,-1,-1
356,3,571,1131,50,50,1,-1,-1,-1
357,1,399,885,50,50,1,-1,-1,-1
357,2,610,560,50,50,1,-1,-1,-1
357,3,573,1168,50,50,1,-1,-1,-1
358,1,399,931,50,50,1,-1,-1,-1
358,2,613,557,50,50,1,-1,-1,-1
358,3,574,1181,50,50,1,-1,-1,-1
359,1,401,957,50,50,1,-1,-1,-1
359,2,617,559,50,50,1,-1,-1,-1
359,3,567,1176,50,50,1,-1,-1,-1
360,1,405,978,50,50,1,-1,-1,-1
360,2,621,567,50,50,1,-1,-1,-1
360,3,553,1148,50,50,1,-1,-1,-1
361,1,413,1002,50,50,1,-1,-1,-1
361,2,625,580,50,50,1,-1,-1,-1
361,3,548,1110,50,50,1,-1,-1,-1
362,1,421,1026,50,50,1,-1,-1,-1
362,2,630,599,50,50,1,-1,-1,-1
362,3,544,1044,50,50,1,-1,-1,-1
363,1,432,1056,50,50,1,-1,-1,-1
363,2,635,623,50,50,1,-1,-1,-1
363,3,540,975,50,50,1,-1,-1,-1
364,1,449,1103,50,50,1,-1,-1,-1
364,2,640,653,50,50,1,-1,-1,-1
364,3,543,918,50,50,1,-1,-1,-1
365,1,465,1134,50,50,1,-1,-1,-1
365,2,645,689,50,50,1,-1,-1,-1
365,3,543,877,50,50,1,-1,-1,-1
366,1,482,1155,50,50,1,-1,-1,-1
366,2,651,730,50,50,1,-1,-1,-1
366,3,541,821,50,50,1,-1,-1,-1
367,1,493,1163,50,50,1,-1,-1,-1
367,2,658,777,50,50,1,-1,-1,-1
367,3,541,777,50,50,1,-1,-1,-1
368,1,498,1152,50,50,1,-1,-1,-1
368,2,665,830,50,50,1,-1,-1,-1
368,3,543,734,50,50,1,-1,-1,-1
369,1,495,1123,50,50,1,-1,-1,-1
369,2,669,876,50,50,1,-1,-1,-1
369,3,541,707,50,50,1,-1,-1,-1
370,1,482,1110,50,50,1,-1,-1,-1
370,2,682,895,50,50,1,-1,-1,-1
370,3,541,686,50,50,1,-1,-1,-1
371,1,445,1036,50,50,1,-1,-1,-1
371,2,640,907,50,50,1,-1,-1,-1
371,3,541,667,50,50,1,-1,-1,-1
372,1,454,944,50,50,1,-1,-1,-1
372,2,600,926,50,50,1,-1,-1,-1
372,3,543,655,50,50,1,-1,-1,-1
373,1,445,888,50,50,1,-1,-1,-1
373,2,564,945,50,50,1,-1,-1,-1
373,3,544,648,50,50,1,-1,-1,-1
374,1,436,839,50,50,1,-1,-1,-1
374,2,533,965,50,50,1,-1,-1,-1
374,3,546,647,50,50,1,-1,-1,-1
375,1,427,795,50,50,1,-1,-1,-1
375,2,501,981,50,50,1,-1,-1,-1
375,3,548,651,50,50,1,-1,-1,-1
376,1,418,757,50,50,1,-1,-1,-1
376,2,489,1001,50,50,1,-1,-1,-1
376,3,550,661,50,50,1,-1,-1,-1
377,1,410,724,50,50,1,-1,-1,-1
377,2,488,1041,50,50,1,-1,-1,-1
377,3,553,675,50,50,1,-1,-1,-1
378,1,401,697,50,50,1,-1,-1,-1
378,2,489,1066,50,50,1,-1,-1,-1
378,3,556,697,50,50,1,-1,-1,-1
379,1,394,676,50,50,1,-1,-1,-1
379,2,487,1090,50,50,1,-1,-1,-1
379,3,560,718,50,50,1,-1,-1,-1
380,1,386,661,50,50,1,-1,-1,-1
380,2,488,1129,50,50,1,-1,-1,-1
380,3,566,750,50,50,1,-1,-1,-1
381,1,379,652,50,50,1,-1,-1,-1
381,2,487,1151,50,50,1,-1,-1,-1
381,3,570,791,50,50,1,-1,-1,-1
382,1,372,648,50,50,1,-1,-1,-1
382,2,490,1164,50,50,1,-1,-1,-1
382,3,575,831,50,50,1,-1,-1,-1
383,1,365,649,50,50,1,-1,-1,-1
383,2,495,1159,50,50,1,-1,-1,-1
383,3,576,881,50,50,1,-1,-1,-1
384,1,359,657,50,50,1,-1,-1,-1
384,2,499,1136,50,50,1,-1,-1,-1
384,3,579,926,50,50,1,-1,-1,-1
385,1,353,669,50,50,1,-1,-1,-1
385,2,493,1100,50,50,1,-1,-1,-1
385,3,574,953,50,50,1,-1,-1,-1
386,1,347,688,50,50,1,-1,-1,-1
386,2,501,1066,50,50,1,-1,-1,-1
386,3,577,979,50,50,1,-1,-1,-1
387,1,341,712,50,50,1,-1,-1,-1
387,2,498,1007,50,50,1,-1,-1,-1
387,3,578,1020,50,50,1,-1,-1,-1
388,1,336,742,50,50,1,-1,-1,-1
388,2,488,963,50,50,1,-1,-1,-1
388,3,584,1065,50,50,1,-1,-1,-1
389,1,331,777,50,50,1,-1,-1,-1
389,2,442,926,50,50,1,-1,-1,-1
389,3,584,1107,50,50,1,-1,-1,-1
390,1,326,819,50,50,1,-1,-1,-1
390,2,356,918,50,50,1,-1,-1,-1
390,3,591,1150,50,50,1,-1,-1,-1
391,1,322,866,50,50,1,-1,-1,-1
391,2,317,930,50,50,1,-1,-1,-1
391,3,596,1174,50,50,1,-1,-1,-1
392,1,318,913,50,50,1,-1,-1,-1
392,2,299,943,50,50,1,-1,-1,-1
392,3,593,1170,50,50,1,-1,-1,-1
393,1,307,942,50,50,1,-1,-1,-1
393,2,434,718,50,50,1,-1,-1,-1
393,3,583,1148,50,50,1,-1,-1,-1
394,1,301,964,50,50,1,-1,-1,-1
394,2,430,697,50,50,1,-1,-1,-1
394,3,568,1088,50,50,1,-1,-1,-1
395,1,323,955,50,50,1,-1,-1,-1
395,2,424,680,50,50,1,-1,-1,-1
395,3,579,1025,50,50,1,-1,-1,-1
396,1,364,938,50,50,1,-1,-1,-1
396,2,420,669,50,50,1,-1,-1,-1
396,3,582,960,50,50,1,-1,-1,-1
397,1,428,930,50,50,1,-1,-1,-1
397,2,415,664,50,50,1,-1,-1,-1
397,3,581,909,50,50,1,-1,-1,-1
398,1,471,935,50,50,1,-1,-1,-1
398,2,411,664,50,50,1,-1,-1,-1
398,3,581,855,50,50,1,-1,-1,-1
399,1,503,937,50,50,1,-1,-1,-1
399,2,407,670,50,50,1,-1,-1,-1
399,3,581,806,50,50,1,-1,-1,-1
400,1,543,946,50,50,1,-1,-1,-1
400,2,403,682,50,50,1,-1,-1,-1
400,3,582,762,50,50,1,-1,-1,-1
401,1,558,946,50,50,1,-1,-1,-1
401,2,399,700,50,50,1,-1,-1,-1
401,3,579,722,50,50,1,-1,-1,-1
402,1,571,948,50,50,1,-1,-1,-1
402,2,396,723,50,50,1,-1,-1,-1
402,3,580,692,50,50,1,-1,-1,-1
403,1,559,992,50,50,1,-1,-1,-1
403,2,393,753,50,50,1,-1,-1,-1
403,3,580,665,50,50,1,-1,-1,-1
404,1,559,1069,50,50,1,-1,-1,-1
404,2,390,789,50,50,1,-1,-1,-1
404,3,581,644,50,50,1,-1,-1,-1
405,1,548,1097,50,50,1,-1,-1,-1
405,2,388,831,50,50,1,-1,-1,-1
405,3,583,629,50,50,1,-1,-1,-1
406,1,555,1113,50,50,1,-1,-1,-1
406,2,386,880,50,50,1,-1,-1,-1
406,3,584,619,50,50,1,-1,-1,-1
407,1,563,1148,50,50,1,-1,-1,-1
407,2,387,918,50,50,1,-1,-1,-1
407,3,586,615,50,50,1,-1,-1,-1
408,1,561,1152,50,50,1,-1,-1,-1
408,2,384,940,50,50,1,-1,-1,-1
408,3,589,616,50,50,1,-1,-1,-1
409,1,550,1129,50,50,1,-1,-1,-1
409,2,387,963,50,50,1,-1,-1,-1
409,3,591,623,50,50,1,-1,-1,-1
410,1,538,1087,50,50,1,-1,-1,-1
410,2,400,991,50,50,1,-1,-1,-1
410,3,594,636,50,50,1,-1,-1,-1
411,1,542,1024,50,50,1,-1,-1,-1
411,2,421,1022,50,50,1,-1,-1,-1
411,3,597,654,50,50,1,-1,-1,-1
412,1,538,965,50,50,1,-1,-1,-1
412,2,434,1055,50,50,1,-1,-1,-1
412,3,601,678,50,50,1,-1,-1,-1
413,1,541,916,50,50,1,-1,-1,-1
413,2,424,1094,50,50,1,-1,-1,-1
413,3,605,708,50,50,1,-1,-1,-1
414,1,544,880,50,50,1,-1,-1,-1
414,2,485,1137,50,50,1,-1,-1,-1
414,3,609,744,50,50,1,-1,-1,-1
415,1,547,826,50,50,1,-1,-1,-1
415,2,494,1156,50,50,1,-1,-1,-1
415,3,614,785,50,50,1,-1,-1,-1
416,1,546,792,50,50,1,-1,-1,-1
416,2,497,1153,50,50,1,-1,-1,-1
416,3,619,832,50,50,1,-1,-1,-1
417,1,550,756,50,50,1,-1,-1,-1
417,2,493,1134,50,50,1,-1,-1,-1
417,3,624,883,50,50,1,-1,-1,-1
418,1,550,724,50,50,1,-1,-1,-1
418,2,485,1122,50,50,1,-1,-1,-1
418,3,635,914,50,50,1,-1,-1,-1
419,1,551,706,50,50,1,-1,-1,-1
419,2,469,1070,50,50,1,-1,-1,-1
419,3,642,932,50,50,1,-1,-1,-1
420,1,554,692,50,50,1,-1,-1,-1
420,2,434,1011,50,50,1,-1,-1,-1
420,3,621,933,50,50,1,-1,-1,-1
421,1,557,682,50,50,1,-1,-1,-1
421,2,430,939,50,50,1,-1,-1,-1
421,3,575,941,50,50,1,-1,-1,-1
422,1,560,679,50,50,1,-1,-1,-1
422,2,440,841,50,50,1,-1,-1,-1
422,3,533,964,50,50,1,-1,-1,-1
423,1,563,680,50,50,1,-1,-1,-1
423,2,432,791,50,50,1,-1,-1,-1
423,3,511,976,50,50,1,-1,-1,-1
424,1,567,688,50,50,1,-1,-1,-1
424,2,425,747,50,50,1,-1,-1,-1
424,3,492,984,50,50,1,-1,-1,-1
425,1,571,700,50,50,1,-1,-1,-1
425,2,418,710,50,50,1,-1,-1,-1
425,3,490,982,50,50,1,-1,-1,-1
426,1,575,718,50,50,1,-1,-1,-1
426,2,411,677,50,50,1,-1,-1,-1
426,3,522,975,50,50,1,-1,-1,-1
427,1,582,741,50,50,1,-1,-1,-1
427,2,405,650,50,50,1,-1,-1,-1
427,3,553,979,50,50,1,-1,-1,-1
428,1,587,771,50,50,1,-1,-1,-1
428,2,398,629,50,50,1,-1,-1,-1
428,3,526,957,50,50,1,-1,-1,-1
429,1,591,806,50,50,1,-1,-1,-1
429,2,393,614,50,50,1,-1,-1,-1
429,3,531,952,50,50,1,-1,-1,-1
430,1,596,846,50,50,1,-1,-1,-1
430,2,387,604,50,50,1,-1,-1,-1
430,3,538,948,50,50,1,-1,-1,-1
431,1,602,891,50,50,1,-1,-1,-1
431,2,382,600,50,50,1,-1,-1,-1
431,3,546,944,50,50,1,-1,-1,-1
432,1,610,929,50,50,1,-1,-1,-1
432,2,377,602,50,50,1,-1,-1,-1
432,3,559,935,50,50,1,-1,-1,-1
433,1,611,953,50,50,1,-1,-1,-1
433,2,372,609,50,50,1,-1,-1,-1
433,3,585,995,50,50,1,-1,-1,-1
434,1,610,977,50,50,1,-1,-1,-1
434,2,367,622,50,50,1,-1,-1,-1
434,3,507,1085,50,50,1,-1,-1,-1
435,1,608,1005,50,50,1,-1,-1,-1
435,2,363,641,50,50,1,-1,-1,-1
435,3,463,1067,50,50,1,-1,-1,-1
436,1,603,1041,50,50,1,-1,-1,-1
436,2,359,666,50,50,1,-1,-1,-1
436,3,450,1008,50,50,1,-1,-1,-1
437,1,590,1066,50,50,1,-1,-1,-1
437,2,356,697,50,50,1,-1,-1,-1
437,3,437,972,50,50,1,-1,-1,-1
438,1,578,1093,50,50,1,-1,-1,-1
438,2,352,734,50,50,1,-1,-1,-1
438,3,424,932,50,50,1,-1,-1,-1
439,1,596,1168,50,50,1,-1,-1,-1
439,2,349,777,50,50,1,-1,-1,-1
439,3,447,903,50,50,1,-1,-1,-1
440,1,594,1181,50,50,1,-1,-1,-1
440,2,347,826,50,50,1,-1,-1,-1
440,3,431,916,50,50,1,-1,-1,-1
441,1,591,1178,50,50,1,-1,-1,-1
441,2,343,880,50,50,1,-1,-1,-1
441,3,405,911,50,50,1,-1,-1,-1
442,1,586,1158,50,50,1,-1,-1,-1
442,2,334,917,50,50,1,-1,-1,-1
442,3,453,724,50,50,1,-1,-1,-1
443,1,585,1119,50,50,1,-1,-1,-1
443,2,336,933,50,50,1,-1,-1,-1
443,3,449,703,50,50,1,-1,-1,-1
444,1,577,1041,50,50,1,-1,-1,-1
444,2,342,940,50,50,1,-1,-1,-1
444,3,445,687,50,50,1,-1,-1,-1
445,1,578,961,50,50,1,-1,-1,-1
445,2,411,936,50,50,1,-1,-1,-1
445,3,441,678,50,50,1,-1,-1,-1
446,1,578,901,50,50,1,-1,-1,-1
446,2,467,958,50,50,1,-1,-1,-1
446,3,439,674,50,50,1,-1,-1,-1
447,1,580,840,50,50,1,-1,-1,-1
447,2,491,975,50,50,1,-1,-1,-1
447,3,436,676,50,50,1,-1,-1,-1
448,1,581,781,50,50,1,-1,-1,-1
448,2,501,986,50,50,1,-1,-1,-1
448,3,433,683,50,50,1,-1,-1,-1
449,1,578,728,50,50,1,-1,-1,-1
449,2,502,991,50,50,1,-1,-1,-1
449,3,431,696,50,50,1,-1,-1,-1
450,1,577,683,50,50,1,-1,-1,-1
450,2,503,991,50,50,1,-1,-1,-1
450,3,429,715,50,50,1,-1,-1,-1
451,1,578,643,50,50,1,-1,-1,-1
451,2,504,985,50,50,1,-1,-1,-1
451,3,427,739,50,50,1,-1,-1,-1
452,1,579,609,50,50,1,-1,-1,-1
452,2,497,978,50,50,1,-1,-1,-1
452,3,426,770,50,50,1,-1,-1,-1
453,1,580,581,50,50,1,-1,-1,-1
453,2,485,975,50,50,1,-1,-1,-1
453,3,425,806,50,50,1,-1,-1,-1
454,1,581,557,50,50,1,-1,-1,-1
454,2,462,960,50,50,1,-1,-1,-1
454,3,424,848,50,50,1,-1,-1,-1
455,1,583,541,50,50,1,-1,-1,-1
455,2,431,960,50,50,1,-1,-1,-1
455,3,425,896,50,50,1,-1,-1,-1
456,1,586,530,50,50,1,-1,-1,-1
456,2,557,1133,50,50,1,-1,-1,-1
456,3,425,948,50,50,1,-1,-1,-1
457,1,588,525,50,50,1,-1,-1,-1
457,2,558,1158,50,50,1,-1,-1,-1
457,3,428,981,50,50,1,-1,-1,-1
458,1,591,524,50,50,1,-1,-1,-1
458,2,552,1159,50,50,1,-1,-1,-1
458,3,422,998,50,50,1,-1,-1,-1
459,1,594,529,50,50,1,-1,-1,-1
459,2,540,1141,50,50,1,-1,-1,-1
459,3,432,1019,50,50,1,-1,-1,-1
460,1,597,540,50,50,1,-1,-1,-1
460,2,530,1095,50,50,1,-1,-1,-1
460,3,442,1044,50,50,1,-1,-1,-1
461,1,601,557,50,50,1,-1,-1,-1
461,2,527,1041,50,50,1,-1,-1,-1
461,3,456,1073,50,50,1,-1,-1,-1
462,1,605,579,50,50,1,-1,-1,-1
462,2,524,981,50,50,1,-1,-1,-1
462,3,460,1113,50,50,1,-1,-1,-1
463,1,609,607,50,50,1,-1,-1,-1
463,2,527,924,50,50,1,-1,-1,-1
463,3,470,1137,50,50,1,-1,-1,-1
464,1,614,640,50,50,1,-1,-1,-1
464,2,532,884,50,50,1,-1,-1,-1
464,3,479,1160,50,50,1,-1,-1,-1
465,1,619,679,50,50,1,-1,-1,-1
465,2,531,827,50,50,1,-1,-1,-1
465,3,483,1172,50,50,1,-1,-1,-1
466,1,624,724,50,50,1,-1,-1,-1
466,2,535,784,50,50,1,-1,-1,-1
466,3,486,1177,50,50,1,-1,-1,-1
467,1,630,775,50,50,1,-1,-1,-1
467,2,539,740,50,50,1,-1,-1,-1
467,3,487,1169,50,50,1,-1,-1,-1
468,1,636,827,50,50,1,-1,-1,-1
468,2,539,708,50,50,1,-1,-1,-1
468,3,484,1150,50,50,1,-1,-1,-1
469,1,637,868,50,50,1,-1,-1,-1
469,2,542,686,50,50,1,-1,-1,-1
469,3,472,1139,50,50,1,-1,-1,-1
470,1,646,890,50,50,1,-1,-1,-1
470,2,545,666,50,50,1,-1,-1,-1
470,3,450,1068,50,50,1,-1,-1,-1
471,1,635,899,50,50,1,-1,-1,-1
471,2,548,652,50,50,1,-1,-1,-1
471,3,448,962,50,50,1,-1,-1,-1
472,1,596,906,50,50,1,-1,-1,-1
472,2,552,643,50,50,1,-1,-1,-1
472,3,439,907,50,50,1,-1,-1,-1
473,1,580,912,50,50,1,-1,-1,-1
473,2,556,640,50,50,1,-1,-1,-1
473,3,430,851,50,50,1,-1,-1,-1
474,1,513,960,50,50,1,-1,-1,-1
474,2,560,643,50,50,1,-1,-1,-1
474,3,422,801,50,50,1,-1,-1,-1
475,1,445,994,50,50,1,-1,-1,-1
475,2,564,651,50,50,1,-1,-1,-1
475,3,414,757,50,50,1,-1,-1,-1
476,1,444,1030,50,50,1,-1,-1,-1
476,2,569,664,50,50,1,-1,-1,-1
476,3,406,716,50,50,1,-1,-1,-1
477,1,446,1037,50,50,1,-1,-1,-1
477,2,574,683,50,50,1,-1,-1,-1
477,3,398,685,50,50,1,-1,-1,-1
478,1,447,1069,50,50,1,-1,-1,-1
478,2,580,707,50,50,1,-1,-1,-1
478,3,392,659,50,50,1,-1,-1,-1
479,1,473,1138,50,50,1,-1,-1,-1
479,2,585,737,50,50,1,-1,-1,-1
479,3,386,639,50,50,1,-1,-1,-1
480,1,484,1135,50,50,1,-1,-1,-1
480,2,591,772,50,50,1,-1,-1,-1
480,3,380,623,50,50,1,-1,-1,-1
481,1,483,1159,50,50,1,-1,-1,-1
481,2,598,813,50,50,1,-1,-1,-1
481,3,374,614,50,50,1,-1,-1,-1
482,1,484,1167,50,50,1,-1,-1,-1
482,2,604,859,50,50,1,-1,-1,-1
482,3,368,610,50,50,1,-1,-1,-1
483,1,488,1157,50,50,1,-1,-1,-1
483,2,610,908,50,50,1,-1,-1,-1
483,3,363,611,50,50,1,-1,-1,-1
484,1,491,1131,50,50,1,-1,-1,-1
484,2,615,941,50,50,1,-1,-1,-1
484,3,357,619,50,50,1,-1,-1,-1
485,1,486,1089,50,50,1,-1,-1,-1
485,2,615,967,50,50,1,-1,-1,-1
485,3,353,631,50,50,1,-1,-1,-1
486,1,503,1047,50,50,1,-1,-1,-1
486,2,615,995,50,50,1,-1,-1,-1
486,3,348,650,50,50,1,-1,-1,-1
487,1,494,1000,50,50,1,-1,-1,-1
487,2,609,1029,50,50,1,-1,-1,-1
487,3,344,673,50,50,1,-1,-1,-1
488,1,490,950,50,50,1,-1,-1,-1
488,2,598,1069,50,50,1,-1,-1,-1
488,3,340,703,50,50,1,-1,-1,-1
489,1,466,932,50,50,1,-1,-1,-1
489,2,582,1098,50,50,1,-1,-1,-1
489,3,337,738,50,50,1,-1,-1,-1
490,1,436,916,50,50,1,-1,-1,-1
490,2,591,1159,50,50,1,-1,-1,-1
490,3,333,779,50,50,1,-1,-1,-1
491,1,403,915,50,50,1,-1,-1,-1
491,2,588,1172,50,50,1,-1,-1,-1
491,3,330,825,50,50,1,-1,-1,-1
492,1,304,909,50,50,1,-1,-1,-1
492,2,581,1167,50,50,1,-1,-1,-1
492,3,327,876,50,50,1,-1,-1,-1
493,1,353,899,50,50,1,-1,-1,-1
493,2,570,1140,50,50,1,-1,-1,-1
493,3,322,910,50,50,1,-1,-1,-1
494,1,437,688,50,50,1,-1,-1,-1
494,2,566,1098,50,50,1,-1,-1,-1
494,3,319,923,50,50,1,-1,-1,-1
495,1,434,672,50,50,1,-1,-1,-1
495,2,572,1022,50,50,1,-1,-1,-1
495,3,327,933,50,50,1,-1,-1,-1
496,1,431,662,50,50,1,-1,-1,-1
496,2,576,949,50,50,1,-1,-1,-1
496,3,365,927,50,50,1,-1,-1,-1
497,1,428,657,50,50,1,-1,-1,-1
497,2,577,892,50,50,1,-1,-1,-1
497,3,429,928,50,50,1,-1,-1,-1
498,1,425,658,50,50,1,-1,-1,-1
498,2,580,827,50,50,1,-1,-1,-1
498,3,468,933,50,50,1,-1,-1,-1
499,1,423,664,50,50,1,-1,-1,-1
499,2,581,772,50,50,1,-1,-1,-1
499,3,504,940,50,50,1,-1,-1,-1
500,1,420,676,50,50,1,-1,-1,-1
500,2,580,725,50,50,1,-1,-1,-1
500,3,540,951,50,50,1,-1,-1,-1
501,1,418,694,50,50,1,-1,-1,-1
501,2,581,681,50,50,1,-1,-1,-1
501,3,556,956,50,50,1,-1,-1,-1
502,1,417,717,50,50,1,-1,-1,-1
502,2,583,642,50,50,1,-1,-1,-1
502,3,574,962,50,50,1,-1,-1,-1
503,1,416,747,50,50,1,-1,-1,-1
503,2,585,608,50,50,1,-1,-1,-1
503,3,566,1007,50,50,1,-1,-1,-1
504,1,415,782,50,50,1,-1,-1,-1
504,2,588,583,50,50,1,-1,-1,-1
504,3,567,1050,50,50,1,-1,-1,-1
505,1,414,823,50,50,1,-1,-1,-1
505,2,591,562,50,50,1,-1,-1,-1
505,3,567,1089,50,50,1,-1,-1,-1
506,1,414,869,50,50,1,-1,-1,-1
506,2,594,546,50,50,1,-1,-1,-1
506,3,566,1129,50,50,1,-1,-1,-1
507,1,414,923,50,50,1,-1,-1,-1
507,2,597,536,50,50,1,-1,-1,-1
507,3,567,1161,50,50,1,-1,-1,-1
508,1,415,964,50,50,1,-1,-1,-1
508,2,601,532,50,50,1,-1,-1,-1
508,3,567,1179,50,50,1,-1,-1,-1
509,1,416,997,50,50,1,-1,-1,-1
509,2,605,533,50,50,1,-1,-1,-1
509,3,556,1172,50,50,1,-1,-1,-1
510,1,420,1021,50,50,1,-1,-1,-1
510,2,609,540,50,50,1,-1,-1,-1
510,3,541,1143,50,50,1,-1,-1,-1
511,1,426,1048,50,50,1,-1,-1,-1
511,2,614,552,50,50,1,-1,-1,-1
511,3,530,1094,50,50,1,-1,-1,-1
512,1,434,1088,50,50,1,-1,-1,-1
512,2,619,570,50,50,1,-1,-1,-1
512,3,528,1032,50,50,1,-1,-1,-1
513,1,440,1125,50,50,1,-1,-1,-1
513,2,624,594,50,50,1,-1,-1,-1
513,3,525,973,50,50,1,-1,-1,-1
514,1,452,1148,50,50,1,-1,-1,-1
514,2,630,623,50,50,1,-1,-1,-1
514,3,527,918,50,50,1,-1,-1,-1
515,1,463,1165,50,50,1,-1,-1,-1
515,2,636,658,50,50,1,-1,-1,-1
515,3,529,883,50,50,1,-1,-1,-1
516,1,472,1172,50,50,1,-1,-1,-1
516,2,643,699,50,50,1,-1,-1,-1
516,3,526,829,50,50,1,-1,-1,-1
517,1,480,1173,50,50,1,-1,-1,-1
517,2,650,745,50,50,1,-1,-1,-1
517,3,530,789,50,50,1,-1,-1,-1
518,1,487,1164,50,50,1,-1,-1,-1
518,2,657,798,50,50,1,-1,-1,-1
518,3,527,755,50,50,1,-1,-1,-1
519,1,486,1144,50,50,1,-1,-1,-1
519,2,664,853,50,50,1,-1,-1,-1
519,3,533,719,50,50,1,-1,-1,-1
520,1,475,1103,50,50,1,-1,-1,-1
520,2,672,892,50,50,1,-1,-1,-1
520,3,533,702,50,50,1,-1,-1,-1
521,1,497,1045,50,50,1,-1,-1,-1
521,2,671,907,50,50,1,-1,-1,-1
521,3,535,686,50,50,1,-1,-1,-1
522,1,487,965,50,50,1,-1,-1,-1
522,2,636,908,50,50,1,-1,-1,-1
522,3,537,676,50,50,1,-1,-1,-1
523,1,450,903,50,50,1,-1,-1,-1
523,2,573,931,50,50,1,-1,-1,-1
523,3,540,671,50,50,1,-1,-1,-1
524,1,444,852,50,50,1,-1,-1,-1
524,2,477,964,50,50,1,-1,-1,-1
524,3,543,671,50,50,1,-1,-1,-1
525,1,438,805,50,50,1,-1,-1,-1
525,2,438,984,50,50,1,-1,-1,-1
525,3,545,677,50,50,1,-1,-1,-1
526,1,433,765,50,50,1,-1,-1,-1
526,2,441,991,50,50,1,-1,-1,-1
526,3,549,689,50,50,1,-1,-1,-1
527,1,427,730,50,50,1,-1,-1,-1
527,2,481,1001,50,50,1,-1,-1,-1
527,3,552,705,50,50,1,-1,-1,-1
528,1,422,702,50,50,1,-1,-1,-1
528,2,534,974,50,50,1,-1,-1,-1
528,3,558,724,50,50,1,-1,-1,-1
529,1,418,678,50,50,1,-1,-1,-1
529,2,561,924,50,50,1,-1,-1,-1
529,3,565,753,50,50,1,-1,-1,-1
530,1,413,661,50,50,1,-1,-1,-1
530,2,536,962,50,50,1,-1,-1,-1
530,3,570,790,50,50,1,-1,-1,-1
531,1,409,650,50,50,1,-1,-1,-1
531,2,475,1048,50,50,1,-1,-1,-1
531,3,575,825,50,50,1,-1,-1,-1
532,1,406,644,50,50,1,-1,-1,-1
532,2,476,1063,50,50,1,-1,-1,-1
532,3,577,875,50,50,1,-1,-1,-1
533,1,402,644,50,50,1,-1,-1,-1
533,2,471,1073,50,50,1,-1,-1,-1
533,3,580,913,50,50,1,-1,-1,-1
534,1,399,648,50,50,1,-1,-1,-1
534,2,462,1077,50,50,1,-1,-1,-1
534,3,600,929,50,50,1,-1,-1,-1
535,1,396,659,50,50,1,-1,-1,-1
535,2,454,1076,50,50,1,-1,-1,-1
535,3,599,943,50,50,1,-1,-1,-1
536,1,393,675,50,50,1,-1,-1,-1
536,2,444,1076,50,50,1,-1,-1,-1
536,3,606,960,50,50,1,-1,-1,-1
537,1,391,696,50,50,1,-1,-1,-1
537,2,433,1075,50,50,1,-1,-1,-1
537,3,604,971,50,50,1,-1,-1,-1
538,1,389,723,50,50,1,-1,-1,-1
538,2,422,1074,50,50,1,-1,-1,-1
538,3,606,980,50,50,1,-1,-1,-1
539,1,388,756,50,50,1,-1,-1,-1
539,2,410,1076,50,50,1,-1,-1,-1
539,3,608,990,50,50,1,-1,-1,-1
540,1,386,794,50,50,1,-1,-1,-1
540,2,396,1077,50,50,1,-1,-1,-1
540,3,621,999,50,50,1,-1,-1,-1
541,1,385,837,50,50,1,-1,-1,-1
541,2,382,1079,50,50,1,-1,-1,-1
541,3,627,1005,50,50,1,-1,-1,-1
542,1,384,886,50,50,1,-1,-1,-1
542,2,368,1077,50,50,1,-1,-1,-1
542,3,627,1008,50,50,1,-1,-1,-1
543,1,383,938,50,50,1,-1,-1,-1
543,2,359,1078,50,50,1,-1,-1,-1
543,3,633,1012,50,50,1,-1,-1,-1
544,1,383,998,50,50,1,-1,-1,-1
544,2,351,1073,50,50,1,-1,-1,-1
544,3,640,1014,50,50,1,-1,-1,-1
545,1,385,1036,50,50,1,-1,-1,-1
545,2,347,1064,50,50,1,-1,-1,-1
545,3,641,1015,50,50,1,-1,-1,-1
546,2,361,1049,50,50,1,-1,-1,-1
546,3,644,1015,50,50,1,-1,-1,-1
547,2,364,1050,50,50,1,-1,-1,-1
547,3,645,1013,50,50,1,-1,-1,-1
548,2,362,1051,50,50,1,-1,-1,-1
548,3,646,1012,50,50,1,-1,-1,-1
549,2,361,1053,50,50,1,-1,-1,-1
549,3,648,1012,50,50,1,-1,-1,-1
550,2,360,1054,50,50,1,-1,-1,-1
550,3,649,1012,50,50,1,-1,-1,-1
551,2,357,1059,50,50,1,-1,-1,-1
551,3,648,1011,50,50,1,-1,-1,-1
552,2,355,1070,50,50,1,-1,-1,-1
552,3,646,1011,50,50,1,-1,-1,-1
553,2,354,1082,50,50,1,-1,-1,-1
553,3,649,1014,50,50,1,-1,-1,-1
554,2,354,1096,50,50,1,-1,-1,-1
554,3,650,1017,50,50,1,-1,-1,-1
555,2,354,1112,50,50,1,-1,-1,-1
555,3,648,1019,50,50,1,-1,-1,-1
556,2,354,1122,50,50,1,-1,-1,-1
556,3,647,1022,50,50,1,-1,-1,-1
557,2,354,1128,50,50,1,-1,-1,-1
557,3,648,1024,50,50,1,-1,-1,-1
558,2,354,1128,50,50,1,-1,-1,-1
558,3,648,1025,50,50,1,-1,-1,-1
559,2,352,1124,50,50,1,-1,-1,-1
559,3,648,1024,50,50,1,-1,-1,-1
560,2,350,1126,50,50,1,-1,-1,-1
560,3,648,1022,50,50,1,-1,-1,-1
561,2,347,1135,50,50,1,-1,-1,-1
561,3,649,1021,50,50,1,-1,-1,-1
562,2,344,1145,50,50,1,-1,-1,-1
562,3,647,1021,50,50,1,-1,-1,-1
563,2,340,1143,50,50,1,-1,-1,-1
563,3,650,1023,50,50,1,-1,-1,-1
564,2,338,1121,50,50,1,-1,-1,-1
564,3,656,1024,50,50,1,-1,-1,-1
565,2,335,1095,50,50,1,-1,-1,-1
565,3,660,1024,50,50,1,-1,-1,-1
566,2,331,1071,50,50,1,-1,-1,-1
566,3,662,1024,50,50,1,-1,-1,-1
567,1,369,1055,50,50,1,-1,-1,-1
567,2,331,1049,50,50,1,-1,-1,-1
567,3,667,1023,50,50,1,-1,-1,-1
568,2,336,1028,50,50,1,-1,-1,-1
568,3,667,1022,50,50,1,-1,-1,-1
569,1,319,1021,50,50,1,-1,-1,-1
569,2,364,1004,50,50,1,-1,-1,-1
569,3,671,1019,50,50,1,-1,-1,-1
570,1,323,1011,50,50,1,-1,-1,-1
570,2,368,993,50,50,1,-1,-1,-1
570,3,658,1017,50,50,1,-1,-1,-1
571,1,327,1006,50,50,1,-1,-1,-1
571,2,373,988,50,50,1,-1,-1,-1
571,3,662,1016,50,50,1,-1,-1,-1
572,1,329,1005,50,50,1,-1,-1,-1
572,2,376,986,50,50,1,-1,-1,-1
572,3,673,1015,50,50,1,-1,-1,-1
573,1,331,1007,50,50,1,-1,-1,-1
573,2,378,988,50,50,1,-1,-1,-1
573,3,666,1015,50,50,1,-1,-1,-1
574,1,332,1012,50,50,1,-1,-1,-1
574,2,380,992,50,50,1,-1,-1,-1
574,3,665,1016,50,50,1,-1,-1,-1
575,1,334,1017,50,50,1,-1,-1,-1
575,2,381,996,50,50,1,-1,-1,-1
575,3,673,1014,50,50,1,-1,-1,-1
576,1,338,1023,50,50,1,-1,-1,-1
576,2,383,1003,50,50,1,-1,-1,-1
576,3,677,1013,50,50,1,-1,-1,-1
577,1,339,1028,50,50,1,-1,-1,-1
577,2,385,1010,50,50,1,-1,-1,-1
577,3,679,1015,50,50,1,-1,-1,-1
578,1,351,1031,50,50,1,-1,-1,-1
578,3,677,1014,50,50,1,-1,-1,-1
579,1,352,1039,50,50,1,-1,-1,-1
579,3,673,1015,50,50,1,-1,-1,-1
580,1,355,1045,50,50,1,-1,-1,-1
580,3,680,1017,50,50,1,-1,-1,-1
581,1,359,1052,50,50,1,-1,-1,-1
581,3,678,1018,50,50,1,-1,-1,-1
582,1,357,1057,50,50,1,-1,-1,-1
582,3,677,1021,50,50,1,-1,-1,-1
583,1,358,1062,50,50,1,-1,-1,-1
583,3,674,1021,50,50,1,-1,-1,-1
584,1,358,1065,50,50,1,-1,-1,-1
584,3,673,1022,50,50,1,-1,-1,-1
585,1,364,1068,50,50,1,-1,-1,-1
585,2,336,1079,50,50,1,-1,-1,-1
585,3,671,1026,50,50,1,-1,-1,-1
586,1,350,1075,50,50,1,-1,-1,-1
586,2,398,1058,50,50,1,-1,-1,-1
586,3,667,1023,50,50,1,-1,-1,-1
587,1,349,1076,50,50,1,-1,-1,-1
587,2,398,1060,50,50,1,-1,-1,-1
587,3,668,1027,50,50,1,-1,-1,-1
588,1,349,1076,50,50,1,-1,-1,-1
588,2,398,1060,50,50,1,-1,-1,-1
588,3,666,1027,50,50,1,-1,-1,-1
589,1,347,1072,50,50,1,-1,-1,-1
589,2,397,1060,50,50,1,-1,-1,-1
589,3,665,1024,50,50,1,-1,-1,-1
590,1,347,1072,50,50,1,-1,-1,-1
590,2,397,1059,50,50,1,-1,-1,-1
590,3,665,1025,50,50,1,-1,-1,-1
591,1,355,1069,50,50,1,-1,-1,-1
591,3,641,1032,50,50,1,-1,-1,-1
592,1,355,1069,50,50,1,-1,-1,-1
592,3,662,1026,50,50,1,-1,-1,-1
593,1,355,1069,50,50,1,-1,-1,-1
593,3,640,1034,50,50,1,-1,-1,-1
594,1,355,1070,50,50,1,-1,-1,-1
594,3,639,1035,50,50,1,-1,-1,-1
595,1,356,1070,50,50,1,-1,-1,-1
595,3,639,1035,50,50,1,-1,-1,-1
596,1,356,1071,50,50,1,-1,-1,-1
596,3,640,1033,50,50,1,-1,-1,-1
597,1,357,1071,50,50,1,-1,-1,-1
597,3,641,1032,50,50,1,-1,-1,-1
598,1,357,1073,50,50,1,-1,-1,-1
598,3,642,1033,50,50,1,-1,-1,-1
599,1,359,1073,50,50,1,-1,-1,-1
599,3,646,1026,50,50,1,-1,-1,-1
600,1,361,1075,50,50,1,-1,-1,-1
600,2,389,1054,50,50,1,-1,-1,-1
600,3,656,1027,50,50,1,-1,-1,-1
601,1,365,1077,50,50,1,-1,-1,-1
601,3,656,1031,50,50,1,-1,-1,-1
602,1,370,1082,50,50,1,-1,-1,-1
602,3,657,1039,50,50,1,-1,-1,-1
603,1,374,1091,50,50,1,-1,-1,-1
603,3,659,1048,50,50,1,-1,-1,-1
604,1,381,1106,50,50,1,-1,-1,-1
604,3,663,1060,50,50,1,-1,-1,-1
605,1,381,1127,50,50,1,-1,-1,-1
605,2,423,1118,50,50,1,-1,-1,-1
605,3,642,1117,50,50,1,-1,-1,-1
