29,1,494,1048,50,50,1,-1,-1,-1
30,1,494,1048,50,50,1,-1,-1,-1
31,1,494,1048,50,50,1,-1,-1,-1
32,1,491,1106,50,50,1,-1,-1,-1
33,2,606,775,50,50,1,-1,-1,-1
34,1,579,1020,50,50,1,-1,-1,-1
34,2,613,792,50,50,1,-1,-1,-1
35,2,620,815,50,50,1,-1,-1,-1
36,2,628,841,50,50,1,-1,-1,-1
37,1,618,984,50,50,1,-1,-1,-1
37,2,639,874,50,50,1,-1,-1,-1
38,2,524,858,50,50,1,-1,-1,-1
39,1,654,980,50,50,1,-1,-1,-1
40,1,669,1000,50,50,1,-1,-1,-1
40,2,512,819,50,50,1,-1,-1,-1
41,1,677,1018,50,50,1,-1,-1,-1
42,1,681,1034,50,50,1,-1,-1,-1
42,2,499,804,50,50,1,-1,-1,-1
43,1,682,1052,50,50,1,-1,-1,-1
43,2,493,804,50,50,1,-1,-1,-1
44,1,678,1065,50,50,1,-1,-1,-1
44,2,489,808,50,50,1,-1,-1,-1
45,1,673,1080,50,50,1,-1,-1,-1
45,2,485,818,50,50,1,-1,-1,-1
46,1,668,1093,50,50,1,-1,-1,-1
46,2,482,834,50,50,1,-1,-1,-1
47,2,478,854,50,50,1,-1,-1,-1
48,1,563,889,50,50,1,-1,-1,-1
48,2,472,882,50,50,1,-1,-1,-1
49,1,487,1002,50,50,1,-1,-1,-1
49,2,472,919,50,50,1,-1,-1,-1
50,2,470,987,50,50,1,-1,-1,-1
51,2,465,1009,50,50,1,-1,-1,-1
52,2,465,1009,50,50,1,-1,-1,-1
53,2,465,1009,50,50,1,-1,-1,-1
54,2,465,1009,50,50,1,-1,-1,-1
55,2,465,1009,50,50,1,-1,-1,-1
56,2,585,742,50,50,1,-1,-1,-1
57,2,590,748,50,50,1,-1,-1,-1
58,1,583,1078,50,50,1,-1,-1,-1
58,2,597,759,50,50,1,-1,-1,-1
59,1,576,1037,50,50,1,-1,-1,-1
59,2,602,779,50,50,1,-1,-1,-1
60,2,605,804,50,50,1,-1,-1,-1
61,1,469,1154,50,50,1,-1,-1,-1
61,2,609,832,50,50,1,-1,-1,-1
61,3,575,967,50,50,1,-1,-1,-1
62,1,545,896,50,50,1,-1,-1,-1
62,2,613,867,50,50,1,-1,-1,-1
62,3,602,971,50,50,1,-1,-1,-1
63,3,616,940,50,50,1,-1,-1,-1
64,2,628,957,50,50,1,-1,-1,-1
65,2,635,965,50,50,1,-1,-1,-1
66,2,641,972,50,50,1,-1,-1,-1
67,2,648,982,50,50,1,-1,-1,-1
68,2,658,994,50,50,1,-1,-1,-1
69,2,665,1008,50,50,1,-1,-1,-1
70,2,672,1027,50,50,1,-1,-1,-1
71,2,677,1048,50,50,1,-1,-1,-1
71,3,530,1078,50,50,1,-1,-1,-1
72,2,677,1068,50,50,1,-1,-1,-1
72,3,536,1037,50,50,1,-1,-1,-1
73,2,677,1068,50,50,1,-1,-1,-1
73,3,536,1037,50,50,1,-1,-1,-1
74,2,677,1068,50,50,1,-1,-1,-1
74,3,536,1037,50,50,1,-1,-1,-1
75,2,677,1068,50,50,1,-1,-1,-1
75,3,536,1037,50,50,1,-1,-1,-1
76,2,659,1159,50,50,1,-1,-1,-1
76,3,577,843,50,50,1,-1,-1,-1
77,3,582,814,50,50,1,-1,-1,-1
78,3,582,814,50,50,1,-1,-1,-1
79,3,582,814,50,50,1,-1,-1,-1
80,3,596,753,50,50,1,-1,-1,-1
81,3,600,744,50,50,1,-1,-1,-1
82,3,604,742,50,50,1,-1,-1,-1
83,3,608,745,50,50,1,-1,-1,-1
84,2,491,1076,50,50,1,-1,-1,-1
84,3,613,752,50,50,1,-1,-1,-1
85,2,488,1098,50,50,1,-1,-1,-1
85,3,620,767,50,50,1,-1,-1,-1
86,2,577,975,50,50,1,-1,-1,-1
86,3,627,787,50,50,1,-1,-1,-1
87,2,602,974,50,50,1,-1,-1,-1
87,3,633,811,50,50,1,-1,-1,-1
88,2,622,965,50,50,1,-1,-1,-1
88,3,640,841,50,50,1,-1,-1,-1
89,3,650,878,50,50,1,-1,-1,-1
90,2,657,945,50,50,1,-1,-1,-1
91,2,657,945,50,50,1,-1,-1,-1
92,3,675,970,50,50,1,-1,-1,-1
93,3,678,976,50,50,1,-1,-1,-1
94,2,486,771,50,50,1,-1,-1,-1
94,3,678,986,50,50,1,-1,-1,-1
95,2,483,775,50,50,1,-1,-1,-1
95,3,676,998,50,50,1,-1,-1,-1
96,2,477,783,50,50,1,-1,-1,-1
96,3,674,1012,50,50,1,-1,-1,-1
97,2,470,799,50,50,1,-1,-1,-1
97,3,671,1030,50,50,1,-1,-1,-1
98,2,466,819,50,50,1,-1,-1,-1
98,3,668,1051,50,50,1,-1,-1,-1
99,2,461,846,50,50,1,-1,-1,-1
99,3,663,1068,50,50,1,-1,-1,-1
100,2,454,875,50,50,1,-1,-1,-1
100,3,659,1087,50,50,1,-1,-1,-1
101,3,652,1107,50,50,1,-1,-1,-1
102,2,453,975,50,50,1,-1,-1,-1
102,3,645,1128,50,50,1,-1,-1,-1
103,2,445,997,50,50,1,-1,-1,-1
104,2,440,1017,50,50,1,-1,-1,-1
105,2,436,1032,50,50,1,-1,-1,-1
106,2,439,1047,50,50,1,-1,-1,-1
106,3,593,739,50,50,1,-1,-1,-1
107,2,440,1060,50,50,1,-1,-1,-1
108,3,604,737,50,50,1,-1,-1,-1
109,2,453,1095,50,50,1,-1,-1,-1
109,3,613,744,50,50,1,-1,-1,-1
110,2,457,1111,50,50,1,-1,-1,-1
110,3,620,757,50,50,1,-1,-1,-1
111,2,462,1126,50,50,1,-1,-1,-1
111,3,628,776,50,50,1,-1,-1,-1
112,2,577,982,50,50,1,-1,-1,-1
112,3,637,801,50,50,1,-1,-1,-1
113,2,603,981,50,50,1,-1,-1,-1
113,3,649,831,50,50,1,-1,-1,-1
114,2,630,978,50,50,1,-1,-1,-1
114,3,659,867,50,50,1,-1,-1,-1
115,2,663,949,50,50,1,-1,-1,-1
115,3,529,857,50,50,1,-1,-1,-1
116,2,672,974,50,50,1,-1,-1,-1
117,2,674,987,50,50,1,-1,-1,-1
118,2,676,991,50,50,1,-1,-1,-1
119,2,675,997,50,50,1,-1,-1,-1
120,2,492,791,50,50,1,-1,-1,-1
121,2,677,1034,50,50,1,-1,-1,-1
122,2,673,1050,50,50,1,-1,-1,-1
122,3,481,805,50,50,1,-1,-1,-1
123,2,523,1044,50,50,1,-1,-1,-1
123,3,475,822,50,50,1,-1,-1,-1
124,2,470,842,50,50,1,-1,-1,-1
125,2,463,869,50,50,1,-1,-1,-1
125,3,655,1099,50,50,1,-1,-1,-1
126,2,496,997,50,50,1,-1,-1,-1
126,3,551,893,50,50,1,-1,-1,-1
127,2,496,997,50,50,1,-1,-1,-1
127,3,551,893,50,50,1,-1,-1,-1
128,2,635,1149,50,50,1,-1,-1,-1
128,3,457,1001,50,50,1,-1,-1,-1
129,2,635,1149,50,50,1,-1,-1,-1
129,3,457,1001,50,50,1,-1,-1,-1
130,2,635,1149,50,50,1,-1,-1,-1
130,3,457,1001,50,50,1,-1,-1,-1
131,2,635,1149,50,50,1,-1,-1,-1
131,3,457,1001,50,50,1,-1,-1,-1
132,2,635,1149,50,50,1,-1,-1,-1
132,3,457,1001,50,50,1,-1,-1,-1
133,2,635,1149,50,50,1,-1,-1,-1
133,3,457,1001,50,50,1,-1,-1,-1
134,2,635,1149,50,50,1,-1,-1,-1
134,3,457,1001,50,50,1,-1,-1,-1
135,2,445,1103,50,50,1,-1,-1,-1
135,3,584,1075,50,50,1,-1,-1,-1
136,2,606,774,50,50,1,-1,-1,-1
136,3,568,1033,50,50,1,-1,-1,-1
137,2,612,794,50,50,1,-1,-1,-1
137,3,566,996,50,50,1,-1,-1,-1
138,2,619,819,50,50,1,-1,-1,-1
138,3,568,965,50,50,1,-1,-1,-1
139,2,626,849,50,50,1,-1,-1,-1
140,2,634,884,50,50,1,-1,-1,-1
140,3,517,853,50,50,1,-1,-1,-1
141,2,641,963,50,50,1,-1,-1,-1
141,3,467,1167,50,50,1,-1,-1,-1
142,2,652,982,50,50,1,-1,-1,-1
143,2,662,998,50,50,1,-1,-1,-1
144,2,665,1009,50,50,1,-1,-1,-1
145,2,667,1020,50,50,1,-1,-1,-1
146,2,667,1032,50,50,1,-1,-1,-1
147,2,667,1032,50,50,1,-1,-1,-1
148,2,663,1055,50,50,1,-1,-1,-1
149,2,662,1066,50,50,1,-1,-1,-1
150,2,506,1007,50,50,1,-1,-1,-1
151,2,437,845,50,50,1,-1,-1,-1
152,2,529,894,50,50,1,-1,-1,-1
153,2,529,894,50,50,1,-1,-1,-1
154,2,428,985,50,50,1,-1,-1,-1
155,2,428,985,50,50,1,-1,-1,-1
156,2,428,985,50,50,1,-1,-1,-1
157,2,428,985,50,50,1,-1,-1,-1
158,2,408,1057,50,50,1,-1,-1,-1
159,2,412,1069,50,50,1,-1,-1,-1
160,2,417,1079,50,50,1,-1,-1,-1
161,2,424,1089,50,50,1,-1,-1,-1
162,2,432,1100,50,50,1,-1,-1,-1
163,2,591,747,50,50,1,-1,-1,-1
164,2,598,770,50,50,1,-1,-1,-1
165,2,560,989,50,50,1,-1,-1,-1
166,2,613,830,50,50,1,-1,-1,-1
167,2,619,869,50,50,1,-1,-1,-1
168,2,626,953,50,50,1,-1,-1,-1
169,2,637,975,50,50,1,-1,-1,-1
170,2,502,798,50,50,1,-1,-1,-1
171,2,493,775,50,50,1,-1,-1,-1
172,2,488,764,50,50,1,-1,-1,-1
173,2,482,759,50,50,1,-1,-1,-1
174,2,479,758,50,50,1,-1,-1,-1
175,2,474,762,50,50,1,-1,-1,-1
176,2,469,773,50,50,1,-1,-1,-1
177,2,464,790,50,50,1,-1,-1,-1
178,2,462,811,50,50,1,-1,-1,-1
179,2,458,838,50,50,1,-1,-1,-1
180,2,452,871,50,50,1,-1,-1,-1
181,2,447,911,50,50,1,-1,-1,-1
182,2,454,981,50,50,1,-1,-1,-1
183,2,449,1007,50,50,1,-1,-1,-1
184,2,442,1026,50,50,1,-1,-1,-1
185,2,441,1041,50,50,1,-1,-1,-1
186,2,443,1056,50,50,1,-1,-1,-1
187,2,445,1073,50,50,1,-1,-1,-1
188,2,447,1091,50,50,1,-1,-1,-1
189,2,450,1108,50,50,1,-1,-1,-1
190,2,452,1120,50,50,1,-1,-1,-1
191,2,455,1130,50,50,1,-1,-1,-1
192,2,459,1139,50,50,1,-1,-1,-1
193,2,464,1148,50,50,1,-1,-1,-1
194,2,469,1156,50,50,1,-1,-1,-1
195,2,472,1162,50,50,1,-1,-1,-1
196,2,664,989,50,50,1,-1,-1,-1
197,2,666,996,50,50,1,-1,-1,-1
198,2,489,1160,50,50,1,-1,-1,-1
199,2,498,1146,50,50,1,-1,-1,-1
200,2,661,1032,50,50,1,-1,-1,-1
201,2,655,1047,50,50,1,-1,-1,-1
202,2,652,1061,50,50,1,-1,-1,-1
203,2,513,1002,50,50,1,-1,-1,-1
204,2,439,826,50,50,1,-1,-1,-1
205,2,434,853,50,50,1,-1,-1,-1
206,2,631,1135,50,50,1,-1,-1,-1
207,2,631,1135,50,50,1,-1,-1,-1
208,2,429,982,50,50,1,-1,-1,-1
209,2,429,982,50,50,1,-1,-1,-1
210,2,429,982,50,50,1,-1,-1,-1
211,2,422,1027,50,50,1,-1,-1,-1
212,2,422,1027,50,50,1,-1,-1,-1
213,2,422,1027,50,50,1,-1,-1,-1
214,2,422,1027,50,50,1,-1,-1,-1
215,2,575,1073,50,50,1,-1,-1,-1
216,2,558,1028,50,50,1,-1,-1,-1
217,2,556,991,50,50,1,-1,-1,-1
218,2,559,959,50,50,1,-1,-1,-1
219,2,590,970,50,50,1,-1,-1,-1
220,2,613,939,50,50,1,-1,-1,-1
221,2,625,957,50,50,1,-1,-1,-1
222,2,638,974,50,50,1,-1,-1,-1
223,2,646,987,50,50,1,-1,-1,-1
224,2,652,999,50,50,1,-1,-1,-1
225,2,655,1011,50,50,1,-1,-1,-1
226,2,657,1027,50,50,1,-1,-1,-1
227,2,658,1044,50,50,1,-1,-1,-1
228,2,657,1058,50,50,1,-1,-1,-1
229,2,654,1075,50,50,1,-1,-1,-1
230,2,650,1094,50,50,1,-1,-1,-1
231,2,646,1113,50,50,1,-1,-1,-1
232,2,640,1130,50,50,1,-1,-1,-1
233,2,456,983,50,50,1,-1,-1,-1
234,2,435,968,50,50,1,-1,-1,-1
235,2,423,994,50,50,1,-1,-1,-1
236,2,420,1015,50,50,1,-1,-1,-1
237,2,417,1029,50,50,1,-1,-1,-1
238,2,419,1044,50,50,1,-1,-1,-1
239,2,422,1060,50,50,1,-1,-1,-1
240,2,427,1076,50,50,1,-1,-1,-1
241,2,432,1091,50,50,1,-1,-1,-1
242,2,436,1106,50,50,1,-1,-1,-1
243,2,442,1121,50,50,1,-1,-1,-1
244,2,447,1134,50,50,1,-1,-1,-1
245,2,450,1149,50,50,1,-1,-1,-1
246,2,456,1162,50,50,1,-1,-1,-1
247,2,462,1176,50,50,1,-1,-1,-1
248,2,462,1176,50,50,1,-1,-1,-1
249,2,685,982,50,50,1,-1,-1,-1
250,2,691,993,50,50,1,-1,-1,-1
251,2,690,1003,50,50,1,-1,-1,-1
252,2,689,1014,50,50,1,-1,-1,-1
253,2,686,1026,50,50,1,-1,-1,-1
254,2,683,1041,50,50,1,-1,-1,-1
255,2,677,1055,50,50,1,-1,-1,-1
256,2,672,1076,50,50,1,-1,-1,-1
257,2,665,1096,50,50,1,-1,-1,-1
258,2,659,1113,50,50,1,-1,-1,-1
259,2,650,1131,50,50,1,-1,-1,-1
260,2,643,1148,50,50,1,-1,-1,-1
261,2,439,982,50,50,1,-1,-1,-1
262,2,629,1169,50,50,1,-1,-1,-1
263,2,629,1169,50,50,1,-1,-1,-1
264,2,629,1169,50,50,1,-1,-1,-1
265,2,590,730,50,50,1,-1,-1,-1
266,2,596,733,50,50,1,-1,-1,-1
267,2,596,1108,50,50,1,-1,-1,-1
268,2,611,756,50,50,1,-1,-1,-1
269,2,617,776,50,50,1,-1,-1,-1
270,2,574,993,50,50,1,-1,-1,-1
271,2,599,984,50,50,1,-1,-1,-1
272,2,643,870,50,50,1,-1,-1,-1
273,2,650,952,50,50,1,-1,-1,-1
274,2,666,971,50,50,1,-1,-1,-1
275,2,677,984,50,50,1,-1,-1,-1
276,2,681,992,50,50,1,-1,-1,-1
277,2,682,997,50,50,1,-1,-1,-1
278,2,683,1001,50,50,1,-1,-1,-1
279,2,682,1005,50,50,1,-1,-1,-1
280,2,681,1009,50,50,1,-1,-1,-1
281,2,680,1015,50,50,1,-1,-1,-1
282,2,680,1022,50,50,1,-1,-1,-1
283,2,680,1031,50,50,1,-1,-1,-1
284,2,679,1041,50,50,1,-1,-1,-1
285,2,678,1052,50,50,1,-1,-1,-1
286,2,675,1066,50,50,1,-1,-1,-1
287,2,674,1081,50,50,1,-1,-1,-1
288,2,671,1094,50,50,1,-1,-1,-1
289,2,668,1102,50,50,1,-1,-1,-1
290,2,666,1107,50,50,1,-1,-1,-1
291,2,664,1109,50,50,1,-1,-1,-1
292,2,663,1107,50,50,1,-1,-1,-1
293,2,664,1102,50,50,1,-1,-1,-1
294,2,669,1092,50,50,1,-1,-1,-1
295,2,675,1080,50,50,1,-1,-1,-1
296,2,682,1067,50,50,1,-1,-1,-1
297,2,686,1055,50,50,1,-1,-1,-1
298,2,697,1049,50,50,1,-1,-1,-1
299,2,659,814,50,50,1,-1,-1,-1
300,2,670,851,50,50,1,-1,-1,-1
301,2,681,893,50,50,1,-1,-1,-1
302,2,692,944,50,50,1,-1,-1,-1
303,2,719,1032,50,50,1,-1,-1,-1
304,2,458,1085,50,50,1,-1,-1,-1
305,2,458,1086,50,50,1,-1,-1,-1
306,2,457,1087,50,50,1,-1,-1,-1
307,2,456,1087,50,50,1,-1,-1,-1
308,2,455,1088,50,50,1,-1,-1,-1
309,2,453,1089,50,50,1,-1,-1,-1
310,2,452,1090,50,50,1,-1,-1,-1
311,2,452,1090,50,50,1,-1,-1,-1
312,2,452,1090,50,50,1,-1,-1,-1
313,2,452,1090,50,50,1,-1,-1,-1
314,2,452,1090,50,50,1,-1,-1,-1
315,2,452,1090,50,50,1,-1,-1,-1
316,2,452,1090,50,50,1,-1,-1,-1
317,2,716,1049,50,50,1,-1,-1,-1
318,2,716,1049,50,50,1,-1,-1,-1
