36,1,632,1132,50,50,1,-1,-1,-1
37,1,627,1114,50,50,1,-1,-1,-1
38,1,626,1063,50,50,1,-1,-1,-1
39,1,626,1026,50,50,1,-1,-1,-1
40,1,625,988,50,50,1,-1,-1,-1
41,1,626,970,50,50,1,-1,-1,-1
42,1,625,947,50,50,1,-1,-1,-1
43,1,629,961,50,50,1,-1,-1,-1
44,1,635,977,50,50,1,-1,-1,-1
44,2,618,807,50,50,1,-1,-1,-1
45,1,634,994,50,50,1,-1,-1,-1
45,2,617,780,50,50,1,-1,-1,-1
46,1,638,1026,50,50,1,-1,-1,-1
46,2,618,758,50,50,1,-1,-1,-1
47,1,639,1059,50,50,1,-1,-1,-1
47,2,619,741,50,50,1,-1,-1,-1
48,1,636,1084,50,50,1,-1,-1,-1
48,2,620,731,50,50,1,-1,-1,-1
49,1,629,1089,50,50,1,-1,-1,-1
49,2,624,725,50,50,1,-1,-1,-1
50,1,626,1088,50,50,1,-1,-1,-1
50,2,626,724,50,50,1,-1,-1,-1
51,1,623,1082,50,50,1,-1,-1,-1
51,2,629,729,50,50,1,-1,-1,-1
52,1,620,1062,50,50,1,-1,-1,-1
52,2,634,739,50,50,1,-1,-1,-1
53,1,612,1029,50,50,1,-1,-1,-1
53,2,635,755,50,50,1,-1,-1,-1
54,1,596,997,50,50,1,-1,-1,-1
54,2,640,779,50,50,1,-1,-1,-1
55,1,598,965,50,50,1,-1,-1,-1
55,2,644,807,50,50,1,-1,-1,-1
56,1,602,945,50,50,1,-1,-1,-1
56,2,650,841,50,50,1,-1,-1,-1
57,1,644,935,50,50,1,-1,-1,-1
57,3,471,1189,50,50,1,-1,-1,-1
58,2,658,955,50,50,1,-1,-1,-1
58,3,470,1171,50,50,1,-1,-1,-1
59,2,668,977,50,50,1,-1,-1,-1
59,3,475,1173,50,50,1,-1,-1,-1
60,2,674,993,50,50,1,-1,-1,-1
60,3,480,1173,50,50,1,-1,-1,-1
61,1,459,1006,50,50,1,-1,-1,-1
61,2,676,1001,50,50,1,-1,-1,-1
61,3,490,1167,50,50,1,-1,-1,-1
62,2,674,1010,50,50,1,-1,-1,-1
62,3,484,1100,50,50,1,-1,-1,-1
63,2,672,1018,50,50,1,-1,-1,-1
63,3,493,1098,50,50,1,-1,-1,-1
64,2,670,1024,50,50,1,-1,-1,-1
64,3,503,1091,50,50,1,-1,-1,-1
65,2,671,1032,50,50,1,-1,-1,-1
65,3,512,1071,50,50,1,-1,-1,-1
66,1,495,823,50,50,1,-1,-1,-1
66,2,670,1041,50,50,1,-1,-1,-1
66,3,515,1065,50,50,1,-1,-1,-1
67,1,508,1157,50,50,1,-1,-1,-1
67,2,671,1047,50,50,1,-1,-1,-1
67,3,529,985,50,50,1,-1,-1,-1
68,1,510,1164,50,50,1,-1,-1,-1
68,2,517,958,50,50,1,-1,-1,-1
68,3,566,888,50,50,1,-1,-1,-1
69,1,492,973,50,50,1,-1,-1,-1
69,2,518,1229,50,50,1,-1,-1,-1
69,3,674,1053,50,50,1,-1,-1,-1
70,1,482,989,50,50,1,-1,-1,-1
70,2,513,1240,50,50,1,-1,-1,-1
70,3,678,1055,50,50,1,-1,-1,-1
71,1,473,1016,50,50,1,-1,-1,-1
71,2,514,1255,50,50,1,-1,-1,-1
71,3,681,1057,50,50,1,-1,-1,-1
72,1,466,1046,50,50,1,-1,-1,-1
72,2,519,1268,50,50,1,-1,-1,-1
72,3,548,705,50,50,1,-1,-1,-1
73,1,460,1068,50,50,1,-1,-1,-1
73,2,520,1275,50,50,1,-1,-1,-1
73,3,539,667,50,50,1,-1,-1,-1
74,1,461,1088,50,50,1,-1,-1,-1
74,2,520,1282,50,50,1,-1,-1,-1
74,3,688,1061,50,50,1,-1,-1,-1
75,1,689,1062,50,50,1,-1,-1,-1
75,2,522,1293,50,50,1,-1,-1,-1
75,3,527,612,50,50,1,-1,-1,-1
76,1,690,1062,50,50,1,-1,-1,-1
76,2,522,1301,50,50,1,-1,-1,-1
76,3,521,596,50,50,1,-1,-1,-1
77,1,693,1064,50,50,1,-1,-1,-1
77,2,524,1301,50,50,1,-1,-1,-1
77,3,482,1142,50,50,1,-1,-1,-1
78,1,695,1065,50,50,1,-1,-1,-1
78,2,525,1298,50,50,1,-1,-1,-1
78,3,487,1132,50,50,1,-1,-1,-1
79,1,697,1064,50,50,1,-1,-1,-1
79,2,493,1124,50,50,1,-1,-1,-1
79,3,510,580,50,50,1,-1,-1,-1
80,1,697,1064,50,50,1,-1,-1,-1
80,2,502,1115,50,50,1,-1,-1,-1
80,3,508,585,50,50,1,-1,-1,-1
81,1,698,1064,50,50,1,-1,-1,-1
81,2,512,1101,50,50,1,-1,-1,-1
81,3,506,597,50,50,1,-1,-1,-1
82,1,697,1064,50,50,1,-1,-1,-1
82,2,523,1085,50,50,1,-1,-1,-1
82,3,498,616,50,50,1,-1,-1,-1
83,1,697,1066,50,50,1,-1,-1,-1
83,2,533,1056,50,50,1,-1,-1,-1
83,3,499,637,50,50,1,-1,-1,-1
84,1,695,1068,50,50,1,-1,-1,-1
84,2,540,1023,50,50,1,-1,-1,-1
84,3,499,668,50,50,1,-1,-1,-1
85,1,526,1282,50,50,1,-1,-1,-1
85,2,563,982,50,50,1,-1,-1,-1
85,3,498,703,50,50,1,-1,-1,-1
86,1,528,1290,50,50,1,-1,-1,-1
86,2,556,944,50,50,1,-1,-1,-1
86,3,494,745,50,50,1,-1,-1,-1
87,1,528,1295,50,50,1,-1,-1,-1
87,2,532,951,50,50,1,-1,-1,-1
87,3,496,794,50,50,1,-1,-1,-1
88,1,528,1296,50,50,1,-1,-1,-1
88,2,504,957,50,50,1,-1,-1,-1
88,3,496,845,50,50,1,-1,-1,-1
89,1,527,1296,50,50,1,-1,-1,-1
89,2,495,946,50,50,1,-1,-1,-1
89,3,676,1108,50,50,1,-1,-1,-1
90,1,590,765,50,50,1,-1,-1,-1
90,2,488,970,50,50,1,-1,-1,-1
91,1,591,747,50,50,1,-1,-1,-1
91,2,484,982,50,50,1,-1,-1,-1
92,1,591,737,50,50,1,-1,-1,-1
92,2,482,993,50,50,1,-1,-1,-1
93,1,592,732,50,50,1,-1,-1,-1
93,2,481,1004,50,50,1,-1,-1,-1
93,3,640,1172,50,50,1,-1,-1,-1
94,1,594,729,50,50,1,-1,-1,-1
94,2,481,1019,50,50,1,-1,-1,-1
94,3,631,1151,50,50,1,-1,-1,-1
95,1,596,727,50,50,1,-1,-1,-1
95,2,484,1040,50,50,1,-1,-1,-1
95,3,620,1138,50,50,1,-1,-1,-1
96,1,600,726,50,50,1,-1,-1,-1
96,2,487,1052,50,50,1,-1,-1,-1
96,3,614,1117,50,50,1,-1,-1,-1
97,1,605,731,50,50,1,-1,-1,-1
97,2,486,1060,50,50,1,-1,-1,-1
97,3,609,1092,50,50,1,-1,-1,-1
98,1,609,740,50,50,1,-1,-1,-1
98,2,483,1073,50,50,1,-1,-1,-1
98,3,595,1064,50,50,1,-1,-1,-1
99,1,613,755,50,50,1,-1,-1,-1
99,2,479,1084,50,50,1,-1,-1,-1
99,3,590,1006,50,50,1,-1,-1,-1
100,1,619,772,50,50,1,-1,-1,-1
100,2,477,1090,50,50,1,-1,-1,-1
100,3,589,954,50,50,1,-1,-1,-1
101,1,639,817,50,50,1,-1,-1,-1
101,2,476,1093,50,50,1,-1,-1,-1
101,3,598,922,50,50,1,-1,-1,-1
102,2,472,1102,50,50,1,-1,-1,-1
102,3,633,913,50,50,1,-1,-1,-1
103,2,475,1113,50,50,1,-1,-1,-1
103,3,648,933,50,50,1,-1,-1,-1
104,1,576,688,50,50,1,-1,-1,-1
104,3,666,953,50,50,1,-1,-1,-1
105,1,576,647,50,50,1,-1,-1,-1
105,3,678,980,50,50,1,-1,-1,-1
106,1,578,609,50,50,1,-1,-1,-1
106,3,681,999,50,50,1,-1,-1,-1
107,1,578,576,50,50,1,-1,-1,-1
107,3,681,1021,50,50,1,-1,-1,-1
108,1,579,549,50,50,1,-1,-1,-1
108,3,678,1044,50,50,1,-1,-1,-1
109,1,582,529,50,50,1,-1,-1,-1
109,3,671,1072,50,50,1,-1,-1,-1
110,1,585,515,50,50,1,-1,-1,-1
110,3,659,1099,50,50,1,-1,-1,-1
111,1,588,506,50,50,1,-1,-1,-1
111,3,646,1109,50,50,1,-1,-1,-1
112,1,588,503,50,50,1,-1,-1,-1
112,3,631,1119,50,50,1,-1,-1,-1
113,1,593,505,50,50,1,-1,-1,-1
113,3,627,1119,50,50,1,-1,-1,-1
114,1,597,512,50,50,1,-1,-1,-1
114,3,621,1117,50,50,1,-1,-1,-1
115,1,601,525,50,50,1,-1,-1,-1
115,3,615,1100,50,50,1,-1,-1,-1
116,1,606,545,50,50,1,-1,-1,-1
116,3,603,1095,50,50,1,-1,-1,-1
117,1,610,571,50,50,1,-1,-1,-1
117,3,588,1065,50,50,1,-1,-1,-1
118,1,616,602,50,50,1,-1,-1,-1
118,3,582,1015,50,50,1,-1,-1,-1
119,1,621,641,50,50,1,-1,-1,-1
119,3,560,972,50,50,1,-1,-1,-1
120,1,627,684,50,50,1,-1,-1,-1
120,3,563,937,50,50,1,-1,-1,-1
121,1,634,734,50,50,1,-1,-1,-1
121,2,520,846,50,50,1,-1,-1,-1
121,3,599,943,50,50,1,-1,-1,-1
122,1,640,789,50,50,1,-1,-1,-1
122,3,619,940,50,50,1,-1,-1,-1
123,3,643,902,50,50,1,-1,-1,-1
124,1,654,931,50,50,1,-1,-1,-1
124,3,494,726,50,50,1,-1,-1,-1
125,1,662,953,50,50,1,-1,-1,-1
125,2,474,1166,50,50,1,-1,-1,-1
125,3,489,706,50,50,1,-1,-1,-1
126,1,662,964,50,50,1,-1,-1,-1
126,2,482,1178,50,50,1,-1,-1,-1
126,3,479,684,50,50,1,-1,-1,-1
127,1,657,979,50,50,1,-1,-1,-1
127,2,495,1170,50,50,1,-1,-1,-1
127,3,462,659,50,50,1,-1,-1,-1
128,1,657,979,50,50,1,-1,-1,-1
128,2,493,1162,50,50,1,-1,-1,-1
128,3,462,659,50,50,1,-1,-1,-1
129,1,654,991,50,50,1,-1,-1,-1
129,2,500,1144,50,50,1,-1,-1,-1
129,3,454,656,50,50,1,-1,-1,-1
130,1,651,1028,50,50,1,-1,-1,-1
130,2,512,1085,50,50,1,-1,-1,-1
130,3,439,668,50,50,1,-1,-1,-1
131,1,651,1028,50,50,1,-1,-1,-1
131,2,512,1085,50,50,1,-1,-1,-1
131,3,440,668,50,50,1,-1,-1,-1
132,1,649,1041,50,50,1,-1,-1,-1
132,2,514,1032,50,50,1,-1,-1,-1
132,3,432,681,50,50,1,-1,-1,-1
133,1,652,1062,50,50,1,-1,-1,-1
133,2,504,928,50,50,1,-1,-1,-1
133,3,420,727,50,50,1,-1,-1,-1
134,1,480,939,50,50,1,-1,-1,-1
134,2,505,818,50,50,1,-1,-1,-1
134,3,416,758,50,50,1,-1,-1,-1
135,1,480,939,50,50,1,-1,-1,-1
135,2,504,818,50,50,1,-1,-1,-1
135,3,416,758,50,50,1,-1,-1,-1
136,1,496,704,50,50,1,-1,-1,-1
136,2,438,950,50,50,1,-1,-1,-1
136,3,405,840,50,50,1,-1,-1,-1
137,1,490,657,50,50,1,-1,-1,-1
137,2,664,1084,50,50,1,-1,-1,-1
137,3,413,937,50,50,1,-1,-1,-1
138,1,491,657,50,50,1,-1,-1,-1
138,2,664,1084,50,50,1,-1,-1,-1
138,3,413,937,50,50,1,-1,-1,-1
139,1,480,584,50,50,1,-1,-1,-1
139,2,673,1089,50,50,1,-1,-1,-1
139,3,399,1006,50,50,1,-1,-1,-1
140,1,476,554,50,50,1,-1,-1,-1
140,2,675,1090,50,50,1,-1,-1,-1
140,3,397,1035,50,50,1,-1,-1,-1
141,1,471,529,50,50,1,-1,-1,-1
141,2,676,1094,50,50,1,-1,-1,-1
141,3,403,1064,50,50,1,-1,-1,-1
142,1,467,510,50,50,1,-1,-1,-1
142,2,677,1097,50,50,1,-1,-1,-1
142,3,410,1091,50,50,1,-1,-1,-1
143,1,464,500,50,50,1,-1,-1,-1
143,2,678,1099,50,50,1,-1,-1,-1
143,3,428,1115,50,50,1,-1,-1,-1
144,1,460,495,50,50,1,-1,-1,-1
144,2,679,1101,50,50,1,-1,-1,-1
144,3,440,1163,50,50,1,-1,-1,-1
145,1,457,494,50,50,1,-1,-1,-1
145,2,680,1103,50,50,1,-1,-1,-1
145,3,466,1164,50,50,1,-1,-1,-1
146,1,454,499,50,50,1,-1,-1,-1
146,2,680,1105,50,50,1,-1,-1,-1
146,3,486,1168,50,50,1,-1,-1,-1
147,1,452,508,50,50,1,-1,-1,-1
147,2,680,1106,50,50,1,-1,-1,-1
147,3,490,1130,50,50,1,-1,-1,-1
148,1,447,529,50,50,1,-1,-1,-1
148,2,679,1107,50,50,1,-1,-1,-1
148,3,500,1111,50,50,1,-1,-1,-1
149,1,445,552,50,50,1,-1,-1,-1
149,3,508,1082,50,50,1,-1,-1,-1
150,1,443,583,50,50,1,-1,-1,-1
150,3,514,1043,50,50,1,-1,-1,-1
151,1,443,619,50,50,1,-1,-1,-1
151,3,517,995,50,50,1,-1,-1,-1
152,1,440,662,50,50,1,-1,-1,-1
152,3,518,954,50,50,1,-1,-1,-1
153,1,439,712,50,50,1,-1,-1,-1
153,3,512,927,50,50,1,-1,-1,-1
154,1,439,766,50,50,1,-1,-1,-1
154,3,493,917,50,50,1,-1,-1,-1
155,3,456,883,50,50,1,-1,-1,-1
156,1,445,914,50,50,1,-1,-1,-1
157,1,438,941,50,50,1,-1,-1,-1
158,1,437,956,50,50,1,-1,-1,-1
159,1,439,969,50,50,1,-1,-1,-1
159,2,637,1168,50,50,1,-1,-1,-1
159,3,557,700,50,50,1,-1,-1,-1
160,1,442,983,50,50,1,-1,-1,-1
160,2,632,1162,50,50,1,-1,-1,-1
160,3,560,695,50,50,1,-1,-1,-1
161,1,445,1002,50,50,1,-1,-1,-1
161,2,621,1160,50,50,1,-1,-1,-1
161,3,564,694,50,50,1,-1,-1,-1
162,1,447,1021,50,50,1,-1,-1,-1
162,2,613,1143,50,50,1,-1,-1,-1
162,3,569,695,50,50,1,-1,-1,-1
163,1,451,1041,50,50,1,-1,-1,-1
163,2,607,1121,50,50,1,-1,-1,-1
163,3,577,705,50,50,1,-1,-1,-1
164,1,453,1066,50,50,1,-1,-1,-1
164,2,596,1099,50,50,1,-1,-1,-1
165,1,453,1079,50,50,1,-1,-1,-1
165,2,579,1074,50,50,1,-1,-1,-1
166,1,453,1089,50,50,1,-1,-1,-1
166,2,571,1019,50,50,1,-1,-1,-1
167,1,455,1110,50,50,1,-1,-1,-1
167,2,567,972,50,50,1,-1,-1,-1
167,3,603,805,50,50,1,-1,-1,-1
168,1,448,1100,50,50,1,-1,-1,-1
168,2,575,943,50,50,1,-1,-1,-1
168,3,606,839,50,50,1,-1,-1,-1
169,1,443,1106,50,50,1,-1,-1,-1
169,2,606,934,50,50,1,-1,-1,-1
170,1,445,1113,50,50,1,-1,-1,-1
170,3,622,954,50,50,1,-1,-1,-1
171,1,442,1115,50,50,1,-1,-1,-1
171,2,536,712,50,50,1,-1,-1,-1
171,3,632,976,50,50,1,-1,-1,-1
172,1,437,1115,50,50,1,-1,-1,-1
172,2,535,677,50,50,1,-1,-1,-1
172,3,638,1000,50,50,1,-1,-1,-1
173,1,436,1119,50,50,1,-1,-1,-1
173,2,535,643,50,50,1,-1,-1,-1
173,3,641,1027,50,50,1,-1,-1,-1
174,1,435,1124,50,50,1,-1,-1,-1
174,2,534,612,50,50,1,-1,-1,-1
174,3,637,1055,50,50,1,-1,-1,-1
175,1,433,1127,50,50,1,-1,-1,-1
175,2,535,589,50,50,1,-1,-1,-1
175,3,633,1082,50,50,1,-1,-1,-1
176,1,433,1129,50,50,1,-1,-1,-1
176,2,535,570,50,50,1,-1,-1,-1
176,3,625,1106,50,50,1,-1,-1,-1
177,2,537,558,50,50,1,-1,-1,-1
177,3,616,1122,50,50,1,-1,-1,-1
178,2,537,551,50,50,1,-1,-1,-1
178,3,610,1130,50,50,1,-1,-1,-1
179,2,537,550,50,50,1,-1,-1,-1
179,3,605,1129,50,50,1,-1,-1,-1
180,2,539,553,50,50,1,-1,-1,-1
180,3,597,1123,50,50,1,-1,-1,-1
181,2,539,564,50,50,1,-1,-1,-1
181,3,588,1107,50,50,1,-1,-1,-1
182,2,544,579,50,50,1,-1,-1,-1
182,3,578,1083,50,50,1,-1,-1,-1
183,2,546,601,50,50,1,-1,-1,-1
183,3,558,1063,50,50,1,-1,-1,-1
184,2,549,627,50,50,1,-1,-1,-1
184,3,531,1025,50,50,1,-1,-1,-1
185,2,552,661,50,50,1,-1,-1,-1
185,3,528,980,50,50,1,-1,-1,-1
186,2,556,695,50,50,1,-1,-1,-1
186,3,530,944,50,50,1,-1,-1,-1
187,2,497,848,50,50,1,-1,-1,-1
187,3,551,946,50,50,1,-1,-1,-1
188,2,488,824,50,50,1,-1,-1,-1
188,3,565,940,50,50,1,-1,-1,-1
189,1,459,1203,50,50,1,-1,-1,-1
189,2,483,790,50,50,1,-1,-1,-1
189,3,577,942,50,50,1,-1,-1,-1
190,1,462,1216,50,50,1,-1,-1,-1
190,2,480,767,50,50,1,-1,-1,-1
190,3,588,938,50,50,1,-1,-1,-1
191,1,466,1214,50,50,1,-1,-1,-1
191,2,473,741,50,50,1,-1,-1,-1
191,3,598,959,50,50,1,-1,-1,-1
192,1,473,1200,50,50,1,-1,-1,-1
192,2,474,736,50,50,1,-1,-1,-1
192,3,605,974,50,50,1,-1,-1,-1
193,1,485,1195,50,50,1,-1,-1,-1
193,2,461,714,50,50,1,-1,-1,-1
193,3,611,990,50,50,1,-1,-1,-1
194,1,491,1174,50,50,1,-1,-1,-1
194,2,455,709,50,50,1,-1,-1,-1
194,3,618,1006,50,50,1,-1,-1,-1
195,1,498,1152,50,50,1,-1,-1,-1
195,2,451,709,50,50,1,-1,-1,-1
195,3,627,1015,50,50,1,-1,-1,-1
196,1,509,1096,50,50,1,-1,-1,-1
196,2,447,715,50,50,1,-1,-1,-1
196,3,633,1027,50,50,1,-1,-1,-1
197,1,512,1046,50,50,1,-1,-1,-1
197,2,443,724,50,50,1,-1,-1,-1
197,3,636,1038,50,50,1,-1,-1,-1
198,1,509,992,50,50,1,-1,-1,-1
198,2,438,743,50,50,1,-1,-1,-1
198,3,641,1046,50,50,1,-1,-1,-1
199,1,503,945,50,50,1,-1,-1,-1
199,2,433,765,50,50,1,-1,-1,-1
199,3,645,1056,50,50,1,-1,-1,-1
200,1,481,945,50,50,1,-1,-1,-1
200,2,431,795,50,50,1,-1,-1,-1
200,3,508,825,50,50,1,-1,-1,-1
201,1,459,944,50,50,1,-1,-1,-1
201,2,427,831,50,50,1,-1,-1,-1
201,3,652,1071,50,50,1,-1,-1,-1
202,1,436,924,50,50,1,-1,-1,-1
202,2,502,723,50,50,1,-1,-1,-1
202,3,656,1077,50,50,1,-1,-1,-1
203,1,429,952,50,50,1,-1,-1,-1
203,2,500,681,50,50,1,-1,-1,-1
203,3,661,1084,50,50,1,-1,-1,-1
204,1,428,984,50,50,1,-1,-1,-1
204,2,495,642,50,50,1,-1,-1,-1
204,3,667,1090,50,50,1,-1,-1,-1
205,1,429,1014,50,50,1,-1,-1,-1
205,2,491,606,50,50,1,-1,-1,-1
205,3,672,1092,50,50,1,-1,-1,-1
206,1,431,1040,50,50,1,-1,-1,-1
206,2,489,577,50,50,1,-1,-1,-1
206,3,678,1091,50,50,1,-1,-1,-1
207,1,440,1066,50,50,1,-1,-1,-1
207,2,485,552,50,50,1,-1,-1,-1
207,3,681,1094,50,50,1,-1,-1,-1
208,1,454,1094,50,50,1,-1,-1,-1
208,2,483,534,50,50,1,-1,-1,-1
209,2,482,524,50,50,1,-1,-1,-1
210,1,482,1125,50,50,1,-1,-1,-1
210,2,480,519,50,50,1,-1,-1,-1
211,1,492,1131,50,50,1,-1,-1,-1
211,2,477,518,50,50,1,-1,-1,-1
212,1,502,1125,50,50,1,-1,-1,-1
212,2,477,523,50,50,1,-1,-1,-1
213,1,507,1099,50,50,1,-1,-1,-1
213,2,475,533,50,50,1,-1,-1,-1
214,1,523,1086,50,50,1,-1,-1,-1
214,2,472,551,50,50,1,-1,-1,-1
215,1,521,1037,50,50,1,-1,-1,-1
215,2,470,577,50,50,1,-1,-1,-1
216,1,549,992,50,50,1,-1,-1,-1
216,2,471,607,50,50,1,-1,-1,-1
216,3,470,1002,50,50,1,-1,-1,-1
217,1,547,944,50,50,1,-1,-1,-1
217,2,471,643,50,50,1,-1,-1,-1
217,3,525,1296,50,50,1,-1,-1,-1
218,1,542,917,50,50,1,-1,-1,-1
218,2,472,686,50,50,1,-1,-1,-1
218,3,527,1305,50,50,1,-1,-1,-1
219,1,517,914,50,50,1,-1,-1,-1
219,2,472,734,50,50,1,-1,-1,-1
219,3,527,1307,50,50,1,-1,-1,-1
220,1,503,906,50,50,1,-1,-1,-1
220,2,472,791,50,50,1,-1,-1,-1
220,3,528,1314,50,50,1,-1,-1,-1
221,1,484,885,50,50,1,-1,-1,-1
221,2,575,715,50,50,1,-1,-1,-1
222,1,479,914,50,50,1,-1,-1,-1
222,2,576,688,50,50,1,-1,-1,-1
223,1,475,938,50,50,1,-1,-1,-1
223,2,577,663,50,50,1,-1,-1,-1
223,3,670,1133,50,50,1,-1,-1,-1
224,1,472,958,50,50,1,-1,-1,-1
224,2,583,640,50,50,1,-1,-1,-1
224,3,663,1152,50,50,1,-1,-1,-1
225,1,469,975,50,50,1,-1,-1,-1
225,2,586,623,50,50,1,-1,-1,-1
225,3,654,1166,50,50,1,-1,-1,-1
226,1,467,994,50,50,1,-1,-1,-1
226,2,593,613,50,50,1,-1,-1,-1
226,3,647,1171,50,50,1,-1,-1,-1
227,1,468,1019,50,50,1,-1,-1,-1
227,2,597,609,50,50,1,-1,-1,-1
227,3,639,1165,50,50,1,-1,-1,-1
228,1,469,1041,50,50,1,-1,-1,-1
228,2,602,610,50,50,1,-1,-1,-1
228,3,625,1160,50,50,1,-1,-1,-1
229,1,472,1062,50,50,1,-1,-1,-1
229,2,608,614,50,50,1,-1,-1,-1
229,3,615,1149,50,50,1,-1,-1,-1
230,1,471,1076,50,50,1,-1,-1,-1
230,2,615,627,50,50,1,-1,-1,-1
230,3,610,1128,50,50,1,-1,-1,-1
231,1,470,1087,50,50,1,-1,-1,-1
231,2,623,645,50,50,1,-1,-1,-1
231,3,601,1102,50,50,1,-1,-1,-1
232,1,477,1100,50,50,1,-1,-1,-1
232,2,630,669,50,50,1,-1,-1,-1
232,3,591,1060,50,50,1,-1,-1,-1
233,2,639,698,50,50,1,-1,-1,-1
233,3,583,1000,50,50,1,-1,-1,-1
234,2,646,734,50,50,1,-1,-1,-1
234,3,589,950,50,50,1,-1,-1,-1
235,1,579,858,50,50,1,-1,-1,-1
235,2,654,774,50,50,1,-1,-1,-1
235,3,611,942,50,50,1,-1,-1,-1
236,2,663,820,50,50,1,-1,-1,-1
236,3,632,932,50,50,1,-1,-1,-1
237,3,660,910,50,50,1,-1,-1,-1
238,2,677,937,50,50,1,-1,-1,-1
238,3,576,696,50,50,1,-1,-1,-1
239,2,692,964,50,50,1,-1,-1,-1
239,3,576,657,50,50,1,-1,-1,-1
240,2,693,992,50,50,1,-1,-1,-1
240,3,577,624,50,50,1,-1,-1,-1
241,2,691,1020,50,50,1,-1,-1,-1
241,3,579,593,50,50,1,-1,-1,-1
242,2,681,1053,50,50,1,-1,-1,-1
242,3,580,572,50,50,1,-1,-1,-1
243,2,669,1091,50,50,1,-1,-1,-1
243,3,583,555,50,50,1,-1,-1,-1
244,2,652,1121,50,50,1,-1,-1,-1
244,3,586,543,50,50,1,-1,-1,-1
245,2,642,1139,50,50,1,-1,-1,-1
245,3,588,538,50,50,1,-1,-1,-1
246,2,633,1145,50,50,1,-1,-1,-1
246,3,590,537,50,50,1,-1,-1,-1
247,2,621,1138,50,50,1,-1,-1,-1
247,3,595,542,50,50,1,-1,-1,-1
248,2,611,1121,50,50,1,-1,-1,-1
248,3,600,552,50,50,1,-1,-1,-1
249,2,602,1098,50,50,1,-1,-1,-1
249,3,604,569,50,50,1,-1,-1,-1
250,2,590,1062,50,50,1,-1,-1,-1
250,3,609,593,50,50,1,-1,-1,-1
251,2,581,1016,50,50,1,-1,-1,-1
251,3,614,621,50,50,1,-1,-1,-1
252,2,574,978,50,50,1,-1,-1,-1
252,3,618,656,50,50,1,-1,-1,-1
253,2,576,947,50,50,1,-1,-1,-1
253,3,625,697,50,50,1,-1,-1,-1
254,2,606,954,50,50,1,-1,-1,-1
254,3,631,741,50,50,1,-1,-1,-1
255,2,624,950,50,50,1,-1,-1,-1
255,3,636,792,50,50,1,-1,-1,-1
256,2,647,952,50,50,1,-1,-1,-1
256,3,645,849,50,50,1,-1,-1,-1
257,2,659,936,50,50,1,-1,-1,-1
257,3,469,1186,50,50,1,-1,-1,-1
258,2,668,963,50,50,1,-1,-1,-1
258,3,470,1196,50,50,1,-1,-1,-1
259,2,670,979,50,50,1,-1,-1,-1
259,3,475,1187,50,50,1,-1,-1,-1
260,2,668,988,50,50,1,-1,-1,-1
260,3,484,1182,50,50,1,-1,-1,-1
261,2,665,995,50,50,1,-1,-1,-1
261,3,502,1163,50,50,1,-1,-1,-1
262,2,661,1005,50,50,1,-1,-1,-1
262,3,511,1138,50,50,1,-1,-1,-1
263,1,471,763,50,50,1,-1,-1,-1
263,2,656,1013,50,50,1,-1,-1,-1
263,3,518,1103,50,50,1,-1,-1,-1
264,1,464,781,50,50,1,-1,-1,-1
264,2,654,1023,50,50,1,-1,-1,-1
264,3,520,1050,50,50,1,-1,-1,-1
265,1,460,804,50,50,1,-1,-1,-1
265,2,653,1031,50,50,1,-1,-1,-1
265,3,515,997,50,50,1,-1,-1,-1
266,1,453,834,50,50,1,-1,-1,-1
266,2,653,1038,50,50,1,-1,-1,-1
266,3,508,952,50,50,1,-1,-1,-1
267,1,477,852,50,50,1,-1,-1,-1
267,2,655,1042,50,50,1,-1,-1,-1
267,3,483,968,50,50,1,-1,-1,-1
268,1,499,780,50,50,1,-1,-1,-1
268,2,657,1047,50,50,1,-1,-1,-1
268,3,454,950,50,50,1,-1,-1,-1
269,1,494,724,50,50,1,-1,-1,-1
269,2,661,1052,50,50,1,-1,-1,-1
269,3,442,977,50,50,1,-1,-1,-1
270,1,491,683,50,50,1,-1,-1,-1
270,2,664,1058,50,50,1,-1,-1,-1
270,3,434,1007,50,50,1,-1,-1,-1
271,1,484,645,50,50,1,-1,-1,-1
271,2,667,1063,50,50,1,-1,-1,-1
271,3,428,1037,50,50,1,-1,-1,-1
272,1,478,611,50,50,1,-1,-1,-1
272,2,671,1069,50,50,1,-1,-1,-1
272,3,426,1062,50,50,1,-1,-1,-1
273,1,473,582,50,50,1,-1,-1,-1
273,2,675,1076,50,50,1,-1,-1,-1
273,3,430,1090,50,50,1,-1,-1,-1
274,1,467,560,50,50,1,-1,-1,-1
274,2,676,1080,50,50,1,-1,-1,-1
274,3,431,1117,50,50,1,-1,-1,-1
275,1,462,542,50,50,1,-1,-1,-1
275,2,678,1084,50,50,1,-1,-1,-1
275,3,434,1151,50,50,1,-1,-1,-1
276,1,457,531,50,50,1,-1,-1,-1
276,3,447,1171,50,50,1,-1,-1,-1
277,1,452,527,50,50,1,-1,-1,-1
277,3,457,1179,50,50,1,-1,-1,-1
278,1,448,527,50,50,1,-1,-1,-1
278,2,679,1083,50,50,1,-1,-1,-1
278,3,465,1179,50,50,1,-1,-1,-1
279,1,446,533,50,50,1,-1,-1,-1
279,2,678,1083,50,50,1,-1,-1,-1
279,3,475,1160,50,50,1,-1,-1,-1
280,1,440,544,50,50,1,-1,-1,-1
280,3,487,1136,50,50,1,-1,-1,-1
281,1,435,562,50,50,1,-1,-1,-1
281,3,489,1102,50,50,1,-1,-1,-1
282,1,431,585,50,50,1,-1,-1,-1
282,2,671,1089,50,50,1,-1,-1,-1
282,3,492,1061,50,50,1,-1,-1,-1
283,1,430,613,50,50,1,-1,-1,-1
283,3,492,1012,50,50,1,-1,-1,-1
284,1,427,648,50,50,1,-1,-1,-1
284,3,495,970,50,50,1,-1,-1,-1
285,1,426,688,50,50,1,-1,-1,-1
285,3,492,934,50,50,1,-1,-1,-1
286,1,425,734,50,50,1,-1,-1,-1
286,2,653,1111,50,50,1,-1,-1,-1
286,3,461,947,50,50,1,-1,-1,-1
287,1,423,786,50,50,1,-1,-1,-1
287,2,648,1118,50,50,1,-1,-1,-1
287,3,447,949,50,50,1,-1,-1,-1
288,1,421,844,50,50,1,-1,-1,-1
288,2,642,1127,50,50,1,-1,-1,-1
288,3,433,952,50,50,1,-1,-1,-1
289,2,638,1137,50,50,1,-1,-1,-1
289,3,422,939,50,50,1,-1,-1,-1
290,1,420,969,50,50,1,-1,-1,-1
290,2,630,1148,50,50,1,-1,-1,-1
291,1,420,988,50,50,1,-1,-1,-1
291,2,624,1155,50,50,1,-1,-1,-1
291,3,537,688,50,50,1,-1,-1,-1
292,1,423,1004,50,50,1,-1,-1,-1
292,2,618,1156,50,50,1,-1,-1,-1
292,3,542,678,50,50,1,-1,-1,-1
293,1,429,1015,50,50,1,-1,-1,-1
293,2,610,1153,50,50,1,-1,-1,-1
293,3,549,672,50,50,1,-1,-1,-1
294,1,434,1025,50,50,1,-1,-1,-1
294,2,604,1146,50,50,1,-1,-1,-1
294,3,555,670,50,50,1,-1,-1,-1
295,1,439,1032,50,50,1,-1,-1,-1
295,2,594,1131,50,50,1,-1,-1,-1
295,3,562,672,50,50,1,-1,-1,-1
296,1,442,1037,50,50,1,-1,-1,-1
296,2,587,1104,50,50,1,-1,-1,-1
296,3,570,681,50,50,1,-1,-1,-1
297,1,445,1039,50,50,1,-1,-1,-1
297,2,572,1084,50,50,1,-1,-1,-1
297,3,578,695,50,50,1,-1,-1,-1
298,1,448,1042,50,50,1,-1,-1,-1
298,2,557,1035,50,50,1,-1,-1,-1
298,3,588,718,50,50,1,-1,-1,-1
299,1,450,1044,50,50,1,-1,-1,-1
299,2,548,974,50,50,1,-1,-1,-1
299,3,596,746,50,50,1,-1,-1,-1
300,1,450,1046,50,50,1,-1,-1,-1
300,2,555,934,50,50,1,-1,-1,-1
300,3,605,781,50,50,1,-1,-1,-1
301,1,449,1047,50,50,1,-1,-1,-1
301,2,586,940,50,50,1,-1,-1,-1
301,3,613,821,50,50,1,-1,-1,-1
302,1,448,1048,50,50,1,-1,-1,-1
302,2,612,915,50,50,1,-1,-1,-1
303,1,446,1051,50,50,1,-1,-1,-1
303,2,517,708,50,50,1,-1,-1,-1
303,3,627,939,50,50,1,-1,-1,-1
304,1,444,1053,50,50,1,-1,-1,-1
304,2,518,666,50,50,1,-1,-1,-1
304,3,639,965,50,50,1,-1,-1,-1
305,1,443,1055,50,50,1,-1,-1,-1
305,2,515,626,50,50,1,-1,-1,-1
305,3,646,989,50,50,1,-1,-1,-1
306,1,441,1058,50,50,1,-1,-1,-1
306,2,515,591,50,50,1,-1,-1,-1
306,3,647,1015,50,50,1,-1,-1,-1
307,1,438,1060,50,50,1,-1,-1,-1
307,2,515,563,50,50,1,-1,-1,-1
307,3,645,1041,50,50,1,-1,-1,-1
308,1,435,1062,50,50,1,-1,-1,-1
308,2,514,540,50,50,1,-1,-1,-1
308,3,639,1068,50,50,1,-1,-1,-1
309,1,431,1064,50,50,1,-1,-1,-1
309,2,513,521,50,50,1,-1,-1,-1
309,3,631,1091,50,50,1,-1,-1,-1
310,1,428,1066,50,50,1,-1,-1,-1
310,2,512,512,50,50,1,-1,-1,-1
310,3,620,1112,50,50,1,-1,-1,-1
311,1,426,1067,50,50,1,-1,-1,-1
311,2,511,505,50,50,1,-1,-1,-1
311,3,610,1128,50,50,1,-1,-1,-1
312,1,423,1068,50,50,1,-1,-1,-1
312,2,511,505,50,50,1,-1,-1,-1
312,3,603,1134,50,50,1,-1,-1,-1
313,1,418,1068,50,50,1,-1,-1,-1
313,2,512,509,50,50,1,-1,-1,-1
313,3,592,1128,50,50,1,-1,-1,-1
314,1,414,1069,50,50,1,-1,-1,-1
314,2,513,521,50,50,1,-1,-1,-1
314,3,584,1128,50,50,1,-1,-1,-1
315,1,411,1071,50,50,1,-1,-1,-1
315,2,515,538,50,50,1,-1,-1,-1
315,3,571,1097,50,50,1,-1,-1,-1
316,1,411,1072,50,50,1,-1,-1,-1
316,2,518,560,50,50,1,-1,-1,-1
316,3,558,1069,50,50,1,-1,-1,-1
317,1,409,1075,50,50,1,-1,-1,-1
317,2,521,589,50,50,1,-1,-1,-1
317,3,510,1049,50,50,1,-1,-1,-1
318,1,409,1076,50,50,1,-1,-1,-1
318,2,523,624,50,50,1,-1,-1,-1
318,3,505,1005,50,50,1,-1,-1,-1
319,1,409,1079,50,50,1,-1,-1,-1
319,2,526,667,50,50,1,-1,-1,-1
319,3,503,968,50,50,1,-1,-1,-1
320,1,409,1084,50,50,1,-1,-1,-1
320,3,503,882,50,50,1,-1,-1,-1
321,1,408,1094,50,50,1,-1,-1,-1
321,2,529,940,50,50,1,-1,-1,-1
321,3,472,837,50,50,1,-1,-1,-1
322,1,413,1105,50,50,1,-1,-1,-1
322,2,539,937,50,50,1,-1,-1,-1
322,3,475,818,50,50,1,-1,-1,-1
323,1,418,1120,50,50,1,-1,-1,-1
323,3,509,864,50,50,1,-1,-1,-1
324,1,423,1139,50,50,1,-1,-1,-1
324,2,444,727,50,50,1,-1,-1,-1
324,3,561,949,50,50,1,-1,-1,-1
325,1,434,1156,50,50,1,-1,-1,-1
325,2,436,704,50,50,1,-1,-1,-1
325,3,568,965,50,50,1,-1,-1,-1
326,1,437,1171,50,50,1,-1,-1,-1
326,2,429,688,50,50,1,-1,-1,-1
326,3,579,981,50,50,1,-1,-1,-1
327,1,446,1178,50,50,1,-1,-1,-1
327,2,421,676,50,50,1,-1,-1,-1
327,3,586,994,50,50,1,-1,-1,-1
328,1,462,1175,50,50,1,-1,-1,-1
328,2,416,670,50,50,1,-1,-1,-1
328,3,592,1005,50,50,1,-1,-1,-1
329,1,480,1163,50,50,1,-1,-1,-1
329,2,409,670,50,50,1,-1,-1,-1
329,3,601,1018,50,50,1,-1,-1,-1
330,1,490,1121,50,50,1,-1,-1,-1
330,2,403,674,50,50,1,-1,-1,-1
330,3,607,1026,50,50,1,-1,-1,-1
331,1,489,1074,50,50,1,-1,-1,-1
331,2,401,684,50,50,1,-1,-1,-1
331,3,613,1034,50,50,1,-1,-1,-1
332,1,486,1006,50,50,1,-1,-1,-1
332,2,395,702,50,50,1,-1,-1,-1
332,3,618,1041,50,50,1,-1,-1,-1
333,1,480,952,50,50,1,-1,-1,-1
333,2,391,724,50,50,1,-1,-1,-1
333,3,623,1046,50,50,1,-1,-1,-1
334,1,464,909,50,50,1,-1,-1,-1
334,2,387,754,50,50,1,-1,-1,-1
334,3,627,1052,50,50,1,-1,-1,-1
335,1,437,933,50,50,1,-1,-1,-1
335,2,386,786,50,50,1,-1,-1,-1
335,3,466,797,50,50,1,-1,-1,-1
336,1,414,933,50,50,1,-1,-1,-1
336,2,380,825,50,50,1,-1,-1,-1
336,3,459,741,50,50,1,-1,-1,-1
337,1,389,917,50,50,1,-1,-1,-1
337,2,639,1066,50,50,1,-1,-1,-1
337,3,455,693,50,50,1,-1,-1,-1
338,1,385,950,50,50,1,-1,-1,-1
338,2,643,1072,50,50,1,-1,-1,-1
338,3,447,649,50,50,1,-1,-1,-1
339,1,389,987,50,50,1,-1,-1,-1
339,2,646,1077,50,50,1,-1,-1,-1
339,3,441,609,50,50,1,-1,-1,-1
340,1,390,1014,50,50,1,-1,-1,-1
340,3,433,578,50,50,1,-1,-1,-1
341,1,393,1044,50,50,1,-1,-1,-1
341,3,429,552,50,50,1,-1,-1,-1
342,1,402,1077,50,50,1,-1,-1,-1
342,3,423,532,50,50,1,-1,-1,-1
343,1,419,1107,50,50,1,-1,-1,-1
343,3,418,516,50,50,1,-1,-1,-1
344,1,434,1137,50,50,1,-1,-1,-1
344,3,412,507,50,50,1,-1,-1,-1
345,1,448,1170,50,50,1,-1,-1,-1
345,2,657,1098,50,50,1,-1,-1,-1
345,3,409,505,50,50,1,-1,-1,-1
346,1,463,1165,50,50,1,-1,-1,-1
346,3,405,508,50,50,1,-1,-1,-1
347,1,472,1155,50,50,1,-1,-1,-1
347,3,399,515,50,50,1,-1,-1,-1
348,1,483,1126,50,50,1,-1,-1,-1
348,3,399,529,50,50,1,-1,-1,-1
349,1,486,1092,50,50,1,-1,-1,-1
349,3,394,550,50,50,1,-1,-1,-1
350,1,489,1046,50,50,1,-1,-1,-1
350,2,655,1107,50,50,1,-1,-1,-1
350,3,390,576,50,50,1,-1,-1,-1
351,1,490,995,50,50,1,-1,-1,-1
351,3,386,609,50,50,1,-1,-1,-1
352,1,490,952,50,50,1,-1,-1,-1
352,3,385,646,50,50,1,-1,-1,-1
353,1,482,916,50,50,1,-1,-1,-1
353,3,384,690,50,50,1,-1,-1,-1
354,1,444,924,50,50,1,-1,-1,-1
354,2,644,1127,50,50,1,-1,-1,-1
354,3,379,739,50,50,1,-1,-1,-1
355,1,423,920,50,50,1,-1,-1,-1
355,2,639,1133,50,50,1,-1,-1,-1
355,3,381,796,50,50,1,-1,-1,-1
356,1,396,899,50,50,1,-1,-1,-1
356,2,635,1138,50,50,1,-1,-1,-1
357,2,632,1141,50,50,1,-1,-1,-1
357,3,390,930,50,50,1,-1,-1,-1
358,1,536,701,50,50,1,-1,-1,-1
358,2,625,1149,50,50,1,-1,-1,-1
358,3,384,953,50,50,1,-1,-1,-1
359,1,545,688,50,50,1,-1,-1,-1
359,2,620,1153,50,50,1,-1,-1,-1
359,3,383,970,50,50,1,-1,-1,-1
360,1,552,678,50,50,1,-1,-1,-1
360,2,615,1154,50,50,1,-1,-1,-1
360,3,385,987,50,50,1,-1,-1,-1
361,1,557,674,50,50,1,-1,-1,-1
361,2,606,1150,50,50,1,-1,-1,-1
361,3,388,1003,50,50,1,-1,-1,-1
362,1,563,674,50,50,1,-1,-1,-1
362,2,599,1140,50,50,1,-1,-1,-1
362,3,394,1021,50,50,1,-1,-1,-1
363,1,573,679,50,50,1,-1,-1,-1
363,2,591,1119,50,50,1,-1,-1,-1
363,3,402,1037,50,50,1,-1,-1,-1
364,1,581,690,50,50,1,-1,-1,-1
364,2,580,1090,50,50,1,-1,-1,-1
364,3,409,1049,50,50,1,-1,-1,-1
365,1,589,706,50,50,1,-1,-1,-1
365,2,569,1042,50,50,1,-1,-1,-1
365,3,414,1062,50,50,1,-1,-1,-1
366,1,601,731,50,50,1,-1,-1,-1
366,2,562,981,50,50,1,-1,-1,-1
366,3,415,1075,50,50,1,-1,-1,-1
367,1,610,760,50,50,1,-1,-1,-1
367,2,569,935,50,50,1,-1,-1,-1
367,3,418,1083,50,50,1,-1,-1,-1
368,1,619,796,50,50,1,-1,-1,-1
368,2,593,930,50,50,1,-1,-1,-1
368,3,417,1088,50,50,1,-1,-1,-1
369,2,618,894,50,50,1,-1,-1,-1
369,3,417,1090,50,50,1,-1,-1,-1
370,1,633,916,50,50,1,-1,-1,-1
370,2,550,703,50,50,1,-1,-1,-1
370,3,418,1091,50,50,1,-1,-1,-1
371,1,648,946,50,50,1,-1,-1,-1
371,2,549,664,50,50,1,-1,-1,-1
371,3,419,1093,50,50,1,-1,-1,-1
372,1,660,973,50,50,1,-1,-1,-1
372,2,550,624,50,50,1,-1,-1,-1
372,3,417,1095,50,50,1,-1,-1,-1
373,1,666,1001,50,50,1,-1,-1,-1
373,2,551,585,50,50,1,-1,-1,-1
373,3,417,1097,50,50,1,-1,-1,-1
374,1,664,1031,50,50,1,-1,-1,-1
374,2,553,555,50,50,1,-1,-1,-1
374,3,414,1099,50,50,1,-1,-1,-1
375,1,654,1062,50,50,1,-1,-1,-1
375,2,555,529,50,50,1,-1,-1,-1
375,3,413,1101,50,50,1,-1,-1,-1
376,1,643,1094,50,50,1,-1,-1,-1
376,2,557,511,50,50,1,-1,-1,-1
376,3,412,1103,50,50,1,-1,-1,-1
377,1,630,1121,50,50,1,-1,-1,-1
377,2,557,497,50,50,1,-1,-1,-1
377,3,412,1106,50,50,1,-1,-1,-1
378,1,620,1136,50,50,1,-1,-1,-1
378,2,560,490,50,50,1,-1,-1,-1
378,3,412,1106,50,50,1,-1,-1,-1
379,1,613,1143,50,50,1,-1,-1,-1
379,2,564,488,50,50,1,-1,-1,-1
380,1,605,1139,50,50,1,-1,-1,-1
380,2,568,491,50,50,1,-1,-1,-1
381,1,598,1126,50,50,1,-1,-1,-1
381,2,572,498,50,50,1,-1,-1,-1
382,1,590,1106,50,50,1,-1,-1,-1
382,2,576,514,50,50,1,-1,-1,-1
383,1,579,1075,50,50,1,-1,-1,-1
383,2,580,534,50,50,1,-1,-1,-1
383,3,417,1111,50,50,1,-1,-1,-1
384,1,568,1032,50,50,1,-1,-1,-1
384,2,584,562,50,50,1,-1,-1,-1
384,3,420,1114,50,50,1,-1,-1,-1
385,1,557,990,50,50,1,-1,-1,-1
385,2,589,593,50,50,1,-1,-1,-1
385,3,423,1118,50,50,1,-1,-1,-1
386,1,556,957,50,50,1,-1,-1,-1
386,2,594,627,50,50,1,-1,-1,-1
386,3,427,1124,50,50,1,-1,-1,-1
387,1,577,955,50,50,1,-1,-1,-1
387,2,600,669,50,50,1,-1,-1,-1
387,3,433,1132,50,50,1,-1,-1,-1
388,1,590,946,50,50,1,-1,-1,-1
388,2,607,718,50,50,1,-1,-1,-1
388,3,437,1142,50,50,1,-1,-1,-1
389,1,605,943,50,50,1,-1,-1,-1
389,2,614,772,50,50,1,-1,-1,-1
389,3,441,1157,50,50,1,-1,-1,-1
390,1,619,945,50,50,1,-1,-1,-1
390,2,620,831,50,50,1,-1,-1,-1
390,3,450,1167,50,50,1,-1,-1,-1
391,1,630,926,50,50,1,-1,-1,-1
391,3,460,1171,50,50,1,-1,-1,-1
392,2,640,956,50,50,1,-1,-1,-1
392,3,472,1170,50,50,1,-1,-1,-1
393,2,642,974,50,50,1,-1,-1,-1
393,3,485,1163,50,50,1,-1,-1,-1
394,2,642,988,50,50,1,-1,-1,-1
394,3,495,1151,50,50,1,-1,-1,-1
395,1,467,750,50,50,1,-1,-1,-1
395,2,641,999,50,50,1,-1,-1,-1
395,3,503,1131,50,50,1,-1,-1,-1
396,1,461,760,50,50,1,-1,-1,-1
396,2,639,1010,50,50,1,-1,-1,-1
396,3,510,1102,50,50,1,-1,-1,-1
397,1,455,774,50,50,1,-1,-1,-1
397,2,638,1018,50,50,1,-1,-1,-1
397,3,512,1057,50,50,1,-1,-1,-1
398,1,449,793,50,50,1,-1,-1,-1
398,2,638,1025,50,50,1,-1,-1,-1
398,3,508,1003,50,50,1,-1,-1,-1
399,1,445,821,50,50,1,-1,-1,-1
399,2,637,1031,50,50,1,-1,-1,-1
399,3,501,955,50,50,1,-1,-1,-1
400,1,469,851,50,50,1,-1,-1,-1
400,2,637,1036,50,50,1,-1,-1,-1
400,3,480,960,50,50,1,-1,-1,-1
401,1,491,794,50,50,1,-1,-1,-1
401,2,639,1040,50,50,1,-1,-1,-1
401,3,449,937,50,50,1,-1,-1,-1
402,1,485,740,50,50,1,-1,-1,-1
402,2,642,1044,50,50,1,-1,-1,-1
402,3,438,962,50,50,1,-1,-1,-1
403,1,478,696,50,50,1,-1,-1,-1
403,2,645,1048,50,50,1,-1,-1,-1
403,3,432,990,50,50,1,-1,-1,-1
404,1,473,657,50,50,1,-1,-1,-1
404,2,647,1054,50,50,1,-1,-1,-1
404,3,425,1019,50,50,1,-1,-1,-1
405,1,467,623,50,50,1,-1,-1,-1
405,2,648,1060,50,50,1,-1,-1,-1
405,3,423,1048,50,50,1,-1,-1,-1
406,1,461,596,50,50,1,-1,-1,-1
406,3,425,1076,50,50,1,-1,-1,-1
407,1,453,573,50,50,1,-1,-1,-1
407,3,430,1107,50,50,1,-1,-1,-1
408,1,446,555,50,50,1,-1,-1,-1
408,2,654,1076,50,50,1,-1,-1,-1
408,3,430,1137,50,50,1,-1,-1,-1
409,1,442,544,50,50,1,-1,-1,-1
409,2,654,1082,50,50,1,-1,-1,-1
409,3,441,1160,50,50,1,-1,-1,-1
410,1,436,539,50,50,1,-1,-1,-1
410,2,654,1087,50,50,1,-1,-1,-1
410,3,449,1167,50,50,1,-1,-1,-1
411,1,432,539,50,50,1,-1,-1,-1
411,2,654,1091,50,50,1,-1,-1,-1
411,3,462,1166,50,50,1,-1,-1,-1
412,1,426,544,50,50,1,-1,-1,-1
412,2,653,1094,50,50,1,-1,-1,-1
412,3,472,1149,50,50,1,-1,-1,-1
413,1,421,555,50,50,1,-1,-1,-1
413,3,480,1120,50,50,1,-1,-1,-1
414,1,416,573,50,50,1,-1,-1,-1
414,3,488,1084,50,50,1,-1,-1,-1
415,1,413,594,50,50,1,-1,-1,-1
415,3,491,1036,50,50,1,-1,-1,-1
416,1,408,623,50,50,1,-1,-1,-1
416,3,494,990,50,50,1,-1,-1,-1
417,1,405,657,50,50,1,-1,-1,-1
417,3,493,952,50,50,1,-1,-1,-1
418,1,401,697,50,50,1,-1,-1,-1
418,2,643,1121,50,50,1,-1,-1,-1
418,3,461,950,50,50,1,-1,-1,-1
419,1,399,743,50,50,1,-1,-1,-1
419,2,639,1127,50,50,1,-1,-1,-1
419,3,439,944,50,50,1,-1,-1,-1
420,1,397,795,50,50,1,-1,-1,-1
420,2,637,1136,50,50,1,-1,-1,-1
420,3,423,943,50,50,1,-1,-1,-1
421,2,635,1143,50,50,1,-1,-1,-1
421,3,404,907,50,50,1,-1,-1,-1
422,1,398,936,50,50,1,-1,-1,-1
422,2,632,1150,50,50,1,-1,-1,-1
423,1,397,966,50,50,1,-1,-1,-1
423,2,627,1159,50,50,1,-1,-1,-1
424,1,394,987,50,50,1,-1,-1,-1
424,2,624,1166,50,50,1,-1,-1,-1
424,3,552,703,50,50,1,-1,-1,-1
425,1,400,1005,50,50,1,-1,-1,-1
425,2,619,1169,50,50,1,-1,-1,-1
425,3,557,698,50,50,1,-1,-1,-1
426,1,411,1022,50,50,1,-1,-1,-1
426,2,612,1168,50,50,1,-1,-1,-1
427,1,417,1032,50,50,1,-1,-1,-1
427,2,603,1156,50,50,1,-1,-1,-1
428,1,425,1042,50,50,1,-1,-1,-1
428,2,595,1137,50,50,1,-1,-1,-1
428,3,582,708,50,50,1,-1,-1,-1
429,1,431,1050,50,50,1,-1,-1,-1
429,2,584,1108,50,50,1,-1,-1,-1
429,3,592,725,50,50,1,-1,-1,-1
430,1,436,1055,50,50,1,-1,-1,-1
430,2,573,1060,50,50,1,-1,-1,-1
430,3,600,746,50,50,1,-1,-1,-1
431,1,439,1059,50,50,1,-1,-1,-1
431,2,565,998,50,50,1,-1,-1,-1
431,3,608,773,50,50,1,-1,-1,-1
432,1,441,1061,50,50,1,-1,-1,-1
432,2,571,947,50,50,1,-1,-1,-1
432,3,617,805,50,50,1,-1,-1,-1
433,1,441,1063,50,50,1,-1,-1,-1
433,2,599,948,50,50,1,-1,-1,-1
433,3,626,842,50,50,1,-1,-1,-1
434,1,441,1064,50,50,1,-1,-1,-1
434,2,626,928,50,50,1,-1,-1,-1
435,1,440,1066,50,50,1,-1,-1,-1
435,3,639,954,50,50,1,-1,-1,-1
436,1,439,1066,50,50,1,-1,-1,-1
436,2,543,673,50,50,1,-1,-1,-1
436,3,655,980,50,50,1,-1,-1,-1
437,1,438,1069,50,50,1,-1,-1,-1
437,2,544,628,50,50,1,-1,-1,-1
437,3,663,1006,50,50,1,-1,-1,-1
438,1,436,1071,50,50,1,-1,-1,-1
438,2,541,590,50,50,1,-1,-1,-1
438,3,666,1035,50,50,1,-1,-1,-1
439,1,434,1070,50,50,1,-1,-1,-1
439,2,542,556,50,50,1,-1,-1,-1
439,3,658,1065,50,50,1,-1,-1,-1
440,2,542,528,50,50,1,-1,-1,-1
440,3,650,1096,50,50,1,-1,-1,-1
441,1,431,1076,50,50,1,-1,-1,-1
441,2,541,506,50,50,1,-1,-1,-1
441,3,638,1125,50,50,1,-1,-1,-1
442,1,431,1078,50,50,1,-1,-1,-1
442,2,543,490,50,50,1,-1,-1,-1
442,3,628,1142,50,50,1,-1,-1,-1
443,2,544,480,50,50,1,-1,-1,-1
443,3,618,1150,50,50,1,-1,-1,-1
444,2,545,475,50,50,1,-1,-1,-1
444,3,607,1148,50,50,1,-1,-1,-1
445,2,545,475,50,50,1,-1,-1,-1
445,3,599,1128,50,50,1,-1,-1,-1
446,2,548,483,50,50,1,-1,-1,-1
446,3,588,1108,50,50,1,-1,-1,-1
447,2,550,495,50,50,1,-1,-1,-1
447,3,576,1082,50,50,1,-1,-1,-1
448,2,553,515,50,50,1,-1,-1,-1
448,3,565,1050,50,50,1,-1,-1,-1
449,2,556,540,50,50,1,-1,-1,-1
449,3,530,1014,50,50,1,-1,-1,-1
450,2,560,570,50,50,1,-1,-1,-1
450,3,526,967,50,50,1,-1,-1,-1
451,2,564,608,50,50,1,-1,-1,-1
451,3,525,928,50,50,1,-1,-1,-1
452,1,495,820,50,50,1,-1,-1,-1
452,2,568,650,50,50,1,-1,-1,-1
452,3,544,924,50,50,1,-1,-1,-1
453,1,489,785,50,50,1,-1,-1,-1
453,2,573,698,50,50,1,-1,-1,-1
453,3,558,917,50,50,1,-1,-1,-1
454,1,437,1114,50,50,1,-1,-1,-1
454,2,483,754,50,50,1,-1,-1,-1
454,3,577,919,50,50,1,-1,-1,-1
455,1,441,1126,50,50,1,-1,-1,-1
455,2,480,742,50,50,1,-1,-1,-1
455,3,584,920,50,50,1,-1,-1,-1
456,1,448,1159,50,50,1,-1,-1,-1
456,2,470,693,50,50,1,-1,-1,-1
456,3,591,907,50,50,1,-1,-1,-1
457,1,451,1162,50,50,1,-1,-1,-1
457,2,465,672,50,50,1,-1,-1,-1
457,3,600,931,50,50,1,-1,-1,-1
458,1,459,1163,50,50,1,-1,-1,-1
458,2,459,656,50,50,1,-1,-1,-1
458,3,600,949,50,50,1,-1,-1,-1
459,1,470,1166,50,50,1,-1,-1,-1
459,2,456,646,50,50,1,-1,-1,-1
459,3,605,964,50,50,1,-1,-1,-1
460,1,482,1159,50,50,1,-1,-1,-1
460,2,450,643,50,50,1,-1,-1,-1
460,3,609,986,50,50,1,-1,-1,-1
461,1,495,1136,50,50,1,-1,-1,-1
461,2,445,646,50,50,1,-1,-1,-1
461,3,616,1006,50,50,1,-1,-1,-1
462,1,500,1104,50,50,1,-1,-1,-1
462,2,441,653,50,50,1,-1,-1,-1
462,3,623,1028,50,50,1,-1,-1,-1
463,1,506,1058,50,50,1,-1,-1,-1
463,2,436,665,50,50,1,-1,-1,-1
463,3,630,1049,50,50,1,-1,-1,-1
464,1,503,999,50,50,1,-1,-1,-1
464,2,432,685,50,50,1,-1,-1,-1
464,3,637,1072,50,50,1,-1,-1,-1
465,1,497,945,50,50,1,-1,-1,-1
465,2,428,709,50,50,1,-1,-1,-1
465,3,644,1089,50,50,1,-1,-1,-1
466,1,486,902,50,50,1,-1,-1,-1
466,2,425,740,50,50,1,-1,-1,-1
466,3,649,1105,50,50,1,-1,-1,-1
467,1,463,920,50,50,1,-1,-1,-1
467,2,453,775,50,50,1,-1,-1,-1
467,3,655,1115,50,50,1,-1,-1,-1
468,1,447,924,50,50,1,-1,-1,-1
468,2,420,816,50,50,1,-1,-1,-1
468,3,659,1115,50,50,1,-1,-1,-1
469,1,429,909,50,50,1,-1,-1,-1
469,2,479,670,50,50,1,-1,-1,-1
469,3,665,1116,50,50,1,-1,-1,-1
470,1,424,940,50,50,1,-1,-1,-1
470,2,472,625,50,50,1,-1,-1,-1
470,3,668,1116,50,50,1,-1,-1,-1
471,1,422,971,50,50,1,-1,-1,-1
471,2,467,588,50,50,1,-1,-1,-1
471,3,673,1119,50,50,1,-1,-1,-1
472,1,421,999,50,50,1,-1,-1,-1
472,2,460,554,50,50,1,-1,-1,-1
472,3,676,1122,50,50,1,-1,-1,-1
473,1,425,1027,50,50,1,-1,-1,-1
473,2,455,527,50,50,1,-1,-1,-1
473,3,678,1123,50,50,1,-1,-1,-1
474,1,433,1061,50,50,1,-1,-1,-1
474,2,450,507,50,50,1,-1,-1,-1
474,3,679,1124,50,50,1,-1,-1,-1
475,1,445,1100,50,50,1,-1,-1,-1
475,2,446,492,50,50,1,-1,-1,-1
475,3,680,1125,50,50,1,-1,-1,-1
476,1,457,1127,50,50,1,-1,-1,-1
476,2,440,482,50,50,1,-1,-1,-1
476,3,680,1126,50,50,1,-1,-1,-1
477,1,466,1147,50,50,1,-1,-1,-1
477,2,435,478,50,50,1,-1,-1,-1
477,3,682,1128,50,50,1,-1,-1,-1
478,1,473,1153,50,50,1,-1,-1,-1
478,2,431,480,50,50,1,-1,-1,-1
478,3,682,1128,50,50,1,-1,-1,-1
479,1,481,1144,50,50,1,-1,-1,-1
479,2,429,486,50,50,1,-1,-1,-1
479,3,680,1131,50,50,1,-1,-1,-1
480,1,490,1120,50,50,1,-1,-1,-1
480,2,424,499,50,50,1,-1,-1,-1
480,3,677,1132,50,50,1,-1,-1,-1
481,1,496,1096,50,50,1,-1,-1,-1
481,2,421,519,50,50,1,-1,-1,-1
481,3,675,1130,50,50,1,-1,-1,-1
482,1,501,1056,50,50,1,-1,-1,-1
482,2,419,545,50,50,1,-1,-1,-1
482,3,669,1129,50,50,1,-1,-1,-1
483,1,502,1007,50,50,1,-1,-1,-1
483,2,415,575,50,50,1,-1,-1,-1
483,3,667,1131,50,50,1,-1,-1,-1
484,1,502,964,50,50,1,-1,-1,-1
484,2,412,610,50,50,1,-1,-1,-1
485,1,499,929,50,50,1,-1,-1,-1
485,2,411,653,50,50,1,-1,-1,-1
485,3,659,1135,50,50,1,-1,-1,-1
486,1,473,938,50,50,1,-1,-1,-1
486,2,410,702,50,50,1,-1,-1,-1
486,3,654,1137,50,50,1,-1,-1,-1
487,1,454,936,50,50,1,-1,-1,-1
487,2,410,757,50,50,1,-1,-1,-1
487,3,650,1142,50,50,1,-1,-1,-1
488,1,435,945,50,50,1,-1,-1,-1
488,2,407,817,50,50,1,-1,-1,-1
488,3,643,1153,50,50,1,-1,-1,-1
489,1,416,924,50,50,1,-1,-1,-1
489,3,639,1160,50,50,1,-1,-1,-1
490,1,547,692,50,50,1,-1,-1,-1
490,2,412,962,50,50,1,-1,-1,-1
490,3,636,1165,50,50,1,-1,-1,-1
491,1,552,675,50,50,1,-1,-1,-1
491,2,410,987,50,50,1,-1,-1,-1
491,3,630,1173,50,50,1,-1,-1,-1
492,1,557,662,50,50,1,-1,-1,-1
492,2,410,1007,50,50,1,-1,-1,-1
492,3,624,1173,50,50,1,-1,-1,-1
493,1,561,654,50,50,1,-1,-1,-1
493,2,415,1022,50,50,1,-1,-1,-1
493,3,618,1168,50,50,1,-1,-1,-1
494,1,568,649,50,50,1,-1,-1,-1
494,2,421,1033,50,50,1,-1,-1,-1
494,3,607,1159,50,50,1,-1,-1,-1
495,1,575,653,50,50,1,-1,-1,-1
495,2,428,1042,50,50,1,-1,-1,-1
495,3,597,1137,50,50,1,-1,-1,-1
496,1,582,660,50,50,1,-1,-1,-1
496,2,434,1051,50,50,1,-1,-1,-1
496,3,587,1107,50,50,1,-1,-1,-1
497,1,590,674,50,50,1,-1,-1,-1
497,2,439,1057,50,50,1,-1,-1,-1
497,3,575,1067,50,50,1,-1,-1,-1
498,1,598,693,50,50,1,-1,-1,-1
498,2,442,1060,50,50,1,-1,-1,-1
498,3,570,1005,50,50,1,-1,-1,-1
499,1,607,720,50,50,1,-1,-1,-1
499,2,443,1063,50,50,1,-1,-1,-1
499,3,569,950,50,50,1,-1,-1,-1
500,1,616,752,50,50,1,-1,-1,-1
500,3,592,946,50,50,1,-1,-1,-1
501,1,624,786,50,50,1,-1,-1,-1
501,2,441,1071,50,50,1,-1,-1,-1
501,3,606,939,50,50,1,-1,-1,-1
502,1,634,831,50,50,1,-1,-1,-1
502,2,561,710,50,50,1,-1,-1,-1
502,3,624,943,50,50,1,-1,-1,-1
503,1,558,668,50,50,1,-1,-1,-1
503,3,643,924,50,50,1,-1,-1,-1
504,1,561,619,50,50,1,-1,-1,-1
504,3,655,955,50,50,1,-1,-1,-1
505,1,562,578,50,50,1,-1,-1,-1
505,3,666,983,50,50,1,-1,-1,-1
506,1,564,542,50,50,1,-1,-1,-1
506,3,671,1009,50,50,1,-1,-1,-1
507,1,567,512,50,50,1,-1,-1,-1
507,3,667,1037,50,50,1,-1,-1,-1
508,1,570,488,50,50,1,-1,-1,-1
508,3,661,1071,50,50,1,-1,-1,-1
509,1,573,469,50,50,1,-1,-1,-1
509,3,653,1105,50,50,1,-1,-1,-1
510,1,575,457,50,50,1,-1,-1,-1
510,3,643,1133,50,50,1,-1,-1,-1
511,1,579,451,50,50,1,-1,-1,-1
511,3,636,1145,50,50,1,-1,-1,-1
512,1,583,451,50,50,1,-1,-1,-1
512,3,629,1151,50,50,1,-1,-1,-1
513,1,588,454,50,50,1,-1,-1,-1
513,3,620,1146,50,50,1,-1,-1,-1
514,1,593,464,50,50,1,-1,-1,-1
514,3,612,1129,50,50,1,-1,-1,-1
515,1,598,481,50,50,1,-1,-1,-1
515,3,605,1105,50,50,1,-1,-1,-1
516,1,603,505,50,50,1,-1,-1,-1
516,3,593,1077,50,50,1,-1,-1,-1
517,1,609,532,50,50,1,-1,-1,-1
517,3,581,1029,50,50,1,-1,-1,-1
518,1,615,567,50,50,1,-1,-1,-1
518,3,569,982,50,50,1,-1,-1,-1
519,1,622,607,50,50,1,-1,-1,-1
519,3,568,943,50,50,1,-1,-1,-1
520,1,629,654,50,50,1,-1,-1,-1
520,3,595,945,50,50,1,-1,-1,-1
521,1,636,705,50,50,1,-1,-1,-1
521,3,623,940,50,50,1,-1,-1,-1
522,1,645,764,50,50,1,-1,-1,-1
522,3,646,940,50,50,1,-1,-1,-1
523,1,653,829,50,50,1,-1,-1,-1
523,3,669,944,50,50,1,-1,-1,-1
524,1,490,721,50,50,1,-1,-1,-1
524,3,672,928,50,50,1,-1,-1,-1
525,1,481,701,50,50,1,-1,-1,-1
525,3,679,953,50,50,1,-1,-1,-1
526,1,474,690,50,50,1,-1,-1,-1
526,3,675,963,50,50,1,-1,-1,-1
527,1,467,683,50,50,1,-1,-1,-1
527,3,670,975,50,50,1,-1,-1,-1
528,1,460,681,50,50,1,-1,-1,-1
528,3,669,987,50,50,1,-1,-1,-1
529,1,453,684,50,50,1,-1,-1,-1
529,3,666,1005,50,50,1,-1,-1,-1
530,1,443,694,50,50,1,-1,-1,-1
530,3,660,1020,50,50,1,-1,-1,-1
531,1,436,708,50,50,1,-1,-1,-1
531,3,648,1040,50,50,1,-1,-1,-1
532,1,428,729,50,50,1,-1,-1,-1
532,3,640,1057,50,50,1,-1,-1,-1
533,1,421,758,50,50,1,-1,-1,-1
533,3,635,1077,50,50,1,-1,-1,-1
534,1,415,790,50,50,1,-1,-1,-1
534,3,634,1093,50,50,1,-1,-1,-1
535,1,408,829,50,50,1,-1,-1,-1
535,3,440,927,50,50,1,-1,-1,-1
536,1,411,913,50,50,1,-1,-1,-1
536,3,492,655,50,50,1,-1,-1,-1
537,1,405,941,50,50,1,-1,-1,-1
537,3,487,609,50,50,1,-1,-1,-1
538,1,396,971,50,50,1,-1,-1,-1
538,3,483,569,50,50,1,-1,-1,-1
539,1,395,999,50,50,1,-1,-1,-1
539,3,479,535,50,50,1,-1,-1,-1
540,1,395,1027,50,50,1,-1,-1,-1
540,3,475,506,50,50,1,-1,-1,-1
541,1,399,1059,50,50,1,-1,-1,-1
541,3,471,483,50,50,1,-1,-1,-1
542,1,407,1099,50,50,1,-1,-1,-1
542,3,468,467,50,50,1,-1,-1,-1
543,1,426,1126,50,50,1,-1,-1,-1
543,3,465,455,50,50,1,-1,-1,-1
544,1,435,1150,50,50,1,-1,-1,-1
544,3,463,449,50,50,1,-1,-1,-1
545,1,458,1160,50,50,1,-1,-1,-1
545,3,461,449,50,50,1,-1,-1,-1
546,1,470,1162,50,50,1,-1,-1,-1
546,3,459,455,50,50,1,-1,-1,-1
547,1,481,1149,50,50,1,-1,-1,-1
547,3,457,467,50,50,1,-1,-1,-1
548,1,491,1120,50,50,1,-1,-1,-1
548,3,452,484,50,50,1,-1,-1,-1
549,1,501,1095,50,50,1,-1,-1,-1
549,3,450,507,50,50,1,-1,-1,-1
550,1,507,1054,50,50,1,-1,-1,-1
550,3,449,536,50,50,1,-1,-1,-1
551,1,509,1006,50,50,1,-1,-1,-1
551,3,449,572,50,50,1,-1,-1,-1
552,1,510,963,50,50,1,-1,-1,-1
552,3,449,611,50,50,1,-1,-1,-1
553,1,507,933,50,50,1,-1,-1,-1
553,3,448,657,50,50,1,-1,-1,-1
554,1,487,943,50,50,1,-1,-1,-1
554,3,448,710,50,50,1,-1,-1,-1
555,1,473,940,50,50,1,-1,-1,-1
555,3,448,768,50,50,1,-1,-1,-1
556,1,457,943,50,50,1,-1,-1,-1
556,3,448,833,50,50,1,-1,-1,-1
557,1,448,929,50,50,1,-1,-1,-1
557,3,649,1165,50,50,1,-1,-1,-1
558,1,443,958,50,50,1,-1,-1,-1
558,3,645,1171,50,50,1,-1,-1,-1
559,1,450,980,50,50,1,-1,-1,-1
559,3,639,1175,50,50,1,-1,-1,-1
560,1,453,997,50,50,1,-1,-1,-1
560,3,630,1177,50,50,1,-1,-1,-1
561,1,456,1011,50,50,1,-1,-1,-1
561,3,617,1169,50,50,1,-1,-1,-1
562,1,457,1020,50,50,1,-1,-1,-1
562,3,606,1157,50,50,1,-1,-1,-1
563,1,457,1028,50,50,1,-1,-1,-1
563,3,595,1136,50,50,1,-1,-1,-1
564,1,456,1034,50,50,1,-1,-1,-1
564,3,583,1108,50,50,1,-1,-1,-1
565,1,454,1039,50,50,1,-1,-1,-1
565,3,568,1071,50,50,1,-1,-1,-1
566,1,452,1042,50,50,1,-1,-1,-1
566,3,543,1021,50,50,1,-1,-1,-1
567,1,589,729,50,50,1,-1,-1,-1
567,3,545,959,50,50,1,-1,-1,-1
568,1,597,762,50,50,1,-1,-1,-1
568,3,551,919,50,50,1,-1,-1,-1
569,1,575,927,50,50,1,-1,-1,-1
569,3,603,805,50,50,1,-1,-1,-1
570,1,437,1051,50,50,1,-1,-1,-1
570,3,599,902,50,50,1,-1,-1,-1
571,1,610,928,50,50,1,-1,-1,-1
571,3,434,1053,50,50,1,-1,-1,-1
572,1,621,958,50,50,1,-1,-1,-1
572,3,432,1055,50,50,1,-1,-1,-1
573,1,628,986,50,50,1,-1,-1,-1
573,3,430,1058,50,50,1,-1,-1,-1
574,1,632,1016,50,50,1,-1,-1,-1
574,3,428,1062,50,50,1,-1,-1,-1
575,1,629,1050,50,50,1,-1,-1,-1
575,3,427,1065,50,50,1,-1,-1,-1
576,1,626,1088,50,50,1,-1,-1,-1
576,3,426,1067,50,50,1,-1,-1,-1
577,1,621,1119,50,50,1,-1,-1,-1
577,3,426,1069,50,50,1,-1,-1,-1
578,1,615,1140,50,50,1,-1,-1,-1
578,3,537,457,50,50,1,-1,-1,-1
579,1,612,1149,50,50,1,-1,-1,-1
579,3,539,449,50,50,1,-1,-1,-1
580,1,606,1150,50,50,1,-1,-1,-1
580,3,541,448,50,50,1,-1,-1,-1
581,1,598,1146,50,50,1,-1,-1,-1
581,3,544,450,50,50,1,-1,-1,-1
582,1,590,1130,50,50,1,-1,-1,-1
582,3,548,458,50,50,1,-1,-1,-1
583,1,581,1104,50,50,1,-1,-1,-1
583,3,552,472,50,50,1,-1,-1,-1
584,1,571,1073,50,50,1,-1,-1,-1
584,3,557,494,50,50,1,-1,-1,-1
585,1,549,1032,50,50,1,-1,-1,-1
585,3,560,519,50,50,1,-1,-1,-1
586,1,544,987,50,50,1,-1,-1,-1
586,3,566,551,50,50,1,-1,-1,-1
587,1,542,950,50,50,1,-1,-1,-1
587,3,571,586,50,50,1,-1,-1,-1
588,1,543,922,50,50,1,-1,-1,-1
588,3,576,630,50,50,1,-1,-1,-1
589,1,569,932,50,50,1,-1,-1,-1
589,3,583,676,50,50,1,-1,-1,-1
590,1,581,928,50,50,1,-1,-1,-1
590,3,591,730,50,50,1,-1,-1,-1
591,1,592,928,50,50,1,-1,-1,-1
591,3,598,792,50,50,1,-1,-1,-1
592,1,603,901,50,50,1,-1,-1,-1
592,3,480,744,50,50,1,-1,-1,-1
593,1,611,937,50,50,1,-1,-1,-1
593,3,474,729,50,50,1,-1,-1,-1
594,1,617,957,50,50,1,-1,-1,-1
594,3,467,719,50,50,1,-1,-1,-1
595,1,622,975,50,50,1,-1,-1,-1
595,3,462,714,50,50,1,-1,-1,-1
596,1,626,993,50,50,1,-1,-1,-1
596,3,456,714,50,50,1,-1,-1,-1
597,1,631,1012,50,50,1,-1,-1,-1
597,3,452,720,50,50,1,-1,-1,-1
598,1,635,1030,50,50,1,-1,-1,-1
598,3,446,731,50,50,1,-1,-1,-1
599,1,639,1047,50,50,1,-1,-1,-1
599,3,437,748,50,50,1,-1,-1,-1
600,1,643,1059,50,50,1,-1,-1,-1
600,3,435,773,50,50,1,-1,-1,-1
601,1,644,1070,50,50,1,-1,-1,-1
601,3,431,804,50,50,1,-1,-1,-1
602,1,465,948,50,50,1,-1,-1,-1
602,3,428,835,50,50,1,-1,-1,-1
603,1,491,762,50,50,1,-1,-1,-1
603,3,437,922,50,50,1,-1,-1,-1
604,1,487,712,50,50,1,-1,-1,-1
604,3,430,947,50,50,1,-1,-1,-1
605,1,482,669,50,50,1,-1,-1,-1
605,3,422,973,50,50,1,-1,-1,-1
606,1,476,632,50,50,1,-1,-1,-1
606,3,419,998,50,50,1,-1,-1,-1
607,1,470,598,50,50,1,-1,-1,-1
607,3,421,1023,50,50,1,-1,-1,-1
608,1,465,572,50,50,1,-1,-1,-1
608,3,426,1046,50,50,1,-1,-1,-1
609,1,460,551,50,50,1,-1,-1,-1
609,3,436,1075,50,50,1,-1,-1,-1
610,1,455,537,50,50,1,-1,-1,-1
610,3,446,1105,50,50,1,-1,-1,-1
611,1,451,526,50,50,1,-1,-1,-1
611,3,458,1129,50,50,1,-1,-1,-1
612,1,448,523,50,50,1,-1,-1,-1
612,3,465,1145,50,50,1,-1,-1,-1
613,1,444,524,50,50,1,-1,-1,-1
613,3,469,1150,50,50,1,-1,-1,-1
614,1,441,530,50,50,1,-1,-1,-1
614,3,478,1140,50,50,1,-1,-1,-1
615,1,437,543,50,50,1,-1,-1,-1
615,3,485,1123,50,50,1,-1,-1,-1
616,1,433,561,50,50,1,-1,-1,-1
616,3,494,1097,50,50,1,-1,-1,-1
617,1,430,587,50,50,1,-1,-1,-1
617,3,498,1059,50,50,1,-1,-1,-1
618,1,424,619,50,50,1,-1,-1,-1
618,3,501,1018,50,50,1,-1,-1,-1
619,1,421,653,50,50,1,-1,-1,-1
619,3,503,980,50,50,1,-1,-1,-1
620,1,423,695,50,50,1,-1,-1,-1
620,3,502,945,50,50,1,-1,-1,-1
621,1,421,744,50,50,1,-1,-1,-1
621,3,480,945,50,50,1,-1,-1,-1
622,1,421,797,50,50,1,-1,-1,-1
622,3,458,940,50,50,1,-1,-1,-1
623,1,635,1155,50,50,1,-1,-1,-1
623,3,431,906,50,50,1,-1,-1,-1
624,1,628,1160,50,50,1,-1,-1,-1
624,3,425,941,50,50,1,-1,-1,-1
625,1,621,1166,50,50,1,-1,-1,-1
625,3,416,969,50,50,1,-1,-1,-1
626,1,611,1170,50,50,1,-1,-1,-1
626,3,414,989,50,50,1,-1,-1,-1
627,1,604,1164,50,50,1,-1,-1,-1
627,3,416,1005,50,50,1,-1,-1,-1
628,1,596,1153,50,50,1,-1,-1,-1
628,3,416,1020,50,50,1,-1,-1,-1
629,1,586,1133,50,50,1,-1,-1,-1
629,3,420,1032,50,50,1,-1,-1,-1
630,1,576,1105,50,50,1,-1,-1,-1
630,3,424,1042,50,50,1,-1,-1,-1
631,1,563,1058,50,50,1,-1,-1,-1
631,3,427,1051,50,50,1,-1,-1,-1
632,1,556,997,50,50,1,-1,-1,-1
632,3,429,1057,50,50,1,-1,-1,-1
633,1,563,949,50,50,1,-1,-1,-1
633,3,431,1063,50,50,1,-1,-1,-1
634,1,611,874,50,50,1,-1,-1,-1
634,3,431,1066,50,50,1,-1,-1,-1
635,1,616,951,50,50,1,-1,-1,-1
635,3,431,1069,50,50,1,-1,-1,-1
636,1,630,974,50,50,1,-1,-1,-1
636,3,555,705,50,50,1,-1,-1,-1
637,1,642,1001,50,50,1,-1,-1,-1
637,3,556,660,50,50,1,-1,-1,-1
638,1,647,1024,50,50,1,-1,-1,-1
638,3,559,614,50,50,1,-1,-1,-1
639,1,644,1048,50,50,1,-1,-1,-1
639,3,564,572,50,50,1,-1,-1,-1
640,1,639,1074,50,50,1,-1,-1,-1
640,3,568,537,50,50,1,-1,-1,-1
641,1,635,1100,50,50,1,-1,-1,-1
641,3,573,506,50,50,1,-1,-1,-1
642,1,629,1125,50,50,1,-1,-1,-1
642,3,578,483,50,50,1,-1,-1,-1
643,1,622,1145,50,50,1,-1,-1,-1
643,3,583,467,50,50,1,-1,-1,-1
644,1,618,1153,50,50,1,-1,-1,-1
644,3,588,453,50,50,1,-1,-1,-1
645,1,614,1148,50,50,1,-1,-1,-1
645,3,593,447,50,50,1,-1,-1,-1
646,1,609,1135,50,50,1,-1,-1,-1
646,3,601,446,50,50,1,-1,-1,-1
647,1,603,1111,50,50,1,-1,-1,-1
647,3,608,450,50,50,1,-1,-1,-1
648,1,596,1081,50,50,1,-1,-1,-1
648,3,616,460,50,50,1,-1,-1,-1
649,1,582,1037,50,50,1,-1,-1,-1
649,3,622,477,50,50,1,-1,-1,-1
650,1,569,983,50,50,1,-1,-1,-1
650,3,630,500,50,50,1,-1,-1,-1
651,1,567,939,50,50,1,-1,-1,-1
651,3,637,527,50,50,1,-1,-1,-1
652,1,587,916,50,50,1,-1,-1,-1
652,3,648,564,50,50,1,-1,-1,-1
653,1,614,911,50,50,1,-1,-1,-1
653,3,657,605,50,50,1,-1,-1,-1
654,1,631,901,50,50,1,-1,-1,-1
654,3,667,653,50,50,1,-1,-1,-1
655,1,651,895,50,50,1,-1,-1,-1
655,3,676,709,50,50,1,-1,-1,-1
656,1,665,900,50,50,1,-1,-1,-1
656,3,687,768,50,50,1,-1,-1,-1
657,1,673,889,50,50,1,-1,-1,-1
657,3,504,676,50,50,1,-1,-1,-1
658,1,661,924,50,50,1,-1,-1,-1
658,3,497,660,50,50,1,-1,-1,-1
659,1,683,933,50,50,1,-1,-1,-1
659,3,586,967,50,50,1,-1,-1,-1
660,1,679,953,50,50,1,-1,-1,-1
660,3,483,1158,50,50,1,-1,-1,-1
661,1,676,974,50,50,1,-1,-1,-1
661,3,496,1144,50,50,1,-1,-1,-1
662,1,678,1000,50,50,1,-1,-1,-1
662,3,505,1124,50,50,1,-1,-1,-1
663,1,678,1030,50,50,1,-1,-1,-1
663,3,515,1101,50,50,1,-1,-1,-1
664,1,674,1051,50,50,1,-1,-1,-1
664,3,541,1071,50,50,1,-1,-1,-1
665,1,673,1067,50,50,1,-1,-1,-1
665,3,526,1009,50,50,1,-1,-1,-1
666,1,674,1087,50,50,1,-1,-1,-1
666,3,525,948,50,50,1,-1,-1,-1
667,1,677,1108,50,50,1,-1,-1,-1
667,3,507,913,50,50,1,-1,-1,-1
668,1,676,1117,50,50,1,-1,-1,-1
668,3,489,928,50,50,1,-1,-1,-1
669,1,443,846,50,50,1,-1,-1,-1
669,3,467,937,50,50,1,-1,-1,-1
670,1,487,675,50,50,1,-1,-1,-1
670,3,443,931,50,50,1,-1,-1,-1
671,1,476,629,50,50,1,-1,-1,-1
671,3,435,965,50,50,1,-1,-1,-1
672,1,467,590,50,50,1,-1,-1,-1
672,3,430,996,50,50,1,-1,-1,-1
673,1,456,553,50,50,1,-1,-1,-1
673,3,429,1023,50,50,1,-1,-1,-1
674,1,449,526,50,50,1,-1,-1,-1
674,3,433,1055,50,50,1,-1,-1,-1
675,1,438,504,50,50,1,-1,-1,-1
675,3,438,1085,50,50,1,-1,-1,-1
676,1,427,488,50,50,1,-1,-1,-1
676,3,443,1113,50,50,1,-1,-1,-1
677,1,419,478,50,50,1,-1,-1,-1
677,3,447,1133,50,50,1,-1,-1,-1
678,1,412,473,50,50,1,-1,-1,-1
678,3,451,1149,50,50,1,-1,-1,-1
679,1,404,473,50,50,1,-1,-1,-1
679,3,456,1156,50,50,1,-1,-1,-1
680,1,397,479,50,50,1,-1,-1,-1
680,3,461,1158,50,50,1,-1,-1,-1
681,1,390,491,50,50,1,-1,-1,-1
681,3,465,1152,50,50,1,-1,-1,-1
682,1,381,509,50,50,1,-1,-1,-1
682,3,472,1133,50,50,1,-1,-1,-1
683,1,374,533,50,50,1,-1,-1,-1
683,3,474,1101,50,50,1,-1,-1,-1
684,1,369,563,50,50,1,-1,-1,-1
684,3,476,1064,50,50,1,-1,-1,-1
685,1,362,599,50,50,1,-1,-1,-1
685,3,475,1012,50,50,1,-1,-1,-1
686,1,357,639,50,50,1,-1,-1,-1
686,3,464,965,50,50,1,-1,-1,-1
687,1,351,685,50,50,1,-1,-1,-1
687,3,456,928,50,50,1,-1,-1,-1
688,1,346,737,50,50,1,-1,-1,-1
688,3,443,910,50,50,1,-1,-1,-1
689,1,340,797,50,50,1,-1,-1,-1
689,3,428,903,50,50,1,-1,-1,-1
690,1,334,863,50,50,1,-1,-1,-1
690,3,405,920,50,50,1,-1,-1,-1
691,1,632,1119,50,50,1,-1,-1,-1
691,3,389,930,50,50,1,-1,-1,-1
692,1,630,1117,50,50,1,-1,-1,-1
692,3,395,925,50,50,1,-1,-1,-1
693,1,630,1114,50,50,1,-1,-1,-1
693,3,395,922,50,50,1,-1,-1,-1
694,1,629,1107,50,50,1,-1,-1,-1
694,3,405,926,50,50,1,-1,-1,-1
695,1,630,1100,50,50,1,-1,-1,-1
695,3,416,935,50,50,1,-1,-1,-1
696,1,630,1091,50,50,1,-1,-1,-1
696,3,383,1022,50,50,1,-1,-1,-1
697,1,629,1080,50,50,1,-1,-1,-1
697,3,393,1035,50,50,1,-1,-1,-1
698,1,628,1074,50,50,1,-1,-1,-1
698,3,397,1050,50,50,1,-1,-1,-1
699,1,626,1067,50,50,1,-1,-1,-1
699,3,404,1061,50,50,1,-1,-1,-1
700,1,624,1062,50,50,1,-1,-1,-1
700,3,409,1070,50,50,1,-1,-1,-1
701,1,619,1055,50,50,1,-1,-1,-1
701,3,413,1077,50,50,1,-1,-1,-1
702,1,616,1051,50,50,1,-1,-1,-1
702,3,533,829,50,50,1,-1,-1,-1
703,1,612,1058,50,50,1,-1,-1,-1
703,3,543,864,50,50,1,-1,-1,-1
704,1,609,1059,50,50,1,-1,-1,-1
704,3,572,940,50,50,1,-1,-1,-1
705,1,605,1058,50,50,1,-1,-1,-1
705,3,579,981,50,50,1,-1,-1,-1
706,1,595,1036,50,50,1,-1,-1,-1
707,3,598,1040,50,50,1,-1,-1,-1
708,3,597,1041,50,50,1,-1,-1,-1
709,3,598,1043,50,50,1,-1,-1,-1
710,3,597,1054,50,50,1,-1,-1,-1
711,3,599,1054,50,50,1,-1,-1,-1
712,3,603,1055,50,50,1,-1,-1,-1
713,3,607,1055,50,50,1,-1,-1,-1
714,3,612,1054,50,50,1,-1,-1,-1
715,3,616,1053,50,50,1,-1,-1,-1
716,3,620,1051,50,50,1,-1,-1,-1
717,3,623,1051,50,50,1,-1,-1,-1
718,3,626,1050,50,50,1,-1,-1,-1
719,3,628,1049,50,50,1,-1,-1,-1
720,3,630,1050,50,50,1,-1,-1,-1
721,3,632,1051,50,50,1,-1,-1,-1
722,3,633,1052,50,50,1,-1,-1,-1
723,3,640,1053,50,50,1,-1,-1,-1
724,3,644,1054,50,50,1,-1,-1,-1
725,3,639,1054,50,50,1,-1,-1,-1
726,3,648,1055,50,50,1,-1,-1,-1
727,3,648,1057,50,50,1,-1,-1,-1
728,3,648,1057,50,50,1,-1,-1,-1
729,3,649,1057,50,50,1,-1,-1,-1
730,3,650,1058,50,50,1,-1,-1,-1
731,3,650,1058,50,50,1,-1,-1,-1
732,3,650,1058,50,50,1,-1,-1,-1
733,3,650,1058,50,50,1,-1,-1,-1
734,3,650,1058,50,50,1,-1,-1,-1
735,3,650,1058,50,50,1,-1,-1,-1
736,3,650,1058,50,50,1,-1,-1,-1
737,3,650,1058,50,50,1,-1,-1,-1
738,3,650,1058,50,50,1,-1,-1,-1
739,3,650,1058,50,50,1,-1,-1,-1
740,3,659,1065,50,50,1,-1,-1,-1
741,3,660,1067,50,50,1,-1,-1,-1
742,3,660,1067,50,50,1,-1,-1,-1
743,3,664,1064,50,50,1,-1,-1,-1
744,3,664,1064,50,50,1,-1,-1,-1
745,3,664,1064,50,50,1,-1,-1,-1
746,3,664,1064,50,50,1,-1,-1,-1
747,3,664,1064,50,50,1,-1,-1,-1
748,3,664,1064,50,50,1,-1,-1,-1
749,3,664,1064,50,50,1,-1,-1,-1
750,3,664,1064,50,50,1,-1,-1,-1
751,3,664,1064,50,50,1,-1,-1,-1
752,3,664,1064,50,50,1,-1,-1,-1
753,3,664,1064,50,50,1,-1,-1,-1
754,3,664,1064,50,50,1,-1,-1,-1
755,3,664,1064,50,50,1,-1,-1,-1
756,3,664,1064,50,50,1,-1,-1,-1
757,3,664,1064,50,50,1,-1,-1,-1
758,3,664,1064,50,50,1,-1,-1,-1
759,3,664,1064,50,50,1,-1,-1,-1
760,3,664,1064,50,50,1,-1,-1,-1
761,3,664,1064,50,50,1,-1,-1,-1
762,3,664,1064,50,50,1,-1,-1,-1
763,3,664,1064,50,50,1,-1,-1,-1
764,3,664,1064,50,50,1,-1,-1,-1
