10,1,586,1094,50,50,1,-1,-1,-1
11,2,539,1085,50,50,1,-1,-1,-1
12,1,588,1021,50,50,1,-1,-1,-1
12,2,462,1127,50,50,1,-1,-1,-1
13,1,591,976,50,50,1,-1,-1,-1
13,2,464,1165,50,50,1,-1,-1,-1
14,1,588,941,50,50,1,-1,-1,-1
14,2,471,1183,50,50,1,-1,-1,-1
15,1,604,954,50,50,1,-1,-1,-1
15,2,475,1184,50,50,1,-1,-1,-1
16,1,624,961,50,50,1,-1,-1,-1
16,2,478,1194,50,50,1,-1,-1,-1
16,3,584,807,50,50,1,-1,-1,-1
17,1,629,975,50,50,1,-1,-1,-1
17,3,586,766,50,50,1,-1,-1,-1
18,1,633,979,50,50,1,-1,-1,-1
18,2,492,1136,50,50,1,-1,-1,-1
18,3,587,734,50,50,1,-1,-1,-1
19,1,641,989,50,50,1,-1,-1,-1
19,2,488,1115,50,50,1,-1,-1,-1
19,3,588,710,50,50,1,-1,-1,-1
20,1,643,996,50,50,1,-1,-1,-1
20,2,485,1098,50,50,1,-1,-1,-1
20,3,591,691,50,50,1,-1,-1,-1
21,1,639,1000,50,50,1,-1,-1,-1
21,2,477,1034,50,50,1,-1,-1,-1
21,3,594,679,50,50,1,-1,-1,-1
22,1,627,999,50,50,1,-1,-1,-1
22,2,469,995,50,50,1,-1,-1,-1
22,3,599,671,50,50,1,-1,-1,-1
23,1,609,995,50,50,1,-1,-1,-1
23,2,463,964,50,50,1,-1,-1,-1
24,1,591,990,50,50,1,-1,-1,-1
24,2,449,872,50,50,1,-1,-1,-1
24,3,475,994,50,50,1,-1,-1,-1
25,1,520,989,50,50,1,-1,-1,-1
25,2,445,811,50,50,1,-1,-1,-1
25,3,510,1276,50,50,1,-1,-1,-1
26,1,522,991,50,50,1,-1,-1,-1
26,2,439,769,50,50,1,-1,-1,-1
26,3,511,1278,50,50,1,-1,-1,-1
27,1,587,971,50,50,1,-1,-1,-1
27,2,511,1278,50,50,1,-1,-1,-1
27,3,500,1012,50,50,1,-1,-1,-1
28,1,595,964,50,50,1,-1,-1,-1
28,2,500,1026,50,50,1,-1,-1,-1
28,3,426,706,50,50,1,-1,-1,-1
29,1,607,959,50,50,1,-1,-1,-1
29,2,638,766,50,50,1,-1,-1,-1
29,3,499,1042,50,50,1,-1,-1,-1
30,1,621,958,50,50,1,-1,-1,-1
30,2,644,802,50,50,1,-1,-1,-1
30,3,499,1061,50,50,1,-1,-1,-1
31,1,639,959,50,50,1,-1,-1,-1
31,2,652,841,50,50,1,-1,-1,-1
31,3,505,1087,50,50,1,-1,-1,-1
32,1,655,935,50,50,1,-1,-1,-1
32,2,405,645,50,50,1,-1,-1,-1
32,3,505,1107,50,50,1,-1,-1,-1
33,1,666,959,50,50,1,-1,-1,-1
33,2,399,643,50,50,1,-1,-1,-1
33,3,506,1118,50,50,1,-1,-1,-1
34,1,673,977,50,50,1,-1,-1,-1
34,2,395,647,50,50,1,-1,-1,-1
34,3,509,1122,50,50,1,-1,-1,-1
35,1,673,989,50,50,1,-1,-1,-1
35,2,391,656,50,50,1,-1,-1,-1
35,3,507,1108,50,50,1,-1,-1,-1
36,1,672,1001,50,50,1,-1,-1,-1
36,2,387,673,50,50,1,-1,-1,-1
36,3,509,1082,50,50,1,-1,-1,-1
37,1,665,1012,50,50,1,-1,-1,-1
37,2,381,695,50,50,1,-1,-1,-1
37,3,508,1037,50,50,1,-1,-1,-1
38,1,657,1032,50,50,1,-1,-1,-1
38,2,379,723,50,50,1,-1,-1,-1
38,3,503,991,50,50,1,-1,-1,-1
39,1,651,1051,50,50,1,-1,-1,-1
39,2,375,756,50,50,1,-1,-1,-1
39,3,491,949,50,50,1,-1,-1,-1
40,1,643,1075,50,50,1,-1,-1,-1
40,2,373,796,50,50,1,-1,-1,-1
40,3,476,922,50,50,1,-1,-1,-1
41,1,636,1094,50,50,1,-1,-1,-1
41,2,372,843,50,50,1,-1,-1,-1
41,3,439,952,50,50,1,-1,-1,-1
42,1,632,1107,50,50,1,-1,-1,-1
42,2,397,935,50,50,1,-1,-1,-1
42,3,481,759,50,50,1,-1,-1,-1
43,1,621,1097,50,50,1,-1,-1,-1
43,2,386,957,50,50,1,-1,-1,-1
43,3,476,726,50,50,1,-1,-1,-1
44,1,617,1097,50,50,1,-1,-1,-1
44,2,380,974,50,50,1,-1,-1,-1
44,3,471,694,50,50,1,-1,-1,-1
45,1,616,1107,50,50,1,-1,-1,-1
45,2,382,980,50,50,1,-1,-1,-1
45,3,464,672,50,50,1,-1,-1,-1
46,1,614,1087,50,50,1,-1,-1,-1
46,2,404,983,50,50,1,-1,-1,-1
46,3,456,653,50,50,1,-1,-1,-1
47,1,615,1047,50,50,1,-1,-1,-1
47,2,425,983,50,50,1,-1,-1,-1
47,3,451,641,50,50,1,-1,-1,-1
48,1,614,999,50,50,1,-1,-1,-1
48,2,456,982,50,50,1,-1,-1,-1
48,3,447,635,50,50,1,-1,-1,-1
49,1,611,961,50,50,1,-1,-1,-1
49,2,487,979,50,50,1,-1,-1,-1
49,3,440,632,50,50,1,-1,-1,-1
50,1,609,931,50,50,1,-1,-1,-1
50,2,514,977,50,50,1,-1,-1,-1
50,3,437,636,50,50,1,-1,-1,-1
51,1,611,834,50,50,1,-1,-1,-1
51,2,497,985,50,50,1,-1,-1,-1
51,3,593,979,50,50,1,-1,-1,-1
52,1,610,796,50,50,1,-1,-1,-1
52,2,491,978,50,50,1,-1,-1,-1
52,3,602,992,50,50,1,-1,-1,-1
53,1,610,761,50,50,1,-1,-1,-1
53,2,479,972,50,50,1,-1,-1,-1
53,3,606,1007,50,50,1,-1,-1,-1
54,1,609,733,50,50,1,-1,-1,-1
54,2,466,965,50,50,1,-1,-1,-1
54,3,609,1027,50,50,1,-1,-1,-1
55,1,417,741,50,50,1,-1,-1,-1
55,2,449,961,50,50,1,-1,-1,-1
55,3,605,1054,50,50,1,-1,-1,-1
56,1,414,778,50,50,1,-1,-1,-1
56,2,436,956,50,50,1,-1,-1,-1
56,3,604,1087,50,50,1,-1,-1,-1
57,1,411,821,50,50,1,-1,-1,-1
57,2,422,955,50,50,1,-1,-1,-1
57,3,601,1118,50,50,1,-1,-1,-1
58,1,409,872,50,50,1,-1,-1,-1
58,2,411,957,50,50,1,-1,-1,-1
58,3,599,1135,50,50,1,-1,-1,-1
59,1,613,678,50,50,1,-1,-1,-1
59,2,407,950,50,50,1,-1,-1,-1
59,3,597,1139,50,50,1,-1,-1,-1
60,1,615,684,50,50,1,-1,-1,-1
60,2,405,970,50,50,1,-1,-1,-1
60,3,592,1131,50,50,1,-1,-1,-1
61,1,617,695,50,50,1,-1,-1,-1
61,2,407,987,50,50,1,-1,-1,-1
61,3,583,1114,50,50,1,-1,-1,-1
62,1,621,711,50,50,1,-1,-1,-1
62,2,417,1010,50,50,1,-1,-1,-1
62,3,582,1079,50,50,1,-1,-1,-1
63,1,623,735,50,50,1,-1,-1,-1
63,2,428,1032,50,50,1,-1,-1,-1
63,3,575,1040,50,50,1,-1,-1,-1
64,1,626,763,50,50,1,-1,-1,-1
64,2,442,1063,50,50,1,-1,-1,-1
64,3,571,1001,50,50,1,-1,-1,-1
65,1,629,798,50,50,1,-1,-1,-1
65,2,456,1107,50,50,1,-1,-1,-1
65,3,572,965,50,50,1,-1,-1,-1
66,1,634,839,50,50,1,-1,-1,-1
66,2,467,1126,50,50,1,-1,-1,-1
66,3,596,973,50,50,1,-1,-1,-1
67,1,638,884,50,50,1,-1,-1,-1
67,2,472,1138,50,50,1,-1,-1,-1
67,3,614,972,50,50,1,-1,-1,-1
68,2,476,1139,50,50,1,-1,-1,-1
68,3,633,960,50,50,1,-1,-1,-1
69,1,646,978,50,50,1,-1,-1,-1
69,2,481,1127,50,50,1,-1,-1,-1
70,1,651,990,50,50,1,-1,-1,-1
70,2,485,1101,50,50,1,-1,-1,-1
70,3,564,714,50,50,1,-1,-1,-1
71,1,643,991,50,50,1,-1,-1,-1
71,2,475,1041,50,50,1,-1,-1,-1
71,3,563,694,50,50,1,-1,-1,-1
72,1,622,986,50,50,1,-1,-1,-1
72,2,468,994,50,50,1,-1,-1,-1
72,3,566,677,50,50,1,-1,-1,-1
73,1,599,983,50,50,1,-1,-1,-1
73,2,464,955,50,50,1,-1,-1,-1
73,3,569,666,50,50,1,-1,-1,-1
74,1,576,983,50,50,1,-1,-1,-1
74,2,450,859,50,50,1,-1,-1,-1
74,3,469,987,50,50,1,-1,-1,-1
75,1,525,986,50,50,1,-1,-1,-1
75,2,446,812,50,50,1,-1,-1,-1
75,3,573,656,50,50,1,-1,-1,-1
76,1,482,998,50,50,1,-1,-1,-1
76,2,439,769,50,50,1,-1,-1,-1
76,3,577,990,50,50,1,-1,-1,-1
77,1,478,1012,50,50,1,-1,-1,-1
77,2,433,733,50,50,1,-1,-1,-1
77,3,581,992,50,50,1,-1,-1,-1
78,1,475,1027,50,50,1,-1,-1,-1
78,2,425,702,50,50,1,-1,-1,-1
78,3,586,990,50,50,1,-1,-1,-1
79,1,595,706,50,50,1,-1,-1,-1
79,2,420,677,50,50,1,-1,-1,-1
79,3,590,983,50,50,1,-1,-1,-1
80,1,601,734,50,50,1,-1,-1,-1
80,2,413,657,50,50,1,-1,-1,-1
80,3,597,974,50,50,1,-1,-1,-1
81,1,607,767,50,50,1,-1,-1,-1
81,2,474,1109,50,50,1,-1,-1,-1
81,3,602,966,50,50,1,-1,-1,-1
82,1,613,804,50,50,1,-1,-1,-1
82,2,474,1126,50,50,1,-1,-1,-1
82,3,610,965,50,50,1,-1,-1,-1
83,1,619,847,50,50,1,-1,-1,-1
83,2,475,1136,50,50,1,-1,-1,-1
83,3,615,967,50,50,1,-1,-1,-1
84,1,625,896,50,50,1,-1,-1,-1
84,2,478,1139,50,50,1,-1,-1,-1
84,3,619,971,50,50,1,-1,-1,-1
85,1,392,642,50,50,1,-1,-1,-1
85,2,484,1135,50,50,1,-1,-1,-1
85,3,625,966,50,50,1,-1,-1,-1
86,1,388,657,50,50,1,-1,-1,-1
86,2,488,1114,50,50,1,-1,-1,-1
86,3,630,988,50,50,1,-1,-1,-1
87,1,385,676,50,50,1,-1,-1,-1
87,2,492,1078,50,50,1,-1,-1,-1
87,3,629,1007,50,50,1,-1,-1,-1
88,1,383,702,50,50,1,-1,-1,-1
88,2,481,1025,50,50,1,-1,-1,-1
88,3,631,1029,50,50,1,-1,-1,-1
89,1,379,732,50,50,1,-1,-1,-1
89,2,474,981,50,50,1,-1,-1,-1
89,3,632,1056,50,50,1,-1,-1,-1
90,1,377,770,50,50,1,-1,-1,-1
90,2,461,944,50,50,1,-1,-1,-1
90,3,630,1086,50,50,1,-1,-1,-1
91,1,376,813,50,50,1,-1,-1,-1
91,2,433,956,50,50,1,-1,-1,-1
91,3,626,1108,50,50,1,-1,-1,-1
92,1,373,861,50,50,1,-1,-1,-1
92,2,406,958,50,50,1,-1,-1,-1
92,3,454,814,50,50,1,-1,-1,-1
93,1,448,778,50,50,1,-1,-1,-1
93,2,379,946,50,50,1,-1,-1,-1
93,3,619,1128,50,50,1,-1,-1,-1
94,1,443,747,50,50,1,-1,-1,-1
94,2,376,976,50,50,1,-1,-1,-1
94,3,613,1126,50,50,1,-1,-1,-1
95,1,437,721,50,50,1,-1,-1,-1
95,2,378,988,50,50,1,-1,-1,-1
95,3,608,1104,50,50,1,-1,-1,-1
96,1,432,701,50,50,1,-1,-1,-1
96,2,383,993,50,50,1,-1,-1,-1
96,3,612,1087,50,50,1,-1,-1,-1
97,1,427,688,50,50,1,-1,-1,-1
97,2,400,993,50,50,1,-1,-1,-1
97,3,612,1040,50,50,1,-1,-1,-1
98,1,422,680,50,50,1,-1,-1,-1
98,2,425,986,50,50,1,-1,-1,-1
98,3,609,986,50,50,1,-1,-1,-1
99,1,418,677,50,50,1,-1,-1,-1
99,2,457,983,50,50,1,-1,-1,-1
99,3,608,935,50,50,1,-1,-1,-1
100,1,414,679,50,50,1,-1,-1,-1
100,2,486,979,50,50,1,-1,-1,-1
100,3,607,893,50,50,1,-1,-1,-1
101,1,601,963,50,50,1,-1,-1,-1
101,2,506,976,50,50,1,-1,-1,-1
101,3,606,803,50,50,1,-1,-1,-1
102,1,583,979,50,50,1,-1,-1,-1
102,2,485,980,50,50,1,-1,-1,-1
102,3,604,758,50,50,1,-1,-1,-1
103,1,596,998,50,50,1,-1,-1,-1
103,2,472,973,50,50,1,-1,-1,-1
103,3,602,717,50,50,1,-1,-1,-1
104,1,601,1017,50,50,1,-1,-1,-1
104,2,456,967,50,50,1,-1,-1,-1
104,3,603,684,50,50,1,-1,-1,-1
105,1,601,1036,50,50,1,-1,-1,-1
105,2,437,963,50,50,1,-1,-1,-1
105,3,399,778,50,50,1,-1,-1,-1
106,1,599,1061,50,50,1,-1,-1,-1
106,2,419,962,50,50,1,-1,-1,-1
106,3,396,815,50,50,1,-1,-1,-1
107,1,597,1091,50,50,1,-1,-1,-1
107,2,401,966,50,50,1,-1,-1,-1
107,3,394,859,50,50,1,-1,-1,-1
108,1,596,1116,50,50,1,-1,-1,-1
108,2,389,948,50,50,1,-1,-1,-1
108,3,604,607,50,50,1,-1,-1,-1
109,1,593,1129,50,50,1,-1,-1,-1
109,2,386,998,50,50,1,-1,-1,-1
109,3,606,602,50,50,1,-1,-1,-1
110,1,592,1129,50,50,1,-1,-1,-1
110,2,386,998,50,50,1,-1,-1,-1
110,3,606,602,50,50,1,-1,-1,-1
111,1,587,1122,50,50,1,-1,-1,-1
111,2,391,1018,50,50,1,-1,-1,-1
111,3,608,605,50,50,1,-1,-1,-1
112,1,575,1070,50,50,1,-1,-1,-1
112,2,409,1066,50,50,1,-1,-1,-1
112,3,613,634,50,50,1,-1,-1,-1
113,1,575,1070,50,50,1,-1,-1,-1
113,2,409,1066,50,50,1,-1,-1,-1
113,3,613,634,50,50,1,-1,-1,-1
114,1,567,1035,50,50,1,-1,-1,-1
114,2,424,1089,50,50,1,-1,-1,-1
114,3,617,658,50,50,1,-1,-1,-1
115,1,562,960,50,50,1,-1,-1,-1
115,2,458,1131,50,50,1,-1,-1,-1
115,3,625,723,50,50,1,-1,-1,-1
116,1,561,960,50,50,1,-1,-1,-1
116,2,458,1131,50,50,1,-1,-1,-1
116,3,625,723,50,50,1,-1,-1,-1
117,1,585,963,50,50,1,-1,-1,-1
117,2,468,1141,50,50,1,-1,-1,-1
117,3,630,762,50,50,1,-1,-1,-1
118,1,620,954,50,50,1,-1,-1,-1
118,2,477,1144,50,50,1,-1,-1,-1
118,3,638,858,50,50,1,-1,-1,-1
119,1,640,938,50,50,1,-1,-1,-1
119,2,478,1130,50,50,1,-1,-1,-1
120,1,640,938,50,50,1,-1,-1,-1
120,2,479,1124,50,50,1,-1,-1,-1
121,1,647,969,50,50,1,-1,-1,-1
121,2,467,1028,50,50,1,-1,-1,-1
122,1,633,969,50,50,1,-1,-1,-1
122,2,460,987,50,50,1,-1,-1,-1
123,1,634,968,50,50,1,-1,-1,-1
123,2,460,987,50,50,1,-1,-1,-1
124,1,579,972,50,50,1,-1,-1,-1
124,2,466,988,50,50,1,-1,-1,-1
124,3,440,850,50,50,1,-1,-1,-1
125,1,557,979,50,50,1,-1,-1,-1
125,2,470,993,50,50,1,-1,-1,-1
125,3,433,807,50,50,1,-1,-1,-1
126,1,519,989,50,50,1,-1,-1,-1
126,2,426,766,50,50,1,-1,-1,-1
126,3,582,732,50,50,1,-1,-1,-1
127,1,483,1012,50,50,1,-1,-1,-1
127,2,418,734,50,50,1,-1,-1,-1
127,3,568,978,50,50,1,-1,-1,-1
128,1,481,1032,50,50,1,-1,-1,-1
128,2,412,706,50,50,1,-1,-1,-1
128,3,575,972,50,50,1,-1,-1,-1
129,1,484,1046,50,50,1,-1,-1,-1
129,2,405,684,50,50,1,-1,-1,-1
129,3,598,801,50,50,1,-1,-1,-1
130,1,486,1073,50,50,1,-1,-1,-1
130,2,603,972,50,50,1,-1,-1,-1
130,3,604,833,50,50,1,-1,-1,-1
131,1,484,1101,50,50,1,-1,-1,-1
131,2,607,871,50,50,1,-1,-1,-1
131,3,613,983,50,50,1,-1,-1,-1
132,1,481,1119,50,50,1,-1,-1,-1
132,2,389,652,50,50,1,-1,-1,-1
132,3,617,960,50,50,1,-1,-1,-1
133,1,480,1129,50,50,1,-1,-1,-1
133,2,384,654,50,50,1,-1,-1,-1
133,3,624,987,50,50,1,-1,-1,-1
134,1,483,1125,50,50,1,-1,-1,-1
134,2,380,659,50,50,1,-1,-1,-1
134,3,628,1009,50,50,1,-1,-1,-1
135,1,486,1104,50,50,1,-1,-1,-1
135,2,376,669,50,50,1,-1,-1,-1
135,3,630,1026,50,50,1,-1,-1,-1
136,1,486,1064,50,50,1,-1,-1,-1
136,2,371,686,50,50,1,-1,-1,-1
136,3,628,1043,50,50,1,-1,-1,-1
137,1,478,1011,50,50,1,-1,-1,-1
137,2,365,709,50,50,1,-1,-1,-1
137,3,628,1060,50,50,1,-1,-1,-1
138,1,472,967,50,50,1,-1,-1,-1
138,2,364,736,50,50,1,-1,-1,-1
138,3,624,1082,50,50,1,-1,-1,-1
139,1,463,931,50,50,1,-1,-1,-1
139,2,360,769,50,50,1,-1,-1,-1
139,3,621,1103,50,50,1,-1,-1,-1
140,1,436,952,50,50,1,-1,-1,-1
140,2,358,806,50,50,1,-1,-1,-1
140,3,619,1121,50,50,1,-1,-1,-1
141,1,411,958,50,50,1,-1,-1,-1
141,2,356,850,50,50,1,-1,-1,-1
141,3,616,1128,50,50,1,-1,-1,-1
142,1,376,939,50,50,1,-1,-1,-1
142,2,458,761,50,50,1,-1,-1,-1
142,3,611,1130,50,50,1,-1,-1,-1
143,1,372,965,50,50,1,-1,-1,-1
143,2,455,730,50,50,1,-1,-1,-1
143,3,603,1126,50,50,1,-1,-1,-1
144,1,366,979,50,50,1,-1,-1,-1
144,2,452,704,50,50,1,-1,-1,-1
144,3,603,1102,50,50,1,-1,-1,-1
145,1,373,983,50,50,1,-1,-1,-1
145,2,449,683,50,50,1,-1,-1,-1
145,3,604,1071,50,50,1,-1,-1,-1
146,1,392,982,50,50,1,-1,-1,-1
146,2,446,670,50,50,1,-1,-1,-1
146,3,602,1020,50,50,1,-1,-1,-1
147,1,418,977,50,50,1,-1,-1,-1
147,2,443,660,50,50,1,-1,-1,-1
147,3,600,964,50,50,1,-1,-1,-1
148,1,451,971,50,50,1,-1,-1,-1
148,2,438,656,50,50,1,-1,-1,-1
148,3,597,895,50,50,1,-1,-1,-1
149,1,483,967,50,50,1,-1,-1,-1
149,2,594,942,50,50,1,-1,-1,-1
149,3,596,829,50,50,1,-1,-1,-1
150,1,534,959,50,50,1,-1,-1,-1
150,2,436,666,50,50,1,-1,-1,-1
150,3,597,799,50,50,1,-1,-1,-1
151,1,582,955,50,50,1,-1,-1,-1
151,2,478,977,50,50,1,-1,-1,-1
151,3,600,765,50,50,1,-1,-1,-1
152,1,469,973,50,50,1,-1,-1,-1
152,2,433,700,50,50,1,-1,-1,-1
152,3,600,736,50,50,1,-1,-1,-1
153,1,461,969,50,50,1,-1,-1,-1
153,2,606,1004,50,50,1,-1,-1,-1
153,3,601,710,50,50,1,-1,-1,-1
154,1,454,967,50,50,1,-1,-1,-1
154,2,610,1031,50,50,1,-1,-1,-1
154,3,430,755,50,50,1,-1,-1,-1
155,1,445,967,50,50,1,-1,-1,-1
155,2,605,1066,50,50,1,-1,-1,-1
155,3,430,792,50,50,1,-1,-1,-1
156,1,438,971,50,50,1,-1,-1,-1
156,2,601,1103,50,50,1,-1,-1,-1
156,3,432,834,50,50,1,-1,-1,-1
157,1,431,976,50,50,1,-1,-1,-1
157,2,598,1122,50,50,1,-1,-1,-1
157,3,430,881,50,50,1,-1,-1,-1
158,1,429,963,50,50,1,-1,-1,-1
158,2,595,1131,50,50,1,-1,-1,-1
158,3,613,655,50,50,1,-1,-1,-1
159,1,429,989,50,50,1,-1,-1,-1
159,2,591,1125,50,50,1,-1,-1,-1
159,3,616,663,50,50,1,-1,-1,-1
160,1,433,1012,50,50,1,-1,-1,-1
160,2,580,1106,50,50,1,-1,-1,-1
160,3,621,674,50,50,1,-1,-1,-1
161,1,438,1036,50,50,1,-1,-1,-1
161,2,572,1077,50,50,1,-1,-1,-1
161,3,624,693,50,50,1,-1,-1,-1
162,1,445,1061,50,50,1,-1,-1,-1
162,2,564,1037,50,50,1,-1,-1,-1
162,3,629,717,50,50,1,-1,-1,-1
163,1,451,1092,50,50,1,-1,-1,-1
163,2,558,992,50,50,1,-1,-1,-1
163,3,634,747,50,50,1,-1,-1,-1
164,1,460,1110,50,50,1,-1,-1,-1
164,2,561,951,50,50,1,-1,-1,-1
164,3,637,782,50,50,1,-1,-1,-1
165,1,467,1126,50,50,1,-1,-1,-1
165,2,592,950,50,50,1,-1,-1,-1
165,3,643,822,50,50,1,-1,-1,-1
166,1,470,1139,50,50,1,-1,-1,-1
166,2,622,958,50,50,1,-1,-1,-1
166,3,651,868,50,50,1,-1,-1,-1
167,1,474,1149,50,50,1,-1,-1,-1
167,2,647,947,50,50,1,-1,-1,-1
168,1,476,1150,50,50,1,-1,-1,-1
168,3,656,969,50,50,1,-1,-1,-1
169,1,470,1118,50,50,1,-1,-1,-1
169,2,560,716,50,50,1,-1,-1,-1
169,3,655,979,50,50,1,-1,-1,-1
170,1,457,1000,50,50,1,-1,-1,-1
170,2,559,696,50,50,1,-1,-1,-1
170,3,640,978,50,50,1,-1,-1,-1
171,1,450,965,50,50,1,-1,-1,-1
171,2,563,682,50,50,1,-1,-1,-1
171,3,613,975,50,50,1,-1,-1,-1
172,1,444,931,50,50,1,-1,-1,-1
172,2,567,672,50,50,1,-1,-1,-1
172,3,577,976,50,50,1,-1,-1,-1
173,1,423,828,50,50,1,-1,-1,-1
173,2,455,972,50,50,1,-1,-1,-1
173,3,556,978,50,50,1,-1,-1,-1
174,1,414,783,50,50,1,-1,-1,-1
174,2,572,668,50,50,1,-1,-1,-1
174,3,508,983,50,50,1,-1,-1,-1
175,1,404,743,50,50,1,-1,-1,-1
175,2,563,976,50,50,1,-1,-1,-1
175,3,470,996,50,50,1,-1,-1,-1
176,1,393,706,50,50,1,-1,-1,-1
176,2,582,963,50,50,1,-1,-1,-1
176,3,470,1013,50,50,1,-1,-1,-1
177,1,385,679,50,50,1,-1,-1,-1
177,2,599,949,50,50,1,-1,-1,-1
177,3,472,1034,50,50,1,-1,-1,-1
178,1,376,655,50,50,1,-1,-1,-1
178,2,606,946,50,50,1,-1,-1,-1
178,3,474,1050,50,50,1,-1,-1,-1
179,1,368,639,50,50,1,-1,-1,-1
179,2,610,942,50,50,1,-1,-1,-1
179,3,473,1085,50,50,1,-1,-1,-1
180,1,606,791,50,50,1,-1,-1,-1
180,2,614,942,50,50,1,-1,-1,-1
180,3,469,1119,50,50,1,-1,-1,-1
181,1,613,829,50,50,1,-1,-1,-1
181,2,617,944,50,50,1,-1,-1,-1
181,3,467,1133,50,50,1,-1,-1,-1
182,1,344,622,50,50,1,-1,-1,-1
182,2,618,919,50,50,1,-1,-1,-1
182,3,467,1136,50,50,1,-1,-1,-1
183,1,337,625,50,50,1,-1,-1,-1
183,2,623,951,50,50,1,-1,-1,-1
183,3,471,1127,50,50,1,-1,-1,-1
184,1,330,638,50,50,1,-1,-1,-1
184,2,628,978,50,50,1,-1,-1,-1
184,3,481,1103,50,50,1,-1,-1,-1
185,1,323,654,50,50,1,-1,-1,-1
185,2,630,999,50,50,1,-1,-1,-1
185,3,467,1016,50,50,1,-1,-1,-1
186,1,313,678,50,50,1,-1,-1,-1
186,2,629,1024,50,50,1,-1,-1,-1
186,3,455,979,50,50,1,-1,-1,-1
187,1,306,707,50,50,1,-1,-1,-1
187,2,625,1053,50,50,1,-1,-1,-1
187,3,451,932,50,50,1,-1,-1,-1
188,1,302,744,50,50,1,-1,-1,-1
188,2,620,1085,50,50,1,-1,-1,-1
188,3,432,898,50,50,1,-1,-1,-1
189,1,295,787,50,50,1,-1,-1,-1
189,2,616,1109,50,50,1,-1,-1,-1
189,3,394,908,50,50,1,-1,-1,-1
190,1,445,767,50,50,1,-1,-1,-1
190,2,609,1122,50,50,1,-1,-1,-1
190,3,339,890,50,50,1,-1,-1,-1
191,1,441,730,50,50,1,-1,-1,-1
191,2,603,1127,50,50,1,-1,-1,-1
191,3,329,906,50,50,1,-1,-1,-1
192,1,436,697,50,50,1,-1,-1,-1
192,2,600,1123,50,50,1,-1,-1,-1
192,3,339,917,50,50,1,-1,-1,-1
193,1,431,671,50,50,1,-1,-1,-1
193,2,598,1110,50,50,1,-1,-1,-1
193,3,324,926,50,50,1,-1,-1,-1
194,1,427,650,50,50,1,-1,-1,-1
194,2,596,1084,50,50,1,-1,-1,-1
194,3,341,928,50,50,1,-1,-1,-1
195,1,426,634,50,50,1,-1,-1,-1
195,2,592,1036,50,50,1,-1,-1,-1
195,3,355,931,50,50,1,-1,-1,-1
196,1,424,626,50,50,1,-1,-1,-1
196,2,590,986,50,50,1,-1,-1,-1
196,3,384,929,50,50,1,-1,-1,-1
197,1,422,623,50,50,1,-1,-1,-1
197,2,591,930,50,50,1,-1,-1,-1
197,3,411,930,50,50,1,-1,-1,-1
198,1,419,625,50,50,1,-1,-1,-1
198,2,592,887,50,50,1,-1,-1,-1
198,3,443,943,50,50,1,-1,-1,-1
199,1,416,635,50,50,1,-1,-1,-1
199,2,596,808,50,50,1,-1,-1,-1
199,3,468,949,50,50,1,-1,-1,-1
200,1,414,650,50,50,1,-1,-1,-1
200,2,562,941,50,50,1,-1,-1,-1
200,3,473,952,50,50,1,-1,-1,-1
201,1,412,671,50,50,1,-1,-1,-1
201,2,599,728,50,50,1,-1,-1,-1
201,3,473,949,50,50,1,-1,-1,-1
202,1,411,696,50,50,1,-1,-1,-1
202,2,585,1007,50,50,1,-1,-1,-1
202,3,458,954,50,50,1,-1,-1,-1
203,1,410,728,50,50,1,-1,-1,-1
203,2,587,1031,50,50,1,-1,-1,-1
203,3,453,950,50,50,1,-1,-1,-1
204,1,409,767,50,50,1,-1,-1,-1
204,2,587,1061,50,50,1,-1,-1,-1
204,3,446,937,50,50,1,-1,-1,-1
205,1,410,811,50,50,1,-1,-1,-1
205,2,587,1094,50,50,1,-1,-1,-1
205,3,429,943,50,50,1,-1,-1,-1
206,1,612,631,50,50,1,-1,-1,-1
206,2,586,1119,50,50,1,-1,-1,-1
206,3,414,914,50,50,1,-1,-1,-1
207,1,614,629,50,50,1,-1,-1,-1
207,2,588,1131,50,50,1,-1,-1,-1
207,3,411,942,50,50,1,-1,-1,-1
208,1,620,631,50,50,1,-1,-1,-1
208,2,588,1127,50,50,1,-1,-1,-1
208,3,410,969,50,50,1,-1,-1,-1
209,1,624,637,50,50,1,-1,-1,-1
209,2,581,1113,50,50,1,-1,-1,-1
209,3,416,994,50,50,1,-1,-1,-1
210,1,630,654,50,50,1,-1,-1,-1
210,2,575,1086,50,50,1,-1,-1,-1
210,3,425,1021,50,50,1,-1,-1,-1
211,1,636,675,50,50,1,-1,-1,-1
211,2,567,1045,50,50,1,-1,-1,-1
211,3,437,1051,50,50,1,-1,-1,-1
212,1,643,701,50,50,1,-1,-1,-1
212,2,560,996,50,50,1,-1,-1,-1
212,3,445,1086,50,50,1,-1,-1,-1
213,1,647,733,50,50,1,-1,-1,-1
213,2,562,946,50,50,1,-1,-1,-1
213,3,456,1117,50,50,1,-1,-1,-1
214,1,654,771,50,50,1,-1,-1,-1
214,2,590,936,50,50,1,-1,-1,-1
214,3,465,1136,50,50,1,-1,-1,-1
215,1,660,816,50,50,1,-1,-1,-1
215,2,620,939,50,50,1,-1,-1,-1
215,3,471,1144,50,50,1,-1,-1,-1
216,2,655,914,50,50,1,-1,-1,-1
216,3,476,1142,50,50,1,-1,-1,-1
217,1,666,942,50,50,1,-1,-1,-1
217,3,481,1132,50,50,1,-1,-1,-1
218,1,668,959,50,50,1,-1,-1,-1
218,2,563,702,50,50,1,-1,-1,-1
218,3,483,1102,50,50,1,-1,-1,-1
219,1,662,962,50,50,1,-1,-1,-1
219,2,565,681,50,50,1,-1,-1,-1
219,3,471,1047,50,50,1,-1,-1,-1
220,1,645,962,50,50,1,-1,-1,-1
220,2,568,662,50,50,1,-1,-1,-1
220,3,462,998,50,50,1,-1,-1,-1
221,1,613,953,50,50,1,-1,-1,-1
221,2,572,649,50,50,1,-1,-1,-1
221,3,454,959,50,50,1,-1,-1,-1
222,1,570,964,50,50,1,-1,-1,-1
222,2,439,860,50,50,1,-1,-1,-1
222,3,458,982,50,50,1,-1,-1,-1
223,1,547,972,50,50,1,-1,-1,-1
223,2,428,813,50,50,1,-1,-1,-1
223,3,463,986,50,50,1,-1,-1,-1
224,1,556,974,50,50,1,-1,-1,-1
224,2,420,769,50,50,1,-1,-1,-1
224,3,476,993,50,50,1,-1,-1,-1
225,1,556,967,50,50,1,-1,-1,-1
225,2,410,730,50,50,1,-1,-1,-1
225,3,475,1013,50,50,1,-1,-1,-1
226,1,594,666,50,50,1,-1,-1,-1
226,2,402,698,50,50,1,-1,-1,-1
226,3,477,1035,50,50,1,-1,-1,-1
227,1,601,687,50,50,1,-1,-1,-1
227,2,394,671,50,50,1,-1,-1,-1
227,3,481,1061,50,50,1,-1,-1,-1
228,1,582,934,50,50,1,-1,-1,-1
228,2,385,651,50,50,1,-1,-1,-1
228,3,486,1094,50,50,1,-1,-1,-1
229,1,594,933,50,50,1,-1,-1,-1
229,2,613,746,50,50,1,-1,-1,-1
229,3,482,1120,50,50,1,-1,-1,-1
230,1,620,782,50,50,1,-1,-1,-1
230,2,606,935,50,50,1,-1,-1,-1
230,3,476,1135,50,50,1,-1,-1,-1
231,1,626,825,50,50,1,-1,-1,-1
231,2,617,942,50,50,1,-1,-1,-1
231,3,475,1146,50,50,1,-1,-1,-1
232,1,629,919,50,50,1,-1,-1,-1
232,2,356,623,50,50,1,-1,-1,-1
232,3,477,1142,50,50,1,-1,-1,-1
233,1,636,948,50,50,1,-1,-1,-1
233,2,349,630,50,50,1,-1,-1,-1
233,3,483,1126,50,50,1,-1,-1,-1
234,1,643,974,50,50,1,-1,-1,-1
234,2,342,645,50,50,1,-1,-1,-1
234,3,486,1087,50,50,1,-1,-1,-1
235,1,644,997,50,50,1,-1,-1,-1
235,2,336,664,50,50,1,-1,-1,-1
235,3,476,1026,50,50,1,-1,-1,-1
236,1,639,1025,50,50,1,-1,-1,-1
236,2,329,689,50,50,1,-1,-1,-1
236,3,463,980,50,50,1,-1,-1,-1
237,1,632,1062,50,50,1,-1,-1,-1
237,2,324,720,50,50,1,-1,-1,-1
237,3,450,939,50,50,1,-1,-1,-1
238,1,624,1098,50,50,1,-1,-1,-1
238,2,318,756,50,50,1,-1,-1,-1
238,3,419,946,50,50,1,-1,-1,-1
239,1,619,1119,50,50,1,-1,-1,-1
239,2,313,799,50,50,1,-1,-1,-1
239,3,390,939,50,50,1,-1,-1,-1
240,1,610,1129,50,50,1,-1,-1,-1
240,2,308,846,50,50,1,-1,-1,-1
240,3,367,945,50,50,1,-1,-1,-1
241,1,604,1129,50,50,1,-1,-1,-1
241,2,442,715,50,50,1,-1,-1,-1
241,3,331,931,50,50,1,-1,-1,-1
242,1,598,1117,50,50,1,-1,-1,-1
242,2,436,684,50,50,1,-1,-1,-1
242,3,331,951,50,50,1,-1,-1,-1
243,1,596,1091,50,50,1,-1,-1,-1
243,2,431,659,50,50,1,-1,-1,-1
243,3,331,959,50,50,1,-1,-1,-1
244,1,594,1046,50,50,1,-1,-1,-1
244,2,427,638,50,50,1,-1,-1,-1
244,3,350,961,50,50,1,-1,-1,-1
245,1,592,991,50,50,1,-1,-1,-1
245,2,422,624,50,50,1,-1,-1,-1
245,3,380,959,50,50,1,-1,-1,-1
246,1,590,921,50,50,1,-1,-1,-1
246,2,418,618,50,50,1,-1,-1,-1
246,3,416,957,50,50,1,-1,-1,-1
247,1,594,853,50,50,1,-1,-1,-1
247,2,414,615,50,50,1,-1,-1,-1
247,3,452,956,50,50,1,-1,-1,-1
248,1,595,805,50,50,1,-1,-1,-1
248,2,412,618,50,50,1,-1,-1,-1
248,3,485,956,50,50,1,-1,-1,-1
249,1,594,754,50,50,1,-1,-1,-1
249,2,469,970,50,50,1,-1,-1,-1
249,3,559,943,50,50,1,-1,-1,-1
250,1,593,714,50,50,1,-1,-1,-1
250,2,406,641,50,50,1,-1,-1,-1
250,3,463,965,50,50,1,-1,-1,-1
251,1,593,680,50,50,1,-1,-1,-1
251,2,604,993,50,50,1,-1,-1,-1
251,3,452,961,50,50,1,-1,-1,-1
252,1,401,690,50,50,1,-1,-1,-1
252,2,608,1014,50,50,1,-1,-1,-1
252,3,436,958,50,50,1,-1,-1,-1
253,1,400,722,50,50,1,-1,-1,-1
253,2,608,1038,50,50,1,-1,-1,-1
253,3,424,954,50,50,1,-1,-1,-1
254,1,398,760,50,50,1,-1,-1,-1
254,2,606,1074,50,50,1,-1,-1,-1
254,3,412,951,50,50,1,-1,-1,-1
255,1,396,804,50,50,1,-1,-1,-1
255,2,604,1107,50,50,1,-1,-1,-1
255,3,402,950,50,50,1,-1,-1,-1
256,1,395,855,50,50,1,-1,-1,-1
256,2,598,1125,50,50,1,-1,-1,-1
256,3,392,948,50,50,1,-1,-1,-1
257,1,604,588,50,50,1,-1,-1,-1
257,2,594,1132,50,50,1,-1,-1,-1
257,3,390,940,50,50,1,-1,-1,-1
258,1,607,591,50,50,1,-1,-1,-1
258,2,586,1125,50,50,1,-1,-1,-1
258,3,390,967,50,50,1,-1,-1,-1
259,1,610,602,50,50,1,-1,-1,-1
259,2,576,1108,50,50,1,-1,-1,-1
259,3,396,989,50,50,1,-1,-1,-1
260,1,614,617,50,50,1,-1,-1,-1
260,2,569,1077,50,50,1,-1,-1,-1
260,3,404,1015,50,50,1,-1,-1,-1
261,1,619,639,50,50,1,-1,-1,-1
261,2,561,1034,50,50,1,-1,-1,-1
261,3,413,1041,50,50,1,-1,-1,-1
262,1,624,667,50,50,1,-1,-1,-1
262,2,554,989,50,50,1,-1,-1,-1
262,3,428,1074,50,50,1,-1,-1,-1
263,1,628,699,50,50,1,-1,-1,-1
263,2,554,942,50,50,1,-1,-1,-1
263,3,441,1102,50,50,1,-1,-1,-1
264,1,633,737,50,50,1,-1,-1,-1
264,2,578,934,50,50,1,-1,-1,-1
264,3,454,1121,50,50,1,-1,-1,-1
265,1,637,780,50,50,1,-1,-1,-1
265,2,606,933,50,50,1,-1,-1,-1
265,3,464,1134,50,50,1,-1,-1,-1
266,1,643,830,50,50,1,-1,-1,-1
266,2,628,938,50,50,1,-1,-1,-1
266,3,471,1139,50,50,1,-1,-1,-1
267,2,649,917,50,50,1,-1,-1,-1
267,3,476,1131,50,50,1,-1,-1,-1
268,1,658,940,50,50,1,-1,-1,-1
268,2,540,711,50,50,1,-1,-1,-1
268,3,480,1096,50,50,1,-1,-1,-1
269,1,653,950,50,50,1,-1,-1,-1
269,2,539,692,50,50,1,-1,-1,-1
269,3,469,1036,50,50,1,-1,-1,-1
270,1,635,951,50,50,1,-1,-1,-1
270,2,540,679,50,50,1,-1,-1,-1
270,3,461,987,50,50,1,-1,-1,-1
271,1,606,946,50,50,1,-1,-1,-1
271,2,540,668,50,50,1,-1,-1,-1
271,3,455,947,50,50,1,-1,-1,-1
272,1,563,966,50,50,1,-1,-1,-1
272,2,465,980,50,50,1,-1,-1,-1
272,3,437,844,50,50,1,-1,-1,-1
273,1,509,982,50,50,1,-1,-1,-1
273,2,543,665,50,50,1,-1,-1,-1
273,3,425,789,50,50,1,-1,-1,-1
274,1,479,998,50,50,1,-1,-1,-1
274,2,546,671,50,50,1,-1,-1,-1
274,3,416,741,50,50,1,-1,-1,-1
275,1,476,1014,50,50,1,-1,-1,-1
275,2,548,681,50,50,1,-1,-1,-1
275,3,406,702,50,50,1,-1,-1,-1
276,1,477,1032,50,50,1,-1,-1,-1
276,2,554,969,50,50,1,-1,-1,-1
276,3,396,665,50,50,1,-1,-1,-1
277,1,477,1057,50,50,1,-1,-1,-1
277,2,552,960,50,50,1,-1,-1,-1
277,3,387,636,50,50,1,-1,-1,-1
278,1,479,1080,50,50,1,-1,-1,-1
278,2,551,950,50,50,1,-1,-1,-1
278,3,379,611,50,50,1,-1,-1,-1
279,1,478,1101,50,50,1,-1,-1,-1
279,2,553,947,50,50,1,-1,-1,-1
279,3,370,593,50,50,1,-1,-1,-1
280,1,478,1122,50,50,1,-1,-1,-1
280,2,572,830,50,50,1,-1,-1,-1
280,3,362,581,50,50,1,-1,-1,-1
281,1,473,1131,50,50,1,-1,-1,-1
281,2,572,882,50,50,1,-1,-1,-1
281,3,355,575,50,50,1,-1,-1,-1
282,1,472,1136,50,50,1,-1,-1,-1
282,2,572,944,50,50,1,-1,-1,-1
282,3,347,574,50,50,1,-1,-1,-1
283,1,478,1130,50,50,1,-1,-1,-1
283,2,579,989,50,50,1,-1,-1,-1
283,3,342,576,50,50,1,-1,-1,-1
284,1,480,1105,50,50,1,-1,-1,-1
284,2,590,1005,50,50,1,-1,-1,-1
284,3,332,588,50,50,1,-1,-1,-1
285,1,478,1061,50,50,1,-1,-1,-1
285,2,595,1024,50,50,1,-1,-1,-1
285,3,323,604,50,50,1,-1,-1,-1
286,1,461,992,50,50,1,-1,-1,-1
286,2,596,1044,50,50,1,-1,-1,-1
286,3,316,627,50,50,1,-1,-1,-1
287,1,451,953,50,50,1,-1,-1,-1
287,2,596,1072,50,50,1,-1,-1,-1
287,3,310,657,50,50,1,-1,-1,-1
288,1,440,916,50,50,1,-1,-1,-1
288,2,598,1098,50,50,1,-1,-1,-1
288,3,305,689,50,50,1,-1,-1,-1
289,1,413,910,50,50,1,-1,-1,-1
289,2,598,1118,50,50,1,-1,-1,-1
289,3,447,815,50,50,1,-1,-1,-1
290,1,383,907,50,50,1,-1,-1,-1
290,2,596,1134,50,50,1,-1,-1,-1
290,3,293,779,50,50,1,-1,-1,-1
291,1,336,888,50,50,1,-1,-1,-1
291,2,594,1141,50,50,1,-1,-1,-1
291,3,433,727,50,50,1,-1,-1,-1
292,1,305,909,50,50,1,-1,-1,-1
292,2,592,1142,50,50,1,-1,-1,-1
292,3,425,693,50,50,1,-1,-1,-1
293,1,299,928,50,50,1,-1,-1,-1
293,2,586,1138,50,50,1,-1,-1,-1
293,3,418,663,50,50,1,-1,-1,-1
294,1,325,928,50,50,1,-1,-1,-1
294,2,584,1118,50,50,1,-1,-1,-1
294,3,411,642,50,50,1,-1,-1,-1
295,1,342,932,50,50,1,-1,-1,-1
295,2,583,1081,50,50,1,-1,-1,-1
295,3,408,624,50,50,1,-1,-1,-1
296,1,366,935,50,50,1,-1,-1,-1
296,2,580,1025,50,50,1,-1,-1,-1
296,3,403,613,50,50,1,-1,-1,-1
297,1,394,937,50,50,1,-1,-1,-1
297,2,583,972,50,50,1,-1,-1,-1
297,3,398,607,50,50,1,-1,-1,-1
298,1,429,953,50,50,1,-1,-1,-1
298,2,583,906,50,50,1,-1,-1,-1
298,3,395,607,50,50,1,-1,-1,-1
299,1,468,950,50,50,1,-1,-1,-1
299,2,583,835,50,50,1,-1,-1,-1
299,3,390,613,50,50,1,-1,-1,-1
300,1,553,938,50,50,1,-1,-1,-1
300,2,460,973,50,50,1,-1,-1,-1
300,3,385,624,50,50,1,-1,-1,-1
301,1,583,741,50,50,1,-1,-1,-1
301,2,456,973,50,50,1,-1,-1,-1
301,3,382,640,50,50,1,-1,-1,-1
302,1,591,988,50,50,1,-1,-1,-1
302,2,441,977,50,50,1,-1,-1,-1
302,3,379,661,50,50,1,-1,-1,-1
303,1,591,1009,50,50,1,-1,-1,-1
303,2,430,971,50,50,1,-1,-1,-1
303,3,375,691,50,50,1,-1,-1,-1
304,1,588,1034,50,50,1,-1,-1,-1
304,2,417,967,50,50,1,-1,-1,-1
304,3,371,727,50,50,1,-1,-1,-1
305,1,584,1064,50,50,1,-1,-1,-1
305,2,404,963,50,50,1,-1,-1,-1
305,3,369,768,50,50,1,-1,-1,-1
306,1,580,1100,50,50,1,-1,-1,-1
306,2,392,967,50,50,1,-1,-1,-1
306,3,368,813,50,50,1,-1,-1,-1
307,1,576,1129,50,50,1,-1,-1,-1
307,2,383,974,50,50,1,-1,-1,-1
307,3,366,862,50,50,1,-1,-1,-1
308,1,575,1141,50,50,1,-1,-1,-1
308,2,376,961,50,50,1,-1,-1,-1
308,3,597,596,50,50,1,-1,-1,-1
309,1,574,1137,50,50,1,-1,-1,-1
309,2,381,990,50,50,1,-1,-1,-1
309,3,601,597,50,50,1,-1,-1,-1
310,1,568,1123,50,50,1,-1,-1,-1
310,2,386,1013,50,50,1,-1,-1,-1
310,3,605,604,50,50,1,-1,-1,-1
311,1,560,1098,50,50,1,-1,-1,-1
311,2,396,1038,50,50,1,-1,-1,-1
311,3,609,618,50,50,1,-1,-1,-1
312,1,554,1050,50,50,1,-1,-1,-1
312,2,409,1066,50,50,1,-1,-1,-1
312,3,615,638,50,50,1,-1,-1,-1
313,1,547,1001,50,50,1,-1,-1,-1
313,2,428,1097,50,50,1,-1,-1,-1
313,3,621,663,50,50,1,-1,-1,-1
314,1,543,960,50,50,1,-1,-1,-1
314,2,446,1121,50,50,1,-1,-1,-1
314,3,626,694,50,50,1,-1,-1,-1
315,1,553,926,50,50,1,-1,-1,-1
315,2,462,1139,50,50,1,-1,-1,-1
315,3,632,732,50,50,1,-1,-1,-1
316,1,586,935,50,50,1,-1,-1,-1
316,2,472,1143,50,50,1,-1,-1,-1
316,3,640,775,50,50,1,-1,-1,-1
317,1,619,936,50,50,1,-1,-1,-1
317,2,481,1134,50,50,1,-1,-1,-1
317,3,645,824,50,50,1,-1,-1,-1
318,1,644,916,50,50,1,-1,-1,-1
318,2,485,1116,50,50,1,-1,-1,-1
319,1,551,706,50,50,1,-1,-1,-1
319,2,482,1084,50,50,1,-1,-1,-1
319,3,650,938,50,50,1,-1,-1,-1
320,1,552,685,50,50,1,-1,-1,-1
320,2,474,1029,50,50,1,-1,-1,-1
320,3,649,942,50,50,1,-1,-1,-1
321,1,555,668,50,50,1,-1,-1,-1
321,2,468,986,50,50,1,-1,-1,-1
321,3,630,942,50,50,1,-1,-1,-1
322,1,558,656,50,50,1,-1,-1,-1
322,2,459,947,50,50,1,-1,-1,-1
322,3,603,941,50,50,1,-1,-1,-1
323,1,468,979,50,50,1,-1,-1,-1
323,2,440,847,50,50,1,-1,-1,-1
323,3,560,941,50,50,1,-1,-1,-1
324,1,569,642,50,50,1,-1,-1,-1
324,2,430,800,50,50,1,-1,-1,-1
324,3,504,969,50,50,1,-1,-1,-1
325,1,574,643,50,50,1,-1,-1,-1
325,2,421,758,50,50,1,-1,-1,-1
325,3,480,986,50,50,1,-1,-1,-1
326,1,580,652,50,50,1,-1,-1,-1
326,2,412,721,50,50,1,-1,-1,-1
326,3,476,1003,50,50,1,-1,-1,-1
327,1,587,666,50,50,1,-1,-1,-1
327,2,402,690,50,50,1,-1,-1,-1
327,3,477,1022,50,50,1,-1,-1,-1
328,1,592,685,50,50,1,-1,-1,-1
328,2,394,665,50,50,1,-1,-1,-1
328,3,479,1044,50,50,1,-1,-1,-1
329,1,597,934,50,50,1,-1,-1,-1
329,2,386,645,50,50,1,-1,-1,-1
329,3,481,1072,50,50,1,-1,-1,-1
330,1,606,935,50,50,1,-1,-1,-1
330,2,608,742,50,50,1,-1,-1,-1
330,3,479,1104,50,50,1,-1,-1,-1
331,1,614,779,50,50,1,-1,-1,-1
331,2,613,940,50,50,1,-1,-1,-1
331,3,479,1128,50,50,1,-1,-1,-1
332,1,620,821,50,50,1,-1,-1,-1
332,2,618,945,50,50,1,-1,-1,-1
332,3,476,1135,50,50,1,-1,-1,-1
333,1,624,954,50,50,1,-1,-1,-1
333,2,631,866,50,50,1,-1,-1,-1
333,3,482,1132,50,50,1,-1,-1,-1
334,1,632,949,50,50,1,-1,-1,-1
334,2,349,633,50,50,1,-1,-1,-1
334,3,487,1113,50,50,1,-1,-1,-1
335,1,637,976,50,50,1,-1,-1,-1
335,2,342,649,50,50,1,-1,-1,-1
335,3,488,1076,50,50,1,-1,-1,-1
336,1,639,1005,50,50,1,-1,-1,-1
336,2,336,670,50,50,1,-1,-1,-1
336,3,481,1019,50,50,1,-1,-1,-1
337,1,637,1037,50,50,1,-1,-1,-1
337,2,332,696,50,50,1,-1,-1,-1
337,3,468,976,50,50,1,-1,-1,-1
338,1,634,1073,50,50,1,-1,-1,-1
338,2,325,729,50,50,1,-1,-1,-1
338,3,454,940,50,50,1,-1,-1,-1
339,1,629,1106,50,50,1,-1,-1,-1
339,2,461,836,50,50,1,-1,-1,-1
339,3,421,949,50,50,1,-1,-1,-1
340,1,625,1126,50,50,1,-1,-1,-1
340,2,316,810,50,50,1,-1,-1,-1
340,3,389,942,50,50,1,-1,-1,-1
341,1,617,1135,50,50,1,-1,-1,-1
341,2,451,749,50,50,1,-1,-1,-1
341,3,345,918,50,50,1,-1,-1,-1
342,1,605,1137,50,50,1,-1,-1,-1
342,2,447,715,50,50,1,-1,-1,-1
342,3,334,940,50,50,1,-1,-1,-1
343,1,597,1127,50,50,1,-1,-1,-1
343,2,440,686,50,50,1,-1,-1,-1
343,3,331,958,50,50,1,-1,-1,-1
344,1,592,1098,50,50,1,-1,-1,-1
344,2,436,662,50,50,1,-1,-1,-1
344,3,335,964,50,50,1,-1,-1,-1
345,1,591,1049,50,50,1,-1,-1,-1
345,2,431,645,50,50,1,-1,-1,-1
345,3,358,966,50,50,1,-1,-1,-1
346,1,591,992,50,50,1,-1,-1,-1
346,2,426,633,50,50,1,-1,-1,-1
346,3,388,962,50,50,1,-1,-1,-1
347,1,594,913,50,50,1,-1,-1,-1
347,2,423,628,50,50,1,-1,-1,-1
347,3,422,963,50,50,1,-1,-1,-1
348,1,595,849,50,50,1,-1,-1,-1
348,2,419,627,50,50,1,-1,-1,-1
348,3,460,960,50,50,1,-1,-1,-1
349,1,597,795,50,50,1,-1,-1,-1
349,2,417,631,50,50,1,-1,-1,-1
349,3,486,963,50,50,1,-1,-1,-1
350,1,596,744,50,50,1,-1,-1,-1
350,2,557,940,50,50,1,-1,-1,-1
350,3,477,984,50,50,1,-1,-1,-1
351,1,596,701,50,50,1,-1,-1,-1
351,2,410,659,50,50,1,-1,-1,-1
351,3,474,982,50,50,1,-1,-1,-1
352,1,597,662,50,50,1,-1,-1,-1
352,2,596,996,50,50,1,-1,-1,-1
352,3,464,979,50,50,1,-1,-1,-1
353,1,404,710,50,50,1,-1,-1,-1
353,2,598,1020,50,50,1,-1,-1,-1
353,3,452,975,50,50,1,-1,-1,-1
354,1,401,744,50,50,1,-1,-1,-1
354,2,596,1049,50,50,1,-1,-1,-1
354,3,437,971,50,50,1,-1,-1,-1
355,1,401,787,50,50,1,-1,-1,-1
355,2,592,1086,50,50,1,-1,-1,-1
355,3,424,968,50,50,1,-1,-1,-1
356,1,400,832,50,50,1,-1,-1,-1
356,2,590,1115,50,50,1,-1,-1,-1
356,3,412,967,50,50,1,-1,-1,-1
357,1,607,561,50,50,1,-1,-1,-1
357,2,585,1135,50,50,1,-1,-1,-1
357,3,401,933,50,50,1,-1,-1,-1
358,1,610,558,50,50,1,-1,-1,-1
358,2,586,1137,50,50,1,-1,-1,-1
358,3,400,960,50,50,1,-1,-1,-1
359,1,614,559,50,50,1,-1,-1,-1
359,2,580,1133,50,50,1,-1,-1,-1
359,3,400,982,50,50,1,-1,-1,-1
360,1,618,565,50,50,1,-1,-1,-1
360,2,573,1115,50,50,1,-1,-1,-1
360,3,403,1001,50,50,1,-1,-1,-1
361,1,622,578,50,50,1,-1,-1,-1
361,2,567,1087,50,50,1,-1,-1,-1
361,3,409,1024,50,50,1,-1,-1,-1
362,1,629,598,50,50,1,-1,-1,-1
362,2,560,1045,50,50,1,-1,-1,-1
362,3,417,1048,50,50,1,-1,-1,-1
363,1,634,623,50,50,1,-1,-1,-1
363,2,552,997,50,50,1,-1,-1,-1
363,3,431,1075,50,50,1,-1,-1,-1
364,1,639,653,50,50,1,-1,-1,-1
364,2,551,948,50,50,1,-1,-1,-1
364,3,443,1099,50,50,1,-1,-1,-1
365,1,645,689,50,50,1,-1,-1,-1
365,2,565,910,50,50,1,-1,-1,-1
365,3,453,1120,50,50,1,-1,-1,-1
366,1,651,730,50,50,1,-1,-1,-1
366,2,608,925,50,50,1,-1,-1,-1
366,3,463,1137,50,50,1,-1,-1,-1
367,1,657,778,50,50,1,-1,-1,-1
367,2,634,923,50,50,1,-1,-1,-1
367,3,471,1142,50,50,1,-1,-1,-1
368,2,660,886,50,50,1,-1,-1,-1
368,3,482,1134,50,50,1,-1,-1,-1
369,1,671,910,50,50,1,-1,-1,-1
369,2,540,704,50,50,1,-1,-1,-1
369,3,481,1110,50,50,1,-1,-1,-1
370,1,666,931,50,50,1,-1,-1,-1
370,2,539,684,50,50,1,-1,-1,-1
370,3,477,1073,50,50,1,-1,-1,-1
371,1,653,938,50,50,1,-1,-1,-1
371,2,539,669,50,50,1,-1,-1,-1
371,3,466,1016,50,50,1,-1,-1,-1
372,1,626,945,50,50,1,-1,-1,-1
372,2,541,656,50,50,1,-1,-1,-1
372,3,461,975,50,50,1,-1,-1,-1
373,1,590,940,50,50,1,-1,-1,-1
373,2,542,649,50,50,1,-1,-1,-1
373,3,453,938,50,50,1,-1,-1,-1
374,1,549,966,50,50,1,-1,-1,-1
374,2,463,979,50,50,1,-1,-1,-1
374,3,437,841,50,50,1,-1,-1,-1
375,1,506,982,50,50,1,-1,-1,-1
375,2,545,651,50,50,1,-1,-1,-1
375,3,427,797,50,50,1,-1,-1,-1
376,1,474,1010,50,50,1,-1,-1,-1
376,2,549,970,50,50,1,-1,-1,-1
376,3,418,758,50,50,1,-1,-1,-1
377,1,471,1041,50,50,1,-1,-1,-1
377,2,545,963,50,50,1,-1,-1,-1
377,3,409,725,50,50,1,-1,-1,-1
378,1,472,1068,50,50,1,-1,-1,-1
378,2,543,952,50,50,1,-1,-1,-1
378,3,401,698,50,50,1,-1,-1,-1
379,1,470,1095,50,50,1,-1,-1,-1
379,2,542,941,50,50,1,-1,-1,-1
379,3,394,678,50,50,1,-1,-1,-1
380,1,468,1119,50,50,1,-1,-1,-1
380,2,546,936,50,50,1,-1,-1,-1
380,3,386,662,50,50,1,-1,-1,-1
381,1,468,1141,50,50,1,-1,-1,-1
381,2,550,934,50,50,1,-1,-1,-1
381,3,378,653,50,50,1,-1,-1,-1
382,1,468,1145,50,50,1,-1,-1,-1
382,2,574,830,50,50,1,-1,-1,-1
382,3,372,648,50,50,1,-1,-1,-1
383,1,478,1141,50,50,1,-1,-1,-1
383,2,575,881,50,50,1,-1,-1,-1
383,3,364,650,50,50,1,-1,-1,-1
384,1,485,1122,50,50,1,-1,-1,-1
384,2,572,933,50,50,1,-1,-1,-1
384,3,358,656,50,50,1,-1,-1,-1
385,1,483,1090,50,50,1,-1,-1,-1
385,2,584,993,50,50,1,-1,-1,-1
385,3,352,668,50,50,1,-1,-1,-1
386,1,479,1041,50,50,1,-1,-1,-1
386,2,589,1016,50,50,1,-1,-1,-1
386,3,346,688,50,50,1,-1,-1,-1
387,1,469,992,50,50,1,-1,-1,-1
387,2,590,1044,50,50,1,-1,-1,-1
387,3,339,710,50,50,1,-1,-1,-1
388,1,454,956,50,50,1,-1,-1,-1
388,2,595,1081,50,50,1,-1,-1,-1
388,3,335,741,50,50,1,-1,-1,-1
389,1,423,960,50,50,1,-1,-1,-1
389,2,603,1112,50,50,1,-1,-1,-1
389,3,329,777,50,50,1,-1,-1,-1
390,1,394,954,50,50,1,-1,-1,-1
390,2,608,1131,50,50,1,-1,-1,-1
390,3,326,817,50,50,1,-1,-1,-1
391,1,368,956,50,50,1,-1,-1,-1
391,2,607,1138,50,50,1,-1,-1,-1
391,3,321,866,50,50,1,-1,-1,-1
392,1,342,948,50,50,1,-1,-1,-1
392,2,604,1138,50,50,1,-1,-1,-1
392,3,441,749,50,50,1,-1,-1,-1
393,1,334,966,50,50,1,-1,-1,-1
393,2,595,1124,50,50,1,-1,-1,-1
393,3,435,721,50,50,1,-1,-1,-1
394,1,332,972,50,50,1,-1,-1,-1
394,2,589,1096,50,50,1,-1,-1,-1
394,3,429,697,50,50,1,-1,-1,-1
395,1,351,971,50,50,1,-1,-1,-1
395,2,586,1044,50,50,1,-1,-1,-1
395,3,423,682,50,50,1,-1,-1,-1
396,1,384,965,50,50,1,-1,-1,-1
396,2,584,991,50,50,1,-1,-1,-1
396,3,418,671,50,50,1,-1,-1,-1
397,1,417,961,50,50,1,-1,-1,-1
397,2,584,918,50,50,1,-1,-1,-1
397,3,415,664,50,50,1,-1,-1,-1
398,1,453,960,50,50,1,-1,-1,-1
398,2,585,889,50,50,1,-1,-1,-1
398,3,411,664,50,50,1,-1,-1,-1
399,1,481,957,50,50,1,-1,-1,-1
399,2,585,811,50,50,1,-1,-1,-1
399,3,407,669,50,50,1,-1,-1,-1
400,1,463,967,50,50,1,-1,-1,-1
400,2,560,941,50,50,1,-1,-1,-1
400,3,403,681,50,50,1,-1,-1,-1
401,1,454,954,50,50,1,-1,-1,-1
401,2,581,724,50,50,1,-1,-1,-1
401,3,399,699,50,50,1,-1,-1,-1
402,1,439,952,50,50,1,-1,-1,-1
402,2,580,692,50,50,1,-1,-1,-1
402,3,395,723,50,50,1,-1,-1,-1
403,1,424,946,50,50,1,-1,-1,-1
403,2,586,1016,50,50,1,-1,-1,-1
403,3,392,753,50,50,1,-1,-1,-1
404,1,412,945,50,50,1,-1,-1,-1
404,2,586,1042,50,50,1,-1,-1,-1
404,3,389,789,50,50,1,-1,-1,-1
405,1,400,946,50,50,1,-1,-1,-1
405,2,581,1078,50,50,1,-1,-1,-1
405,3,387,832,50,50,1,-1,-1,-1
406,1,387,922,50,50,1,-1,-1,-1
406,2,580,1108,50,50,1,-1,-1,-1
406,3,582,620,50,50,1,-1,-1,-1
407,1,380,947,50,50,1,-1,-1,-1
407,2,580,1122,50,50,1,-1,-1,-1
407,3,585,616,50,50,1,-1,-1,-1
408,1,381,968,50,50,1,-1,-1,-1
408,2,579,1119,50,50,1,-1,-1,-1
408,3,587,616,50,50,1,-1,-1,-1
409,1,388,991,50,50,1,-1,-1,-1
409,2,574,1105,50,50,1,-1,-1,-1
409,3,589,622,50,50,1,-1,-1,-1
410,1,399,1016,50,50,1,-1,-1,-1
410,2,567,1078,50,50,1,-1,-1,-1
410,3,592,634,50,50,1,-1,-1,-1
411,1,416,1044,50,50,1,-1,-1,-1
411,2,559,1039,50,50,1,-1,-1,-1
411,3,595,653,50,50,1,-1,-1,-1
412,1,431,1075,50,50,1,-1,-1,-1
412,2,550,993,50,50,1,-1,-1,-1
412,3,599,677,50,50,1,-1,-1,-1
413,1,447,1100,50,50,1,-1,-1,-1
413,2,548,946,50,50,1,-1,-1,-1
413,3,603,707,50,50,1,-1,-1,-1
414,1,460,1121,50,50,1,-1,-1,-1
414,2,554,912,50,50,1,-1,-1,-1
414,3,608,742,50,50,1,-1,-1,-1
415,1,468,1139,50,50,1,-1,-1,-1
415,2,579,923,50,50,1,-1,-1,-1
415,3,615,785,50,50,1,-1,-1,-1
416,1,475,1141,50,50,1,-1,-1,-1
416,2,602,931,50,50,1,-1,-1,-1
416,3,617,831,50,50,1,-1,-1,-1
417,1,478,1119,50,50,1,-1,-1,-1
417,2,619,918,50,50,1,-1,-1,-1
418,1,474,1089,50,50,1,-1,-1,-1
418,3,629,944,50,50,1,-1,-1,-1
419,1,462,1032,50,50,1,-1,-1,-1
419,2,551,703,50,50,1,-1,-1,-1
419,3,629,957,50,50,1,-1,-1,-1
420,1,457,983,50,50,1,-1,-1,-1
420,2,553,691,50,50,1,-1,-1,-1
420,3,617,962,50,50,1,-1,-1,-1
421,1,451,940,50,50,1,-1,-1,-1
421,2,554,682,50,50,1,-1,-1,-1
421,3,592,952,50,50,1,-1,-1,-1
422,1,439,843,50,50,1,-1,-1,-1
422,2,452,967,50,50,1,-1,-1,-1
422,3,552,977,50,50,1,-1,-1,-1
423,1,433,796,50,50,1,-1,-1,-1
423,2,560,680,50,50,1,-1,-1,-1
423,3,498,974,50,50,1,-1,-1,-1
424,1,424,750,50,50,1,-1,-1,-1
424,2,547,977,50,50,1,-1,-1,-1
424,3,472,985,50,50,1,-1,-1,-1
425,1,418,712,50,50,1,-1,-1,-1
425,2,546,971,50,50,1,-1,-1,-1
425,3,472,1007,50,50,1,-1,-1,-1
426,1,411,678,50,50,1,-1,-1,-1
426,2,545,960,50,50,1,-1,-1,-1
426,3,472,1035,50,50,1,-1,-1,-1
427,1,404,651,50,50,1,-1,-1,-1
427,2,582,741,50,50,1,-1,-1,-1
427,3,475,1063,50,50,1,-1,-1,-1
428,1,399,631,50,50,1,-1,-1,-1
428,2,589,770,50,50,1,-1,-1,-1
428,3,477,1092,50,50,1,-1,-1,-1
429,1,392,615,50,50,1,-1,-1,-1
429,2,592,807,50,50,1,-1,-1,-1
429,3,476,1114,50,50,1,-1,-1,-1
430,1,386,604,50,50,1,-1,-1,-1
430,2,597,843,50,50,1,-1,-1,-1
430,3,475,1133,50,50,1,-1,-1,-1
431,1,382,601,50,50,1,-1,-1,-1
431,2,599,918,50,50,1,-1,-1,-1
431,3,480,1141,50,50,1,-1,-1,-1
432,1,379,601,50,50,1,-1,-1,-1
432,2,602,951,50,50,1,-1,-1,-1
432,3,481,1134,50,50,1,-1,-1,-1
433,1,373,608,50,50,1,-1,-1,-1
433,2,609,977,50,50,1,-1,-1,-1
433,3,489,1122,50,50,1,-1,-1,-1
434,1,364,621,50,50,1,-1,-1,-1
434,2,608,999,50,50,1,-1,-1,-1
434,3,488,1090,50,50,1,-1,-1,-1
435,1,359,641,50,50,1,-1,-1,-1
435,2,606,1021,50,50,1,-1,-1,-1
435,3,486,1041,50,50,1,-1,-1,-1
436,1,358,664,50,50,1,-1,-1,-1
436,2,604,1050,50,50,1,-1,-1,-1
436,3,477,992,50,50,1,-1,-1,-1
437,1,355,696,50,50,1,-1,-1,-1
437,2,601,1090,50,50,1,-1,-1,-1
437,3,471,950,50,50,1,-1,-1,-1
438,1,351,734,50,50,1,-1,-1,-1
438,2,603,1116,50,50,1,-1,-1,-1
438,3,454,918,50,50,1,-1,-1,-1
439,1,349,778,50,50,1,-1,-1,-1
439,2,600,1134,50,50,1,-1,-1,-1
439,3,422,938,50,50,1,-1,-1,-1
440,1,339,828,50,50,1,-1,-1,-1
440,2,598,1142,50,50,1,-1,-1,-1
440,3,395,938,50,50,1,-1,-1,-1
441,1,457,751,50,50,1,-1,-1,-1
441,2,593,1141,50,50,1,-1,-1,-1
441,3,362,920,50,50,1,-1,-1,-1
442,1,453,725,50,50,1,-1,-1,-1
442,2,586,1126,50,50,1,-1,-1,-1
442,3,362,944,50,50,1,-1,-1,-1
443,1,450,704,50,50,1,-1,-1,-1
443,2,584,1096,50,50,1,-1,-1,-1
443,3,363,955,50,50,1,-1,-1,-1
444,1,445,687,50,50,1,-1,-1,-1
444,2,581,1047,50,50,1,-1,-1,-1
444,3,378,958,50,50,1,-1,-1,-1
445,1,442,679,50,50,1,-1,-1,-1
445,2,578,992,50,50,1,-1,-1,-1
445,3,400,957,50,50,1,-1,-1,-1
446,1,439,674,50,50,1,-1,-1,-1
446,2,579,906,50,50,1,-1,-1,-1
446,3,433,959,50,50,1,-1,-1,-1
447,1,435,676,50,50,1,-1,-1,-1
447,2,582,840,50,50,1,-1,-1,-1
447,3,465,961,50,50,1,-1,-1,-1
448,1,432,683,50,50,1,-1,-1,-1
448,2,585,786,50,50,1,-1,-1,-1
448,3,487,964,50,50,1,-1,-1,-1
449,1,431,695,50,50,1,-1,-1,-1
449,2,579,729,50,50,1,-1,-1,-1
449,3,472,982,50,50,1,-1,-1,-1
450,1,430,714,50,50,1,-1,-1,-1
450,2,576,683,50,50,1,-1,-1,-1
450,3,475,982,50,50,1,-1,-1,-1
451,1,593,992,50,50,1,-1,-1,-1
451,2,577,644,50,50,1,-1,-1,-1
451,3,472,979,50,50,1,-1,-1,-1
452,1,593,1013,50,50,1,-1,-1,-1
452,2,426,769,50,50,1,-1,-1,-1
452,3,466,979,50,50,1,-1,-1,-1
453,1,592,1037,50,50,1,-1,-1,-1
453,2,424,806,50,50,1,-1,-1,-1
453,3,453,979,50,50,1,-1,-1,-1
454,1,588,1069,50,50,1,-1,-1,-1
454,2,424,847,50,50,1,-1,-1,-1
454,3,437,978,50,50,1,-1,-1,-1
455,1,584,1101,50,50,1,-1,-1,-1
455,2,421,894,50,50,1,-1,-1,-1
455,3,427,983,50,50,1,-1,-1,-1
456,1,582,1124,50,50,1,-1,-1,-1
456,2,583,530,50,50,1,-1,-1,-1
456,3,423,974,50,50,1,-1,-1,-1
457,1,581,1133,50,50,1,-1,-1,-1
457,2,587,525,50,50,1,-1,-1,-1
457,3,422,999,50,50,1,-1,-1,-1
458,1,578,1131,50,50,1,-1,-1,-1
458,2,588,525,50,50,1,-1,-1,-1
458,3,425,1019,50,50,1,-1,-1,-1
459,1,568,1118,50,50,1,-1,-1,-1
459,2,591,529,50,50,1,-1,-1,-1
459,3,430,1041,50,50,1,-1,-1,-1
460,1,561,1090,50,50,1,-1,-1,-1
460,2,593,540,50,50,1,-1,-1,-1
460,3,439,1064,50,50,1,-1,-1,-1
461,1,553,1051,50,50,1,-1,-1,-1
461,2,597,555,50,50,1,-1,-1,-1
461,3,444,1086,50,50,1,-1,-1,-1
462,1,545,1002,50,50,1,-1,-1,-1
462,2,604,578,50,50,1,-1,-1,-1
462,3,450,1107,50,50,1,-1,-1,-1
463,1,539,955,50,50,1,-1,-1,-1
463,2,608,607,50,50,1,-1,-1,-1
463,3,456,1129,50,50,1,-1,-1,-1
464,1,545,910,50,50,1,-1,-1,-1
464,2,614,640,50,50,1,-1,-1,-1
464,3,463,1143,50,50,1,-1,-1,-1
465,1,575,906,50,50,1,-1,-1,-1
465,2,618,679,50,50,1,-1,-1,-1
465,3,469,1147,50,50,1,-1,-1,-1
466,1,598,904,50,50,1,-1,-1,-1
466,2,623,723,50,50,1,-1,-1,-1
466,3,471,1155,50,50,1,-1,-1,-1
467,1,617,904,50,50,1,-1,-1,-1
467,2,629,774,50,50,1,-1,-1,-1
467,3,475,1146,50,50,1,-1,-1,-1
468,1,634,879,50,50,1,-1,-1,-1
468,2,540,705,50,50,1,-1,-1,-1
468,3,475,1128,50,50,1,-1,-1,-1
469,1,639,908,50,50,1,-1,-1,-1
469,2,541,684,50,50,1,-1,-1,-1
469,3,470,1096,50,50,1,-1,-1,-1
470,1,637,925,50,50,1,-1,-1,-1
470,2,544,668,50,50,1,-1,-1,-1
470,3,460,1038,50,50,1,-1,-1,-1
471,1,623,931,50,50,1,-1,-1,-1
471,2,548,652,50,50,1,-1,-1,-1
471,3,454,989,50,50,1,-1,-1,-1
472,1,602,927,50,50,1,-1,-1,-1
472,2,551,644,50,50,1,-1,-1,-1
472,3,447,947,50,50,1,-1,-1,-1
473,1,557,943,50,50,1,-1,-1,-1
473,2,455,974,50,50,1,-1,-1,-1
473,3,429,852,50,50,1,-1,-1,-1
474,1,532,961,50,50,1,-1,-1,-1
474,2,459,982,50,50,1,-1,-1,-1
474,3,422,805,50,50,1,-1,-1,-1
475,1,499,984,50,50,1,-1,-1,-1
475,2,563,649,50,50,1,-1,-1,-1
475,3,414,757,50,50,1,-1,-1,-1
476,1,472,1017,50,50,1,-1,-1,-1
476,2,568,663,50,50,1,-1,-1,-1
476,3,405,719,50,50,1,-1,-1,-1
477,1,473,1047,50,50,1,-1,-1,-1
477,2,574,682,50,50,1,-1,-1,-1
477,3,397,687,50,50,1,-1,-1,-1
478,1,472,1073,50,50,1,-1,-1,-1
478,2,580,706,50,50,1,-1,-1,-1
478,3,391,659,50,50,1,-1,-1,-1
479,1,472,1101,50,50,1,-1,-1,-1
479,2,588,736,50,50,1,-1,-1,-1
479,3,385,640,50,50,1,-1,-1,-1
480,1,470,1124,50,50,1,-1,-1,-1
480,2,594,772,50,50,1,-1,-1,-1
480,3,380,624,50,50,1,-1,-1,-1
481,1,468,1146,50,50,1,-1,-1,-1
481,2,598,813,50,50,1,-1,-1,-1
481,3,601,952,50,50,1,-1,-1,-1
482,1,469,1149,50,50,1,-1,-1,-1
482,2,604,857,50,50,1,-1,-1,-1
482,3,609,960,50,50,1,-1,-1,-1
483,1,473,1148,50,50,1,-1,-1,-1
483,2,609,939,50,50,1,-1,-1,-1
483,3,363,610,50,50,1,-1,-1,-1
484,1,479,1118,50,50,1,-1,-1,-1
484,2,613,970,50,50,1,-1,-1,-1
484,3,358,616,50,50,1,-1,-1,-1
485,1,479,1084,50,50,1,-1,-1,-1
485,2,616,994,50,50,1,-1,-1,-1
485,3,352,629,50,50,1,-1,-1,-1
486,1,476,1030,50,50,1,-1,-1,-1
486,2,615,1019,50,50,1,-1,-1,-1
486,3,347,649,50,50,1,-1,-1,-1
487,1,467,980,50,50,1,-1,-1,-1
487,2,611,1045,50,50,1,-1,-1,-1
487,3,342,672,50,50,1,-1,-1,-1
488,1,452,945,50,50,1,-1,-1,-1
488,2,607,1085,50,50,1,-1,-1,-1
488,3,339,703,50,50,1,-1,-1,-1
489,1,434,914,50,50,1,-1,-1,-1
489,2,606,1112,50,50,1,-1,-1,-1
489,3,336,737,50,50,1,-1,-1,-1
490,1,399,937,50,50,1,-1,-1,-1
490,2,601,1129,50,50,1,-1,-1,-1
490,3,331,780,50,50,1,-1,-1,-1
491,1,374,931,50,50,1,-1,-1,-1
491,2,598,1136,50,50,1,-1,-1,-1
491,3,330,826,50,50,1,-1,-1,-1
492,1,347,915,50,50,1,-1,-1,-1
492,2,592,1134,50,50,1,-1,-1,-1
492,3,451,740,50,50,1,-1,-1,-1
493,1,348,936,50,50,1,-1,-1,-1
493,2,583,1117,50,50,1,-1,-1,-1
493,3,441,711,50,50,1,-1,-1,-1
494,1,345,947,50,50,1,-1,-1,-1
494,2,582,1085,50,50,1,-1,-1,-1
494,3,438,688,50,50,1,-1,-1,-1
495,1,361,952,50,50,1,-1,-1,-1
495,2,580,1035,50,50,1,-1,-1,-1
495,3,434,672,50,50,1,-1,-1,-1
496,1,387,954,50,50,1,-1,-1,-1
496,2,575,977,50,50,1,-1,-1,-1
496,3,432,663,50,50,1,-1,-1,-1
497,1,416,953,50,50,1,-1,-1,-1
497,2,577,904,50,50,1,-1,-1,-1
497,3,427,657,50,50,1,-1,-1,-1
498,1,454,957,50,50,1,-1,-1,-1
498,2,582,832,50,50,1,-1,-1,-1
498,3,427,657,50,50,1,-1,-1,-1
499,1,485,958,50,50,1,-1,-1,-1
499,2,584,776,50,50,1,-1,-1,-1
499,3,423,663,50,50,1,-1,-1,-1
500,1,469,972,50,50,1,-1,-1,-1
500,2,581,725,50,50,1,-1,-1,-1
500,3,419,675,50,50,1,-1,-1,-1
501,1,466,969,50,50,1,-1,-1,-1
501,2,580,681,50,50,1,-1,-1,-1
501,3,418,692,50,50,1,-1,-1,-1
502,1,459,970,50,50,1,-1,-1,-1
502,2,581,644,50,50,1,-1,-1,-1
502,3,589,1000,50,50,1,-1,-1,-1
503,1,454,969,50,50,1,-1,-1,-1
503,2,584,609,50,50,1,-1,-1,-1
503,3,591,1026,50,50,1,-1,-1,-1
504,1,412,782,50,50,1,-1,-1,-1
504,2,586,584,50,50,1,-1,-1,-1
504,3,595,1054,50,50,1,-1,-1,-1
505,1,413,822,50,50,1,-1,-1,-1
505,2,435,971,50,50,1,-1,-1,-1
505,3,593,1089,50,50,1,-1,-1,-1
506,1,426,979,50,50,1,-1,-1,-1
506,2,413,868,50,50,1,-1,-1,-1
506,3,592,1117,50,50,1,-1,-1,-1
507,1,418,956,50,50,1,-1,-1,-1
507,2,596,537,50,50,1,-1,-1,-1
507,3,589,1136,50,50,1,-1,-1,-1
508,1,419,989,50,50,1,-1,-1,-1
508,2,600,532,50,50,1,-1,-1,-1
508,3,585,1143,50,50,1,-1,-1,-1
509,1,420,1012,50,50,1,-1,-1,-1
509,2,602,532,50,50,1,-1,-1,-1
509,3,580,1135,50,50,1,-1,-1,-1
510,1,420,1040,50,50,1,-1,-1,-1
510,2,606,539,50,50,1,-1,-1,-1
510,3,569,1116,50,50,1,-1,-1,-1
511,1,422,1067,50,50,1,-1,-1,-1
511,2,612,551,50,50,1,-1,-1,-1
511,3,562,1085,50,50,1,-1,-1,-1
512,1,429,1093,50,50,1,-1,-1,-1
512,2,617,568,50,50,1,-1,-1,-1
512,3,553,1044,50,50,1,-1,-1,-1
513,1,435,1114,50,50,1,-1,-1,-1
513,2,623,593,50,50,1,-1,-1,-1
513,3,541,997,50,50,1,-1,-1,-1
514,1,445,1130,50,50,1,-1,-1,-1
514,2,629,622,50,50,1,-1,-1,-1
514,3,540,950,50,50,1,-1,-1,-1
515,1,453,1143,50,50,1,-1,-1,-1
515,2,636,657,50,50,1,-1,-1,-1
515,3,548,906,50,50,1,-1,-1,-1
516,1,463,1152,50,50,1,-1,-1,-1
516,2,643,699,50,50,1,-1,-1,-1
516,3,591,914,50,50,1,-1,-1,-1
517,1,472,1156,50,50,1,-1,-1,-1
517,2,649,745,50,50,1,-1,-1,-1
517,3,617,918,50,50,1,-1,-1,-1
518,1,476,1141,50,50,1,-1,-1,-1
518,2,657,798,50,50,1,-1,-1,-1
518,3,641,918,50,50,1,-1,-1,-1
519,1,478,1120,50,50,1,-1,-1,-1
519,3,657,894,50,50,1,-1,-1,-1
520,1,475,1086,50,50,1,-1,-1,-1
520,2,660,923,50,50,1,-1,-1,-1
520,3,532,699,50,50,1,-1,-1,-1
521,1,466,1030,50,50,1,-1,-1,-1
521,2,650,934,50,50,1,-1,-1,-1
521,3,533,685,50,50,1,-1,-1,-1
522,1,461,986,50,50,1,-1,-1,-1
522,2,627,938,50,50,1,-1,-1,-1
522,3,535,674,50,50,1,-1,-1,-1
523,1,455,943,50,50,1,-1,-1,-1
523,2,601,934,50,50,1,-1,-1,-1
523,3,539,671,50,50,1,-1,-1,-1
524,1,443,851,50,50,1,-1,-1,-1
524,2,549,954,50,50,1,-1,-1,-1
524,3,459,978,50,50,1,-1,-1,-1
525,1,438,807,50,50,1,-1,-1,-1
525,2,497,972,50,50,1,-1,-1,-1
525,3,543,676,50,50,1,-1,-1,-1
526,1,433,766,50,50,1,-1,-1,-1
526,2,469,990,50,50,1,-1,-1,-1
526,3,545,685,50,50,1,-1,-1,-1
527,1,428,731,50,50,1,-1,-1,-1
527,2,465,1009,50,50,1,-1,-1,-1
527,3,552,701,50,50,1,-1,-1,-1
528,1,422,702,50,50,1,-1,-1,-1
528,2,465,1025,50,50,1,-1,-1,-1
528,3,560,724,50,50,1,-1,-1,-1
529,1,418,679,50,50,1,-1,-1,-1
529,2,464,1038,50,50,1,-1,-1,-1
530,1,413,662,50,50,1,-1,-1,-1
530,2,466,1050,50,50,1,-1,-1,-1
531,1,409,649,50,50,1,-1,-1,-1
531,2,466,1060,50,50,1,-1,-1,-1
531,3,575,824,50,50,1,-1,-1,-1
532,1,406,644,50,50,1,-1,-1,-1
532,2,465,1068,50,50,1,-1,-1,-1
532,3,577,873,50,50,1,-1,-1,-1
533,1,403,644,50,50,1,-1,-1,-1
533,2,463,1074,50,50,1,-1,-1,-1
533,3,578,926,50,50,1,-1,-1,-1
534,1,400,648,50,50,1,-1,-1,-1
534,2,459,1077,50,50,1,-1,-1,-1
534,3,582,952,50,50,1,-1,-1,-1
535,1,397,658,50,50,1,-1,-1,-1
535,2,454,1078,50,50,1,-1,-1,-1
535,3,589,980,50,50,1,-1,-1,-1
536,1,392,673,50,50,1,-1,-1,-1
536,2,447,1078,50,50,1,-1,-1,-1
536,3,594,991,50,50,1,-1,-1,-1
537,1,390,696,50,50,1,-1,-1,-1
537,2,439,1076,50,50,1,-1,-1,-1
537,3,601,1001,50,50,1,-1,-1,-1
538,1,388,723,50,50,1,-1,-1,-1
538,2,429,1075,50,50,1,-1,-1,-1
538,3,606,1010,50,50,1,-1,-1,-1
539,1,387,755,50,50,1,-1,-1,-1
539,2,419,1074,50,50,1,-1,-1,-1
539,3,611,1017,50,50,1,-1,-1,-1
540,1,385,793,50,50,1,-1,-1,-1
540,2,406,1075,50,50,1,-1,-1,-1
540,3,618,1022,50,50,1,-1,-1,-1
541,1,384,837,50,50,1,-1,-1,-1
541,2,398,1075,50,50,1,-1,-1,-1
541,3,623,1028,50,50,1,-1,-1,-1
542,1,383,886,50,50,1,-1,-1,-1
542,2,387,1076,50,50,1,-1,-1,-1
542,3,625,1031,50,50,1,-1,-1,-1
543,1,382,941,50,50,1,-1,-1,-1
543,2,383,1075,50,50,1,-1,-1,-1
543,3,627,1033,50,50,1,-1,-1,-1
544,2,377,1047,50,50,1,-1,-1,-1
544,3,630,1034,50,50,1,-1,-1,-1
545,1,375,1061,50,50,1,-1,-1,-1
545,3,632,1034,50,50,1,-1,-1,-1
546,1,374,1061,50,50,1,-1,-1,-1
546,3,633,1033,50,50,1,-1,-1,-1
547,1,370,1062,50,50,1,-1,-1,-1
547,3,634,1033,50,50,1,-1,-1,-1
548,1,369,1063,50,50,1,-1,-1,-1
548,3,635,1032,50,50,1,-1,-1,-1
549,1,369,1064,50,50,1,-1,-1,-1
549,3,637,1032,50,50,1,-1,-1,-1
550,1,365,1067,50,50,1,-1,-1,-1
550,3,639,1034,50,50,1,-1,-1,-1
551,1,364,1072,50,50,1,-1,-1,-1
551,3,639,1034,50,50,1,-1,-1,-1
552,1,366,1082,50,50,1,-1,-1,-1
552,3,640,1035,50,50,1,-1,-1,-1
553,1,364,1095,50,50,1,-1,-1,-1
554,1,369,1106,50,50,1,-1,-1,-1
555,1,372,1116,50,50,1,-1,-1,-1
556,1,371,1125,50,50,1,-1,-1,-1
557,1,370,1131,50,50,1,-1,-1,-1
557,3,640,1041,50,50,1,-1,-1,-1
558,1,372,1130,50,50,1,-1,-1,-1
558,3,639,1041,50,50,1,-1,-1,-1
559,1,371,1130,50,50,1,-1,-1,-1
560,1,370,1134,50,50,1,-1,-1,-1
561,1,364,1144,50,50,1,-1,-1,-1
561,3,501,809,50,50,1,-1,-1,-1
562,1,358,1147,50,50,1,-1,-1,-1
562,3,501,815,50,50,1,-1,-1,-1
563,1,361,1133,50,50,1,-1,-1,-1
563,2,647,1040,50,50,1,-1,-1,-1
563,3,501,807,50,50,1,-1,-1,-1
564,1,362,1116,50,50,1,-1,-1,-1
564,3,499,806,50,50,1,-1,-1,-1
565,1,357,1096,50,50,1,-1,-1,-1
565,2,659,1042,50,50,1,-1,-1,-1
565,3,502,797,50,50,1,-1,-1,-1
566,1,355,1077,50,50,1,-1,-1,-1
566,2,662,1042,50,50,1,-1,-1,-1
566,3,500,797,50,50,1,-1,-1,-1
567,1,354,1058,50,50,1,-1,-1,-1
567,2,664,1039,50,50,1,-1,-1,-1
567,3,499,797,50,50,1,-1,-1,-1
568,1,351,1039,50,50,1,-1,-1,-1
568,2,667,1040,50,50,1,-1,-1,-1
568,3,511,800,50,50,1,-1,-1,-1
569,1,351,1027,50,50,1,-1,-1,-1
569,2,672,1039,50,50,1,-1,-1,-1
569,3,493,803,50,50,1,-1,-1,-1
570,1,355,1020,50,50,1,-1,-1,-1
570,2,670,1037,50,50,1,-1,-1,-1
570,3,490,800,50,50,1,-1,-1,-1
571,1,394,952,50,50,1,-1,-1,-1
571,2,673,1038,50,50,1,-1,-1,-1
572,1,397,947,50,50,1,-1,-1,-1
572,2,674,1038,50,50,1,-1,-1,-1
573,1,394,953,50,50,1,-1,-1,-1
573,2,675,1036,50,50,1,-1,-1,-1
574,1,396,959,50,50,1,-1,-1,-1
574,2,676,1036,50,50,1,-1,-1,-1
575,1,398,964,50,50,1,-1,-1,-1
575,2,679,1035,50,50,1,-1,-1,-1
576,1,393,976,50,50,1,-1,-1,-1
576,2,681,1036,50,50,1,-1,-1,-1
577,1,387,990,50,50,1,-1,-1,-1
577,2,681,1036,50,50,1,-1,-1,-1
578,1,387,997,50,50,1,-1,-1,-1
578,2,680,1039,50,50,1,-1,-1,-1
579,1,388,1005,50,50,1,-1,-1,-1
579,2,466,1248,50,50,1,-1,-1,-1
580,1,391,1008,50,50,1,-1,-1,-1
580,2,466,1250,50,50,1,-1,-1,-1
581,1,392,1013,50,50,1,-1,-1,-1
581,2,465,1250,50,50,1,-1,-1,-1
582,1,392,1020,50,50,1,-1,-1,-1
582,2,465,1253,50,50,1,-1,-1,-1
583,1,374,1071,50,50,1,-1,-1,-1
583,2,464,1256,50,50,1,-1,-1,-1
584,1,375,1074,50,50,1,-1,-1,-1
584,2,462,1253,50,50,1,-1,-1,-1
584,3,576,1244,50,50,1,-1,-1,-1
585,1,374,1077,50,50,1,-1,-1,-1
585,2,461,1251,50,50,1,-1,-1,-1
585,3,575,1246,50,50,1,-1,-1,-1
586,1,374,1080,50,50,1,-1,-1,-1
586,2,460,1252,50,50,1,-1,-1,-1
586,3,575,1245,50,50,1,-1,-1,-1
587,1,376,1080,50,50,1,-1,-1,-1
587,2,460,1254,50,50,1,-1,-1,-1
587,3,574,1248,50,50,1,-1,-1,-1
588,1,376,1081,50,50,1,-1,-1,-1
588,2,459,1258,50,50,1,-1,-1,-1
588,3,573,1249,50,50,1,-1,-1,-1
589,1,373,1084,50,50,1,-1,-1,-1
589,2,458,1263,50,50,1,-1,-1,-1
589,3,444,867,50,50,1,-1,-1,-1
590,1,446,860,50,50,1,-1,-1,-1
590,2,458,1267,50,50,1,-1,-1,-1
590,3,572,1250,50,50,1,-1,-1,-1
591,1,446,858,50,50,1,-1,-1,-1
591,2,457,1268,50,50,1,-1,-1,-1
591,3,571,1254,50,50,1,-1,-1,-1
592,1,443,863,50,50,1,-1,-1,-1
592,2,456,1266,50,50,1,-1,-1,-1
593,1,446,852,50,50,1,-1,-1,-1
593,2,455,1267,50,50,1,-1,-1,-1
594,1,446,852,50,50,1,-1,-1,-1
594,2,454,1264,50,50,1,-1,-1,-1
595,1,446,847,50,50,1,-1,-1,-1
596,1,446,847,50,50,1,-1,-1,-1
597,1,446,847,50,50,1,-1,-1,-1
598,1,446,847,50,50,1,-1,-1,-1
599,2,375,1081,50,50,1,-1,-1,-1
600,2,377,1087,50,50,1,-1,-1,-1
601,2,378,1090,50,50,1,-1,-1,-1
602,2,382,1094,50,50,1,-1,-1,-1
603,1,660,1066,50,50,1,-1,-1,-1
603,2,384,1102,50,50,1,-1,-1,-1
604,1,660,1074,50,50,1,-1,-1,-1
604,2,389,1114,50,50,1,-1,-1,-1
605,1,659,1086,50,50,1,-1,-1,-1
605,2,395,1129,50,50,1,-1,-1,-1
