17,1,474,1353,50,50,1,-1,-1,-1
18,1,474,1353,50,50,1,-1,-1,-1
19,1,474,1353,50,50,1,-1,-1,-1
20,1,474,1353,50,50,1,-1,-1,-1
21,1,474,1353,50,50,1,-1,-1,-1
22,1,474,1353,50,50,1,-1,-1,-1
23,1,474,1353,50,50,1,-1,-1,-1
24,1,474,1353,50,50,1,-1,-1,-1
25,1,546,867,50,50,1,-1,-1,-1
26,1,551,818,50,50,1,-1,-1,-1
27,1,555,775,50,50,1,-1,-1,-1
28,1,560,737,50,50,1,-1,-1,-1
28,2,486,1211,50,50,1,-1,-1,-1
29,1,566,707,50,50,1,-1,-1,-1
30,1,572,680,50,50,1,-1,-1,-1
31,1,572,680,50,50,1,-1,-1,-1
32,1,572,680,50,50,1,-1,-1,-1
33,2,486,913,50,50,1,-1,-1,-1
34,2,482,873,50,50,1,-1,-1,-1
35,2,476,837,50,50,1,-1,-1,-1
36,2,471,807,50,50,1,-1,-1,-1
37,2,467,781,50,50,1,-1,-1,-1
38,2,467,781,50,50,1,-1,-1,-1
39,1,628,673,50,50,1,-1,-1,-1
39,2,537,880,50,50,1,-1,-1,-1
40,1,635,698,50,50,1,-1,-1,-1
40,2,544,833,50,50,1,-1,-1,-1
41,1,651,761,50,50,1,-1,-1,-1
41,2,555,756,50,50,1,-1,-1,-1
42,1,659,801,50,50,1,-1,-1,-1
42,2,561,726,50,50,1,-1,-1,-1
43,1,667,845,50,50,1,-1,-1,-1
43,2,568,702,50,50,1,-1,-1,-1
44,1,674,895,50,50,1,-1,-1,-1
44,2,433,765,50,50,1,-1,-1,-1
45,1,684,951,50,50,1,-1,-1,-1
45,2,430,785,50,50,1,-1,-1,-1
45,3,538,877,50,50,1,-1,-1,-1
46,2,426,811,50,50,1,-1,-1,-1
46,3,532,833,50,50,1,-1,-1,-1
47,2,422,840,50,50,1,-1,-1,-1
47,3,524,793,50,50,1,-1,-1,-1
48,2,419,876,50,50,1,-1,-1,-1
48,3,520,759,50,50,1,-1,-1,-1
49,2,416,917,50,50,1,-1,-1,-1
49,3,514,731,50,50,1,-1,-1,-1
50,1,688,1199,50,50,1,-1,-1,-1
50,2,414,965,50,50,1,-1,-1,-1
50,3,508,707,50,50,1,-1,-1,-1
51,1,670,1246,50,50,1,-1,-1,-1
51,2,411,1018,50,50,1,-1,-1,-1
51,3,502,690,50,50,1,-1,-1,-1
52,2,538,873,50,50,1,-1,-1,-1
52,3,638,707,50,50,1,-1,-1,-1
53,2,646,733,50,50,1,-1,-1,-1
53,3,543,830,50,50,1,-1,-1,-1
54,2,655,763,50,50,1,-1,-1,-1
54,3,548,792,50,50,1,-1,-1,-1
55,2,663,799,50,50,1,-1,-1,-1
55,3,553,760,50,50,1,-1,-1,-1
55,4,407,1216,50,50,1,-1,-1,-1
56,2,673,839,50,50,1,-1,-1,-1
56,3,558,733,50,50,1,-1,-1,-1
56,4,424,1253,50,50,1,-1,-1,-1
57,2,682,886,50,50,1,-1,-1,-1
57,3,564,711,50,50,1,-1,-1,-1
57,4,442,1282,50,50,1,-1,-1,-1
58,2,693,938,50,50,1,-1,-1,-1
58,3,470,707,50,50,1,-1,-1,-1
59,2,704,996,50,50,1,-1,-1,-1
59,3,465,731,50,50,1,-1,-1,-1
60,3,462,759,50,50,1,-1,-1,-1
61,3,457,792,50,50,1,-1,-1,-1
61,5,555,866,50,50,1,-1,-1,-1
62,3,455,831,50,50,1,-1,-1,-1
62,5,545,825,50,50,1,-1,-1,-1
63,3,451,875,50,50,1,-1,-1,-1
63,5,535,790,50,50,1,-1,-1,-1
64,2,693,1195,50,50,1,-1,-1,-1
64,3,447,925,50,50,1,-1,-1,-1
64,5,525,760,50,50,1,-1,-1,-1
65,2,677,1230,50,50,1,-1,-1,-1
65,3,443,981,50,50,1,-1,-1,-1
65,4,615,718,50,50,1,-1,-1,-1
65,5,517,736,50,50,1,-1,-1,-1
66,2,653,1262,50,50,1,-1,-1,-1
66,4,622,741,50,50,1,-1,-1,-1
66,5,507,716,50,50,1,-1,-1,-1
67,2,541,883,50,50,1,-1,-1,-1
67,3,437,1121,50,50,1,-1,-1,-1
67,4,629,769,50,50,1,-1,-1,-1
67,5,497,702,50,50,1,-1,-1,-1
68,4,638,803,50,50,1,-1,-1,-1
68,5,545,840,50,50,1,-1,-1,-1
69,3,441,1242,50,50,1,-1,-1,-1
69,4,654,885,50,50,1,-1,-1,-1
69,5,554,770,50,50,1,-1,-1,-1
70,3,451,1279,50,50,1,-1,-1,-1
70,4,662,935,50,50,1,-1,-1,-1
70,5,559,744,50,50,1,-1,-1,-1
71,3,453,709,50,50,1,-1,-1,-1
71,4,670,988,50,50,1,-1,-1,-1
71,5,564,723,50,50,1,-1,-1,-1
72,5,446,726,50,50,1,-1,-1,-1
73,4,678,1121,50,50,1,-1,-1,-1
73,5,438,748,50,50,1,-1,-1,-1
74,1,493,1242,50,50,1,-1,-1,-1
74,4,691,1147,50,50,1,-1,-1,-1
74,5,429,775,50,50,1,-1,-1,-1
75,4,537,837,50,50,1,-1,-1,-1
75,5,421,808,50,50,1,-1,-1,-1
76,1,678,1189,50,50,1,-1,-1,-1
76,4,527,803,50,50,1,-1,-1,-1
76,5,414,847,50,50,1,-1,-1,-1
77,1,662,1216,50,50,1,-1,-1,-1
77,4,518,774,50,50,1,-1,-1,-1
77,5,404,893,50,50,1,-1,-1,-1
78,1,640,1247,50,50,1,-1,-1,-1
78,4,510,752,50,50,1,-1,-1,-1
78,5,398,942,50,50,1,-1,-1,-1
79,1,621,1268,50,50,1,-1,-1,-1
79,4,611,732,50,50,1,-1,-1,-1
79,5,391,998,50,50,1,-1,-1,-1
80,1,609,1272,50,50,1,-1,-1,-1
80,4,617,756,50,50,1,-1,-1,-1
80,5,523,861,50,50,1,-1,-1,-1
81,1,381,1136,50,50,1,-1,-1,-1
81,4,625,785,50,50,1,-1,-1,-1
81,5,528,817,50,50,1,-1,-1,-1
82,1,381,1176,50,50,1,-1,-1,-1
82,4,631,820,50,50,1,-1,-1,-1
82,5,532,779,50,50,1,-1,-1,-1
83,1,393,1219,50,50,1,-1,-1,-1
83,4,640,859,50,50,1,-1,-1,-1
83,5,537,747,50,50,1,-1,-1,-1
84,1,412,1262,50,50,1,-1,-1,-1
84,4,648,904,50,50,1,-1,-1,-1
84,5,542,719,50,50,1,-1,-1,-1
85,1,450,735,50,50,1,-1,-1,-1
85,4,655,954,50,50,1,-1,-1,-1
85,5,546,697,50,50,1,-1,-1,-1
86,5,441,754,50,50,1,-1,-1,-1
87,4,545,907,50,50,1,-1,-1,-1
87,5,434,778,50,50,1,-1,-1,-1
88,4,535,867,50,50,1,-1,-1,-1
88,5,426,806,50,50,1,-1,-1,-1
89,4,527,831,50,50,1,-1,-1,-1
89,5,418,842,50,50,1,-1,-1,-1
90,4,519,799,50,50,1,-1,-1,-1
90,5,410,883,50,50,1,-1,-1,-1
91,4,658,1235,50,50,1,-1,-1,-1
91,5,402,929,50,50,1,-1,-1,-1
92,4,635,1274,50,50,1,-1,-1,-1
92,5,395,981,50,50,1,-1,-1,-1
93,4,614,1290,50,50,1,-1,-1,-1
93,5,491,938,50,50,1,-1,-1,-1
94,4,601,1288,50,50,1,-1,-1,-1
94,5,498,888,50,50,1,-1,-1,-1
95,4,374,1157,50,50,1,-1,-1,-1
95,5,502,839,50,50,1,-1,-1,-1
96,4,376,1190,50,50,1,-1,-1,-1
96,5,507,797,50,50,1,-1,-1,-1
97,4,569,1123,50,50,1,-1,-1,-1
97,5,629,869,50,50,1,-1,-1,-1
98,4,521,702,50,50,1,-1,-1,-1
98,5,637,920,50,50,1,-1,-1,-1
99,4,525,680,50,50,1,-1,-1,-1
99,5,644,975,50,50,1,-1,-1,-1
100,4,536,902,50,50,1,-1,-1,-1
100,5,442,801,50,50,1,-1,-1,-1
101,4,530,860,50,50,1,-1,-1,-1
101,5,436,830,50,50,1,-1,-1,-1
102,4,522,819,50,50,1,-1,-1,-1
102,5,430,865,50,50,1,-1,-1,-1
103,4,517,784,50,50,1,-1,-1,-1
103,5,424,906,50,50,1,-1,-1,-1
104,4,511,755,50,50,1,-1,-1,-1
104,5,419,950,50,50,1,-1,-1,-1
105,4,506,731,50,50,1,-1,-1,-1
105,5,441,1013,50,50,1,-1,-1,-1
106,5,477,968,50,50,1,-1,-1,-1
107,4,571,698,50,50,1,-1,-1,-1
107,5,484,916,50,50,1,-1,-1,-1
108,4,577,724,50,50,1,-1,-1,-1
108,5,492,873,50,50,1,-1,-1,-1
109,4,584,756,50,50,1,-1,-1,-1
109,5,499,833,50,50,1,-1,-1,-1
110,4,592,791,50,50,1,-1,-1,-1
110,5,509,801,50,50,1,-1,-1,-1
111,4,598,832,50,50,1,-1,-1,-1
111,5,517,772,50,50,1,-1,-1,-1
112,4,606,880,50,50,1,-1,-1,-1
112,5,525,749,50,50,1,-1,-1,-1
113,4,615,932,50,50,1,-1,-1,-1
114,4,622,992,50,50,1,-1,-1,-1
114,5,464,749,50,50,1,-1,-1,-1
115,4,524,866,50,50,1,-1,-1,-1
115,5,459,777,50,50,1,-1,-1,-1
116,4,519,827,50,50,1,-1,-1,-1
116,5,455,810,50,50,1,-1,-1,-1
117,4,515,794,50,50,1,-1,-1,-1
117,5,452,847,50,50,1,-1,-1,-1
118,4,512,765,50,50,1,-1,-1,-1
118,5,449,892,50,50,1,-1,-1,-1
119,4,508,744,50,50,1,-1,-1,-1
119,5,445,941,50,50,1,-1,-1,-1
120,5,442,997,50,50,1,-1,-1,-1
121,4,606,769,50,50,1,-1,-1,-1
122,4,615,797,50,50,1,-1,-1,-1
122,5,521,884,50,50,1,-1,-1,-1
123,4,624,828,50,50,1,-1,-1,-1
123,5,527,839,50,50,1,-1,-1,-1
124,4,636,865,50,50,1,-1,-1,-1
124,5,533,797,50,50,1,-1,-1,-1
125,4,658,956,50,50,1,-1,-1,-1
126,4,550,709,50,50,1,-1,-1,-1
126,5,485,751,50,50,1,-1,-1,-1
127,4,552,912,50,50,1,-1,-1,-1
127,5,483,775,50,50,1,-1,-1,-1
128,4,685,1137,50,50,1,-1,-1,-1
128,5,481,805,50,50,1,-1,-1,-1
129,4,691,1165,50,50,1,-1,-1,-1
129,5,506,836,50,50,1,-1,-1,-1
130,4,688,1197,50,50,1,-1,-1,-1
130,5,478,878,50,50,1,-1,-1,-1
131,4,679,1234,50,50,1,-1,-1,-1
131,5,475,922,50,50,1,-1,-1,-1
132,4,508,756,50,50,1,-1,-1,-1
132,5,474,974,50,50,1,-1,-1,-1
133,5,644,1285,50,50,1,-1,-1,-1
134,4,605,695,50,50,1,-1,-1,-1
134,5,527,908,50,50,1,-1,-1,-1
135,4,532,865,50,50,1,-1,-1,-1
135,5,613,716,50,50,1,-1,-1,-1
136,4,610,1220,50,50,1,-1,-1,-1
136,5,619,742,50,50,1,-1,-1,-1
137,4,599,1163,50,50,1,-1,-1,-1
137,5,541,783,50,50,1,-1,-1,-1
138,4,636,809,50,50,1,-1,-1,-1
138,5,545,752,50,50,1,-1,-1,-1
139,4,645,850,50,50,1,-1,-1,-1
139,5,550,725,50,50,1,-1,-1,-1
140,4,653,898,50,50,1,-1,-1,-1
140,5,448,773,50,50,1,-1,-1,-1
141,4,663,951,50,50,1,-1,-1,-1
141,5,441,799,50,50,1,-1,-1,-1
142,4,554,881,50,50,1,-1,-1,-1
142,5,433,829,50,50,1,-1,-1,-1
143,4,546,843,50,50,1,-1,-1,-1
143,5,427,865,50,50,1,-1,-1,-1
144,4,537,812,50,50,1,-1,-1,-1
144,5,420,906,50,50,1,-1,-1,-1
145,4,530,786,50,50,1,-1,-1,-1
145,5,415,953,50,50,1,-1,-1,-1
146,4,663,1188,50,50,1,-1,-1,-1
146,5,409,1007,50,50,1,-1,-1,-1
147,4,645,1244,50,50,1,-1,-1,-1
147,5,514,916,50,50,1,-1,-1,-1
148,4,520,876,50,50,1,-1,-1,-1
148,5,601,710,50,50,1,-1,-1,-1
149,4,525,833,50,50,1,-1,-1,-1
149,5,608,734,50,50,1,-1,-1,-1
150,4,615,763,50,50,1,-1,-1,-1
150,5,529,795,50,50,1,-1,-1,-1
151,4,621,797,50,50,1,-1,-1,-1
151,5,513,754,50,50,1,-1,-1,-1
152,4,628,837,50,50,1,-1,-1,-1
152,5,584,1156,50,50,1,-1,-1,-1
153,4,637,882,50,50,1,-1,-1,-1
153,5,543,716,50,50,1,-1,-1,-1
154,4,653,987,50,50,1,-1,-1,-1
154,5,461,814,50,50,1,-1,-1,-1
155,4,541,904,50,50,1,-1,-1,-1
155,5,455,844,50,50,1,-1,-1,-1
156,5,672,1118,50,50,1,-1,-1,-1
157,4,523,826,50,50,1,-1,-1,-1
157,5,677,1149,50,50,1,-1,-1,-1
158,4,515,794,50,50,1,-1,-1,-1
158,5,671,1184,50,50,1,-1,-1,-1
159,4,507,766,50,50,1,-1,-1,-1
159,5,656,1229,50,50,1,-1,-1,-1
160,4,588,726,50,50,1,-1,-1,-1
161,4,595,750,50,50,1,-1,-1,-1
161,5,622,1288,50,50,1,-1,-1,-1
162,4,602,781,50,50,1,-1,-1,-1
162,5,419,1197,50,50,1,-1,-1,-1
163,4,609,816,50,50,1,-1,-1,-1
163,5,420,1235,50,50,1,-1,-1,-1
164,4,616,857,50,50,1,-1,-1,-1
164,5,423,1269,50,50,1,-1,-1,-1
165,4,624,903,50,50,1,-1,-1,-1
165,5,431,1298,50,50,1,-1,-1,-1
166,4,633,956,50,50,1,-1,-1,-1
166,5,516,708,50,50,1,-1,-1,-1
167,4,641,1013,50,50,1,-1,-1,-1
167,5,520,687,50,50,1,-1,-1,-1
168,5,443,759,50,50,1,-1,-1,-1
169,4,660,1145,50,50,1,-1,-1,-1
169,5,436,784,50,50,1,-1,-1,-1
170,4,664,1178,50,50,1,-1,-1,-1
170,5,429,813,50,50,1,-1,-1,-1
171,4,660,1208,50,50,1,-1,-1,-1
171,5,423,848,50,50,1,-1,-1,-1
172,4,648,1249,50,50,1,-1,-1,-1
172,5,417,888,50,50,1,-1,-1,-1
173,4,631,1281,50,50,1,-1,-1,-1
173,5,412,933,50,50,1,-1,-1,-1
174,5,408,986,50,50,1,-1,-1,-1
175,4,483,927,50,50,1,-1,-1,-1
175,5,400,1042,50,50,1,-1,-1,-1
176,4,488,876,50,50,1,-1,-1,-1
176,5,564,718,50,50,1,-1,-1,-1
177,4,570,746,50,50,1,-1,-1,-1
177,5,492,830,50,50,1,-1,-1,-1
178,4,576,781,50,50,1,-1,-1,-1
178,5,384,1225,50,50,1,-1,-1,-1
179,4,583,821,50,50,1,-1,-1,-1
179,5,394,1259,50,50,1,-1,-1,-1
180,4,590,866,50,50,1,-1,-1,-1
181,4,605,972,50,50,1,-1,-1,-1
181,5,455,708,50,50,1,-1,-1,-1
182,4,449,1320,50,50,1,-1,-1,-1
182,5,450,730,50,50,1,-1,-1,-1
183,4,617,1118,50,50,1,-1,-1,-1
183,5,445,757,50,50,1,-1,-1,-1
184,4,524,845,50,50,1,-1,-1,-1
184,5,439,791,50,50,1,-1,-1,-1
185,4,517,812,50,50,1,-1,-1,-1
185,5,434,829,50,50,1,-1,-1,-1
186,4,513,785,50,50,1,-1,-1,-1
186,5,429,873,50,50,1,-1,-1,-1
187,4,612,1279,50,50,1,-1,-1,-1
187,5,424,922,50,50,1,-1,-1,-1
188,4,606,1297,50,50,1,-1,-1,-1
188,5,419,977,50,50,1,-1,-1,-1
189,5,559,700,50,50,1,-1,-1,-1
190,4,511,878,50,50,1,-1,-1,-1
190,5,565,726,50,50,1,-1,-1,-1
191,4,572,757,50,50,1,-1,-1,-1
191,5,518,836,50,50,1,-1,-1,-1
192,4,570,1196,50,50,1,-1,-1,-1
192,5,553,796,50,50,1,-1,-1,-1
193,4,418,1254,50,50,1,-1,-1,-1
193,5,586,834,50,50,1,-1,-1,-1
194,4,438,1291,50,50,1,-1,-1,-1
194,5,593,881,50,50,1,-1,-1,-1
195,4,457,1313,50,50,1,-1,-1,-1
195,5,600,932,50,50,1,-1,-1,-1
196,4,474,800,50,50,1,-1,-1,-1
196,5,609,991,50,50,1,-1,-1,-1
197,4,470,831,50,50,1,-1,-1,-1
197,5,522,889,50,50,1,-1,-1,-1
198,4,494,1244,50,50,1,-1,-1,-1
198,5,491,856,50,50,1,-1,-1,-1
199,4,625,1172,50,50,1,-1,-1,-1
199,5,505,812,50,50,1,-1,-1,-1
200,4,461,951,50,50,1,-1,-1,-1
200,5,498,781,50,50,1,-1,-1,-1
201,5,458,1003,50,50,1,-1,-1,-1
202,5,601,723,50,50,1,-1,-1,-1
203,4,513,912,50,50,1,-1,-1,-1
203,5,609,743,50,50,1,-1,-1,-1
204,4,618,768,50,50,1,-1,-1,-1
204,5,517,872,50,50,1,-1,-1,-1
205,4,626,798,50,50,1,-1,-1,-1
205,5,520,829,50,50,1,-1,-1,-1
206,4,635,834,50,50,1,-1,-1,-1
206,5,523,793,50,50,1,-1,-1,-1
207,4,646,874,50,50,1,-1,-1,-1
207,5,526,763,50,50,1,-1,-1,-1
208,4,654,920,50,50,1,-1,-1,-1
208,5,529,737,50,50,1,-1,-1,-1
209,4,664,972,50,50,1,-1,-1,-1
209,5,431,739,50,50,1,-1,-1,-1
210,4,534,875,50,50,1,-1,-1,-1
210,5,420,786,50,50,1,-1,-1,-1
211,4,523,837,50,50,1,-1,-1,-1
211,5,413,817,50,50,1,-1,-1,-1
212,4,512,805,50,50,1,-1,-1,-1
212,5,407,854,50,50,1,-1,-1,-1
213,4,502,777,50,50,1,-1,-1,-1
213,5,399,896,50,50,1,-1,-1,-1
214,4,649,1273,50,50,1,-1,-1,-1
214,5,395,945,50,50,1,-1,-1,-1
215,4,502,933,50,50,1,-1,-1,-1
215,5,387,997,50,50,1,-1,-1,-1
216,4,563,734,50,50,1,-1,-1,-1
216,5,510,891,50,50,1,-1,-1,-1
217,4,517,849,50,50,1,-1,-1,-1
217,5,568,758,50,50,1,-1,-1,-1
218,5,548,800,50,50,1,-1,-1,-1
219,4,385,1221,50,50,1,-1,-1,-1
219,5,569,1207,50,50,1,-1,-1,-1
220,4,402,1263,50,50,1,-1,-1,-1
220,5,567,1152,50,50,1,-1,-1,-1
221,4,425,1296,50,50,1,-1,-1,-1
221,5,425,749,50,50,1,-1,-1,-1
222,4,594,962,50,50,1,-1,-1,-1
222,5,414,768,50,50,1,-1,-1,-1
223,4,456,1305,50,50,1,-1,-1,-1
223,5,408,793,50,50,1,-1,-1,-1
224,4,524,900,50,50,1,-1,-1,-1
224,5,399,823,50,50,1,-1,-1,-1
225,4,517,861,50,50,1,-1,-1,-1
225,5,389,859,50,50,1,-1,-1,-1
226,4,511,824,50,50,1,-1,-1,-1
226,5,381,900,50,50,1,-1,-1,-1
227,4,504,793,50,50,1,-1,-1,-1
227,5,372,947,50,50,1,-1,-1,-1
228,4,476,1015,50,50,1,-1,-1,-1
228,5,362,998,50,50,1,-1,-1,-1
229,4,610,1289,50,50,1,-1,-1,-1
229,5,477,959,50,50,1,-1,-1,-1
230,4,602,1287,50,50,1,-1,-1,-1
230,5,606,773,50,50,1,-1,-1,-1
231,4,592,1266,50,50,1,-1,-1,-1
231,5,614,803,50,50,1,-1,-1,-1
232,4,486,828,50,50,1,-1,-1,-1
232,5,622,838,50,50,1,-1,-1,-1
233,4,488,794,50,50,1,-1,-1,-1
233,5,632,877,50,50,1,-1,-1,-1
234,4,379,1284,50,50,1,-1,-1,-1
234,5,641,922,50,50,1,-1,-1,-1
235,4,475,737,50,50,1,-1,-1,-1
235,5,649,972,50,50,1,-1,-1,-1
236,4,475,737,50,50,1,-1,-1,-1
236,5,649,972,50,50,1,-1,-1,-1
237,4,441,790,50,50,1,-1,-1,-1
237,5,670,1144,50,50,1,-1,-1,-1
238,4,454,1260,50,50,1,-1,-1,-1
238,5,512,836,50,50,1,-1,-1,-1
239,4,460,1197,50,50,1,-1,-1,-1
239,5,504,805,50,50,1,-1,-1,-1
240,4,428,897,50,50,1,-1,-1,-1
240,5,496,779,50,50,1,-1,-1,-1
241,4,423,944,50,50,1,-1,-1,-1
241,5,503,746,50,50,1,-1,-1,-1
242,4,426,1120,50,50,1,-1,-1,-1
242,5,502,748,50,50,1,-1,-1,-1
243,5,526,775,50,50,1,-1,-1,-1
244,4,493,894,50,50,1,-1,-1,-1
244,5,531,806,50,50,1,-1,-1,-1
245,4,528,1233,50,50,1,-1,-1,-1
245,5,516,847,50,50,1,-1,-1,-1
246,4,408,1204,50,50,1,-1,-1,-1
246,5,539,879,50,50,1,-1,-1,-1
247,4,419,1249,50,50,1,-1,-1,-1
247,5,513,787,50,50,1,-1,-1,-1
248,4,544,1126,50,50,1,-1,-1,-1
249,5,429,775,50,50,1,-1,-1,-1
250,5,421,799,50,50,1,-1,-1,-1
251,4,415,829,50,50,1,-1,-1,-1
251,5,486,882,50,50,1,-1,-1,-1
252,4,408,865,50,50,1,-1,-1,-1
252,5,481,844,50,50,1,-1,-1,-1
253,4,402,907,50,50,1,-1,-1,-1
253,5,477,812,50,50,1,-1,-1,-1
254,4,395,953,50,50,1,-1,-1,-1
254,5,473,785,50,50,1,-1,-1,-1
255,4,390,1006,50,50,1,-1,-1,-1
256,5,583,740,50,50,1,-1,-1,-1
257,4,488,873,50,50,1,-1,-1,-1
257,5,592,761,50,50,1,-1,-1,-1
258,4,493,831,50,50,1,-1,-1,-1
258,5,601,787,50,50,1,-1,-1,-1
259,4,499,795,50,50,1,-1,-1,-1
259,5,610,817,50,50,1,-1,-1,-1
260,4,504,764,50,50,1,-1,-1,-1
260,5,619,853,50,50,1,-1,-1,-1
261,4,585,1120,50,50,1,-1,-1,-1
261,5,628,894,50,50,1,-1,-1,-1
262,5,638,940,50,50,1,-1,-1,-1
263,4,440,775,50,50,1,-1,-1,-1
263,5,648,991,50,50,1,-1,-1,-1
264,4,436,800,50,50,1,-1,-1,-1
264,5,516,884,50,50,1,-1,-1,-1
265,4,509,843,50,50,1,-1,-1,-1
265,5,435,829,50,50,1,-1,-1,-1
266,4,663,1198,50,50,1,-1,-1,-1
266,5,429,904,50,50,1,-1,-1,-1
267,4,651,1246,50,50,1,-1,-1,-1
267,5,427,950,50,50,1,-1,-1,-1
268,4,633,1283,50,50,1,-1,-1,-1
268,5,426,1000,50,50,1,-1,-1,-1
269,4,566,733,50,50,1,-1,-1,-1
269,5,495,918,50,50,1,-1,-1,-1
270,4,501,875,50,50,1,-1,-1,-1
270,5,573,757,50,50,1,-1,-1,-1
271,4,413,1184,50,50,1,-1,-1,-1
271,5,580,788,50,50,1,-1,-1,-1
272,4,417,1232,50,50,1,-1,-1,-1
272,5,587,823,50,50,1,-1,-1,-1
273,4,424,1276,50,50,1,-1,-1,-1
273,5,594,862,50,50,1,-1,-1,-1
274,4,524,739,50,50,1,-1,-1,-1
274,5,603,907,50,50,1,-1,-1,-1
275,5,611,958,50,50,1,-1,-1,-1
276,4,438,774,50,50,1,-1,-1,-1
276,5,621,1016,50,50,1,-1,-1,-1
277,4,432,802,50,50,1,-1,-1,-1
277,5,523,907,50,50,1,-1,-1,-1
278,4,640,1142,50,50,1,-1,-1,-1
278,5,427,835,50,50,1,-1,-1,-1
279,4,639,1175,50,50,1,-1,-1,-1
279,5,422,875,50,50,1,-1,-1,-1
280,4,631,1211,50,50,1,-1,-1,-1
280,5,419,918,50,50,1,-1,-1,-1
281,4,623,1260,50,50,1,-1,-1,-1
281,5,414,968,50,50,1,-1,-1,-1
282,4,613,1286,50,50,1,-1,-1,-1
283,4,581,732,50,50,1,-1,-1,-1
283,5,499,901,50,50,1,-1,-1,-1
284,4,589,758,50,50,1,-1,-1,-1
284,5,503,852,50,50,1,-1,-1,-1
285,4,510,807,50,50,1,-1,-1,-1
285,5,596,787,50,50,1,-1,-1,-1
286,4,516,768,50,50,1,-1,-1,-1
286,5,604,823,50,50,1,-1,-1,-1
287,4,522,733,50,50,1,-1,-1,-1
287,5,612,864,50,50,1,-1,-1,-1
288,4,527,704,50,50,1,-1,-1,-1
288,5,621,911,50,50,1,-1,-1,-1
289,4,534,680,50,50,1,-1,-1,-1
289,5,629,963,50,50,1,-1,-1,-1
290,4,540,662,50,50,1,-1,-1,-1
290,5,429,775,50,50,1,-1,-1,-1
291,4,422,800,50,50,1,-1,-1,-1
291,5,532,886,50,50,1,-1,-1,-1
292,4,417,831,50,50,1,-1,-1,-1
292,5,470,1230,50,50,1,-1,-1,-1
293,4,512,781,50,50,1,-1,-1,-1
293,5,643,1222,50,50,1,-1,-1,-1
294,4,482,1010,50,50,1,-1,-1,-1
294,5,627,1266,50,50,1,-1,-1,-1
295,4,394,1011,50,50,1,-1,-1,-1
295,5,487,941,50,50,1,-1,-1,-1
296,4,496,886,50,50,1,-1,-1,-1
296,5,588,673,50,50,1,-1,-1,-1
297,4,596,696,50,50,1,-1,-1,-1
297,5,500,835,50,50,1,-1,-1,-1
298,4,603,723,50,50,1,-1,-1,-1
298,5,379,1193,50,50,1,-1,-1,-1
299,4,612,754,50,50,1,-1,-1,-1
299,5,383,1233,50,50,1,-1,-1,-1
300,4,619,793,50,50,1,-1,-1,-1
300,5,397,1271,50,50,1,-1,-1,-1
301,4,628,836,50,50,1,-1,-1,-1
301,5,521,682,50,50,1,-1,-1,-1
302,4,638,885,50,50,1,-1,-1,-1
302,5,525,658,50,50,1,-1,-1,-1
303,4,647,940,50,50,1,-1,-1,-1
303,5,550,915,50,50,1,-1,-1,-1
304,4,541,869,50,50,1,-1,-1,-1
304,5,450,797,50,50,1,-1,-1,-1
305,4,446,829,50,50,1,-1,-1,-1
305,5,535,820,50,50,1,-1,-1,-1
306,4,442,866,50,50,1,-1,-1,-1
306,5,530,778,50,50,1,-1,-1,-1
307,4,437,909,50,50,1,-1,-1,-1
307,5,525,742,50,50,1,-1,-1,-1
308,4,432,956,50,50,1,-1,-1,-1
308,5,520,710,50,50,1,-1,-1,-1
309,4,429,1008,50,50,1,-1,-1,-1
309,5,515,683,50,50,1,-1,-1,-1
310,4,492,912,50,50,1,-1,-1,-1
310,5,510,664,50,50,1,-1,-1,-1
311,4,585,666,50,50,1,-1,-1,-1
311,5,505,649,50,50,1,-1,-1,-1
312,4,593,694,50,50,1,-1,-1,-1
312,5,501,639,50,50,1,-1,-1,-1
313,4,509,780,50,50,1,-1,-1,-1
313,5,602,727,50,50,1,-1,-1,-1
314,4,515,745,50,50,1,-1,-1,-1
314,5,610,766,50,50,1,-1,-1,-1
315,4,521,715,50,50,1,-1,-1,-1
315,5,617,810,50,50,1,-1,-1,-1
316,4,441,1310,50,50,1,-1,-1,-1
316,5,626,859,50,50,1,-1,-1,-1
317,4,450,1322,50,50,1,-1,-1,-1
317,5,636,916,50,50,1,-1,-1,-1
318,5,646,979,50,50,1,-1,-1,-1
319,4,522,857,50,50,1,-1,-1,-1
319,5,476,710,50,50,1,-1,-1,-1
320,4,472,743,50,50,1,-1,-1,-1
320,5,515,815,50,50,1,-1,-1,-1
321,4,500,752,50,50,1,-1,-1,-1
321,5,468,823,50,50,1,-1,-1,-1
322,4,465,870,50,50,1,-1,-1,-1
323,4,462,923,50,50,1,-1,-1,-1
323,5,577,684,50,50,1,-1,-1,-1
324,4,459,983,50,50,1,-1,-1,-1
324,5,583,706,50,50,1,-1,-1,-1
325,4,531,865,50,50,1,-1,-1,-1
325,5,591,733,50,50,1,-1,-1,-1
326,4,539,819,50,50,1,-1,-1,-1
326,5,598,765,50,50,1,-1,-1,-1
327,4,450,1182,50,50,1,-1,-1,-1
328,4,456,1226,50,50,1,-1,-1,-1
328,5,615,844,50,50,1,-1,-1,-1
329,4,559,717,50,50,1,-1,-1,-1
329,5,624,890,50,50,1,-1,-1,-1
330,4,439,723,50,50,1,-1,-1,-1
330,5,632,944,50,50,1,-1,-1,-1
331,4,432,747,50,50,1,-1,-1,-1
332,4,426,775,50,50,1,-1,-1,-1
333,4,420,810,50,50,1,-1,-1,-1
333,5,488,1218,50,50,1,-1,-1,-1
334,4,415,849,50,50,1,-1,-1,-1
334,5,666,1165,50,50,1,-1,-1,-1
335,4,409,894,50,50,1,-1,-1,-1
335,5,662,1204,50,50,1,-1,-1,-1
336,4,403,946,50,50,1,-1,-1,-1
336,5,650,1254,50,50,1,-1,-1,-1
337,4,399,1003,50,50,1,-1,-1,-1
337,5,624,672,50,50,1,-1,-1,-1
338,4,521,882,50,50,1,-1,-1,-1
338,5,632,690,50,50,1,-1,-1,-1
339,4,641,712,50,50,1,-1,-1,-1
339,5,526,833,50,50,1,-1,-1,-1
340,4,651,739,50,50,1,-1,-1,-1
340,5,390,1189,50,50,1,-1,-1,-1
341,4,661,771,50,50,1,-1,-1,-1
341,5,397,1230,50,50,1,-1,-1,-1
342,4,670,809,50,50,1,-1,-1,-1
342,5,412,1270,50,50,1,-1,-1,-1
343,4,681,851,50,50,1,-1,-1,-1
343,5,426,693,50,50,1,-1,-1,-1
344,4,693,900,50,50,1,-1,-1,-1
344,5,418,708,50,50,1,-1,-1,-1
345,4,702,953,50,50,1,-1,-1,-1
345,5,408,727,50,50,1,-1,-1,-1
346,4,555,872,50,50,1,-1,-1,-1
346,5,399,750,50,50,1,-1,-1,-1
347,4,545,833,50,50,1,-1,-1,-1
347,5,390,780,50,50,1,-1,-1,-1
348,4,536,801,50,50,1,-1,-1,-1
348,5,383,815,50,50,1,-1,-1,-1
349,4,698,1219,50,50,1,-1,-1,-1
349,5,366,898,50,50,1,-1,-1,-1
350,4,675,1259,50,50,1,-1,-1,-1
350,5,358,948,50,50,1,-1,-1,-1
351,4,651,1286,50,50,1,-1,-1,-1
351,5,349,1003,50,50,1,-1,-1,-1
352,4,637,1288,50,50,1,-1,-1,-1
352,5,521,844,50,50,1,-1,-1,-1
353,4,529,801,50,50,1,-1,-1,-1
353,5,628,739,50,50,1,-1,-1,-1
354,4,538,764,50,50,1,-1,-1,-1
354,5,636,773,50,50,1,-1,-1,-1
355,4,547,731,50,50,1,-1,-1,-1
355,5,645,813,50,50,1,-1,-1,-1
356,4,556,706,50,50,1,-1,-1,-1
356,5,654,859,50,50,1,-1,-1,-1
357,4,453,763,50,50,1,-1,-1,-1
357,5,662,911,50,50,1,-1,-1,-1
358,4,446,787,50,50,1,-1,-1,-1
358,5,673,968,50,50,1,-1,-1,-1
359,4,439,817,50,50,1,-1,-1,-1
359,5,557,915,50,50,1,-1,-1,-1
360,4,431,851,50,50,1,-1,-1,-1
360,5,546,876,50,50,1,-1,-1,-1
361,4,424,892,50,50,1,-1,-1,-1
361,5,536,837,50,50,1,-1,-1,-1
362,4,418,940,50,50,1,-1,-1,-1
362,5,527,805,50,50,1,-1,-1,-1
363,4,411,992,50,50,1,-1,-1,-1
363,5,518,777,50,50,1,-1,-1,-1
364,4,487,990,50,50,1,-1,-1,-1
364,5,630,672,50,50,1,-1,-1,-1
365,4,493,928,50,50,1,-1,-1,-1
365,5,640,690,50,50,1,-1,-1,-1
366,4,500,881,50,50,1,-1,-1,-1
366,5,651,713,50,50,1,-1,-1,-1
367,4,505,836,50,50,1,-1,-1,-1
367,5,662,741,50,50,1,-1,-1,-1
368,4,510,796,50,50,1,-1,-1,-1
368,5,672,774,50,50,1,-1,-1,-1
369,4,402,1299,50,50,1,-1,-1,-1
369,5,684,812,50,50,1,-1,-1,-1
370,5,694,855,50,50,1,-1,-1,-1
371,5,706,903,50,50,1,-1,-1,-1
372,5,717,958,50,50,1,-1,-1,-1
373,5,562,881,50,50,1,-1,-1,-1
374,5,433,826,50,50,1,-1,-1,-1
375,5,425,863,50,50,1,-1,-1,-1
376,5,418,904,50,50,1,-1,-1,-1
377,5,407,1004,50,50,1,-1,-1,-1
378,5,494,931,50,50,1,-1,-1,-1
379,5,575,724,50,50,1,-1,-1,-1
380,5,582,753,50,50,1,-1,-1,-1
381,5,516,805,50,50,1,-1,-1,-1
382,5,523,772,50,50,1,-1,-1,-1
383,5,530,745,50,50,1,-1,-1,-1
384,5,612,917,50,50,1,-1,-1,-1
385,5,620,974,50,50,1,-1,-1,-1
386,5,522,906,50,50,1,-1,-1,-1
387,5,415,819,50,50,1,-1,-1,-1
388,5,406,857,50,50,1,-1,-1,-1
389,5,397,901,50,50,1,-1,-1,-1
390,5,389,949,50,50,1,-1,-1,-1
391,5,482,706,50,50,1,-1,-1,-1
392,5,473,682,50,50,1,-1,-1,-1
393,5,465,662,50,50,1,-1,-1,-1
394,5,458,648,50,50,1,-1,-1,-1
395,5,449,640,50,50,1,-1,-1,-1
396,5,443,636,50,50,1,-1,-1,-1
397,5,435,637,50,50,1,-1,-1,-1
398,5,430,643,50,50,1,-1,-1,-1
399,5,423,657,50,50,1,-1,-1,-1
400,5,416,674,50,50,1,-1,-1,-1
401,5,410,697,50,50,1,-1,-1,-1
402,5,403,726,50,50,1,-1,-1,-1
403,5,397,759,50,50,1,-1,-1,-1
404,5,390,799,50,50,1,-1,-1,-1
405,5,383,844,50,50,1,-1,-1,-1
406,5,372,951,50,50,1,-1,-1,-1
407,5,605,1233,50,50,1,-1,-1,-1
408,5,596,1171,50,50,1,-1,-1,-1
409,5,670,877,50,50,1,-1,-1,-1
410,5,534,709,50,50,1,-1,-1,-1
411,5,449,702,50,50,1,-1,-1,-1
412,5,443,721,50,50,1,-1,-1,-1
413,5,439,744,50,50,1,-1,-1,-1
414,5,433,774,50,50,1,-1,-1,-1
415,5,427,809,50,50,1,-1,-1,-1
416,5,421,849,50,50,1,-1,-1,-1
417,5,416,896,50,50,1,-1,-1,-1
418,5,412,949,50,50,1,-1,-1,-1
419,5,407,1006,50,50,1,-1,-1,-1
420,5,496,920,50,50,1,-1,-1,-1
421,5,633,673,50,50,1,-1,-1,-1
422,5,643,700,50,50,1,-1,-1,-1
423,5,654,733,50,50,1,-1,-1,-1
424,5,665,773,50,50,1,-1,-1,-1
425,5,676,818,50,50,1,-1,-1,-1
426,5,689,867,50,50,1,-1,-1,-1
427,5,701,924,50,50,1,-1,-1,-1
428,5,527,839,50,50,1,-1,-1,-1
429,5,411,890,50,50,1,-1,-1,-1
430,5,405,937,50,50,1,-1,-1,-1
431,5,400,991,50,50,1,-1,-1,-1
432,5,392,1050,50,50,1,-1,-1,-1
433,5,378,1200,50,50,1,-1,-1,-1
434,5,377,1246,50,50,1,-1,-1,-1
435,5,608,1262,50,50,1,-1,-1,-1
436,5,403,1303,50,50,1,-1,-1,-1
437,5,514,709,50,50,1,-1,-1,-1
438,5,520,685,50,50,1,-1,-1,-1
439,5,665,866,50,50,1,-1,-1,-1
440,5,676,921,50,50,1,-1,-1,-1
441,5,689,982,50,50,1,-1,-1,-1
442,5,518,830,50,50,1,-1,-1,-1
443,5,396,794,50,50,1,-1,-1,-1
444,5,388,836,50,50,1,-1,-1,-1
445,5,382,883,50,50,1,-1,-1,-1
446,5,376,935,50,50,1,-1,-1,-1
447,5,368,995,50,50,1,-1,-1,-1
448,5,475,838,50,50,1,-1,-1,-1
449,5,598,763,50,50,1,-1,-1,-1
450,5,606,803,50,50,1,-1,-1,-1
451,5,615,847,50,50,1,-1,-1,-1
452,5,625,898,50,50,1,-1,-1,-1
453,5,635,956,50,50,1,-1,-1,-1
454,5,390,683,50,50,1,-1,-1,-1
455,5,381,706,50,50,1,-1,-1,-1
456,5,529,849,50,50,1,-1,-1,-1
457,5,522,810,50,50,1,-1,-1,-1
458,5,518,777,50,50,1,-1,-1,-1
459,5,513,749,50,50,1,-1,-1,-1
460,5,540,674,50,50,1,-1,-1,-1
461,5,525,700,50,50,1,-1,-1,-1
462,5,500,823,50,50,1,-1,-1,-1
463,5,539,784,50,50,1,-1,-1,-1
464,5,519,758,50,50,1,-1,-1,-1
465,5,527,732,50,50,1,-1,-1,-1
466,5,589,917,50,50,1,-1,-1,-1
467,5,600,975,50,50,1,-1,-1,-1
468,5,467,762,50,50,1,-1,-1,-1
469,5,465,791,50,50,1,-1,-1,-1
470,5,488,832,50,50,1,-1,-1,-1
471,5,508,809,50,50,1,-1,-1,-1
472,5,503,783,50,50,1,-1,-1,-1
473,5,497,764,50,50,1,-1,-1,-1
474,5,614,742,50,50,1,-1,-1,-1
475,5,626,767,50,50,1,-1,-1,-1
476,5,636,799,50,50,1,-1,-1,-1
477,5,647,834,50,50,1,-1,-1,-1
478,5,657,875,50,50,1,-1,-1,-1
479,5,670,922,50,50,1,-1,-1,-1
480,5,682,973,50,50,1,-1,-1,-1
481,5,552,912,50,50,1,-1,-1,-1
482,5,450,821,50,50,1,-1,-1,-1
483,5,446,852,50,50,1,-1,-1,-1
484,5,439,889,50,50,1,-1,-1,-1
485,5,435,931,50,50,1,-1,-1,-1
486,5,432,978,50,50,1,-1,-1,-1
487,5,428,1030,50,50,1,-1,-1,-1
488,5,512,905,50,50,1,-1,-1,-1
489,5,657,701,50,50,1,-1,-1,-1
490,5,669,727,50,50,1,-1,-1,-1
491,5,679,757,50,50,1,-1,-1,-1
492,5,692,793,50,50,1,-1,-1,-1
493,5,705,836,50,50,1,-1,-1,-1
494,5,717,882,50,50,1,-1,-1,-1
495,5,730,933,50,50,1,-1,-1,-1
496,5,534,851,50,50,1,-1,-1,-1
497,5,430,929,50,50,1,-1,-1,-1
498,5,425,980,50,50,1,-1,-1,-1
499,5,425,980,50,50,1,-1,-1,-1
500,5,596,716,50,50,1,-1,-1,-1
501,5,602,736,50,50,1,-1,-1,-1
502,5,546,826,50,50,1,-1,-1,-1
503,5,556,786,50,50,1,-1,-1,-1
504,5,565,752,50,50,1,-1,-1,-1
505,5,575,722,50,50,1,-1,-1,-1
506,5,438,796,50,50,1,-1,-1,-1
507,5,429,818,50,50,1,-1,-1,-1
508,5,420,848,50,50,1,-1,-1,-1
509,5,412,881,50,50,1,-1,-1,-1
510,5,403,919,50,50,1,-1,-1,-1
511,5,396,965,50,50,1,-1,-1,-1
512,5,387,1016,50,50,1,-1,-1,-1
513,5,493,943,50,50,1,-1,-1,-1
514,5,670,688,50,50,1,-1,-1,-1
515,5,682,709,50,50,1,-1,-1,-1
516,5,695,736,50,50,1,-1,-1,-1
517,5,708,768,50,50,1,-1,-1,-1
518,5,733,846,50,50,1,-1,-1,-1
519,5,746,895,50,50,1,-1,-1,-1
520,5,760,948,50,50,1,-1,-1,-1
521,5,566,862,50,50,1,-1,-1,-1
522,5,462,682,50,50,1,-1,-1,-1
523,5,456,706,50,50,1,-1,-1,-1
524,5,451,735,50,50,1,-1,-1,-1
525,5,444,771,50,50,1,-1,-1,-1
526,5,439,813,50,50,1,-1,-1,-1
527,5,433,860,50,50,1,-1,-1,-1
528,5,428,913,50,50,1,-1,-1,-1
529,5,423,974,50,50,1,-1,-1,-1
530,5,527,803,50,50,1,-1,-1,-1
531,5,630,766,50,50,1,-1,-1,-1
532,5,640,810,50,50,1,-1,-1,-1
533,5,649,859,50,50,1,-1,-1,-1
534,5,658,913,50,50,1,-1,-1,-1
535,5,669,974,50,50,1,-1,-1,-1
536,5,442,820,50,50,1,-1,-1,-1
537,5,434,858,50,50,1,-1,-1,-1
538,5,428,903,50,50,1,-1,-1,-1
539,5,421,952,50,50,1,-1,-1,-1
540,5,416,1008,50,50,1,-1,-1,-1
541,5,495,941,50,50,1,-1,-1,-1
542,5,503,885,50,50,1,-1,-1,-1
543,5,509,831,50,50,1,-1,-1,-1
544,5,515,783,50,50,1,-1,-1,-1
545,5,528,701,50,50,1,-1,-1,-1
546,5,534,670,50,50,1,-1,-1,-1
547,5,541,643,50,50,1,-1,-1,-1
548,5,547,621,50,50,1,-1,-1,-1
549,5,554,606,50,50,1,-1,-1,-1
550,5,560,593,50,50,1,-1,-1,-1
551,5,533,770,50,50,1,-1,-1,-1
552,5,400,804,50,50,1,-1,-1,-1
553,5,394,848,50,50,1,-1,-1,-1
554,5,386,898,50,50,1,-1,-1,-1
555,5,379,955,50,50,1,-1,-1,-1
556,5,511,816,50,50,1,-1,-1,-1
557,5,615,656,50,50,1,-1,-1,-1
558,5,624,684,50,50,1,-1,-1,-1
559,5,633,718,50,50,1,-1,-1,-1
560,5,642,758,50,50,1,-1,-1,-1
561,5,650,804,50,50,1,-1,-1,-1
562,5,660,854,50,50,1,-1,-1,-1
563,5,670,910,50,50,1,-1,-1,-1
564,5,681,972,50,50,1,-1,-1,-1
565,5,513,806,50,50,1,-1,-1,-1
566,5,502,771,50,50,1,-1,-1,-1
567,5,490,740,50,50,1,-1,-1,-1
568,5,596,633,50,50,1,-1,-1,-1
569,5,605,651,50,50,1,-1,-1,-1
570,5,614,675,50,50,1,-1,-1,-1
571,5,622,704,50,50,1,-1,-1,-1
572,5,631,738,50,50,1,-1,-1,-1
573,5,650,826,50,50,1,-1,-1,-1
574,5,660,877,50,50,1,-1,-1,-1
575,5,671,935,50,50,1,-1,-1,-1
576,5,529,633,50,50,1,-1,-1,-1
577,5,374,757,50,50,1,-1,-1,-1
578,5,461,1205,50,50,1,-1,-1,-1
579,5,355,828,50,50,1,-1,-1,-1
580,5,525,756,50,50,1,-1,-1,-1
581,5,518,727,50,50,1,-1,-1,-1
582,5,510,703,50,50,1,-1,-1,-1
583,5,581,645,50,50,1,-1,-1,-1
584,5,590,667,50,50,1,-1,-1,-1
585,5,598,695,50,50,1,-1,-1,-1
586,5,608,727,50,50,1,-1,-1,-1
587,5,616,764,50,50,1,-1,-1,-1
588,5,625,808,50,50,1,-1,-1,-1
589,5,635,857,50,50,1,-1,-1,-1
590,5,645,911,50,50,1,-1,-1,-1
591,5,654,972,50,50,1,-1,-1,-1
592,5,532,855,50,50,1,-1,-1,-1
593,5,445,783,50,50,1,-1,-1,-1
594,5,440,821,50,50,1,-1,-1,-1
595,5,434,865,50,50,1,-1,-1,-1
596,5,430,915,50,50,1,-1,-1,-1
597,5,426,971,50,50,1,-1,-1,-1
598,5,505,907,50,50,1,-1,-1,-1
599,5,615,710,50,50,1,-1,-1,-1
600,5,624,744,50,50,1,-1,-1,-1
601,5,644,829,50,50,1,-1,-1,-1
602,5,654,879,50,50,1,-1,-1,-1
603,5,665,936,50,50,1,-1,-1,-1
604,5,552,901,50,50,1,-1,-1,-1
605,5,442,708,50,50,1,-1,-1,-1
606,5,437,737,50,50,1,-1,-1,-1
607,5,432,771,50,50,1,-1,-1,-1
608,5,427,810,50,50,1,-1,-1,-1
609,5,421,855,50,50,1,-1,-1,-1
610,5,417,906,50,50,1,-1,-1,-1
611,5,413,961,50,50,1,-1,-1,-1
612,5,409,1024,50,50,1,-1,-1,-1
613,5,651,1162,50,50,1,-1,-1,-1
614,5,387,1137,50,50,1,-1,-1,-1
615,5,390,1146,50,50,1,-1,-1,-1
616,5,389,1157,50,50,1,-1,-1,-1
617,5,394,1164,50,50,1,-1,-1,-1
618,5,395,1170,50,50,1,-1,-1,-1
619,5,395,1176,50,50,1,-1,-1,-1
620,5,395,1178,50,50,1,-1,-1,-1
621,5,415,802,50,50,1,-1,-1,-1
622,5,407,844,50,50,1,-1,-1,-1
623,5,400,891,50,50,1,-1,-1,-1
624,5,395,945,50,50,1,-1,-1,-1
625,5,388,1004,50,50,1,-1,-1,-1
626,5,381,1072,50,50,1,-1,-1,-1
627,5,381,1072,50,50,1,-1,-1,-1
628,5,381,1072,50,50,1,-1,-1,-1
629,5,368,1190,50,50,1,-1,-1,-1
630,5,368,1190,50,50,1,-1,-1,-1
631,5,368,1190,50,50,1,-1,-1,-1
632,5,368,1190,50,50,1,-1,-1,-1
633,5,368,1190,50,50,1,-1,-1,-1
634,5,368,1190,50,50,1,-1,-1,-1
635,5,368,1190,50,50,1,-1,-1,-1
636,5,368,1190,50,50,1,-1,-1,-1
637,5,368,1190,50,50,1,-1,-1,-1
638,5,368,1190,50,50,1,-1,-1,-1
639,5,368,1190,50,50,1,-1,-1,-1
640,5,368,1190,50,50,1,-1,-1,-1
641,5,368,1190,50,50,1,-1,-1,-1
642,5,368,1190,50,50,1,-1,-1,-1
643,5,673,1227,50,50,1,-1,-1,-1
644,5,673,1252,50,50,1,-1,-1,-1
645,5,667,1276,50,50,1,-1,-1,-1
646,5,667,1276,50,50,1,-1,-1,-1
647,5,667,1276,50,50,1,-1,-1,-1
648,5,667,1276,50,50,1,-1,-1,-1
649,5,667,1276,50,50,1,-1,-1,-1
