11,1,504,1194,50,50,1,-1,-1,-1
12,1,567,1190,50,50,1,-1,-1,-1
12,2,471,1212,50,50,1,-1,-1,-1
13,1,561,1158,50,50,1,-1,-1,-1
13,2,469,1236,50,50,1,-1,-1,-1
14,1,568,1136,50,50,1,-1,-1,-1
14,2,473,1291,50,50,1,-1,-1,-1
15,1,577,1131,50,50,1,-1,-1,-1
15,2,471,1317,50,50,1,-1,-1,-1
16,1,581,1124,50,50,1,-1,-1,-1
16,2,468,1343,50,50,1,-1,-1,-1
17,1,584,1123,50,50,1,-1,-1,-1
17,2,474,1353,50,50,1,-1,-1,-1
18,2,495,1328,50,50,1,-1,-1,-1
19,1,579,1165,50,50,1,-1,-1,-1
19,2,497,1274,50,50,1,-1,-1,-1
20,2,532,1207,50,50,1,-1,-1,-1
21,1,584,1225,50,50,1,-1,-1,-1
21,2,517,1151,50,50,1,-1,-1,-1
22,1,581,1273,50,50,1,-1,-1,-1
22,2,504,1095,50,50,1,-1,-1,-1
23,2,483,1071,50,50,1,-1,-1,-1
23,3,578,1298,50,50,1,-1,-1,-1
24,2,499,1014,50,50,1,-1,-1,-1
24,3,571,1312,50,50,1,-1,-1,-1
25,2,546,867,50,50,1,-1,-1,-1
25,3,561,1312,50,50,1,-1,-1,-1
25,4,469,1074,50,50,1,-1,-1,-1
26,2,551,818,50,50,1,-1,-1,-1
26,3,554,1301,50,50,1,-1,-1,-1
26,4,465,1098,50,50,1,-1,-1,-1
27,2,555,775,50,50,1,-1,-1,-1
27,3,532,1277,50,50,1,-1,-1,-1
27,4,459,1157,50,50,1,-1,-1,-1
28,2,560,737,50,50,1,-1,-1,-1
28,3,486,1211,50,50,1,-1,-1,-1
29,2,566,707,50,50,1,-1,-1,-1
29,3,485,1216,50,50,1,-1,-1,-1
30,2,572,680,50,50,1,-1,-1,-1
30,3,453,1302,50,50,1,-1,-1,-1
30,4,526,1124,50,50,1,-1,-1,-1
31,2,578,660,50,50,1,-1,-1,-1
31,3,465,1320,50,50,1,-1,-1,-1
31,4,553,1129,50,50,1,-1,-1,-1
32,2,583,645,50,50,1,-1,-1,-1
32,3,478,1303,50,50,1,-1,-1,-1
32,4,546,1127,50,50,1,-1,-1,-1
33,1,486,913,50,50,1,-1,-1,-1
33,2,588,635,50,50,1,-1,-1,-1
33,3,490,1269,50,50,1,-1,-1,-1
33,4,564,1164,50,50,1,-1,-1,-1
34,1,482,873,50,50,1,-1,-1,-1
34,2,594,630,50,50,1,-1,-1,-1
34,3,524,1211,50,50,1,-1,-1,-1
35,1,476,837,50,50,1,-1,-1,-1
35,2,600,628,50,50,1,-1,-1,-1
35,3,513,1152,50,50,1,-1,-1,-1
35,4,583,1255,50,50,1,-1,-1,-1
36,1,460,1161,50,50,1,-1,-1,-1
36,2,608,632,50,50,1,-1,-1,-1
36,3,518,1101,50,50,1,-1,-1,-1
36,4,592,1293,50,50,1,-1,-1,-1
37,2,614,641,50,50,1,-1,-1,-1
37,3,504,1089,50,50,1,-1,-1,-1
37,4,467,781,50,50,1,-1,-1,-1
37,5,597,1309,50,50,1,-1,-1,-1
38,1,534,922,50,50,1,-1,-1,-1
38,2,621,656,50,50,1,-1,-1,-1
38,3,495,1084,50,50,1,-1,-1,-1
38,4,462,761,50,50,1,-1,-1,-1
38,5,594,1310,50,50,1,-1,-1,-1
39,1,457,747,50,50,1,-1,-1,-1
39,2,628,673,50,50,1,-1,-1,-1
39,3,498,1087,50,50,1,-1,-1,-1
39,4,537,880,50,50,1,-1,-1,-1
39,5,591,1293,50,50,1,-1,-1,-1
40,2,635,698,50,50,1,-1,-1,-1
40,3,453,738,50,50,1,-1,-1,-1
40,4,544,833,50,50,1,-1,-1,-1
40,5,585,1267,50,50,1,-1,-1,-1
41,2,651,761,50,50,1,-1,-1,-1
41,3,572,1138,50,50,1,-1,-1,-1
41,4,555,756,50,50,1,-1,-1,-1
41,5,480,1244,50,50,1,-1,-1,-1
42,2,659,801,50,50,1,-1,-1,-1
42,3,496,1504,50,50,1,-1,-1,-1
42,4,561,726,50,50,1,-1,-1,-1
42,5,477,1295,50,50,1,-1,-1,-1
43,2,667,845,50,50,1,-1,-1,-1
43,3,498,1506,50,50,1,-1,-1,-1
43,4,568,702,50,50,1,-1,-1,-1
43,5,480,1313,50,50,1,-1,-1,-1
44,2,674,895,50,50,1,-1,-1,-1
44,3,495,1507,50,50,1,-1,-1,-1
44,4,626,1078,50,50,1,-1,-1,-1
44,5,483,1311,50,50,1,-1,-1,-1
45,2,684,951,50,50,1,-1,-1,-1
45,3,565,1224,50,50,1,-1,-1,-1
45,4,653,1077,50,50,1,-1,-1,-1
45,5,490,1292,50,50,1,-1,-1,-1
46,2,682,1060,50,50,1,-1,-1,-1
46,3,532,833,50,50,1,-1,-1,-1
46,4,426,811,50,50,1,-1,-1,-1
46,5,499,1246,50,50,1,-1,-1,-1
47,2,690,1099,50,50,1,-1,-1,-1
47,3,597,655,50,50,1,-1,-1,-1
47,4,422,840,50,50,1,-1,-1,-1
47,5,504,1195,50,50,1,-1,-1,-1
48,2,697,1129,50,50,1,-1,-1,-1
48,3,605,656,50,50,1,-1,-1,-1
48,4,419,876,50,50,1,-1,-1,-1
48,5,521,1106,50,50,1,-1,-1,-1
49,2,695,1161,50,50,1,-1,-1,-1
49,3,613,661,50,50,1,-1,-1,-1
49,4,416,917,50,50,1,-1,-1,-1
49,5,461,1124,50,50,1,-1,-1,-1
50,2,688,1199,50,50,1,-1,-1,-1
50,3,622,671,50,50,1,-1,-1,-1
50,4,414,965,50,50,1,-1,-1,-1
50,5,455,1112,50,50,1,-1,-1,-1
51,2,670,1246,50,50,1,-1,-1,-1
51,3,502,690,50,50,1,-1,-1,-1
51,4,411,1018,50,50,1,-1,-1,-1
51,5,431,1118,50,50,1,-1,-1,-1
52,2,651,1276,50,50,1,-1,-1,-1
52,3,563,1273,50,50,1,-1,-1,-1
52,4,538,873,50,50,1,-1,-1,-1
52,5,412,1111,50,50,1,-1,-1,-1
53,2,638,1283,50,50,1,-1,-1,-1
53,3,496,1489,50,50,1,-1,-1,-1
53,4,543,830,50,50,1,-1,-1,-1
53,5,406,1152,50,50,1,-1,-1,-1
54,2,616,1263,50,50,1,-1,-1,-1
54,3,497,1487,50,50,1,-1,-1,-1
54,4,548,792,50,50,1,-1,-1,-1
54,5,402,1184,50,50,1,-1,-1,-1
55,2,611,1230,50,50,1,-1,-1,-1
55,3,502,1494,50,50,1,-1,-1,-1
55,4,553,760,50,50,1,-1,-1,-1
55,5,407,1216,50,50,1,-1,-1,-1
56,2,615,1163,50,50,1,-1,-1,-1
56,3,503,1496,50,50,1,-1,-1,-1
56,4,558,733,50,50,1,-1,-1,-1
56,5,424,1253,50,50,1,-1,-1,-1
57,2,603,1104,50,50,1,-1,-1,-1
57,3,505,1500,50,50,1,-1,-1,-1
57,4,564,711,50,50,1,-1,-1,-1
57,5,442,1282,50,50,1,-1,-1,-1
58,2,589,1019,50,50,1,-1,-1,-1
58,3,507,1502,50,50,1,-1,-1,-1
58,4,693,938,50,50,1,-1,-1,-1
58,5,463,1309,50,50,1,-1,-1,-1
59,2,582,975,50,50,1,-1,-1,-1
59,3,704,996,50,50,1,-1,-1,-1
59,4,661,1092,50,50,1,-1,-1,-1
59,5,479,1302,50,50,1,-1,-1,-1
60,2,569,931,50,50,1,-1,-1,-1
60,3,581,678,50,50,1,-1,-1,-1
60,4,691,1090,50,50,1,-1,-1,-1
60,5,492,1288,50,50,1,-1,-1,-1
61,2,555,866,50,50,1,-1,-1,-1
61,3,586,677,50,50,1,-1,-1,-1
61,4,697,1126,50,50,1,-1,-1,-1
61,5,506,1244,50,50,1,-1,-1,-1
62,2,545,825,50,50,1,-1,-1,-1
62,3,594,680,50,50,1,-1,-1,-1
62,4,702,1146,50,50,1,-1,-1,-1
62,5,501,1191,50,50,1,-1,-1,-1
63,2,535,790,50,50,1,-1,-1,-1
63,3,601,688,50,50,1,-1,-1,-1
63,4,701,1169,50,50,1,-1,-1,-1
63,5,519,1136,50,50,1,-1,-1,-1
64,2,525,760,50,50,1,-1,-1,-1
64,3,608,700,50,50,1,-1,-1,-1
64,4,693,1195,50,50,1,-1,-1,-1
64,5,510,1095,50,50,1,-1,-1,-1
65,2,517,736,50,50,1,-1,-1,-1
65,3,615,718,50,50,1,-1,-1,-1
65,4,677,1230,50,50,1,-1,-1,-1
65,5,474,1082,50,50,1,-1,-1,-1
66,2,507,716,50,50,1,-1,-1,-1
66,3,622,741,50,50,1,-1,-1,-1
66,4,653,1262,50,50,1,-1,-1,-1
66,5,446,1078,50,50,1,-1,-1,-1
67,2,497,702,50,50,1,-1,-1,-1
67,3,629,769,50,50,1,-1,-1,-1
67,4,636,1271,50,50,1,-1,-1,-1
67,5,437,1121,50,50,1,-1,-1,-1
68,2,489,693,50,50,1,-1,-1,-1
68,3,638,803,50,50,1,-1,-1,-1
68,4,619,1263,50,50,1,-1,-1,-1
68,5,432,1158,50,50,1,-1,-1,-1
69,2,471,692,50,50,1,-1,-1,-1
69,3,654,885,50,50,1,-1,-1,-1
69,4,597,1166,50,50,1,-1,-1,-1
69,5,441,1242,50,50,1,-1,-1,-1
70,2,559,744,50,50,1,-1,-1,-1
70,3,662,935,50,50,1,-1,-1,-1
70,4,596,1107,50,50,1,-1,-1,-1
70,5,451,1279,50,50,1,-1,-1,-1
71,2,453,709,50,50,1,-1,-1,-1
71,3,670,988,50,50,1,-1,-1,-1
71,4,585,1021,50,50,1,-1,-1,-1
71,5,464,1303,50,50,1,-1,-1,-1
72,2,446,726,50,50,1,-1,-1,-1
72,3,663,1088,50,50,1,-1,-1,-1
72,4,579,979,50,50,1,-1,-1,-1
72,5,477,1301,50,50,1,-1,-1,-1
73,2,438,748,50,50,1,-1,-1,-1
73,3,678,1121,50,50,1,-1,-1,-1
73,4,562,927,50,50,1,-1,-1,-1
73,5,486,1282,50,50,1,-1,-1,-1
74,2,429,775,50,50,1,-1,-1,-1
74,3,691,1147,50,50,1,-1,-1,-1
74,4,547,876,50,50,1,-1,-1,-1
74,5,493,1242,50,50,1,-1,-1,-1
75,2,421,808,50,50,1,-1,-1,-1
75,3,688,1167,50,50,1,-1,-1,-1
75,4,537,837,50,50,1,-1,-1,-1
75,5,505,1181,50,50,1,-1,-1,-1
76,2,414,847,50,50,1,-1,-1,-1
76,3,678,1189,50,50,1,-1,-1,-1
76,4,527,803,50,50,1,-1,-1,-1
76,5,509,1102,50,50,1,-1,-1,-1
77,2,404,893,50,50,1,-1,-1,-1
77,3,662,1216,50,50,1,-1,-1,-1
77,4,518,774,50,50,1,-1,-1,-1
77,5,472,1093,50,50,1,-1,-1,-1
78,2,398,942,50,50,1,-1,-1,-1
78,3,640,1247,50,50,1,-1,-1,-1
78,4,510,752,50,50,1,-1,-1,-1
78,5,449,1094,50,50,1,-1,-1,-1
79,2,391,998,50,50,1,-1,-1,-1
79,3,621,1268,50,50,1,-1,-1,-1
79,4,611,732,50,50,1,-1,-1,-1
79,5,415,1105,50,50,1,-1,-1,-1
80,2,523,861,50,50,1,-1,-1,-1
80,3,609,1272,50,50,1,-1,-1,-1
80,4,617,756,50,50,1,-1,-1,-1
80,5,389,1094,50,50,1,-1,-1,-1
81,2,483,715,50,50,1,-1,-1,-1
81,3,602,1256,50,50,1,-1,-1,-1
81,4,625,785,50,50,1,-1,-1,-1
81,5,381,1136,50,50,1,-1,-1,-1
82,2,475,712,50,50,1,-1,-1,-1
82,3,587,1205,50,50,1,-1,-1,-1
82,4,631,820,50,50,1,-1,-1,-1
82,5,381,1176,50,50,1,-1,-1,-1
83,2,537,747,50,50,1,-1,-1,-1
83,3,581,1151,50,50,1,-1,-1,-1
83,4,640,859,50,50,1,-1,-1,-1
83,5,393,1219,50,50,1,-1,-1,-1
84,2,542,719,50,50,1,-1,-1,-1
84,3,585,1112,50,50,1,-1,-1,-1
84,4,648,904,50,50,1,-1,-1,-1
84,5,412,1262,50,50,1,-1,-1,-1
85,2,546,697,50,50,1,-1,-1,-1
85,3,608,1104,50,50,1,-1,-1,-1
85,4,655,954,50,50,1,-1,-1,-1
85,5,434,1294,50,50,1,-1,-1,-1
86,2,552,681,50,50,1,-1,-1,-1
86,3,646,1062,50,50,1,-1,-1,-1
86,4,441,754,50,50,1,-1,-1,-1
86,5,448,1309,50,50,1,-1,-1,-1
87,2,557,668,50,50,1,-1,-1,-1
87,3,662,1096,50,50,1,-1,-1,-1
87,4,434,778,50,50,1,-1,-1,-1
87,5,465,1307,50,50,1,-1,-1,-1
88,2,564,662,50,50,1,-1,-1,-1
88,3,675,1130,50,50,1,-1,-1,-1
88,4,535,867,50,50,1,-1,-1,-1
88,5,475,1272,50,50,1,-1,-1,-1
89,2,569,659,50,50,1,-1,-1,-1
89,3,680,1160,50,50,1,-1,-1,-1
89,4,527,831,50,50,1,-1,-1,-1
89,5,479,1217,50,50,1,-1,-1,-1
90,2,575,662,50,50,1,-1,-1,-1
90,3,671,1194,50,50,1,-1,-1,-1
90,4,519,799,50,50,1,-1,-1,-1
90,5,410,883,50,50,1,-1,-1,-1
91,2,580,669,50,50,1,-1,-1,-1
91,3,658,1235,50,50,1,-1,-1,-1
91,4,511,774,50,50,1,-1,-1,-1
91,5,402,929,50,50,1,-1,-1,-1
92,2,488,1006,50,50,1,-1,-1,-1
92,3,635,1274,50,50,1,-1,-1,-1
92,4,503,755,50,50,1,-1,-1,-1
92,5,433,1115,50,50,1,-1,-1,-1
93,2,491,938,50,50,1,-1,-1,-1
93,3,614,1290,50,50,1,-1,-1,-1
93,4,496,740,50,50,1,-1,-1,-1
93,5,397,1092,50,50,1,-1,-1,-1
94,2,599,724,50,50,1,-1,-1,-1
94,3,601,1288,50,50,1,-1,-1,-1
94,4,489,731,50,50,1,-1,-1,-1
94,5,382,1124,50,50,1,-1,-1,-1
95,2,607,752,50,50,1,-1,-1,-1
95,3,584,1272,50,50,1,-1,-1,-1
95,4,482,726,50,50,1,-1,-1,-1
95,5,374,1157,50,50,1,-1,-1,-1
96,2,613,786,50,50,1,-1,-1,-1
96,3,572,1222,50,50,1,-1,-1,-1
96,4,474,727,50,50,1,-1,-1,-1
96,5,376,1190,50,50,1,-1,-1,-1
97,2,629,869,50,50,1,-1,-1,-1
97,3,569,1123,50,50,1,-1,-1,-1
97,4,492,734,50,50,1,-1,-1,-1
97,5,394,1262,50,50,1,-1,-1,-1
98,2,637,920,50,50,1,-1,-1,-1
98,3,592,1114,50,50,1,-1,-1,-1
98,4,521,702,50,50,1,-1,-1,-1
98,5,412,1291,50,50,1,-1,-1,-1
99,2,644,975,50,50,1,-1,-1,-1
99,3,617,1106,50,50,1,-1,-1,-1
99,4,448,776,50,50,1,-1,-1,-1
99,5,423,1304,50,50,1,-1,-1,-1
100,2,536,902,50,50,1,-1,-1,-1
100,3,646,1080,50,50,1,-1,-1,-1
100,4,442,801,50,50,1,-1,-1,-1
100,5,434,1302,50,50,1,-1,-1,-1
101,2,530,860,50,50,1,-1,-1,-1
101,3,660,1120,50,50,1,-1,-1,-1
101,4,436,830,50,50,1,-1,-1,-1
101,5,450,1272,50,50,1,-1,-1,-1
102,2,522,819,50,50,1,-1,-1,-1
102,3,665,1153,50,50,1,-1,-1,-1
102,4,430,865,50,50,1,-1,-1,-1
102,5,448,1226,50,50,1,-1,-1,-1
103,2,517,784,50,50,1,-1,-1,-1
103,3,660,1189,50,50,1,-1,-1,-1
103,4,424,906,50,50,1,-1,-1,-1
103,5,450,1168,50,50,1,-1,-1,-1
104,2,511,755,50,50,1,-1,-1,-1
104,3,647,1235,50,50,1,-1,-1,-1
104,4,419,950,50,50,1,-1,-1,-1
104,5,452,1121,50,50,1,-1,-1,-1
105,2,506,731,50,50,1,-1,-1,-1
105,3,627,1274,50,50,1,-1,-1,-1
105,4,441,1013,50,50,1,-1,-1,-1
105,5,434,1137,50,50,1,-1,-1,-1
106,2,532,695,50,50,1,-1,-1,-1
106,3,606,1289,50,50,1,-1,-1,-1
106,4,416,1105,50,50,1,-1,-1,-1
106,5,477,968,50,50,1,-1,-1,-1
107,2,571,698,50,50,1,-1,-1,-1
107,3,588,1286,50,50,1,-1,-1,-1
107,4,410,1141,50,50,1,-1,-1,-1
107,5,495,699,50,50,1,-1,-1,-1
108,2,577,724,50,50,1,-1,-1,-1
108,3,567,1269,50,50,1,-1,-1,-1
108,4,402,1171,50,50,1,-1,-1,-1
108,5,491,691,50,50,1,-1,-1,-1
109,2,584,756,50,50,1,-1,-1,-1
109,3,560,1223,50,50,1,-1,-1,-1
109,4,398,1202,50,50,1,-1,-1,-1
109,5,499,833,50,50,1,-1,-1,-1
110,2,592,791,50,50,1,-1,-1,-1
110,3,542,1157,50,50,1,-1,-1,-1
110,4,405,1235,50,50,1,-1,-1,-1
110,5,509,801,50,50,1,-1,-1,-1
111,2,598,832,50,50,1,-1,-1,-1
111,3,561,1119,50,50,1,-1,-1,-1
111,4,416,1265,50,50,1,-1,-1,-1
111,5,476,697,50,50,1,-1,-1,-1
112,2,606,880,50,50,1,-1,-1,-1
112,3,577,1102,50,50,1,-1,-1,-1
112,4,425,1298,50,50,1,-1,-1,-1
112,5,473,709,50,50,1,-1,-1,-1
113,2,615,932,50,50,1,-1,-1,-1
113,3,600,1100,50,50,1,-1,-1,-1
113,4,437,1319,50,50,1,-1,-1,-1
113,5,468,727,50,50,1,-1,-1,-1
114,2,622,992,50,50,1,-1,-1,-1
114,3,621,1100,50,50,1,-1,-1,-1
114,4,450,1326,50,50,1,-1,-1,-1
114,5,464,749,50,50,1,-1,-1,-1
115,2,524,866,50,50,1,-1,-1,-1
115,3,634,1091,50,50,1,-1,-1,-1
115,4,467,1313,50,50,1,-1,-1,-1
115,5,459,777,50,50,1,-1,-1,-1
116,2,559,709,50,50,1,-1,-1,-1
116,3,644,1134,50,50,1,-1,-1,-1
116,4,483,1272,50,50,1,-1,-1,-1
116,5,455,810,50,50,1,-1,-1,-1
117,2,567,711,50,50,1,-1,-1,-1
117,3,648,1169,50,50,1,-1,-1,-1
117,4,487,1211,50,50,1,-1,-1,-1
117,5,452,847,50,50,1,-1,-1,-1
118,2,512,765,50,50,1,-1,-1,-1
118,3,645,1207,50,50,1,-1,-1,-1
118,4,504,1123,50,50,1,-1,-1,-1
118,5,449,892,50,50,1,-1,-1,-1
119,2,508,744,50,50,1,-1,-1,-1
119,3,640,1251,50,50,1,-1,-1,-1
119,4,499,1078,50,50,1,-1,-1,-1
119,5,445,941,50,50,1,-1,-1,-1
120,2,505,727,50,50,1,-1,-1,-1
120,3,630,1273,50,50,1,-1,-1,-1
120,4,458,1114,50,50,1,-1,-1,-1
120,5,442,997,50,50,1,-1,-1,-1
121,2,502,714,50,50,1,-1,-1,-1
121,3,623,1276,50,50,1,-1,-1,-1
121,4,606,769,50,50,1,-1,-1,-1
121,5,444,1091,50,50,1,-1,-1,-1
122,2,499,709,50,50,1,-1,-1,-1
122,3,613,1264,50,50,1,-1,-1,-1
122,4,615,797,50,50,1,-1,-1,-1
122,5,439,1137,50,50,1,-1,-1,-1
123,2,496,707,50,50,1,-1,-1,-1
123,3,604,1212,50,50,1,-1,-1,-1
123,4,527,839,50,50,1,-1,-1,-1
123,5,436,1174,50,50,1,-1,-1,-1
124,2,493,711,50,50,1,-1,-1,-1
124,3,594,1157,50,50,1,-1,-1,-1
124,4,533,797,50,50,1,-1,-1,-1
124,5,441,1217,50,50,1,-1,-1,-1
125,2,517,733,50,50,1,-1,-1,-1
125,3,620,1114,50,50,1,-1,-1,-1
125,4,658,956,50,50,1,-1,-1,-1
125,5,452,1294,50,50,1,-1,-1,-1
126,2,550,709,50,50,1,-1,-1,-1
126,3,655,1070,50,50,1,-1,-1,-1
126,4,485,751,50,50,1,-1,-1,-1
126,5,463,1312,50,50,1,-1,-1,-1
127,2,556,690,50,50,1,-1,-1,-1
127,3,671,1100,50,50,1,-1,-1,-1
127,4,483,775,50,50,1,-1,-1,-1
127,5,478,1310,50,50,1,-1,-1,-1
128,2,563,676,50,50,1,-1,-1,-1
128,3,685,1137,50,50,1,-1,-1,-1
128,4,542,871,50,50,1,-1,-1,-1
128,5,490,1287,50,50,1,-1,-1,-1
129,2,569,667,50,50,1,-1,-1,-1
129,3,691,1165,50,50,1,-1,-1,-1
129,4,506,836,50,50,1,-1,-1,-1
129,5,497,1244,50,50,1,-1,-1,-1
130,2,575,663,50,50,1,-1,-1,-1
130,3,688,1197,50,50,1,-1,-1,-1
130,4,525,803,50,50,1,-1,-1,-1
130,5,504,1189,50,50,1,-1,-1,-1
131,2,582,663,50,50,1,-1,-1,-1
131,3,679,1234,50,50,1,-1,-1,-1
131,4,517,776,50,50,1,-1,-1,-1
131,5,515,1116,50,50,1,-1,-1,-1
132,2,589,669,50,50,1,-1,-1,-1
132,3,661,1271,50,50,1,-1,-1,-1
132,4,508,756,50,50,1,-1,-1,-1
132,5,503,1107,50,50,1,-1,-1,-1
133,2,597,680,50,50,1,-1,-1,-1
133,3,644,1285,50,50,1,-1,-1,-1
133,4,500,740,50,50,1,-1,-1,-1
133,5,471,1045,50,50,1,-1,-1,-1
134,2,605,695,50,50,1,-1,-1,-1
134,3,632,1287,50,50,1,-1,-1,-1
134,4,493,730,50,50,1,-1,-1,-1
134,5,527,908,50,50,1,-1,-1,-1
135,2,613,716,50,50,1,-1,-1,-1
135,3,619,1268,50,50,1,-1,-1,-1
135,4,484,725,50,50,1,-1,-1,-1
135,5,532,865,50,50,1,-1,-1,-1
136,2,619,742,50,50,1,-1,-1,-1
136,3,610,1220,50,50,1,-1,-1,-1
136,4,477,724,50,50,1,-1,-1,-1
136,5,535,822,50,50,1,-1,-1,-1
137,2,628,772,50,50,1,-1,-1,-1
137,3,599,1163,50,50,1,-1,-1,-1
137,4,469,728,50,50,1,-1,-1,-1
137,5,541,783,50,50,1,-1,-1,-1
138,2,636,809,50,50,1,-1,-1,-1
138,3,597,1115,50,50,1,-1,-1,-1
138,4,461,739,50,50,1,-1,-1,-1
138,5,545,752,50,50,1,-1,-1,-1
139,2,645,850,50,50,1,-1,-1,-1
139,3,605,1075,50,50,1,-1,-1,-1
139,4,455,753,50,50,1,-1,-1,-1
139,5,550,725,50,50,1,-1,-1,-1
140,2,653,898,50,50,1,-1,-1,-1
140,3,633,1083,50,50,1,-1,-1,-1
140,4,448,773,50,50,1,-1,-1,-1
140,5,555,703,50,50,1,-1,-1,-1
141,2,663,951,50,50,1,-1,-1,-1
141,3,653,1073,50,50,1,-1,-1,-1
141,4,441,799,50,50,1,-1,-1,-1
141,5,566,921,50,50,1,-1,-1,-1
142,2,554,881,50,50,1,-1,-1,-1
142,3,669,1053,50,50,1,-1,-1,-1
142,4,433,829,50,50,1,-1,-1,-1
142,5,494,1242,50,50,1,-1,-1,-1
143,2,546,843,50,50,1,-1,-1,-1
143,3,678,1089,50,50,1,-1,-1,-1
143,4,427,865,50,50,1,-1,-1,-1
143,5,493,1192,50,50,1,-1,-1,-1
144,2,537,812,50,50,1,-1,-1,-1
144,3,680,1110,50,50,1,-1,-1,-1
144,4,420,906,50,50,1,-1,-1,-1
144,5,508,1108,50,50,1,-1,-1,-1
145,2,530,786,50,50,1,-1,-1,-1
145,3,677,1145,50,50,1,-1,-1,-1
145,4,415,953,50,50,1,-1,-1,-1
145,5,503,1042,50,50,1,-1,-1,-1
146,2,522,765,50,50,1,-1,-1,-1
146,3,663,1188,50,50,1,-1,-1,-1
146,4,409,1007,50,50,1,-1,-1,-1
146,5,440,1133,50,50,1,-1,-1,-1
147,2,515,751,50,50,1,-1,-1,-1
147,3,645,1244,50,50,1,-1,-1,-1
147,4,411,1113,50,50,1,-1,-1,-1
147,5,514,916,50,50,1,-1,-1,-1
148,2,508,742,50,50,1,-1,-1,-1
148,3,629,1276,50,50,1,-1,-1,-1
148,4,397,1152,50,50,1,-1,-1,-1
148,5,601,710,50,50,1,-1,-1,-1
149,2,500,737,50,50,1,-1,-1,-1
149,3,613,1281,50,50,1,-1,-1,-1
149,4,391,1197,50,50,1,-1,-1,-1
149,5,608,734,50,50,1,-1,-1,-1
150,2,493,737,50,50,1,-1,-1,-1
150,3,599,1267,50,50,1,-1,-1,-1
150,4,390,1236,50,50,1,-1,-1,-1
150,5,529,795,50,50,1,-1,-1,-1
151,2,513,754,50,50,1,-1,-1,-1
151,3,590,1216,50,50,1,-1,-1,-1
151,4,398,1269,50,50,1,-1,-1,-1
151,5,621,797,50,50,1,-1,-1,-1
152,2,510,744,50,50,1,-1,-1,-1
152,3,584,1156,50,50,1,-1,-1,-1
152,4,413,1296,50,50,1,-1,-1,-1
152,5,628,837,50,50,1,-1,-1,-1
153,2,543,716,50,50,1,-1,-1,-1
153,3,588,1116,50,50,1,-1,-1,-1
153,4,429,1315,50,50,1,-1,-1,-1
153,5,637,882,50,50,1,-1,-1,-1
154,2,552,689,50,50,1,-1,-1,-1
154,3,632,1097,50,50,1,-1,-1,-1
154,4,462,1317,50,50,1,-1,-1,-1
154,5,653,987,50,50,1,-1,-1,-1
155,2,558,682,50,50,1,-1,-1,-1
155,3,657,1081,50,50,1,-1,-1,-1
155,4,476,1287,50,50,1,-1,-1,-1
155,5,541,904,50,50,1,-1,-1,-1
156,2,564,682,50,50,1,-1,-1,-1
156,3,672,1118,50,50,1,-1,-1,-1
156,4,481,1232,50,50,1,-1,-1,-1
156,5,489,872,50,50,1,-1,-1,-1
157,2,523,826,50,50,1,-1,-1,-1
157,3,677,1149,50,50,1,-1,-1,-1
157,4,481,1172,50,50,1,-1,-1,-1
157,5,442,921,50,50,1,-1,-1,-1
158,2,515,794,50,50,1,-1,-1,-1
158,3,671,1184,50,50,1,-1,-1,-1
158,4,490,1087,50,50,1,-1,-1,-1
158,5,435,968,50,50,1,-1,-1,-1
159,2,582,709,50,50,1,-1,-1,-1
159,3,656,1229,50,50,1,-1,-1,-1
159,4,487,1017,50,50,1,-1,-1,-1
159,5,432,1020,50,50,1,-1,-1,-1
160,2,588,726,50,50,1,-1,-1,-1
160,3,635,1270,50,50,1,-1,-1,-1
160,4,490,949,50,50,1,-1,-1,-1
160,5,433,1116,50,50,1,-1,-1,-1
161,2,595,750,50,50,1,-1,-1,-1
161,3,622,1288,50,50,1,-1,-1,-1
161,4,497,897,50,50,1,-1,-1,-1
161,5,426,1159,50,50,1,-1,-1,-1
162,2,602,781,50,50,1,-1,-1,-1
162,3,609,1287,50,50,1,-1,-1,-1
162,4,501,849,50,50,1,-1,-1,-1
162,5,419,1197,50,50,1,-1,-1,-1
163,2,609,816,50,50,1,-1,-1,-1
163,3,596,1268,50,50,1,-1,-1,-1
163,4,505,806,50,50,1,-1,-1,-1
163,5,420,1235,50,50,1,-1,-1,-1
164,2,616,857,50,50,1,-1,-1,-1
164,3,587,1208,50,50,1,-1,-1,-1
164,4,508,768,50,50,1,-1,-1,-1
164,5,423,1269,50,50,1,-1,-1,-1
165,2,624,903,50,50,1,-1,-1,-1
165,3,582,1150,50,50,1,-1,-1,-1
165,4,490,726,50,50,1,-1,-1,-1
165,5,431,1298,50,50,1,-1,-1,-1
166,2,633,956,50,50,1,-1,-1,-1
166,3,590,1113,50,50,1,-1,-1,-1
166,4,456,725,50,50,1,-1,-1,-1
166,5,439,1319,50,50,1,-1,-1,-1
167,2,641,1013,50,50,1,-1,-1,-1
167,3,621,1117,50,50,1,-1,-1,-1
167,4,449,740,50,50,1,-1,-1,-1
167,5,445,1331,50,50,1,-1,-1,-1
168,2,554,931,50,50,1,-1,-1,-1
168,3,648,1106,50,50,1,-1,-1,-1
168,4,443,759,50,50,1,-1,-1,-1
168,5,451,1330,50,50,1,-1,-1,-1
169,2,542,889,50,50,1,-1,-1,-1
169,3,660,1145,50,50,1,-1,-1,-1
169,4,436,784,50,50,1,-1,-1,-1
169,5,457,1315,50,50,1,-1,-1,-1
170,2,534,843,50,50,1,-1,-1,-1
170,3,664,1178,50,50,1,-1,-1,-1
170,4,429,813,50,50,1,-1,-1,-1
170,5,465,1270,50,50,1,-1,-1,-1
171,2,525,803,50,50,1,-1,-1,-1
171,3,660,1208,50,50,1,-1,-1,-1
171,4,423,848,50,50,1,-1,-1,-1
171,5,468,1203,50,50,1,-1,-1,-1
172,2,519,769,50,50,1,-1,-1,-1
172,3,648,1249,50,50,1,-1,-1,-1
172,4,417,888,50,50,1,-1,-1,-1
172,5,462,1145,50,50,1,-1,-1,-1
173,2,512,739,50,50,1,-1,-1,-1
173,3,631,1281,50,50,1,-1,-1,-1
173,4,412,933,50,50,1,-1,-1,-1
173,5,475,1051,50,50,1,-1,-1,-1
174,2,529,695,50,50,1,-1,-1,-1
174,3,618,1301,50,50,1,-1,-1,-1
174,4,408,986,50,50,1,-1,-1,-1
174,5,477,986,50,50,1,-1,-1,-1
175,2,558,694,50,50,1,-1,-1,-1
175,3,601,1303,50,50,1,-1,-1,-1
175,4,400,1042,50,50,1,-1,-1,-1
175,5,483,927,50,50,1,-1,-1,-1
176,2,564,718,50,50,1,-1,-1,-1
176,3,593,1297,50,50,1,-1,-1,-1
176,4,395,1139,50,50,1,-1,-1,-1
176,5,488,876,50,50,1,-1,-1,-1
177,2,570,746,50,50,1,-1,-1,-1
177,3,581,1280,50,50,1,-1,-1,-1
177,4,388,1182,50,50,1,-1,-1,-1
177,5,492,830,50,50,1,-1,-1,-1
178,2,576,781,50,50,1,-1,-1,-1
178,3,573,1237,50,50,1,-1,-1,-1
178,4,384,1225,50,50,1,-1,-1,-1
178,5,496,789,50,50,1,-1,-1,-1
179,2,583,821,50,50,1,-1,-1,-1
179,3,564,1174,50,50,1,-1,-1,-1
179,4,394,1259,50,50,1,-1,-1,-1
179,5,501,754,50,50,1,-1,-1,-1
180,2,590,866,50,50,1,-1,-1,-1
180,3,565,1129,50,50,1,-1,-1,-1
180,4,407,1291,50,50,1,-1,-1,-1
180,5,486,702,50,50,1,-1,-1,-1
181,2,605,972,50,50,1,-1,-1,-1
181,3,597,1113,50,50,1,-1,-1,-1
181,4,440,1323,50,50,1,-1,-1,-1
181,5,514,677,50,50,1,-1,-1,-1
182,2,611,1078,50,50,1,-1,-1,-1
182,3,536,917,50,50,1,-1,-1,-1
182,4,449,1320,50,50,1,-1,-1,-1
182,5,519,665,50,50,1,-1,-1,-1
183,2,617,1118,50,50,1,-1,-1,-1
183,3,445,757,50,50,1,-1,-1,-1
183,4,464,1296,50,50,1,-1,-1,-1
183,5,525,655,50,50,1,-1,-1,-1
184,2,621,1153,50,50,1,-1,-1,-1
184,3,439,791,50,50,1,-1,-1,-1
184,4,474,1249,50,50,1,-1,-1,-1
184,5,531,650,50,50,1,-1,-1,-1
185,2,621,1187,50,50,1,-1,-1,-1
185,3,434,829,50,50,1,-1,-1,-1
185,4,476,1186,50,50,1,-1,-1,-1
185,5,534,650,50,50,1,-1,-1,-1
186,2,618,1231,50,50,1,-1,-1,-1
186,3,429,873,50,50,1,-1,-1,-1
186,4,491,1105,50,50,1,-1,-1,-1
186,5,541,655,50,50,1,-1,-1,-1
187,2,612,1279,50,50,1,-1,-1,-1
187,3,424,922,50,50,1,-1,-1,-1
187,4,471,1092,50,50,1,-1,-1,-1
187,5,547,665,50,50,1,-1,-1,-1
188,2,606,1297,50,50,1,-1,-1,-1
188,3,419,977,50,50,1,-1,-1,-1
188,4,444,1110,50,50,1,-1,-1,-1
188,5,552,681,50,50,1,-1,-1,-1
189,2,599,1298,50,50,1,-1,-1,-1
189,3,502,922,50,50,1,-1,-1,-1
189,4,420,1087,50,50,1,-1,-1,-1
189,5,559,700,50,50,1,-1,-1,-1
190,2,590,1288,50,50,1,-1,-1,-1
190,3,511,878,50,50,1,-1,-1,-1
190,4,410,1125,50,50,1,-1,-1,-1
190,5,565,726,50,50,1,-1,-1,-1
191,2,582,1254,50,50,1,-1,-1,-1
191,3,518,836,50,50,1,-1,-1,-1
191,4,407,1166,50,50,1,-1,-1,-1
191,5,572,757,50,50,1,-1,-1,-1
192,2,570,1196,50,50,1,-1,-1,-1
192,3,553,796,50,50,1,-1,-1,-1
192,4,409,1209,50,50,1,-1,-1,-1
192,5,488,734,50,50,1,-1,-1,-1
193,2,567,1143,50,50,1,-1,-1,-1
193,3,586,834,50,50,1,-1,-1,-1
193,4,418,1254,50,50,1,-1,-1,-1
193,5,512,758,50,50,1,-1,-1,-1
194,2,576,1117,50,50,1,-1,-1,-1
194,3,593,881,50,50,1,-1,-1,-1
194,4,438,1291,50,50,1,-1,-1,-1
194,5,539,744,50,50,1,-1,-1,-1
195,2,594,1108,50,50,1,-1,-1,-1
195,3,600,932,50,50,1,-1,-1,-1
195,4,457,1313,50,50,1,-1,-1,-1
195,5,547,724,50,50,1,-1,-1,-1
196,2,609,1105,50,50,1,-1,-1,-1
196,3,609,991,50,50,1,-1,-1,-1
196,4,472,1311,50,50,1,-1,-1,-1
196,5,553,709,50,50,1,-1,-1,-1
197,2,618,1089,50,50,1,-1,-1,-1
197,3,522,889,50,50,1,-1,-1,-1
197,4,488,1287,50,50,1,-1,-1,-1
197,5,561,700,50,50,1,-1,-1,-1
198,2,624,1132,50,50,1,-1,-1,-1
198,3,491,856,50,50,1,-1,-1,-1
198,4,494,1244,50,50,1,-1,-1,-1
198,5,570,694,50,50,1,-1,-1,-1
199,2,625,1172,50,50,1,-1,-1,-1
199,3,505,812,50,50,1,-1,-1,-1
199,4,500,1187,50,50,1,-1,-1,-1
199,5,576,694,50,50,1,-1,-1,-1
200,2,626,1214,50,50,1,-1,-1,-1
200,3,498,781,50,50,1,-1,-1,-1
200,4,510,1116,50,50,1,-1,-1,-1
200,5,584,698,50,50,1,-1,-1,-1
201,2,626,1269,50,50,1,-1,-1,-1
201,3,490,756,50,50,1,-1,-1,-1
201,4,458,1003,50,50,1,-1,-1,-1
201,5,592,709,50,50,1,-1,-1,-1
202,2,628,1291,50,50,1,-1,-1,-1
202,3,482,736,50,50,1,-1,-1,-1
202,4,454,1099,50,50,1,-1,-1,-1
202,5,601,723,50,50,1,-1,-1,-1
203,2,625,1294,50,50,1,-1,-1,-1
203,3,474,720,50,50,1,-1,-1,-1
203,4,452,1145,50,50,1,-1,-1,-1
203,5,609,743,50,50,1,-1,-1,-1
204,2,612,1273,50,50,1,-1,-1,-1
204,3,466,710,50,50,1,-1,-1,-1
204,4,453,1192,50,50,1,-1,-1,-1
204,5,618,768,50,50,1,-1,-1,-1
205,2,603,1225,50,50,1,-1,-1,-1
205,3,458,706,50,50,1,-1,-1,-1
205,4,458,1227,50,50,1,-1,-1,-1
205,5,626,798,50,50,1,-1,-1,-1
206,2,593,1165,50,50,1,-1,-1,-1
206,3,451,707,50,50,1,-1,-1,-1
206,4,458,1267,50,50,1,-1,-1,-1
206,5,635,834,50,50,1,-1,-1,-1
207,2,595,1120,50,50,1,-1,-1,-1
207,3,446,712,50,50,1,-1,-1,-1
207,4,462,1301,50,50,1,-1,-1,-1
207,5,646,874,50,50,1,-1,-1,-1
208,2,627,1119,50,50,1,-1,-1,-1
208,3,439,723,50,50,1,-1,-1,-1
208,4,464,1319,50,50,1,-1,-1,-1
208,5,654,920,50,50,1,-1,-1,-1
209,2,654,1111,50,50,1,-1,-1,-1
209,3,431,739,50,50,1,-1,-1,-1
209,4,466,1318,50,50,1,-1,-1,-1
209,5,664,972,50,50,1,-1,-1,-1
210,2,688,1118,50,50,1,-1,-1,-1
210,3,420,786,50,50,1,-1,-1,-1
210,4,479,1260,50,50,1,-1,-1,-1
210,5,534,875,50,50,1,-1,-1,-1
211,2,691,1156,50,50,1,-1,-1,-1
211,3,413,817,50,50,1,-1,-1,-1
211,4,481,1198,50,50,1,-1,-1,-1
211,5,542,686,50,50,1,-1,-1,-1
212,2,685,1190,50,50,1,-1,-1,-1
212,3,407,854,50,50,1,-1,-1,-1
212,4,495,1118,50,50,1,-1,-1,-1
212,5,512,805,50,50,1,-1,-1,-1
213,2,671,1231,50,50,1,-1,-1,-1
213,3,399,896,50,50,1,-1,-1,-1
213,4,502,777,50,50,1,-1,-1,-1
213,5,477,1083,50,50,1,-1,-1,-1
214,2,649,1273,50,50,1,-1,-1,-1
214,3,395,945,50,50,1,-1,-1,-1
214,4,491,756,50,50,1,-1,-1,-1
214,5,440,1117,50,50,1,-1,-1,-1
215,2,632,1299,50,50,1,-1,-1,-1
215,3,387,997,50,50,1,-1,-1,-1
215,4,502,933,50,50,1,-1,-1,-1
215,5,416,1116,50,50,1,-1,-1,-1
216,2,615,1305,50,50,1,-1,-1,-1
216,3,510,891,50,50,1,-1,-1,-1
216,4,563,734,50,50,1,-1,-1,-1
216,5,390,1097,50,50,1,-1,-1,-1
217,2,594,1291,50,50,1,-1,-1,-1
217,3,568,758,50,50,1,-1,-1,-1
217,4,462,723,50,50,1,-1,-1,-1
217,5,381,1137,50,50,1,-1,-1,-1
218,2,581,1263,50,50,1,-1,-1,-1
218,3,548,800,50,50,1,-1,-1,-1
218,4,452,721,50,50,1,-1,-1,-1
218,5,382,1180,50,50,1,-1,-1,-1
219,2,569,1207,50,50,1,-1,-1,-1
219,3,555,804,50,50,1,-1,-1,-1
219,4,444,725,50,50,1,-1,-1,-1
219,5,385,1221,50,50,1,-1,-1,-1
220,2,567,1152,50,50,1,-1,-1,-1
220,3,535,755,50,50,1,-1,-1,-1
220,4,433,735,50,50,1,-1,-1,-1
220,5,402,1263,50,50,1,-1,-1,-1
221,2,572,1121,50,50,1,-1,-1,-1
221,3,542,735,50,50,1,-1,-1,-1
221,4,425,749,50,50,1,-1,-1,-1
221,5,425,1296,50,50,1,-1,-1,-1
222,2,591,1113,50,50,1,-1,-1,-1
222,3,549,720,50,50,1,-1,-1,-1
222,4,414,768,50,50,1,-1,-1,-1
222,5,442,1311,50,50,1,-1,-1,-1
223,2,604,1069,50,50,1,-1,-1,-1
223,3,556,709,50,50,1,-1,-1,-1
223,4,408,793,50,50,1,-1,-1,-1
223,5,456,1305,50,50,1,-1,-1,-1
224,2,613,1102,50,50,1,-1,-1,-1
224,3,562,704,50,50,1,-1,-1,-1
224,4,399,823,50,50,1,-1,-1,-1
224,5,467,1273,50,50,1,-1,-1,-1
225,2,617,1138,50,50,1,-1,-1,-1
225,3,569,704,50,50,1,-1,-1,-1
225,4,389,859,50,50,1,-1,-1,-1
225,5,471,1217,50,50,1,-1,-1,-1
226,2,616,1171,50,50,1,-1,-1,-1
226,3,511,824,50,50,1,-1,-1,-1
226,4,381,900,50,50,1,-1,-1,-1
226,5,461,1161,50,50,1,-1,-1,-1
227,2,614,1213,50,50,1,-1,-1,-1
227,3,504,793,50,50,1,-1,-1,-1
227,4,372,947,50,50,1,-1,-1,-1
227,5,450,1122,50,50,1,-1,-1,-1
228,2,611,1266,50,50,1,-1,-1,-1
228,3,498,766,50,50,1,-1,-1,-1
228,4,362,998,50,50,1,-1,-1,-1
228,5,413,1134,50,50,1,-1,-1,-1
229,2,610,1289,50,50,1,-1,-1,-1
229,3,491,746,50,50,1,-1,-1,-1
229,4,477,959,50,50,1,-1,-1,-1
229,5,376,1108,50,50,1,-1,-1,-1
230,2,602,1287,50,50,1,-1,-1,-1
230,3,484,731,50,50,1,-1,-1,-1
230,4,606,773,50,50,1,-1,-1,-1
230,5,361,1146,50,50,1,-1,-1,-1
231,2,592,1266,50,50,1,-1,-1,-1
231,3,478,720,50,50,1,-1,-1,-1
231,4,614,803,50,50,1,-1,-1,-1
231,5,349,1183,50,50,1,-1,-1,-1
232,2,582,1216,50,50,1,-1,-1,-1
232,3,473,716,50,50,1,-1,-1,-1
232,4,622,838,50,50,1,-1,-1,-1
232,5,354,1222,50,50,1,-1,-1,-1
233,2,577,1159,50,50,1,-1,-1,-1
233,3,467,716,50,50,1,-1,-1,-1
233,4,632,877,50,50,1,-1,-1,-1
233,5,366,1256,50,50,1,-1,-1,-1
234,2,582,1123,50,50,1,-1,-1,-1
234,3,477,746,50,50,1,-1,-1,-1
234,4,641,922,50,50,1,-1,-1,-1
234,5,379,1284,50,50,1,-1,-1,-1
235,2,612,1121,50,50,1,-1,-1,-1
235,3,475,737,50,50,1,-1,-1,-1
235,4,649,972,50,50,1,-1,-1,-1
235,5,403,1304,50,50,1,-1,-1,-1
236,2,648,1080,50,50,1,-1,-1,-1
236,3,473,736,50,50,1,-1,-1,-1
236,5,418,1313,50,50,1,-1,-1,-1
237,2,521,874,50,50,1,-1,-1,-1
237,3,504,709,50,50,1,-1,-1,-1
237,4,670,1144,50,50,1,-1,-1,-1
237,5,445,1299,50,50,1,-1,-1,-1
238,2,437,821,50,50,1,-1,-1,-1
238,3,507,708,50,50,1,-1,-1,-1
238,4,668,1171,50,50,1,-1,-1,-1
238,5,454,1260,50,50,1,-1,-1,-1
239,2,432,855,50,50,1,-1,-1,-1
239,3,504,805,50,50,1,-1,-1,-1
239,4,658,1204,50,50,1,-1,-1,-1
239,5,460,1197,50,50,1,-1,-1,-1
240,2,428,897,50,50,1,-1,-1,-1
240,3,496,779,50,50,1,-1,-1,-1
240,4,636,1250,50,50,1,-1,-1,-1
240,5,452,1151,50,50,1,-1,-1,-1
241,2,423,944,50,50,1,-1,-1,-1
241,3,503,746,50,50,1,-1,-1,-1
241,4,608,1286,50,50,1,-1,-1,-1
241,5,450,1108,50,50,1,-1,-1,-1
242,2,446,996,50,50,1,-1,-1,-1
242,3,502,748,50,50,1,-1,-1,-1
242,4,588,1299,50,50,1,-1,-1,-1
242,5,426,1120,50,50,1,-1,-1,-1
243,2,484,941,50,50,1,-1,-1,-1
243,3,526,775,50,50,1,-1,-1,-1
243,4,569,1296,50,50,1,-1,-1,-1
243,5,412,1101,50,50,1,-1,-1,-1
244,2,493,894,50,50,1,-1,-1,-1
244,3,531,806,50,50,1,-1,-1,-1
244,4,553,1273,50,50,1,-1,-1,-1
244,5,407,1132,50,50,1,-1,-1,-1
245,2,456,725,50,50,1,-1,-1,-1
245,3,516,847,50,50,1,-1,-1,-1
245,4,528,1233,50,50,1,-1,-1,-1
245,5,405,1167,50,50,1,-1,-1,-1
246,2,449,730,50,50,1,-1,-1,-1
246,3,539,879,50,50,1,-1,-1,-1
246,4,514,1175,50,50,1,-1,-1,-1
246,5,408,1204,50,50,1,-1,-1,-1
247,2,513,787,50,50,1,-1,-1,-1
247,3,547,918,50,50,1,-1,-1,-1
247,4,524,1128,50,50,1,-1,-1,-1
247,5,419,1249,50,50,1,-1,-1,-1
248,2,522,762,50,50,1,-1,-1,-1
248,3,493,1033,50,50,1,-1,-1,-1
248,4,544,1126,50,50,1,-1,-1,-1
248,5,434,1300,50,50,1,-1,-1,-1
249,2,530,741,50,50,1,-1,-1,-1
249,3,429,775,50,50,1,-1,-1,-1
249,4,557,1127,50,50,1,-1,-1,-1
249,5,439,1297,50,50,1,-1,-1,-1
250,2,536,727,50,50,1,-1,-1,-1
250,3,421,799,50,50,1,-1,-1,-1
250,4,569,1133,50,50,1,-1,-1,-1
250,5,449,1321,50,50,1,-1,-1,-1
251,2,415,829,50,50,1,-1,-1,-1
251,3,486,882,50,50,1,-1,-1,-1
251,4,583,1163,50,50,1,-1,-1,-1
251,5,451,1441,50,50,1,-1,-1,-1
252,2,408,865,50,50,1,-1,-1,-1
252,3,481,844,50,50,1,-1,-1,-1
252,4,588,1198,50,50,1,-1,-1,-1
252,5,451,1445,50,50,1,-1,-1,-1
253,2,402,907,50,50,1,-1,-1,-1
253,3,477,812,50,50,1,-1,-1,-1
253,4,585,1237,50,50,1,-1,-1,-1
253,5,452,1451,50,50,1,-1,-1,-1
254,2,395,953,50,50,1,-1,-1,-1
254,3,473,785,50,50,1,-1,-1,-1
254,4,586,1272,50,50,1,-1,-1,-1
254,5,448,1084,50,50,1,-1,-1,-1
255,2,390,1006,50,50,1,-1,-1,-1
255,3,574,726,50,50,1,-1,-1,-1
255,4,587,1289,50,50,1,-1,-1,-1
255,5,477,980,50,50,1,-1,-1,-1
256,2,381,1109,50,50,1,-1,-1,-1
256,3,583,740,50,50,1,-1,-1,-1
256,4,584,1291,50,50,1,-1,-1,-1
256,5,484,937,50,50,1,-1,-1,-1
257,2,372,1148,50,50,1,-1,-1,-1
257,3,592,761,50,50,1,-1,-1,-1
257,4,579,1278,50,50,1,-1,-1,-1
257,5,488,873,50,50,1,-1,-1,-1
258,2,370,1188,50,50,1,-1,-1,-1
258,3,601,787,50,50,1,-1,-1,-1
258,4,572,1241,50,50,1,-1,-1,-1
258,5,493,831,50,50,1,-1,-1,-1
259,2,376,1229,50,50,1,-1,-1,-1
259,3,610,817,50,50,1,-1,-1,-1
259,4,562,1179,50,50,1,-1,-1,-1
259,5,499,795,50,50,1,-1,-1,-1
260,2,386,1264,50,50,1,-1,-1,-1
260,3,619,853,50,50,1,-1,-1,-1
260,4,562,1131,50,50,1,-1,-1,-1
260,5,504,764,50,50,1,-1,-1,-1
261,2,409,1293,50,50,1,-1,-1,-1
261,3,628,894,50,50,1,-1,-1,-1
261,4,585,1120,50,50,1,-1,-1,-1
261,5,510,738,50,50,1,-1,-1,-1
262,2,431,1308,50,50,1,-1,-1,-1
262,3,638,940,50,50,1,-1,-1,-1
262,4,607,1103,50,50,1,-1,-1,-1
262,5,515,717,50,50,1,-1,-1,-1
263,2,443,1310,50,50,1,-1,-1,-1
263,3,648,991,50,50,1,-1,-1,-1
263,4,635,1099,50,50,1,-1,-1,-1
263,5,520,702,50,50,1,-1,-1,-1
264,2,461,1291,50,50,1,-1,-1,-1
264,3,516,884,50,50,1,-1,-1,-1
264,4,657,1086,50,50,1,-1,-1,-1
264,5,527,692,50,50,1,-1,-1,-1
265,2,471,1247,50,50,1,-1,-1,-1
265,3,435,829,50,50,1,-1,-1,-1
265,4,666,1125,50,50,1,-1,-1,-1
265,5,532,687,50,50,1,-1,-1,-1
266,2,471,1127,50,50,1,-1,-1,-1
266,3,429,904,50,50,1,-1,-1,-1
266,4,663,1198,50,50,1,-1,-1,-1
266,5,545,691,50,50,1,-1,-1,-1
267,2,427,950,50,50,1,-1,-1,-1
267,3,483,1037,50,50,1,-1,-1,-1
267,4,651,1246,50,50,1,-1,-1,-1
267,5,551,700,50,50,1,-1,-1,-1
268,2,482,977,50,50,1,-1,-1,-1
268,3,435,1120,50,50,1,-1,-1,-1
268,4,633,1283,50,50,1,-1,-1,-1
268,5,559,713,50,50,1,-1,-1,-1
269,2,495,918,50,50,1,-1,-1,-1
269,3,421,1099,50,50,1,-1,-1,-1
269,4,616,1296,50,50,1,-1,-1,-1
269,5,566,733,50,50,1,-1,-1,-1
270,2,501,875,50,50,1,-1,-1,-1
270,3,415,1140,50,50,1,-1,-1,-1
270,4,598,1290,50,50,1,-1,-1,-1
270,5,573,757,50,50,1,-1,-1,-1
271,2,507,833,50,50,1,-1,-1,-1
271,3,413,1184,50,50,1,-1,-1,-1
271,4,584,1262,50,50,1,-1,-1,-1
271,5,580,788,50,50,1,-1,-1,-1
272,2,512,795,50,50,1,-1,-1,-1
272,3,417,1232,50,50,1,-1,-1,-1
272,4,571,1212,50,50,1,-1,-1,-1
272,5,587,823,50,50,1,-1,-1,-1
273,2,518,765,50,50,1,-1,-1,-1
273,3,424,1276,50,50,1,-1,-1,-1
273,4,566,1156,50,50,1,-1,-1,-1
273,5,594,862,50,50,1,-1,-1,-1
274,2,524,739,50,50,1,-1,-1,-1
274,3,430,1305,50,50,1,-1,-1,-1
274,4,573,1123,50,50,1,-1,-1,-1
274,5,603,907,50,50,1,-1,-1,-1
275,2,530,717,50,50,1,-1,-1,-1
275,3,440,1321,50,50,1,-1,-1,-1
275,4,598,1121,50,50,1,-1,-1,-1
275,5,611,958,50,50,1,-1,-1,-1
276,2,535,702,50,50,1,-1,-1,-1
276,3,450,1316,50,50,1,-1,-1,-1
276,4,618,1118,50,50,1,-1,-1,-1
276,5,621,1016,50,50,1,-1,-1,-1
277,2,541,690,50,50,1,-1,-1,-1
277,3,462,1292,50,50,1,-1,-1,-1
277,4,632,1105,50,50,1,-1,-1,-1
277,5,523,907,50,50,1,-1,-1,-1
278,2,548,685,50,50,1,-1,-1,-1
278,3,471,1240,50,50,1,-1,-1,-1
278,4,640,1142,50,50,1,-1,-1,-1
278,5,427,835,50,50,1,-1,-1,-1
279,2,553,685,50,50,1,-1,-1,-1
279,3,473,1176,50,50,1,-1,-1,-1
279,4,639,1175,50,50,1,-1,-1,-1
279,5,422,875,50,50,1,-1,-1,-1
280,2,561,689,50,50,1,-1,-1,-1
280,3,484,1097,50,50,1,-1,-1,-1
280,4,631,1211,50,50,1,-1,-1,-1
280,5,419,918,50,50,1,-1,-1,-1
281,2,568,698,50,50,1,-1,-1,-1
281,3,465,1086,50,50,1,-1,-1,-1
281,4,623,1260,50,50,1,-1,-1,-1
281,5,414,968,50,50,1,-1,-1,-1
282,2,574,713,50,50,1,-1,-1,-1
282,3,420,1080,50,50,1,-1,-1,-1
282,4,613,1286,50,50,1,-1,-1,-1
282,5,489,957,50,50,1,-1,-1,-1
283,2,581,732,50,50,1,-1,-1,-1
283,3,408,1119,50,50,1,-1,-1,-1
283,4,600,1292,50,50,1,-1,-1,-1
283,5,499,901,50,50,1,-1,-1,-1
284,2,589,758,50,50,1,-1,-1,-1
284,3,399,1160,50,50,1,-1,-1,-1
284,4,591,1279,50,50,1,-1,-1,-1
284,5,503,852,50,50,1,-1,-1,-1
285,2,596,787,50,50,1,-1,-1,-1
285,3,394,1199,50,50,1,-1,-1,-1
285,4,585,1244,50,50,1,-1,-1,-1
285,5,510,807,50,50,1,-1,-1,-1
286,2,604,823,50,50,1,-1,-1,-1
286,3,395,1240,50,50,1,-1,-1,-1
286,4,574,1184,50,50,1,-1,-1,-1
286,5,516,768,50,50,1,-1,-1,-1
287,2,612,864,50,50,1,-1,-1,-1
287,3,409,1278,50,50,1,-1,-1,-1
287,4,571,1133,50,50,1,-1,-1,-1
287,5,522,733,50,50,1,-1,-1,-1
288,2,621,911,50,50,1,-1,-1,-1
288,3,424,1305,50,50,1,-1,-1,-1
288,4,581,1103,50,50,1,-1,-1,-1
288,5,527,704,50,50,1,-1,-1,-1
289,2,629,963,50,50,1,-1,-1,-1
289,3,438,1317,50,50,1,-1,-1,-1
289,4,606,1100,50,50,1,-1,-1,-1
289,5,534,680,50,50,1,-1,-1,-1
290,2,542,922,50,50,1,-1,-1,-1
290,3,449,1313,50,50,1,-1,-1,-1
290,4,632,1067,50,50,1,-1,-1,-1
290,5,540,662,50,50,1,-1,-1,-1
291,2,422,800,50,50,1,-1,-1,-1
291,3,463,1285,50,50,1,-1,-1,-1
291,4,643,1112,50,50,1,-1,-1,-1
291,5,546,649,50,50,1,-1,-1,-1
292,2,417,831,50,50,1,-1,-1,-1
292,3,470,1230,50,50,1,-1,-1,-1
292,4,652,1144,50,50,1,-1,-1,-1
292,5,552,641,50,50,1,-1,-1,-1
293,2,404,911,50,50,1,-1,-1,-1
293,3,465,1116,50,50,1,-1,-1,-1
293,4,643,1222,50,50,1,-1,-1,-1
293,5,566,638,50,50,1,-1,-1,-1
294,2,399,957,50,50,1,-1,-1,-1
294,3,482,1010,50,50,1,-1,-1,-1
294,4,627,1266,50,50,1,-1,-1,-1
294,5,573,645,50,50,1,-1,-1,-1
295,2,394,1011,50,50,1,-1,-1,-1
295,3,487,941,50,50,1,-1,-1,-1
295,4,612,1289,50,50,1,-1,-1,-1
295,5,579,657,50,50,1,-1,-1,-1
296,2,387,1113,50,50,1,-1,-1,-1
296,3,496,886,50,50,1,-1,-1,-1
296,4,598,1293,50,50,1,-1,-1,-1
296,5,588,673,50,50,1,-1,-1,-1
297,2,380,1153,50,50,1,-1,-1,-1
297,3,500,835,50,50,1,-1,-1,-1
297,4,588,1284,50,50,1,-1,-1,-1
297,5,596,696,50,50,1,-1,-1,-1
298,2,379,1193,50,50,1,-1,-1,-1
298,3,505,789,50,50,1,-1,-1,-1
298,4,582,1256,50,50,1,-1,-1,-1
298,5,603,723,50,50,1,-1,-1,-1
299,2,383,1233,50,50,1,-1,-1,-1
299,3,498,735,50,50,1,-1,-1,-1
299,4,572,1200,50,50,1,-1,-1,-1
299,5,612,754,50,50,1,-1,-1,-1
300,2,397,1271,50,50,1,-1,-1,-1
300,3,498,715,50,50,1,-1,-1,-1
300,4,571,1143,50,50,1,-1,-1,-1
300,5,619,793,50,50,1,-1,-1,-1
301,2,411,1303,50,50,1,-1,-1,-1
301,3,521,682,50,50,1,-1,-1,-1
301,4,583,1109,50,50,1,-1,-1,-1
301,5,628,836,50,50,1,-1,-1,-1
302,2,428,1320,50,50,1,-1,-1,-1
302,3,525,658,50,50,1,-1,-1,-1
302,4,607,1099,50,50,1,-1,-1,-1
302,5,638,885,50,50,1,-1,-1,-1
303,2,444,1320,50,50,1,-1,-1,-1
303,3,532,639,50,50,1,-1,-1,-1
303,4,634,1096,50,50,1,-1,-1,-1
303,5,647,940,50,50,1,-1,-1,-1
304,2,458,1299,50,50,1,-1,-1,-1
304,3,537,624,50,50,1,-1,-1,-1
304,4,657,1065,50,50,1,-1,-1,-1
304,5,541,869,50,50,1,-1,-1,-1
305,2,468,1254,50,50,1,-1,-1,-1
305,3,543,614,50,50,1,-1,-1,-1
305,4,671,1101,50,50,1,-1,-1,-1
305,5,446,829,50,50,1,-1,-1,-1
306,2,469,1188,50,50,1,-1,-1,-1
306,3,550,611,50,50,1,-1,-1,-1
306,4,677,1145,50,50,1,-1,-1,-1
306,5,442,866,50,50,1,-1,-1,-1
307,2,481,1108,50,50,1,-1,-1,-1
307,3,557,612,50,50,1,-1,-1,-1
307,4,672,1184,50,50,1,-1,-1,-1
307,5,437,909,50,50,1,-1,-1,-1
308,2,480,1033,50,50,1,-1,-1,-1
308,3,563,615,50,50,1,-1,-1,-1
308,4,659,1229,50,50,1,-1,-1,-1
308,5,432,956,50,50,1,-1,-1,-1
309,2,481,971,50,50,1,-1,-1,-1
309,3,570,626,50,50,1,-1,-1,-1
309,4,639,1270,50,50,1,-1,-1,-1
309,5,429,1008,50,50,1,-1,-1,-1
310,2,492,912,50,50,1,-1,-1,-1
310,3,578,644,50,50,1,-1,-1,-1
310,4,621,1292,50,50,1,-1,-1,-1
310,5,424,1107,50,50,1,-1,-1,-1
311,2,498,864,50,50,1,-1,-1,-1
311,3,585,666,50,50,1,-1,-1,-1
311,4,605,1292,50,50,1,-1,-1,-1
311,5,416,1146,50,50,1,-1,-1,-1
312,2,503,818,50,50,1,-1,-1,-1
312,3,593,694,50,50,1,-1,-1,-1
312,4,590,1270,50,50,1,-1,-1,-1
312,5,411,1183,50,50,1,-1,-1,-1
313,2,509,780,50,50,1,-1,-1,-1
313,3,602,727,50,50,1,-1,-1,-1
313,4,582,1221,50,50,1,-1,-1,-1
313,5,411,1215,50,50,1,-1,-1,-1
314,2,515,745,50,50,1,-1,-1,-1
314,3,610,766,50,50,1,-1,-1,-1
314,4,573,1161,50,50,1,-1,-1,-1
314,5,420,1253,50,50,1,-1,-1,-1
315,2,521,715,50,50,1,-1,-1,-1
315,3,617,810,50,50,1,-1,-1,-1
315,4,575,1118,50,50,1,-1,-1,-1
315,5,430,1286,50,50,1,-1,-1,-1
316,2,506,671,50,50,1,-1,-1,-1
316,3,626,859,50,50,1,-1,-1,-1
316,4,589,1087,50,50,1,-1,-1,-1
316,5,441,1310,50,50,1,-1,-1,-1
317,2,505,669,50,50,1,-1,-1,-1
317,3,636,916,50,50,1,-1,-1,-1
317,4,618,1094,50,50,1,-1,-1,-1
317,5,450,1322,50,50,1,-1,-1,-1
318,2,505,674,50,50,1,-1,-1,-1
318,3,646,979,50,50,1,-1,-1,-1
318,4,637,1097,50,50,1,-1,-1,-1
318,5,462,1317,50,50,1,-1,-1,-1
319,2,476,710,50,50,1,-1,-1,-1
319,3,522,857,50,50,1,-1,-1,-1
319,4,654,1084,50,50,1,-1,-1,-1
319,5,475,1294,50,50,1,-1,-1,-1
320,2,472,743,50,50,1,-1,-1,-1
320,3,550,650,50,50,1,-1,-1,-1
320,4,659,1130,50,50,1,-1,-1,-1
320,5,487,1251,50,50,1,-1,-1,-1
321,2,500,752,50,50,1,-1,-1,-1
321,3,564,657,50,50,1,-1,-1,-1
321,4,665,1186,50,50,1,-1,-1,-1
321,5,503,1123,50,50,1,-1,-1,-1
322,2,492,727,50,50,1,-1,-1,-1
322,3,570,669,50,50,1,-1,-1,-1
322,4,659,1220,50,50,1,-1,-1,-1
322,5,465,870,50,50,1,-1,-1,-1
323,2,484,707,50,50,1,-1,-1,-1
323,3,577,684,50,50,1,-1,-1,-1
323,4,645,1258,50,50,1,-1,-1,-1
323,5,462,923,50,50,1,-1,-1,-1
324,2,523,908,50,50,1,-1,-1,-1
324,3,583,706,50,50,1,-1,-1,-1
324,4,635,1272,50,50,1,-1,-1,-1
324,5,456,1086,50,50,1,-1,-1,-1
325,2,450,1084,50,50,1,-1,-1,-1
325,3,591,733,50,50,1,-1,-1,-1
325,4,625,1270,50,50,1,-1,-1,-1
325,5,531,865,50,50,1,-1,-1,-1
326,2,448,1136,50,50,1,-1,-1,-1
326,3,598,765,50,50,1,-1,-1,-1
326,4,604,1249,50,50,1,-1,-1,-1
326,5,464,683,50,50,1,-1,-1,-1
327,2,450,1182,50,50,1,-1,-1,-1
327,3,577,790,50,50,1,-1,-1,-1
327,4,595,1197,50,50,1,-1,-1,-1
327,5,457,686,50,50,1,-1,-1,-1
328,2,456,1226,50,50,1,-1,-1,-1
328,3,552,746,50,50,1,-1,-1,-1
328,4,587,1143,50,50,1,-1,-1,-1
328,5,451,692,50,50,1,-1,-1,-1
329,2,458,1274,50,50,1,-1,-1,-1
329,3,624,890,50,50,1,-1,-1,-1
329,4,593,1104,50,50,1,-1,-1,-1
329,5,445,705,50,50,1,-1,-1,-1
330,2,461,1300,50,50,1,-1,-1,-1
330,3,632,944,50,50,1,-1,-1,-1
330,4,618,1103,50,50,1,-1,-1,-1
330,5,439,723,50,50,1,-1,-1,-1
331,2,470,1298,50,50,1,-1,-1,-1
331,3,552,928,50,50,1,-1,-1,-1
331,4,641,1060,50,50,1,-1,-1,-1
331,5,432,747,50,50,1,-1,-1,-1
332,2,482,1270,50,50,1,-1,-1,-1
332,3,536,885,50,50,1,-1,-1,-1
332,4,656,1094,50,50,1,-1,-1,-1
332,5,426,775,50,50,1,-1,-1,-1
333,2,488,1218,50,50,1,-1,-1,-1
333,3,524,841,50,50,1,-1,-1,-1
333,4,665,1130,50,50,1,-1,-1,-1
333,5,420,810,50,50,1,-1,-1,-1
334,2,491,1156,50,50,1,-1,-1,-1
334,3,513,802,50,50,1,-1,-1,-1
334,4,666,1165,50,50,1,-1,-1,-1
334,5,415,849,50,50,1,-1,-1,-1
335,2,496,1088,50,50,1,-1,-1,-1
335,3,503,769,50,50,1,-1,-1,-1
335,4,662,1204,50,50,1,-1,-1,-1
335,5,409,894,50,50,1,-1,-1,-1
336,2,457,1096,50,50,1,-1,-1,-1
336,3,493,741,50,50,1,-1,-1,-1
336,4,650,1254,50,50,1,-1,-1,-1
336,5,403,946,50,50,1,-1,-1,-1
337,2,421,1116,50,50,1,-1,-1,-1
337,3,482,719,50,50,1,-1,-1,-1
337,4,647,1289,50,50,1,-1,-1,-1
337,5,399,1003,50,50,1,-1,-1,-1
338,2,397,1107,50,50,1,-1,-1,-1
338,3,473,701,50,50,1,-1,-1,-1
338,4,634,1289,50,50,1,-1,-1,-1
338,5,521,882,50,50,1,-1,-1,-1
339,2,390,1149,50,50,1,-1,-1,-1
339,3,462,690,50,50,1,-1,-1,-1
339,4,625,1273,50,50,1,-1,-1,-1
339,5,641,712,50,50,1,-1,-1,-1
340,2,390,1189,50,50,1,-1,-1,-1
340,3,453,684,50,50,1,-1,-1,-1
340,4,614,1226,50,50,1,-1,-1,-1
340,5,651,739,50,50,1,-1,-1,-1
341,2,397,1230,50,50,1,-1,-1,-1
341,3,445,683,50,50,1,-1,-1,-1
341,4,607,1165,50,50,1,-1,-1,-1
341,5,661,771,50,50,1,-1,-1,-1
342,2,412,1270,50,50,1,-1,-1,-1
342,3,435,685,50,50,1,-1,-1,-1
342,4,604,1116,50,50,1,-1,-1,-1
342,5,670,809,50,50,1,-1,-1,-1
343,2,424,1298,50,50,1,-1,-1,-1
343,3,426,693,50,50,1,-1,-1,-1
343,4,608,1066,50,50,1,-1,-1,-1
343,5,681,851,50,50,1,-1,-1,-1
344,2,438,1313,50,50,1,-1,-1,-1
344,3,418,708,50,50,1,-1,-1,-1
344,4,583,966,50,50,1,-1,-1,-1
344,5,693,900,50,50,1,-1,-1,-1
345,2,448,1310,50,50,1,-1,-1,-1
345,3,408,727,50,50,1,-1,-1,-1
345,4,568,921,50,50,1,-1,-1,-1
345,5,702,953,50,50,1,-1,-1,-1
346,2,462,1283,50,50,1,-1,-1,-1
346,3,399,750,50,50,1,-1,-1,-1
346,4,555,872,50,50,1,-1,-1,-1
346,5,702,1076,50,50,1,-1,-1,-1
347,2,471,1229,50,50,1,-1,-1,-1
347,3,390,780,50,50,1,-1,-1,-1
347,4,545,833,50,50,1,-1,-1,-1
347,5,709,1114,50,50,1,-1,-1,-1
348,2,473,1166,50,50,1,-1,-1,-1
348,3,383,815,50,50,1,-1,-1,-1
348,4,536,801,50,50,1,-1,-1,-1
348,5,711,1150,50,50,1,-1,-1,-1
349,2,434,1112,50,50,1,-1,-1,-1
349,3,366,898,50,50,1,-1,-1,-1
349,4,518,751,50,50,1,-1,-1,-1
349,5,698,1219,50,50,1,-1,-1,-1
350,2,406,1109,50,50,1,-1,-1,-1
350,3,358,948,50,50,1,-1,-1,-1
350,4,605,665,50,50,1,-1,-1,-1
350,5,675,1259,50,50,1,-1,-1,-1
351,2,377,1118,50,50,1,-1,-1,-1
351,3,349,1003,50,50,1,-1,-1,-1
351,4,612,685,50,50,1,-1,-1,-1
351,5,651,1286,50,50,1,-1,-1,-1
352,2,352,1107,50,50,1,-1,-1,-1
352,3,521,844,50,50,1,-1,-1,-1
352,4,620,709,50,50,1,-1,-1,-1
352,5,637,1288,50,50,1,-1,-1,-1
353,2,347,1148,50,50,1,-1,-1,-1
353,3,484,716,50,50,1,-1,-1,-1
353,4,628,739,50,50,1,-1,-1,-1
353,5,615,1269,50,50,1,-1,-1,-1
354,2,352,1187,50,50,1,-1,-1,-1
354,3,477,720,50,50,1,-1,-1,-1
354,4,636,773,50,50,1,-1,-1,-1
354,5,606,1226,50,50,1,-1,-1,-1
355,2,364,1221,50,50,1,-1,-1,-1
355,3,468,729,50,50,1,-1,-1,-1
355,4,645,813,50,50,1,-1,-1,-1
355,5,597,1166,50,50,1,-1,-1,-1
356,2,379,1257,50,50,1,-1,-1,-1
356,3,460,743,50,50,1,-1,-1,-1
356,4,654,859,50,50,1,-1,-1,-1
356,5,598,1121,50,50,1,-1,-1,-1
357,2,409,1292,50,50,1,-1,-1,-1
357,3,453,763,50,50,1,-1,-1,-1
357,4,662,911,50,50,1,-1,-1,-1
357,5,626,1115,50,50,1,-1,-1,-1
358,2,437,1308,50,50,1,-1,-1,-1
358,3,446,787,50,50,1,-1,-1,-1
358,4,673,968,50,50,1,-1,-1,-1
358,5,649,1099,50,50,1,-1,-1,-1
359,2,458,1299,50,50,1,-1,-1,-1
359,3,439,817,50,50,1,-1,-1,-1
359,4,557,915,50,50,1,-1,-1,-1
359,5,676,1076,50,50,1,-1,-1,-1
360,2,479,1254,50,50,1,-1,-1,-1
360,3,431,851,50,50,1,-1,-1,-1
360,4,546,876,50,50,1,-1,-1,-1
360,5,684,1113,50,50,1,-1,-1,-1
361,2,479,1199,50,50,1,-1,-1,-1
361,3,424,892,50,50,1,-1,-1,-1
361,4,536,837,50,50,1,-1,-1,-1
361,5,692,1149,50,50,1,-1,-1,-1
362,2,477,1147,50,50,1,-1,-1,-1
362,3,418,940,50,50,1,-1,-1,-1
362,4,527,805,50,50,1,-1,-1,-1
362,5,688,1187,50,50,1,-1,-1,-1
363,2,456,1135,50,50,1,-1,-1,-1
363,3,411,992,50,50,1,-1,-1,-1
363,4,518,777,50,50,1,-1,-1,-1
363,5,678,1231,50,50,1,-1,-1,-1
364,2,415,1095,50,50,1,-1,-1,-1
364,3,487,990,50,50,1,-1,-1,-1
364,4,510,756,50,50,1,-1,-1,-1
364,5,659,1271,50,50,1,-1,-1,-1
365,2,397,1140,50,50,1,-1,-1,-1
365,3,493,928,50,50,1,-1,-1,-1
365,4,502,740,50,50,1,-1,-1,-1
365,5,644,1283,50,50,1,-1,-1,-1
366,2,383,1188,50,50,1,-1,-1,-1
366,3,500,881,50,50,1,-1,-1,-1
366,4,493,729,50,50,1,-1,-1,-1
366,5,634,1274,50,50,1,-1,-1,-1
367,2,379,1233,50,50,1,-1,-1,-1
367,3,505,836,50,50,1,-1,-1,-1
367,4,485,723,50,50,1,-1,-1,-1
367,5,625,1238,50,50,1,-1,-1,-1
368,2,385,1268,50,50,1,-1,-1,-1
368,3,510,796,50,50,1,-1,-1,-1
368,4,478,723,50,50,1,-1,-1,-1
368,5,617,1181,50,50,1,-1,-1,-1
369,2,402,1299,50,50,1,-1,-1,-1
369,3,495,747,50,50,1,-1,-1,-1
369,4,684,812,50,50,1,-1,-1,-1
369,5,612,1134,50,50,1,-1,-1,-1
370,2,418,1321,50,50,1,-1,-1,-1
370,3,492,734,50,50,1,-1,-1,-1
370,4,694,855,50,50,1,-1,-1,-1
370,5,616,1083,50,50,1,-1,-1,-1
371,2,432,1329,50,50,1,-1,-1,-1
371,3,524,708,50,50,1,-1,-1,-1
371,4,706,903,50,50,1,-1,-1,-1
371,5,591,980,50,50,1,-1,-1,-1
372,2,444,1327,50,50,1,-1,-1,-1
372,3,447,770,50,50,1,-1,-1,-1
372,4,717,958,50,50,1,-1,-1,-1
372,5,577,925,50,50,1,-1,-1,-1
373,2,457,1309,50,50,1,-1,-1,-1
373,3,439,795,50,50,1,-1,-1,-1
373,4,718,1080,50,50,1,-1,-1,-1
373,5,562,881,50,50,1,-1,-1,-1
374,2,467,1266,50,50,1,-1,-1,-1
374,3,433,826,50,50,1,-1,-1,-1
374,4,726,1115,50,50,1,-1,-1,-1
374,5,550,839,50,50,1,-1,-1,-1
375,2,471,1201,50,50,1,-1,-1,-1
375,3,425,863,50,50,1,-1,-1,-1
375,4,726,1144,50,50,1,-1,-1,-1
375,5,538,804,50,50,1,-1,-1,-1
376,2,471,1149,50,50,1,-1,-1,-1
376,3,418,904,50,50,1,-1,-1,-1
376,4,721,1173,50,50,1,-1,-1,-1
376,5,528,774,50,50,1,-1,-1,-1
377,2,422,1125,50,50,1,-1,-1,-1
377,3,407,1004,50,50,1,-1,-1,-1
377,4,681,1247,50,50,1,-1,-1,-1
377,5,563,685,50,50,1,-1,-1,-1
378,2,494,931,50,50,1,-1,-1,-1
378,3,398,1107,50,50,1,-1,-1,-1
378,4,648,1286,50,50,1,-1,-1,-1
378,5,569,703,50,50,1,-1,-1,-1
379,2,488,704,50,50,1,-1,-1,-1
379,3,388,1147,50,50,1,-1,-1,-1
379,4,620,1298,50,50,1,-1,-1,-1
379,5,575,724,50,50,1,-1,-1,-1
380,2,478,701,50,50,1,-1,-1,-1
380,3,385,1186,50,50,1,-1,-1,-1
380,4,596,1285,50,50,1,-1,-1,-1
380,5,582,753,50,50,1,-1,-1,-1
381,2,516,805,50,50,1,-1,-1,-1
381,3,389,1227,50,50,1,-1,-1,-1
381,4,581,1248,50,50,1,-1,-1,-1
381,5,588,786,50,50,1,-1,-1,-1
382,2,523,772,50,50,1,-1,-1,-1
382,3,404,1267,50,50,1,-1,-1,-1
382,4,564,1184,50,50,1,-1,-1,-1
382,5,596,824,50,50,1,-1,-1,-1
383,2,530,745,50,50,1,-1,-1,-1
383,3,421,1297,50,50,1,-1,-1,-1
383,4,562,1134,50,50,1,-1,-1,-1
383,5,604,868,50,50,1,-1,-1,-1
384,2,536,723,50,50,1,-1,-1,-1
384,3,429,1317,50,50,1,-1,-1,-1
384,4,583,1121,50,50,1,-1,-1,-1
384,5,612,917,50,50,1,-1,-1,-1
385,2,543,706,50,50,1,-1,-1,-1
385,3,442,1315,50,50,1,-1,-1,-1
385,4,606,1110,50,50,1,-1,-1,-1
385,5,620,974,50,50,1,-1,-1,-1
386,2,551,695,50,50,1,-1,-1,-1
386,3,456,1295,50,50,1,-1,-1,-1
386,4,628,1085,50,50,1,-1,-1,-1
386,5,522,906,50,50,1,-1,-1,-1
387,2,558,688,50,50,1,-1,-1,-1
387,3,463,1246,50,50,1,-1,-1,-1
387,4,640,1121,50,50,1,-1,-1,-1
387,5,415,819,50,50,1,-1,-1,-1
388,2,565,687,50,50,1,-1,-1,-1
388,3,464,1181,50,50,1,-1,-1,-1
388,4,643,1159,50,50,1,-1,-1,-1
388,5,406,857,50,50,1,-1,-1,-1
389,2,573,689,50,50,1,-1,-1,-1
389,3,457,1132,50,50,1,-1,-1,-1
389,4,643,1191,50,50,1,-1,-1,-1
389,5,397,901,50,50,1,-1,-1,-1
390,2,581,697,50,50,1,-1,-1,-1
390,3,452,1087,50,50,1,-1,-1,-1
390,4,631,1227,50,50,1,-1,-1,-1
390,5,389,949,50,50,1,-1,-1,-1
391,2,588,709,50,50,1,-1,-1,-1
391,3,401,1074,50,50,1,-1,-1,-1
391,4,620,1266,50,50,1,-1,-1,-1
391,5,485,975,50,50,1,-1,-1,-1
392,2,597,729,50,50,1,-1,-1,-1
392,3,379,1101,50,50,1,-1,-1,-1
392,4,608,1283,50,50,1,-1,-1,-1
392,5,497,925,50,50,1,-1,-1,-1
393,2,605,754,50,50,1,-1,-1,-1
393,3,358,1143,50,50,1,-1,-1,-1
393,4,602,1282,50,50,1,-1,-1,-1
393,5,508,877,50,50,1,-1,-1,-1
394,2,614,781,50,50,1,-1,-1,-1
394,3,350,1188,50,50,1,-1,-1,-1
394,4,589,1260,50,50,1,-1,-1,-1
394,5,515,834,50,50,1,-1,-1,-1
395,2,623,816,50,50,1,-1,-1,-1
395,3,361,1221,50,50,1,-1,-1,-1
395,4,581,1208,50,50,1,-1,-1,-1
395,5,524,798,50,50,1,-1,-1,-1
396,2,632,855,50,50,1,-1,-1,-1
396,3,374,1260,50,50,1,-1,-1,-1
396,4,573,1150,50,50,1,-1,-1,-1
396,5,533,767,50,50,1,-1,-1,-1
397,2,642,901,50,50,1,-1,-1,-1
397,3,391,1290,50,50,1,-1,-1,-1
397,4,582,1116,50,50,1,-1,-1,-1
397,5,542,741,50,50,1,-1,-1,-1
398,2,651,953,50,50,1,-1,-1,-1
398,3,413,1310,50,50,1,-1,-1,-1
398,4,612,1112,50,50,1,-1,-1,-1
398,5,550,721,50,50,1,-1,-1,-1
399,2,662,1010,50,50,1,-1,-1,-1
399,3,425,1322,50,50,1,-1,-1,-1
399,4,642,1109,50,50,1,-1,-1,-1
399,5,559,706,50,50,1,-1,-1,-1
400,2,530,891,50,50,1,-1,-1,-1
400,3,439,1314,50,50,1,-1,-1,-1
400,4,670,1101,50,50,1,-1,-1,-1
400,5,567,696,50,50,1,-1,-1,-1
401,2,410,697,50,50,1,-1,-1,-1
401,3,454,1287,50,50,1,-1,-1,-1
401,4,681,1140,50,50,1,-1,-1,-1
401,5,576,690,50,50,1,-1,-1,-1
402,2,403,726,50,50,1,-1,-1,-1
402,3,463,1226,50,50,1,-1,-1,-1
402,4,682,1175,50,50,1,-1,-1,-1
402,5,586,690,50,50,1,-1,-1,-1
403,2,397,759,50,50,1,-1,-1,-1
403,3,466,1161,50,50,1,-1,-1,-1
403,4,676,1209,50,50,1,-1,-1,-1
403,5,596,695,50,50,1,-1,-1,-1
404,2,390,799,50,50,1,-1,-1,-1
404,3,460,1109,50,50,1,-1,-1,-1
404,4,662,1249,50,50,1,-1,-1,-1
404,5,606,704,50,50,1,-1,-1,-1
405,2,383,844,50,50,1,-1,-1,-1
405,3,451,1068,50,50,1,-1,-1,-1
405,4,648,1281,50,50,1,-1,-1,-1
405,5,616,719,50,50,1,-1,-1,-1
406,2,372,951,50,50,1,-1,-1,-1
406,3,392,1082,50,50,1,-1,-1,-1
406,4,622,1275,50,50,1,-1,-1,-1
406,5,636,765,50,50,1,-1,-1,-1
407,2,362,1059,50,50,1,-1,-1,-1
407,3,510,829,50,50,1,-1,-1,-1
407,4,605,1233,50,50,1,-1,-1,-1
407,5,647,797,50,50,1,-1,-1,-1
408,2,352,1098,50,50,1,-1,-1,-1
408,3,468,680,50,50,1,-1,-1,-1
408,4,596,1171,50,50,1,-1,-1,-1
408,5,659,834,50,50,1,-1,-1,-1
409,2,361,1139,50,50,1,-1,-1,-1
409,3,463,681,50,50,1,-1,-1,-1
409,4,593,1123,50,50,1,-1,-1,-1
409,5,670,877,50,50,1,-1,-1,-1
410,2,366,1176,50,50,1,-1,-1,-1
410,3,534,709,50,50,1,-1,-1,-1
410,4,617,1113,50,50,1,-1,-1,-1
410,5,683,925,50,50,1,-1,-1,-1
411,2,378,1217,50,50,1,-1,-1,-1
411,3,541,680,50,50,1,-1,-1,-1
411,4,651,1105,50,50,1,-1,-1,-1
411,5,696,978,50,50,1,-1,-1,-1
412,2,398,1262,50,50,1,-1,-1,-1
412,3,550,656,50,50,1,-1,-1,-1
412,4,692,1093,50,50,1,-1,-1,-1
412,5,554,916,50,50,1,-1,-1,-1
413,2,422,1291,50,50,1,-1,-1,-1
413,3,559,637,50,50,1,-1,-1,-1
413,4,702,1133,50,50,1,-1,-1,-1
413,5,439,744,50,50,1,-1,-1,-1
414,2,442,1297,50,50,1,-1,-1,-1
414,3,568,623,50,50,1,-1,-1,-1
414,4,707,1166,50,50,1,-1,-1,-1
414,5,433,774,50,50,1,-1,-1,-1
415,2,460,1268,50,50,1,-1,-1,-1
415,3,576,614,50,50,1,-1,-1,-1
415,4,713,1194,50,50,1,-1,-1,-1
415,5,427,809,50,50,1,-1,-1,-1
416,2,469,1206,50,50,1,-1,-1,-1
416,3,585,611,50,50,1,-1,-1,-1
416,4,698,1218,50,50,1,-1,-1,-1
416,5,421,849,50,50,1,-1,-1,-1
417,2,469,1148,50,50,1,-1,-1,-1
417,3,594,612,50,50,1,-1,-1,-1
417,4,676,1255,50,50,1,-1,-1,-1
417,5,416,896,50,50,1,-1,-1,-1
418,2,462,1096,50,50,1,-1,-1,-1
418,3,603,619,50,50,1,-1,-1,-1
418,4,654,1282,50,50,1,-1,-1,-1
418,5,412,949,50,50,1,-1,-1,-1
419,2,486,985,50,50,1,-1,-1,-1
419,3,613,632,50,50,1,-1,-1,-1
419,4,639,1301,50,50,1,-1,-1,-1
419,5,407,1006,50,50,1,-1,-1,-1
420,2,496,920,50,50,1,-1,-1,-1
420,3,623,650,50,50,1,-1,-1,-1
420,4,621,1296,50,50,1,-1,-1,-1
420,5,401,1106,50,50,1,-1,-1,-1
421,2,504,871,50,50,1,-1,-1,-1
421,3,633,673,50,50,1,-1,-1,-1
421,4,608,1276,50,50,1,-1,-1,-1
421,5,391,1152,50,50,1,-1,-1,-1
422,2,510,823,50,50,1,-1,-1,-1
422,3,643,700,50,50,1,-1,-1,-1
422,4,596,1224,50,50,1,-1,-1,-1
422,5,391,1200,50,50,1,-1,-1,-1
423,2,518,780,50,50,1,-1,-1,-1
423,3,654,733,50,50,1,-1,-1,-1
423,4,588,1163,50,50,1,-1,-1,-1
423,5,398,1246,50,50,1,-1,-1,-1
424,2,526,743,50,50,1,-1,-1,-1
424,3,665,773,50,50,1,-1,-1,-1
424,4,586,1115,50,50,1,-1,-1,-1
424,5,416,1290,50,50,1,-1,-1,-1
425,2,533,711,50,50,1,-1,-1,-1
425,3,676,818,50,50,1,-1,-1,-1
425,4,614,1099,50,50,1,-1,-1,-1
425,5,426,1317,50,50,1,-1,-1,-1
426,2,540,685,50,50,1,-1,-1,-1
426,3,689,867,50,50,1,-1,-1,-1
426,4,642,1082,50,50,1,-1,-1,-1
426,5,442,1318,50,50,1,-1,-1,-1
427,2,425,815,50,50,1,-1,-1,-1
427,3,701,924,50,50,1,-1,-1,-1
427,4,675,1081,50,50,1,-1,-1,-1
427,5,451,1303,50,50,1,-1,-1,-1
428,2,420,849,50,50,1,-1,-1,-1
428,3,527,839,50,50,1,-1,-1,-1
428,4,702,1060,50,50,1,-1,-1,-1
428,5,461,1260,50,50,1,-1,-1,-1
429,2,411,890,50,50,1,-1,-1,-1
429,3,517,796,50,50,1,-1,-1,-1
429,4,709,1094,50,50,1,-1,-1,-1
429,5,460,1190,50,50,1,-1,-1,-1
430,2,405,937,50,50,1,-1,-1,-1
430,3,508,758,50,50,1,-1,-1,-1
430,4,709,1123,50,50,1,-1,-1,-1
430,5,459,1139,50,50,1,-1,-1,-1
431,2,400,991,50,50,1,-1,-1,-1
431,3,499,726,50,50,1,-1,-1,-1
431,4,704,1154,50,50,1,-1,-1,-1
431,5,430,1141,50,50,1,-1,-1,-1
432,2,392,1050,50,50,1,-1,-1,-1
432,3,489,699,50,50,1,-1,-1,-1
432,4,692,1189,50,50,1,-1,-1,-1
432,5,407,1150,50,50,1,-1,-1,-1
433,2,491,860,50,50,1,-1,-1,-1
433,3,471,664,50,50,1,-1,-1,-1
433,4,647,1271,50,50,1,-1,-1,-1
433,5,378,1200,50,50,1,-1,-1,-1
434,2,615,682,50,50,1,-1,-1,-1
434,3,462,653,50,50,1,-1,-1,-1
434,4,633,1281,50,50,1,-1,-1,-1
434,5,377,1246,50,50,1,-1,-1,-1
435,2,625,707,50,50,1,-1,-1,-1
435,3,455,649,50,50,1,-1,-1,-1
435,4,608,1262,50,50,1,-1,-1,-1
435,5,384,1277,50,50,1,-1,-1,-1
436,2,634,739,50,50,1,-1,-1,-1
436,3,447,649,50,50,1,-1,-1,-1
436,4,599,1210,50,50,1,-1,-1,-1
436,5,403,1303,50,50,1,-1,-1,-1
437,2,644,775,50,50,1,-1,-1,-1
437,3,440,654,50,50,1,-1,-1,-1
437,4,590,1148,50,50,1,-1,-1,-1
437,5,417,1324,50,50,1,-1,-1,-1
438,2,655,818,50,50,1,-1,-1,-1
438,3,433,663,50,50,1,-1,-1,-1
438,4,592,1103,50,50,1,-1,-1,-1
438,5,430,1329,50,50,1,-1,-1,-1
439,2,665,866,50,50,1,-1,-1,-1
439,3,424,681,50,50,1,-1,-1,-1
439,4,619,1092,50,50,1,-1,-1,-1
439,5,440,1331,50,50,1,-1,-1,-1
440,2,676,921,50,50,1,-1,-1,-1
440,3,416,700,50,50,1,-1,-1,-1
440,4,650,1090,50,50,1,-1,-1,-1
440,5,444,1322,50,50,1,-1,-1,-1
441,2,689,982,50,50,1,-1,-1,-1
441,3,410,726,50,50,1,-1,-1,-1
441,4,674,1103,50,50,1,-1,-1,-1
441,5,451,1288,50,50,1,-1,-1,-1
442,2,518,830,50,50,1,-1,-1,-1
442,3,403,758,50,50,1,-1,-1,-1
442,4,693,1097,50,50,1,-1,-1,-1
442,5,452,1225,50,50,1,-1,-1,-1
443,2,552,643,50,50,1,-1,-1,-1
443,3,396,794,50,50,1,-1,-1,-1
443,4,701,1135,50,50,1,-1,-1,-1
443,5,451,1162,50,50,1,-1,-1,-1
444,2,559,648,50,50,1,-1,-1,-1
444,3,388,836,50,50,1,-1,-1,-1
444,4,696,1169,50,50,1,-1,-1,-1
444,5,447,1108,50,50,1,-1,-1,-1
445,2,484,719,50,50,1,-1,-1,-1
445,3,382,883,50,50,1,-1,-1,-1
445,4,681,1201,50,50,1,-1,-1,-1
445,5,460,1005,50,50,1,-1,-1,-1
446,2,574,679,50,50,1,-1,-1,-1
446,3,376,935,50,50,1,-1,-1,-1
446,4,656,1241,50,50,1,-1,-1,-1
446,5,466,942,50,50,1,-1,-1,-1
447,2,582,701,50,50,1,-1,-1,-1
447,3,368,995,50,50,1,-1,-1,-1
447,4,627,1271,50,50,1,-1,-1,-1
447,5,470,888,50,50,1,-1,-1,-1
448,2,590,729,50,50,1,-1,-1,-1
448,3,363,1096,50,50,1,-1,-1,-1
448,4,603,1275,50,50,1,-1,-1,-1
448,5,475,838,50,50,1,-1,-1,-1
449,2,598,763,50,50,1,-1,-1,-1
449,3,356,1135,50,50,1,-1,-1,-1
449,4,588,1257,50,50,1,-1,-1,-1
449,5,480,797,50,50,1,-1,-1,-1
450,2,606,803,50,50,1,-1,-1,-1
450,3,360,1178,50,50,1,-1,-1,-1
450,4,580,1209,50,50,1,-1,-1,-1
450,5,485,759,50,50,1,-1,-1,-1
451,2,615,847,50,50,1,-1,-1,-1
451,3,366,1213,50,50,1,-1,-1,-1
451,4,567,1150,50,50,1,-1,-1,-1
451,5,489,726,50,50,1,-1,-1,-1
452,2,625,898,50,50,1,-1,-1,-1
452,3,380,1253,50,50,1,-1,-1,-1
452,4,572,1115,50,50,1,-1,-1,-1
452,5,494,699,50,50,1,-1,-1,-1
453,2,635,956,50,50,1,-1,-1,-1
453,3,403,1288,50,50,1,-1,-1,-1
453,4,591,1103,50,50,1,-1,-1,-1
453,5,500,678,50,50,1,-1,-1,-1
454,2,390,683,50,50,1,-1,-1,-1
454,3,425,1316,50,50,1,-1,-1,-1
454,4,629,1066,50,50,1,-1,-1,-1
454,5,506,663,50,50,1,-1,-1,-1
455,2,381,706,50,50,1,-1,-1,-1
455,3,435,1317,50,50,1,-1,-1,-1
455,4,643,1112,50,50,1,-1,-1,-1
455,5,510,653,50,50,1,-1,-1,-1
456,2,529,849,50,50,1,-1,-1,-1
456,3,444,1308,50,50,1,-1,-1,-1
456,4,648,1149,50,50,1,-1,-1,-1
456,5,516,646,50,50,1,-1,-1,-1
457,2,441,1162,50,50,1,-1,-1,-1
457,3,451,1428,50,50,1,-1,-1,-1
457,4,651,1182,50,50,1,-1,-1,-1
457,5,522,810,50,50,1,-1,-1,-1
458,2,351,808,50,50,1,-1,-1,-1
458,3,451,1431,50,50,1,-1,-1,-1
458,4,653,1214,50,50,1,-1,-1,-1
458,5,447,1098,50,50,1,-1,-1,-1
459,2,513,749,50,50,1,-1,-1,-1
459,3,451,1430,50,50,1,-1,-1,-1
459,4,636,1250,50,50,1,-1,-1,-1
459,5,438,1067,50,50,1,-1,-1,-1
460,2,540,674,50,50,1,-1,-1,-1
460,3,451,1423,50,50,1,-1,-1,-1
460,4,614,1276,50,50,1,-1,-1,-1
460,5,422,1046,50,50,1,-1,-1,-1
461,2,525,700,50,50,1,-1,-1,-1
461,3,451,1421,50,50,1,-1,-1,-1
461,4,601,1286,50,50,1,-1,-1,-1
461,5,339,1036,50,50,1,-1,-1,-1
462,2,560,746,50,50,1,-1,-1,-1
462,3,500,823,50,50,1,-1,-1,-1
462,4,580,1263,50,50,1,-1,-1,-1
462,5,366,1079,50,50,1,-1,-1,-1
463,2,539,784,50,50,1,-1,-1,-1
463,3,489,691,50,50,1,-1,-1,-1
463,4,572,1221,50,50,1,-1,-1,-1
463,5,371,1102,50,50,1,-1,-1,-1
464,2,576,821,50,50,1,-1,-1,-1
464,3,519,758,50,50,1,-1,-1,-1
464,4,562,1162,50,50,1,-1,-1,-1
464,5,380,1125,50,50,1,-1,-1,-1
465,2,527,732,50,50,1,-1,-1,-1
465,3,583,869,50,50,1,-1,-1,-1
465,4,565,1119,50,50,1,-1,-1,-1
465,5,391,1152,50,50,1,-1,-1,-1
466,2,477,718,50,50,1,-1,-1,-1
466,3,589,917,50,50,1,-1,-1,-1
466,4,579,1112,50,50,1,-1,-1,-1
466,5,394,1207,50,50,1,-1,-1,-1
467,2,472,738,50,50,1,-1,-1,-1
467,3,600,975,50,50,1,-1,-1,-1
467,4,593,1104,50,50,1,-1,-1,-1
467,5,407,1253,50,50,1,-1,-1,-1
468,2,467,762,50,50,1,-1,-1,-1
468,3,514,943,50,50,1,-1,-1,-1
468,4,605,1080,50,50,1,-1,-1,-1
468,5,423,1306,50,50,1,-1,-1,-1
469,2,465,791,50,50,1,-1,-1,-1
469,3,523,876,50,50,1,-1,-1,-1
469,4,609,1123,50,50,1,-1,-1,-1
469,5,441,1305,50,50,1,-1,-1,-1
470,2,488,832,50,50,1,-1,-1,-1
470,3,574,689,50,50,1,-1,-1,-1
470,4,612,1163,50,50,1,-1,-1,-1
470,5,464,1263,50,50,1,-1,-1,-1
471,2,459,865,50,50,1,-1,-1,-1
471,3,584,694,50,50,1,-1,-1,-1
471,4,612,1204,50,50,1,-1,-1,-1
471,5,467,1201,50,50,1,-1,-1,-1
472,2,456,911,50,50,1,-1,-1,-1
472,3,594,705,50,50,1,-1,-1,-1
472,4,613,1258,50,50,1,-1,-1,-1
472,5,469,1144,50,50,1,-1,-1,-1
473,2,468,993,50,50,1,-1,-1,-1
473,3,605,721,50,50,1,-1,-1,-1
473,4,613,1286,50,50,1,-1,-1,-1
473,5,457,1132,50,50,1,-1,-1,-1
474,2,455,1018,50,50,1,-1,-1,-1
474,3,614,742,50,50,1,-1,-1,-1
474,4,610,1287,50,50,1,-1,-1,-1
474,5,446,1134,50,50,1,-1,-1,-1
475,2,507,914,50,50,1,-1,-1,-1
475,3,626,767,50,50,1,-1,-1,-1
475,4,603,1265,50,50,1,-1,-1,-1
475,5,447,1122,50,50,1,-1,-1,-1
476,2,480,739,50,50,1,-1,-1,-1
476,3,636,799,50,50,1,-1,-1,-1
476,4,594,1213,50,50,1,-1,-1,-1
476,5,448,1165,50,50,1,-1,-1,-1
477,2,474,740,50,50,1,-1,-1,-1
477,3,647,834,50,50,1,-1,-1,-1
477,4,589,1157,50,50,1,-1,-1,-1
477,5,450,1202,50,50,1,-1,-1,-1
478,2,469,747,50,50,1,-1,-1,-1
478,3,657,875,50,50,1,-1,-1,-1
478,4,594,1112,50,50,1,-1,-1,-1
478,5,455,1247,50,50,1,-1,-1,-1
479,2,545,749,50,50,1,-1,-1,-1
479,3,670,922,50,50,1,-1,-1,-1
479,4,629,1116,50,50,1,-1,-1,-1
479,5,460,1282,50,50,1,-1,-1,-1
480,2,554,720,50,50,1,-1,-1,-1
480,3,682,973,50,50,1,-1,-1,-1
480,4,661,1109,50,50,1,-1,-1,-1
480,5,461,1308,50,50,1,-1,-1,-1
481,2,564,695,50,50,1,-1,-1,-1
481,3,552,912,50,50,1,-1,-1,-1
481,4,694,1083,50,50,1,-1,-1,-1
481,5,465,1304,50,50,1,-1,-1,-1
482,2,574,676,50,50,1,-1,-1,-1
482,3,450,821,50,50,1,-1,-1,-1
482,4,707,1119,50,50,1,-1,-1,-1
482,5,478,1275,50,50,1,-1,-1,-1
483,2,584,663,50,50,1,-1,-1,-1
483,3,446,852,50,50,1,-1,-1,-1
483,4,708,1152,50,50,1,-1,-1,-1
483,5,484,1227,50,50,1,-1,-1,-1
484,2,595,653,50,50,1,-1,-1,-1
484,3,439,889,50,50,1,-1,-1,-1
484,4,705,1180,50,50,1,-1,-1,-1
484,5,484,1170,50,50,1,-1,-1,-1
485,2,604,649,50,50,1,-1,-1,-1
485,3,435,931,50,50,1,-1,-1,-1
485,4,695,1212,50,50,1,-1,-1,-1
485,5,482,1126,50,50,1,-1,-1,-1
486,2,614,649,50,50,1,-1,-1,-1
486,3,432,978,50,50,1,-1,-1,-1
486,4,677,1250,50,50,1,-1,-1,-1
486,5,465,1130,50,50,1,-1,-1,-1
487,2,625,656,50,50,1,-1,-1,-1
487,3,428,1030,50,50,1,-1,-1,-1
487,4,656,1279,50,50,1,-1,-1,-1
487,5,446,1134,50,50,1,-1,-1,-1
488,2,635,666,50,50,1,-1,-1,-1
488,3,512,905,50,50,1,-1,-1,-1
488,4,642,1283,50,50,1,-1,-1,-1
488,5,427,1122,50,50,1,-1,-1,-1
489,2,657,701,50,50,1,-1,-1,-1
489,3,525,822,50,50,1,-1,-1,-1
489,4,618,1217,50,50,1,-1,-1,-1
489,5,424,1196,50,50,1,-1,-1,-1
490,2,669,727,50,50,1,-1,-1,-1
490,3,530,787,50,50,1,-1,-1,-1
490,4,608,1158,50,50,1,-1,-1,-1
490,5,430,1233,50,50,1,-1,-1,-1
491,2,679,757,50,50,1,-1,-1,-1
491,3,537,757,50,50,1,-1,-1,-1
491,4,608,1112,50,50,1,-1,-1,-1
491,5,439,1270,50,50,1,-1,-1,-1
492,2,692,793,50,50,1,-1,-1,-1
492,3,461,766,50,50,1,-1,-1,-1
492,4,639,1103,50,50,1,-1,-1,-1
492,5,449,1300,50,50,1,-1,-1,-1
493,2,705,836,50,50,1,-1,-1,-1
493,3,455,787,50,50,1,-1,-1,-1
493,4,667,1085,50,50,1,-1,-1,-1
493,5,455,1310,50,50,1,-1,-1,-1
494,2,717,882,50,50,1,-1,-1,-1
494,3,448,815,50,50,1,-1,-1,-1
494,4,694,1086,50,50,1,-1,-1,-1
494,5,468,1295,50,50,1,-1,-1,-1
495,2,730,933,50,50,1,-1,-1,-1
495,3,442,848,50,50,1,-1,-1,-1
495,4,716,1086,50,50,1,-1,-1,-1
495,5,486,1250,50,50,1,-1,-1,-1
496,2,534,851,50,50,1,-1,-1,-1
496,3,436,886,50,50,1,-1,-1,-1
496,4,732,1063,50,50,1,-1,-1,-1
496,5,481,1195,50,50,1,-1,-1,-1
497,2,525,822,50,50,1,-1,-1,-1
497,3,430,929,50,50,1,-1,-1,-1
497,4,742,1083,50,50,1,-1,-1,-1
497,5,484,1141,50,50,1,-1,-1,-1
498,2,514,799,50,50,1,-1,-1,-1
498,3,425,980,50,50,1,-1,-1,-1
498,4,722,1115,50,50,1,-1,-1,-1
498,5,481,1103,50,50,1,-1,-1,-1
499,2,504,780,50,50,1,-1,-1,-1
499,3,588,701,50,50,1,-1,-1,-1
499,4,713,1144,50,50,1,-1,-1,-1
499,5,434,1091,50,50,1,-1,-1,-1
500,2,495,767,50,50,1,-1,-1,-1
500,3,596,716,50,50,1,-1,-1,-1
500,4,700,1181,50,50,1,-1,-1,-1
500,5,415,1128,50,50,1,-1,-1,-1
501,2,485,760,50,50,1,-1,-1,-1
501,3,537,871,50,50,1,-1,-1,-1
501,4,679,1230,50,50,1,-1,-1,-1
501,5,402,1171,50,50,1,-1,-1,-1
502,2,475,757,50,50,1,-1,-1,-1
502,3,546,826,50,50,1,-1,-1,-1
502,4,651,1267,50,50,1,-1,-1,-1
502,5,401,1205,50,50,1,-1,-1,-1
503,2,466,759,50,50,1,-1,-1,-1
503,3,556,786,50,50,1,-1,-1,-1
503,4,632,1263,50,50,1,-1,-1,-1
503,5,407,1238,50,50,1,-1,-1,-1
504,2,458,766,50,50,1,-1,-1,-1
504,3,565,752,50,50,1,-1,-1,-1
504,4,611,1231,50,50,1,-1,-1,-1
504,5,421,1272,50,50,1,-1,-1,-1
505,2,448,779,50,50,1,-1,-1,-1
505,3,575,722,50,50,1,-1,-1,-1
505,4,596,1175,50,50,1,-1,-1,-1
505,5,434,1304,50,50,1,-1,-1,-1
506,2,438,796,50,50,1,-1,-1,-1
506,3,644,917,50,50,1,-1,-1,-1
506,4,597,1130,50,50,1,-1,-1,-1
506,5,443,1322,50,50,1,-1,-1,-1
507,2,429,818,50,50,1,-1,-1,-1
507,3,585,1017,50,50,1,-1,-1,-1
507,4,628,1114,50,50,1,-1,-1,-1
507,5,454,1313,50,50,1,-1,-1,-1
508,2,420,848,50,50,1,-1,-1,-1
508,3,578,954,50,50,1,-1,-1,-1
508,4,655,1079,50,50,1,-1,-1,-1
508,5,467,1289,50,50,1,-1,-1,-1
509,2,412,881,50,50,1,-1,-1,-1
509,3,562,901,50,50,1,-1,-1,-1
509,4,668,1112,50,50,1,-1,-1,-1
509,5,474,1236,50,50,1,-1,-1,-1
510,2,403,919,50,50,1,-1,-1,-1
510,3,553,851,50,50,1,-1,-1,-1
510,4,677,1145,50,50,1,-1,-1,-1
510,5,474,1170,50,50,1,-1,-1,-1
511,2,396,965,50,50,1,-1,-1,-1
511,3,545,807,50,50,1,-1,-1,-1
511,4,675,1178,50,50,1,-1,-1,-1
511,5,468,1119,50,50,1,-1,-1,-1
512,2,387,1016,50,50,1,-1,-1,-1
512,3,538,767,50,50,1,-1,-1,-1
512,4,669,1215,50,50,1,-1,-1,-1
512,5,488,1015,50,50,1,-1,-1,-1
513,2,389,1121,50,50,1,-1,-1,-1
513,3,529,733,50,50,1,-1,-1,-1
513,4,656,1258,50,50,1,-1,-1,-1
513,5,493,943,50,50,1,-1,-1,-1
514,2,373,1167,50,50,1,-1,-1,-1
514,3,522,704,50,50,1,-1,-1,-1
514,4,645,1273,50,50,1,-1,-1,-1
514,5,503,890,50,50,1,-1,-1,-1
515,2,369,1214,50,50,1,-1,-1,-1
515,3,515,681,50,50,1,-1,-1,-1
515,4,636,1263,50,50,1,-1,-1,-1
515,5,509,839,50,50,1,-1,-1,-1
516,2,373,1254,50,50,1,-1,-1,-1
516,3,507,663,50,50,1,-1,-1,-1
516,4,626,1223,50,50,1,-1,-1,-1
516,5,514,793,50,50,1,-1,-1,-1
517,2,382,1282,50,50,1,-1,-1,-1
517,3,501,650,50,50,1,-1,-1,-1
517,4,618,1162,50,50,1,-1,-1,-1
517,5,521,752,50,50,1,-1,-1,-1
518,2,414,1323,50,50,1,-1,-1,-1
518,3,488,640,50,50,1,-1,-1,-1
518,4,626,1064,50,50,1,-1,-1,-1
518,5,532,686,50,50,1,-1,-1,-1
519,2,427,1332,50,50,1,-1,-1,-1
519,3,511,652,50,50,1,-1,-1,-1
519,4,590,958,50,50,1,-1,-1,-1
519,5,746,895,50,50,1,-1,-1,-1
520,2,442,1331,50,50,1,-1,-1,-1
520,3,475,649,50,50,1,-1,-1,-1
520,4,577,909,50,50,1,-1,-1,-1
520,5,722,1080,50,50,1,-1,-1,-1
521,2,453,1319,50,50,1,-1,-1,-1
521,3,468,663,50,50,1,-1,-1,-1
521,4,566,862,50,50,1,-1,-1,-1
521,5,746,1077,50,50,1,-1,-1,-1
522,2,465,1289,50,50,1,-1,-1,-1
522,3,462,682,50,50,1,-1,-1,-1
522,4,556,822,50,50,1,-1,-1,-1
522,5,763,1107,50,50,1,-1,-1,-1
523,2,473,1235,50,50,1,-1,-1,-1
523,3,456,706,50,50,1,-1,-1,-1
523,4,547,787,50,50,1,-1,-1,-1
523,5,770,1130,50,50,1,-1,-1,-1
524,2,475,1172,50,50,1,-1,-1,-1
524,3,451,735,50,50,1,-1,-1,-1
524,4,538,758,50,50,1,-1,-1,-1
524,5,752,1154,50,50,1,-1,-1,-1
525,2,482,1112,50,50,1,-1,-1,-1
525,3,444,771,50,50,1,-1,-1,-1
525,4,528,735,50,50,1,-1,-1,-1
525,5,753,1190,50,50,1,-1,-1,-1
526,2,475,1070,50,50,1,-1,-1,-1
526,3,439,813,50,50,1,-1,-1,-1
526,4,520,718,50,50,1,-1,-1,-1
526,5,732,1223,50,50,1,-1,-1,-1
527,2,454,1070,50,50,1,-1,-1,-1
527,3,433,860,50,50,1,-1,-1,-1
527,4,597,649,50,50,1,-1,-1,-1
527,5,702,1264,50,50,1,-1,-1,-1
528,2,436,1075,50,50,1,-1,-1,-1
528,3,428,913,50,50,1,-1,-1,-1
528,4,605,671,50,50,1,-1,-1,-1
528,5,677,1301,50,50,1,-1,-1,-1
529,2,423,1082,50,50,1,-1,-1,-1
529,3,423,974,50,50,1,-1,-1,-1
529,4,614,697,50,50,1,-1,-1,-1
529,5,648,1293,50,50,1,-1,-1,-1
530,2,417,1073,50,50,1,-1,-1,-1
530,3,527,803,50,50,1,-1,-1,-1
530,4,622,730,50,50,1,-1,-1,-1
530,5,625,1269,50,50,1,-1,-1,-1
531,2,420,1119,50,50,1,-1,-1,-1
531,3,536,766,50,50,1,-1,-1,-1
531,4,630,766,50,50,1,-1,-1,-1
531,5,603,1213,50,50,1,-1,-1,-1
532,2,425,1162,50,50,1,-1,-1,-1
532,3,545,734,50,50,1,-1,-1,-1
532,4,640,810,50,50,1,-1,-1,-1
532,5,592,1150,50,50,1,-1,-1,-1
533,2,436,1204,50,50,1,-1,-1,-1
533,3,552,707,50,50,1,-1,-1,-1
533,4,649,859,50,50,1,-1,-1,-1
533,5,593,1083,50,50,1,-1,-1,-1
534,2,446,1261,50,50,1,-1,-1,-1
534,3,456,758,50,50,1,-1,-1,-1
534,4,658,913,50,50,1,-1,-1,-1
534,5,572,1000,50,50,1,-1,-1,-1
535,2,456,1286,50,50,1,-1,-1,-1
535,3,449,785,50,50,1,-1,-1,-1
535,4,669,974,50,50,1,-1,-1,-1
535,5,568,957,50,50,1,-1,-1,-1
536,2,466,1280,50,50,1,-1,-1,-1
536,3,442,820,50,50,1,-1,-1,-1
536,4,674,1081,50,50,1,-1,-1,-1
536,5,554,918,50,50,1,-1,-1,-1
537,2,477,1240,50,50,1,-1,-1,-1
537,3,434,858,50,50,1,-1,-1,-1
537,4,685,1119,50,50,1,-1,-1,-1
537,5,532,832,50,50,1,-1,-1,-1
538,2,475,1176,50,50,1,-1,-1,-1
538,3,428,903,50,50,1,-1,-1,-1
538,4,690,1155,50,50,1,-1,-1,-1
538,5,523,791,50,50,1,-1,-1,-1
539,2,473,1121,50,50,1,-1,-1,-1
539,3,421,952,50,50,1,-1,-1,-1
539,4,683,1192,50,50,1,-1,-1,-1
539,5,514,754,50,50,1,-1,-1,-1
540,2,491,1015,50,50,1,-1,-1,-1
540,3,416,1008,50,50,1,-1,-1,-1
540,4,670,1236,50,50,1,-1,-1,-1
540,5,504,722,50,50,1,-1,-1,-1
541,2,495,941,50,50,1,-1,-1,-1
541,3,410,1119,50,50,1,-1,-1,-1
541,4,655,1270,50,50,1,-1,-1,-1
541,5,495,697,50,50,1,-1,-1,-1
542,2,503,885,50,50,1,-1,-1,-1
542,3,402,1162,50,50,1,-1,-1,-1
542,4,645,1275,50,50,1,-1,-1,-1
542,5,486,677,50,50,1,-1,-1,-1
543,2,509,831,50,50,1,-1,-1,-1
543,3,403,1203,50,50,1,-1,-1,-1
543,4,633,1256,50,50,1,-1,-1,-1
543,5,477,662,50,50,1,-1,-1,-1
544,2,515,783,50,50,1,-1,-1,-1
544,3,408,1234,50,50,1,-1,-1,-1
544,4,621,1201,50,50,1,-1,-1,-1
544,5,469,653,50,50,1,-1,-1,-1
545,2,528,701,50,50,1,-1,-1,-1
545,3,429,1302,50,50,1,-1,-1,-1
545,4,610,1091,50,50,1,-1,-1,-1
545,5,453,649,50,50,1,-1,-1,-1
546,2,534,670,50,50,1,-1,-1,-1
546,3,443,1320,50,50,1,-1,-1,-1
546,4,594,997,50,50,1,-1,-1,-1
546,5,685,865,50,50,1,-1,-1,-1
547,2,541,643,50,50,1,-1,-1,-1
547,3,451,1324,50,50,1,-1,-1,-1
547,4,580,934,50,50,1,-1,-1,-1
547,5,667,1091,50,50,1,-1,-1,-1
548,2,547,621,50,50,1,-1,-1,-1
548,3,459,1311,50,50,1,-1,-1,-1
548,4,565,887,50,50,1,-1,-1,-1
548,5,697,1098,50,50,1,-1,-1,-1
549,2,554,606,50,50,1,-1,-1,-1
549,3,469,1275,50,50,1,-1,-1,-1
549,4,554,841,50,50,1,-1,-1,-1
549,5,720,1088,50,50,1,-1,-1,-1
550,2,560,593,50,50,1,-1,-1,-1
550,3,473,1211,50,50,1,-1,-1,-1
550,4,543,803,50,50,1,-1,-1,-1
550,5,726,1125,50,50,1,-1,-1,-1
551,2,567,588,50,50,1,-1,-1,-1
551,3,475,1148,50,50,1,-1,-1,-1
551,4,533,770,50,50,1,-1,-1,-1
551,5,725,1162,50,50,1,-1,-1,-1
552,2,575,587,50,50,1,-1,-1,-1
552,3,469,1091,50,50,1,-1,-1,-1
552,4,523,742,50,50,1,-1,-1,-1
552,5,724,1194,50,50,1,-1,-1,-1
553,2,583,591,50,50,1,-1,-1,-1
553,3,487,984,50,50,1,-1,-1,-1
553,4,394,848,50,50,1,-1,-1,-1
553,5,709,1225,50,50,1,-1,-1,-1
554,2,590,598,50,50,1,-1,-1,-1
554,3,497,917,50,50,1,-1,-1,-1
554,4,386,898,50,50,1,-1,-1,-1
554,5,686,1265,50,50,1,-1,-1,-1
555,2,598,613,50,50,1,-1,-1,-1
555,3,505,867,50,50,1,-1,-1,-1
555,4,379,955,50,50,1,-1,-1,-1
555,5,662,1288,50,50,1,-1,-1,-1
556,2,606,631,50,50,1,-1,-1,-1
556,3,511,816,50,50,1,-1,-1,-1
556,4,369,1060,50,50,1,-1,-1,-1
556,5,644,1291,50,50,1,-1,-1,-1
557,2,615,656,50,50,1,-1,-1,-1
557,3,517,771,50,50,1,-1,-1,-1
557,4,362,1100,50,50,1,-1,-1,-1
557,5,626,1272,50,50,1,-1,-1,-1
558,2,624,684,50,50,1,-1,-1,-1
558,3,524,732,50,50,1,-1,-1,-1
558,4,371,1141,50,50,1,-1,-1,-1
558,5,606,1218,50,50,1,-1,-1,-1
559,2,633,718,50,50,1,-1,-1,-1
559,3,530,698,50,50,1,-1,-1,-1
559,4,379,1176,50,50,1,-1,-1,-1
559,5,595,1157,50,50,1,-1,-1,-1
560,2,642,758,50,50,1,-1,-1,-1
560,3,537,671,50,50,1,-1,-1,-1
560,4,396,1217,50,50,1,-1,-1,-1
560,5,591,1110,50,50,1,-1,-1,-1
561,2,650,804,50,50,1,-1,-1,-1
561,3,543,648,50,50,1,-1,-1,-1
561,4,420,1264,50,50,1,-1,-1,-1
561,5,600,1079,50,50,1,-1,-1,-1
562,2,660,854,50,50,1,-1,-1,-1
562,3,550,631,50,50,1,-1,-1,-1
562,4,435,1294,50,50,1,-1,-1,-1
562,5,627,1081,50,50,1,-1,-1,-1
563,2,670,910,50,50,1,-1,-1,-1
563,3,429,785,50,50,1,-1,-1,-1
563,4,445,1297,50,50,1,-1,-1,-1
563,5,652,1079,50,50,1,-1,-1,-1
564,2,681,972,50,50,1,-1,-1,-1
564,3,421,819,50,50,1,-1,-1,-1
564,4,455,1271,50,50,1,-1,-1,-1
564,5,675,1087,50,50,1,-1,-1,-1
565,2,414,857,50,50,1,-1,-1,-1
565,3,513,806,50,50,1,-1,-1,-1
565,4,456,1212,50,50,1,-1,-1,-1
565,5,690,1079,50,50,1,-1,-1,-1
566,2,406,901,50,50,1,-1,-1,-1
566,3,502,771,50,50,1,-1,-1,-1
566,4,452,1148,50,50,1,-1,-1,-1
566,5,693,1123,50,50,1,-1,-1,-1
567,2,400,950,50,50,1,-1,-1,-1
567,3,490,740,50,50,1,-1,-1,-1
567,4,451,1094,50,50,1,-1,-1,-1
567,5,691,1167,50,50,1,-1,-1,-1
568,2,396,1005,50,50,1,-1,-1,-1
568,3,596,633,50,50,1,-1,-1,-1
568,4,472,987,50,50,1,-1,-1,-1
568,5,678,1220,50,50,1,-1,-1,-1
569,2,393,1106,50,50,1,-1,-1,-1
569,3,605,651,50,50,1,-1,-1,-1
569,4,479,926,50,50,1,-1,-1,-1
569,5,657,1271,50,50,1,-1,-1,-1
570,2,378,1146,50,50,1,-1,-1,-1
570,3,614,675,50,50,1,-1,-1,-1
570,4,486,870,50,50,1,-1,-1,-1
570,5,638,1292,50,50,1,-1,-1,-1
571,2,376,1186,50,50,1,-1,-1,-1
571,3,622,704,50,50,1,-1,-1,-1
571,4,491,820,50,50,1,-1,-1,-1
571,5,621,1289,50,50,1,-1,-1,-1
572,2,379,1219,50,50,1,-1,-1,-1
572,3,631,738,50,50,1,-1,-1,-1
572,4,498,775,50,50,1,-1,-1,-1
572,5,604,1262,50,50,1,-1,-1,-1
573,2,406,1285,50,50,1,-1,-1,-1
573,3,650,826,50,50,1,-1,-1,-1
573,4,510,703,50,50,1,-1,-1,-1
573,5,587,1147,50,50,1,-1,-1,-1
574,2,420,1308,50,50,1,-1,-1,-1
574,3,660,877,50,50,1,-1,-1,-1
574,4,516,673,50,50,1,-1,-1,-1
574,5,595,1101,50,50,1,-1,-1,-1
575,2,430,1320,50,50,1,-1,-1,-1
575,3,671,935,50,50,1,-1,-1,-1
575,4,523,652,50,50,1,-1,-1,-1
575,5,629,1094,50,50,1,-1,-1,-1
576,2,444,1306,50,50,1,-1,-1,-1
576,3,560,924,50,50,1,-1,-1,-1
576,4,529,633,50,50,1,-1,-1,-1
576,5,669,1057,50,50,1,-1,-1,-1
577,2,456,1269,50,50,1,-1,-1,-1
577,3,374,757,50,50,1,-1,-1,-1
577,4,536,619,50,50,1,-1,-1,-1
577,5,691,1089,50,50,1,-1,-1,-1
578,2,461,1205,50,50,1,-1,-1,-1
578,3,365,789,50,50,1,-1,-1,-1
578,4,543,612,50,50,1,-1,-1,-1
578,5,691,1122,50,50,1,-1,-1,-1
579,2,459,1147,50,50,1,-1,-1,-1
579,3,355,828,50,50,1,-1,-1,-1
579,4,551,609,50,50,1,-1,-1,-1
579,5,696,1148,50,50,1,-1,-1,-1
580,2,449,1099,50,50,1,-1,-1,-1
580,3,346,871,50,50,1,-1,-1,-1
580,4,558,610,50,50,1,-1,-1,-1
580,5,686,1177,50,50,1,-1,-1,-1
581,2,411,1104,50,50,1,-1,-1,-1
581,3,336,921,50,50,1,-1,-1,-1
581,4,518,727,50,50,1,-1,-1,-1
581,5,671,1212,50,50,1,-1,-1,-1
582,2,375,1097,50,50,1,-1,-1,-1
582,3,327,977,50,50,1,-1,-1,-1
582,4,484,921,50,50,1,-1,-1,-1
582,5,648,1255,50,50,1,-1,-1,-1
583,2,331,1086,50,50,1,-1,-1,-1
583,3,492,867,50,50,1,-1,-1,-1
583,4,503,684,50,50,1,-1,-1,-1
583,5,628,1284,50,50,1,-1,-1,-1
584,2,316,1124,50,50,1,-1,-1,-1
584,3,590,667,50,50,1,-1,-1,-1
584,4,498,671,50,50,1,-1,-1,-1
584,5,613,1292,50,50,1,-1,-1,-1
585,2,323,1163,50,50,1,-1,-1,-1
585,3,598,695,50,50,1,-1,-1,-1
585,4,505,774,50,50,1,-1,-1,-1
585,5,602,1280,50,50,1,-1,-1,-1
586,2,325,1196,50,50,1,-1,-1,-1
586,3,608,727,50,50,1,-1,-1,-1
586,4,512,736,50,50,1,-1,-1,-1
586,5,590,1244,50,50,1,-1,-1,-1
587,2,346,1228,50,50,1,-1,-1,-1
587,3,616,764,50,50,1,-1,-1,-1
587,4,500,684,50,50,1,-1,-1,-1
587,5,576,1178,50,50,1,-1,-1,-1
588,2,362,1265,50,50,1,-1,-1,-1
588,3,625,808,50,50,1,-1,-1,-1
588,4,501,672,50,50,1,-1,-1,-1
588,5,576,1128,50,50,1,-1,-1,-1
589,2,393,1296,50,50,1,-1,-1,-1
589,3,635,857,50,50,1,-1,-1,-1
589,4,532,654,50,50,1,-1,-1,-1
589,5,588,1092,50,50,1,-1,-1,-1
590,2,421,1316,50,50,1,-1,-1,-1
590,3,645,911,50,50,1,-1,-1,-1
590,4,540,637,50,50,1,-1,-1,-1
590,5,617,1088,50,50,1,-1,-1,-1
591,2,449,1316,50,50,1,-1,-1,-1
591,3,654,972,50,50,1,-1,-1,-1
591,4,454,721,50,50,1,-1,-1,-1
591,5,639,1088,50,50,1,-1,-1,-1
592,2,467,1292,50,50,1,-1,-1,-1
592,3,532,855,50,50,1,-1,-1,-1
592,4,449,750,50,50,1,-1,-1,-1
592,5,661,1073,50,50,1,-1,-1,-1
593,2,481,1240,50,50,1,-1,-1,-1
593,3,523,809,50,50,1,-1,-1,-1
593,4,445,783,50,50,1,-1,-1,-1
593,5,670,1116,50,50,1,-1,-1,-1
594,2,479,1181,50,50,1,-1,-1,-1
594,3,515,769,50,50,1,-1,-1,-1
594,4,440,821,50,50,1,-1,-1,-1
594,5,671,1155,50,50,1,-1,-1,-1
595,2,478,1127,50,50,1,-1,-1,-1
595,3,510,735,50,50,1,-1,-1,-1
595,4,434,865,50,50,1,-1,-1,-1
595,5,667,1196,50,50,1,-1,-1,-1
596,2,468,1083,50,50,1,-1,-1,-1
596,3,502,706,50,50,1,-1,-1,-1
596,4,430,915,50,50,1,-1,-1,-1
596,5,654,1248,50,50,1,-1,-1,-1
597,2,436,1097,50,50,1,-1,-1,-1
597,3,495,683,50,50,1,-1,-1,-1
597,4,426,971,50,50,1,-1,-1,-1
597,5,638,1282,50,50,1,-1,-1,-1
598,2,505,907,50,50,1,-1,-1,-1
598,3,488,664,50,50,1,-1,-1,-1
598,4,419,1075,50,50,1,-1,-1,-1
598,5,627,1289,50,50,1,-1,-1,-1
599,2,615,710,50,50,1,-1,-1,-1
599,3,481,652,50,50,1,-1,-1,-1
599,4,413,1114,50,50,1,-1,-1,-1
599,5,613,1274,50,50,1,-1,-1,-1
600,2,624,744,50,50,1,-1,-1,-1
600,3,475,645,50,50,1,-1,-1,-1
600,4,412,1148,50,50,1,-1,-1,-1
600,5,601,1233,50,50,1,-1,-1,-1
601,2,644,829,50,50,1,-1,-1,-1
601,3,464,646,50,50,1,-1,-1,-1
601,4,424,1195,50,50,1,-1,-1,-1
601,5,588,1119,50,50,1,-1,-1,-1
602,2,654,879,50,50,1,-1,-1,-1
602,3,458,654,50,50,1,-1,-1,-1
602,4,434,1212,50,50,1,-1,-1,-1
602,5,600,1081,50,50,1,-1,-1,-1
603,2,665,936,50,50,1,-1,-1,-1
603,3,452,665,50,50,1,-1,-1,-1
603,4,437,1215,50,50,1,-1,-1,-1
603,5,636,1092,50,50,1,-1,-1,-1
604,2,552,901,50,50,1,-1,-1,-1
604,3,447,685,50,50,1,-1,-1,-1
604,4,436,1210,50,50,1,-1,-1,-1
604,5,669,1060,50,50,1,-1,-1,-1
605,2,541,853,50,50,1,-1,-1,-1
605,3,442,708,50,50,1,-1,-1,-1
605,4,427,1196,50,50,1,-1,-1,-1
605,5,683,1093,50,50,1,-1,-1,-1
606,2,531,809,50,50,1,-1,-1,-1
606,3,437,737,50,50,1,-1,-1,-1
606,4,424,1180,50,50,1,-1,-1,-1
606,5,694,1121,50,50,1,-1,-1,-1
607,2,522,771,50,50,1,-1,-1,-1
607,3,432,771,50,50,1,-1,-1,-1
607,4,419,1168,50,50,1,-1,-1,-1
607,5,691,1139,50,50,1,-1,-1,-1
608,2,513,739,50,50,1,-1,-1,-1
608,3,427,810,50,50,1,-1,-1,-1
608,4,414,1157,50,50,1,-1,-1,-1
608,5,685,1151,50,50,1,-1,-1,-1
609,2,505,712,50,50,1,-1,-1,-1
609,3,421,855,50,50,1,-1,-1,-1
609,4,407,1147,50,50,1,-1,-1,-1
609,5,675,1162,50,50,1,-1,-1,-1
610,2,497,691,50,50,1,-1,-1,-1
610,3,417,906,50,50,1,-1,-1,-1
610,4,401,1142,50,50,1,-1,-1,-1
610,5,665,1169,50,50,1,-1,-1,-1
611,2,489,675,50,50,1,-1,-1,-1
611,3,413,961,50,50,1,-1,-1,-1
611,4,393,1138,50,50,1,-1,-1,-1
611,5,657,1171,50,50,1,-1,-1,-1
612,2,480,664,50,50,1,-1,-1,-1
612,3,409,1024,50,50,1,-1,-1,-1
612,4,388,1134,50,50,1,-1,-1,-1
612,5,652,1169,50,50,1,-1,-1,-1
613,2,472,659,50,50,1,-1,-1,-1
613,3,609,757,50,50,1,-1,-1,-1
613,4,392,1116,50,50,1,-1,-1,-1
613,5,651,1162,50,50,1,-1,-1,-1
614,2,464,658,50,50,1,-1,-1,-1
614,3,617,790,50,50,1,-1,-1,-1
614,4,387,1137,50,50,1,-1,-1,-1
614,5,650,1154,50,50,1,-1,-1,-1
615,2,457,663,50,50,1,-1,-1,-1
615,3,625,831,50,50,1,-1,-1,-1
615,4,390,1146,50,50,1,-1,-1,-1
615,5,652,1146,50,50,1,-1,-1,-1
616,2,449,673,50,50,1,-1,-1,-1
616,3,635,877,50,50,1,-1,-1,-1
616,4,389,1157,50,50,1,-1,-1,-1
616,5,655,1139,50,50,1,-1,-1,-1
617,2,442,688,50,50,1,-1,-1,-1
617,3,645,930,50,50,1,-1,-1,-1
617,4,394,1164,50,50,1,-1,-1,-1
617,5,657,1135,50,50,1,-1,-1,-1
618,2,436,709,50,50,1,-1,-1,-1
618,3,653,988,50,50,1,-1,-1,-1
618,4,395,1170,50,50,1,-1,-1,-1
618,5,661,1136,50,50,1,-1,-1,-1
619,2,428,735,50,50,1,-1,-1,-1
619,4,395,1176,50,50,1,-1,-1,-1
619,5,663,1099,50,50,1,-1,-1,-1
620,2,422,765,50,50,1,-1,-1,-1
620,3,667,1133,50,50,1,-1,-1,-1
620,4,395,1178,50,50,1,-1,-1,-1
621,2,415,802,50,50,1,-1,-1,-1
621,3,669,1149,50,50,1,-1,-1,-1
621,4,392,1180,50,50,1,-1,-1,-1
622,2,407,844,50,50,1,-1,-1,-1
622,3,668,1163,50,50,1,-1,-1,-1
622,4,389,1181,50,50,1,-1,-1,-1
623,2,400,891,50,50,1,-1,-1,-1
623,3,667,1174,50,50,1,-1,-1,-1
623,4,386,1182,50,50,1,-1,-1,-1
624,2,395,945,50,50,1,-1,-1,-1
624,3,667,1179,50,50,1,-1,-1,-1
624,4,384,1182,50,50,1,-1,-1,-1
625,2,388,1004,50,50,1,-1,-1,-1
625,3,666,1185,50,50,1,-1,-1,-1
625,4,382,1182,50,50,1,-1,-1,-1
626,2,381,1072,50,50,1,-1,-1,-1
626,3,672,1186,50,50,1,-1,-1,-1
626,4,380,1181,50,50,1,-1,-1,-1
627,3,669,1189,50,50,1,-1,-1,-1
627,4,378,1167,50,50,1,-1,-1,-1
628,2,506,992,50,50,1,-1,-1,-1
628,3,673,1189,50,50,1,-1,-1,-1
628,4,374,1180,50,50,1,-1,-1,-1
629,2,497,1006,50,50,1,-1,-1,-1
629,3,678,1188,50,50,1,-1,-1,-1
629,4,368,1190,50,50,1,-1,-1,-1
630,2,495,1007,50,50,1,-1,-1,-1
630,3,679,1189,50,50,1,-1,-1,-1
630,4,369,1194,50,50,1,-1,-1,-1
631,2,494,1008,50,50,1,-1,-1,-1
631,3,684,1185,50,50,1,-1,-1,-1
631,4,371,1192,50,50,1,-1,-1,-1
632,2,494,1008,50,50,1,-1,-1,-1
632,3,686,1185,50,50,1,-1,-1,-1
632,4,371,1199,50,50,1,-1,-1,-1
633,3,689,1184,50,50,1,-1,-1,-1
633,4,416,1129,50,50,1,-1,-1,-1
634,3,691,1182,50,50,1,-1,-1,-1
634,4,418,1128,50,50,1,-1,-1,-1
635,2,490,1016,50,50,1,-1,-1,-1
635,4,367,1204,50,50,1,-1,-1,-1
636,2,492,1011,50,50,1,-1,-1,-1
636,4,367,1207,50,50,1,-1,-1,-1
637,2,491,1008,50,50,1,-1,-1,-1
637,4,366,1210,50,50,1,-1,-1,-1
638,2,489,1006,50,50,1,-1,-1,-1
638,4,365,1210,50,50,1,-1,-1,-1
639,2,485,1007,50,50,1,-1,-1,-1
639,4,376,1216,50,50,1,-1,-1,-1
640,3,676,1199,50,50,1,-1,-1,-1
640,4,413,1133,50,50,1,-1,-1,-1
641,2,480,1003,50,50,1,-1,-1,-1
641,3,677,1201,50,50,1,-1,-1,-1
641,4,367,1211,50,50,1,-1,-1,-1
642,2,397,1158,50,50,1,-1,-1,-1
642,3,675,1212,50,50,1,-1,-1,-1
643,2,397,1164,50,50,1,-1,-1,-1
643,3,673,1227,50,50,1,-1,-1,-1
644,2,401,1165,50,50,1,-1,-1,-1
644,3,673,1252,50,50,1,-1,-1,-1
645,2,406,1165,50,50,1,-1,-1,-1
645,3,667,1276,50,50,1,-1,-1,-1
645,4,451,1489,50,50,1,-1,-1,-1
646,2,407,1176,50,50,1,-1,-1,-1
646,3,666,1304,50,50,1,-1,-1,-1
646,4,450,1493,50,50,1,-1,-1,-1
647,2,427,1159,50,50,1,-1,-1,-1
647,3,662,1330,50,50,1,-1,-1,-1
647,4,449,1493,50,50,1,-1,-1,-1
648,2,428,1165,50,50,1,-1,-1,-1
648,3,657,1349,50,50,1,-1,-1,-1
648,4,447,1498,50,50,1,-1,-1,-1
648,5,495,964,50,50,1,-1,-1,-1
649,2,436,1198,50,50,1,-1,-1,-1
649,3,649,1356,50,50,1,-1,-1,-1
649,5,506,981,50,50,1,-1,-1,-1
