11,1,504,1194,50,50,1,-1,-1,-1
12,1,567,1190,50,50,1,-1,-1,-1
12,2,471,1212,50,50,1,-1,-1,-1
13,1,561,1158,50,50,1,-1,-1,-1
13,2,469,1236,50,50,1,-1,-1,-1
14,2,473,1291,50,50,1,-1,-1,-1
15,1,577,1131,50,50,1,-1,-1,-1
15,2,471,1317,50,50,1,-1,-1,-1
16,1,581,1124,50,50,1,-1,-1,-1
17,2,474,1353,50,50,1,-1,-1,-1
18,2,495,1328,50,50,1,-1,-1,-1
19,2,497,1274,50,50,1,-1,-1,-1
20,2,532,1207,50,50,1,-1,-1,-1
21,1,584,1225,50,50,1,-1,-1,-1
21,2,517,1151,50,50,1,-1,-1,-1
22,1,581,1273,50,50,1,-1,-1,-1
22,2,455,1163,50,50,1,-1,-1,-1
23,1,578,1298,50,50,1,-1,-1,-1
24,1,578,1298,50,50,1,-1,-1,-1
25,1,561,1312,50,50,1,-1,-1,-1
25,2,546,867,50,50,1,-1,-1,-1
26,2,551,818,50,50,1,-1,-1,-1
27,1,532,1277,50,50,1,-1,-1,-1
27,2,555,775,50,50,1,-1,-1,-1
28,2,560,737,50,50,1,-1,-1,-1
28,3,486,1211,50,50,1,-1,-1,-1
29,2,566,707,50,50,1,-1,-1,-1
29,3,485,1216,50,50,1,-1,-1,-1
30,1,453,1302,50,50,1,-1,-1,-1
30,2,572,680,50,50,1,-1,-1,-1
31,1,465,1320,50,50,1,-1,-1,-1
31,2,578,660,50,50,1,-1,-1,-1
31,3,553,1129,50,50,1,-1,-1,-1
32,1,478,1303,50,50,1,-1,-1,-1
32,2,583,645,50,50,1,-1,-1,-1
32,3,546,1127,50,50,1,-1,-1,-1
33,1,490,1269,50,50,1,-1,-1,-1
33,2,588,635,50,50,1,-1,-1,-1
33,3,564,1164,50,50,1,-1,-1,-1
34,1,524,1211,50,50,1,-1,-1,-1
34,2,594,630,50,50,1,-1,-1,-1
34,3,482,873,50,50,1,-1,-1,-1
35,1,513,1152,50,50,1,-1,-1,-1
35,2,600,628,50,50,1,-1,-1,-1
35,3,476,837,50,50,1,-1,-1,-1
35,4,583,1255,50,50,1,-1,-1,-1
36,1,518,1101,50,50,1,-1,-1,-1
36,2,608,632,50,50,1,-1,-1,-1
36,3,471,807,50,50,1,-1,-1,-1
36,4,592,1293,50,50,1,-1,-1,-1
37,2,614,641,50,50,1,-1,-1,-1
37,3,467,781,50,50,1,-1,-1,-1
37,5,597,1309,50,50,1,-1,-1,-1
38,1,534,922,50,50,1,-1,-1,-1
38,2,621,656,50,50,1,-1,-1,-1
38,3,462,761,50,50,1,-1,-1,-1
38,5,594,1310,50,50,1,-1,-1,-1
39,1,537,880,50,50,1,-1,-1,-1
39,2,628,673,50,50,1,-1,-1,-1
39,3,457,747,50,50,1,-1,-1,-1
39,5,591,1293,50,50,1,-1,-1,-1
40,1,544,833,50,50,1,-1,-1,-1
40,2,635,698,50,50,1,-1,-1,-1
40,3,453,738,50,50,1,-1,-1,-1
40,5,585,1267,50,50,1,-1,-1,-1
41,1,555,756,50,50,1,-1,-1,-1
41,2,651,761,50,50,1,-1,-1,-1
41,3,445,733,50,50,1,-1,-1,-1
41,4,572,1138,50,50,1,-1,-1,-1
41,5,480,1244,50,50,1,-1,-1,-1
42,1,561,726,50,50,1,-1,-1,-1
42,2,659,801,50,50,1,-1,-1,-1
42,3,442,739,50,50,1,-1,-1,-1
42,5,477,1295,50,50,1,-1,-1,-1
43,1,568,702,50,50,1,-1,-1,-1
43,2,667,845,50,50,1,-1,-1,-1
43,3,436,749,50,50,1,-1,-1,-1
44,1,549,924,50,50,1,-1,-1,-1
44,2,674,895,50,50,1,-1,-1,-1
44,3,433,765,50,50,1,-1,-1,-1
44,4,626,1078,50,50,1,-1,-1,-1
44,5,483,1311,50,50,1,-1,-1,-1
45,1,490,1292,50,50,1,-1,-1,-1
45,2,684,951,50,50,1,-1,-1,-1
45,3,430,785,50,50,1,-1,-1,-1
45,4,538,877,50,50,1,-1,-1,-1
45,5,653,1077,50,50,1,-1,-1,-1
46,1,499,1246,50,50,1,-1,-1,-1
46,2,682,1060,50,50,1,-1,-1,-1
46,3,426,811,50,50,1,-1,-1,-1
46,4,532,833,50,50,1,-1,-1,-1
46,5,590,660,50,50,1,-1,-1,-1
47,1,504,1195,50,50,1,-1,-1,-1
47,2,690,1099,50,50,1,-1,-1,-1
47,3,422,840,50,50,1,-1,-1,-1
47,4,524,793,50,50,1,-1,-1,-1
47,5,597,655,50,50,1,-1,-1,-1
48,2,697,1129,50,50,1,-1,-1,-1
48,3,419,876,50,50,1,-1,-1,-1
48,4,520,759,50,50,1,-1,-1,-1
48,5,605,656,50,50,1,-1,-1,-1
49,2,695,1161,50,50,1,-1,-1,-1
49,3,416,917,50,50,1,-1,-1,-1
49,4,514,731,50,50,1,-1,-1,-1
49,5,613,661,50,50,1,-1,-1,-1
50,1,455,1112,50,50,1,-1,-1,-1
50,2,688,1199,50,50,1,-1,-1,-1
50,3,414,965,50,50,1,-1,-1,-1
50,4,508,707,50,50,1,-1,-1,-1
50,5,622,671,50,50,1,-1,-1,-1
51,1,431,1118,50,50,1,-1,-1,-1
51,2,670,1246,50,50,1,-1,-1,-1
51,3,411,1018,50,50,1,-1,-1,-1
51,4,502,690,50,50,1,-1,-1,-1
51,5,534,914,50,50,1,-1,-1,-1
52,1,412,1111,50,50,1,-1,-1,-1
52,2,651,1276,50,50,1,-1,-1,-1
52,3,538,873,50,50,1,-1,-1,-1
52,4,498,678,50,50,1,-1,-1,-1
52,5,638,707,50,50,1,-1,-1,-1
53,1,406,1152,50,50,1,-1,-1,-1
53,2,638,1283,50,50,1,-1,-1,-1
53,3,646,733,50,50,1,-1,-1,-1
53,4,493,670,50,50,1,-1,-1,-1
53,5,543,830,50,50,1,-1,-1,-1
54,1,402,1184,50,50,1,-1,-1,-1
54,2,616,1263,50,50,1,-1,-1,-1
54,3,655,763,50,50,1,-1,-1,-1
54,4,487,668,50,50,1,-1,-1,-1
54,5,548,792,50,50,1,-1,-1,-1
55,1,407,1216,50,50,1,-1,-1,-1
55,2,611,1230,50,50,1,-1,-1,-1
55,3,663,799,50,50,1,-1,-1,-1
55,4,483,670,50,50,1,-1,-1,-1
55,5,553,760,50,50,1,-1,-1,-1
56,1,424,1253,50,50,1,-1,-1,-1
56,2,615,1163,50,50,1,-1,-1,-1
56,3,673,839,50,50,1,-1,-1,-1
56,4,478,677,50,50,1,-1,-1,-1
56,5,558,733,50,50,1,-1,-1,-1
57,1,442,1282,50,50,1,-1,-1,-1
57,3,682,886,50,50,1,-1,-1,-1
57,4,474,689,50,50,1,-1,-1,-1
57,5,564,711,50,50,1,-1,-1,-1
58,1,463,1309,50,50,1,-1,-1,-1
58,2,635,1107,50,50,1,-1,-1,-1
58,3,693,938,50,50,1,-1,-1,-1
58,4,470,707,50,50,1,-1,-1,-1
58,5,569,695,50,50,1,-1,-1,-1
59,1,479,1302,50,50,1,-1,-1,-1
59,2,661,1092,50,50,1,-1,-1,-1
59,3,704,996,50,50,1,-1,-1,-1
59,4,465,731,50,50,1,-1,-1,-1
59,5,575,684,50,50,1,-1,-1,-1
60,1,492,1288,50,50,1,-1,-1,-1
60,3,691,1090,50,50,1,-1,-1,-1
60,4,462,759,50,50,1,-1,-1,-1
60,5,581,678,50,50,1,-1,-1,-1
61,2,555,866,50,50,1,-1,-1,-1
61,3,697,1126,50,50,1,-1,-1,-1
61,4,457,792,50,50,1,-1,-1,-1
61,5,586,677,50,50,1,-1,-1,-1
62,1,501,1191,50,50,1,-1,-1,-1
62,2,545,825,50,50,1,-1,-1,-1
62,3,702,1146,50,50,1,-1,-1,-1
62,4,455,831,50,50,1,-1,-1,-1
62,5,594,680,50,50,1,-1,-1,-1
63,1,519,1136,50,50,1,-1,-1,-1
63,2,535,790,50,50,1,-1,-1,-1
63,3,701,1169,50,50,1,-1,-1,-1
63,4,451,875,50,50,1,-1,-1,-1
63,5,601,688,50,50,1,-1,-1,-1
64,2,525,760,50,50,1,-1,-1,-1
64,3,693,1195,50,50,1,-1,-1,-1
64,4,447,925,50,50,1,-1,-1,-1
64,5,608,700,50,50,1,-1,-1,-1
65,1,474,1082,50,50,1,-1,-1,-1
65,2,517,736,50,50,1,-1,-1,-1
65,3,677,1230,50,50,1,-1,-1,-1
65,4,443,981,50,50,1,-1,-1,-1
65,5,615,718,50,50,1,-1,-1,-1
66,1,537,920,50,50,1,-1,-1,-1
66,2,507,716,50,50,1,-1,-1,-1
66,3,653,1262,50,50,1,-1,-1,-1
66,4,446,1078,50,50,1,-1,-1,-1
66,5,622,741,50,50,1,-1,-1,-1
67,1,541,883,50,50,1,-1,-1,-1
67,2,497,702,50,50,1,-1,-1,-1
67,3,636,1271,50,50,1,-1,-1,-1
67,4,437,1121,50,50,1,-1,-1,-1
67,5,629,769,50,50,1,-1,-1,-1
68,1,545,840,50,50,1,-1,-1,-1
68,2,489,693,50,50,1,-1,-1,-1
68,3,619,1263,50,50,1,-1,-1,-1
68,4,432,1158,50,50,1,-1,-1,-1
68,5,638,803,50,50,1,-1,-1,-1
69,1,554,770,50,50,1,-1,-1,-1
69,2,471,692,50,50,1,-1,-1,-1
69,3,597,1166,50,50,1,-1,-1,-1
69,4,441,1242,50,50,1,-1,-1,-1
69,5,654,885,50,50,1,-1,-1,-1
70,1,559,744,50,50,1,-1,-1,-1
70,2,462,698,50,50,1,-1,-1,-1
70,4,451,1279,50,50,1,-1,-1,-1
70,5,662,935,50,50,1,-1,-1,-1
71,1,564,723,50,50,1,-1,-1,-1
71,2,453,709,50,50,1,-1,-1,-1
71,3,627,1116,50,50,1,-1,-1,-1
71,4,464,1303,50,50,1,-1,-1,-1
71,5,670,988,50,50,1,-1,-1,-1
72,1,569,707,50,50,1,-1,-1,-1
72,2,446,726,50,50,1,-1,-1,-1
72,4,477,1301,50,50,1,-1,-1,-1
72,5,663,1088,50,50,1,-1,-1,-1
73,1,574,696,50,50,1,-1,-1,-1
73,2,438,748,50,50,1,-1,-1,-1
73,4,486,1282,50,50,1,-1,-1,-1
73,5,678,1121,50,50,1,-1,-1,-1
74,1,580,690,50,50,1,-1,-1,-1
74,2,429,775,50,50,1,-1,-1,-1
74,3,547,876,50,50,1,-1,-1,-1
74,4,493,1242,50,50,1,-1,-1,-1
74,5,691,1147,50,50,1,-1,-1,-1
75,1,585,689,50,50,1,-1,-1,-1
75,2,421,808,50,50,1,-1,-1,-1
75,3,537,837,50,50,1,-1,-1,-1
75,4,505,1181,50,50,1,-1,-1,-1
75,5,688,1167,50,50,1,-1,-1,-1
76,1,591,692,50,50,1,-1,-1,-1
76,2,414,847,50,50,1,-1,-1,-1
76,3,527,803,50,50,1,-1,-1,-1
76,5,678,1189,50,50,1,-1,-1,-1
77,1,598,701,50,50,1,-1,-1,-1
77,2,404,893,50,50,1,-1,-1,-1
77,3,518,774,50,50,1,-1,-1,-1
77,4,472,1093,50,50,1,-1,-1,-1
77,5,662,1216,50,50,1,-1,-1,-1
78,1,605,715,50,50,1,-1,-1,-1
78,2,398,942,50,50,1,-1,-1,-1
78,3,510,752,50,50,1,-1,-1,-1
78,4,449,1094,50,50,1,-1,-1,-1
78,5,640,1247,50,50,1,-1,-1,-1
79,1,611,732,50,50,1,-1,-1,-1
79,2,391,998,50,50,1,-1,-1,-1
79,3,518,907,50,50,1,-1,-1,-1
79,4,415,1105,50,50,1,-1,-1,-1
79,5,621,1268,50,50,1,-1,-1,-1
80,1,617,756,50,50,1,-1,-1,-1
80,2,523,861,50,50,1,-1,-1,-1
80,3,492,722,50,50,1,-1,-1,-1
80,4,389,1094,50,50,1,-1,-1,-1
80,5,609,1272,50,50,1,-1,-1,-1
81,1,625,785,50,50,1,-1,-1,-1
81,2,483,715,50,50,1,-1,-1,-1
81,3,528,817,50,50,1,-1,-1,-1
81,4,381,1136,50,50,1,-1,-1,-1
81,5,602,1256,50,50,1,-1,-1,-1
82,1,631,820,50,50,1,-1,-1,-1
82,2,475,712,50,50,1,-1,-1,-1
82,3,532,779,50,50,1,-1,-1,-1
82,4,381,1176,50,50,1,-1,-1,-1
82,5,587,1205,50,50,1,-1,-1,-1
83,1,640,859,50,50,1,-1,-1,-1
83,2,537,747,50,50,1,-1,-1,-1
83,3,464,713,50,50,1,-1,-1,-1
83,4,393,1219,50,50,1,-1,-1,-1
83,5,581,1151,50,50,1,-1,-1,-1
84,1,648,904,50,50,1,-1,-1,-1
84,2,542,719,50,50,1,-1,-1,-1
84,3,457,722,50,50,1,-1,-1,-1
84,4,412,1262,50,50,1,-1,-1,-1
84,5,585,1112,50,50,1,-1,-1,-1
85,1,655,954,50,50,1,-1,-1,-1
85,2,546,697,50,50,1,-1,-1,-1
85,3,450,735,50,50,1,-1,-1,-1
85,4,434,1294,50,50,1,-1,-1,-1
85,5,608,1104,50,50,1,-1,-1,-1
86,2,552,681,50,50,1,-1,-1,-1
86,3,441,754,50,50,1,-1,-1,-1
86,4,448,1309,50,50,1,-1,-1,-1
86,5,646,1062,50,50,1,-1,-1,-1
87,1,662,1096,50,50,1,-1,-1,-1
87,2,557,668,50,50,1,-1,-1,-1
87,3,434,778,50,50,1,-1,-1,-1
87,4,465,1307,50,50,1,-1,-1,-1
87,5,545,907,50,50,1,-1,-1,-1
88,1,675,1130,50,50,1,-1,-1,-1
88,2,564,662,50,50,1,-1,-1,-1
88,3,426,806,50,50,1,-1,-1,-1
88,4,475,1272,50,50,1,-1,-1,-1
88,5,535,867,50,50,1,-1,-1,-1
89,1,680,1160,50,50,1,-1,-1,-1
89,2,569,659,50,50,1,-1,-1,-1
89,3,418,842,50,50,1,-1,-1,-1
89,4,479,1217,50,50,1,-1,-1,-1
89,5,527,831,50,50,1,-1,-1,-1
90,1,671,1194,50,50,1,-1,-1,-1
90,2,575,662,50,50,1,-1,-1,-1
90,3,410,883,50,50,1,-1,-1,-1
90,5,519,799,50,50,1,-1,-1,-1
91,1,658,1235,50,50,1,-1,-1,-1
91,2,580,669,50,50,1,-1,-1,-1
91,3,402,929,50,50,1,-1,-1,-1
91,4,471,1099,50,50,1,-1,-1,-1
91,5,511,774,50,50,1,-1,-1,-1
92,1,635,1274,50,50,1,-1,-1,-1
92,2,587,683,50,50,1,-1,-1,-1
92,3,395,981,50,50,1,-1,-1,-1
92,4,488,1006,50,50,1,-1,-1,-1
92,5,503,755,50,50,1,-1,-1,-1
93,1,614,1290,50,50,1,-1,-1,-1
93,2,593,701,50,50,1,-1,-1,-1
93,3,397,1092,50,50,1,-1,-1,-1
93,4,491,938,50,50,1,-1,-1,-1
93,5,496,740,50,50,1,-1,-1,-1
94,1,601,1288,50,50,1,-1,-1,-1
94,2,599,724,50,50,1,-1,-1,-1
94,3,382,1124,50,50,1,-1,-1,-1
94,4,498,888,50,50,1,-1,-1,-1
94,5,489,731,50,50,1,-1,-1,-1
95,1,584,1272,50,50,1,-1,-1,-1
95,2,607,752,50,50,1,-1,-1,-1
95,3,374,1157,50,50,1,-1,-1,-1
95,4,502,839,50,50,1,-1,-1,-1
95,5,482,726,50,50,1,-1,-1,-1
96,1,572,1222,50,50,1,-1,-1,-1
96,2,613,786,50,50,1,-1,-1,-1
96,3,376,1190,50,50,1,-1,-1,-1
96,4,507,797,50,50,1,-1,-1,-1
96,5,474,727,50,50,1,-1,-1,-1
97,1,569,1123,50,50,1,-1,-1,-1
97,2,629,869,50,50,1,-1,-1,-1
97,3,394,1262,50,50,1,-1,-1,-1
97,5,492,734,50,50,1,-1,-1,-1
98,1,592,1114,50,50,1,-1,-1,-1
98,2,637,920,50,50,1,-1,-1,-1
98,3,412,1291,50,50,1,-1,-1,-1
98,4,521,702,50,50,1,-1,-1,-1
98,5,455,755,50,50,1,-1,-1,-1
99,1,617,1106,50,50,1,-1,-1,-1
99,2,644,975,50,50,1,-1,-1,-1
99,3,423,1304,50,50,1,-1,-1,-1
99,4,483,1218,50,50,1,-1,-1,-1
99,5,448,776,50,50,1,-1,-1,-1
100,1,646,1080,50,50,1,-1,-1,-1
100,2,536,902,50,50,1,-1,-1,-1
100,3,434,1302,50,50,1,-1,-1,-1
100,4,530,665,50,50,1,-1,-1,-1
100,5,442,801,50,50,1,-1,-1,-1
101,1,660,1120,50,50,1,-1,-1,-1
101,2,530,860,50,50,1,-1,-1,-1
101,3,535,655,50,50,1,-1,-1,-1
101,5,436,830,50,50,1,-1,-1,-1
102,1,665,1153,50,50,1,-1,-1,-1
102,2,522,819,50,50,1,-1,-1,-1
102,3,541,650,50,50,1,-1,-1,-1
102,5,430,865,50,50,1,-1,-1,-1
103,1,660,1189,50,50,1,-1,-1,-1
103,2,517,784,50,50,1,-1,-1,-1
103,3,546,649,50,50,1,-1,-1,-1
103,5,424,906,50,50,1,-1,-1,-1
104,1,647,1235,50,50,1,-1,-1,-1
104,2,511,755,50,50,1,-1,-1,-1
104,3,551,654,50,50,1,-1,-1,-1
104,5,419,950,50,50,1,-1,-1,-1
105,1,627,1274,50,50,1,-1,-1,-1
105,2,506,731,50,50,1,-1,-1,-1
105,3,558,663,50,50,1,-1,-1,-1
105,5,441,1013,50,50,1,-1,-1,-1
106,1,606,1289,50,50,1,-1,-1,-1
106,2,532,695,50,50,1,-1,-1,-1
106,5,477,968,50,50,1,-1,-1,-1
107,1,588,1286,50,50,1,-1,-1,-1
107,2,495,699,50,50,1,-1,-1,-1
107,3,571,698,50,50,1,-1,-1,-1
107,5,484,916,50,50,1,-1,-1,-1
108,1,567,1269,50,50,1,-1,-1,-1
108,2,491,691,50,50,1,-1,-1,-1
108,3,577,724,50,50,1,-1,-1,-1
108,5,492,873,50,50,1,-1,-1,-1
109,1,560,1223,50,50,1,-1,-1,-1
109,2,486,689,50,50,1,-1,-1,-1
109,3,584,756,50,50,1,-1,-1,-1
109,5,499,833,50,50,1,-1,-1,-1
110,1,405,1235,50,50,1,-1,-1,-1
110,2,481,690,50,50,1,-1,-1,-1
110,3,592,791,50,50,1,-1,-1,-1
110,5,509,801,50,50,1,-1,-1,-1
111,1,416,1265,50,50,1,-1,-1,-1
111,2,476,697,50,50,1,-1,-1,-1
111,3,598,832,50,50,1,-1,-1,-1
111,5,517,772,50,50,1,-1,-1,-1
112,1,425,1298,50,50,1,-1,-1,-1
112,2,473,709,50,50,1,-1,-1,-1
112,3,606,880,50,50,1,-1,-1,-1
112,5,525,749,50,50,1,-1,-1,-1
113,1,437,1319,50,50,1,-1,-1,-1
113,2,468,727,50,50,1,-1,-1,-1
113,3,615,932,50,50,1,-1,-1,-1
113,5,534,732,50,50,1,-1,-1,-1
114,1,450,1326,50,50,1,-1,-1,-1
114,2,464,749,50,50,1,-1,-1,-1
114,3,622,992,50,50,1,-1,-1,-1
114,5,528,905,50,50,1,-1,-1,-1
115,1,467,1313,50,50,1,-1,-1,-1
115,2,459,777,50,50,1,-1,-1,-1
115,3,634,1091,50,50,1,-1,-1,-1
115,5,524,866,50,50,1,-1,-1,-1
116,1,483,1272,50,50,1,-1,-1,-1
116,2,455,810,50,50,1,-1,-1,-1
116,3,644,1134,50,50,1,-1,-1,-1
116,5,559,709,50,50,1,-1,-1,-1
117,1,487,1211,50,50,1,-1,-1,-1
117,2,452,847,50,50,1,-1,-1,-1
117,3,648,1169,50,50,1,-1,-1,-1
117,5,567,711,50,50,1,-1,-1,-1
118,1,504,1123,50,50,1,-1,-1,-1
118,2,449,892,50,50,1,-1,-1,-1
118,3,645,1207,50,50,1,-1,-1,-1
118,5,512,765,50,50,1,-1,-1,-1
119,1,586,730,50,50,1,-1,-1,-1
119,2,445,941,50,50,1,-1,-1,-1
119,3,640,1251,50,50,1,-1,-1,-1
119,5,508,744,50,50,1,-1,-1,-1
120,1,596,747,50,50,1,-1,-1,-1
120,2,442,997,50,50,1,-1,-1,-1
120,3,630,1273,50,50,1,-1,-1,-1
120,5,505,727,50,50,1,-1,-1,-1
121,1,606,769,50,50,1,-1,-1,-1
121,2,444,1091,50,50,1,-1,-1,-1
121,3,623,1276,50,50,1,-1,-1,-1
121,5,502,714,50,50,1,-1,-1,-1
122,1,615,797,50,50,1,-1,-1,-1
122,2,439,1137,50,50,1,-1,-1,-1
122,3,613,1264,50,50,1,-1,-1,-1
122,5,499,709,50,50,1,-1,-1,-1
123,1,624,828,50,50,1,-1,-1,-1
123,2,436,1174,50,50,1,-1,-1,-1
123,3,604,1212,50,50,1,-1,-1,-1
123,5,496,707,50,50,1,-1,-1,-1
124,1,636,865,50,50,1,-1,-1,-1
124,2,441,1217,50,50,1,-1,-1,-1
124,3,594,1157,50,50,1,-1,-1,-1
124,5,493,711,50,50,1,-1,-1,-1
125,1,658,956,50,50,1,-1,-1,-1
125,2,452,1294,50,50,1,-1,-1,-1
125,3,620,1114,50,50,1,-1,-1,-1
125,5,517,733,50,50,1,-1,-1,-1
126,2,463,1312,50,50,1,-1,-1,-1
126,3,485,751,50,50,1,-1,-1,-1
126,5,550,709,50,50,1,-1,-1,-1
127,1,671,1100,50,50,1,-1,-1,-1
127,2,478,1310,50,50,1,-1,-1,-1
127,3,483,775,50,50,1,-1,-1,-1
127,5,556,690,50,50,1,-1,-1,-1
128,1,685,1137,50,50,1,-1,-1,-1
128,2,490,1287,50,50,1,-1,-1,-1
128,3,542,871,50,50,1,-1,-1,-1
128,5,563,676,50,50,1,-1,-1,-1
129,1,691,1165,50,50,1,-1,-1,-1
129,2,497,1244,50,50,1,-1,-1,-1
129,3,506,836,50,50,1,-1,-1,-1
129,5,569,667,50,50,1,-1,-1,-1
130,1,688,1197,50,50,1,-1,-1,-1
130,2,504,1189,50,50,1,-1,-1,-1
130,3,525,803,50,50,1,-1,-1,-1
130,5,575,663,50,50,1,-1,-1,-1
131,1,679,1234,50,50,1,-1,-1,-1
131,2,515,1116,50,50,1,-1,-1,-1
131,3,517,776,50,50,1,-1,-1,-1
131,5,582,663,50,50,1,-1,-1,-1
132,1,661,1271,50,50,1,-1,-1,-1
132,2,503,1107,50,50,1,-1,-1,-1
132,3,508,756,50,50,1,-1,-1,-1
132,5,589,669,50,50,1,-1,-1,-1
133,1,644,1285,50,50,1,-1,-1,-1
133,2,471,1045,50,50,1,-1,-1,-1
133,3,500,740,50,50,1,-1,-1,-1
133,5,597,680,50,50,1,-1,-1,-1
134,1,632,1287,50,50,1,-1,-1,-1
134,2,527,908,50,50,1,-1,-1,-1
134,3,493,730,50,50,1,-1,-1,-1
134,5,605,695,50,50,1,-1,-1,-1
135,1,619,1268,50,50,1,-1,-1,-1
135,2,532,865,50,50,1,-1,-1,-1
135,3,484,725,50,50,1,-1,-1,-1
135,5,613,716,50,50,1,-1,-1,-1
136,1,610,1220,50,50,1,-1,-1,-1
136,2,535,822,50,50,1,-1,-1,-1
136,3,477,724,50,50,1,-1,-1,-1
136,5,619,742,50,50,1,-1,-1,-1
137,1,599,1163,50,50,1,-1,-1,-1
137,2,541,783,50,50,1,-1,-1,-1
137,3,469,728,50,50,1,-1,-1,-1
137,5,628,772,50,50,1,-1,-1,-1
138,1,597,1115,50,50,1,-1,-1,-1
138,2,545,752,50,50,1,-1,-1,-1
138,3,461,739,50,50,1,-1,-1,-1
138,5,636,809,50,50,1,-1,-1,-1
139,1,470,1304,50,50,1,-1,-1,-1
139,2,550,725,50,50,1,-1,-1,-1
139,3,455,753,50,50,1,-1,-1,-1
139,5,645,850,50,50,1,-1,-1,-1
140,1,479,1306,50,50,1,-1,-1,-1
140,2,555,703,50,50,1,-1,-1,-1
140,3,448,773,50,50,1,-1,-1,-1
140,5,653,898,50,50,1,-1,-1,-1
141,1,486,1285,50,50,1,-1,-1,-1
141,2,566,921,50,50,1,-1,-1,-1
141,3,441,799,50,50,1,-1,-1,-1
141,5,663,951,50,50,1,-1,-1,-1
142,1,565,676,50,50,1,-1,-1,-1
142,2,554,881,50,50,1,-1,-1,-1
142,3,433,829,50,50,1,-1,-1,-1
142,5,669,1053,50,50,1,-1,-1,-1
143,1,546,843,50,50,1,-1,-1,-1
143,2,571,670,50,50,1,-1,-1,-1
143,3,427,865,50,50,1,-1,-1,-1
143,5,678,1089,50,50,1,-1,-1,-1
144,1,508,1108,50,50,1,-1,-1,-1
144,2,576,668,50,50,1,-1,-1,-1
144,3,420,906,50,50,1,-1,-1,-1
144,5,680,1110,50,50,1,-1,-1,-1
145,1,503,1042,50,50,1,-1,-1,-1
145,2,530,786,50,50,1,-1,-1,-1
145,3,415,953,50,50,1,-1,-1,-1
145,5,677,1145,50,50,1,-1,-1,-1
146,1,522,765,50,50,1,-1,-1,-1
146,2,440,1133,50,50,1,-1,-1,-1
146,3,409,1007,50,50,1,-1,-1,-1
146,5,663,1188,50,50,1,-1,-1,-1
147,1,596,693,50,50,1,-1,-1,-1
147,2,514,916,50,50,1,-1,-1,-1
147,3,411,1113,50,50,1,-1,-1,-1
147,5,645,1244,50,50,1,-1,-1,-1
148,1,601,710,50,50,1,-1,-1,-1
148,2,508,742,50,50,1,-1,-1,-1
148,3,397,1152,50,50,1,-1,-1,-1
148,5,629,1276,50,50,1,-1,-1,-1
149,1,608,734,50,50,1,-1,-1,-1
149,2,500,737,50,50,1,-1,-1,-1
149,3,391,1197,50,50,1,-1,-1,-1
149,5,613,1281,50,50,1,-1,-1,-1
150,1,615,763,50,50,1,-1,-1,-1
150,2,529,795,50,50,1,-1,-1,-1
150,3,390,1236,50,50,1,-1,-1,-1
150,5,599,1267,50,50,1,-1,-1,-1
151,1,621,797,50,50,1,-1,-1,-1
151,2,513,754,50,50,1,-1,-1,-1
151,3,398,1269,50,50,1,-1,-1,-1
151,5,590,1216,50,50,1,-1,-1,-1
152,1,628,837,50,50,1,-1,-1,-1
152,2,510,744,50,50,1,-1,-1,-1
152,3,413,1296,50,50,1,-1,-1,-1
152,5,584,1156,50,50,1,-1,-1,-1
153,1,637,882,50,50,1,-1,-1,-1
153,2,473,767,50,50,1,-1,-1,-1
153,3,429,1315,50,50,1,-1,-1,-1
153,5,588,1116,50,50,1,-1,-1,-1
154,1,653,987,50,50,1,-1,-1,-1
154,2,461,814,50,50,1,-1,-1,-1
154,3,462,1317,50,50,1,-1,-1,-1
154,5,632,1097,50,50,1,-1,-1,-1
155,1,541,904,50,50,1,-1,-1,-1
155,2,455,844,50,50,1,-1,-1,-1
155,3,476,1287,50,50,1,-1,-1,-1
155,5,657,1081,50,50,1,-1,-1,-1
156,1,564,682,50,50,1,-1,-1,-1
156,2,489,872,50,50,1,-1,-1,-1
156,3,481,1232,50,50,1,-1,-1,-1
156,5,672,1118,50,50,1,-1,-1,-1
157,1,442,921,50,50,1,-1,-1,-1
157,2,523,826,50,50,1,-1,-1,-1
157,3,481,1172,50,50,1,-1,-1,-1
157,5,677,1149,50,50,1,-1,-1,-1
158,1,435,968,50,50,1,-1,-1,-1
158,2,515,794,50,50,1,-1,-1,-1
158,3,490,1087,50,50,1,-1,-1,-1
158,5,671,1184,50,50,1,-1,-1,-1
159,1,432,1020,50,50,1,-1,-1,-1
159,2,507,766,50,50,1,-1,-1,-1
159,3,487,1017,50,50,1,-1,-1,-1
159,5,656,1229,50,50,1,-1,-1,-1
160,1,433,1116,50,50,1,-1,-1,-1
160,2,499,746,50,50,1,-1,-1,-1
160,3,490,949,50,50,1,-1,-1,-1
160,5,635,1270,50,50,1,-1,-1,-1
161,1,426,1159,50,50,1,-1,-1,-1
161,2,492,729,50,50,1,-1,-1,-1
161,3,497,897,50,50,1,-1,-1,-1
161,5,622,1288,50,50,1,-1,-1,-1
162,1,419,1197,50,50,1,-1,-1,-1
162,2,483,719,50,50,1,-1,-1,-1
162,3,501,849,50,50,1,-1,-1,-1
162,5,609,1287,50,50,1,-1,-1,-1
163,1,420,1235,50,50,1,-1,-1,-1
163,2,476,713,50,50,1,-1,-1,-1
163,3,505,806,50,50,1,-1,-1,-1
163,5,596,1268,50,50,1,-1,-1,-1
164,1,423,1269,50,50,1,-1,-1,-1
164,2,470,712,50,50,1,-1,-1,-1
164,3,508,768,50,50,1,-1,-1,-1
164,5,587,1208,50,50,1,-1,-1,-1
165,1,431,1298,50,50,1,-1,-1,-1
165,2,624,903,50,50,1,-1,-1,-1
165,3,490,726,50,50,1,-1,-1,-1
165,5,582,1150,50,50,1,-1,-1,-1
166,1,439,1319,50,50,1,-1,-1,-1
166,2,633,956,50,50,1,-1,-1,-1
166,3,456,725,50,50,1,-1,-1,-1
166,5,590,1113,50,50,1,-1,-1,-1
167,1,445,1331,50,50,1,-1,-1,-1
167,2,641,1013,50,50,1,-1,-1,-1
167,3,449,740,50,50,1,-1,-1,-1
167,5,621,1117,50,50,1,-1,-1,-1
168,1,451,1330,50,50,1,-1,-1,-1
168,2,648,1106,50,50,1,-1,-1,-1
168,3,443,759,50,50,1,-1,-1,-1
168,5,554,931,50,50,1,-1,-1,-1
169,1,457,1315,50,50,1,-1,-1,-1
169,2,660,1145,50,50,1,-1,-1,-1
169,3,436,784,50,50,1,-1,-1,-1
169,5,529,660,50,50,1,-1,-1,-1
170,1,465,1270,50,50,1,-1,-1,-1
170,2,664,1178,50,50,1,-1,-1,-1
170,3,429,813,50,50,1,-1,-1,-1
170,5,533,653,50,50,1,-1,-1,-1
171,1,468,1203,50,50,1,-1,-1,-1
171,2,660,1208,50,50,1,-1,-1,-1
171,3,423,848,50,50,1,-1,-1,-1
171,5,525,803,50,50,1,-1,-1,-1
172,1,462,1145,50,50,1,-1,-1,-1
172,2,648,1249,50,50,1,-1,-1,-1
172,3,417,888,50,50,1,-1,-1,-1
172,5,519,769,50,50,1,-1,-1,-1
173,1,475,1051,50,50,1,-1,-1,-1
173,2,631,1281,50,50,1,-1,-1,-1
173,3,412,933,50,50,1,-1,-1,-1
173,5,512,739,50,50,1,-1,-1,-1
174,1,477,986,50,50,1,-1,-1,-1
174,2,618,1301,50,50,1,-1,-1,-1
174,3,408,986,50,50,1,-1,-1,-1
174,5,529,695,50,50,1,-1,-1,-1
175,1,483,927,50,50,1,-1,-1,-1
175,2,601,1303,50,50,1,-1,-1,-1
175,3,400,1042,50,50,1,-1,-1,-1
175,5,558,694,50,50,1,-1,-1,-1
176,1,488,876,50,50,1,-1,-1,-1
176,2,593,1297,50,50,1,-1,-1,-1
176,3,395,1139,50,50,1,-1,-1,-1
176,5,564,718,50,50,1,-1,-1,-1
177,1,492,830,50,50,1,-1,-1,-1
177,2,581,1280,50,50,1,-1,-1,-1
177,3,388,1182,50,50,1,-1,-1,-1
177,5,570,746,50,50,1,-1,-1,-1
178,1,496,789,50,50,1,-1,-1,-1
178,2,573,1237,50,50,1,-1,-1,-1
178,3,384,1225,50,50,1,-1,-1,-1
178,5,576,781,50,50,1,-1,-1,-1
179,1,501,754,50,50,1,-1,-1,-1
179,2,564,1174,50,50,1,-1,-1,-1
179,3,394,1259,50,50,1,-1,-1,-1
179,5,583,821,50,50,1,-1,-1,-1
180,1,486,702,50,50,1,-1,-1,-1
180,2,565,1129,50,50,1,-1,-1,-1
180,3,407,1291,50,50,1,-1,-1,-1
180,5,590,866,50,50,1,-1,-1,-1
181,1,514,677,50,50,1,-1,-1,-1
181,2,597,1113,50,50,1,-1,-1,-1
181,3,440,1323,50,50,1,-1,-1,-1
181,5,605,972,50,50,1,-1,-1,-1
182,1,519,665,50,50,1,-1,-1,-1
182,2,536,917,50,50,1,-1,-1,-1
182,3,449,1320,50,50,1,-1,-1,-1
182,5,611,1078,50,50,1,-1,-1,-1
183,1,525,655,50,50,1,-1,-1,-1
183,2,445,757,50,50,1,-1,-1,-1
183,3,464,1296,50,50,1,-1,-1,-1
183,5,617,1118,50,50,1,-1,-1,-1
184,1,531,650,50,50,1,-1,-1,-1
184,2,439,791,50,50,1,-1,-1,-1
184,3,474,1249,50,50,1,-1,-1,-1
184,5,621,1153,50,50,1,-1,-1,-1
185,1,534,650,50,50,1,-1,-1,-1
185,2,434,829,50,50,1,-1,-1,-1
185,3,476,1186,50,50,1,-1,-1,-1
185,5,621,1187,50,50,1,-1,-1,-1
186,1,541,655,50,50,1,-1,-1,-1
186,2,429,873,50,50,1,-1,-1,-1
186,3,491,1105,50,50,1,-1,-1,-1
186,5,618,1231,50,50,1,-1,-1,-1
187,1,547,665,50,50,1,-1,-1,-1
187,2,424,922,50,50,1,-1,-1,-1
187,3,471,1092,50,50,1,-1,-1,-1
187,5,612,1279,50,50,1,-1,-1,-1
188,1,552,681,50,50,1,-1,-1,-1
188,2,419,977,50,50,1,-1,-1,-1
188,3,444,1110,50,50,1,-1,-1,-1
188,5,606,1297,50,50,1,-1,-1,-1
189,1,559,700,50,50,1,-1,-1,-1
189,2,502,922,50,50,1,-1,-1,-1
189,3,500,736,50,50,1,-1,-1,-1
189,5,599,1298,50,50,1,-1,-1,-1
190,1,565,726,50,50,1,-1,-1,-1
190,2,511,878,50,50,1,-1,-1,-1
190,3,410,1125,50,50,1,-1,-1,-1
190,5,590,1288,50,50,1,-1,-1,-1
191,1,572,757,50,50,1,-1,-1,-1
191,2,518,836,50,50,1,-1,-1,-1
191,3,407,1166,50,50,1,-1,-1,-1
191,5,582,1254,50,50,1,-1,-1,-1
192,1,488,734,50,50,1,-1,-1,-1
192,2,553,796,50,50,1,-1,-1,-1
192,3,409,1209,50,50,1,-1,-1,-1
192,5,570,1196,50,50,1,-1,-1,-1
193,1,512,758,50,50,1,-1,-1,-1
193,2,586,834,50,50,1,-1,-1,-1
193,3,418,1254,50,50,1,-1,-1,-1
193,5,567,1143,50,50,1,-1,-1,-1
194,1,539,744,50,50,1,-1,-1,-1
194,2,593,881,50,50,1,-1,-1,-1
194,3,438,1291,50,50,1,-1,-1,-1
194,5,576,1117,50,50,1,-1,-1,-1
195,1,547,724,50,50,1,-1,-1,-1
195,2,600,932,50,50,1,-1,-1,-1
195,3,457,1313,50,50,1,-1,-1,-1
195,5,594,1108,50,50,1,-1,-1,-1
196,1,553,709,50,50,1,-1,-1,-1
196,2,609,991,50,50,1,-1,-1,-1
196,3,472,1311,50,50,1,-1,-1,-1
196,5,609,1105,50,50,1,-1,-1,-1
197,1,561,700,50,50,1,-1,-1,-1
197,2,522,889,50,50,1,-1,-1,-1
197,3,488,1287,50,50,1,-1,-1,-1
197,5,618,1089,50,50,1,-1,-1,-1
198,1,570,694,50,50,1,-1,-1,-1
198,2,491,856,50,50,1,-1,-1,-1
198,3,494,1244,50,50,1,-1,-1,-1
198,5,624,1132,50,50,1,-1,-1,-1
199,1,576,694,50,50,1,-1,-1,-1
199,2,505,812,50,50,1,-1,-1,-1
199,3,500,1187,50,50,1,-1,-1,-1
199,5,625,1172,50,50,1,-1,-1,-1
200,1,584,698,50,50,1,-1,-1,-1
200,2,498,781,50,50,1,-1,-1,-1
200,3,510,1116,50,50,1,-1,-1,-1
200,5,626,1214,50,50,1,-1,-1,-1
201,1,592,709,50,50,1,-1,-1,-1
201,2,490,756,50,50,1,-1,-1,-1
201,3,458,1003,50,50,1,-1,-1,-1
201,5,626,1269,50,50,1,-1,-1,-1
202,1,601,723,50,50,1,-1,-1,-1
202,2,482,736,50,50,1,-1,-1,-1
202,5,628,1291,50,50,1,-1,-1,-1
203,1,609,743,50,50,1,-1,-1,-1
203,2,474,720,50,50,1,-1,-1,-1
203,3,513,912,50,50,1,-1,-1,-1
203,5,625,1294,50,50,1,-1,-1,-1
204,1,618,768,50,50,1,-1,-1,-1
204,2,466,710,50,50,1,-1,-1,-1
204,3,517,872,50,50,1,-1,-1,-1
204,5,612,1273,50,50,1,-1,-1,-1
205,1,626,798,50,50,1,-1,-1,-1
205,2,458,706,50,50,1,-1,-1,-1
205,3,520,829,50,50,1,-1,-1,-1
205,5,603,1225,50,50,1,-1,-1,-1
206,1,635,834,50,50,1,-1,-1,-1
206,2,451,707,50,50,1,-1,-1,-1
206,3,523,793,50,50,1,-1,-1,-1
206,5,593,1165,50,50,1,-1,-1,-1
207,1,646,874,50,50,1,-1,-1,-1
207,2,446,712,50,50,1,-1,-1,-1
207,3,526,763,50,50,1,-1,-1,-1
207,5,462,1301,50,50,1,-1,-1,-1
208,1,654,920,50,50,1,-1,-1,-1
208,2,439,723,50,50,1,-1,-1,-1
208,3,529,737,50,50,1,-1,-1,-1
208,5,464,1319,50,50,1,-1,-1,-1
209,1,664,972,50,50,1,-1,-1,-1
209,2,431,739,50,50,1,-1,-1,-1
209,3,532,716,50,50,1,-1,-1,-1
209,5,466,1318,50,50,1,-1,-1,-1
210,1,688,1118,50,50,1,-1,-1,-1
210,2,420,786,50,50,1,-1,-1,-1
210,3,539,691,50,50,1,-1,-1,-1
210,5,479,1260,50,50,1,-1,-1,-1
211,1,691,1156,50,50,1,-1,-1,-1
211,2,413,817,50,50,1,-1,-1,-1
211,3,542,686,50,50,1,-1,-1,-1
211,5,481,1198,50,50,1,-1,-1,-1
212,1,685,1190,50,50,1,-1,-1,-1
212,2,407,854,50,50,1,-1,-1,-1
212,3,512,805,50,50,1,-1,-1,-1
212,5,495,1118,50,50,1,-1,-1,-1
213,1,671,1231,50,50,1,-1,-1,-1
213,2,399,896,50,50,1,-1,-1,-1
213,3,502,777,50,50,1,-1,-1,-1
213,5,550,690,50,50,1,-1,-1,-1
214,1,649,1273,50,50,1,-1,-1,-1
214,2,395,945,50,50,1,-1,-1,-1
214,3,554,700,50,50,1,-1,-1,-1
214,5,491,756,50,50,1,-1,-1,-1
215,1,632,1299,50,50,1,-1,-1,-1
215,2,387,997,50,50,1,-1,-1,-1
215,3,559,714,50,50,1,-1,-1,-1
215,5,502,933,50,50,1,-1,-1,-1
216,1,615,1305,50,50,1,-1,-1,-1
216,2,390,1097,50,50,1,-1,-1,-1
216,3,563,734,50,50,1,-1,-1,-1
216,5,510,891,50,50,1,-1,-1,-1
217,1,594,1291,50,50,1,-1,-1,-1
217,2,381,1137,50,50,1,-1,-1,-1
217,3,568,758,50,50,1,-1,-1,-1
217,5,517,849,50,50,1,-1,-1,-1
218,1,581,1263,50,50,1,-1,-1,-1
218,2,382,1180,50,50,1,-1,-1,-1
218,3,548,800,50,50,1,-1,-1,-1
218,5,452,721,50,50,1,-1,-1,-1
219,1,569,1207,50,50,1,-1,-1,-1
219,2,385,1221,50,50,1,-1,-1,-1
219,3,555,804,50,50,1,-1,-1,-1
219,5,444,725,50,50,1,-1,-1,-1
220,1,567,1152,50,50,1,-1,-1,-1
220,2,402,1263,50,50,1,-1,-1,-1
220,3,535,755,50,50,1,-1,-1,-1
220,5,433,735,50,50,1,-1,-1,-1
221,1,572,1121,50,50,1,-1,-1,-1
221,2,425,1296,50,50,1,-1,-1,-1
221,3,542,735,50,50,1,-1,-1,-1
221,5,425,749,50,50,1,-1,-1,-1
222,1,591,1113,50,50,1,-1,-1,-1
222,2,442,1311,50,50,1,-1,-1,-1
222,3,549,720,50,50,1,-1,-1,-1
222,5,414,768,50,50,1,-1,-1,-1
223,1,604,1069,50,50,1,-1,-1,-1
223,2,456,1305,50,50,1,-1,-1,-1
223,3,556,709,50,50,1,-1,-1,-1
223,5,408,793,50,50,1,-1,-1,-1
224,1,613,1102,50,50,1,-1,-1,-1
224,2,467,1273,50,50,1,-1,-1,-1
224,3,562,704,50,50,1,-1,-1,-1
224,5,399,823,50,50,1,-1,-1,-1
225,1,617,1138,50,50,1,-1,-1,-1
225,2,471,1217,50,50,1,-1,-1,-1
225,3,569,704,50,50,1,-1,-1,-1
225,5,389,859,50,50,1,-1,-1,-1
226,1,616,1171,50,50,1,-1,-1,-1
226,2,461,1161,50,50,1,-1,-1,-1
226,3,577,708,50,50,1,-1,-1,-1
226,5,381,900,50,50,1,-1,-1,-1
227,1,614,1213,50,50,1,-1,-1,-1
227,2,504,793,50,50,1,-1,-1,-1
227,3,583,717,50,50,1,-1,-1,-1
227,5,372,947,50,50,1,-1,-1,-1
228,1,611,1266,50,50,1,-1,-1,-1
228,2,476,1015,50,50,1,-1,-1,-1
228,3,498,766,50,50,1,-1,-1,-1
228,5,362,998,50,50,1,-1,-1,-1
229,1,610,1289,50,50,1,-1,-1,-1
229,2,477,959,50,50,1,-1,-1,-1
229,3,491,746,50,50,1,-1,-1,-1
229,5,376,1108,50,50,1,-1,-1,-1
230,1,602,1287,50,50,1,-1,-1,-1
230,2,484,731,50,50,1,-1,-1,-1
230,3,606,773,50,50,1,-1,-1,-1
230,5,361,1146,50,50,1,-1,-1,-1
231,1,592,1266,50,50,1,-1,-1,-1
231,2,478,720,50,50,1,-1,-1,-1
231,3,614,803,50,50,1,-1,-1,-1
231,5,349,1183,50,50,1,-1,-1,-1
232,1,582,1216,50,50,1,-1,-1,-1
232,2,486,828,50,50,1,-1,-1,-1
232,3,622,838,50,50,1,-1,-1,-1
232,5,354,1222,50,50,1,-1,-1,-1
233,1,577,1159,50,50,1,-1,-1,-1
233,2,488,794,50,50,1,-1,-1,-1
233,3,632,877,50,50,1,-1,-1,-1
233,5,366,1256,50,50,1,-1,-1,-1
234,1,582,1123,50,50,1,-1,-1,-1
234,2,477,746,50,50,1,-1,-1,-1
234,3,641,922,50,50,1,-1,-1,-1
234,5,379,1284,50,50,1,-1,-1,-1
235,1,612,1121,50,50,1,-1,-1,-1
235,2,475,737,50,50,1,-1,-1,-1
235,3,649,972,50,50,1,-1,-1,-1
235,5,403,1304,50,50,1,-1,-1,-1
236,1,648,1080,50,50,1,-1,-1,-1
236,2,473,736,50,50,1,-1,-1,-1
236,5,418,1313,50,50,1,-1,-1,-1
237,1,521,874,50,50,1,-1,-1,-1
237,2,504,709,50,50,1,-1,-1,-1
237,3,670,1144,50,50,1,-1,-1,-1
237,5,445,1299,50,50,1,-1,-1,-1
238,1,437,821,50,50,1,-1,-1,-1
238,2,507,708,50,50,1,-1,-1,-1
238,3,668,1171,50,50,1,-1,-1,-1
238,5,454,1260,50,50,1,-1,-1,-1
239,1,432,855,50,50,1,-1,-1,-1
239,2,510,711,50,50,1,-1,-1,-1
239,3,658,1204,50,50,1,-1,-1,-1
239,5,460,1197,50,50,1,-1,-1,-1
240,1,428,897,50,50,1,-1,-1,-1
240,2,515,719,50,50,1,-1,-1,-1
240,3,636,1250,50,50,1,-1,-1,-1
240,5,452,1151,50,50,1,-1,-1,-1
241,1,423,944,50,50,1,-1,-1,-1
241,2,503,746,50,50,1,-1,-1,-1
241,3,608,1286,50,50,1,-1,-1,-1
242,1,446,996,50,50,1,-1,-1,-1
242,2,502,748,50,50,1,-1,-1,-1
242,3,588,1299,50,50,1,-1,-1,-1
242,5,426,1120,50,50,1,-1,-1,-1
243,1,484,941,50,50,1,-1,-1,-1
243,2,471,733,50,50,1,-1,-1,-1
243,5,526,775,50,50,1,-1,-1,-1
244,1,531,806,50,50,1,-1,-1,-1
244,2,463,726,50,50,1,-1,-1,-1
244,3,553,1273,50,50,1,-1,-1,-1
244,5,493,894,50,50,1,-1,-1,-1
245,1,516,847,50,50,1,-1,-1,-1
245,2,456,725,50,50,1,-1,-1,-1
245,3,528,1233,50,50,1,-1,-1,-1
245,5,405,1167,50,50,1,-1,-1,-1
246,1,539,879,50,50,1,-1,-1,-1
246,2,449,730,50,50,1,-1,-1,-1
246,3,514,1175,50,50,1,-1,-1,-1
246,5,408,1204,50,50,1,-1,-1,-1
247,1,547,918,50,50,1,-1,-1,-1
247,2,443,740,50,50,1,-1,-1,-1
247,3,524,1128,50,50,1,-1,-1,-1
247,5,419,1249,50,50,1,-1,-1,-1
248,1,493,1033,50,50,1,-1,-1,-1
248,2,437,755,50,50,1,-1,-1,-1
248,3,544,1126,50,50,1,-1,-1,-1
248,5,522,762,50,50,1,-1,-1,-1
249,1,439,1297,50,50,1,-1,-1,-1
249,2,429,775,50,50,1,-1,-1,-1
249,3,557,1127,50,50,1,-1,-1,-1
249,5,530,741,50,50,1,-1,-1,-1
250,1,536,727,50,50,1,-1,-1,-1
250,2,421,799,50,50,1,-1,-1,-1
250,3,569,1133,50,50,1,-1,-1,-1
250,5,489,925,50,50,1,-1,-1,-1
251,1,543,718,50,50,1,-1,-1,-1
251,2,415,829,50,50,1,-1,-1,-1
251,3,583,1163,50,50,1,-1,-1,-1
251,5,486,882,50,50,1,-1,-1,-1
252,1,481,844,50,50,1,-1,-1,-1
252,2,408,865,50,50,1,-1,-1,-1
252,3,588,1198,50,50,1,-1,-1,-1
252,5,551,712,50,50,1,-1,-1,-1
253,1,477,812,50,50,1,-1,-1,-1
253,2,402,907,50,50,1,-1,-1,-1
253,3,585,1237,50,50,1,-1,-1,-1
253,5,558,712,50,50,1,-1,-1,-1
254,1,473,785,50,50,1,-1,-1,-1
254,2,395,953,50,50,1,-1,-1,-1
254,3,586,1272,50,50,1,-1,-1,-1
254,5,566,716,50,50,1,-1,-1,-1
255,1,468,764,50,50,1,-1,-1,-1
255,2,390,1006,50,50,1,-1,-1,-1
255,3,587,1289,50,50,1,-1,-1,-1
255,5,574,726,50,50,1,-1,-1,-1
256,1,465,747,50,50,1,-1,-1,-1
256,2,381,1109,50,50,1,-1,-1,-1
256,3,584,1291,50,50,1,-1,-1,-1
256,5,583,740,50,50,1,-1,-1,-1
257,1,460,736,50,50,1,-1,-1,-1
257,2,372,1148,50,50,1,-1,-1,-1
257,3,579,1278,50,50,1,-1,-1,-1
257,5,592,761,50,50,1,-1,-1,-1
258,1,456,730,50,50,1,-1,-1,-1
258,2,370,1188,50,50,1,-1,-1,-1
258,3,572,1241,50,50,1,-1,-1,-1
258,5,601,787,50,50,1,-1,-1,-1
259,1,453,729,50,50,1,-1,-1,-1
259,2,376,1229,50,50,1,-1,-1,-1
259,3,562,1179,50,50,1,-1,-1,-1
259,5,610,817,50,50,1,-1,-1,-1
260,1,449,733,50,50,1,-1,-1,-1
260,2,386,1264,50,50,1,-1,-1,-1
260,3,562,1131,50,50,1,-1,-1,-1
260,5,619,853,50,50,1,-1,-1,-1
261,1,446,742,50,50,1,-1,-1,-1
261,2,409,1293,50,50,1,-1,-1,-1
261,3,585,1120,50,50,1,-1,-1,-1
261,5,628,894,50,50,1,-1,-1,-1
262,1,443,757,50,50,1,-1,-1,-1
262,2,431,1308,50,50,1,-1,-1,-1
262,3,607,1103,50,50,1,-1,-1,-1
262,5,638,940,50,50,1,-1,-1,-1
263,1,440,775,50,50,1,-1,-1,-1
263,2,443,1310,50,50,1,-1,-1,-1
263,3,635,1099,50,50,1,-1,-1,-1
263,5,648,991,50,50,1,-1,-1,-1
264,1,436,800,50,50,1,-1,-1,-1
264,2,461,1291,50,50,1,-1,-1,-1
264,3,657,1086,50,50,1,-1,-1,-1
264,5,516,884,50,50,1,-1,-1,-1
265,1,435,829,50,50,1,-1,-1,-1
265,2,471,1247,50,50,1,-1,-1,-1
265,3,666,1125,50,50,1,-1,-1,-1
265,5,532,687,50,50,1,-1,-1,-1
266,1,429,904,50,50,1,-1,-1,-1
266,2,471,1127,50,50,1,-1,-1,-1
266,3,663,1198,50,50,1,-1,-1,-1
266,5,545,691,50,50,1,-1,-1,-1
267,1,427,950,50,50,1,-1,-1,-1
267,2,483,1037,50,50,1,-1,-1,-1
267,3,651,1246,50,50,1,-1,-1,-1
267,5,551,700,50,50,1,-1,-1,-1
268,1,426,1000,50,50,1,-1,-1,-1
268,2,482,977,50,50,1,-1,-1,-1
268,3,633,1283,50,50,1,-1,-1,-1
268,5,559,713,50,50,1,-1,-1,-1
269,1,479,723,50,50,1,-1,-1,-1
269,2,495,918,50,50,1,-1,-1,-1
269,3,616,1296,50,50,1,-1,-1,-1
269,5,566,733,50,50,1,-1,-1,-1
270,1,415,1140,50,50,1,-1,-1,-1
270,2,501,875,50,50,1,-1,-1,-1
270,3,598,1290,50,50,1,-1,-1,-1
270,5,573,757,50,50,1,-1,-1,-1
271,1,413,1184,50,50,1,-1,-1,-1
271,2,507,833,50,50,1,-1,-1,-1
271,3,584,1262,50,50,1,-1,-1,-1
271,5,580,788,50,50,1,-1,-1,-1
272,1,417,1232,50,50,1,-1,-1,-1
272,2,512,795,50,50,1,-1,-1,-1
272,3,571,1212,50,50,1,-1,-1,-1
272,5,587,823,50,50,1,-1,-1,-1
273,1,424,1276,50,50,1,-1,-1,-1
273,2,518,765,50,50,1,-1,-1,-1
273,3,566,1156,50,50,1,-1,-1,-1
273,5,594,862,50,50,1,-1,-1,-1
274,1,430,1305,50,50,1,-1,-1,-1
274,2,524,739,50,50,1,-1,-1,-1
274,3,573,1123,50,50,1,-1,-1,-1
274,5,603,907,50,50,1,-1,-1,-1
275,1,440,1321,50,50,1,-1,-1,-1
275,2,530,717,50,50,1,-1,-1,-1
275,3,598,1121,50,50,1,-1,-1,-1
275,5,611,958,50,50,1,-1,-1,-1
276,1,450,1316,50,50,1,-1,-1,-1
276,2,535,702,50,50,1,-1,-1,-1
276,3,618,1118,50,50,1,-1,-1,-1
276,5,621,1016,50,50,1,-1,-1,-1
277,1,462,1292,50,50,1,-1,-1,-1
277,2,541,690,50,50,1,-1,-1,-1
277,3,632,1105,50,50,1,-1,-1,-1
277,5,523,907,50,50,1,-1,-1,-1
278,1,471,1240,50,50,1,-1,-1,-1
278,2,548,685,50,50,1,-1,-1,-1
278,3,640,1142,50,50,1,-1,-1,-1
278,5,427,835,50,50,1,-1,-1,-1
279,1,473,1176,50,50,1,-1,-1,-1
279,2,553,685,50,50,1,-1,-1,-1
279,3,639,1175,50,50,1,-1,-1,-1
279,5,422,875,50,50,1,-1,-1,-1
280,1,484,1097,50,50,1,-1,-1,-1
280,2,561,689,50,50,1,-1,-1,-1
280,3,631,1211,50,50,1,-1,-1,-1
280,5,419,918,50,50,1,-1,-1,-1
281,1,492,775,50,50,1,-1,-1,-1
281,2,568,698,50,50,1,-1,-1,-1
281,3,623,1260,50,50,1,-1,-1,-1
281,5,414,968,50,50,1,-1,-1,-1
282,1,484,755,50,50,1,-1,-1,-1
282,2,574,713,50,50,1,-1,-1,-1
282,3,613,1286,50,50,1,-1,-1,-1
282,5,489,957,50,50,1,-1,-1,-1
283,1,499,901,50,50,1,-1,-1,-1
283,2,581,732,50,50,1,-1,-1,-1
283,3,600,1292,50,50,1,-1,-1,-1
283,5,476,739,50,50,1,-1,-1,-1
284,1,399,1160,50,50,1,-1,-1,-1
284,2,589,758,50,50,1,-1,-1,-1
284,3,591,1279,50,50,1,-1,-1,-1
284,5,469,728,50,50,1,-1,-1,-1
285,1,394,1199,50,50,1,-1,-1,-1
285,2,596,787,50,50,1,-1,-1,-1
285,3,585,1244,50,50,1,-1,-1,-1
285,5,510,807,50,50,1,-1,-1,-1
286,1,395,1240,50,50,1,-1,-1,-1
286,2,604,823,50,50,1,-1,-1,-1
286,3,574,1184,50,50,1,-1,-1,-1
286,5,516,768,50,50,1,-1,-1,-1
287,1,409,1278,50,50,1,-1,-1,-1
287,2,612,864,50,50,1,-1,-1,-1
287,3,571,1133,50,50,1,-1,-1,-1
287,5,522,733,50,50,1,-1,-1,-1
288,1,424,1305,50,50,1,-1,-1,-1
288,2,621,911,50,50,1,-1,-1,-1
288,3,442,739,50,50,1,-1,-1,-1
288,5,527,704,50,50,1,-1,-1,-1
289,1,438,1317,50,50,1,-1,-1,-1
289,2,629,963,50,50,1,-1,-1,-1
289,3,436,755,50,50,1,-1,-1,-1
289,5,534,680,50,50,1,-1,-1,-1
290,1,449,1313,50,50,1,-1,-1,-1
290,2,632,1067,50,50,1,-1,-1,-1
290,3,542,922,50,50,1,-1,-1,-1
290,5,540,662,50,50,1,-1,-1,-1
291,1,463,1285,50,50,1,-1,-1,-1
291,2,532,886,50,50,1,-1,-1,-1
291,3,643,1112,50,50,1,-1,-1,-1
291,5,546,649,50,50,1,-1,-1,-1
292,1,470,1230,50,50,1,-1,-1,-1
292,2,417,831,50,50,1,-1,-1,-1
292,3,652,1144,50,50,1,-1,-1,-1
292,5,552,641,50,50,1,-1,-1,-1
293,1,512,781,50,50,1,-1,-1,-1
293,2,404,911,50,50,1,-1,-1,-1
293,3,643,1222,50,50,1,-1,-1,-1
293,5,566,638,50,50,1,-1,-1,-1
294,1,506,757,50,50,1,-1,-1,-1
294,2,482,1010,50,50,1,-1,-1,-1
294,3,627,1266,50,50,1,-1,-1,-1
294,5,573,645,50,50,1,-1,-1,-1
295,1,487,941,50,50,1,-1,-1,-1
295,2,406,1127,50,50,1,-1,-1,-1
295,3,612,1289,50,50,1,-1,-1,-1
295,5,579,657,50,50,1,-1,-1,-1
296,1,387,1113,50,50,1,-1,-1,-1
296,2,496,886,50,50,1,-1,-1,-1
296,3,598,1293,50,50,1,-1,-1,-1
296,5,588,673,50,50,1,-1,-1,-1
297,1,380,1153,50,50,1,-1,-1,-1
297,2,488,716,50,50,1,-1,-1,-1
297,3,588,1284,50,50,1,-1,-1,-1
297,5,596,696,50,50,1,-1,-1,-1
298,1,379,1193,50,50,1,-1,-1,-1
298,2,505,789,50,50,1,-1,-1,-1
298,3,582,1256,50,50,1,-1,-1,-1
298,5,603,723,50,50,1,-1,-1,-1
299,1,383,1233,50,50,1,-1,-1,-1
299,2,498,735,50,50,1,-1,-1,-1
299,3,572,1200,50,50,1,-1,-1,-1
299,5,612,754,50,50,1,-1,-1,-1
300,1,397,1271,50,50,1,-1,-1,-1
300,2,498,715,50,50,1,-1,-1,-1
300,3,571,1143,50,50,1,-1,-1,-1
300,5,619,793,50,50,1,-1,-1,-1
301,1,411,1303,50,50,1,-1,-1,-1
301,2,465,733,50,50,1,-1,-1,-1
301,3,583,1109,50,50,1,-1,-1,-1
301,5,628,836,50,50,1,-1,-1,-1
302,1,428,1320,50,50,1,-1,-1,-1
302,2,459,749,50,50,1,-1,-1,-1
302,3,607,1099,50,50,1,-1,-1,-1
302,5,638,885,50,50,1,-1,-1,-1
303,1,444,1320,50,50,1,-1,-1,-1
303,2,455,771,50,50,1,-1,-1,-1
303,3,550,915,50,50,1,-1,-1,-1
303,5,647,940,50,50,1,-1,-1,-1
304,1,458,1299,50,50,1,-1,-1,-1
304,2,450,797,50,50,1,-1,-1,-1
304,3,537,624,50,50,1,-1,-1,-1
304,5,657,1065,50,50,1,-1,-1,-1
305,1,468,1254,50,50,1,-1,-1,-1
305,2,446,829,50,50,1,-1,-1,-1
305,3,543,614,50,50,1,-1,-1,-1
305,5,671,1101,50,50,1,-1,-1,-1
306,1,469,1188,50,50,1,-1,-1,-1
306,2,442,866,50,50,1,-1,-1,-1
306,3,530,778,50,50,1,-1,-1,-1
306,5,677,1145,50,50,1,-1,-1,-1
307,1,481,1108,50,50,1,-1,-1,-1
307,2,437,909,50,50,1,-1,-1,-1
307,3,525,742,50,50,1,-1,-1,-1
307,5,672,1184,50,50,1,-1,-1,-1
308,1,480,1033,50,50,1,-1,-1,-1
308,2,432,956,50,50,1,-1,-1,-1
308,3,563,615,50,50,1,-1,-1,-1
308,5,659,1229,50,50,1,-1,-1,-1
309,1,481,971,50,50,1,-1,-1,-1
309,2,429,1008,50,50,1,-1,-1,-1
309,3,570,626,50,50,1,-1,-1,-1
309,5,639,1270,50,50,1,-1,-1,-1
310,1,492,912,50,50,1,-1,-1,-1
310,2,424,1107,50,50,1,-1,-1,-1
310,3,578,644,50,50,1,-1,-1,-1
310,5,621,1292,50,50,1,-1,-1,-1
311,1,498,864,50,50,1,-1,-1,-1
311,2,416,1146,50,50,1,-1,-1,-1
311,3,585,666,50,50,1,-1,-1,-1
311,5,605,1292,50,50,1,-1,-1,-1
312,1,503,818,50,50,1,-1,-1,-1
312,2,411,1183,50,50,1,-1,-1,-1
312,3,593,694,50,50,1,-1,-1,-1
312,5,590,1270,50,50,1,-1,-1,-1
313,1,509,780,50,50,1,-1,-1,-1
313,2,411,1215,50,50,1,-1,-1,-1
313,3,602,727,50,50,1,-1,-1,-1
313,5,497,635,50,50,1,-1,-1,-1
314,1,515,745,50,50,1,-1,-1,-1
314,2,420,1253,50,50,1,-1,-1,-1
314,3,610,766,50,50,1,-1,-1,-1
314,5,493,634,50,50,1,-1,-1,-1
315,1,521,715,50,50,1,-1,-1,-1
315,2,430,1286,50,50,1,-1,-1,-1
315,3,617,810,50,50,1,-1,-1,-1
315,5,490,639,50,50,1,-1,-1,-1
316,1,506,671,50,50,1,-1,-1,-1
316,2,441,1310,50,50,1,-1,-1,-1
316,3,626,859,50,50,1,-1,-1,-1
316,5,589,1087,50,50,1,-1,-1,-1
317,1,505,669,50,50,1,-1,-1,-1
317,2,450,1322,50,50,1,-1,-1,-1
317,3,636,916,50,50,1,-1,-1,-1
317,5,618,1094,50,50,1,-1,-1,-1
318,1,505,674,50,50,1,-1,-1,-1
318,2,462,1317,50,50,1,-1,-1,-1
318,3,646,979,50,50,1,-1,-1,-1
318,5,637,1097,50,50,1,-1,-1,-1
319,1,476,710,50,50,1,-1,-1,-1
319,2,475,1294,50,50,1,-1,-1,-1
319,3,654,1084,50,50,1,-1,-1,-1
319,5,522,857,50,50,1,-1,-1,-1
320,1,472,743,50,50,1,-1,-1,-1
320,2,487,1251,50,50,1,-1,-1,-1
320,3,659,1130,50,50,1,-1,-1,-1
320,5,550,650,50,50,1,-1,-1,-1
321,1,500,752,50,50,1,-1,-1,-1
321,2,503,1123,50,50,1,-1,-1,-1
321,3,665,1186,50,50,1,-1,-1,-1
321,5,564,657,50,50,1,-1,-1,-1
322,1,492,727,50,50,1,-1,-1,-1
322,2,465,870,50,50,1,-1,-1,-1
322,3,659,1220,50,50,1,-1,-1,-1
322,5,570,669,50,50,1,-1,-1,-1
323,1,484,707,50,50,1,-1,-1,-1
323,2,462,923,50,50,1,-1,-1,-1
323,3,645,1258,50,50,1,-1,-1,-1
323,5,577,684,50,50,1,-1,-1,-1
324,1,523,908,50,50,1,-1,-1,-1
324,2,456,1086,50,50,1,-1,-1,-1
324,3,635,1272,50,50,1,-1,-1,-1
324,5,583,706,50,50,1,-1,-1,-1
325,1,450,1084,50,50,1,-1,-1,-1
325,2,531,865,50,50,1,-1,-1,-1
325,3,625,1270,50,50,1,-1,-1,-1
325,5,591,733,50,50,1,-1,-1,-1
326,1,448,1136,50,50,1,-1,-1,-1
326,2,464,683,50,50,1,-1,-1,-1
326,3,604,1249,50,50,1,-1,-1,-1
326,5,598,765,50,50,1,-1,-1,-1
327,1,450,1182,50,50,1,-1,-1,-1
327,2,457,686,50,50,1,-1,-1,-1
327,3,595,1197,50,50,1,-1,-1,-1
327,5,577,790,50,50,1,-1,-1,-1
328,1,456,1226,50,50,1,-1,-1,-1
328,2,451,692,50,50,1,-1,-1,-1
328,3,587,1143,50,50,1,-1,-1,-1
328,5,552,746,50,50,1,-1,-1,-1
329,1,458,1274,50,50,1,-1,-1,-1
329,2,445,705,50,50,1,-1,-1,-1
329,3,593,1104,50,50,1,-1,-1,-1
329,5,559,717,50,50,1,-1,-1,-1
330,1,461,1300,50,50,1,-1,-1,-1
330,2,439,723,50,50,1,-1,-1,-1
330,3,618,1103,50,50,1,-1,-1,-1
330,5,567,694,50,50,1,-1,-1,-1
331,1,470,1298,50,50,1,-1,-1,-1
331,2,432,747,50,50,1,-1,-1,-1
331,3,641,1060,50,50,1,-1,-1,-1
331,5,575,676,50,50,1,-1,-1,-1
332,1,482,1270,50,50,1,-1,-1,-1
332,2,426,775,50,50,1,-1,-1,-1
332,3,656,1094,50,50,1,-1,-1,-1
332,5,583,663,50,50,1,-1,-1,-1
333,1,488,1218,50,50,1,-1,-1,-1
333,2,420,810,50,50,1,-1,-1,-1
333,3,665,1130,50,50,1,-1,-1,-1
333,5,591,655,50,50,1,-1,-1,-1
334,1,491,1156,50,50,1,-1,-1,-1
334,2,415,849,50,50,1,-1,-1,-1
334,3,666,1165,50,50,1,-1,-1,-1
334,5,598,652,50,50,1,-1,-1,-1
335,1,496,1088,50,50,1,-1,-1,-1
335,2,409,894,50,50,1,-1,-1,-1
335,3,662,1204,50,50,1,-1,-1,-1
335,5,607,655,50,50,1,-1,-1,-1
336,1,457,1096,50,50,1,-1,-1,-1
336,2,403,946,50,50,1,-1,-1,-1
336,3,650,1254,50,50,1,-1,-1,-1
336,5,614,662,50,50,1,-1,-1,-1
337,1,515,925,50,50,1,-1,-1,-1
337,2,399,1003,50,50,1,-1,-1,-1
337,3,647,1289,50,50,1,-1,-1,-1
337,5,624,672,50,50,1,-1,-1,-1
338,1,473,701,50,50,1,-1,-1,-1
338,2,397,1107,50,50,1,-1,-1,-1
338,3,634,1289,50,50,1,-1,-1,-1
338,5,632,690,50,50,1,-1,-1,-1
339,1,462,690,50,50,1,-1,-1,-1
339,2,390,1149,50,50,1,-1,-1,-1
339,3,625,1273,50,50,1,-1,-1,-1
339,5,641,712,50,50,1,-1,-1,-1
340,1,453,684,50,50,1,-1,-1,-1
340,2,390,1189,50,50,1,-1,-1,-1
340,3,614,1226,50,50,1,-1,-1,-1
340,5,651,739,50,50,1,-1,-1,-1
341,1,445,683,50,50,1,-1,-1,-1
341,2,397,1230,50,50,1,-1,-1,-1
341,3,607,1165,50,50,1,-1,-1,-1
341,5,661,771,50,50,1,-1,-1,-1
342,1,435,685,50,50,1,-1,-1,-1
342,2,412,1270,50,50,1,-1,-1,-1
342,3,604,1116,50,50,1,-1,-1,-1
342,5,670,809,50,50,1,-1,-1,-1
343,1,426,693,50,50,1,-1,-1,-1
343,2,424,1298,50,50,1,-1,-1,-1
343,3,550,694,50,50,1,-1,-1,-1
343,5,681,851,50,50,1,-1,-1,-1
344,1,418,708,50,50,1,-1,-1,-1
344,2,438,1313,50,50,1,-1,-1,-1
344,3,556,672,50,50,1,-1,-1,-1
344,5,693,900,50,50,1,-1,-1,-1
345,1,408,727,50,50,1,-1,-1,-1
345,2,448,1310,50,50,1,-1,-1,-1
345,3,563,657,50,50,1,-1,-1,-1
345,5,702,953,50,50,1,-1,-1,-1
346,1,399,750,50,50,1,-1,-1,-1
346,2,462,1283,50,50,1,-1,-1,-1
346,3,569,645,50,50,1,-1,-1,-1
346,5,702,1076,50,50,1,-1,-1,-1
347,1,390,780,50,50,1,-1,-1,-1
347,2,471,1229,50,50,1,-1,-1,-1
347,3,575,639,50,50,1,-1,-1,-1
347,5,709,1114,50,50,1,-1,-1,-1
348,1,383,815,50,50,1,-1,-1,-1
348,2,473,1166,50,50,1,-1,-1,-1
348,3,583,638,50,50,1,-1,-1,-1
348,5,711,1150,50,50,1,-1,-1,-1
349,1,366,898,50,50,1,-1,-1,-1
349,2,434,1112,50,50,1,-1,-1,-1
349,3,518,751,50,50,1,-1,-1,-1
349,5,698,1219,50,50,1,-1,-1,-1
350,1,358,948,50,50,1,-1,-1,-1
350,2,406,1109,50,50,1,-1,-1,-1
350,3,499,942,50,50,1,-1,-1,-1
350,5,675,1259,50,50,1,-1,-1,-1
351,1,349,1003,50,50,1,-1,-1,-1
351,2,377,1118,50,50,1,-1,-1,-1
351,3,512,893,50,50,1,-1,-1,-1
351,5,651,1286,50,50,1,-1,-1,-1
352,1,521,844,50,50,1,-1,-1,-1
352,2,352,1107,50,50,1,-1,-1,-1
352,3,493,717,50,50,1,-1,-1,-1
352,5,637,1288,50,50,1,-1,-1,-1
353,1,628,739,50,50,1,-1,-1,-1
353,2,347,1148,50,50,1,-1,-1,-1
353,3,484,716,50,50,1,-1,-1,-1
353,5,615,1269,50,50,1,-1,-1,-1
354,1,636,773,50,50,1,-1,-1,-1
354,2,352,1187,50,50,1,-1,-1,-1
354,3,477,720,50,50,1,-1,-1,-1
354,5,606,1226,50,50,1,-1,-1,-1
355,1,645,813,50,50,1,-1,-1,-1
355,2,364,1221,50,50,1,-1,-1,-1
355,3,468,729,50,50,1,-1,-1,-1
355,5,597,1166,50,50,1,-1,-1,-1
356,1,654,859,50,50,1,-1,-1,-1
356,2,379,1257,50,50,1,-1,-1,-1
356,3,460,743,50,50,1,-1,-1,-1
356,5,598,1121,50,50,1,-1,-1,-1
357,1,662,911,50,50,1,-1,-1,-1
357,2,409,1292,50,50,1,-1,-1,-1
357,3,453,763,50,50,1,-1,-1,-1
357,5,626,1115,50,50,1,-1,-1,-1
358,1,673,968,50,50,1,-1,-1,-1
358,2,437,1308,50,50,1,-1,-1,-1
358,3,446,787,50,50,1,-1,-1,-1
358,5,649,1099,50,50,1,-1,-1,-1
359,1,557,915,50,50,1,-1,-1,-1
359,2,458,1299,50,50,1,-1,-1,-1
359,3,439,817,50,50,1,-1,-1,-1
359,5,676,1076,50,50,1,-1,-1,-1
360,1,546,876,50,50,1,-1,-1,-1
360,2,591,649,50,50,1,-1,-1,-1
360,3,431,851,50,50,1,-1,-1,-1
360,5,684,1113,50,50,1,-1,-1,-1
361,1,536,837,50,50,1,-1,-1,-1
361,2,601,647,50,50,1,-1,-1,-1
361,3,424,892,50,50,1,-1,-1,-1
361,5,692,1149,50,50,1,-1,-1,-1
362,1,527,805,50,50,1,-1,-1,-1
362,2,611,650,50,50,1,-1,-1,-1
362,3,418,940,50,50,1,-1,-1,-1
362,5,688,1187,50,50,1,-1,-1,-1
363,1,518,777,50,50,1,-1,-1,-1
363,2,488,1050,50,50,1,-1,-1,-1
363,3,411,992,50,50,1,-1,-1,-1
363,5,678,1231,50,50,1,-1,-1,-1
364,1,510,756,50,50,1,-1,-1,-1
364,2,487,990,50,50,1,-1,-1,-1
364,3,415,1095,50,50,1,-1,-1,-1
364,5,659,1271,50,50,1,-1,-1,-1
365,1,502,740,50,50,1,-1,-1,-1
365,2,640,690,50,50,1,-1,-1,-1
365,3,397,1140,50,50,1,-1,-1,-1
365,5,644,1283,50,50,1,-1,-1,-1
366,1,493,729,50,50,1,-1,-1,-1
366,2,651,713,50,50,1,-1,-1,-1
366,3,383,1188,50,50,1,-1,-1,-1
366,5,634,1274,50,50,1,-1,-1,-1
367,1,485,723,50,50,1,-1,-1,-1
367,2,505,836,50,50,1,-1,-1,-1
367,3,379,1233,50,50,1,-1,-1,-1
367,5,625,1238,50,50,1,-1,-1,-1
368,1,478,723,50,50,1,-1,-1,-1
368,2,510,796,50,50,1,-1,-1,-1
368,3,385,1268,50,50,1,-1,-1,-1
368,5,617,1181,50,50,1,-1,-1,-1
369,1,495,747,50,50,1,-1,-1,-1
369,2,684,812,50,50,1,-1,-1,-1
369,3,402,1299,50,50,1,-1,-1,-1
369,5,612,1134,50,50,1,-1,-1,-1
370,1,492,734,50,50,1,-1,-1,-1
370,2,694,855,50,50,1,-1,-1,-1
370,3,418,1321,50,50,1,-1,-1,-1
371,1,524,708,50,50,1,-1,-1,-1
371,2,706,903,50,50,1,-1,-1,-1
371,3,432,1329,50,50,1,-1,-1,-1
371,5,591,980,50,50,1,-1,-1,-1
372,1,447,770,50,50,1,-1,-1,-1
372,2,717,958,50,50,1,-1,-1,-1
372,3,444,1327,50,50,1,-1,-1,-1
372,5,577,925,50,50,1,-1,-1,-1
373,1,439,795,50,50,1,-1,-1,-1
373,2,534,677,50,50,1,-1,-1,-1
373,3,457,1309,50,50,1,-1,-1,-1
373,5,562,881,50,50,1,-1,-1,-1
374,1,433,826,50,50,1,-1,-1,-1
374,2,540,668,50,50,1,-1,-1,-1
374,3,467,1266,50,50,1,-1,-1,-1
374,5,550,839,50,50,1,-1,-1,-1
375,1,425,863,50,50,1,-1,-1,-1
375,2,545,665,50,50,1,-1,-1,-1
375,3,471,1201,50,50,1,-1,-1,-1
375,5,538,804,50,50,1,-1,-1,-1
376,1,418,904,50,50,1,-1,-1,-1
376,2,550,667,50,50,1,-1,-1,-1
376,3,471,1149,50,50,1,-1,-1,-1
376,5,528,774,50,50,1,-1,-1,-1
377,1,407,1004,50,50,1,-1,-1,-1
377,2,563,685,50,50,1,-1,-1,-1
377,3,422,1125,50,50,1,-1,-1,-1
377,5,486,994,50,50,1,-1,-1,-1
378,1,398,1107,50,50,1,-1,-1,-1
378,2,569,703,50,50,1,-1,-1,-1
378,3,494,931,50,50,1,-1,-1,-1
378,5,648,1286,50,50,1,-1,-1,-1
379,1,388,1147,50,50,1,-1,-1,-1
379,2,575,724,50,50,1,-1,-1,-1
379,3,488,704,50,50,1,-1,-1,-1
379,5,620,1298,50,50,1,-1,-1,-1
380,1,385,1186,50,50,1,-1,-1,-1
380,2,582,753,50,50,1,-1,-1,-1
380,3,478,701,50,50,1,-1,-1,-1
380,5,596,1285,50,50,1,-1,-1,-1
381,1,389,1227,50,50,1,-1,-1,-1
381,2,588,786,50,50,1,-1,-1,-1
381,3,516,805,50,50,1,-1,-1,-1
381,5,581,1248,50,50,1,-1,-1,-1
382,1,404,1267,50,50,1,-1,-1,-1
382,2,596,824,50,50,1,-1,-1,-1
382,3,523,772,50,50,1,-1,-1,-1
382,5,564,1184,50,50,1,-1,-1,-1
383,1,421,1297,50,50,1,-1,-1,-1
383,2,604,868,50,50,1,-1,-1,-1
383,3,530,745,50,50,1,-1,-1,-1
383,5,562,1134,50,50,1,-1,-1,-1
384,1,429,1317,50,50,1,-1,-1,-1
384,2,612,917,50,50,1,-1,-1,-1
384,3,536,723,50,50,1,-1,-1,-1
384,5,583,1121,50,50,1,-1,-1,-1
385,1,442,1315,50,50,1,-1,-1,-1
385,2,620,974,50,50,1,-1,-1,-1
385,3,543,706,50,50,1,-1,-1,-1
385,5,606,1110,50,50,1,-1,-1,-1
386,1,456,1295,50,50,1,-1,-1,-1
386,2,522,906,50,50,1,-1,-1,-1
386,3,551,695,50,50,1,-1,-1,-1
386,5,628,1085,50,50,1,-1,-1,-1
387,1,463,1246,50,50,1,-1,-1,-1
387,2,415,819,50,50,1,-1,-1,-1
387,3,558,688,50,50,1,-1,-1,-1
387,5,640,1121,50,50,1,-1,-1,-1
388,1,464,1181,50,50,1,-1,-1,-1
388,2,406,857,50,50,1,-1,-1,-1
388,3,565,687,50,50,1,-1,-1,-1
388,5,643,1159,50,50,1,-1,-1,-1
389,1,457,1132,50,50,1,-1,-1,-1
389,2,397,901,50,50,1,-1,-1,-1
389,3,573,689,50,50,1,-1,-1,-1
389,5,643,1191,50,50,1,-1,-1,-1
390,1,490,737,50,50,1,-1,-1,-1
390,2,389,949,50,50,1,-1,-1,-1
390,3,581,697,50,50,1,-1,-1,-1
390,5,631,1227,50,50,1,-1,-1,-1
391,1,482,706,50,50,1,-1,-1,-1
391,2,485,975,50,50,1,-1,-1,-1
391,3,588,709,50,50,1,-1,-1,-1
391,5,620,1266,50,50,1,-1,-1,-1
392,1,473,682,50,50,1,-1,-1,-1
392,2,379,1101,50,50,1,-1,-1,-1
392,3,597,729,50,50,1,-1,-1,-1
392,5,608,1283,50,50,1,-1,-1,-1
393,1,465,662,50,50,1,-1,-1,-1
393,2,358,1143,50,50,1,-1,-1,-1
393,3,605,754,50,50,1,-1,-1,-1
393,5,602,1282,50,50,1,-1,-1,-1
394,1,458,648,50,50,1,-1,-1,-1
394,2,350,1188,50,50,1,-1,-1,-1
394,3,614,781,50,50,1,-1,-1,-1
394,5,589,1260,50,50,1,-1,-1,-1
395,1,449,640,50,50,1,-1,-1,-1
395,2,524,798,50,50,1,-1,-1,-1
395,3,623,816,50,50,1,-1,-1,-1
395,5,581,1208,50,50,1,-1,-1,-1
396,1,443,636,50,50,1,-1,-1,-1
396,2,533,767,50,50,1,-1,-1,-1
396,3,632,855,50,50,1,-1,-1,-1
396,5,573,1150,50,50,1,-1,-1,-1
397,1,435,637,50,50,1,-1,-1,-1
397,2,542,741,50,50,1,-1,-1,-1
397,3,642,901,50,50,1,-1,-1,-1
397,5,582,1116,50,50,1,-1,-1,-1
398,1,430,643,50,50,1,-1,-1,-1
398,2,550,721,50,50,1,-1,-1,-1
398,3,651,953,50,50,1,-1,-1,-1
398,5,612,1112,50,50,1,-1,-1,-1
399,1,423,657,50,50,1,-1,-1,-1
399,2,559,706,50,50,1,-1,-1,-1
399,3,662,1010,50,50,1,-1,-1,-1
399,5,642,1109,50,50,1,-1,-1,-1
400,1,416,674,50,50,1,-1,-1,-1
400,2,567,696,50,50,1,-1,-1,-1
400,3,530,891,50,50,1,-1,-1,-1
400,5,670,1101,50,50,1,-1,-1,-1
401,1,410,697,50,50,1,-1,-1,-1
401,2,576,690,50,50,1,-1,-1,-1
401,3,523,847,50,50,1,-1,-1,-1
401,5,681,1140,50,50,1,-1,-1,-1
402,1,403,726,50,50,1,-1,-1,-1
402,2,586,690,50,50,1,-1,-1,-1
402,3,515,807,50,50,1,-1,-1,-1
402,5,682,1175,50,50,1,-1,-1,-1
403,1,397,759,50,50,1,-1,-1,-1
403,2,596,695,50,50,1,-1,-1,-1
403,3,508,773,50,50,1,-1,-1,-1
403,5,676,1209,50,50,1,-1,-1,-1
404,1,390,799,50,50,1,-1,-1,-1
404,2,606,704,50,50,1,-1,-1,-1
404,3,501,744,50,50,1,-1,-1,-1
404,5,662,1249,50,50,1,-1,-1,-1
405,1,383,844,50,50,1,-1,-1,-1
405,2,616,719,50,50,1,-1,-1,-1
405,3,494,720,50,50,1,-1,-1,-1
405,5,648,1281,50,50,1,-1,-1,-1
406,1,372,951,50,50,1,-1,-1,-1
406,2,636,765,50,50,1,-1,-1,-1
406,3,480,688,50,50,1,-1,-1,-1
406,5,622,1275,50,50,1,-1,-1,-1
407,1,362,1059,50,50,1,-1,-1,-1
407,2,647,797,50,50,1,-1,-1,-1
407,3,474,681,50,50,1,-1,-1,-1
407,5,605,1233,50,50,1,-1,-1,-1
408,1,352,1098,50,50,1,-1,-1,-1
408,2,659,834,50,50,1,-1,-1,-1
408,3,468,680,50,50,1,-1,-1,-1
408,5,596,1171,50,50,1,-1,-1,-1
409,1,526,743,50,50,1,-1,-1,-1
409,2,670,877,50,50,1,-1,-1,-1
409,3,463,681,50,50,1,-1,-1,-1
409,5,593,1123,50,50,1,-1,-1,-1
410,1,534,709,50,50,1,-1,-1,-1
410,2,683,925,50,50,1,-1,-1,-1
410,3,456,689,50,50,1,-1,-1,-1
410,5,617,1113,50,50,1,-1,-1,-1
411,1,541,680,50,50,1,-1,-1,-1
411,2,696,978,50,50,1,-1,-1,-1
411,3,449,702,50,50,1,-1,-1,-1
411,5,651,1105,50,50,1,-1,-1,-1
412,1,550,656,50,50,1,-1,-1,-1
412,2,554,916,50,50,1,-1,-1,-1
412,3,443,721,50,50,1,-1,-1,-1
412,5,692,1093,50,50,1,-1,-1,-1
413,1,559,637,50,50,1,-1,-1,-1
413,2,542,876,50,50,1,-1,-1,-1
413,3,439,744,50,50,1,-1,-1,-1
413,5,702,1133,50,50,1,-1,-1,-1
414,1,568,623,50,50,1,-1,-1,-1
414,2,532,836,50,50,1,-1,-1,-1
414,3,433,774,50,50,1,-1,-1,-1
414,5,707,1166,50,50,1,-1,-1,-1
415,1,576,614,50,50,1,-1,-1,-1
415,2,522,802,50,50,1,-1,-1,-1
415,3,427,809,50,50,1,-1,-1,-1
415,5,713,1194,50,50,1,-1,-1,-1
416,1,585,611,50,50,1,-1,-1,-1
416,2,514,774,50,50,1,-1,-1,-1
416,3,421,849,50,50,1,-1,-1,-1
416,5,698,1218,50,50,1,-1,-1,-1
417,1,594,612,50,50,1,-1,-1,-1
417,2,505,752,50,50,1,-1,-1,-1
417,3,416,896,50,50,1,-1,-1,-1
417,5,676,1255,50,50,1,-1,-1,-1
418,1,603,619,50,50,1,-1,-1,-1
418,2,497,734,50,50,1,-1,-1,-1
418,3,412,949,50,50,1,-1,-1,-1
418,5,654,1282,50,50,1,-1,-1,-1
419,1,613,632,50,50,1,-1,-1,-1
419,2,488,722,50,50,1,-1,-1,-1
419,3,407,1006,50,50,1,-1,-1,-1
419,5,639,1301,50,50,1,-1,-1,-1
420,1,623,650,50,50,1,-1,-1,-1
420,2,480,716,50,50,1,-1,-1,-1
420,3,401,1106,50,50,1,-1,-1,-1
420,5,621,1296,50,50,1,-1,-1,-1
421,1,633,673,50,50,1,-1,-1,-1
421,2,471,713,50,50,1,-1,-1,-1
421,3,391,1152,50,50,1,-1,-1,-1
421,5,608,1276,50,50,1,-1,-1,-1
422,1,643,700,50,50,1,-1,-1,-1
422,2,463,717,50,50,1,-1,-1,-1
422,3,391,1200,50,50,1,-1,-1,-1
422,5,596,1224,50,50,1,-1,-1,-1
423,1,654,733,50,50,1,-1,-1,-1
423,2,455,727,50,50,1,-1,-1,-1
423,3,398,1246,50,50,1,-1,-1,-1
423,5,588,1163,50,50,1,-1,-1,-1
424,1,665,773,50,50,1,-1,-1,-1
424,2,448,740,50,50,1,-1,-1,-1
424,3,416,1290,50,50,1,-1,-1,-1
424,5,586,1115,50,50,1,-1,-1,-1
425,1,676,818,50,50,1,-1,-1,-1
425,2,441,759,50,50,1,-1,-1,-1
425,3,426,1317,50,50,1,-1,-1,-1
425,5,614,1099,50,50,1,-1,-1,-1
426,1,689,867,50,50,1,-1,-1,-1
426,2,433,784,50,50,1,-1,-1,-1
426,3,442,1318,50,50,1,-1,-1,-1
426,5,540,685,50,50,1,-1,-1,-1
427,1,701,924,50,50,1,-1,-1,-1
427,2,425,815,50,50,1,-1,-1,-1
427,3,451,1303,50,50,1,-1,-1,-1
427,5,538,889,50,50,1,-1,-1,-1
428,1,702,1060,50,50,1,-1,-1,-1
428,2,420,849,50,50,1,-1,-1,-1
428,3,461,1260,50,50,1,-1,-1,-1
428,5,527,839,50,50,1,-1,-1,-1
429,1,709,1094,50,50,1,-1,-1,-1
429,2,411,890,50,50,1,-1,-1,-1
429,3,460,1190,50,50,1,-1,-1,-1
429,5,564,637,50,50,1,-1,-1,-1
430,1,709,1123,50,50,1,-1,-1,-1
430,2,405,937,50,50,1,-1,-1,-1
430,3,459,1139,50,50,1,-1,-1,-1
430,5,571,631,50,50,1,-1,-1,-1
431,1,704,1154,50,50,1,-1,-1,-1
431,2,400,991,50,50,1,-1,-1,-1
431,3,430,1141,50,50,1,-1,-1,-1
431,5,499,726,50,50,1,-1,-1,-1
432,1,692,1189,50,50,1,-1,-1,-1
432,2,392,1050,50,50,1,-1,-1,-1
432,3,407,1150,50,50,1,-1,-1,-1
432,5,480,967,50,50,1,-1,-1,-1
433,1,647,1271,50,50,1,-1,-1,-1
433,2,491,860,50,50,1,-1,-1,-1
433,3,378,1200,50,50,1,-1,-1,-1
433,5,471,664,50,50,1,-1,-1,-1
434,1,633,1281,50,50,1,-1,-1,-1
434,2,615,682,50,50,1,-1,-1,-1
434,3,377,1246,50,50,1,-1,-1,-1
434,5,462,653,50,50,1,-1,-1,-1
435,1,608,1262,50,50,1,-1,-1,-1
435,2,625,707,50,50,1,-1,-1,-1
435,3,384,1277,50,50,1,-1,-1,-1
435,5,502,775,50,50,1,-1,-1,-1
436,1,599,1210,50,50,1,-1,-1,-1
436,2,634,739,50,50,1,-1,-1,-1
436,3,403,1303,50,50,1,-1,-1,-1
436,5,509,739,50,50,1,-1,-1,-1
437,1,590,1148,50,50,1,-1,-1,-1
437,2,644,775,50,50,1,-1,-1,-1
437,3,417,1324,50,50,1,-1,-1,-1
437,5,514,709,50,50,1,-1,-1,-1
438,1,592,1103,50,50,1,-1,-1,-1
438,2,655,818,50,50,1,-1,-1,-1
438,3,430,1329,50,50,1,-1,-1,-1
438,5,520,685,50,50,1,-1,-1,-1
439,1,619,1092,50,50,1,-1,-1,-1
439,2,665,866,50,50,1,-1,-1,-1
439,3,440,1331,50,50,1,-1,-1,-1
439,5,526,666,50,50,1,-1,-1,-1
440,1,650,1090,50,50,1,-1,-1,-1
440,2,676,921,50,50,1,-1,-1,-1
440,3,444,1322,50,50,1,-1,-1,-1
440,5,532,653,50,50,1,-1,-1,-1
441,1,674,1103,50,50,1,-1,-1,-1
441,2,689,982,50,50,1,-1,-1,-1
441,3,451,1288,50,50,1,-1,-1,-1
441,5,410,726,50,50,1,-1,-1,-1
442,1,693,1097,50,50,1,-1,-1,-1
442,2,518,830,50,50,1,-1,-1,-1
442,3,452,1225,50,50,1,-1,-1,-1
442,5,403,758,50,50,1,-1,-1,-1
443,1,701,1135,50,50,1,-1,-1,-1
443,2,552,643,50,50,1,-1,-1,-1
443,3,451,1162,50,50,1,-1,-1,-1
443,5,396,794,50,50,1,-1,-1,-1
444,1,696,1169,50,50,1,-1,-1,-1
444,2,559,648,50,50,1,-1,-1,-1
444,3,447,1108,50,50,1,-1,-1,-1
444,5,388,836,50,50,1,-1,-1,-1
445,1,681,1201,50,50,1,-1,-1,-1
445,2,484,719,50,50,1,-1,-1,-1
445,3,460,1005,50,50,1,-1,-1,-1
445,5,382,883,50,50,1,-1,-1,-1
446,1,656,1241,50,50,1,-1,-1,-1
446,2,574,679,50,50,1,-1,-1,-1
446,3,466,942,50,50,1,-1,-1,-1
446,5,376,935,50,50,1,-1,-1,-1
447,1,627,1271,50,50,1,-1,-1,-1
447,2,582,701,50,50,1,-1,-1,-1
447,3,470,888,50,50,1,-1,-1,-1
447,5,368,995,50,50,1,-1,-1,-1
448,1,603,1275,50,50,1,-1,-1,-1
448,2,590,729,50,50,1,-1,-1,-1
448,3,475,838,50,50,1,-1,-1,-1
448,5,363,1096,50,50,1,-1,-1,-1
449,1,588,1257,50,50,1,-1,-1,-1
449,2,598,763,50,50,1,-1,-1,-1
449,3,480,797,50,50,1,-1,-1,-1
449,5,356,1135,50,50,1,-1,-1,-1
450,1,580,1209,50,50,1,-1,-1,-1
450,2,606,803,50,50,1,-1,-1,-1
450,3,485,759,50,50,1,-1,-1,-1
450,5,360,1178,50,50,1,-1,-1,-1
451,1,567,1150,50,50,1,-1,-1,-1
451,2,615,847,50,50,1,-1,-1,-1
451,3,489,726,50,50,1,-1,-1,-1
451,5,366,1213,50,50,1,-1,-1,-1
452,1,572,1115,50,50,1,-1,-1,-1
452,2,625,898,50,50,1,-1,-1,-1
452,3,494,699,50,50,1,-1,-1,-1
452,5,380,1253,50,50,1,-1,-1,-1
453,1,591,1103,50,50,1,-1,-1,-1
453,2,635,956,50,50,1,-1,-1,-1
453,3,500,678,50,50,1,-1,-1,-1
453,5,403,1288,50,50,1,-1,-1,-1
454,1,629,1066,50,50,1,-1,-1,-1
454,2,390,683,50,50,1,-1,-1,-1
454,3,506,663,50,50,1,-1,-1,-1
455,1,643,1112,50,50,1,-1,-1,-1
455,2,381,706,50,50,1,-1,-1,-1
455,3,510,653,50,50,1,-1,-1,-1
455,5,534,892,50,50,1,-1,-1,-1
456,1,648,1149,50,50,1,-1,-1,-1
456,2,529,849,50,50,1,-1,-1,-1
456,3,516,646,50,50,1,-1,-1,-1
456,5,370,734,50,50,1,-1,-1,-1
457,1,651,1182,50,50,1,-1,-1,-1
457,2,522,810,50,50,1,-1,-1,-1
457,3,521,646,50,50,1,-1,-1,-1
457,5,360,767,50,50,1,-1,-1,-1
458,1,653,1214,50,50,1,-1,-1,-1
458,2,518,777,50,50,1,-1,-1,-1
458,3,528,650,50,50,1,-1,-1,-1
458,5,351,808,50,50,1,-1,-1,-1
459,1,636,1250,50,50,1,-1,-1,-1
459,2,513,749,50,50,1,-1,-1,-1
459,3,533,659,50,50,1,-1,-1,-1
459,5,342,854,50,50,1,-1,-1,-1
460,1,614,1276,50,50,1,-1,-1,-1
460,2,508,726,50,50,1,-1,-1,-1
460,3,540,674,50,50,1,-1,-1,-1
460,5,331,904,50,50,1,-1,-1,-1
461,1,601,1286,50,50,1,-1,-1,-1
461,2,525,700,50,50,1,-1,-1,-1
462,1,580,1263,50,50,1,-1,-1,-1
462,2,494,692,50,50,1,-1,-1,-1
462,3,560,746,50,50,1,-1,-1,-1
462,5,500,823,50,50,1,-1,-1,-1
463,1,572,1221,50,50,1,-1,-1,-1
463,2,489,691,50,50,1,-1,-1,-1
463,3,539,784,50,50,1,-1,-1,-1
464,1,562,1162,50,50,1,-1,-1,-1
464,2,485,696,50,50,1,-1,-1,-1
464,3,576,821,50,50,1,-1,-1,-1
464,5,519,758,50,50,1,-1,-1,-1
465,2,481,704,50,50,1,-1,-1,-1
465,3,583,869,50,50,1,-1,-1,-1
465,5,527,732,50,50,1,-1,-1,-1
466,1,579,1112,50,50,1,-1,-1,-1
466,2,477,718,50,50,1,-1,-1,-1
466,3,589,917,50,50,1,-1,-1,-1
466,5,536,713,50,50,1,-1,-1,-1
467,1,593,1104,50,50,1,-1,-1,-1
467,2,472,738,50,50,1,-1,-1,-1
467,3,600,975,50,50,1,-1,-1,-1
467,5,546,700,50,50,1,-1,-1,-1
468,1,423,1306,50,50,1,-1,-1,-1
468,2,467,762,50,50,1,-1,-1,-1
468,3,605,1080,50,50,1,-1,-1,-1
468,5,555,692,50,50,1,-1,-1,-1
469,1,523,876,50,50,1,-1,-1,-1
469,2,465,791,50,50,1,-1,-1,-1
469,3,609,1123,50,50,1,-1,-1,-1
469,5,565,688,50,50,1,-1,-1,-1
470,2,488,832,50,50,1,-1,-1,-1
470,3,612,1163,50,50,1,-1,-1,-1
470,5,574,689,50,50,1,-1,-1,-1
471,1,508,809,50,50,1,-1,-1,-1
471,2,459,865,50,50,1,-1,-1,-1
471,3,612,1204,50,50,1,-1,-1,-1
471,5,584,694,50,50,1,-1,-1,-1
472,1,503,783,50,50,1,-1,-1,-1
472,2,456,911,50,50,1,-1,-1,-1
472,3,613,1258,50,50,1,-1,-1,-1
472,5,594,705,50,50,1,-1,-1,-1
473,1,457,1132,50,50,1,-1,-1,-1
473,2,468,993,50,50,1,-1,-1,-1
473,3,613,1286,50,50,1,-1,-1,-1
473,5,605,721,50,50,1,-1,-1,-1
474,1,491,751,50,50,1,-1,-1,-1
474,2,446,1134,50,50,1,-1,-1,-1
474,3,610,1287,50,50,1,-1,-1,-1
474,5,614,742,50,50,1,-1,-1,-1
475,1,486,742,50,50,1,-1,-1,-1
475,2,447,1122,50,50,1,-1,-1,-1
475,3,603,1265,50,50,1,-1,-1,-1
475,5,626,767,50,50,1,-1,-1,-1
476,1,517,872,50,50,1,-1,-1,-1
476,2,448,1165,50,50,1,-1,-1,-1
476,3,594,1213,50,50,1,-1,-1,-1
476,5,636,799,50,50,1,-1,-1,-1
477,1,527,825,50,50,1,-1,-1,-1
477,2,450,1202,50,50,1,-1,-1,-1
477,3,589,1157,50,50,1,-1,-1,-1
477,5,647,834,50,50,1,-1,-1,-1
478,1,469,747,50,50,1,-1,-1,-1
478,2,455,1247,50,50,1,-1,-1,-1
478,3,594,1112,50,50,1,-1,-1,-1
478,5,657,875,50,50,1,-1,-1,-1
479,1,545,749,50,50,1,-1,-1,-1
479,2,460,1282,50,50,1,-1,-1,-1
479,3,629,1116,50,50,1,-1,-1,-1
479,5,670,922,50,50,1,-1,-1,-1
480,1,554,720,50,50,1,-1,-1,-1
480,2,461,1308,50,50,1,-1,-1,-1
480,3,661,1109,50,50,1,-1,-1,-1
480,5,682,973,50,50,1,-1,-1,-1
481,1,564,695,50,50,1,-1,-1,-1
481,2,465,1304,50,50,1,-1,-1,-1
481,3,694,1083,50,50,1,-1,-1,-1
481,5,552,912,50,50,1,-1,-1,-1
482,1,574,676,50,50,1,-1,-1,-1
482,2,478,1275,50,50,1,-1,-1,-1
482,3,707,1119,50,50,1,-1,-1,-1
482,5,450,821,50,50,1,-1,-1,-1
483,1,584,663,50,50,1,-1,-1,-1
483,2,484,1227,50,50,1,-1,-1,-1
483,3,708,1152,50,50,1,-1,-1,-1
483,5,446,852,50,50,1,-1,-1,-1
484,1,595,653,50,50,1,-1,-1,-1
484,2,484,1170,50,50,1,-1,-1,-1
484,3,705,1180,50,50,1,-1,-1,-1
484,5,439,889,50,50,1,-1,-1,-1
485,1,604,649,50,50,1,-1,-1,-1
485,2,482,1126,50,50,1,-1,-1,-1
485,3,695,1212,50,50,1,-1,-1,-1
485,5,435,931,50,50,1,-1,-1,-1
486,1,614,649,50,50,1,-1,-1,-1
486,2,465,1130,50,50,1,-1,-1,-1
486,3,677,1250,50,50,1,-1,-1,-1
486,5,432,978,50,50,1,-1,-1,-1
487,1,625,656,50,50,1,-1,-1,-1
487,2,446,1134,50,50,1,-1,-1,-1
487,3,656,1279,50,50,1,-1,-1,-1
487,5,428,1030,50,50,1,-1,-1,-1
488,1,635,666,50,50,1,-1,-1,-1
488,2,427,1122,50,50,1,-1,-1,-1
488,3,642,1283,50,50,1,-1,-1,-1
488,5,512,905,50,50,1,-1,-1,-1
489,1,657,701,50,50,1,-1,-1,-1
489,2,424,1196,50,50,1,-1,-1,-1
489,3,618,1217,50,50,1,-1,-1,-1
489,5,525,822,50,50,1,-1,-1,-1
490,1,669,727,50,50,1,-1,-1,-1
490,2,430,1233,50,50,1,-1,-1,-1
490,3,608,1158,50,50,1,-1,-1,-1
490,5,530,787,50,50,1,-1,-1,-1
491,1,679,757,50,50,1,-1,-1,-1
491,2,439,1270,50,50,1,-1,-1,-1
491,3,608,1112,50,50,1,-1,-1,-1
491,5,537,757,50,50,1,-1,-1,-1
492,1,692,793,50,50,1,-1,-1,-1
492,2,449,1300,50,50,1,-1,-1,-1
492,3,639,1103,50,50,1,-1,-1,-1
492,5,461,766,50,50,1,-1,-1,-1
493,1,705,836,50,50,1,-1,-1,-1
493,2,455,1310,50,50,1,-1,-1,-1
493,3,667,1085,50,50,1,-1,-1,-1
493,5,455,787,50,50,1,-1,-1,-1
494,1,717,882,50,50,1,-1,-1,-1
494,2,468,1295,50,50,1,-1,-1,-1
494,3,694,1086,50,50,1,-1,-1,-1
494,5,448,815,50,50,1,-1,-1,-1
495,1,730,933,50,50,1,-1,-1,-1
495,2,561,690,50,50,1,-1,-1,-1
495,3,546,886,50,50,1,-1,-1,-1
495,5,442,848,50,50,1,-1,-1,-1
496,1,534,851,50,50,1,-1,-1,-1
496,2,481,1195,50,50,1,-1,-1,-1
496,3,567,687,50,50,1,-1,-1,-1
496,5,436,886,50,50,1,-1,-1,-1
497,1,525,822,50,50,1,-1,-1,-1
497,2,484,1141,50,50,1,-1,-1,-1
497,3,574,686,50,50,1,-1,-1,-1
497,5,430,929,50,50,1,-1,-1,-1
498,1,481,1103,50,50,1,-1,-1,-1
498,2,514,799,50,50,1,-1,-1,-1
498,3,581,692,50,50,1,-1,-1,-1
498,5,425,980,50,50,1,-1,-1,-1
499,1,713,1144,50,50,1,-1,-1,-1
499,2,504,780,50,50,1,-1,-1,-1
499,3,588,701,50,50,1,-1,-1,-1
499,5,434,1091,50,50,1,-1,-1,-1
500,1,700,1181,50,50,1,-1,-1,-1
500,2,527,911,50,50,1,-1,-1,-1
500,3,596,716,50,50,1,-1,-1,-1
500,5,415,1128,50,50,1,-1,-1,-1
501,1,679,1230,50,50,1,-1,-1,-1
501,2,537,871,50,50,1,-1,-1,-1
501,3,602,736,50,50,1,-1,-1,-1
501,5,402,1171,50,50,1,-1,-1,-1
502,1,651,1267,50,50,1,-1,-1,-1
502,2,546,826,50,50,1,-1,-1,-1
502,3,610,762,50,50,1,-1,-1,-1
502,5,401,1205,50,50,1,-1,-1,-1
503,1,632,1263,50,50,1,-1,-1,-1
503,2,556,786,50,50,1,-1,-1,-1
503,3,619,793,50,50,1,-1,-1,-1
503,5,407,1238,50,50,1,-1,-1,-1
504,1,611,1231,50,50,1,-1,-1,-1
504,2,565,752,50,50,1,-1,-1,-1
504,3,627,829,50,50,1,-1,-1,-1
504,5,421,1272,50,50,1,-1,-1,-1
505,1,596,1175,50,50,1,-1,-1,-1
505,2,575,722,50,50,1,-1,-1,-1
505,3,636,871,50,50,1,-1,-1,-1
505,5,434,1304,50,50,1,-1,-1,-1
506,1,438,796,50,50,1,-1,-1,-1
506,2,585,698,50,50,1,-1,-1,-1
506,3,644,917,50,50,1,-1,-1,-1
506,5,443,1322,50,50,1,-1,-1,-1
507,1,429,818,50,50,1,-1,-1,-1
507,2,595,680,50,50,1,-1,-1,-1
507,3,652,968,50,50,1,-1,-1,-1
507,5,454,1313,50,50,1,-1,-1,-1
508,1,578,954,50,50,1,-1,-1,-1
508,2,606,665,50,50,1,-1,-1,-1
508,3,655,1079,50,50,1,-1,-1,-1
508,5,467,1289,50,50,1,-1,-1,-1
509,1,562,901,50,50,1,-1,-1,-1
509,2,616,656,50,50,1,-1,-1,-1
509,3,668,1112,50,50,1,-1,-1,-1
509,5,474,1236,50,50,1,-1,-1,-1
510,1,553,851,50,50,1,-1,-1,-1
510,2,626,653,50,50,1,-1,-1,-1
510,3,677,1145,50,50,1,-1,-1,-1
510,5,474,1170,50,50,1,-1,-1,-1
511,1,545,807,50,50,1,-1,-1,-1
511,2,637,653,50,50,1,-1,-1,-1
511,3,675,1178,50,50,1,-1,-1,-1
511,5,468,1119,50,50,1,-1,-1,-1
512,1,538,767,50,50,1,-1,-1,-1
512,2,387,1016,50,50,1,-1,-1,-1
512,3,669,1215,50,50,1,-1,-1,-1
512,5,488,1015,50,50,1,-1,-1,-1
513,1,529,733,50,50,1,-1,-1,-1
513,2,389,1121,50,50,1,-1,-1,-1
513,3,656,1258,50,50,1,-1,-1,-1
513,5,493,943,50,50,1,-1,-1,-1
514,1,522,704,50,50,1,-1,-1,-1
514,2,373,1167,50,50,1,-1,-1,-1
514,3,645,1273,50,50,1,-1,-1,-1
514,5,503,890,50,50,1,-1,-1,-1
515,1,515,681,50,50,1,-1,-1,-1
515,2,369,1214,50,50,1,-1,-1,-1
515,3,636,1263,50,50,1,-1,-1,-1
515,5,509,839,50,50,1,-1,-1,-1
516,1,507,663,50,50,1,-1,-1,-1
516,2,373,1254,50,50,1,-1,-1,-1
516,3,626,1223,50,50,1,-1,-1,-1
516,5,514,793,50,50,1,-1,-1,-1
517,1,501,650,50,50,1,-1,-1,-1
517,2,382,1282,50,50,1,-1,-1,-1
517,3,618,1162,50,50,1,-1,-1,-1
517,5,521,752,50,50,1,-1,-1,-1
518,1,488,640,50,50,1,-1,-1,-1
518,2,414,1323,50,50,1,-1,-1,-1
518,3,733,846,50,50,1,-1,-1,-1
518,5,532,686,50,50,1,-1,-1,-1
519,1,511,652,50,50,1,-1,-1,-1
519,2,427,1332,50,50,1,-1,-1,-1
519,3,590,958,50,50,1,-1,-1,-1
519,5,746,895,50,50,1,-1,-1,-1
520,1,475,649,50,50,1,-1,-1,-1
520,2,442,1331,50,50,1,-1,-1,-1
520,3,577,909,50,50,1,-1,-1,-1
520,5,722,1080,50,50,1,-1,-1,-1
521,1,468,663,50,50,1,-1,-1,-1
521,2,453,1319,50,50,1,-1,-1,-1
521,3,566,862,50,50,1,-1,-1,-1
521,5,551,626,50,50,1,-1,-1,-1
522,1,462,682,50,50,1,-1,-1,-1
522,2,465,1289,50,50,1,-1,-1,-1
522,3,556,822,50,50,1,-1,-1,-1
522,5,558,620,50,50,1,-1,-1,-1
523,1,456,706,50,50,1,-1,-1,-1
523,2,473,1235,50,50,1,-1,-1,-1
523,3,547,787,50,50,1,-1,-1,-1
523,5,567,615,50,50,1,-1,-1,-1
524,1,451,735,50,50,1,-1,-1,-1
524,2,475,1172,50,50,1,-1,-1,-1
524,3,538,758,50,50,1,-1,-1,-1
524,5,574,616,50,50,1,-1,-1,-1
525,1,444,771,50,50,1,-1,-1,-1
525,2,482,1112,50,50,1,-1,-1,-1
525,3,528,735,50,50,1,-1,-1,-1
525,5,580,622,50,50,1,-1,-1,-1
526,1,439,813,50,50,1,-1,-1,-1
526,2,732,1223,50,50,1,-1,-1,-1
526,3,520,718,50,50,1,-1,-1,-1
526,5,589,633,50,50,1,-1,-1,-1
527,1,433,860,50,50,1,-1,-1,-1
527,2,702,1264,50,50,1,-1,-1,-1
527,3,498,946,50,50,1,-1,-1,-1
527,5,597,649,50,50,1,-1,-1,-1
528,1,428,913,50,50,1,-1,-1,-1
528,2,677,1301,50,50,1,-1,-1,-1
528,3,510,895,50,50,1,-1,-1,-1
528,5,605,671,50,50,1,-1,-1,-1
529,1,423,974,50,50,1,-1,-1,-1
529,2,648,1293,50,50,1,-1,-1,-1
529,3,519,847,50,50,1,-1,-1,-1
529,5,614,697,50,50,1,-1,-1,-1
530,1,417,1073,50,50,1,-1,-1,-1
530,2,625,1269,50,50,1,-1,-1,-1
530,3,527,803,50,50,1,-1,-1,-1
530,5,622,730,50,50,1,-1,-1,-1
531,1,420,1119,50,50,1,-1,-1,-1
531,2,603,1213,50,50,1,-1,-1,-1
531,3,536,766,50,50,1,-1,-1,-1
531,5,630,766,50,50,1,-1,-1,-1
532,1,425,1162,50,50,1,-1,-1,-1
532,2,592,1150,50,50,1,-1,-1,-1
532,3,545,734,50,50,1,-1,-1,-1
532,5,640,810,50,50,1,-1,-1,-1
533,1,436,1204,50,50,1,-1,-1,-1
533,2,463,736,50,50,1,-1,-1,-1
533,3,552,707,50,50,1,-1,-1,-1
533,5,649,859,50,50,1,-1,-1,-1
534,1,446,1261,50,50,1,-1,-1,-1
534,2,456,758,50,50,1,-1,-1,-1
534,3,561,685,50,50,1,-1,-1,-1
534,5,658,913,50,50,1,-1,-1,-1
535,1,456,1286,50,50,1,-1,-1,-1
535,2,449,785,50,50,1,-1,-1,-1
535,3,569,669,50,50,1,-1,-1,-1
535,5,669,974,50,50,1,-1,-1,-1
536,1,466,1280,50,50,1,-1,-1,-1
536,2,442,820,50,50,1,-1,-1,-1
536,3,577,658,50,50,1,-1,-1,-1
536,5,674,1081,50,50,1,-1,-1,-1
537,1,477,1240,50,50,1,-1,-1,-1
537,2,434,858,50,50,1,-1,-1,-1
537,3,586,651,50,50,1,-1,-1,-1
537,5,685,1119,50,50,1,-1,-1,-1
538,1,475,1176,50,50,1,-1,-1,-1
538,2,428,903,50,50,1,-1,-1,-1
538,3,595,650,50,50,1,-1,-1,-1
538,5,690,1155,50,50,1,-1,-1,-1
539,1,473,1121,50,50,1,-1,-1,-1
539,2,421,952,50,50,1,-1,-1,-1
539,3,605,654,50,50,1,-1,-1,-1
539,5,683,1192,50,50,1,-1,-1,-1
540,1,491,1015,50,50,1,-1,-1,-1
540,2,416,1008,50,50,1,-1,-1,-1
540,3,504,722,50,50,1,-1,-1,-1
540,5,670,1236,50,50,1,-1,-1,-1
541,1,495,941,50,50,1,-1,-1,-1
541,2,410,1119,50,50,1,-1,-1,-1
541,3,495,697,50,50,1,-1,-1,-1
541,5,655,1270,50,50,1,-1,-1,-1
542,1,503,885,50,50,1,-1,-1,-1
542,2,402,1162,50,50,1,-1,-1,-1
542,3,486,677,50,50,1,-1,-1,-1
542,5,645,1275,50,50,1,-1,-1,-1
543,1,509,831,50,50,1,-1,-1,-1
543,2,403,1203,50,50,1,-1,-1,-1
543,3,477,662,50,50,1,-1,-1,-1
543,5,633,1256,50,50,1,-1,-1,-1
544,1,515,783,50,50,1,-1,-1,-1
544,2,408,1234,50,50,1,-1,-1,-1
544,3,469,653,50,50,1,-1,-1,-1
544,5,621,1201,50,50,1,-1,-1,-1
545,1,528,701,50,50,1,-1,-1,-1
545,2,429,1302,50,50,1,-1,-1,-1
545,3,453,649,50,50,1,-1,-1,-1
545,5,610,1091,50,50,1,-1,-1,-1
546,1,534,670,50,50,1,-1,-1,-1
546,2,443,1320,50,50,1,-1,-1,-1
546,3,685,865,50,50,1,-1,-1,-1
546,5,594,997,50,50,1,-1,-1,-1
547,1,541,643,50,50,1,-1,-1,-1
547,2,451,1324,50,50,1,-1,-1,-1
547,3,667,1091,50,50,1,-1,-1,-1
547,5,580,934,50,50,1,-1,-1,-1
548,1,547,621,50,50,1,-1,-1,-1
548,2,459,1311,50,50,1,-1,-1,-1
548,3,697,1098,50,50,1,-1,-1,-1
548,5,565,887,50,50,1,-1,-1,-1
549,1,554,606,50,50,1,-1,-1,-1
549,2,469,1275,50,50,1,-1,-1,-1
549,3,422,705,50,50,1,-1,-1,-1
549,5,554,841,50,50,1,-1,-1,-1
550,1,560,593,50,50,1,-1,-1,-1
550,2,473,1211,50,50,1,-1,-1,-1
550,3,414,733,50,50,1,-1,-1,-1
550,5,543,803,50,50,1,-1,-1,-1
551,1,567,588,50,50,1,-1,-1,-1
551,2,475,1148,50,50,1,-1,-1,-1
551,3,408,766,50,50,1,-1,-1,-1
551,5,533,770,50,50,1,-1,-1,-1
552,1,575,587,50,50,1,-1,-1,-1
552,2,724,1194,50,50,1,-1,-1,-1
552,3,400,804,50,50,1,-1,-1,-1
552,5,523,742,50,50,1,-1,-1,-1
553,1,583,591,50,50,1,-1,-1,-1
553,2,709,1225,50,50,1,-1,-1,-1
553,3,394,848,50,50,1,-1,-1,-1
553,5,513,721,50,50,1,-1,-1,-1
554,1,590,598,50,50,1,-1,-1,-1
554,2,686,1265,50,50,1,-1,-1,-1
554,3,386,898,50,50,1,-1,-1,-1
554,5,504,705,50,50,1,-1,-1,-1
555,1,598,613,50,50,1,-1,-1,-1
555,2,662,1288,50,50,1,-1,-1,-1
555,3,379,955,50,50,1,-1,-1,-1
555,5,495,693,50,50,1,-1,-1,-1
556,1,606,631,50,50,1,-1,-1,-1
556,2,644,1291,50,50,1,-1,-1,-1
556,3,369,1060,50,50,1,-1,-1,-1
556,5,486,688,50,50,1,-1,-1,-1
557,1,615,656,50,50,1,-1,-1,-1
557,2,626,1272,50,50,1,-1,-1,-1
557,3,362,1100,50,50,1,-1,-1,-1
557,5,478,687,50,50,1,-1,-1,-1
558,1,624,684,50,50,1,-1,-1,-1
558,2,524,732,50,50,1,-1,-1,-1
558,3,371,1141,50,50,1,-1,-1,-1
558,5,468,691,50,50,1,-1,-1,-1
559,1,633,718,50,50,1,-1,-1,-1
559,2,530,698,50,50,1,-1,-1,-1
559,3,379,1176,50,50,1,-1,-1,-1
559,5,461,700,50,50,1,-1,-1,-1
560,1,642,758,50,50,1,-1,-1,-1
560,2,537,671,50,50,1,-1,-1,-1
560,3,396,1217,50,50,1,-1,-1,-1
560,5,452,712,50,50,1,-1,-1,-1
561,1,650,804,50,50,1,-1,-1,-1
561,2,543,648,50,50,1,-1,-1,-1
561,3,420,1264,50,50,1,-1,-1,-1
561,5,444,732,50,50,1,-1,-1,-1
562,1,660,854,50,50,1,-1,-1,-1
562,2,550,631,50,50,1,-1,-1,-1
562,3,435,1294,50,50,1,-1,-1,-1
562,5,437,756,50,50,1,-1,-1,-1
563,1,670,910,50,50,1,-1,-1,-1
563,2,538,892,50,50,1,-1,-1,-1
563,3,445,1297,50,50,1,-1,-1,-1
563,5,429,785,50,50,1,-1,-1,-1
564,1,681,972,50,50,1,-1,-1,-1
564,2,675,1087,50,50,1,-1,-1,-1
564,3,455,1271,50,50,1,-1,-1,-1
564,5,421,819,50,50,1,-1,-1,-1
565,1,690,1079,50,50,1,-1,-1,-1
565,2,513,806,50,50,1,-1,-1,-1
565,3,456,1212,50,50,1,-1,-1,-1
565,5,414,857,50,50,1,-1,-1,-1
566,1,693,1123,50,50,1,-1,-1,-1
566,2,580,611,50,50,1,-1,-1,-1
566,3,452,1148,50,50,1,-1,-1,-1
566,5,406,901,50,50,1,-1,-1,-1
567,1,691,1167,50,50,1,-1,-1,-1
567,2,588,619,50,50,1,-1,-1,-1
567,3,451,1094,50,50,1,-1,-1,-1
567,5,400,950,50,50,1,-1,-1,-1
568,1,678,1220,50,50,1,-1,-1,-1
568,2,596,633,50,50,1,-1,-1,-1
568,3,472,987,50,50,1,-1,-1,-1
568,5,396,1005,50,50,1,-1,-1,-1
569,1,657,1271,50,50,1,-1,-1,-1
569,2,605,651,50,50,1,-1,-1,-1
569,3,479,926,50,50,1,-1,-1,-1
569,5,393,1106,50,50,1,-1,-1,-1
570,1,638,1292,50,50,1,-1,-1,-1
570,2,614,675,50,50,1,-1,-1,-1
570,3,486,870,50,50,1,-1,-1,-1
570,5,378,1146,50,50,1,-1,-1,-1
571,1,621,1289,50,50,1,-1,-1,-1
571,2,622,704,50,50,1,-1,-1,-1
571,3,491,820,50,50,1,-1,-1,-1
571,5,376,1186,50,50,1,-1,-1,-1
572,1,604,1262,50,50,1,-1,-1,-1
572,2,631,738,50,50,1,-1,-1,-1
572,3,498,775,50,50,1,-1,-1,-1
572,5,379,1219,50,50,1,-1,-1,-1
573,1,587,1147,50,50,1,-1,-1,-1
573,2,650,826,50,50,1,-1,-1,-1
573,3,510,703,50,50,1,-1,-1,-1
573,5,406,1285,50,50,1,-1,-1,-1
574,1,595,1101,50,50,1,-1,-1,-1
574,2,660,877,50,50,1,-1,-1,-1
574,3,516,673,50,50,1,-1,-1,-1
574,5,420,1308,50,50,1,-1,-1,-1
575,1,629,1094,50,50,1,-1,-1,-1
575,2,671,935,50,50,1,-1,-1,-1
575,3,523,652,50,50,1,-1,-1,-1
575,5,430,1320,50,50,1,-1,-1,-1
576,1,669,1057,50,50,1,-1,-1,-1
576,2,560,924,50,50,1,-1,-1,-1
576,3,529,633,50,50,1,-1,-1,-1
576,5,444,1306,50,50,1,-1,-1,-1
577,1,691,1089,50,50,1,-1,-1,-1
577,2,374,757,50,50,1,-1,-1,-1
577,3,536,619,50,50,1,-1,-1,-1
577,5,456,1269,50,50,1,-1,-1,-1
578,1,691,1122,50,50,1,-1,-1,-1
578,2,365,789,50,50,1,-1,-1,-1
578,3,543,612,50,50,1,-1,-1,-1
578,5,461,1205,50,50,1,-1,-1,-1
579,1,696,1148,50,50,1,-1,-1,-1
579,2,355,828,50,50,1,-1,-1,-1
579,3,551,609,50,50,1,-1,-1,-1
579,5,459,1147,50,50,1,-1,-1,-1
580,1,686,1177,50,50,1,-1,-1,-1
580,2,346,871,50,50,1,-1,-1,-1
580,3,558,610,50,50,1,-1,-1,-1
580,5,525,756,50,50,1,-1,-1,-1
581,1,671,1212,50,50,1,-1,-1,-1
581,2,336,921,50,50,1,-1,-1,-1
581,3,566,616,50,50,1,-1,-1,-1
581,5,518,727,50,50,1,-1,-1,-1
582,1,648,1255,50,50,1,-1,-1,-1
582,2,327,977,50,50,1,-1,-1,-1
582,3,510,703,50,50,1,-1,-1,-1
582,5,484,921,50,50,1,-1,-1,-1
583,1,628,1284,50,50,1,-1,-1,-1
583,2,331,1086,50,50,1,-1,-1,-1
583,3,492,867,50,50,1,-1,-1,-1
583,5,503,684,50,50,1,-1,-1,-1
584,1,613,1292,50,50,1,-1,-1,-1
584,2,316,1124,50,50,1,-1,-1,-1
584,3,498,818,50,50,1,-1,-1,-1
584,5,590,667,50,50,1,-1,-1,-1
585,1,602,1280,50,50,1,-1,-1,-1
585,2,323,1163,50,50,1,-1,-1,-1
585,3,491,663,50,50,1,-1,-1,-1
585,5,598,695,50,50,1,-1,-1,-1
586,1,590,1244,50,50,1,-1,-1,-1
586,2,512,736,50,50,1,-1,-1,-1
586,3,482,659,50,50,1,-1,-1,-1
586,5,608,727,50,50,1,-1,-1,-1
587,1,576,1178,50,50,1,-1,-1,-1
587,2,346,1228,50,50,1,-1,-1,-1
587,3,500,684,50,50,1,-1,-1,-1
587,5,616,764,50,50,1,-1,-1,-1
588,1,576,1128,50,50,1,-1,-1,-1
588,2,362,1265,50,50,1,-1,-1,-1
588,3,501,672,50,50,1,-1,-1,-1
588,5,625,808,50,50,1,-1,-1,-1
589,1,588,1092,50,50,1,-1,-1,-1
589,2,393,1296,50,50,1,-1,-1,-1
589,3,532,654,50,50,1,-1,-1,-1
589,5,635,857,50,50,1,-1,-1,-1
590,1,617,1088,50,50,1,-1,-1,-1
590,2,421,1316,50,50,1,-1,-1,-1
590,3,540,637,50,50,1,-1,-1,-1
590,5,645,911,50,50,1,-1,-1,-1
591,1,639,1088,50,50,1,-1,-1,-1
591,2,449,1316,50,50,1,-1,-1,-1
591,3,454,721,50,50,1,-1,-1,-1
591,5,654,972,50,50,1,-1,-1,-1
592,1,661,1073,50,50,1,-1,-1,-1
592,2,467,1292,50,50,1,-1,-1,-1
592,3,449,750,50,50,1,-1,-1,-1
592,5,532,855,50,50,1,-1,-1,-1
593,1,670,1116,50,50,1,-1,-1,-1
593,2,564,615,50,50,1,-1,-1,-1
593,3,445,783,50,50,1,-1,-1,-1
593,5,523,809,50,50,1,-1,-1,-1
594,1,671,1155,50,50,1,-1,-1,-1
594,2,571,619,50,50,1,-1,-1,-1
594,3,440,821,50,50,1,-1,-1,-1
594,5,515,769,50,50,1,-1,-1,-1
595,1,667,1196,50,50,1,-1,-1,-1
595,2,478,1127,50,50,1,-1,-1,-1
595,3,434,865,50,50,1,-1,-1,-1
595,5,510,735,50,50,1,-1,-1,-1
596,1,654,1248,50,50,1,-1,-1,-1
596,2,468,1083,50,50,1,-1,-1,-1
596,3,430,915,50,50,1,-1,-1,-1
596,5,502,706,50,50,1,-1,-1,-1
597,1,638,1282,50,50,1,-1,-1,-1
597,2,596,658,50,50,1,-1,-1,-1
597,3,426,971,50,50,1,-1,-1,-1
597,5,495,683,50,50,1,-1,-1,-1
598,1,627,1289,50,50,1,-1,-1,-1
598,2,607,681,50,50,1,-1,-1,-1
598,3,419,1075,50,50,1,-1,-1,-1
598,5,488,664,50,50,1,-1,-1,-1
599,1,613,1274,50,50,1,-1,-1,-1
599,2,511,862,50,50,1,-1,-1,-1
599,3,413,1114,50,50,1,-1,-1,-1
599,5,481,652,50,50,1,-1,-1,-1
600,1,601,1233,50,50,1,-1,-1,-1
600,2,516,817,50,50,1,-1,-1,-1
600,3,412,1148,50,50,1,-1,-1,-1
600,5,475,645,50,50,1,-1,-1,-1
601,1,588,1119,50,50,1,-1,-1,-1
601,2,529,746,50,50,1,-1,-1,-1
601,3,424,1195,50,50,1,-1,-1,-1
601,5,464,646,50,50,1,-1,-1,-1
602,1,654,879,50,50,1,-1,-1,-1
602,2,534,718,50,50,1,-1,-1,-1
602,3,434,1212,50,50,1,-1,-1,-1
602,5,458,654,50,50,1,-1,-1,-1
603,1,665,936,50,50,1,-1,-1,-1
603,2,540,696,50,50,1,-1,-1,-1
603,3,437,1215,50,50,1,-1,-1,-1
603,5,452,665,50,50,1,-1,-1,-1
604,1,669,1060,50,50,1,-1,-1,-1
604,2,546,679,50,50,1,-1,-1,-1
604,3,436,1210,50,50,1,-1,-1,-1
604,5,447,685,50,50,1,-1,-1,-1
605,1,683,1093,50,50,1,-1,-1,-1
605,2,552,668,50,50,1,-1,-1,-1
605,3,427,1196,50,50,1,-1,-1,-1
605,5,442,708,50,50,1,-1,-1,-1
606,1,694,1121,50,50,1,-1,-1,-1
606,2,558,661,50,50,1,-1,-1,-1
606,3,424,1180,50,50,1,-1,-1,-1
606,5,437,737,50,50,1,-1,-1,-1
607,1,691,1139,50,50,1,-1,-1,-1
607,2,566,659,50,50,1,-1,-1,-1
607,3,419,1168,50,50,1,-1,-1,-1
607,5,432,771,50,50,1,-1,-1,-1
608,1,685,1151,50,50,1,-1,-1,-1
608,2,572,662,50,50,1,-1,-1,-1
608,3,414,1157,50,50,1,-1,-1,-1
608,5,427,810,50,50,1,-1,-1,-1
609,1,675,1162,50,50,1,-1,-1,-1
609,2,578,671,50,50,1,-1,-1,-1
609,3,407,1147,50,50,1,-1,-1,-1
609,5,421,855,50,50,1,-1,-1,-1
610,1,665,1169,50,50,1,-1,-1,-1
610,2,586,683,50,50,1,-1,-1,-1
610,3,401,1142,50,50,1,-1,-1,-1
610,5,417,906,50,50,1,-1,-1,-1
611,1,657,1171,50,50,1,-1,-1,-1
611,2,593,702,50,50,1,-1,-1,-1
611,3,393,1138,50,50,1,-1,-1,-1
611,5,413,961,50,50,1,-1,-1,-1
612,1,652,1169,50,50,1,-1,-1,-1
612,2,602,726,50,50,1,-1,-1,-1
612,3,388,1134,50,50,1,-1,-1,-1
612,5,409,1024,50,50,1,-1,-1,-1
613,1,651,1162,50,50,1,-1,-1,-1
613,2,609,757,50,50,1,-1,-1,-1
613,3,392,1116,50,50,1,-1,-1,-1
613,5,472,659,50,50,1,-1,-1,-1
614,1,650,1154,50,50,1,-1,-1,-1
614,2,617,790,50,50,1,-1,-1,-1
614,3,387,1137,50,50,1,-1,-1,-1
614,5,464,658,50,50,1,-1,-1,-1
615,1,652,1146,50,50,1,-1,-1,-1
615,2,625,831,50,50,1,-1,-1,-1
615,3,390,1146,50,50,1,-1,-1,-1
615,5,457,663,50,50,1,-1,-1,-1
616,1,655,1139,50,50,1,-1,-1,-1
616,2,635,877,50,50,1,-1,-1,-1
616,3,389,1157,50,50,1,-1,-1,-1
616,5,449,673,50,50,1,-1,-1,-1
617,1,657,1135,50,50,1,-1,-1,-1
617,2,645,930,50,50,1,-1,-1,-1
617,3,394,1164,50,50,1,-1,-1,-1
617,5,442,688,50,50,1,-1,-1,-1
618,1,661,1136,50,50,1,-1,-1,-1
618,2,653,988,50,50,1,-1,-1,-1
618,3,395,1170,50,50,1,-1,-1,-1
618,5,436,709,50,50,1,-1,-1,-1
619,1,663,1099,50,50,1,-1,-1,-1
619,3,395,1176,50,50,1,-1,-1,-1
619,5,428,735,50,50,1,-1,-1,-1
620,2,667,1133,50,50,1,-1,-1,-1
620,3,395,1178,50,50,1,-1,-1,-1
620,5,422,765,50,50,1,-1,-1,-1
621,2,669,1149,50,50,1,-1,-1,-1
621,3,392,1180,50,50,1,-1,-1,-1
621,5,415,802,50,50,1,-1,-1,-1
622,2,668,1163,50,50,1,-1,-1,-1
622,3,389,1181,50,50,1,-1,-1,-1
622,5,407,844,50,50,1,-1,-1,-1
623,2,667,1174,50,50,1,-1,-1,-1
623,3,386,1182,50,50,1,-1,-1,-1
623,5,400,891,50,50,1,-1,-1,-1
624,2,667,1179,50,50,1,-1,-1,-1
624,3,384,1182,50,50,1,-1,-1,-1
624,5,395,945,50,50,1,-1,-1,-1
625,2,666,1185,50,50,1,-1,-1,-1
625,3,382,1182,50,50,1,-1,-1,-1
625,5,388,1004,50,50,1,-1,-1,-1
626,3,380,1181,50,50,1,-1,-1,-1
626,5,381,1072,50,50,1,-1,-1,-1
627,2,669,1189,50,50,1,-1,-1,-1
627,3,378,1167,50,50,1,-1,-1,-1
628,2,673,1189,50,50,1,-1,-1,-1
628,3,374,1180,50,50,1,-1,-1,-1
629,3,368,1190,50,50,1,-1,-1,-1
630,3,369,1194,50,50,1,-1,-1,-1
631,2,684,1185,50,50,1,-1,-1,-1
631,3,371,1192,50,50,1,-1,-1,-1
632,2,686,1185,50,50,1,-1,-1,-1
632,3,371,1199,50,50,1,-1,-1,-1
633,2,686,1185,50,50,1,-1,-1,-1
633,3,371,1199,50,50,1,-1,-1,-1
634,2,686,1185,50,50,1,-1,-1,-1
634,3,371,1199,50,50,1,-1,-1,-1
635,3,367,1204,50,50,1,-1,-1,-1
636,3,367,1204,50,50,1,-1,-1,-1
637,3,367,1204,50,50,1,-1,-1,-1
638,3,367,1204,50,50,1,-1,-1,-1
639,3,376,1216,50,50,1,-1,-1,-1
640,3,376,1216,50,50,1,-1,-1,-1
641,2,677,1201,50,50,1,-1,-1,-1
641,3,367,1211,50,50,1,-1,-1,-1
642,2,675,1212,50,50,1,-1,-1,-1
643,2,673,1227,50,50,1,-1,-1,-1
644,2,673,1252,50,50,1,-1,-1,-1
645,2,667,1276,50,50,1,-1,-1,-1
646,2,666,1304,50,50,1,-1,-1,-1
647,2,662,1330,50,50,1,-1,-1,-1
648,2,657,1349,50,50,1,-1,-1,-1
648,3,495,964,50,50,1,-1,-1,-1
649,3,506,981,50,50,1,-1,-1,-1
