12,1,471,1212,50,50,1,-1,-1,-1
13,1,561,1158,50,50,1,-1,-1,-1
13,2,469,1236,50,50,1,-1,-1,-1
14,2,473,1291,50,50,1,-1,-1,-1
15,1,577,1131,50,50,1,-1,-1,-1
15,2,471,1317,50,50,1,-1,-1,-1
16,1,581,1124,50,50,1,-1,-1,-1
17,2,474,1353,50,50,1,-1,-1,-1
18,2,495,1328,50,50,1,-1,-1,-1
19,2,497,1274,50,50,1,-1,-1,-1
20,2,532,1207,50,50,1,-1,-1,-1
21,1,584,1225,50,50,1,-1,-1,-1
21,2,517,1151,50,50,1,-1,-1,-1
22,1,581,1273,50,50,1,-1,-1,-1
22,2,455,1163,50,50,1,-1,-1,-1
23,2,578,1298,50,50,1,-1,-1,-1
24,2,578,1298,50,50,1,-1,-1,-1
25,1,546,867,50,50,1,-1,-1,-1
25,2,561,1312,50,50,1,-1,-1,-1
26,2,551,818,50,50,1,-1,-1,-1
27,1,555,775,50,50,1,-1,-1,-1
27,2,459,1157,50,50,1,-1,-1,-1
28,1,560,737,50,50,1,-1,-1,-1
28,3,486,1211,50,50,1,-1,-1,-1
29,1,566,707,50,50,1,-1,-1,-1
29,3,485,1216,50,50,1,-1,-1,-1
30,1,572,680,50,50,1,-1,-1,-1
30,3,453,1302,50,50,1,-1,-1,-1
31,1,578,660,50,50,1,-1,-1,-1
31,3,465,1320,50,50,1,-1,-1,-1
32,1,583,645,50,50,1,-1,-1,-1
32,3,478,1303,50,50,1,-1,-1,-1
32,4,546,1127,50,50,1,-1,-1,-1
33,1,588,635,50,50,1,-1,-1,-1
33,3,490,1269,50,50,1,-1,-1,-1
33,4,564,1164,50,50,1,-1,-1,-1
34,3,524,1211,50,50,1,-1,-1,-1
34,5,482,873,50,50,1,-1,-1,-1
35,3,513,1152,50,50,1,-1,-1,-1
35,4,583,1255,50,50,1,-1,-1,-1
35,5,476,837,50,50,1,-1,-1,-1
36,1,460,1161,50,50,1,-1,-1,-1
36,3,518,1101,50,50,1,-1,-1,-1
36,4,592,1293,50,50,1,-1,-1,-1
36,5,471,807,50,50,1,-1,-1,-1
37,3,614,641,50,50,1,-1,-1,-1
37,4,597,1309,50,50,1,-1,-1,-1
37,5,467,781,50,50,1,-1,-1,-1
38,3,621,656,50,50,1,-1,-1,-1
38,4,594,1310,50,50,1,-1,-1,-1
38,5,462,761,50,50,1,-1,-1,-1
39,1,628,673,50,50,1,-1,-1,-1
39,3,537,880,50,50,1,-1,-1,-1
39,4,591,1293,50,50,1,-1,-1,-1
39,5,457,747,50,50,1,-1,-1,-1
40,1,544,833,50,50,1,-1,-1,-1
40,3,635,698,50,50,1,-1,-1,-1
40,4,585,1267,50,50,1,-1,-1,-1
40,5,453,738,50,50,1,-1,-1,-1
41,1,555,756,50,50,1,-1,-1,-1
41,3,651,761,50,50,1,-1,-1,-1
41,4,480,1244,50,50,1,-1,-1,-1
41,5,445,733,50,50,1,-1,-1,-1
42,1,561,726,50,50,1,-1,-1,-1
42,3,659,801,50,50,1,-1,-1,-1
42,4,477,1295,50,50,1,-1,-1,-1
42,5,442,739,50,50,1,-1,-1,-1
43,1,568,702,50,50,1,-1,-1,-1
43,3,667,845,50,50,1,-1,-1,-1
43,5,436,749,50,50,1,-1,-1,-1
44,1,549,924,50,50,1,-1,-1,-1
44,3,674,895,50,50,1,-1,-1,-1
44,4,483,1311,50,50,1,-1,-1,-1
44,5,433,765,50,50,1,-1,-1,-1
45,1,490,1292,50,50,1,-1,-1,-1
45,3,684,951,50,50,1,-1,-1,-1
45,4,653,1077,50,50,1,-1,-1,-1
45,5,430,785,50,50,1,-1,-1,-1
46,1,499,1246,50,50,1,-1,-1,-1
46,3,682,1060,50,50,1,-1,-1,-1
46,4,590,660,50,50,1,-1,-1,-1
46,5,426,811,50,50,1,-1,-1,-1
47,1,504,1195,50,50,1,-1,-1,-1
47,3,690,1099,50,50,1,-1,-1,-1
47,4,524,793,50,50,1,-1,-1,-1
47,5,422,840,50,50,1,-1,-1,-1
48,3,697,1129,50,50,1,-1,-1,-1
48,4,520,759,50,50,1,-1,-1,-1
48,5,419,876,50,50,1,-1,-1,-1
49,1,514,731,50,50,1,-1,-1,-1
49,3,695,1161,50,50,1,-1,-1,-1
49,4,613,661,50,50,1,-1,-1,-1
49,5,416,917,50,50,1,-1,-1,-1
50,1,508,707,50,50,1,-1,-1,-1
50,3,688,1199,50,50,1,-1,-1,-1
50,4,622,671,50,50,1,-1,-1,-1
50,5,414,965,50,50,1,-1,-1,-1
51,1,534,914,50,50,1,-1,-1,-1
51,3,670,1246,50,50,1,-1,-1,-1
51,4,502,690,50,50,1,-1,-1,-1
51,5,411,1018,50,50,1,-1,-1,-1
52,1,538,873,50,50,1,-1,-1,-1
52,3,651,1276,50,50,1,-1,-1,-1
52,4,498,678,50,50,1,-1,-1,-1
52,5,412,1111,50,50,1,-1,-1,-1
53,1,543,830,50,50,1,-1,-1,-1
53,3,638,1283,50,50,1,-1,-1,-1
53,4,493,670,50,50,1,-1,-1,-1
53,5,406,1152,50,50,1,-1,-1,-1
54,1,548,792,50,50,1,-1,-1,-1
54,3,616,1263,50,50,1,-1,-1,-1
54,4,487,668,50,50,1,-1,-1,-1
54,5,402,1184,50,50,1,-1,-1,-1
55,1,553,760,50,50,1,-1,-1,-1
55,3,611,1230,50,50,1,-1,-1,-1
55,4,483,670,50,50,1,-1,-1,-1
55,5,407,1216,50,50,1,-1,-1,-1
56,1,558,733,50,50,1,-1,-1,-1
56,3,615,1163,50,50,1,-1,-1,-1
56,4,478,677,50,50,1,-1,-1,-1
56,5,424,1253,50,50,1,-1,-1,-1
57,1,564,711,50,50,1,-1,-1,-1
57,3,682,886,50,50,1,-1,-1,-1
57,4,474,689,50,50,1,-1,-1,-1
57,5,442,1282,50,50,1,-1,-1,-1
58,1,569,695,50,50,1,-1,-1,-1
58,3,693,938,50,50,1,-1,-1,-1
58,4,470,707,50,50,1,-1,-1,-1
58,5,463,1309,50,50,1,-1,-1,-1
59,1,704,996,50,50,1,-1,-1,-1
59,3,661,1092,50,50,1,-1,-1,-1
59,4,465,731,50,50,1,-1,-1,-1
59,5,479,1302,50,50,1,-1,-1,-1
60,3,691,1090,50,50,1,-1,-1,-1
60,4,462,759,50,50,1,-1,-1,-1
60,5,492,1288,50,50,1,-1,-1,-1
61,3,697,1126,50,50,1,-1,-1,-1
61,4,457,792,50,50,1,-1,-1,-1
61,5,555,866,50,50,1,-1,-1,-1
62,1,501,1191,50,50,1,-1,-1,-1
62,3,702,1146,50,50,1,-1,-1,-1
62,4,455,831,50,50,1,-1,-1,-1
62,5,545,825,50,50,1,-1,-1,-1
63,1,519,1136,50,50,1,-1,-1,-1
63,3,701,1169,50,50,1,-1,-1,-1
63,4,451,875,50,50,1,-1,-1,-1
63,5,535,790,50,50,1,-1,-1,-1
64,1,608,700,50,50,1,-1,-1,-1
64,3,693,1195,50,50,1,-1,-1,-1
64,4,447,925,50,50,1,-1,-1,-1
64,5,525,760,50,50,1,-1,-1,-1
65,1,615,718,50,50,1,-1,-1,-1
65,3,677,1230,50,50,1,-1,-1,-1
65,4,443,981,50,50,1,-1,-1,-1
65,5,517,736,50,50,1,-1,-1,-1
66,1,622,741,50,50,1,-1,-1,-1
66,3,653,1262,50,50,1,-1,-1,-1
66,4,446,1078,50,50,1,-1,-1,-1
66,5,507,716,50,50,1,-1,-1,-1
67,1,629,769,50,50,1,-1,-1,-1
67,3,636,1271,50,50,1,-1,-1,-1
67,4,437,1121,50,50,1,-1,-1,-1
67,5,497,702,50,50,1,-1,-1,-1
68,1,638,803,50,50,1,-1,-1,-1
68,3,619,1263,50,50,1,-1,-1,-1
68,4,432,1158,50,50,1,-1,-1,-1
68,5,489,693,50,50,1,-1,-1,-1
69,1,654,885,50,50,1,-1,-1,-1
69,3,597,1166,50,50,1,-1,-1,-1
69,4,441,1242,50,50,1,-1,-1,-1
69,5,471,692,50,50,1,-1,-1,-1
70,1,662,935,50,50,1,-1,-1,-1
70,3,559,744,50,50,1,-1,-1,-1
70,4,451,1279,50,50,1,-1,-1,-1
70,5,462,698,50,50,1,-1,-1,-1
71,1,670,988,50,50,1,-1,-1,-1
71,3,564,723,50,50,1,-1,-1,-1
71,4,464,1303,50,50,1,-1,-1,-1
71,5,453,709,50,50,1,-1,-1,-1
72,1,663,1088,50,50,1,-1,-1,-1
72,3,569,707,50,50,1,-1,-1,-1
72,4,477,1301,50,50,1,-1,-1,-1
72,5,446,726,50,50,1,-1,-1,-1
73,1,678,1121,50,50,1,-1,-1,-1
73,3,574,696,50,50,1,-1,-1,-1
73,4,486,1282,50,50,1,-1,-1,-1
73,5,438,748,50,50,1,-1,-1,-1
74,1,691,1147,50,50,1,-1,-1,-1
74,3,547,876,50,50,1,-1,-1,-1
74,4,493,1242,50,50,1,-1,-1,-1
74,5,429,775,50,50,1,-1,-1,-1
75,1,688,1167,50,50,1,-1,-1,-1
75,3,537,837,50,50,1,-1,-1,-1
75,4,505,1181,50,50,1,-1,-1,-1
75,5,421,808,50,50,1,-1,-1,-1
76,1,678,1189,50,50,1,-1,-1,-1
76,3,527,803,50,50,1,-1,-1,-1
76,5,414,847,50,50,1,-1,-1,-1
77,1,662,1216,50,50,1,-1,-1,-1
77,3,518,774,50,50,1,-1,-1,-1
77,4,472,1093,50,50,1,-1,-1,-1
77,5,404,893,50,50,1,-1,-1,-1
78,1,640,1247,50,50,1,-1,-1,-1
78,3,510,752,50,50,1,-1,-1,-1
78,4,449,1094,50,50,1,-1,-1,-1
78,5,398,942,50,50,1,-1,-1,-1
79,1,621,1268,50,50,1,-1,-1,-1
79,3,611,732,50,50,1,-1,-1,-1
79,4,415,1105,50,50,1,-1,-1,-1
79,5,391,998,50,50,1,-1,-1,-1
80,1,609,1272,50,50,1,-1,-1,-1
80,3,617,756,50,50,1,-1,-1,-1
80,4,389,1094,50,50,1,-1,-1,-1
80,5,523,861,50,50,1,-1,-1,-1
81,1,602,1256,50,50,1,-1,-1,-1
81,3,625,785,50,50,1,-1,-1,-1
81,4,381,1136,50,50,1,-1,-1,-1
81,5,528,817,50,50,1,-1,-1,-1
82,1,587,1205,50,50,1,-1,-1,-1
82,3,631,820,50,50,1,-1,-1,-1
82,4,381,1176,50,50,1,-1,-1,-1
82,5,532,779,50,50,1,-1,-1,-1
83,1,581,1151,50,50,1,-1,-1,-1
83,3,640,859,50,50,1,-1,-1,-1
83,4,393,1219,50,50,1,-1,-1,-1
83,5,537,747,50,50,1,-1,-1,-1
84,1,585,1112,50,50,1,-1,-1,-1
84,3,648,904,50,50,1,-1,-1,-1
84,4,412,1262,50,50,1,-1,-1,-1
84,5,542,719,50,50,1,-1,-1,-1
85,1,608,1104,50,50,1,-1,-1,-1
85,3,655,954,50,50,1,-1,-1,-1
85,4,434,1294,50,50,1,-1,-1,-1
85,5,546,697,50,50,1,-1,-1,-1
86,1,646,1062,50,50,1,-1,-1,-1
86,3,441,754,50,50,1,-1,-1,-1
86,4,448,1309,50,50,1,-1,-1,-1
86,5,552,681,50,50,1,-1,-1,-1
87,1,662,1096,50,50,1,-1,-1,-1
87,3,434,778,50,50,1,-1,-1,-1
87,4,465,1307,50,50,1,-1,-1,-1
87,5,557,668,50,50,1,-1,-1,-1
88,1,675,1130,50,50,1,-1,-1,-1
88,3,535,867,50,50,1,-1,-1,-1
88,4,475,1272,50,50,1,-1,-1,-1
88,5,426,806,50,50,1,-1,-1,-1
89,1,680,1160,50,50,1,-1,-1,-1
89,3,527,831,50,50,1,-1,-1,-1
89,4,479,1217,50,50,1,-1,-1,-1
89,5,418,842,50,50,1,-1,-1,-1
90,1,671,1194,50,50,1,-1,-1,-1
90,3,519,799,50,50,1,-1,-1,-1
90,5,410,883,50,50,1,-1,-1,-1
91,1,658,1235,50,50,1,-1,-1,-1
91,3,511,774,50,50,1,-1,-1,-1
91,4,471,1099,50,50,1,-1,-1,-1
91,5,402,929,50,50,1,-1,-1,-1
92,1,635,1274,50,50,1,-1,-1,-1
92,3,503,755,50,50,1,-1,-1,-1
92,4,488,1006,50,50,1,-1,-1,-1
92,5,395,981,50,50,1,-1,-1,-1
93,1,614,1290,50,50,1,-1,-1,-1
93,3,496,740,50,50,1,-1,-1,-1
93,4,491,938,50,50,1,-1,-1,-1
93,5,397,1092,50,50,1,-1,-1,-1
94,1,601,1288,50,50,1,-1,-1,-1
94,3,599,724,50,50,1,-1,-1,-1
94,4,498,888,50,50,1,-1,-1,-1
94,5,382,1124,50,50,1,-1,-1,-1
95,1,584,1272,50,50,1,-1,-1,-1
95,3,607,752,50,50,1,-1,-1,-1
95,4,502,839,50,50,1,-1,-1,-1
95,5,374,1157,50,50,1,-1,-1,-1
96,1,572,1222,50,50,1,-1,-1,-1
96,3,613,786,50,50,1,-1,-1,-1
96,4,507,797,50,50,1,-1,-1,-1
96,5,376,1190,50,50,1,-1,-1,-1
97,1,569,1123,50,50,1,-1,-1,-1
97,3,629,869,50,50,1,-1,-1,-1
97,4,492,734,50,50,1,-1,-1,-1
97,5,394,1262,50,50,1,-1,-1,-1
98,1,592,1114,50,50,1,-1,-1,-1
98,3,637,920,50,50,1,-1,-1,-1
98,4,521,702,50,50,1,-1,-1,-1
98,5,412,1291,50,50,1,-1,-1,-1
99,1,617,1106,50,50,1,-1,-1,-1
99,3,644,975,50,50,1,-1,-1,-1
99,4,448,776,50,50,1,-1,-1,-1
99,5,423,1304,50,50,1,-1,-1,-1
100,1,646,1080,50,50,1,-1,-1,-1
100,3,536,902,50,50,1,-1,-1,-1
100,4,442,801,50,50,1,-1,-1,-1
100,5,434,1302,50,50,1,-1,-1,-1
101,1,660,1120,50,50,1,-1,-1,-1
101,3,530,860,50,50,1,-1,-1,-1
101,4,436,830,50,50,1,-1,-1,-1
101,5,535,655,50,50,1,-1,-1,-1
102,1,665,1153,50,50,1,-1,-1,-1
102,3,522,819,50,50,1,-1,-1,-1
102,4,430,865,50,50,1,-1,-1,-1
102,5,448,1226,50,50,1,-1,-1,-1
103,1,660,1189,50,50,1,-1,-1,-1
103,3,517,784,50,50,1,-1,-1,-1
103,4,424,906,50,50,1,-1,-1,-1
103,5,450,1168,50,50,1,-1,-1,-1
104,1,647,1235,50,50,1,-1,-1,-1
104,3,511,755,50,50,1,-1,-1,-1
104,4,419,950,50,50,1,-1,-1,-1
104,5,551,654,50,50,1,-1,-1,-1
105,1,627,1274,50,50,1,-1,-1,-1
105,3,506,731,50,50,1,-1,-1,-1
105,4,441,1013,50,50,1,-1,-1,-1
105,5,558,663,50,50,1,-1,-1,-1
106,1,606,1289,50,50,1,-1,-1,-1
106,3,532,695,50,50,1,-1,-1,-1
106,4,477,968,50,50,1,-1,-1,-1
107,1,588,1286,50,50,1,-1,-1,-1
107,3,571,698,50,50,1,-1,-1,-1
107,4,484,916,50,50,1,-1,-1,-1
107,5,410,1141,50,50,1,-1,-1,-1
108,1,567,1269,50,50,1,-1,-1,-1
108,3,577,724,50,50,1,-1,-1,-1
108,4,492,873,50,50,1,-1,-1,-1
108,5,402,1171,50,50,1,-1,-1,-1
109,1,560,1223,50,50,1,-1,-1,-1
109,3,584,756,50,50,1,-1,-1,-1
109,4,499,833,50,50,1,-1,-1,-1
109,5,398,1202,50,50,1,-1,-1,-1
110,3,592,791,50,50,1,-1,-1,-1
110,4,509,801,50,50,1,-1,-1,-1
110,5,405,1235,50,50,1,-1,-1,-1
111,1,561,1119,50,50,1,-1,-1,-1
111,3,598,832,50,50,1,-1,-1,-1
111,4,517,772,50,50,1,-1,-1,-1
111,5,416,1265,50,50,1,-1,-1,-1
112,1,577,1102,50,50,1,-1,-1,-1
112,3,606,880,50,50,1,-1,-1,-1
112,4,525,749,50,50,1,-1,-1,-1
112,5,425,1298,50,50,1,-1,-1,-1
113,1,600,1100,50,50,1,-1,-1,-1
113,3,615,932,50,50,1,-1,-1,-1
113,4,534,732,50,50,1,-1,-1,-1
113,5,437,1319,50,50,1,-1,-1,-1
114,1,621,1100,50,50,1,-1,-1,-1
114,3,622,992,50,50,1,-1,-1,-1
114,4,464,749,50,50,1,-1,-1,-1
114,5,450,1326,50,50,1,-1,-1,-1
115,1,634,1091,50,50,1,-1,-1,-1
115,3,524,866,50,50,1,-1,-1,-1
115,4,459,777,50,50,1,-1,-1,-1
115,5,467,1313,50,50,1,-1,-1,-1
116,1,644,1134,50,50,1,-1,-1,-1
116,3,519,827,50,50,1,-1,-1,-1
116,4,455,810,50,50,1,-1,-1,-1
116,5,483,1272,50,50,1,-1,-1,-1
117,1,648,1169,50,50,1,-1,-1,-1
117,3,515,794,50,50,1,-1,-1,-1
117,4,452,847,50,50,1,-1,-1,-1
117,5,487,1211,50,50,1,-1,-1,-1
118,1,645,1207,50,50,1,-1,-1,-1
118,3,512,765,50,50,1,-1,-1,-1
118,4,449,892,50,50,1,-1,-1,-1
118,5,504,1123,50,50,1,-1,-1,-1
119,1,640,1251,50,50,1,-1,-1,-1
119,3,508,744,50,50,1,-1,-1,-1
119,4,445,941,50,50,1,-1,-1,-1
119,5,586,730,50,50,1,-1,-1,-1
120,1,630,1273,50,50,1,-1,-1,-1
120,3,505,727,50,50,1,-1,-1,-1
120,4,442,997,50,50,1,-1,-1,-1
120,5,596,747,50,50,1,-1,-1,-1
121,1,623,1276,50,50,1,-1,-1,-1
121,3,606,769,50,50,1,-1,-1,-1
121,4,444,1091,50,50,1,-1,-1,-1
122,1,613,1264,50,50,1,-1,-1,-1
122,3,615,797,50,50,1,-1,-1,-1
122,4,439,1137,50,50,1,-1,-1,-1
122,5,521,884,50,50,1,-1,-1,-1
123,1,604,1212,50,50,1,-1,-1,-1
123,3,624,828,50,50,1,-1,-1,-1
123,4,436,1174,50,50,1,-1,-1,-1
123,5,527,839,50,50,1,-1,-1,-1
124,1,594,1157,50,50,1,-1,-1,-1
124,3,636,865,50,50,1,-1,-1,-1
124,4,441,1217,50,50,1,-1,-1,-1
124,5,533,797,50,50,1,-1,-1,-1
125,1,620,1114,50,50,1,-1,-1,-1
125,3,658,956,50,50,1,-1,-1,-1
125,4,452,1294,50,50,1,-1,-1,-1
125,5,517,733,50,50,1,-1,-1,-1
126,1,485,751,50,50,1,-1,-1,-1
126,4,463,1312,50,50,1,-1,-1,-1
126,5,550,709,50,50,1,-1,-1,-1
127,1,483,775,50,50,1,-1,-1,-1
127,3,671,1100,50,50,1,-1,-1,-1
127,4,478,1310,50,50,1,-1,-1,-1
127,5,556,690,50,50,1,-1,-1,-1
128,1,542,871,50,50,1,-1,-1,-1
128,3,685,1137,50,50,1,-1,-1,-1
128,4,490,1287,50,50,1,-1,-1,-1
128,5,563,676,50,50,1,-1,-1,-1
129,1,506,836,50,50,1,-1,-1,-1
129,3,691,1165,50,50,1,-1,-1,-1
129,4,497,1244,50,50,1,-1,-1,-1
130,1,525,803,50,50,1,-1,-1,-1
130,3,688,1197,50,50,1,-1,-1,-1
130,4,504,1189,50,50,1,-1,-1,-1
130,5,478,878,50,50,1,-1,-1,-1
131,1,517,776,50,50,1,-1,-1,-1
131,3,679,1234,50,50,1,-1,-1,-1
131,4,515,1116,50,50,1,-1,-1,-1
131,5,475,922,50,50,1,-1,-1,-1
132,1,508,756,50,50,1,-1,-1,-1
132,3,661,1271,50,50,1,-1,-1,-1
132,4,503,1107,50,50,1,-1,-1,-1
132,5,474,974,50,50,1,-1,-1,-1
133,1,500,740,50,50,1,-1,-1,-1
133,3,644,1285,50,50,1,-1,-1,-1
133,4,597,680,50,50,1,-1,-1,-1
133,5,471,1045,50,50,1,-1,-1,-1
134,1,605,695,50,50,1,-1,-1,-1
134,3,632,1287,50,50,1,-1,-1,-1
134,4,527,908,50,50,1,-1,-1,-1
134,5,465,1115,50,50,1,-1,-1,-1
135,1,613,716,50,50,1,-1,-1,-1
135,3,619,1268,50,50,1,-1,-1,-1
135,4,532,865,50,50,1,-1,-1,-1
135,5,456,1160,50,50,1,-1,-1,-1
136,1,619,742,50,50,1,-1,-1,-1
136,3,610,1220,50,50,1,-1,-1,-1
136,4,535,822,50,50,1,-1,-1,-1
136,5,460,1194,50,50,1,-1,-1,-1
137,1,628,772,50,50,1,-1,-1,-1
137,3,599,1163,50,50,1,-1,-1,-1
137,4,541,783,50,50,1,-1,-1,-1
137,5,466,1231,50,50,1,-1,-1,-1
138,1,636,809,50,50,1,-1,-1,-1
138,3,597,1115,50,50,1,-1,-1,-1
138,4,545,752,50,50,1,-1,-1,-1
138,5,467,1274,50,50,1,-1,-1,-1
139,1,645,850,50,50,1,-1,-1,-1
139,3,455,753,50,50,1,-1,-1,-1
139,4,550,725,50,50,1,-1,-1,-1
139,5,470,1304,50,50,1,-1,-1,-1
140,1,653,898,50,50,1,-1,-1,-1
140,3,448,773,50,50,1,-1,-1,-1
140,4,555,703,50,50,1,-1,-1,-1
140,5,479,1306,50,50,1,-1,-1,-1
141,1,663,951,50,50,1,-1,-1,-1
141,3,566,921,50,50,1,-1,-1,-1
141,4,441,799,50,50,1,-1,-1,-1
141,5,486,1285,50,50,1,-1,-1,-1
142,1,669,1053,50,50,1,-1,-1,-1
142,3,554,881,50,50,1,-1,-1,-1
142,4,433,829,50,50,1,-1,-1,-1
142,5,565,676,50,50,1,-1,-1,-1
143,1,678,1089,50,50,1,-1,-1,-1
143,3,546,843,50,50,1,-1,-1,-1
143,4,427,865,50,50,1,-1,-1,-1
143,5,493,1192,50,50,1,-1,-1,-1
144,1,680,1110,50,50,1,-1,-1,-1
144,3,537,812,50,50,1,-1,-1,-1
144,4,420,906,50,50,1,-1,-1,-1
144,5,508,1108,50,50,1,-1,-1,-1
145,1,677,1145,50,50,1,-1,-1,-1
145,3,530,786,50,50,1,-1,-1,-1
145,4,415,953,50,50,1,-1,-1,-1
146,1,663,1188,50,50,1,-1,-1,-1
146,3,522,765,50,50,1,-1,-1,-1
146,4,409,1007,50,50,1,-1,-1,-1
146,5,589,679,50,50,1,-1,-1,-1
147,1,645,1244,50,50,1,-1,-1,-1
147,3,515,751,50,50,1,-1,-1,-1
147,4,411,1113,50,50,1,-1,-1,-1
147,5,596,693,50,50,1,-1,-1,-1
148,1,629,1276,50,50,1,-1,-1,-1
148,3,508,742,50,50,1,-1,-1,-1
148,4,397,1152,50,50,1,-1,-1,-1
148,5,520,876,50,50,1,-1,-1,-1
149,1,613,1281,50,50,1,-1,-1,-1
149,3,525,833,50,50,1,-1,-1,-1
149,4,391,1197,50,50,1,-1,-1,-1
149,5,608,734,50,50,1,-1,-1,-1
150,1,599,1267,50,50,1,-1,-1,-1
150,3,529,795,50,50,1,-1,-1,-1
150,4,390,1236,50,50,1,-1,-1,-1
150,5,615,763,50,50,1,-1,-1,-1
151,1,590,1216,50,50,1,-1,-1,-1
151,3,513,754,50,50,1,-1,-1,-1
151,4,398,1269,50,50,1,-1,-1,-1
151,5,621,797,50,50,1,-1,-1,-1
152,1,584,1156,50,50,1,-1,-1,-1
152,3,510,744,50,50,1,-1,-1,-1
152,4,413,1296,50,50,1,-1,-1,-1
152,5,628,837,50,50,1,-1,-1,-1
153,1,588,1116,50,50,1,-1,-1,-1
153,3,543,716,50,50,1,-1,-1,-1
153,4,429,1315,50,50,1,-1,-1,-1
153,5,637,882,50,50,1,-1,-1,-1
154,1,632,1097,50,50,1,-1,-1,-1
154,3,552,689,50,50,1,-1,-1,-1
154,4,462,1317,50,50,1,-1,-1,-1
154,5,653,987,50,50,1,-1,-1,-1
155,1,657,1081,50,50,1,-1,-1,-1
155,3,455,844,50,50,1,-1,-1,-1
155,4,476,1287,50,50,1,-1,-1,-1
155,5,541,904,50,50,1,-1,-1,-1
156,1,672,1118,50,50,1,-1,-1,-1
156,4,481,1232,50,50,1,-1,-1,-1
156,5,489,872,50,50,1,-1,-1,-1
157,1,677,1149,50,50,1,-1,-1,-1
157,3,483,1175,50,50,1,-1,-1,-1
157,4,481,1172,50,50,1,-1,-1,-1
157,5,442,921,50,50,1,-1,-1,-1
158,1,671,1184,50,50,1,-1,-1,-1
158,3,515,794,50,50,1,-1,-1,-1
158,4,490,1087,50,50,1,-1,-1,-1
158,5,435,968,50,50,1,-1,-1,-1
159,1,656,1229,50,50,1,-1,-1,-1
159,3,582,709,50,50,1,-1,-1,-1
159,4,487,1017,50,50,1,-1,-1,-1
159,5,432,1020,50,50,1,-1,-1,-1
160,1,635,1270,50,50,1,-1,-1,-1
160,3,588,726,50,50,1,-1,-1,-1
160,4,490,949,50,50,1,-1,-1,-1
160,5,433,1116,50,50,1,-1,-1,-1
161,1,622,1288,50,50,1,-1,-1,-1
161,3,595,750,50,50,1,-1,-1,-1
161,4,497,897,50,50,1,-1,-1,-1
161,5,426,1159,50,50,1,-1,-1,-1
162,1,609,1287,50,50,1,-1,-1,-1
162,3,602,781,50,50,1,-1,-1,-1
162,4,501,849,50,50,1,-1,-1,-1
162,5,419,1197,50,50,1,-1,-1,-1
163,1,596,1268,50,50,1,-1,-1,-1
163,3,609,816,50,50,1,-1,-1,-1
163,4,505,806,50,50,1,-1,-1,-1
163,5,420,1235,50,50,1,-1,-1,-1
164,1,587,1208,50,50,1,-1,-1,-1
164,3,616,857,50,50,1,-1,-1,-1
164,4,508,768,50,50,1,-1,-1,-1
164,5,423,1269,50,50,1,-1,-1,-1
165,1,582,1150,50,50,1,-1,-1,-1
165,3,624,903,50,50,1,-1,-1,-1
165,4,490,726,50,50,1,-1,-1,-1
165,5,431,1298,50,50,1,-1,-1,-1
166,1,590,1113,50,50,1,-1,-1,-1
166,3,633,956,50,50,1,-1,-1,-1
166,4,456,725,50,50,1,-1,-1,-1
166,5,439,1319,50,50,1,-1,-1,-1
167,1,621,1117,50,50,1,-1,-1,-1
167,3,641,1013,50,50,1,-1,-1,-1
167,4,449,740,50,50,1,-1,-1,-1
167,5,445,1331,50,50,1,-1,-1,-1
168,1,648,1106,50,50,1,-1,-1,-1
168,3,524,670,50,50,1,-1,-1,-1
168,4,443,759,50,50,1,-1,-1,-1
168,5,451,1330,50,50,1,-1,-1,-1
169,1,660,1145,50,50,1,-1,-1,-1
169,3,529,660,50,50,1,-1,-1,-1
169,4,436,784,50,50,1,-1,-1,-1
169,5,457,1315,50,50,1,-1,-1,-1
170,1,664,1178,50,50,1,-1,-1,-1
170,3,534,843,50,50,1,-1,-1,-1
170,4,429,813,50,50,1,-1,-1,-1
170,5,465,1270,50,50,1,-1,-1,-1
171,1,660,1208,50,50,1,-1,-1,-1
171,3,525,803,50,50,1,-1,-1,-1
171,4,423,848,50,50,1,-1,-1,-1
171,5,468,1203,50,50,1,-1,-1,-1
172,1,648,1249,50,50,1,-1,-1,-1
172,3,542,654,50,50,1,-1,-1,-1
172,4,417,888,50,50,1,-1,-1,-1
172,5,462,1145,50,50,1,-1,-1,-1
173,1,631,1281,50,50,1,-1,-1,-1
173,3,512,739,50,50,1,-1,-1,-1
173,4,412,933,50,50,1,-1,-1,-1
173,5,475,1051,50,50,1,-1,-1,-1
174,1,618,1301,50,50,1,-1,-1,-1
174,3,529,695,50,50,1,-1,-1,-1
174,4,408,986,50,50,1,-1,-1,-1
174,5,477,986,50,50,1,-1,-1,-1
175,1,601,1303,50,50,1,-1,-1,-1
175,3,558,694,50,50,1,-1,-1,-1
175,4,400,1042,50,50,1,-1,-1,-1
175,5,483,927,50,50,1,-1,-1,-1
176,1,593,1297,50,50,1,-1,-1,-1
176,3,564,718,50,50,1,-1,-1,-1
176,4,395,1139,50,50,1,-1,-1,-1
176,5,488,876,50,50,1,-1,-1,-1
177,1,581,1280,50,50,1,-1,-1,-1
177,3,570,746,50,50,1,-1,-1,-1
177,4,388,1182,50,50,1,-1,-1,-1
177,5,492,830,50,50,1,-1,-1,-1
178,1,573,1237,50,50,1,-1,-1,-1
178,3,576,781,50,50,1,-1,-1,-1
178,4,384,1225,50,50,1,-1,-1,-1
178,5,496,789,50,50,1,-1,-1,-1
179,1,564,1174,50,50,1,-1,-1,-1
179,3,583,821,50,50,1,-1,-1,-1
179,4,394,1259,50,50,1,-1,-1,-1
179,5,501,754,50,50,1,-1,-1,-1
180,1,565,1129,50,50,1,-1,-1,-1
180,3,590,866,50,50,1,-1,-1,-1
180,4,407,1291,50,50,1,-1,-1,-1
180,5,486,702,50,50,1,-1,-1,-1
181,1,597,1113,50,50,1,-1,-1,-1
181,3,605,972,50,50,1,-1,-1,-1
181,4,440,1323,50,50,1,-1,-1,-1
181,5,514,677,50,50,1,-1,-1,-1
182,1,450,730,50,50,1,-1,-1,-1
182,3,611,1078,50,50,1,-1,-1,-1
182,4,449,1320,50,50,1,-1,-1,-1
182,5,519,665,50,50,1,-1,-1,-1
183,1,445,757,50,50,1,-1,-1,-1
183,3,617,1118,50,50,1,-1,-1,-1
183,4,464,1296,50,50,1,-1,-1,-1
183,5,525,655,50,50,1,-1,-1,-1
184,1,524,845,50,50,1,-1,-1,-1
184,3,621,1153,50,50,1,-1,-1,-1
184,4,474,1249,50,50,1,-1,-1,-1
184,5,439,791,50,50,1,-1,-1,-1
185,1,517,812,50,50,1,-1,-1,-1
185,3,621,1187,50,50,1,-1,-1,-1
185,4,476,1186,50,50,1,-1,-1,-1
185,5,434,829,50,50,1,-1,-1,-1
186,1,513,785,50,50,1,-1,-1,-1
186,3,618,1231,50,50,1,-1,-1,-1
186,4,491,1105,50,50,1,-1,-1,-1
186,5,429,873,50,50,1,-1,-1,-1
187,1,509,764,50,50,1,-1,-1,-1
187,3,612,1279,50,50,1,-1,-1,-1
187,4,471,1092,50,50,1,-1,-1,-1
187,5,424,922,50,50,1,-1,-1,-1
188,1,505,748,50,50,1,-1,-1,-1
188,3,606,1297,50,50,1,-1,-1,-1
188,4,444,1110,50,50,1,-1,-1,-1
188,5,419,977,50,50,1,-1,-1,-1
189,1,559,700,50,50,1,-1,-1,-1
189,3,599,1298,50,50,1,-1,-1,-1
189,5,502,922,50,50,1,-1,-1,-1
190,1,565,726,50,50,1,-1,-1,-1
190,3,590,1288,50,50,1,-1,-1,-1
190,4,410,1125,50,50,1,-1,-1,-1
190,5,511,878,50,50,1,-1,-1,-1
191,1,572,757,50,50,1,-1,-1,-1
191,3,582,1254,50,50,1,-1,-1,-1
191,4,407,1166,50,50,1,-1,-1,-1
191,5,518,836,50,50,1,-1,-1,-1
192,3,570,1196,50,50,1,-1,-1,-1
192,4,409,1209,50,50,1,-1,-1,-1
192,5,553,796,50,50,1,-1,-1,-1
193,1,586,834,50,50,1,-1,-1,-1
193,3,567,1143,50,50,1,-1,-1,-1
193,4,418,1254,50,50,1,-1,-1,-1
193,5,512,758,50,50,1,-1,-1,-1
194,1,593,881,50,50,1,-1,-1,-1
194,3,576,1117,50,50,1,-1,-1,-1
194,4,438,1291,50,50,1,-1,-1,-1
194,5,480,757,50,50,1,-1,-1,-1
195,1,600,932,50,50,1,-1,-1,-1
195,3,594,1108,50,50,1,-1,-1,-1
195,4,457,1313,50,50,1,-1,-1,-1
195,5,477,776,50,50,1,-1,-1,-1
196,1,609,991,50,50,1,-1,-1,-1
196,3,609,1105,50,50,1,-1,-1,-1
196,4,472,1311,50,50,1,-1,-1,-1
196,5,474,800,50,50,1,-1,-1,-1
197,1,522,889,50,50,1,-1,-1,-1
197,3,618,1089,50,50,1,-1,-1,-1
197,4,488,1287,50,50,1,-1,-1,-1
197,5,470,831,50,50,1,-1,-1,-1
198,3,624,1132,50,50,1,-1,-1,-1
198,4,494,1244,50,50,1,-1,-1,-1
198,5,491,856,50,50,1,-1,-1,-1
199,1,505,812,50,50,1,-1,-1,-1
199,3,625,1172,50,50,1,-1,-1,-1
199,4,500,1187,50,50,1,-1,-1,-1
199,5,464,905,50,50,1,-1,-1,-1
200,1,498,781,50,50,1,-1,-1,-1
200,3,626,1214,50,50,1,-1,-1,-1
200,4,510,1116,50,50,1,-1,-1,-1
200,5,461,951,50,50,1,-1,-1,-1
201,1,592,709,50,50,1,-1,-1,-1
201,3,626,1269,50,50,1,-1,-1,-1
201,4,490,756,50,50,1,-1,-1,-1
201,5,458,1003,50,50,1,-1,-1,-1
202,1,601,723,50,50,1,-1,-1,-1
202,3,628,1291,50,50,1,-1,-1,-1
202,5,482,736,50,50,1,-1,-1,-1
203,1,609,743,50,50,1,-1,-1,-1
203,3,625,1294,50,50,1,-1,-1,-1
203,4,513,912,50,50,1,-1,-1,-1
203,5,474,720,50,50,1,-1,-1,-1
204,1,618,768,50,50,1,-1,-1,-1
204,3,612,1273,50,50,1,-1,-1,-1
204,4,453,1192,50,50,1,-1,-1,-1
204,5,517,872,50,50,1,-1,-1,-1
205,1,626,798,50,50,1,-1,-1,-1
205,3,603,1225,50,50,1,-1,-1,-1
205,4,520,829,50,50,1,-1,-1,-1
205,5,458,1227,50,50,1,-1,-1,-1
206,1,635,834,50,50,1,-1,-1,-1
206,3,593,1165,50,50,1,-1,-1,-1
206,4,451,707,50,50,1,-1,-1,-1
206,5,458,1267,50,50,1,-1,-1,-1
207,1,646,874,50,50,1,-1,-1,-1
207,3,526,763,50,50,1,-1,-1,-1
207,4,446,712,50,50,1,-1,-1,-1
207,5,462,1301,50,50,1,-1,-1,-1
208,1,654,920,50,50,1,-1,-1,-1
208,3,529,737,50,50,1,-1,-1,-1
208,4,439,723,50,50,1,-1,-1,-1
208,5,464,1319,50,50,1,-1,-1,-1
209,1,664,972,50,50,1,-1,-1,-1
209,3,532,716,50,50,1,-1,-1,-1
209,4,431,739,50,50,1,-1,-1,-1
209,5,466,1318,50,50,1,-1,-1,-1
210,1,688,1118,50,50,1,-1,-1,-1
210,3,539,691,50,50,1,-1,-1,-1
210,4,420,786,50,50,1,-1,-1,-1
210,5,479,1260,50,50,1,-1,-1,-1
211,1,691,1156,50,50,1,-1,-1,-1
211,3,523,837,50,50,1,-1,-1,-1
211,4,413,817,50,50,1,-1,-1,-1
211,5,481,1198,50,50,1,-1,-1,-1
212,1,685,1190,50,50,1,-1,-1,-1
212,3,512,805,50,50,1,-1,-1,-1
212,4,407,854,50,50,1,-1,-1,-1
212,5,495,1118,50,50,1,-1,-1,-1
213,1,671,1231,50,50,1,-1,-1,-1
213,3,502,777,50,50,1,-1,-1,-1
213,4,399,896,50,50,1,-1,-1,-1
214,1,649,1273,50,50,1,-1,-1,-1
214,3,491,756,50,50,1,-1,-1,-1
214,4,395,945,50,50,1,-1,-1,-1
214,5,495,997,50,50,1,-1,-1,-1
215,1,632,1299,50,50,1,-1,-1,-1
215,3,481,739,50,50,1,-1,-1,-1
215,4,387,997,50,50,1,-1,-1,-1
215,5,502,933,50,50,1,-1,-1,-1
216,1,615,1305,50,50,1,-1,-1,-1
216,3,472,728,50,50,1,-1,-1,-1
216,4,390,1097,50,50,1,-1,-1,-1
216,5,510,891,50,50,1,-1,-1,-1
217,1,594,1291,50,50,1,-1,-1,-1
217,3,568,758,50,50,1,-1,-1,-1
217,4,381,1137,50,50,1,-1,-1,-1
217,5,517,849,50,50,1,-1,-1,-1
218,1,581,1263,50,50,1,-1,-1,-1
218,4,382,1180,50,50,1,-1,-1,-1
218,5,548,800,50,50,1,-1,-1,-1
219,1,569,1207,50,50,1,-1,-1,-1
219,3,444,725,50,50,1,-1,-1,-1
219,4,385,1221,50,50,1,-1,-1,-1
219,5,555,804,50,50,1,-1,-1,-1
220,1,567,1152,50,50,1,-1,-1,-1
220,3,535,755,50,50,1,-1,-1,-1
220,4,402,1263,50,50,1,-1,-1,-1
220,5,584,864,50,50,1,-1,-1,-1
221,1,572,1121,50,50,1,-1,-1,-1
221,3,425,749,50,50,1,-1,-1,-1
221,4,425,1296,50,50,1,-1,-1,-1
221,5,542,735,50,50,1,-1,-1,-1
222,1,591,1113,50,50,1,-1,-1,-1
222,3,414,768,50,50,1,-1,-1,-1
222,4,442,1311,50,50,1,-1,-1,-1
222,5,549,720,50,50,1,-1,-1,-1
223,1,604,1069,50,50,1,-1,-1,-1
223,3,408,793,50,50,1,-1,-1,-1
223,4,456,1305,50,50,1,-1,-1,-1
224,1,613,1102,50,50,1,-1,-1,-1
224,3,399,823,50,50,1,-1,-1,-1
224,4,467,1273,50,50,1,-1,-1,-1
224,5,524,900,50,50,1,-1,-1,-1
225,1,617,1138,50,50,1,-1,-1,-1
225,3,389,859,50,50,1,-1,-1,-1
225,4,471,1217,50,50,1,-1,-1,-1
225,5,517,861,50,50,1,-1,-1,-1
226,1,616,1171,50,50,1,-1,-1,-1
226,3,381,900,50,50,1,-1,-1,-1
226,4,461,1161,50,50,1,-1,-1,-1
226,5,511,824,50,50,1,-1,-1,-1
227,1,614,1213,50,50,1,-1,-1,-1
227,3,372,947,50,50,1,-1,-1,-1
227,4,583,717,50,50,1,-1,-1,-1
227,5,504,793,50,50,1,-1,-1,-1
228,1,611,1266,50,50,1,-1,-1,-1
228,3,362,998,50,50,1,-1,-1,-1
228,4,476,1015,50,50,1,-1,-1,-1
228,5,498,766,50,50,1,-1,-1,-1
229,1,610,1289,50,50,1,-1,-1,-1
229,3,376,1108,50,50,1,-1,-1,-1
229,4,477,959,50,50,1,-1,-1,-1
229,5,491,746,50,50,1,-1,-1,-1
230,1,602,1287,50,50,1,-1,-1,-1
230,3,361,1146,50,50,1,-1,-1,-1
230,4,606,773,50,50,1,-1,-1,-1
230,5,481,909,50,50,1,-1,-1,-1
231,1,592,1266,50,50,1,-1,-1,-1
231,3,349,1183,50,50,1,-1,-1,-1
231,4,614,803,50,50,1,-1,-1,-1
231,5,484,866,50,50,1,-1,-1,-1
232,1,582,1216,50,50,1,-1,-1,-1
232,3,354,1222,50,50,1,-1,-1,-1
232,4,622,838,50,50,1,-1,-1,-1
232,5,486,828,50,50,1,-1,-1,-1
233,1,577,1159,50,50,1,-1,-1,-1
233,3,366,1256,50,50,1,-1,-1,-1
233,4,632,877,50,50,1,-1,-1,-1
233,5,488,794,50,50,1,-1,-1,-1
234,1,582,1123,50,50,1,-1,-1,-1
234,3,379,1284,50,50,1,-1,-1,-1
234,4,641,922,50,50,1,-1,-1,-1
234,5,477,746,50,50,1,-1,-1,-1
235,1,612,1121,50,50,1,-1,-1,-1
235,3,403,1304,50,50,1,-1,-1,-1
235,4,649,972,50,50,1,-1,-1,-1
235,5,475,737,50,50,1,-1,-1,-1
236,1,648,1080,50,50,1,-1,-1,-1
236,3,418,1313,50,50,1,-1,-1,-1
236,5,473,736,50,50,1,-1,-1,-1
237,1,521,874,50,50,1,-1,-1,-1
237,3,445,1299,50,50,1,-1,-1,-1
237,4,670,1144,50,50,1,-1,-1,-1
237,5,441,790,50,50,1,-1,-1,-1
238,1,512,836,50,50,1,-1,-1,-1
238,3,454,1260,50,50,1,-1,-1,-1
238,4,668,1171,50,50,1,-1,-1,-1
238,5,437,821,50,50,1,-1,-1,-1
239,1,504,805,50,50,1,-1,-1,-1
239,3,460,1197,50,50,1,-1,-1,-1
239,4,658,1204,50,50,1,-1,-1,-1
239,5,432,855,50,50,1,-1,-1,-1
240,1,496,779,50,50,1,-1,-1,-1
240,3,452,1151,50,50,1,-1,-1,-1
240,4,636,1250,50,50,1,-1,-1,-1
240,5,428,897,50,50,1,-1,-1,-1
241,1,503,746,50,50,1,-1,-1,-1
241,4,608,1286,50,50,1,-1,-1,-1
241,5,423,944,50,50,1,-1,-1,-1
242,1,502,748,50,50,1,-1,-1,-1
242,3,426,1120,50,50,1,-1,-1,-1
242,4,588,1299,50,50,1,-1,-1,-1
242,5,446,996,50,50,1,-1,-1,-1
243,1,526,775,50,50,1,-1,-1,-1
243,5,484,941,50,50,1,-1,-1,-1
244,1,531,806,50,50,1,-1,-1,-1
244,3,407,1132,50,50,1,-1,-1,-1
244,4,553,1273,50,50,1,-1,-1,-1
244,5,493,894,50,50,1,-1,-1,-1
245,1,516,847,50,50,1,-1,-1,-1
245,3,405,1167,50,50,1,-1,-1,-1
245,4,528,1233,50,50,1,-1,-1,-1
246,1,539,879,50,50,1,-1,-1,-1
246,3,408,1204,50,50,1,-1,-1,-1
246,4,514,1175,50,50,1,-1,-1,-1
246,5,506,817,50,50,1,-1,-1,-1
247,1,547,918,50,50,1,-1,-1,-1
247,3,419,1249,50,50,1,-1,-1,-1
247,4,524,1128,50,50,1,-1,-1,-1
247,5,513,787,50,50,1,-1,-1,-1
248,1,437,755,50,50,1,-1,-1,-1
248,4,544,1126,50,50,1,-1,-1,-1
248,5,522,762,50,50,1,-1,-1,-1
249,1,429,775,50,50,1,-1,-1,-1
249,3,439,1297,50,50,1,-1,-1,-1
249,4,557,1127,50,50,1,-1,-1,-1
249,5,530,741,50,50,1,-1,-1,-1
250,1,489,925,50,50,1,-1,-1,-1
250,3,421,799,50,50,1,-1,-1,-1
250,4,569,1133,50,50,1,-1,-1,-1
250,5,536,727,50,50,1,-1,-1,-1
251,1,486,882,50,50,1,-1,-1,-1
251,4,583,1163,50,50,1,-1,-1,-1
251,5,415,829,50,50,1,-1,-1,-1
252,1,481,844,50,50,1,-1,-1,-1
252,3,460,1179,50,50,1,-1,-1,-1
252,4,588,1198,50,50,1,-1,-1,-1
252,5,408,865,50,50,1,-1,-1,-1
253,1,477,812,50,50,1,-1,-1,-1
253,3,453,1133,50,50,1,-1,-1,-1
253,4,585,1237,50,50,1,-1,-1,-1
253,5,402,907,50,50,1,-1,-1,-1
254,1,473,785,50,50,1,-1,-1,-1
254,3,566,716,50,50,1,-1,-1,-1
254,4,586,1272,50,50,1,-1,-1,-1
254,5,395,953,50,50,1,-1,-1,-1
255,1,468,764,50,50,1,-1,-1,-1
255,3,574,726,50,50,1,-1,-1,-1
255,4,587,1289,50,50,1,-1,-1,-1
255,5,390,1006,50,50,1,-1,-1,-1
256,1,465,747,50,50,1,-1,-1,-1
256,3,583,740,50,50,1,-1,-1,-1
256,4,584,1291,50,50,1,-1,-1,-1
256,5,381,1109,50,50,1,-1,-1,-1
257,1,488,873,50,50,1,-1,-1,-1
257,3,592,761,50,50,1,-1,-1,-1
257,4,579,1278,50,50,1,-1,-1,-1
257,5,372,1148,50,50,1,-1,-1,-1
258,1,493,831,50,50,1,-1,-1,-1
258,3,601,787,50,50,1,-1,-1,-1
258,4,572,1241,50,50,1,-1,-1,-1
258,5,370,1188,50,50,1,-1,-1,-1
259,1,499,795,50,50,1,-1,-1,-1
259,3,610,817,50,50,1,-1,-1,-1
259,4,562,1179,50,50,1,-1,-1,-1
259,5,376,1229,50,50,1,-1,-1,-1
260,1,504,764,50,50,1,-1,-1,-1
260,3,619,853,50,50,1,-1,-1,-1
260,4,562,1131,50,50,1,-1,-1,-1
260,5,386,1264,50,50,1,-1,-1,-1
261,1,510,738,50,50,1,-1,-1,-1
261,3,628,894,50,50,1,-1,-1,-1
261,4,585,1120,50,50,1,-1,-1,-1
261,5,409,1293,50,50,1,-1,-1,-1
262,1,515,717,50,50,1,-1,-1,-1
262,3,638,940,50,50,1,-1,-1,-1
262,4,607,1103,50,50,1,-1,-1,-1
262,5,431,1308,50,50,1,-1,-1,-1
263,1,520,702,50,50,1,-1,-1,-1
263,3,648,991,50,50,1,-1,-1,-1
263,4,635,1099,50,50,1,-1,-1,-1
263,5,443,1310,50,50,1,-1,-1,-1
264,1,436,800,50,50,1,-1,-1,-1
264,3,516,884,50,50,1,-1,-1,-1
264,4,657,1086,50,50,1,-1,-1,-1
264,5,461,1291,50,50,1,-1,-1,-1
265,1,509,843,50,50,1,-1,-1,-1
265,3,435,829,50,50,1,-1,-1,-1
265,4,666,1125,50,50,1,-1,-1,-1
265,5,471,1247,50,50,1,-1,-1,-1
266,1,497,779,50,50,1,-1,-1,-1
266,3,429,904,50,50,1,-1,-1,-1
266,4,663,1198,50,50,1,-1,-1,-1
266,5,471,1127,50,50,1,-1,-1,-1
267,1,551,700,50,50,1,-1,-1,-1
267,3,483,1037,50,50,1,-1,-1,-1
267,4,651,1246,50,50,1,-1,-1,-1
267,5,427,950,50,50,1,-1,-1,-1
268,1,559,713,50,50,1,-1,-1,-1
268,3,426,1000,50,50,1,-1,-1,-1
268,4,633,1283,50,50,1,-1,-1,-1
269,1,566,733,50,50,1,-1,-1,-1
269,3,495,918,50,50,1,-1,-1,-1
269,4,616,1296,50,50,1,-1,-1,-1
270,1,573,757,50,50,1,-1,-1,-1
270,3,501,875,50,50,1,-1,-1,-1
270,4,598,1290,50,50,1,-1,-1,-1
270,5,415,1140,50,50,1,-1,-1,-1
271,1,580,788,50,50,1,-1,-1,-1
271,3,507,833,50,50,1,-1,-1,-1
271,4,584,1262,50,50,1,-1,-1,-1
271,5,413,1184,50,50,1,-1,-1,-1
272,1,587,823,50,50,1,-1,-1,-1
272,3,512,795,50,50,1,-1,-1,-1
272,4,571,1212,50,50,1,-1,-1,-1
272,5,417,1232,50,50,1,-1,-1,-1
273,1,594,862,50,50,1,-1,-1,-1
273,3,518,765,50,50,1,-1,-1,-1
273,4,566,1156,50,50,1,-1,-1,-1
273,5,424,1276,50,50,1,-1,-1,-1
274,1,603,907,50,50,1,-1,-1,-1
274,3,524,739,50,50,1,-1,-1,-1
274,4,573,1123,50,50,1,-1,-1,-1
274,5,430,1305,50,50,1,-1,-1,-1
275,1,611,958,50,50,1,-1,-1,-1
275,3,530,717,50,50,1,-1,-1,-1
275,4,598,1121,50,50,1,-1,-1,-1
275,5,440,1321,50,50,1,-1,-1,-1
276,1,621,1016,50,50,1,-1,-1,-1
276,3,535,702,50,50,1,-1,-1,-1
276,4,618,1118,50,50,1,-1,-1,-1
276,5,450,1316,50,50,1,-1,-1,-1
277,1,523,907,50,50,1,-1,-1,-1
277,3,432,802,50,50,1,-1,-1,-1
277,4,632,1105,50,50,1,-1,-1,-1
277,5,462,1292,50,50,1,-1,-1,-1
278,1,427,835,50,50,1,-1,-1,-1
278,3,514,870,50,50,1,-1,-1,-1
278,4,640,1142,50,50,1,-1,-1,-1
278,5,471,1240,50,50,1,-1,-1,-1
279,1,422,875,50,50,1,-1,-1,-1
279,3,506,832,50,50,1,-1,-1,-1
279,4,639,1175,50,50,1,-1,-1,-1
279,5,473,1176,50,50,1,-1,-1,-1
280,1,419,918,50,50,1,-1,-1,-1
280,3,499,801,50,50,1,-1,-1,-1
280,4,631,1211,50,50,1,-1,-1,-1
280,5,484,1097,50,50,1,-1,-1,-1
281,1,414,968,50,50,1,-1,-1,-1
281,3,492,775,50,50,1,-1,-1,-1
281,4,623,1260,50,50,1,-1,-1,-1
281,5,568,698,50,50,1,-1,-1,-1
282,1,489,957,50,50,1,-1,-1,-1
282,3,484,755,50,50,1,-1,-1,-1
282,4,613,1286,50,50,1,-1,-1,-1
282,5,574,713,50,50,1,-1,-1,-1
283,1,581,732,50,50,1,-1,-1,-1
283,3,476,739,50,50,1,-1,-1,-1
283,4,600,1292,50,50,1,-1,-1,-1
283,5,499,901,50,50,1,-1,-1,-1
284,1,589,758,50,50,1,-1,-1,-1
284,3,469,728,50,50,1,-1,-1,-1
284,4,591,1279,50,50,1,-1,-1,-1
284,5,399,1160,50,50,1,-1,-1,-1
285,1,510,807,50,50,1,-1,-1,-1
285,3,596,787,50,50,1,-1,-1,-1
285,4,585,1244,50,50,1,-1,-1,-1
285,5,394,1199,50,50,1,-1,-1,-1
286,1,516,768,50,50,1,-1,-1,-1
286,3,604,823,50,50,1,-1,-1,-1
286,4,574,1184,50,50,1,-1,-1,-1
286,5,395,1240,50,50,1,-1,-1,-1
287,1,522,733,50,50,1,-1,-1,-1
287,3,612,864,50,50,1,-1,-1,-1
287,4,571,1133,50,50,1,-1,-1,-1
287,5,409,1278,50,50,1,-1,-1,-1
288,1,527,704,50,50,1,-1,-1,-1
288,3,621,911,50,50,1,-1,-1,-1
288,5,424,1305,50,50,1,-1,-1,-1
289,1,534,680,50,50,1,-1,-1,-1
289,3,629,963,50,50,1,-1,-1,-1
289,4,606,1100,50,50,1,-1,-1,-1
289,5,438,1317,50,50,1,-1,-1,-1
290,1,540,662,50,50,1,-1,-1,-1
290,3,429,775,50,50,1,-1,-1,-1
290,4,632,1067,50,50,1,-1,-1,-1
290,5,449,1313,50,50,1,-1,-1,-1
291,1,546,649,50,50,1,-1,-1,-1
291,3,422,800,50,50,1,-1,-1,-1
291,4,643,1112,50,50,1,-1,-1,-1
291,5,463,1285,50,50,1,-1,-1,-1
292,1,552,641,50,50,1,-1,-1,-1
292,3,525,846,50,50,1,-1,-1,-1
292,4,652,1144,50,50,1,-1,-1,-1
292,5,470,1230,50,50,1,-1,-1,-1
293,1,566,638,50,50,1,-1,-1,-1
293,3,512,781,50,50,1,-1,-1,-1
293,4,643,1222,50,50,1,-1,-1,-1
293,5,404,911,50,50,1,-1,-1,-1
294,1,573,645,50,50,1,-1,-1,-1
294,3,506,757,50,50,1,-1,-1,-1
294,4,627,1266,50,50,1,-1,-1,-1
294,5,399,957,50,50,1,-1,-1,-1
295,1,579,657,50,50,1,-1,-1,-1
295,3,487,941,50,50,1,-1,-1,-1
295,4,612,1289,50,50,1,-1,-1,-1
295,5,406,1127,50,50,1,-1,-1,-1
296,1,588,673,50,50,1,-1,-1,-1
296,3,387,1113,50,50,1,-1,-1,-1
296,4,598,1293,50,50,1,-1,-1,-1
296,5,496,886,50,50,1,-1,-1,-1
297,1,596,696,50,50,1,-1,-1,-1
297,3,380,1153,50,50,1,-1,-1,-1
297,4,588,1284,50,50,1,-1,-1,-1
297,5,500,835,50,50,1,-1,-1,-1
298,1,603,723,50,50,1,-1,-1,-1
298,3,379,1193,50,50,1,-1,-1,-1
298,4,582,1256,50,50,1,-1,-1,-1
298,5,505,789,50,50,1,-1,-1,-1
299,1,612,754,50,50,1,-1,-1,-1
299,3,383,1233,50,50,1,-1,-1,-1
299,4,572,1200,50,50,1,-1,-1,-1
299,5,498,735,50,50,1,-1,-1,-1
300,1,619,793,50,50,1,-1,-1,-1
300,3,397,1271,50,50,1,-1,-1,-1
300,4,571,1143,50,50,1,-1,-1,-1
300,5,498,715,50,50,1,-1,-1,-1
301,1,628,836,50,50,1,-1,-1,-1
301,3,411,1303,50,50,1,-1,-1,-1
301,4,583,1109,50,50,1,-1,-1,-1
301,5,521,682,50,50,1,-1,-1,-1
302,1,638,885,50,50,1,-1,-1,-1
302,3,428,1320,50,50,1,-1,-1,-1
302,4,607,1099,50,50,1,-1,-1,-1
302,5,525,658,50,50,1,-1,-1,-1
303,1,647,940,50,50,1,-1,-1,-1
303,3,444,1320,50,50,1,-1,-1,-1
303,4,550,915,50,50,1,-1,-1,-1
303,5,532,639,50,50,1,-1,-1,-1
304,1,657,1065,50,50,1,-1,-1,-1
304,3,458,1299,50,50,1,-1,-1,-1
304,4,450,797,50,50,1,-1,-1,-1
304,5,537,624,50,50,1,-1,-1,-1
305,1,671,1101,50,50,1,-1,-1,-1
305,3,468,1254,50,50,1,-1,-1,-1
305,4,446,829,50,50,1,-1,-1,-1
305,5,543,614,50,50,1,-1,-1,-1
306,1,677,1145,50,50,1,-1,-1,-1
306,3,469,1188,50,50,1,-1,-1,-1
306,4,442,866,50,50,1,-1,-1,-1
306,5,550,611,50,50,1,-1,-1,-1
307,1,672,1184,50,50,1,-1,-1,-1
307,3,481,1108,50,50,1,-1,-1,-1
307,4,437,909,50,50,1,-1,-1,-1
307,5,557,612,50,50,1,-1,-1,-1
308,1,659,1229,50,50,1,-1,-1,-1
308,3,480,1033,50,50,1,-1,-1,-1
308,4,432,956,50,50,1,-1,-1,-1
308,5,563,615,50,50,1,-1,-1,-1
309,1,639,1270,50,50,1,-1,-1,-1
309,3,481,971,50,50,1,-1,-1,-1
309,4,429,1008,50,50,1,-1,-1,-1
309,5,570,626,50,50,1,-1,-1,-1
310,1,621,1292,50,50,1,-1,-1,-1
310,3,492,912,50,50,1,-1,-1,-1
310,4,424,1107,50,50,1,-1,-1,-1
310,5,578,644,50,50,1,-1,-1,-1
311,1,605,1292,50,50,1,-1,-1,-1
311,3,498,864,50,50,1,-1,-1,-1
311,4,416,1146,50,50,1,-1,-1,-1
311,5,585,666,50,50,1,-1,-1,-1
312,1,590,1270,50,50,1,-1,-1,-1
312,3,503,818,50,50,1,-1,-1,-1
312,4,411,1183,50,50,1,-1,-1,-1
312,5,593,694,50,50,1,-1,-1,-1
313,1,497,635,50,50,1,-1,-1,-1
313,3,509,780,50,50,1,-1,-1,-1
313,4,411,1215,50,50,1,-1,-1,-1
313,5,602,727,50,50,1,-1,-1,-1
314,1,493,634,50,50,1,-1,-1,-1
314,3,515,745,50,50,1,-1,-1,-1
314,4,420,1253,50,50,1,-1,-1,-1
314,5,610,766,50,50,1,-1,-1,-1
315,1,490,639,50,50,1,-1,-1,-1
315,3,521,715,50,50,1,-1,-1,-1
315,4,430,1286,50,50,1,-1,-1,-1
315,5,617,810,50,50,1,-1,-1,-1
316,1,589,1087,50,50,1,-1,-1,-1
316,3,506,671,50,50,1,-1,-1,-1
316,4,441,1310,50,50,1,-1,-1,-1
316,5,626,859,50,50,1,-1,-1,-1
317,1,618,1094,50,50,1,-1,-1,-1
317,3,505,669,50,50,1,-1,-1,-1
317,4,450,1322,50,50,1,-1,-1,-1
317,5,636,916,50,50,1,-1,-1,-1
318,1,637,1097,50,50,1,-1,-1,-1
318,3,505,674,50,50,1,-1,-1,-1
318,4,462,1317,50,50,1,-1,-1,-1
318,5,646,979,50,50,1,-1,-1,-1
319,1,522,857,50,50,1,-1,-1,-1
319,3,476,710,50,50,1,-1,-1,-1
319,4,475,1294,50,50,1,-1,-1,-1
319,5,654,1084,50,50,1,-1,-1,-1
320,1,515,815,50,50,1,-1,-1,-1
320,3,472,743,50,50,1,-1,-1,-1
320,4,487,1251,50,50,1,-1,-1,-1
320,5,659,1130,50,50,1,-1,-1,-1
321,1,468,823,50,50,1,-1,-1,-1
321,3,500,752,50,50,1,-1,-1,-1
321,4,503,1123,50,50,1,-1,-1,-1
321,5,665,1186,50,50,1,-1,-1,-1
322,1,465,870,50,50,1,-1,-1,-1
322,3,492,727,50,50,1,-1,-1,-1
322,4,498,1083,50,50,1,-1,-1,-1
322,5,659,1220,50,50,1,-1,-1,-1
323,1,462,923,50,50,1,-1,-1,-1
323,3,484,707,50,50,1,-1,-1,-1
323,4,478,1085,50,50,1,-1,-1,-1
323,5,645,1258,50,50,1,-1,-1,-1
324,1,459,983,50,50,1,-1,-1,-1
324,3,583,706,50,50,1,-1,-1,-1
324,4,456,1086,50,50,1,-1,-1,-1
324,5,635,1272,50,50,1,-1,-1,-1
325,1,531,865,50,50,1,-1,-1,-1
325,3,591,733,50,50,1,-1,-1,-1
325,4,450,1084,50,50,1,-1,-1,-1
325,5,625,1270,50,50,1,-1,-1,-1
326,1,539,819,50,50,1,-1,-1,-1
326,3,598,765,50,50,1,-1,-1,-1
326,4,448,1136,50,50,1,-1,-1,-1
326,5,604,1249,50,50,1,-1,-1,-1
327,1,457,686,50,50,1,-1,-1,-1
327,3,577,790,50,50,1,-1,-1,-1
327,4,450,1182,50,50,1,-1,-1,-1
327,5,595,1197,50,50,1,-1,-1,-1
328,1,451,692,50,50,1,-1,-1,-1
328,3,552,746,50,50,1,-1,-1,-1
328,4,456,1226,50,50,1,-1,-1,-1
328,5,587,1143,50,50,1,-1,-1,-1
329,1,445,705,50,50,1,-1,-1,-1
329,3,559,717,50,50,1,-1,-1,-1
329,4,458,1274,50,50,1,-1,-1,-1
329,5,593,1104,50,50,1,-1,-1,-1
330,1,439,723,50,50,1,-1,-1,-1
330,3,567,694,50,50,1,-1,-1,-1
330,4,461,1300,50,50,1,-1,-1,-1
330,5,618,1103,50,50,1,-1,-1,-1
331,1,432,747,50,50,1,-1,-1,-1
331,3,575,676,50,50,1,-1,-1,-1
331,4,470,1298,50,50,1,-1,-1,-1
331,5,641,1060,50,50,1,-1,-1,-1
332,1,426,775,50,50,1,-1,-1,-1
332,3,583,663,50,50,1,-1,-1,-1
332,4,482,1270,50,50,1,-1,-1,-1
332,5,656,1094,50,50,1,-1,-1,-1
333,1,420,810,50,50,1,-1,-1,-1
333,3,524,841,50,50,1,-1,-1,-1
333,4,488,1218,50,50,1,-1,-1,-1
333,5,665,1130,50,50,1,-1,-1,-1
334,1,415,849,50,50,1,-1,-1,-1
334,3,513,802,50,50,1,-1,-1,-1
334,4,491,1156,50,50,1,-1,-1,-1
334,5,666,1165,50,50,1,-1,-1,-1
335,1,409,894,50,50,1,-1,-1,-1
335,3,607,655,50,50,1,-1,-1,-1
335,4,496,1088,50,50,1,-1,-1,-1
335,5,662,1204,50,50,1,-1,-1,-1
336,1,403,946,50,50,1,-1,-1,-1
336,3,614,662,50,50,1,-1,-1,-1
336,4,457,1096,50,50,1,-1,-1,-1
336,5,650,1254,50,50,1,-1,-1,-1
337,1,399,1003,50,50,1,-1,-1,-1
337,3,624,672,50,50,1,-1,-1,-1
337,4,515,925,50,50,1,-1,-1,-1
337,5,647,1289,50,50,1,-1,-1,-1
338,1,397,1107,50,50,1,-1,-1,-1
338,3,632,690,50,50,1,-1,-1,-1
338,4,473,701,50,50,1,-1,-1,-1
338,5,634,1289,50,50,1,-1,-1,-1
339,1,390,1149,50,50,1,-1,-1,-1
339,3,641,712,50,50,1,-1,-1,-1
339,4,462,690,50,50,1,-1,-1,-1
339,5,625,1273,50,50,1,-1,-1,-1
340,1,390,1189,50,50,1,-1,-1,-1
340,3,651,739,50,50,1,-1,-1,-1
340,4,453,684,50,50,1,-1,-1,-1
340,5,614,1226,50,50,1,-1,-1,-1
341,1,397,1230,50,50,1,-1,-1,-1
341,3,661,771,50,50,1,-1,-1,-1
341,4,445,683,50,50,1,-1,-1,-1
341,5,607,1165,50,50,1,-1,-1,-1
342,1,412,1270,50,50,1,-1,-1,-1
342,3,670,809,50,50,1,-1,-1,-1
342,4,435,685,50,50,1,-1,-1,-1
342,5,604,1116,50,50,1,-1,-1,-1
343,1,424,1298,50,50,1,-1,-1,-1
343,3,681,851,50,50,1,-1,-1,-1
343,4,426,693,50,50,1,-1,-1,-1
343,5,550,694,50,50,1,-1,-1,-1
344,1,438,1313,50,50,1,-1,-1,-1
344,3,693,900,50,50,1,-1,-1,-1
344,4,418,708,50,50,1,-1,-1,-1
344,5,556,672,50,50,1,-1,-1,-1
345,1,448,1310,50,50,1,-1,-1,-1
345,3,702,953,50,50,1,-1,-1,-1
345,4,408,727,50,50,1,-1,-1,-1
345,5,563,657,50,50,1,-1,-1,-1
346,1,462,1283,50,50,1,-1,-1,-1
346,3,702,1076,50,50,1,-1,-1,-1
346,4,399,750,50,50,1,-1,-1,-1
346,5,569,645,50,50,1,-1,-1,-1
347,1,471,1229,50,50,1,-1,-1,-1
347,3,709,1114,50,50,1,-1,-1,-1
347,4,390,780,50,50,1,-1,-1,-1
347,5,575,639,50,50,1,-1,-1,-1
348,1,473,1166,50,50,1,-1,-1,-1
348,3,711,1150,50,50,1,-1,-1,-1
348,4,383,815,50,50,1,-1,-1,-1
348,5,583,638,50,50,1,-1,-1,-1
349,1,434,1112,50,50,1,-1,-1,-1
349,3,698,1219,50,50,1,-1,-1,-1
349,4,366,898,50,50,1,-1,-1,-1
349,5,518,751,50,50,1,-1,-1,-1
350,1,406,1109,50,50,1,-1,-1,-1
350,3,675,1259,50,50,1,-1,-1,-1
350,4,358,948,50,50,1,-1,-1,-1
350,5,499,942,50,50,1,-1,-1,-1
351,1,377,1118,50,50,1,-1,-1,-1
351,3,651,1286,50,50,1,-1,-1,-1
351,4,349,1003,50,50,1,-1,-1,-1
351,5,512,893,50,50,1,-1,-1,-1
352,1,352,1107,50,50,1,-1,-1,-1
352,3,637,1288,50,50,1,-1,-1,-1
352,4,620,709,50,50,1,-1,-1,-1
352,5,521,844,50,50,1,-1,-1,-1
353,1,347,1148,50,50,1,-1,-1,-1
353,3,615,1269,50,50,1,-1,-1,-1
353,4,628,739,50,50,1,-1,-1,-1
353,5,529,801,50,50,1,-1,-1,-1
354,1,352,1187,50,50,1,-1,-1,-1
354,3,606,1226,50,50,1,-1,-1,-1
354,4,636,773,50,50,1,-1,-1,-1
354,5,538,764,50,50,1,-1,-1,-1
355,1,364,1221,50,50,1,-1,-1,-1
355,3,597,1166,50,50,1,-1,-1,-1
355,4,645,813,50,50,1,-1,-1,-1
355,5,547,731,50,50,1,-1,-1,-1
356,1,379,1257,50,50,1,-1,-1,-1
356,3,598,1121,50,50,1,-1,-1,-1
356,4,654,859,50,50,1,-1,-1,-1
356,5,556,706,50,50,1,-1,-1,-1
357,1,409,1292,50,50,1,-1,-1,-1
357,3,626,1115,50,50,1,-1,-1,-1
357,4,662,911,50,50,1,-1,-1,-1
357,5,453,763,50,50,1,-1,-1,-1
358,1,437,1308,50,50,1,-1,-1,-1
358,3,649,1099,50,50,1,-1,-1,-1
358,4,673,968,50,50,1,-1,-1,-1
358,5,446,787,50,50,1,-1,-1,-1
359,1,458,1299,50,50,1,-1,-1,-1
359,3,676,1076,50,50,1,-1,-1,-1
359,4,557,915,50,50,1,-1,-1,-1
359,5,439,817,50,50,1,-1,-1,-1
360,1,591,649,50,50,1,-1,-1,-1
360,3,684,1113,50,50,1,-1,-1,-1
360,4,546,876,50,50,1,-1,-1,-1
360,5,431,851,50,50,1,-1,-1,-1
361,1,601,647,50,50,1,-1,-1,-1
361,3,692,1149,50,50,1,-1,-1,-1
361,4,536,837,50,50,1,-1,-1,-1
361,5,424,892,50,50,1,-1,-1,-1
362,1,611,650,50,50,1,-1,-1,-1
362,3,688,1187,50,50,1,-1,-1,-1
362,4,527,805,50,50,1,-1,-1,-1
362,5,418,940,50,50,1,-1,-1,-1
363,1,488,1050,50,50,1,-1,-1,-1
363,3,678,1231,50,50,1,-1,-1,-1
363,4,518,777,50,50,1,-1,-1,-1
363,5,411,992,50,50,1,-1,-1,-1
364,1,487,990,50,50,1,-1,-1,-1
364,3,659,1271,50,50,1,-1,-1,-1
364,4,510,756,50,50,1,-1,-1,-1
364,5,415,1095,50,50,1,-1,-1,-1
365,1,640,690,50,50,1,-1,-1,-1
365,3,644,1283,50,50,1,-1,-1,-1
365,4,502,740,50,50,1,-1,-1,-1
365,5,397,1140,50,50,1,-1,-1,-1
366,1,651,713,50,50,1,-1,-1,-1
366,3,634,1274,50,50,1,-1,-1,-1
366,4,500,881,50,50,1,-1,-1,-1
366,5,383,1188,50,50,1,-1,-1,-1
367,1,505,836,50,50,1,-1,-1,-1
367,3,625,1238,50,50,1,-1,-1,-1
367,4,662,741,50,50,1,-1,-1,-1
367,5,379,1233,50,50,1,-1,-1,-1
368,1,510,796,50,50,1,-1,-1,-1
368,3,617,1181,50,50,1,-1,-1,-1
368,4,672,774,50,50,1,-1,-1,-1
368,5,385,1268,50,50,1,-1,-1,-1
369,1,495,747,50,50,1,-1,-1,-1
369,3,612,1134,50,50,1,-1,-1,-1
369,4,684,812,50,50,1,-1,-1,-1
369,5,402,1299,50,50,1,-1,-1,-1
370,1,492,734,50,50,1,-1,-1,-1
370,4,694,855,50,50,1,-1,-1,-1
370,5,418,1321,50,50,1,-1,-1,-1
371,1,524,708,50,50,1,-1,-1,-1
371,3,591,980,50,50,1,-1,-1,-1
371,4,706,903,50,50,1,-1,-1,-1
371,5,432,1329,50,50,1,-1,-1,-1
372,1,447,770,50,50,1,-1,-1,-1
372,3,577,925,50,50,1,-1,-1,-1
372,4,717,958,50,50,1,-1,-1,-1
372,5,444,1327,50,50,1,-1,-1,-1
373,1,439,795,50,50,1,-1,-1,-1
373,3,562,881,50,50,1,-1,-1,-1
373,4,534,677,50,50,1,-1,-1,-1
373,5,457,1309,50,50,1,-1,-1,-1
374,1,433,826,50,50,1,-1,-1,-1
374,3,550,839,50,50,1,-1,-1,-1
374,4,726,1115,50,50,1,-1,-1,-1
374,5,467,1266,50,50,1,-1,-1,-1
375,1,425,863,50,50,1,-1,-1,-1
375,3,538,804,50,50,1,-1,-1,-1
375,4,726,1144,50,50,1,-1,-1,-1
375,5,471,1201,50,50,1,-1,-1,-1
376,1,418,904,50,50,1,-1,-1,-1
376,3,528,774,50,50,1,-1,-1,-1
376,4,721,1173,50,50,1,-1,-1,-1
376,5,471,1149,50,50,1,-1,-1,-1
377,1,407,1004,50,50,1,-1,-1,-1
377,3,563,685,50,50,1,-1,-1,-1
377,4,681,1247,50,50,1,-1,-1,-1
377,5,422,1125,50,50,1,-1,-1,-1
378,1,398,1107,50,50,1,-1,-1,-1
378,3,569,703,50,50,1,-1,-1,-1
378,4,648,1286,50,50,1,-1,-1,-1
378,5,494,931,50,50,1,-1,-1,-1
379,1,388,1147,50,50,1,-1,-1,-1
379,3,575,724,50,50,1,-1,-1,-1
379,4,620,1298,50,50,1,-1,-1,-1
379,5,488,704,50,50,1,-1,-1,-1
380,1,385,1186,50,50,1,-1,-1,-1
380,3,582,753,50,50,1,-1,-1,-1
380,4,596,1285,50,50,1,-1,-1,-1
380,5,478,701,50,50,1,-1,-1,-1
381,1,389,1227,50,50,1,-1,-1,-1
381,3,588,786,50,50,1,-1,-1,-1
381,4,581,1248,50,50,1,-1,-1,-1
381,5,516,805,50,50,1,-1,-1,-1
382,1,404,1267,50,50,1,-1,-1,-1
382,3,596,824,50,50,1,-1,-1,-1
382,4,564,1184,50,50,1,-1,-1,-1
382,5,523,772,50,50,1,-1,-1,-1
383,1,421,1297,50,50,1,-1,-1,-1
383,3,604,868,50,50,1,-1,-1,-1
383,4,562,1134,50,50,1,-1,-1,-1
383,5,530,745,50,50,1,-1,-1,-1
384,1,429,1317,50,50,1,-1,-1,-1
384,3,612,917,50,50,1,-1,-1,-1
384,4,583,1121,50,50,1,-1,-1,-1
384,5,536,723,50,50,1,-1,-1,-1
385,1,442,1315,50,50,1,-1,-1,-1
385,3,620,974,50,50,1,-1,-1,-1
385,4,606,1110,50,50,1,-1,-1,-1
385,5,543,706,50,50,1,-1,-1,-1
386,1,456,1295,50,50,1,-1,-1,-1
386,3,522,906,50,50,1,-1,-1,-1
386,4,628,1085,50,50,1,-1,-1,-1
386,5,423,786,50,50,1,-1,-1,-1
387,1,463,1246,50,50,1,-1,-1,-1
387,3,415,819,50,50,1,-1,-1,-1
387,4,640,1121,50,50,1,-1,-1,-1
387,5,515,859,50,50,1,-1,-1,-1
388,1,464,1181,50,50,1,-1,-1,-1
388,3,406,857,50,50,1,-1,-1,-1
388,4,643,1159,50,50,1,-1,-1,-1
388,5,505,813,50,50,1,-1,-1,-1
389,1,457,1132,50,50,1,-1,-1,-1
389,3,397,901,50,50,1,-1,-1,-1
389,4,643,1191,50,50,1,-1,-1,-1
389,5,498,772,50,50,1,-1,-1,-1
390,1,581,697,50,50,1,-1,-1,-1
390,3,389,949,50,50,1,-1,-1,-1
390,4,631,1227,50,50,1,-1,-1,-1
390,5,490,737,50,50,1,-1,-1,-1
391,1,588,709,50,50,1,-1,-1,-1
391,3,485,975,50,50,1,-1,-1,-1
391,4,620,1266,50,50,1,-1,-1,-1
391,5,482,706,50,50,1,-1,-1,-1
392,1,597,729,50,50,1,-1,-1,-1
392,3,379,1101,50,50,1,-1,-1,-1
392,4,608,1283,50,50,1,-1,-1,-1
392,5,473,682,50,50,1,-1,-1,-1
393,1,605,754,50,50,1,-1,-1,-1
393,3,358,1143,50,50,1,-1,-1,-1
393,4,602,1282,50,50,1,-1,-1,-1
393,5,465,662,50,50,1,-1,-1,-1
394,1,614,781,50,50,1,-1,-1,-1
394,3,350,1188,50,50,1,-1,-1,-1
394,4,589,1260,50,50,1,-1,-1,-1
394,5,458,648,50,50,1,-1,-1,-1
395,1,623,816,50,50,1,-1,-1,-1
395,3,524,798,50,50,1,-1,-1,-1
395,4,581,1208,50,50,1,-1,-1,-1
395,5,449,640,50,50,1,-1,-1,-1
396,1,632,855,50,50,1,-1,-1,-1
396,3,533,767,50,50,1,-1,-1,-1
396,4,573,1150,50,50,1,-1,-1,-1
396,5,443,636,50,50,1,-1,-1,-1
397,1,642,901,50,50,1,-1,-1,-1
397,3,542,741,50,50,1,-1,-1,-1
397,4,582,1116,50,50,1,-1,-1,-1
397,5,435,637,50,50,1,-1,-1,-1
398,1,651,953,50,50,1,-1,-1,-1
398,3,550,721,50,50,1,-1,-1,-1
398,4,612,1112,50,50,1,-1,-1,-1
398,5,430,643,50,50,1,-1,-1,-1
399,1,662,1010,50,50,1,-1,-1,-1
399,3,559,706,50,50,1,-1,-1,-1
399,4,642,1109,50,50,1,-1,-1,-1
399,5,423,657,50,50,1,-1,-1,-1
400,1,530,891,50,50,1,-1,-1,-1
400,3,567,696,50,50,1,-1,-1,-1
400,4,670,1101,50,50,1,-1,-1,-1
400,5,416,674,50,50,1,-1,-1,-1
401,1,523,847,50,50,1,-1,-1,-1
401,3,576,690,50,50,1,-1,-1,-1
401,4,681,1140,50,50,1,-1,-1,-1
401,5,410,697,50,50,1,-1,-1,-1
402,1,515,807,50,50,1,-1,-1,-1
402,3,463,1226,50,50,1,-1,-1,-1
402,4,682,1175,50,50,1,-1,-1,-1
402,5,403,726,50,50,1,-1,-1,-1
403,1,508,773,50,50,1,-1,-1,-1
403,3,466,1161,50,50,1,-1,-1,-1
403,4,676,1209,50,50,1,-1,-1,-1
403,5,397,759,50,50,1,-1,-1,-1
404,1,501,744,50,50,1,-1,-1,-1
404,3,606,704,50,50,1,-1,-1,-1
404,4,662,1249,50,50,1,-1,-1,-1
404,5,390,799,50,50,1,-1,-1,-1
405,1,494,720,50,50,1,-1,-1,-1
405,3,616,719,50,50,1,-1,-1,-1
405,4,648,1281,50,50,1,-1,-1,-1
405,5,383,844,50,50,1,-1,-1,-1
406,1,480,688,50,50,1,-1,-1,-1
406,3,502,880,50,50,1,-1,-1,-1
406,4,622,1275,50,50,1,-1,-1,-1
406,5,372,951,50,50,1,-1,-1,-1
407,1,474,681,50,50,1,-1,-1,-1
407,3,362,1059,50,50,1,-1,-1,-1
407,4,605,1233,50,50,1,-1,-1,-1
407,5,510,829,50,50,1,-1,-1,-1
408,1,468,680,50,50,1,-1,-1,-1
408,3,352,1098,50,50,1,-1,-1,-1
408,4,596,1171,50,50,1,-1,-1,-1
408,5,659,834,50,50,1,-1,-1,-1
409,1,463,681,50,50,1,-1,-1,-1
409,3,526,743,50,50,1,-1,-1,-1
409,4,593,1123,50,50,1,-1,-1,-1
409,5,670,877,50,50,1,-1,-1,-1
410,1,456,689,50,50,1,-1,-1,-1
410,3,534,709,50,50,1,-1,-1,-1
410,4,617,1113,50,50,1,-1,-1,-1
410,5,683,925,50,50,1,-1,-1,-1
411,1,449,702,50,50,1,-1,-1,-1
411,3,541,680,50,50,1,-1,-1,-1
411,4,651,1105,50,50,1,-1,-1,-1
411,5,696,978,50,50,1,-1,-1,-1
412,1,443,721,50,50,1,-1,-1,-1
412,3,550,656,50,50,1,-1,-1,-1
412,4,692,1093,50,50,1,-1,-1,-1
412,5,554,916,50,50,1,-1,-1,-1
413,1,439,744,50,50,1,-1,-1,-1
413,3,559,637,50,50,1,-1,-1,-1
413,4,702,1133,50,50,1,-1,-1,-1
413,5,542,876,50,50,1,-1,-1,-1
414,1,433,774,50,50,1,-1,-1,-1
414,3,568,623,50,50,1,-1,-1,-1
414,4,707,1166,50,50,1,-1,-1,-1
414,5,532,836,50,50,1,-1,-1,-1
415,1,427,809,50,50,1,-1,-1,-1
415,3,576,614,50,50,1,-1,-1,-1
415,4,713,1194,50,50,1,-1,-1,-1
415,5,522,802,50,50,1,-1,-1,-1
416,1,421,849,50,50,1,-1,-1,-1
416,3,585,611,50,50,1,-1,-1,-1
416,4,698,1218,50,50,1,-1,-1,-1
416,5,514,774,50,50,1,-1,-1,-1
417,1,416,896,50,50,1,-1,-1,-1
417,3,594,612,50,50,1,-1,-1,-1
417,4,676,1255,50,50,1,-1,-1,-1
417,5,505,752,50,50,1,-1,-1,-1
418,1,412,949,50,50,1,-1,-1,-1
418,3,603,619,50,50,1,-1,-1,-1
418,4,654,1282,50,50,1,-1,-1,-1
418,5,497,734,50,50,1,-1,-1,-1
419,1,407,1006,50,50,1,-1,-1,-1
419,3,613,632,50,50,1,-1,-1,-1
419,4,639,1301,50,50,1,-1,-1,-1
419,5,488,722,50,50,1,-1,-1,-1
420,1,401,1106,50,50,1,-1,-1,-1
420,3,623,650,50,50,1,-1,-1,-1
420,4,621,1296,50,50,1,-1,-1,-1
420,5,496,920,50,50,1,-1,-1,-1
421,1,391,1152,50,50,1,-1,-1,-1
421,3,633,673,50,50,1,-1,-1,-1
421,4,608,1276,50,50,1,-1,-1,-1
421,5,504,871,50,50,1,-1,-1,-1
422,1,391,1200,50,50,1,-1,-1,-1
422,3,643,700,50,50,1,-1,-1,-1
422,4,596,1224,50,50,1,-1,-1,-1
422,5,510,823,50,50,1,-1,-1,-1
423,1,398,1246,50,50,1,-1,-1,-1
423,3,654,733,50,50,1,-1,-1,-1
423,4,588,1163,50,50,1,-1,-1,-1
423,5,518,780,50,50,1,-1,-1,-1
424,1,416,1290,50,50,1,-1,-1,-1
424,3,665,773,50,50,1,-1,-1,-1
424,4,586,1115,50,50,1,-1,-1,-1
424,5,526,743,50,50,1,-1,-1,-1
425,1,426,1317,50,50,1,-1,-1,-1
425,3,676,818,50,50,1,-1,-1,-1
425,4,614,1099,50,50,1,-1,-1,-1
425,5,533,711,50,50,1,-1,-1,-1
426,1,442,1318,50,50,1,-1,-1,-1
426,3,689,867,50,50,1,-1,-1,-1
426,4,433,784,50,50,1,-1,-1,-1
426,5,540,685,50,50,1,-1,-1,-1
427,1,451,1303,50,50,1,-1,-1,-1
427,3,701,924,50,50,1,-1,-1,-1
427,4,538,889,50,50,1,-1,-1,-1
427,5,425,815,50,50,1,-1,-1,-1
428,1,461,1260,50,50,1,-1,-1,-1
428,3,702,1060,50,50,1,-1,-1,-1
428,4,527,839,50,50,1,-1,-1,-1
428,5,420,849,50,50,1,-1,-1,-1
429,1,460,1190,50,50,1,-1,-1,-1
429,3,709,1094,50,50,1,-1,-1,-1
429,4,517,796,50,50,1,-1,-1,-1
429,5,411,890,50,50,1,-1,-1,-1
430,1,459,1139,50,50,1,-1,-1,-1
430,3,709,1123,50,50,1,-1,-1,-1
430,4,508,758,50,50,1,-1,-1,-1
430,5,405,937,50,50,1,-1,-1,-1
431,1,430,1141,50,50,1,-1,-1,-1
431,3,704,1154,50,50,1,-1,-1,-1
431,4,499,726,50,50,1,-1,-1,-1
431,5,400,991,50,50,1,-1,-1,-1
432,1,407,1150,50,50,1,-1,-1,-1
432,3,692,1189,50,50,1,-1,-1,-1
432,4,489,699,50,50,1,-1,-1,-1
432,5,392,1050,50,50,1,-1,-1,-1
433,1,378,1200,50,50,1,-1,-1,-1
433,3,647,1271,50,50,1,-1,-1,-1
433,4,471,664,50,50,1,-1,-1,-1
433,5,491,860,50,50,1,-1,-1,-1
434,1,377,1246,50,50,1,-1,-1,-1
434,3,633,1281,50,50,1,-1,-1,-1
434,4,462,653,50,50,1,-1,-1,-1
434,5,615,682,50,50,1,-1,-1,-1
435,1,384,1277,50,50,1,-1,-1,-1
435,3,608,1262,50,50,1,-1,-1,-1
435,4,455,649,50,50,1,-1,-1,-1
435,5,625,707,50,50,1,-1,-1,-1
436,1,403,1303,50,50,1,-1,-1,-1
436,3,599,1210,50,50,1,-1,-1,-1
436,4,447,649,50,50,1,-1,-1,-1
436,5,634,739,50,50,1,-1,-1,-1
437,1,417,1324,50,50,1,-1,-1,-1
437,3,590,1148,50,50,1,-1,-1,-1
437,4,440,654,50,50,1,-1,-1,-1
437,5,644,775,50,50,1,-1,-1,-1
438,1,430,1329,50,50,1,-1,-1,-1
438,3,592,1103,50,50,1,-1,-1,-1
438,4,433,663,50,50,1,-1,-1,-1
438,5,655,818,50,50,1,-1,-1,-1
439,1,440,1331,50,50,1,-1,-1,-1
439,3,619,1092,50,50,1,-1,-1,-1
439,4,424,681,50,50,1,-1,-1,-1
439,5,665,866,50,50,1,-1,-1,-1
440,1,444,1322,50,50,1,-1,-1,-1
440,3,650,1090,50,50,1,-1,-1,-1
440,4,416,700,50,50,1,-1,-1,-1
440,5,676,921,50,50,1,-1,-1,-1
441,1,451,1288,50,50,1,-1,-1,-1
441,3,674,1103,50,50,1,-1,-1,-1
441,4,410,726,50,50,1,-1,-1,-1
441,5,689,982,50,50,1,-1,-1,-1
442,1,452,1225,50,50,1,-1,-1,-1
442,3,693,1097,50,50,1,-1,-1,-1
442,4,403,758,50,50,1,-1,-1,-1
442,5,518,830,50,50,1,-1,-1,-1
443,1,451,1162,50,50,1,-1,-1,-1
443,3,701,1135,50,50,1,-1,-1,-1
443,4,396,794,50,50,1,-1,-1,-1
443,5,552,643,50,50,1,-1,-1,-1
444,1,447,1108,50,50,1,-1,-1,-1
444,3,696,1169,50,50,1,-1,-1,-1
444,4,388,836,50,50,1,-1,-1,-1
444,5,559,648,50,50,1,-1,-1,-1
445,1,460,1005,50,50,1,-1,-1,-1
445,3,681,1201,50,50,1,-1,-1,-1
445,4,382,883,50,50,1,-1,-1,-1
445,5,484,719,50,50,1,-1,-1,-1
446,1,466,942,50,50,1,-1,-1,-1
446,3,656,1241,50,50,1,-1,-1,-1
446,4,376,935,50,50,1,-1,-1,-1
446,5,574,679,50,50,1,-1,-1,-1
447,1,470,888,50,50,1,-1,-1,-1
447,3,627,1271,50,50,1,-1,-1,-1
447,4,368,995,50,50,1,-1,-1,-1
447,5,582,701,50,50,1,-1,-1,-1
448,1,475,838,50,50,1,-1,-1,-1
448,3,603,1275,50,50,1,-1,-1,-1
448,4,363,1096,50,50,1,-1,-1,-1
448,5,590,729,50,50,1,-1,-1,-1
449,1,480,797,50,50,1,-1,-1,-1
449,3,588,1257,50,50,1,-1,-1,-1
449,4,356,1135,50,50,1,-1,-1,-1
449,5,598,763,50,50,1,-1,-1,-1
450,1,485,759,50,50,1,-1,-1,-1
450,3,580,1209,50,50,1,-1,-1,-1
450,4,360,1178,50,50,1,-1,-1,-1
450,5,606,803,50,50,1,-1,-1,-1
451,1,489,726,50,50,1,-1,-1,-1
451,3,567,1150,50,50,1,-1,-1,-1
451,4,366,1213,50,50,1,-1,-1,-1
451,5,615,847,50,50,1,-1,-1,-1
452,1,494,699,50,50,1,-1,-1,-1
452,3,572,1115,50,50,1,-1,-1,-1
452,4,380,1253,50,50,1,-1,-1,-1
452,5,625,898,50,50,1,-1,-1,-1
453,1,500,678,50,50,1,-1,-1,-1
453,3,591,1103,50,50,1,-1,-1,-1
453,4,403,1288,50,50,1,-1,-1,-1
453,5,635,956,50,50,1,-1,-1,-1
454,1,506,663,50,50,1,-1,-1,-1
454,3,629,1066,50,50,1,-1,-1,-1
454,5,390,683,50,50,1,-1,-1,-1
455,1,381,706,50,50,1,-1,-1,-1
455,3,643,1112,50,50,1,-1,-1,-1
455,4,534,892,50,50,1,-1,-1,-1
456,1,370,734,50,50,1,-1,-1,-1
456,3,648,1149,50,50,1,-1,-1,-1
456,4,529,849,50,50,1,-1,-1,-1
456,5,516,646,50,50,1,-1,-1,-1
457,1,360,767,50,50,1,-1,-1,-1
457,3,651,1182,50,50,1,-1,-1,-1
457,4,521,646,50,50,1,-1,-1,-1
457,5,522,810,50,50,1,-1,-1,-1
458,1,351,808,50,50,1,-1,-1,-1
458,3,653,1214,50,50,1,-1,-1,-1
458,4,518,777,50,50,1,-1,-1,-1
459,1,342,854,50,50,1,-1,-1,-1
459,3,636,1250,50,50,1,-1,-1,-1
459,4,513,749,50,50,1,-1,-1,-1
459,5,533,659,50,50,1,-1,-1,-1
460,1,331,904,50,50,1,-1,-1,-1
460,3,614,1276,50,50,1,-1,-1,-1
460,4,540,674,50,50,1,-1,-1,-1
460,5,508,726,50,50,1,-1,-1,-1
461,3,601,1286,50,50,1,-1,-1,-1
461,4,525,700,50,50,1,-1,-1,-1
462,1,560,746,50,50,1,-1,-1,-1
462,3,580,1263,50,50,1,-1,-1,-1
462,4,500,823,50,50,1,-1,-1,-1
463,1,539,784,50,50,1,-1,-1,-1
463,3,572,1221,50,50,1,-1,-1,-1
464,1,519,758,50,50,1,-1,-1,-1
464,3,562,1162,50,50,1,-1,-1,-1
464,4,576,821,50,50,1,-1,-1,-1
465,1,481,704,50,50,1,-1,-1,-1
465,3,527,732,50,50,1,-1,-1,-1
465,4,583,869,50,50,1,-1,-1,-1
466,1,477,718,50,50,1,-1,-1,-1
466,3,589,917,50,50,1,-1,-1,-1
466,4,536,713,50,50,1,-1,-1,-1
467,1,472,738,50,50,1,-1,-1,-1
467,3,593,1104,50,50,1,-1,-1,-1
467,4,546,700,50,50,1,-1,-1,-1
468,1,467,762,50,50,1,-1,-1,-1
468,3,423,1306,50,50,1,-1,-1,-1
468,4,555,692,50,50,1,-1,-1,-1
469,1,465,791,50,50,1,-1,-1,-1
469,3,609,1123,50,50,1,-1,-1,-1
469,4,523,876,50,50,1,-1,-1,-1
470,1,488,832,50,50,1,-1,-1,-1
470,4,612,1163,50,50,1,-1,-1,-1
471,1,459,865,50,50,1,-1,-1,-1
471,3,508,809,50,50,1,-1,-1,-1
471,4,612,1204,50,50,1,-1,-1,-1
472,1,456,911,50,50,1,-1,-1,-1
472,3,594,705,50,50,1,-1,-1,-1
472,4,613,1258,50,50,1,-1,-1,-1
473,1,468,993,50,50,1,-1,-1,-1
473,3,497,764,50,50,1,-1,-1,-1
473,4,613,1286,50,50,1,-1,-1,-1
474,1,446,1134,50,50,1,-1,-1,-1
474,3,614,742,50,50,1,-1,-1,-1
474,4,610,1287,50,50,1,-1,-1,-1
475,1,447,1122,50,50,1,-1,-1,-1
475,3,626,767,50,50,1,-1,-1,-1
475,4,603,1265,50,50,1,-1,-1,-1
476,1,448,1165,50,50,1,-1,-1,-1
476,3,636,799,50,50,1,-1,-1,-1
476,4,594,1213,50,50,1,-1,-1,-1
477,1,450,1202,50,50,1,-1,-1,-1
477,3,647,834,50,50,1,-1,-1,-1
477,4,589,1157,50,50,1,-1,-1,-1
478,1,455,1247,50,50,1,-1,-1,-1
478,3,657,875,50,50,1,-1,-1,-1
478,4,594,1112,50,50,1,-1,-1,-1
479,1,460,1282,50,50,1,-1,-1,-1
479,3,670,922,50,50,1,-1,-1,-1
479,4,629,1116,50,50,1,-1,-1,-1
480,1,461,1308,50,50,1,-1,-1,-1
480,3,682,973,50,50,1,-1,-1,-1
480,4,661,1109,50,50,1,-1,-1,-1
481,1,465,1304,50,50,1,-1,-1,-1
481,3,552,912,50,50,1,-1,-1,-1
481,4,694,1083,50,50,1,-1,-1,-1
482,1,478,1275,50,50,1,-1,-1,-1
482,3,450,821,50,50,1,-1,-1,-1
482,4,707,1119,50,50,1,-1,-1,-1
483,1,484,1227,50,50,1,-1,-1,-1
483,3,446,852,50,50,1,-1,-1,-1
483,4,708,1152,50,50,1,-1,-1,-1
484,1,484,1170,50,50,1,-1,-1,-1
484,3,439,889,50,50,1,-1,-1,-1
484,4,705,1180,50,50,1,-1,-1,-1
485,1,482,1126,50,50,1,-1,-1,-1
485,3,435,931,50,50,1,-1,-1,-1
485,4,695,1212,50,50,1,-1,-1,-1
486,1,465,1130,50,50,1,-1,-1,-1
486,3,432,978,50,50,1,-1,-1,-1
486,4,677,1250,50,50,1,-1,-1,-1
487,1,446,1134,50,50,1,-1,-1,-1
487,3,428,1030,50,50,1,-1,-1,-1
487,4,656,1279,50,50,1,-1,-1,-1
488,1,427,1122,50,50,1,-1,-1,-1
488,3,512,905,50,50,1,-1,-1,-1
488,4,642,1283,50,50,1,-1,-1,-1
489,1,424,1196,50,50,1,-1,-1,-1
489,3,657,701,50,50,1,-1,-1,-1
489,4,618,1217,50,50,1,-1,-1,-1
490,1,430,1233,50,50,1,-1,-1,-1
490,3,669,727,50,50,1,-1,-1,-1
490,4,608,1158,50,50,1,-1,-1,-1
491,1,439,1270,50,50,1,-1,-1,-1
491,3,679,757,50,50,1,-1,-1,-1
491,4,608,1112,50,50,1,-1,-1,-1
492,1,449,1300,50,50,1,-1,-1,-1
492,3,692,793,50,50,1,-1,-1,-1
492,4,639,1103,50,50,1,-1,-1,-1
493,1,455,1310,50,50,1,-1,-1,-1
493,3,705,836,50,50,1,-1,-1,-1
493,4,667,1085,50,50,1,-1,-1,-1
494,1,468,1295,50,50,1,-1,-1,-1
494,3,717,882,50,50,1,-1,-1,-1
494,4,694,1086,50,50,1,-1,-1,-1
495,1,442,848,50,50,1,-1,-1,-1
495,3,730,933,50,50,1,-1,-1,-1
495,4,546,886,50,50,1,-1,-1,-1
496,1,481,1195,50,50,1,-1,-1,-1
496,3,534,851,50,50,1,-1,-1,-1
496,4,436,886,50,50,1,-1,-1,-1
497,1,484,1141,50,50,1,-1,-1,-1
497,3,525,822,50,50,1,-1,-1,-1
497,4,430,929,50,50,1,-1,-1,-1
498,1,481,1103,50,50,1,-1,-1,-1
498,3,514,799,50,50,1,-1,-1,-1
498,4,425,980,50,50,1,-1,-1,-1
499,1,434,1091,50,50,1,-1,-1,-1
499,3,504,780,50,50,1,-1,-1,-1
499,4,713,1144,50,50,1,-1,-1,-1
500,1,415,1128,50,50,1,-1,-1,-1
500,3,495,767,50,50,1,-1,-1,-1
500,4,700,1181,50,50,1,-1,-1,-1
501,1,402,1171,50,50,1,-1,-1,-1
501,3,602,736,50,50,1,-1,-1,-1
501,4,679,1230,50,50,1,-1,-1,-1
502,1,401,1205,50,50,1,-1,-1,-1
502,3,610,762,50,50,1,-1,-1,-1
502,4,651,1267,50,50,1,-1,-1,-1
503,1,407,1238,50,50,1,-1,-1,-1
503,3,556,786,50,50,1,-1,-1,-1
503,4,632,1263,50,50,1,-1,-1,-1
504,1,421,1272,50,50,1,-1,-1,-1
504,3,458,766,50,50,1,-1,-1,-1
504,4,611,1231,50,50,1,-1,-1,-1
505,1,434,1304,50,50,1,-1,-1,-1
505,3,448,779,50,50,1,-1,-1,-1
505,4,596,1175,50,50,1,-1,-1,-1
506,1,443,1322,50,50,1,-1,-1,-1
506,3,438,796,50,50,1,-1,-1,-1
506,4,644,917,50,50,1,-1,-1,-1
507,1,454,1313,50,50,1,-1,-1,-1
507,3,429,818,50,50,1,-1,-1,-1
507,4,595,680,50,50,1,-1,-1,-1
508,1,467,1289,50,50,1,-1,-1,-1
508,3,420,848,50,50,1,-1,-1,-1
508,4,606,665,50,50,1,-1,-1,-1
509,1,474,1236,50,50,1,-1,-1,-1
509,3,412,881,50,50,1,-1,-1,-1
509,4,616,656,50,50,1,-1,-1,-1
510,1,474,1170,50,50,1,-1,-1,-1
510,3,403,919,50,50,1,-1,-1,-1
510,4,626,653,50,50,1,-1,-1,-1
511,1,468,1119,50,50,1,-1,-1,-1
511,3,396,965,50,50,1,-1,-1,-1
511,4,637,653,50,50,1,-1,-1,-1
512,1,488,1015,50,50,1,-1,-1,-1
512,3,387,1016,50,50,1,-1,-1,-1
512,4,538,767,50,50,1,-1,-1,-1
513,1,493,943,50,50,1,-1,-1,-1
513,3,389,1121,50,50,1,-1,-1,-1
513,4,529,733,50,50,1,-1,-1,-1
514,1,503,890,50,50,1,-1,-1,-1
514,3,373,1167,50,50,1,-1,-1,-1
514,4,522,704,50,50,1,-1,-1,-1
515,1,509,839,50,50,1,-1,-1,-1
515,3,369,1214,50,50,1,-1,-1,-1
515,4,515,681,50,50,1,-1,-1,-1
516,1,514,793,50,50,1,-1,-1,-1
516,3,373,1254,50,50,1,-1,-1,-1
516,4,507,663,50,50,1,-1,-1,-1
517,1,521,752,50,50,1,-1,-1,-1
517,3,382,1282,50,50,1,-1,-1,-1
517,4,501,650,50,50,1,-1,-1,-1
518,1,532,686,50,50,1,-1,-1,-1
518,3,414,1323,50,50,1,-1,-1,-1
518,4,488,640,50,50,1,-1,-1,-1
519,1,746,895,50,50,1,-1,-1,-1
519,3,427,1332,50,50,1,-1,-1,-1
519,4,511,652,50,50,1,-1,-1,-1
520,1,722,1080,50,50,1,-1,-1,-1
520,3,442,1331,50,50,1,-1,-1,-1
520,4,475,649,50,50,1,-1,-1,-1
521,1,566,862,50,50,1,-1,-1,-1
521,3,453,1319,50,50,1,-1,-1,-1
521,4,468,663,50,50,1,-1,-1,-1
522,1,558,620,50,50,1,-1,-1,-1
522,3,465,1289,50,50,1,-1,-1,-1
522,4,462,682,50,50,1,-1,-1,-1
523,1,567,615,50,50,1,-1,-1,-1
523,3,473,1235,50,50,1,-1,-1,-1
523,4,456,706,50,50,1,-1,-1,-1
524,1,574,616,50,50,1,-1,-1,-1
524,3,475,1172,50,50,1,-1,-1,-1
524,4,451,735,50,50,1,-1,-1,-1
525,1,580,622,50,50,1,-1,-1,-1
525,3,482,1112,50,50,1,-1,-1,-1
525,4,444,771,50,50,1,-1,-1,-1
526,1,589,633,50,50,1,-1,-1,-1
526,3,732,1223,50,50,1,-1,-1,-1
526,4,439,813,50,50,1,-1,-1,-1
527,1,597,649,50,50,1,-1,-1,-1
527,3,702,1264,50,50,1,-1,-1,-1
527,4,433,860,50,50,1,-1,-1,-1
528,1,605,671,50,50,1,-1,-1,-1
528,3,677,1301,50,50,1,-1,-1,-1
528,4,428,913,50,50,1,-1,-1,-1
529,1,614,697,50,50,1,-1,-1,-1
529,3,648,1293,50,50,1,-1,-1,-1
529,4,423,974,50,50,1,-1,-1,-1
530,1,622,730,50,50,1,-1,-1,-1
530,3,625,1269,50,50,1,-1,-1,-1
530,4,417,1073,50,50,1,-1,-1,-1
531,1,630,766,50,50,1,-1,-1,-1
531,3,603,1213,50,50,1,-1,-1,-1
531,4,420,1119,50,50,1,-1,-1,-1
532,1,640,810,50,50,1,-1,-1,-1
532,3,592,1150,50,50,1,-1,-1,-1
532,4,425,1162,50,50,1,-1,-1,-1
533,1,649,859,50,50,1,-1,-1,-1
533,3,463,736,50,50,1,-1,-1,-1
533,4,436,1204,50,50,1,-1,-1,-1
534,1,658,913,50,50,1,-1,-1,-1
534,3,561,685,50,50,1,-1,-1,-1
534,4,446,1261,50,50,1,-1,-1,-1
535,1,669,974,50,50,1,-1,-1,-1
535,3,569,669,50,50,1,-1,-1,-1
535,4,456,1286,50,50,1,-1,-1,-1
536,1,674,1081,50,50,1,-1,-1,-1
536,3,442,820,50,50,1,-1,-1,-1
536,4,466,1280,50,50,1,-1,-1,-1
537,1,685,1119,50,50,1,-1,-1,-1
537,3,434,858,50,50,1,-1,-1,-1
537,4,477,1240,50,50,1,-1,-1,-1
538,1,690,1155,50,50,1,-1,-1,-1
538,3,428,903,50,50,1,-1,-1,-1
538,4,475,1176,50,50,1,-1,-1,-1
539,1,683,1192,50,50,1,-1,-1,-1
539,3,421,952,50,50,1,-1,-1,-1
539,4,473,1121,50,50,1,-1,-1,-1
540,1,670,1236,50,50,1,-1,-1,-1
540,3,416,1008,50,50,1,-1,-1,-1
540,4,491,1015,50,50,1,-1,-1,-1
541,1,655,1270,50,50,1,-1,-1,-1
541,3,410,1119,50,50,1,-1,-1,-1
541,4,495,941,50,50,1,-1,-1,-1
542,1,645,1275,50,50,1,-1,-1,-1
542,3,402,1162,50,50,1,-1,-1,-1
542,4,503,885,50,50,1,-1,-1,-1
543,1,633,1256,50,50,1,-1,-1,-1
543,3,403,1203,50,50,1,-1,-1,-1
543,4,509,831,50,50,1,-1,-1,-1
544,1,621,1201,50,50,1,-1,-1,-1
544,3,408,1234,50,50,1,-1,-1,-1
544,4,515,783,50,50,1,-1,-1,-1
545,1,610,1091,50,50,1,-1,-1,-1
545,3,429,1302,50,50,1,-1,-1,-1
545,4,528,701,50,50,1,-1,-1,-1
546,1,594,997,50,50,1,-1,-1,-1
546,3,443,1320,50,50,1,-1,-1,-1
546,4,534,670,50,50,1,-1,-1,-1
547,1,580,934,50,50,1,-1,-1,-1
547,3,451,1324,50,50,1,-1,-1,-1
547,4,541,643,50,50,1,-1,-1,-1
548,1,565,887,50,50,1,-1,-1,-1
548,3,459,1311,50,50,1,-1,-1,-1
548,4,547,621,50,50,1,-1,-1,-1
549,1,554,841,50,50,1,-1,-1,-1
549,3,469,1275,50,50,1,-1,-1,-1
549,4,554,606,50,50,1,-1,-1,-1
550,1,543,803,50,50,1,-1,-1,-1
550,3,473,1211,50,50,1,-1,-1,-1
550,4,560,593,50,50,1,-1,-1,-1
551,1,533,770,50,50,1,-1,-1,-1
551,3,475,1148,50,50,1,-1,-1,-1
551,4,567,588,50,50,1,-1,-1,-1
552,1,523,742,50,50,1,-1,-1,-1
552,3,724,1194,50,50,1,-1,-1,-1
552,4,575,587,50,50,1,-1,-1,-1
553,1,513,721,50,50,1,-1,-1,-1
553,3,709,1225,50,50,1,-1,-1,-1
553,4,583,591,50,50,1,-1,-1,-1
554,1,504,705,50,50,1,-1,-1,-1
554,3,686,1265,50,50,1,-1,-1,-1
554,4,590,598,50,50,1,-1,-1,-1
555,1,505,867,50,50,1,-1,-1,-1
555,3,662,1288,50,50,1,-1,-1,-1
555,4,598,613,50,50,1,-1,-1,-1
556,1,369,1060,50,50,1,-1,-1,-1
556,3,644,1291,50,50,1,-1,-1,-1
556,4,606,631,50,50,1,-1,-1,-1
557,1,362,1100,50,50,1,-1,-1,-1
557,3,626,1272,50,50,1,-1,-1,-1
557,4,615,656,50,50,1,-1,-1,-1
558,1,371,1141,50,50,1,-1,-1,-1
558,3,524,732,50,50,1,-1,-1,-1
558,4,624,684,50,50,1,-1,-1,-1
559,1,379,1176,50,50,1,-1,-1,-1
559,3,461,700,50,50,1,-1,-1,-1
559,4,633,718,50,50,1,-1,-1,-1
560,1,396,1217,50,50,1,-1,-1,-1
560,3,452,712,50,50,1,-1,-1,-1
560,4,642,758,50,50,1,-1,-1,-1
561,1,420,1264,50,50,1,-1,-1,-1
561,3,444,732,50,50,1,-1,-1,-1
561,4,650,804,50,50,1,-1,-1,-1
562,1,435,1294,50,50,1,-1,-1,-1
562,3,437,756,50,50,1,-1,-1,-1
562,4,660,854,50,50,1,-1,-1,-1
563,1,445,1297,50,50,1,-1,-1,-1
563,3,429,785,50,50,1,-1,-1,-1
563,4,670,910,50,50,1,-1,-1,-1
564,1,455,1271,50,50,1,-1,-1,-1
564,3,421,819,50,50,1,-1,-1,-1
564,4,681,972,50,50,1,-1,-1,-1
565,1,456,1212,50,50,1,-1,-1,-1
565,3,414,857,50,50,1,-1,-1,-1
565,4,690,1079,50,50,1,-1,-1,-1
566,1,452,1148,50,50,1,-1,-1,-1
566,3,406,901,50,50,1,-1,-1,-1
566,4,693,1123,50,50,1,-1,-1,-1
567,1,451,1094,50,50,1,-1,-1,-1
567,3,400,950,50,50,1,-1,-1,-1
567,4,691,1167,50,50,1,-1,-1,-1
568,1,472,987,50,50,1,-1,-1,-1
568,3,396,1005,50,50,1,-1,-1,-1
568,4,678,1220,50,50,1,-1,-1,-1
569,1,479,926,50,50,1,-1,-1,-1
569,3,393,1106,50,50,1,-1,-1,-1
569,4,657,1271,50,50,1,-1,-1,-1
570,1,486,870,50,50,1,-1,-1,-1
570,3,378,1146,50,50,1,-1,-1,-1
570,4,638,1292,50,50,1,-1,-1,-1
571,1,491,820,50,50,1,-1,-1,-1
571,3,376,1186,50,50,1,-1,-1,-1
571,4,621,1289,50,50,1,-1,-1,-1
572,1,498,775,50,50,1,-1,-1,-1
572,3,379,1219,50,50,1,-1,-1,-1
572,4,604,1262,50,50,1,-1,-1,-1
573,1,510,703,50,50,1,-1,-1,-1
573,3,406,1285,50,50,1,-1,-1,-1
573,4,587,1147,50,50,1,-1,-1,-1
574,1,516,673,50,50,1,-1,-1,-1
574,3,420,1308,50,50,1,-1,-1,-1
574,4,595,1101,50,50,1,-1,-1,-1
575,1,523,652,50,50,1,-1,-1,-1
575,3,430,1320,50,50,1,-1,-1,-1
575,4,629,1094,50,50,1,-1,-1,-1
576,1,529,633,50,50,1,-1,-1,-1
576,3,444,1306,50,50,1,-1,-1,-1
576,4,669,1057,50,50,1,-1,-1,-1
577,1,536,619,50,50,1,-1,-1,-1
577,3,456,1269,50,50,1,-1,-1,-1
577,4,691,1089,50,50,1,-1,-1,-1
578,1,543,612,50,50,1,-1,-1,-1
578,3,461,1205,50,50,1,-1,-1,-1
578,4,691,1122,50,50,1,-1,-1,-1
579,1,551,609,50,50,1,-1,-1,-1
579,3,459,1147,50,50,1,-1,-1,-1
579,4,696,1148,50,50,1,-1,-1,-1
580,1,558,610,50,50,1,-1,-1,-1
580,3,346,871,50,50,1,-1,-1,-1
580,4,686,1177,50,50,1,-1,-1,-1
581,1,566,616,50,50,1,-1,-1,-1
581,3,518,727,50,50,1,-1,-1,-1
581,4,671,1212,50,50,1,-1,-1,-1
582,1,510,703,50,50,1,-1,-1,-1
582,3,484,921,50,50,1,-1,-1,-1
582,4,648,1255,50,50,1,-1,-1,-1
583,1,492,867,50,50,1,-1,-1,-1
583,3,331,1086,50,50,1,-1,-1,-1
583,4,628,1284,50,50,1,-1,-1,-1
584,1,498,818,50,50,1,-1,-1,-1
584,3,316,1124,50,50,1,-1,-1,-1
584,4,613,1292,50,50,1,-1,-1,-1
585,1,491,663,50,50,1,-1,-1,-1
585,3,323,1163,50,50,1,-1,-1,-1
585,4,602,1280,50,50,1,-1,-1,-1
586,1,482,659,50,50,1,-1,-1,-1
586,3,512,736,50,50,1,-1,-1,-1
586,4,590,1244,50,50,1,-1,-1,-1
587,1,500,684,50,50,1,-1,-1,-1
587,3,616,764,50,50,1,-1,-1,-1
587,4,576,1178,50,50,1,-1,-1,-1
588,1,501,672,50,50,1,-1,-1,-1
588,3,625,808,50,50,1,-1,-1,-1
588,4,576,1128,50,50,1,-1,-1,-1
589,1,532,654,50,50,1,-1,-1,-1
589,3,635,857,50,50,1,-1,-1,-1
589,4,588,1092,50,50,1,-1,-1,-1
590,1,540,637,50,50,1,-1,-1,-1
590,3,645,911,50,50,1,-1,-1,-1
590,4,617,1088,50,50,1,-1,-1,-1
591,1,454,721,50,50,1,-1,-1,-1
591,3,654,972,50,50,1,-1,-1,-1
591,4,639,1088,50,50,1,-1,-1,-1
592,1,449,750,50,50,1,-1,-1,-1
592,3,532,855,50,50,1,-1,-1,-1
592,4,661,1073,50,50,1,-1,-1,-1
593,1,445,783,50,50,1,-1,-1,-1
593,3,523,809,50,50,1,-1,-1,-1
593,4,670,1116,50,50,1,-1,-1,-1
594,1,440,821,50,50,1,-1,-1,-1
594,3,515,769,50,50,1,-1,-1,-1
594,4,671,1155,50,50,1,-1,-1,-1
595,1,434,865,50,50,1,-1,-1,-1
595,3,510,735,50,50,1,-1,-1,-1
595,4,667,1196,50,50,1,-1,-1,-1
596,1,430,915,50,50,1,-1,-1,-1
596,3,502,706,50,50,1,-1,-1,-1
596,4,654,1248,50,50,1,-1,-1,-1
597,1,426,971,50,50,1,-1,-1,-1
597,3,495,683,50,50,1,-1,-1,-1
597,4,638,1282,50,50,1,-1,-1,-1
598,1,419,1075,50,50,1,-1,-1,-1
598,3,488,664,50,50,1,-1,-1,-1
598,4,627,1289,50,50,1,-1,-1,-1
599,1,413,1114,50,50,1,-1,-1,-1
599,3,481,652,50,50,1,-1,-1,-1
599,4,613,1274,50,50,1,-1,-1,-1
600,1,412,1148,50,50,1,-1,-1,-1
600,3,475,645,50,50,1,-1,-1,-1
600,4,601,1233,50,50,1,-1,-1,-1
601,1,424,1195,50,50,1,-1,-1,-1
601,3,464,646,50,50,1,-1,-1,-1
601,4,588,1119,50,50,1,-1,-1,-1
602,1,434,1212,50,50,1,-1,-1,-1
602,3,458,654,50,50,1,-1,-1,-1
602,4,654,879,50,50,1,-1,-1,-1
603,1,437,1215,50,50,1,-1,-1,-1
603,3,452,665,50,50,1,-1,-1,-1
603,4,540,696,50,50,1,-1,-1,-1
604,1,436,1210,50,50,1,-1,-1,-1
604,3,447,685,50,50,1,-1,-1,-1
604,4,546,679,50,50,1,-1,-1,-1
605,1,427,1196,50,50,1,-1,-1,-1
605,3,442,708,50,50,1,-1,-1,-1
605,4,552,668,50,50,1,-1,-1,-1
606,1,424,1180,50,50,1,-1,-1,-1
606,3,437,737,50,50,1,-1,-1,-1
606,4,558,661,50,50,1,-1,-1,-1
607,1,419,1168,50,50,1,-1,-1,-1
607,3,432,771,50,50,1,-1,-1,-1
607,4,522,771,50,50,1,-1,-1,-1
608,1,414,1157,50,50,1,-1,-1,-1
608,3,427,810,50,50,1,-1,-1,-1
608,4,513,739,50,50,1,-1,-1,-1
609,1,407,1147,50,50,1,-1,-1,-1
609,3,421,855,50,50,1,-1,-1,-1
609,4,505,712,50,50,1,-1,-1,-1
610,1,401,1142,50,50,1,-1,-1,-1
610,3,417,906,50,50,1,-1,-1,-1
610,4,497,691,50,50,1,-1,-1,-1
611,1,393,1138,50,50,1,-1,-1,-1
611,3,413,961,50,50,1,-1,-1,-1
611,4,489,675,50,50,1,-1,-1,-1
612,1,388,1134,50,50,1,-1,-1,-1
612,3,409,1024,50,50,1,-1,-1,-1
612,4,480,664,50,50,1,-1,-1,-1
613,1,392,1116,50,50,1,-1,-1,-1
613,3,651,1162,50,50,1,-1,-1,-1
613,4,472,659,50,50,1,-1,-1,-1
614,1,387,1137,50,50,1,-1,-1,-1
614,3,650,1154,50,50,1,-1,-1,-1
614,4,464,658,50,50,1,-1,-1,-1
615,1,390,1146,50,50,1,-1,-1,-1
615,3,652,1146,50,50,1,-1,-1,-1
615,4,457,663,50,50,1,-1,-1,-1
616,1,389,1157,50,50,1,-1,-1,-1
616,3,655,1139,50,50,1,-1,-1,-1
616,4,449,673,50,50,1,-1,-1,-1
617,1,394,1164,50,50,1,-1,-1,-1
617,3,657,1135,50,50,1,-1,-1,-1
617,4,442,688,50,50,1,-1,-1,-1
618,1,395,1170,50,50,1,-1,-1,-1
618,3,661,1136,50,50,1,-1,-1,-1
618,4,436,709,50,50,1,-1,-1,-1
619,1,395,1176,50,50,1,-1,-1,-1
619,3,663,1099,50,50,1,-1,-1,-1
619,4,428,735,50,50,1,-1,-1,-1
620,1,395,1178,50,50,1,-1,-1,-1
620,3,667,1133,50,50,1,-1,-1,-1
620,4,422,765,50,50,1,-1,-1,-1
621,1,392,1180,50,50,1,-1,-1,-1
621,3,669,1149,50,50,1,-1,-1,-1
621,4,415,802,50,50,1,-1,-1,-1
622,1,389,1181,50,50,1,-1,-1,-1
622,3,668,1163,50,50,1,-1,-1,-1
622,4,407,844,50,50,1,-1,-1,-1
623,1,386,1182,50,50,1,-1,-1,-1
623,3,667,1174,50,50,1,-1,-1,-1
623,4,400,891,50,50,1,-1,-1,-1
624,1,384,1182,50,50,1,-1,-1,-1
624,3,667,1179,50,50,1,-1,-1,-1
624,4,395,945,50,50,1,-1,-1,-1
625,1,382,1182,50,50,1,-1,-1,-1
625,3,666,1185,50,50,1,-1,-1,-1
625,4,388,1004,50,50,1,-1,-1,-1
626,1,380,1181,50,50,1,-1,-1,-1
626,4,381,1072,50,50,1,-1,-1,-1
627,1,378,1167,50,50,1,-1,-1,-1
627,3,669,1189,50,50,1,-1,-1,-1
628,1,374,1180,50,50,1,-1,-1,-1
628,3,673,1189,50,50,1,-1,-1,-1
629,1,368,1190,50,50,1,-1,-1,-1
630,1,369,1194,50,50,1,-1,-1,-1
631,1,371,1192,50,50,1,-1,-1,-1
631,3,684,1185,50,50,1,-1,-1,-1
632,1,371,1199,50,50,1,-1,-1,-1
632,3,686,1185,50,50,1,-1,-1,-1
633,1,371,1199,50,50,1,-1,-1,-1
633,3,686,1185,50,50,1,-1,-1,-1
634,1,371,1199,50,50,1,-1,-1,-1
634,3,686,1185,50,50,1,-1,-1,-1
635,1,367,1204,50,50,1,-1,-1,-1
636,1,367,1204,50,50,1,-1,-1,-1
637,1,367,1204,50,50,1,-1,-1,-1
638,1,367,1204,50,50,1,-1,-1,-1
639,1,376,1216,50,50,1,-1,-1,-1
640,1,376,1216,50,50,1,-1,-1,-1
641,1,367,1211,50,50,1,-1,-1,-1
641,3,677,1201,50,50,1,-1,-1,-1
642,3,675,1212,50,50,1,-1,-1,-1
643,3,673,1227,50,50,1,-1,-1,-1
644,3,673,1252,50,50,1,-1,-1,-1
645,3,667,1276,50,50,1,-1,-1,-1
646,3,666,1304,50,50,1,-1,-1,-1
647,3,662,1330,50,50,1,-1,-1,-1
648,1,495,964,50,50,1,-1,-1,-1
648,3,657,1349,50,50,1,-1,-1,-1
649,1,506,981,50,50,1,-1,-1,-1
