17,1,474,1353,50,50,1,-1,-1,-1
18,1,474,1353,50,50,1,-1,-1,-1
19,1,474,1353,50,50,1,-1,-1,-1
20,1,474,1353,50,50,1,-1,-1,-1
21,1,474,1353,50,50,1,-1,-1,-1
22,1,474,1353,50,50,1,-1,-1,-1
23,1,474,1353,50,50,1,-1,-1,-1
24,1,474,1353,50,50,1,-1,-1,-1
25,1,546,867,50,50,1,-1,-1,-1
26,1,551,818,50,50,1,-1,-1,-1
27,1,555,775,50,50,1,-1,-1,-1
28,1,560,737,50,50,1,-1,-1,-1
28,2,486,1211,50,50,1,-1,-1,-1
29,1,566,707,50,50,1,-1,-1,-1
30,1,572,680,50,50,1,-1,-1,-1
31,1,578,660,50,50,1,-1,-1,-1
32,1,583,645,50,50,1,-1,-1,-1
33,1,588,635,50,50,1,-1,-1,-1
33,2,486,913,50,50,1,-1,-1,-1
34,1,594,630,50,50,1,-1,-1,-1
34,2,482,873,50,50,1,-1,-1,-1
35,1,600,628,50,50,1,-1,-1,-1
35,2,476,837,50,50,1,-1,-1,-1
36,1,608,632,50,50,1,-1,-1,-1
36,2,471,807,50,50,1,-1,-1,-1
37,1,614,641,50,50,1,-1,-1,-1
37,2,467,781,50,50,1,-1,-1,-1
38,1,621,656,50,50,1,-1,-1,-1
38,2,462,761,50,50,1,-1,-1,-1
39,1,628,673,50,50,1,-1,-1,-1
39,2,457,747,50,50,1,-1,-1,-1
40,1,635,698,50,50,1,-1,-1,-1
40,2,453,738,50,50,1,-1,-1,-1
40,3,544,833,50,50,1,-1,-1,-1
41,1,651,761,50,50,1,-1,-1,-1
41,2,445,733,50,50,1,-1,-1,-1
41,3,555,756,50,50,1,-1,-1,-1
42,1,659,801,50,50,1,-1,-1,-1
42,2,442,739,50,50,1,-1,-1,-1
42,3,561,726,50,50,1,-1,-1,-1
43,1,667,845,50,50,1,-1,-1,-1
43,2,436,749,50,50,1,-1,-1,-1
43,3,568,702,50,50,1,-1,-1,-1
44,1,674,895,50,50,1,-1,-1,-1
44,2,433,765,50,50,1,-1,-1,-1
44,3,576,682,50,50,1,-1,-1,-1
45,1,684,951,50,50,1,-1,-1,-1
45,2,430,785,50,50,1,-1,-1,-1
45,3,583,669,50,50,1,-1,-1,-1
46,2,426,811,50,50,1,-1,-1,-1
46,3,590,660,50,50,1,-1,-1,-1
46,4,532,833,50,50,1,-1,-1,-1
47,2,422,840,50,50,1,-1,-1,-1
47,3,597,655,50,50,1,-1,-1,-1
47,4,524,793,50,50,1,-1,-1,-1
48,2,419,876,50,50,1,-1,-1,-1
48,3,605,656,50,50,1,-1,-1,-1
48,4,520,759,50,50,1,-1,-1,-1
49,2,416,917,50,50,1,-1,-1,-1
49,3,613,661,50,50,1,-1,-1,-1
49,4,514,731,50,50,1,-1,-1,-1
50,1,688,1199,50,50,1,-1,-1,-1
50,2,414,965,50,50,1,-1,-1,-1
50,3,622,671,50,50,1,-1,-1,-1
50,4,508,707,50,50,1,-1,-1,-1
51,1,431,1118,50,50,1,-1,-1,-1
51,2,411,1018,50,50,1,-1,-1,-1
51,3,629,685,50,50,1,-1,-1,-1
51,4,502,690,50,50,1,-1,-1,-1
52,2,538,873,50,50,1,-1,-1,-1
52,3,638,707,50,50,1,-1,-1,-1
52,4,498,678,50,50,1,-1,-1,-1
53,2,543,830,50,50,1,-1,-1,-1
53,3,646,733,50,50,1,-1,-1,-1
53,4,493,670,50,50,1,-1,-1,-1
54,2,548,792,50,50,1,-1,-1,-1
54,3,655,763,50,50,1,-1,-1,-1
54,4,487,668,50,50,1,-1,-1,-1
55,1,407,1216,50,50,1,-1,-1,-1
55,2,553,760,50,50,1,-1,-1,-1
55,3,663,799,50,50,1,-1,-1,-1
55,4,483,670,50,50,1,-1,-1,-1
56,1,424,1253,50,50,1,-1,-1,-1
56,2,558,733,50,50,1,-1,-1,-1
56,3,673,839,50,50,1,-1,-1,-1
56,4,478,677,50,50,1,-1,-1,-1
57,1,442,1282,50,50,1,-1,-1,-1
57,2,564,711,50,50,1,-1,-1,-1
57,3,682,886,50,50,1,-1,-1,-1
57,4,474,689,50,50,1,-1,-1,-1
58,2,569,695,50,50,1,-1,-1,-1
58,3,693,938,50,50,1,-1,-1,-1
58,4,470,707,50,50,1,-1,-1,-1
59,2,575,684,50,50,1,-1,-1,-1
59,3,704,996,50,50,1,-1,-1,-1
59,4,465,731,50,50,1,-1,-1,-1
60,2,581,678,50,50,1,-1,-1,-1
60,4,462,759,50,50,1,-1,-1,-1
61,2,586,677,50,50,1,-1,-1,-1
61,3,555,866,50,50,1,-1,-1,-1
61,4,457,792,50,50,1,-1,-1,-1
62,2,594,680,50,50,1,-1,-1,-1
62,3,545,825,50,50,1,-1,-1,-1
62,4,455,831,50,50,1,-1,-1,-1
63,2,601,688,50,50,1,-1,-1,-1
63,3,535,790,50,50,1,-1,-1,-1
63,4,451,875,50,50,1,-1,-1,-1
64,2,608,700,50,50,1,-1,-1,-1
64,3,525,760,50,50,1,-1,-1,-1
64,4,447,925,50,50,1,-1,-1,-1
65,2,615,718,50,50,1,-1,-1,-1
65,3,517,736,50,50,1,-1,-1,-1
65,4,443,981,50,50,1,-1,-1,-1
65,5,677,1230,50,50,1,-1,-1,-1
66,2,622,741,50,50,1,-1,-1,-1
66,3,507,716,50,50,1,-1,-1,-1
66,5,653,1262,50,50,1,-1,-1,-1
67,2,629,769,50,50,1,-1,-1,-1
67,3,497,702,50,50,1,-1,-1,-1
67,4,437,1121,50,50,1,-1,-1,-1
67,5,541,883,50,50,1,-1,-1,-1
68,2,638,803,50,50,1,-1,-1,-1
68,3,489,693,50,50,1,-1,-1,-1
68,4,545,840,50,50,1,-1,-1,-1
69,2,654,885,50,50,1,-1,-1,-1
69,3,471,692,50,50,1,-1,-1,-1
69,4,554,770,50,50,1,-1,-1,-1
69,5,441,1242,50,50,1,-1,-1,-1
70,2,662,935,50,50,1,-1,-1,-1
70,3,462,698,50,50,1,-1,-1,-1
70,4,559,744,50,50,1,-1,-1,-1
70,5,451,1279,50,50,1,-1,-1,-1
71,2,670,988,50,50,1,-1,-1,-1
71,3,453,709,50,50,1,-1,-1,-1
71,4,564,723,50,50,1,-1,-1,-1
72,3,446,726,50,50,1,-1,-1,-1
72,4,569,707,50,50,1,-1,-1,-1
73,2,678,1121,50,50,1,-1,-1,-1
73,3,438,748,50,50,1,-1,-1,-1
73,4,574,696,50,50,1,-1,-1,-1
74,2,691,1147,50,50,1,-1,-1,-1
74,3,429,775,50,50,1,-1,-1,-1
74,4,580,690,50,50,1,-1,-1,-1
75,2,537,837,50,50,1,-1,-1,-1
75,3,421,808,50,50,1,-1,-1,-1
75,4,585,689,50,50,1,-1,-1,-1
76,2,527,803,50,50,1,-1,-1,-1
76,3,414,847,50,50,1,-1,-1,-1
76,4,591,692,50,50,1,-1,-1,-1
77,2,518,774,50,50,1,-1,-1,-1
77,3,404,893,50,50,1,-1,-1,-1
77,4,598,701,50,50,1,-1,-1,-1
78,2,510,752,50,50,1,-1,-1,-1
78,3,398,942,50,50,1,-1,-1,-1
78,4,605,715,50,50,1,-1,-1,-1
79,2,500,734,50,50,1,-1,-1,-1
79,3,391,998,50,50,1,-1,-1,-1
79,4,611,732,50,50,1,-1,-1,-1
80,2,492,722,50,50,1,-1,-1,-1
80,3,523,861,50,50,1,-1,-1,-1
80,4,617,756,50,50,1,-1,-1,-1
81,2,483,715,50,50,1,-1,-1,-1
81,3,528,817,50,50,1,-1,-1,-1
81,4,625,785,50,50,1,-1,-1,-1
82,2,475,712,50,50,1,-1,-1,-1
82,3,532,779,50,50,1,-1,-1,-1
82,4,631,820,50,50,1,-1,-1,-1
83,2,464,713,50,50,1,-1,-1,-1
83,3,537,747,50,50,1,-1,-1,-1
83,4,640,859,50,50,1,-1,-1,-1
84,2,457,722,50,50,1,-1,-1,-1
84,3,542,719,50,50,1,-1,-1,-1
84,4,648,904,50,50,1,-1,-1,-1
85,2,450,735,50,50,1,-1,-1,-1
85,3,546,697,50,50,1,-1,-1,-1
85,4,655,954,50,50,1,-1,-1,-1
86,2,441,754,50,50,1,-1,-1,-1
86,3,552,681,50,50,1,-1,-1,-1
87,2,434,778,50,50,1,-1,-1,-1
87,3,557,668,50,50,1,-1,-1,-1
87,4,545,907,50,50,1,-1,-1,-1
88,2,426,806,50,50,1,-1,-1,-1
88,3,564,662,50,50,1,-1,-1,-1
88,4,535,867,50,50,1,-1,-1,-1
89,2,418,842,50,50,1,-1,-1,-1
89,3,569,659,50,50,1,-1,-1,-1
89,4,527,831,50,50,1,-1,-1,-1
90,2,410,883,50,50,1,-1,-1,-1
90,3,575,662,50,50,1,-1,-1,-1
90,4,519,799,50,50,1,-1,-1,-1
91,2,402,929,50,50,1,-1,-1,-1
91,3,580,669,50,50,1,-1,-1,-1
91,4,511,774,50,50,1,-1,-1,-1
92,2,395,981,50,50,1,-1,-1,-1
92,3,587,683,50,50,1,-1,-1,-1
92,4,503,755,50,50,1,-1,-1,-1
93,2,614,1290,50,50,1,-1,-1,-1
93,3,593,701,50,50,1,-1,-1,-1
93,4,496,740,50,50,1,-1,-1,-1
94,2,601,1288,50,50,1,-1,-1,-1
94,3,599,724,50,50,1,-1,-1,-1
94,4,489,731,50,50,1,-1,-1,-1
95,2,374,1157,50,50,1,-1,-1,-1
95,3,607,752,50,50,1,-1,-1,-1
95,4,482,726,50,50,1,-1,-1,-1
96,2,507,797,50,50,1,-1,-1,-1
96,3,613,786,50,50,1,-1,-1,-1
96,4,474,727,50,50,1,-1,-1,-1
97,3,629,869,50,50,1,-1,-1,-1
98,2,521,702,50,50,1,-1,-1,-1
98,3,637,920,50,50,1,-1,-1,-1
98,4,455,755,50,50,1,-1,-1,-1
99,2,525,680,50,50,1,-1,-1,-1
99,3,644,975,50,50,1,-1,-1,-1
99,4,448,776,50,50,1,-1,-1,-1
100,2,530,665,50,50,1,-1,-1,-1
100,3,536,902,50,50,1,-1,-1,-1
100,4,442,801,50,50,1,-1,-1,-1
101,2,535,655,50,50,1,-1,-1,-1
101,3,530,860,50,50,1,-1,-1,-1
101,4,436,830,50,50,1,-1,-1,-1
102,2,541,650,50,50,1,-1,-1,-1
102,3,522,819,50,50,1,-1,-1,-1
102,4,430,865,50,50,1,-1,-1,-1
103,2,546,649,50,50,1,-1,-1,-1
103,3,517,784,50,50,1,-1,-1,-1
103,4,424,906,50,50,1,-1,-1,-1
104,2,551,654,50,50,1,-1,-1,-1
104,3,511,755,50,50,1,-1,-1,-1
104,4,419,950,50,50,1,-1,-1,-1
105,2,558,663,50,50,1,-1,-1,-1
105,3,506,731,50,50,1,-1,-1,-1
105,4,441,1013,50,50,1,-1,-1,-1
106,2,558,663,50,50,1,-1,-1,-1
106,3,506,731,50,50,1,-1,-1,-1
106,4,441,1013,50,50,1,-1,-1,-1
107,2,571,698,50,50,1,-1,-1,-1
107,3,495,699,50,50,1,-1,-1,-1
107,4,484,916,50,50,1,-1,-1,-1
108,2,577,724,50,50,1,-1,-1,-1
108,3,491,691,50,50,1,-1,-1,-1
108,4,492,873,50,50,1,-1,-1,-1
109,2,584,756,50,50,1,-1,-1,-1
109,3,486,689,50,50,1,-1,-1,-1
109,4,499,833,50,50,1,-1,-1,-1
110,2,592,791,50,50,1,-1,-1,-1
110,3,481,690,50,50,1,-1,-1,-1
110,4,509,801,50,50,1,-1,-1,-1
111,2,598,832,50,50,1,-1,-1,-1
111,3,476,697,50,50,1,-1,-1,-1
111,4,517,772,50,50,1,-1,-1,-1
112,2,606,880,50,50,1,-1,-1,-1
112,3,473,709,50,50,1,-1,-1,-1
112,4,525,749,50,50,1,-1,-1,-1
113,2,615,932,50,50,1,-1,-1,-1
113,3,468,727,50,50,1,-1,-1,-1
113,4,534,732,50,50,1,-1,-1,-1
114,2,622,992,50,50,1,-1,-1,-1
114,3,464,749,50,50,1,-1,-1,-1
114,4,542,720,50,50,1,-1,-1,-1
115,2,524,866,50,50,1,-1,-1,-1
115,3,459,777,50,50,1,-1,-1,-1
115,4,549,712,50,50,1,-1,-1,-1
116,2,519,827,50,50,1,-1,-1,-1
116,3,455,810,50,50,1,-1,-1,-1
116,4,559,709,50,50,1,-1,-1,-1
117,2,515,794,50,50,1,-1,-1,-1
117,3,452,847,50,50,1,-1,-1,-1
117,4,567,711,50,50,1,-1,-1,-1
118,2,512,765,50,50,1,-1,-1,-1
118,3,449,892,50,50,1,-1,-1,-1
118,4,576,718,50,50,1,-1,-1,-1
119,2,508,744,50,50,1,-1,-1,-1
119,3,445,941,50,50,1,-1,-1,-1
119,4,586,730,50,50,1,-1,-1,-1
120,2,505,727,50,50,1,-1,-1,-1
120,3,442,997,50,50,1,-1,-1,-1
120,4,596,747,50,50,1,-1,-1,-1
121,2,502,714,50,50,1,-1,-1,-1
121,3,516,923,50,50,1,-1,-1,-1
121,4,606,769,50,50,1,-1,-1,-1
122,2,499,709,50,50,1,-1,-1,-1
122,3,521,884,50,50,1,-1,-1,-1
122,4,615,797,50,50,1,-1,-1,-1
123,2,496,707,50,50,1,-1,-1,-1
123,3,527,839,50,50,1,-1,-1,-1
123,4,624,828,50,50,1,-1,-1,-1
124,2,493,711,50,50,1,-1,-1,-1
124,3,533,797,50,50,1,-1,-1,-1
124,4,636,865,50,50,1,-1,-1,-1
125,4,658,956,50,50,1,-1,-1,-1
126,2,485,751,50,50,1,-1,-1,-1
126,3,550,709,50,50,1,-1,-1,-1
127,2,483,775,50,50,1,-1,-1,-1
127,3,556,690,50,50,1,-1,-1,-1
127,4,552,912,50,50,1,-1,-1,-1
128,2,481,805,50,50,1,-1,-1,-1
128,3,563,676,50,50,1,-1,-1,-1
128,4,685,1137,50,50,1,-1,-1,-1
129,2,506,836,50,50,1,-1,-1,-1
129,3,569,667,50,50,1,-1,-1,-1
129,4,691,1165,50,50,1,-1,-1,-1
130,2,478,878,50,50,1,-1,-1,-1
130,3,575,663,50,50,1,-1,-1,-1
130,4,688,1197,50,50,1,-1,-1,-1
131,2,475,922,50,50,1,-1,-1,-1
131,3,582,663,50,50,1,-1,-1,-1
131,4,679,1234,50,50,1,-1,-1,-1
132,2,508,756,50,50,1,-1,-1,-1
132,3,589,669,50,50,1,-1,-1,-1
133,2,500,740,50,50,1,-1,-1,-1
133,3,597,680,50,50,1,-1,-1,-1
133,4,644,1285,50,50,1,-1,-1,-1
134,2,493,730,50,50,1,-1,-1,-1
134,3,605,695,50,50,1,-1,-1,-1
134,4,527,908,50,50,1,-1,-1,-1
135,2,484,725,50,50,1,-1,-1,-1
135,3,613,716,50,50,1,-1,-1,-1
135,4,532,865,50,50,1,-1,-1,-1
136,2,477,724,50,50,1,-1,-1,-1
136,3,619,742,50,50,1,-1,-1,-1
136,4,535,822,50,50,1,-1,-1,-1
137,2,469,728,50,50,1,-1,-1,-1
137,3,628,772,50,50,1,-1,-1,-1
137,4,541,783,50,50,1,-1,-1,-1
138,2,461,739,50,50,1,-1,-1,-1
138,3,636,809,50,50,1,-1,-1,-1
138,4,545,752,50,50,1,-1,-1,-1
139,2,455,753,50,50,1,-1,-1,-1
139,3,645,850,50,50,1,-1,-1,-1
139,4,550,725,50,50,1,-1,-1,-1
140,2,448,773,50,50,1,-1,-1,-1
140,3,653,898,50,50,1,-1,-1,-1
140,4,555,703,50,50,1,-1,-1,-1
141,2,441,799,50,50,1,-1,-1,-1
141,3,663,951,50,50,1,-1,-1,-1
141,4,560,688,50,50,1,-1,-1,-1
142,2,433,829,50,50,1,-1,-1,-1
142,3,554,881,50,50,1,-1,-1,-1
142,4,565,676,50,50,1,-1,-1,-1
143,2,427,865,50,50,1,-1,-1,-1
143,3,546,843,50,50,1,-1,-1,-1
143,4,571,670,50,50,1,-1,-1,-1
144,2,420,906,50,50,1,-1,-1,-1
144,3,537,812,50,50,1,-1,-1,-1
144,4,576,668,50,50,1,-1,-1,-1
145,2,415,953,50,50,1,-1,-1,-1
145,3,530,786,50,50,1,-1,-1,-1
145,4,583,671,50,50,1,-1,-1,-1
146,2,409,1007,50,50,1,-1,-1,-1
146,3,522,765,50,50,1,-1,-1,-1
146,4,589,679,50,50,1,-1,-1,-1
147,2,514,916,50,50,1,-1,-1,-1
147,3,515,751,50,50,1,-1,-1,-1
147,4,596,693,50,50,1,-1,-1,-1
148,2,520,876,50,50,1,-1,-1,-1
148,3,508,742,50,50,1,-1,-1,-1
148,4,601,710,50,50,1,-1,-1,-1
149,2,525,833,50,50,1,-1,-1,-1
149,3,500,737,50,50,1,-1,-1,-1
149,4,608,734,50,50,1,-1,-1,-1
150,2,529,795,50,50,1,-1,-1,-1
150,3,493,737,50,50,1,-1,-1,-1
150,4,615,763,50,50,1,-1,-1,-1
151,2,513,754,50,50,1,-1,-1,-1
151,3,590,1216,50,50,1,-1,-1,-1
151,4,621,797,50,50,1,-1,-1,-1
152,2,413,1296,50,50,1,-1,-1,-1
152,4,628,837,50,50,1,-1,-1,-1
153,2,473,767,50,50,1,-1,-1,-1
153,3,543,716,50,50,1,-1,-1,-1
153,4,637,882,50,50,1,-1,-1,-1
154,2,552,689,50,50,1,-1,-1,-1
154,3,462,1317,50,50,1,-1,-1,-1
154,4,653,987,50,50,1,-1,-1,-1
155,2,541,904,50,50,1,-1,-1,-1
155,3,455,844,50,50,1,-1,-1,-1
155,4,558,682,50,50,1,-1,-1,-1
156,2,672,1118,50,50,1,-1,-1,-1
156,3,564,682,50,50,1,-1,-1,-1
157,2,677,1149,50,50,1,-1,-1,-1
157,3,570,685,50,50,1,-1,-1,-1
157,4,523,826,50,50,1,-1,-1,-1
158,2,671,1184,50,50,1,-1,-1,-1
158,3,575,695,50,50,1,-1,-1,-1
158,4,515,794,50,50,1,-1,-1,-1
159,2,656,1229,50,50,1,-1,-1,-1
159,3,582,709,50,50,1,-1,-1,-1
159,4,432,1020,50,50,1,-1,-1,-1
160,3,588,726,50,50,1,-1,-1,-1
160,4,499,746,50,50,1,-1,-1,-1
161,2,622,1288,50,50,1,-1,-1,-1
161,3,595,750,50,50,1,-1,-1,-1
161,4,492,729,50,50,1,-1,-1,-1
162,2,419,1197,50,50,1,-1,-1,-1
162,3,602,781,50,50,1,-1,-1,-1
162,4,501,849,50,50,1,-1,-1,-1
163,2,420,1235,50,50,1,-1,-1,-1
163,3,609,816,50,50,1,-1,-1,-1
163,4,505,806,50,50,1,-1,-1,-1
164,2,423,1269,50,50,1,-1,-1,-1
164,3,616,857,50,50,1,-1,-1,-1
164,4,470,712,50,50,1,-1,-1,-1
165,2,431,1298,50,50,1,-1,-1,-1
165,3,624,903,50,50,1,-1,-1,-1
166,2,516,708,50,50,1,-1,-1,-1
166,3,633,956,50,50,1,-1,-1,-1
166,4,456,725,50,50,1,-1,-1,-1
167,2,520,687,50,50,1,-1,-1,-1
167,3,641,1013,50,50,1,-1,-1,-1
167,4,449,740,50,50,1,-1,-1,-1
168,2,443,759,50,50,1,-1,-1,-1
168,4,524,670,50,50,1,-1,-1,-1
169,2,436,784,50,50,1,-1,-1,-1
169,3,660,1145,50,50,1,-1,-1,-1
169,4,529,660,50,50,1,-1,-1,-1
170,2,429,813,50,50,1,-1,-1,-1
170,3,664,1178,50,50,1,-1,-1,-1
170,4,533,653,50,50,1,-1,-1,-1
171,2,423,848,50,50,1,-1,-1,-1
171,3,660,1208,50,50,1,-1,-1,-1
171,4,538,651,50,50,1,-1,-1,-1
172,2,417,888,50,50,1,-1,-1,-1
172,3,648,1249,50,50,1,-1,-1,-1
172,4,542,654,50,50,1,-1,-1,-1
173,2,412,933,50,50,1,-1,-1,-1
173,3,631,1281,50,50,1,-1,-1,-1
173,4,548,662,50,50,1,-1,-1,-1
174,2,408,986,50,50,1,-1,-1,-1
175,2,400,1042,50,50,1,-1,-1,-1
175,3,483,927,50,50,1,-1,-1,-1
175,4,558,694,50,50,1,-1,-1,-1
176,2,492,682,50,50,1,-1,-1,-1
176,3,488,876,50,50,1,-1,-1,-1
176,4,564,718,50,50,1,-1,-1,-1
177,2,492,830,50,50,1,-1,-1,-1
177,3,485,675,50,50,1,-1,-1,-1
177,4,570,746,50,50,1,-1,-1,-1
178,2,384,1225,50,50,1,-1,-1,-1
178,3,479,671,50,50,1,-1,-1,-1
178,4,576,781,50,50,1,-1,-1,-1
179,2,394,1259,50,50,1,-1,-1,-1
179,3,501,754,50,50,1,-1,-1,-1
179,4,583,821,50,50,1,-1,-1,-1
180,4,590,866,50,50,1,-1,-1,-1
181,2,514,677,50,50,1,-1,-1,-1
181,3,605,972,50,50,1,-1,-1,-1
181,4,455,708,50,50,1,-1,-1,-1
182,2,519,665,50,50,1,-1,-1,-1
182,3,536,917,50,50,1,-1,-1,-1
182,4,450,730,50,50,1,-1,-1,-1
183,2,525,655,50,50,1,-1,-1,-1
183,3,445,757,50,50,1,-1,-1,-1
183,4,530,884,50,50,1,-1,-1,-1
184,2,531,650,50,50,1,-1,-1,-1
184,3,439,791,50,50,1,-1,-1,-1
184,4,621,1153,50,50,1,-1,-1,-1
185,2,534,650,50,50,1,-1,-1,-1
185,3,434,829,50,50,1,-1,-1,-1
185,4,621,1187,50,50,1,-1,-1,-1
186,2,541,655,50,50,1,-1,-1,-1
186,3,429,873,50,50,1,-1,-1,-1
186,4,618,1231,50,50,1,-1,-1,-1
187,2,547,665,50,50,1,-1,-1,-1
187,3,424,922,50,50,1,-1,-1,-1
187,4,509,764,50,50,1,-1,-1,-1
188,2,552,681,50,50,1,-1,-1,-1
188,3,419,977,50,50,1,-1,-1,-1
188,4,505,748,50,50,1,-1,-1,-1
189,2,559,700,50,50,1,-1,-1,-1
189,4,500,736,50,50,1,-1,-1,-1
190,2,565,726,50,50,1,-1,-1,-1
190,3,511,878,50,50,1,-1,-1,-1
190,4,497,731,50,50,1,-1,-1,-1
191,2,572,757,50,50,1,-1,-1,-1
191,3,518,836,50,50,1,-1,-1,-1
191,4,492,730,50,50,1,-1,-1,-1
192,2,553,796,50,50,1,-1,-1,-1
192,3,570,1196,50,50,1,-1,-1,-1
192,4,488,734,50,50,1,-1,-1,-1
193,2,586,834,50,50,1,-1,-1,-1
193,3,418,1254,50,50,1,-1,-1,-1
194,2,593,881,50,50,1,-1,-1,-1
194,3,438,1291,50,50,1,-1,-1,-1
194,4,480,757,50,50,1,-1,-1,-1
195,2,600,932,50,50,1,-1,-1,-1
195,3,457,1313,50,50,1,-1,-1,-1
195,4,477,776,50,50,1,-1,-1,-1
196,2,609,991,50,50,1,-1,-1,-1
196,3,553,709,50,50,1,-1,-1,-1
196,4,474,800,50,50,1,-1,-1,-1
197,2,522,889,50,50,1,-1,-1,-1
197,3,561,700,50,50,1,-1,-1,-1
197,4,470,831,50,50,1,-1,-1,-1
198,2,570,694,50,50,1,-1,-1,-1
198,3,494,1244,50,50,1,-1,-1,-1
198,4,491,856,50,50,1,-1,-1,-1
199,2,576,694,50,50,1,-1,-1,-1
199,3,625,1172,50,50,1,-1,-1,-1
199,4,464,905,50,50,1,-1,-1,-1
200,2,498,781,50,50,1,-1,-1,-1
200,3,584,698,50,50,1,-1,-1,-1
200,4,461,951,50,50,1,-1,-1,-1
201,2,490,756,50,50,1,-1,-1,-1
201,3,592,709,50,50,1,-1,-1,-1
201,4,458,1003,50,50,1,-1,-1,-1
202,2,482,736,50,50,1,-1,-1,-1
202,3,601,723,50,50,1,-1,-1,-1
203,2,474,720,50,50,1,-1,-1,-1
203,3,609,743,50,50,1,-1,-1,-1
203,4,513,912,50,50,1,-1,-1,-1
204,2,466,710,50,50,1,-1,-1,-1
204,3,618,768,50,50,1,-1,-1,-1
204,4,517,872,50,50,1,-1,-1,-1
205,2,458,706,50,50,1,-1,-1,-1
205,3,626,798,50,50,1,-1,-1,-1
205,4,520,829,50,50,1,-1,-1,-1
206,2,451,707,50,50,1,-1,-1,-1
206,3,635,834,50,50,1,-1,-1,-1
206,4,523,793,50,50,1,-1,-1,-1
207,2,446,712,50,50,1,-1,-1,-1
207,3,646,874,50,50,1,-1,-1,-1
207,4,526,763,50,50,1,-1,-1,-1
208,2,439,723,50,50,1,-1,-1,-1
208,3,654,920,50,50,1,-1,-1,-1
208,4,529,737,50,50,1,-1,-1,-1
209,2,431,739,50,50,1,-1,-1,-1
209,3,664,972,50,50,1,-1,-1,-1
209,4,532,716,50,50,1,-1,-1,-1
210,2,420,786,50,50,1,-1,-1,-1
210,3,534,875,50,50,1,-1,-1,-1
210,4,539,691,50,50,1,-1,-1,-1
211,2,413,817,50,50,1,-1,-1,-1
211,3,523,837,50,50,1,-1,-1,-1
211,4,542,686,50,50,1,-1,-1,-1
212,2,407,854,50,50,1,-1,-1,-1
212,3,512,805,50,50,1,-1,-1,-1
212,4,546,685,50,50,1,-1,-1,-1
213,2,399,896,50,50,1,-1,-1,-1
213,3,502,777,50,50,1,-1,-1,-1
213,4,550,690,50,50,1,-1,-1,-1
214,2,395,945,50,50,1,-1,-1,-1
214,3,491,756,50,50,1,-1,-1,-1
214,4,554,700,50,50,1,-1,-1,-1
215,2,387,997,50,50,1,-1,-1,-1
215,3,481,739,50,50,1,-1,-1,-1
215,4,559,714,50,50,1,-1,-1,-1
216,2,510,891,50,50,1,-1,-1,-1
216,3,472,728,50,50,1,-1,-1,-1
216,4,563,734,50,50,1,-1,-1,-1
217,2,517,849,50,50,1,-1,-1,-1
217,3,462,723,50,50,1,-1,-1,-1
217,4,568,758,50,50,1,-1,-1,-1
218,3,452,721,50,50,1,-1,-1,-1
219,2,385,1221,50,50,1,-1,-1,-1
219,3,444,725,50,50,1,-1,-1,-1
220,2,402,1263,50,50,1,-1,-1,-1
220,3,433,735,50,50,1,-1,-1,-1
220,4,584,864,50,50,1,-1,-1,-1
221,2,425,1296,50,50,1,-1,-1,-1
221,3,425,749,50,50,1,-1,-1,-1
221,4,542,735,50,50,1,-1,-1,-1
222,3,414,768,50,50,1,-1,-1,-1
222,4,549,720,50,50,1,-1,-1,-1
223,2,456,1305,50,50,1,-1,-1,-1
223,3,408,793,50,50,1,-1,-1,-1
223,4,556,709,50,50,1,-1,-1,-1
224,2,524,900,50,50,1,-1,-1,-1
224,3,399,823,50,50,1,-1,-1,-1
224,4,562,704,50,50,1,-1,-1,-1
225,2,517,861,50,50,1,-1,-1,-1
225,3,389,859,50,50,1,-1,-1,-1
225,4,569,704,50,50,1,-1,-1,-1
226,2,511,824,50,50,1,-1,-1,-1
226,3,381,900,50,50,1,-1,-1,-1
226,4,577,708,50,50,1,-1,-1,-1
227,2,504,793,50,50,1,-1,-1,-1
227,3,372,947,50,50,1,-1,-1,-1
227,4,583,717,50,50,1,-1,-1,-1
228,2,498,766,50,50,1,-1,-1,-1
228,3,362,998,50,50,1,-1,-1,-1
228,4,591,731,50,50,1,-1,-1,-1
229,2,491,746,50,50,1,-1,-1,-1
229,3,477,959,50,50,1,-1,-1,-1
229,4,598,750,50,50,1,-1,-1,-1
230,2,484,731,50,50,1,-1,-1,-1
230,3,481,909,50,50,1,-1,-1,-1
230,4,606,773,50,50,1,-1,-1,-1
231,2,478,720,50,50,1,-1,-1,-1
231,3,484,866,50,50,1,-1,-1,-1
231,4,614,803,50,50,1,-1,-1,-1
232,2,473,716,50,50,1,-1,-1,-1
232,3,486,828,50,50,1,-1,-1,-1
232,4,622,838,50,50,1,-1,-1,-1
233,2,467,716,50,50,1,-1,-1,-1
233,3,488,794,50,50,1,-1,-1,-1
233,4,632,877,50,50,1,-1,-1,-1
234,3,379,1284,50,50,1,-1,-1,-1
234,4,641,922,50,50,1,-1,-1,-1
235,2,475,737,50,50,1,-1,-1,-1
235,4,649,972,50,50,1,-1,-1,-1
236,2,475,737,50,50,1,-1,-1,-1
236,4,649,972,50,50,1,-1,-1,-1
237,2,504,709,50,50,1,-1,-1,-1
237,3,521,874,50,50,1,-1,-1,-1
237,4,670,1144,50,50,1,-1,-1,-1
238,2,507,708,50,50,1,-1,-1,-1
238,3,512,836,50,50,1,-1,-1,-1
238,4,454,1260,50,50,1,-1,-1,-1
239,2,510,711,50,50,1,-1,-1,-1
239,3,504,805,50,50,1,-1,-1,-1
239,4,460,1197,50,50,1,-1,-1,-1
240,2,515,719,50,50,1,-1,-1,-1
240,3,428,897,50,50,1,-1,-1,-1
240,4,636,1250,50,50,1,-1,-1,-1
241,2,503,746,50,50,1,-1,-1,-1
241,3,423,944,50,50,1,-1,-1,-1
241,4,608,1286,50,50,1,-1,-1,-1
242,2,502,748,50,50,1,-1,-1,-1
242,3,426,1120,50,50,1,-1,-1,-1
243,2,471,733,50,50,1,-1,-1,-1
243,4,526,775,50,50,1,-1,-1,-1
244,2,463,726,50,50,1,-1,-1,-1
244,3,531,806,50,50,1,-1,-1,-1
244,4,493,894,50,50,1,-1,-1,-1
245,2,456,725,50,50,1,-1,-1,-1
245,3,528,1233,50,50,1,-1,-1,-1
245,4,516,847,50,50,1,-1,-1,-1
246,2,449,730,50,50,1,-1,-1,-1
246,3,408,1204,50,50,1,-1,-1,-1
246,4,506,817,50,50,1,-1,-1,-1
247,2,443,740,50,50,1,-1,-1,-1
247,3,419,1249,50,50,1,-1,-1,-1
247,4,513,787,50,50,1,-1,-1,-1
248,2,437,755,50,50,1,-1,-1,-1
248,3,544,1126,50,50,1,-1,-1,-1
248,4,522,762,50,50,1,-1,-1,-1
249,2,429,775,50,50,1,-1,-1,-1
249,4,530,741,50,50,1,-1,-1,-1
250,2,421,799,50,50,1,-1,-1,-1
250,4,536,727,50,50,1,-1,-1,-1
251,2,415,829,50,50,1,-1,-1,-1
251,3,486,882,50,50,1,-1,-1,-1
251,4,543,718,50,50,1,-1,-1,-1
252,2,408,865,50,50,1,-1,-1,-1
252,3,481,844,50,50,1,-1,-1,-1
252,4,551,712,50,50,1,-1,-1,-1
253,2,402,907,50,50,1,-1,-1,-1
253,3,477,812,50,50,1,-1,-1,-1
253,4,558,712,50,50,1,-1,-1,-1
254,2,395,953,50,50,1,-1,-1,-1
254,3,473,785,50,50,1,-1,-1,-1
254,4,566,716,50,50,1,-1,-1,-1
255,2,390,1006,50,50,1,-1,-1,-1
255,3,468,764,50,50,1,-1,-1,-1
255,4,574,726,50,50,1,-1,-1,-1
256,3,465,747,50,50,1,-1,-1,-1
256,4,583,740,50,50,1,-1,-1,-1
257,2,488,873,50,50,1,-1,-1,-1
257,3,460,736,50,50,1,-1,-1,-1
257,4,592,761,50,50,1,-1,-1,-1
258,2,493,831,50,50,1,-1,-1,-1
258,3,456,730,50,50,1,-1,-1,-1
258,4,601,787,50,50,1,-1,-1,-1
259,2,499,795,50,50,1,-1,-1,-1
259,3,453,729,50,50,1,-1,-1,-1
259,4,610,817,50,50,1,-1,-1,-1
260,2,504,764,50,50,1,-1,-1,-1
260,3,449,733,50,50,1,-1,-1,-1
260,4,619,853,50,50,1,-1,-1,-1
261,2,510,738,50,50,1,-1,-1,-1
261,3,446,742,50,50,1,-1,-1,-1
261,4,628,894,50,50,1,-1,-1,-1
262,2,515,717,50,50,1,-1,-1,-1
262,3,443,757,50,50,1,-1,-1,-1
262,4,638,940,50,50,1,-1,-1,-1
263,2,520,702,50,50,1,-1,-1,-1
263,3,440,775,50,50,1,-1,-1,-1
263,4,648,991,50,50,1,-1,-1,-1
264,2,527,692,50,50,1,-1,-1,-1
264,3,436,800,50,50,1,-1,-1,-1
264,4,516,884,50,50,1,-1,-1,-1
265,2,532,687,50,50,1,-1,-1,-1
265,3,435,829,50,50,1,-1,-1,-1
265,4,509,843,50,50,1,-1,-1,-1
266,2,545,691,50,50,1,-1,-1,-1
266,3,429,904,50,50,1,-1,-1,-1
266,4,497,779,50,50,1,-1,-1,-1
267,2,551,700,50,50,1,-1,-1,-1
267,3,427,950,50,50,1,-1,-1,-1
267,4,491,757,50,50,1,-1,-1,-1
268,2,559,713,50,50,1,-1,-1,-1
268,3,426,1000,50,50,1,-1,-1,-1
268,4,484,738,50,50,1,-1,-1,-1
269,2,566,733,50,50,1,-1,-1,-1
269,3,495,918,50,50,1,-1,-1,-1
269,4,479,723,50,50,1,-1,-1,-1
270,2,573,757,50,50,1,-1,-1,-1
270,3,501,875,50,50,1,-1,-1,-1
270,4,473,715,50,50,1,-1,-1,-1
271,2,580,788,50,50,1,-1,-1,-1
271,3,507,833,50,50,1,-1,-1,-1
271,4,465,711,50,50,1,-1,-1,-1
272,2,587,823,50,50,1,-1,-1,-1
272,3,512,795,50,50,1,-1,-1,-1
272,4,459,714,50,50,1,-1,-1,-1
273,2,594,862,50,50,1,-1,-1,-1
273,3,518,765,50,50,1,-1,-1,-1
273,4,453,722,50,50,1,-1,-1,-1
274,2,603,907,50,50,1,-1,-1,-1
274,3,524,739,50,50,1,-1,-1,-1
274,4,449,735,50,50,1,-1,-1,-1
275,2,611,958,50,50,1,-1,-1,-1
275,3,530,717,50,50,1,-1,-1,-1
275,4,443,753,50,50,1,-1,-1,-1
276,2,621,1016,50,50,1,-1,-1,-1
276,3,535,702,50,50,1,-1,-1,-1
276,4,438,774,50,50,1,-1,-1,-1
277,2,523,907,50,50,1,-1,-1,-1
277,3,541,690,50,50,1,-1,-1,-1
277,4,432,802,50,50,1,-1,-1,-1
278,2,514,870,50,50,1,-1,-1,-1
278,3,548,685,50,50,1,-1,-1,-1
278,4,427,835,50,50,1,-1,-1,-1
279,2,506,832,50,50,1,-1,-1,-1
279,3,553,685,50,50,1,-1,-1,-1
279,4,422,875,50,50,1,-1,-1,-1
280,2,499,801,50,50,1,-1,-1,-1
280,3,561,689,50,50,1,-1,-1,-1
280,4,419,918,50,50,1,-1,-1,-1
281,2,492,775,50,50,1,-1,-1,-1
281,3,568,698,50,50,1,-1,-1,-1
281,4,414,968,50,50,1,-1,-1,-1
282,2,484,755,50,50,1,-1,-1,-1
282,3,574,713,50,50,1,-1,-1,-1
282,4,613,1286,50,50,1,-1,-1,-1
283,2,476,739,50,50,1,-1,-1,-1
283,3,581,732,50,50,1,-1,-1,-1
283,4,499,901,50,50,1,-1,-1,-1
284,2,469,728,50,50,1,-1,-1,-1
284,3,589,758,50,50,1,-1,-1,-1
284,4,503,852,50,50,1,-1,-1,-1
285,2,462,722,50,50,1,-1,-1,-1
285,3,596,787,50,50,1,-1,-1,-1
285,4,510,807,50,50,1,-1,-1,-1
286,2,455,723,50,50,1,-1,-1,-1
286,3,604,823,50,50,1,-1,-1,-1
286,4,516,768,50,50,1,-1,-1,-1
287,2,448,728,50,50,1,-1,-1,-1
287,3,612,864,50,50,1,-1,-1,-1
287,4,522,733,50,50,1,-1,-1,-1
288,2,442,739,50,50,1,-1,-1,-1
288,3,621,911,50,50,1,-1,-1,-1
288,4,527,704,50,50,1,-1,-1,-1
289,2,436,755,50,50,1,-1,-1,-1
289,3,629,963,50,50,1,-1,-1,-1
289,4,534,680,50,50,1,-1,-1,-1
290,2,429,775,50,50,1,-1,-1,-1
290,3,542,922,50,50,1,-1,-1,-1
290,4,540,662,50,50,1,-1,-1,-1
291,2,422,800,50,50,1,-1,-1,-1
291,3,532,886,50,50,1,-1,-1,-1
291,4,546,649,50,50,1,-1,-1,-1
292,2,417,831,50,50,1,-1,-1,-1
292,3,525,846,50,50,1,-1,-1,-1
292,4,552,641,50,50,1,-1,-1,-1
293,2,404,911,50,50,1,-1,-1,-1
293,3,512,781,50,50,1,-1,-1,-1
293,4,566,638,50,50,1,-1,-1,-1
294,2,399,957,50,50,1,-1,-1,-1
294,3,506,757,50,50,1,-1,-1,-1
294,4,573,645,50,50,1,-1,-1,-1
295,2,394,1011,50,50,1,-1,-1,-1
295,3,500,738,50,50,1,-1,-1,-1
295,4,579,657,50,50,1,-1,-1,-1
296,2,496,886,50,50,1,-1,-1,-1
296,3,494,724,50,50,1,-1,-1,-1
296,4,588,673,50,50,1,-1,-1,-1
297,2,500,835,50,50,1,-1,-1,-1
297,3,488,716,50,50,1,-1,-1,-1
297,4,596,696,50,50,1,-1,-1,-1
298,2,505,789,50,50,1,-1,-1,-1
298,3,482,712,50,50,1,-1,-1,-1
298,4,603,723,50,50,1,-1,-1,-1
299,2,383,1233,50,50,1,-1,-1,-1
299,4,612,754,50,50,1,-1,-1,-1
300,2,397,1271,50,50,1,-1,-1,-1
300,3,498,715,50,50,1,-1,-1,-1
300,4,619,793,50,50,1,-1,-1,-1
301,2,521,682,50,50,1,-1,-1,-1
301,3,465,733,50,50,1,-1,-1,-1
301,4,628,836,50,50,1,-1,-1,-1
302,2,525,658,50,50,1,-1,-1,-1
302,3,459,749,50,50,1,-1,-1,-1
302,4,638,885,50,50,1,-1,-1,-1
303,2,550,915,50,50,1,-1,-1,-1
303,3,455,771,50,50,1,-1,-1,-1
303,4,647,940,50,50,1,-1,-1,-1
304,2,537,624,50,50,1,-1,-1,-1
304,3,450,797,50,50,1,-1,-1,-1
304,4,541,869,50,50,1,-1,-1,-1
305,2,543,614,50,50,1,-1,-1,-1
305,3,446,829,50,50,1,-1,-1,-1
305,4,535,820,50,50,1,-1,-1,-1
306,2,550,611,50,50,1,-1,-1,-1
306,3,442,866,50,50,1,-1,-1,-1
306,4,530,778,50,50,1,-1,-1,-1
307,2,557,612,50,50,1,-1,-1,-1
307,3,437,909,50,50,1,-1,-1,-1
307,4,525,742,50,50,1,-1,-1,-1
308,2,563,615,50,50,1,-1,-1,-1
308,3,432,956,50,50,1,-1,-1,-1
308,4,520,710,50,50,1,-1,-1,-1
309,2,570,626,50,50,1,-1,-1,-1
309,3,429,1008,50,50,1,-1,-1,-1
309,4,515,683,50,50,1,-1,-1,-1
310,2,578,644,50,50,1,-1,-1,-1
310,3,492,912,50,50,1,-1,-1,-1
310,4,510,664,50,50,1,-1,-1,-1
311,2,585,666,50,50,1,-1,-1,-1
311,3,498,864,50,50,1,-1,-1,-1
311,4,505,649,50,50,1,-1,-1,-1
312,2,593,694,50,50,1,-1,-1,-1
312,3,503,818,50,50,1,-1,-1,-1
312,4,501,639,50,50,1,-1,-1,-1
313,2,602,727,50,50,1,-1,-1,-1
313,3,509,780,50,50,1,-1,-1,-1
313,4,497,635,50,50,1,-1,-1,-1
314,2,610,766,50,50,1,-1,-1,-1
314,3,515,745,50,50,1,-1,-1,-1
314,4,493,634,50,50,1,-1,-1,-1
315,2,617,810,50,50,1,-1,-1,-1
315,3,521,715,50,50,1,-1,-1,-1
315,4,490,639,50,50,1,-1,-1,-1
316,2,626,859,50,50,1,-1,-1,-1
316,3,441,1310,50,50,1,-1,-1,-1
317,2,636,916,50,50,1,-1,-1,-1
317,3,450,1322,50,50,1,-1,-1,-1
317,4,505,669,50,50,1,-1,-1,-1
318,2,646,979,50,50,1,-1,-1,-1
319,2,543,653,50,50,1,-1,-1,-1
319,3,522,857,50,50,1,-1,-1,-1
319,4,476,710,50,50,1,-1,-1,-1
320,2,515,815,50,50,1,-1,-1,-1
320,3,550,650,50,50,1,-1,-1,-1
320,4,472,743,50,50,1,-1,-1,-1
321,2,500,752,50,50,1,-1,-1,-1
321,3,564,657,50,50,1,-1,-1,-1
321,4,468,823,50,50,1,-1,-1,-1
322,2,492,727,50,50,1,-1,-1,-1
322,3,570,669,50,50,1,-1,-1,-1
322,4,465,870,50,50,1,-1,-1,-1
323,2,484,707,50,50,1,-1,-1,-1
323,3,577,684,50,50,1,-1,-1,-1
323,4,462,923,50,50,1,-1,-1,-1
324,2,478,694,50,50,1,-1,-1,-1
324,3,583,706,50,50,1,-1,-1,-1
324,4,459,983,50,50,1,-1,-1,-1
325,2,470,685,50,50,1,-1,-1,-1
325,3,591,733,50,50,1,-1,-1,-1
325,4,531,865,50,50,1,-1,-1,-1
326,2,464,683,50,50,1,-1,-1,-1
326,3,598,765,50,50,1,-1,-1,-1
326,4,539,819,50,50,1,-1,-1,-1
327,2,457,686,50,50,1,-1,-1,-1
327,4,450,1182,50,50,1,-1,-1,-1
328,2,451,692,50,50,1,-1,-1,-1
328,3,615,844,50,50,1,-1,-1,-1
328,4,456,1226,50,50,1,-1,-1,-1
329,2,445,705,50,50,1,-1,-1,-1
329,3,624,890,50,50,1,-1,-1,-1
329,4,559,717,50,50,1,-1,-1,-1
330,2,439,723,50,50,1,-1,-1,-1
330,3,632,944,50,50,1,-1,-1,-1
330,4,567,694,50,50,1,-1,-1,-1
331,2,432,747,50,50,1,-1,-1,-1
331,4,575,676,50,50,1,-1,-1,-1
332,2,426,775,50,50,1,-1,-1,-1
332,4,583,663,50,50,1,-1,-1,-1
333,2,420,810,50,50,1,-1,-1,-1
333,3,488,1218,50,50,1,-1,-1,-1
333,4,591,655,50,50,1,-1,-1,-1
334,2,415,849,50,50,1,-1,-1,-1
334,3,666,1165,50,50,1,-1,-1,-1
334,4,598,652,50,50,1,-1,-1,-1
335,2,409,894,50,50,1,-1,-1,-1
335,3,662,1204,50,50,1,-1,-1,-1
335,4,607,655,50,50,1,-1,-1,-1
336,2,403,946,50,50,1,-1,-1,-1
336,3,650,1254,50,50,1,-1,-1,-1
336,4,614,662,50,50,1,-1,-1,-1
337,2,399,1003,50,50,1,-1,-1,-1
337,3,515,925,50,50,1,-1,-1,-1
337,4,624,672,50,50,1,-1,-1,-1
338,2,521,882,50,50,1,-1,-1,-1
338,3,473,701,50,50,1,-1,-1,-1
338,4,632,690,50,50,1,-1,-1,-1
339,2,526,833,50,50,1,-1,-1,-1
339,3,462,690,50,50,1,-1,-1,-1
339,4,641,712,50,50,1,-1,-1,-1
340,2,532,790,50,50,1,-1,-1,-1
340,3,453,684,50,50,1,-1,-1,-1
340,4,651,739,50,50,1,-1,-1,-1
341,2,538,752,50,50,1,-1,-1,-1
341,3,445,683,50,50,1,-1,-1,-1
341,4,661,771,50,50,1,-1,-1,-1
342,2,544,721,50,50,1,-1,-1,-1
342,3,435,685,50,50,1,-1,-1,-1
342,4,670,809,50,50,1,-1,-1,-1
343,2,550,694,50,50,1,-1,-1,-1
343,3,426,693,50,50,1,-1,-1,-1
343,4,681,851,50,50,1,-1,-1,-1
344,2,556,672,50,50,1,-1,-1,-1
344,3,418,708,50,50,1,-1,-1,-1
344,4,693,900,50,50,1,-1,-1,-1
345,2,563,657,50,50,1,-1,-1,-1
345,3,408,727,50,50,1,-1,-1,-1
345,4,702,953,50,50,1,-1,-1,-1
346,2,569,645,50,50,1,-1,-1,-1
346,3,399,750,50,50,1,-1,-1,-1
346,4,555,872,50,50,1,-1,-1,-1
347,2,575,639,50,50,1,-1,-1,-1
347,3,390,780,50,50,1,-1,-1,-1
347,4,545,833,50,50,1,-1,-1,-1
348,2,583,638,50,50,1,-1,-1,-1
348,3,383,815,50,50,1,-1,-1,-1
348,4,536,801,50,50,1,-1,-1,-1
349,2,596,651,50,50,1,-1,-1,-1
349,3,366,898,50,50,1,-1,-1,-1
349,4,518,751,50,50,1,-1,-1,-1
350,2,605,665,50,50,1,-1,-1,-1
350,3,358,948,50,50,1,-1,-1,-1
350,4,510,735,50,50,1,-1,-1,-1
351,2,612,685,50,50,1,-1,-1,-1
351,3,349,1003,50,50,1,-1,-1,-1
351,4,501,723,50,50,1,-1,-1,-1
352,2,620,709,50,50,1,-1,-1,-1
352,3,521,844,50,50,1,-1,-1,-1
352,4,493,717,50,50,1,-1,-1,-1
353,2,628,739,50,50,1,-1,-1,-1
353,3,529,801,50,50,1,-1,-1,-1
353,4,484,716,50,50,1,-1,-1,-1
354,2,636,773,50,50,1,-1,-1,-1
354,3,538,764,50,50,1,-1,-1,-1
354,4,477,720,50,50,1,-1,-1,-1
355,2,645,813,50,50,1,-1,-1,-1
355,3,547,731,50,50,1,-1,-1,-1
355,4,468,729,50,50,1,-1,-1,-1
356,2,654,859,50,50,1,-1,-1,-1
356,3,556,706,50,50,1,-1,-1,-1
356,4,460,743,50,50,1,-1,-1,-1
357,2,662,911,50,50,1,-1,-1,-1
357,3,565,684,50,50,1,-1,-1,-1
357,4,453,763,50,50,1,-1,-1,-1
358,2,673,968,50,50,1,-1,-1,-1
358,3,574,667,50,50,1,-1,-1,-1
358,4,446,787,50,50,1,-1,-1,-1
359,2,557,915,50,50,1,-1,-1,-1
359,3,582,656,50,50,1,-1,-1,-1
359,4,439,817,50,50,1,-1,-1,-1
360,2,546,876,50,50,1,-1,-1,-1
360,3,591,649,50,50,1,-1,-1,-1
360,4,431,851,50,50,1,-1,-1,-1
361,2,536,837,50,50,1,-1,-1,-1
361,3,601,647,50,50,1,-1,-1,-1
361,4,424,892,50,50,1,-1,-1,-1
362,2,527,805,50,50,1,-1,-1,-1
362,3,611,650,50,50,1,-1,-1,-1
362,4,418,940,50,50,1,-1,-1,-1
363,2,518,777,50,50,1,-1,-1,-1
363,3,488,1050,50,50,1,-1,-1,-1
363,4,411,992,50,50,1,-1,-1,-1
364,2,510,756,50,50,1,-1,-1,-1
364,4,630,672,50,50,1,-1,-1,-1
365,2,502,740,50,50,1,-1,-1,-1
365,3,397,1140,50,50,1,-1,-1,-1
365,4,640,690,50,50,1,-1,-1,-1
366,2,493,729,50,50,1,-1,-1,-1
366,3,383,1188,50,50,1,-1,-1,-1
366,4,500,881,50,50,1,-1,-1,-1
367,2,485,723,50,50,1,-1,-1,-1
367,3,662,741,50,50,1,-1,-1,-1
367,4,379,1233,50,50,1,-1,-1,-1
368,2,478,723,50,50,1,-1,-1,-1
368,3,672,774,50,50,1,-1,-1,-1
368,4,385,1268,50,50,1,-1,-1,-1
369,3,684,812,50,50,1,-1,-1,-1
369,4,402,1299,50,50,1,-1,-1,-1
370,3,694,855,50,50,1,-1,-1,-1
371,2,454,751,50,50,1,-1,-1,-1
371,3,706,903,50,50,1,-1,-1,-1
371,4,524,708,50,50,1,-1,-1,-1
372,2,447,770,50,50,1,-1,-1,-1
372,3,717,958,50,50,1,-1,-1,-1
372,4,529,690,50,50,1,-1,-1,-1
373,2,439,795,50,50,1,-1,-1,-1
373,3,562,881,50,50,1,-1,-1,-1
373,4,534,677,50,50,1,-1,-1,-1
374,2,433,826,50,50,1,-1,-1,-1
374,3,540,668,50,50,1,-1,-1,-1
374,4,550,839,50,50,1,-1,-1,-1
375,2,425,863,50,50,1,-1,-1,-1
375,3,545,665,50,50,1,-1,-1,-1
375,4,471,1201,50,50,1,-1,-1,-1
376,2,418,904,50,50,1,-1,-1,-1
376,3,528,774,50,50,1,-1,-1,-1
376,4,550,667,50,50,1,-1,-1,-1
377,2,407,1004,50,50,1,-1,-1,-1
377,3,486,994,50,50,1,-1,-1,-1
377,4,563,685,50,50,1,-1,-1,-1
378,2,499,715,50,50,1,-1,-1,-1
378,3,648,1286,50,50,1,-1,-1,-1
378,4,494,931,50,50,1,-1,-1,-1
379,2,488,704,50,50,1,-1,-1,-1
379,3,620,1298,50,50,1,-1,-1,-1
379,4,388,1147,50,50,1,-1,-1,-1
380,2,509,843,50,50,1,-1,-1,-1
380,3,385,1186,50,50,1,-1,-1,-1
380,4,582,753,50,50,1,-1,-1,-1
381,2,516,805,50,50,1,-1,-1,-1
381,3,469,702,50,50,1,-1,-1,-1
381,4,588,786,50,50,1,-1,-1,-1
382,2,458,709,50,50,1,-1,-1,-1
382,3,523,772,50,50,1,-1,-1,-1
382,4,596,824,50,50,1,-1,-1,-1
383,2,450,721,50,50,1,-1,-1,-1
383,3,530,745,50,50,1,-1,-1,-1
383,4,604,868,50,50,1,-1,-1,-1
384,2,441,738,50,50,1,-1,-1,-1
384,3,536,723,50,50,1,-1,-1,-1
384,4,612,917,50,50,1,-1,-1,-1
385,2,433,760,50,50,1,-1,-1,-1
385,3,543,706,50,50,1,-1,-1,-1
385,4,620,974,50,50,1,-1,-1,-1
386,2,423,786,50,50,1,-1,-1,-1
386,3,551,695,50,50,1,-1,-1,-1
386,4,522,906,50,50,1,-1,-1,-1
387,2,415,819,50,50,1,-1,-1,-1
387,3,558,688,50,50,1,-1,-1,-1
387,4,515,859,50,50,1,-1,-1,-1
388,2,406,857,50,50,1,-1,-1,-1
388,3,565,687,50,50,1,-1,-1,-1
388,4,505,813,50,50,1,-1,-1,-1
389,2,397,901,50,50,1,-1,-1,-1
389,3,573,689,50,50,1,-1,-1,-1
389,4,498,772,50,50,1,-1,-1,-1
390,2,389,949,50,50,1,-1,-1,-1
390,3,581,697,50,50,1,-1,-1,-1
390,4,490,737,50,50,1,-1,-1,-1
391,3,588,709,50,50,1,-1,-1,-1
391,4,482,706,50,50,1,-1,-1,-1
392,3,597,729,50,50,1,-1,-1,-1
392,4,473,682,50,50,1,-1,-1,-1
393,2,508,877,50,50,1,-1,-1,-1
393,3,605,754,50,50,1,-1,-1,-1
393,4,465,662,50,50,1,-1,-1,-1
394,2,515,834,50,50,1,-1,-1,-1
394,3,614,781,50,50,1,-1,-1,-1
394,4,458,648,50,50,1,-1,-1,-1
395,2,524,798,50,50,1,-1,-1,-1
395,3,623,816,50,50,1,-1,-1,-1
395,4,449,640,50,50,1,-1,-1,-1
396,2,533,767,50,50,1,-1,-1,-1
396,3,632,855,50,50,1,-1,-1,-1
396,4,443,636,50,50,1,-1,-1,-1
397,2,542,741,50,50,1,-1,-1,-1
397,3,642,901,50,50,1,-1,-1,-1
397,4,435,637,50,50,1,-1,-1,-1
398,2,550,721,50,50,1,-1,-1,-1
398,3,651,953,50,50,1,-1,-1,-1
398,4,430,643,50,50,1,-1,-1,-1
399,2,559,706,50,50,1,-1,-1,-1
399,3,662,1010,50,50,1,-1,-1,-1
399,4,423,657,50,50,1,-1,-1,-1
400,2,567,696,50,50,1,-1,-1,-1
400,3,530,891,50,50,1,-1,-1,-1
400,4,416,674,50,50,1,-1,-1,-1
401,2,576,690,50,50,1,-1,-1,-1
401,3,523,847,50,50,1,-1,-1,-1
401,4,410,697,50,50,1,-1,-1,-1
402,2,586,690,50,50,1,-1,-1,-1
402,3,515,807,50,50,1,-1,-1,-1
402,4,403,726,50,50,1,-1,-1,-1
403,2,596,695,50,50,1,-1,-1,-1
403,3,508,773,50,50,1,-1,-1,-1
403,4,397,759,50,50,1,-1,-1,-1
404,2,606,704,50,50,1,-1,-1,-1
404,3,501,744,50,50,1,-1,-1,-1
404,4,390,799,50,50,1,-1,-1,-1
405,2,616,719,50,50,1,-1,-1,-1
405,3,494,720,50,50,1,-1,-1,-1
405,4,383,844,50,50,1,-1,-1,-1
406,2,636,765,50,50,1,-1,-1,-1
406,3,480,688,50,50,1,-1,-1,-1
406,4,372,951,50,50,1,-1,-1,-1
407,2,647,797,50,50,1,-1,-1,-1
407,3,474,681,50,50,1,-1,-1,-1
407,4,605,1233,50,50,1,-1,-1,-1
408,2,659,834,50,50,1,-1,-1,-1
408,3,468,680,50,50,1,-1,-1,-1
408,4,596,1171,50,50,1,-1,-1,-1
409,2,670,877,50,50,1,-1,-1,-1
409,3,463,681,50,50,1,-1,-1,-1
409,4,526,743,50,50,1,-1,-1,-1
410,2,683,925,50,50,1,-1,-1,-1
410,3,456,689,50,50,1,-1,-1,-1
410,4,534,709,50,50,1,-1,-1,-1
411,2,696,978,50,50,1,-1,-1,-1
411,3,449,702,50,50,1,-1,-1,-1
411,4,541,680,50,50,1,-1,-1,-1
412,2,554,916,50,50,1,-1,-1,-1
412,3,443,721,50,50,1,-1,-1,-1
412,4,550,656,50,50,1,-1,-1,-1
413,2,542,876,50,50,1,-1,-1,-1
413,3,439,744,50,50,1,-1,-1,-1
413,4,559,637,50,50,1,-1,-1,-1
414,2,532,836,50,50,1,-1,-1,-1
414,3,433,774,50,50,1,-1,-1,-1
414,4,568,623,50,50,1,-1,-1,-1
415,2,522,802,50,50,1,-1,-1,-1
415,3,427,809,50,50,1,-1,-1,-1
415,4,576,614,50,50,1,-1,-1,-1
416,2,514,774,50,50,1,-1,-1,-1
416,3,421,849,50,50,1,-1,-1,-1
416,4,585,611,50,50,1,-1,-1,-1
417,2,505,752,50,50,1,-1,-1,-1
417,3,416,896,50,50,1,-1,-1,-1
417,4,594,612,50,50,1,-1,-1,-1
418,2,497,734,50,50,1,-1,-1,-1
418,3,412,949,50,50,1,-1,-1,-1
418,4,603,619,50,50,1,-1,-1,-1
419,2,488,722,50,50,1,-1,-1,-1
419,3,407,1006,50,50,1,-1,-1,-1
419,4,613,632,50,50,1,-1,-1,-1
420,2,480,716,50,50,1,-1,-1,-1
420,4,623,650,50,50,1,-1,-1,-1
421,2,471,713,50,50,1,-1,-1,-1
421,3,391,1152,50,50,1,-1,-1,-1
421,4,633,673,50,50,1,-1,-1,-1
422,2,463,717,50,50,1,-1,-1,-1
422,3,391,1200,50,50,1,-1,-1,-1
422,4,643,700,50,50,1,-1,-1,-1
423,2,455,727,50,50,1,-1,-1,-1
423,3,398,1246,50,50,1,-1,-1,-1
423,4,654,733,50,50,1,-1,-1,-1
424,2,448,740,50,50,1,-1,-1,-1
424,3,416,1290,50,50,1,-1,-1,-1
424,4,665,773,50,50,1,-1,-1,-1
425,2,441,759,50,50,1,-1,-1,-1
425,3,533,711,50,50,1,-1,-1,-1
425,4,676,818,50,50,1,-1,-1,-1
426,2,433,784,50,50,1,-1,-1,-1
426,3,540,685,50,50,1,-1,-1,-1
426,4,689,867,50,50,1,-1,-1,-1
427,2,425,815,50,50,1,-1,-1,-1
427,3,538,889,50,50,1,-1,-1,-1
427,4,701,924,50,50,1,-1,-1,-1
428,2,420,849,50,50,1,-1,-1,-1
428,3,461,1260,50,50,1,-1,-1,-1
428,4,527,839,50,50,1,-1,-1,-1
429,2,411,890,50,50,1,-1,-1,-1
429,3,564,637,50,50,1,-1,-1,-1
429,4,517,796,50,50,1,-1,-1,-1
430,2,405,937,50,50,1,-1,-1,-1
430,3,571,631,50,50,1,-1,-1,-1
430,4,508,758,50,50,1,-1,-1,-1
431,2,400,991,50,50,1,-1,-1,-1
431,3,580,632,50,50,1,-1,-1,-1
431,4,499,726,50,50,1,-1,-1,-1
432,2,392,1050,50,50,1,-1,-1,-1
432,3,588,636,50,50,1,-1,-1,-1
432,4,489,699,50,50,1,-1,-1,-1
433,2,378,1200,50,50,1,-1,-1,-1
433,3,606,661,50,50,1,-1,-1,-1
433,4,471,664,50,50,1,-1,-1,-1
434,2,377,1246,50,50,1,-1,-1,-1
434,3,615,682,50,50,1,-1,-1,-1
434,4,462,653,50,50,1,-1,-1,-1
435,2,608,1262,50,50,1,-1,-1,-1
435,3,625,707,50,50,1,-1,-1,-1
435,4,455,649,50,50,1,-1,-1,-1
436,2,403,1303,50,50,1,-1,-1,-1
436,3,634,739,50,50,1,-1,-1,-1
436,4,447,649,50,50,1,-1,-1,-1
437,2,514,709,50,50,1,-1,-1,-1
437,3,644,775,50,50,1,-1,-1,-1
437,4,440,654,50,50,1,-1,-1,-1
438,2,520,685,50,50,1,-1,-1,-1
438,3,655,818,50,50,1,-1,-1,-1
438,4,433,663,50,50,1,-1,-1,-1
439,2,526,666,50,50,1,-1,-1,-1
439,3,665,866,50,50,1,-1,-1,-1
439,4,424,681,50,50,1,-1,-1,-1
440,2,532,653,50,50,1,-1,-1,-1
440,3,676,921,50,50,1,-1,-1,-1
440,4,416,700,50,50,1,-1,-1,-1
441,2,539,644,50,50,1,-1,-1,-1
441,3,689,982,50,50,1,-1,-1,-1
441,4,410,726,50,50,1,-1,-1,-1
442,2,546,641,50,50,1,-1,-1,-1
442,3,518,830,50,50,1,-1,-1,-1
442,4,403,758,50,50,1,-1,-1,-1
443,2,552,643,50,50,1,-1,-1,-1
443,3,506,787,50,50,1,-1,-1,-1
443,4,396,794,50,50,1,-1,-1,-1
444,2,559,648,50,50,1,-1,-1,-1
444,3,496,751,50,50,1,-1,-1,-1
444,4,388,836,50,50,1,-1,-1,-1
445,2,566,661,50,50,1,-1,-1,-1
445,3,484,719,50,50,1,-1,-1,-1
445,4,382,883,50,50,1,-1,-1,-1
446,2,574,679,50,50,1,-1,-1,-1
446,3,472,694,50,50,1,-1,-1,-1
446,4,376,935,50,50,1,-1,-1,-1
447,2,582,701,50,50,1,-1,-1,-1
447,3,461,673,50,50,1,-1,-1,-1
447,4,368,995,50,50,1,-1,-1,-1
448,2,590,729,50,50,1,-1,-1,-1
448,3,451,659,50,50,1,-1,-1,-1
448,4,475,838,50,50,1,-1,-1,-1
449,2,598,763,50,50,1,-1,-1,-1
449,3,440,650,50,50,1,-1,-1,-1
449,4,480,797,50,50,1,-1,-1,-1
450,2,606,803,50,50,1,-1,-1,-1
450,3,429,646,50,50,1,-1,-1,-1
450,4,485,759,50,50,1,-1,-1,-1
451,2,615,847,50,50,1,-1,-1,-1
451,3,419,645,50,50,1,-1,-1,-1
451,4,489,726,50,50,1,-1,-1,-1
452,2,625,898,50,50,1,-1,-1,-1
452,3,411,653,50,50,1,-1,-1,-1
452,4,494,699,50,50,1,-1,-1,-1
453,2,635,956,50,50,1,-1,-1,-1
453,3,401,664,50,50,1,-1,-1,-1
453,4,500,678,50,50,1,-1,-1,-1
454,3,390,683,50,50,1,-1,-1,-1
454,4,506,663,50,50,1,-1,-1,-1
455,2,534,892,50,50,1,-1,-1,-1
455,3,381,706,50,50,1,-1,-1,-1
455,4,510,653,50,50,1,-1,-1,-1
456,2,529,849,50,50,1,-1,-1,-1
456,3,370,734,50,50,1,-1,-1,-1
456,4,516,646,50,50,1,-1,-1,-1
457,2,522,810,50,50,1,-1,-1,-1
457,3,360,767,50,50,1,-1,-1,-1
457,4,521,646,50,50,1,-1,-1,-1
458,2,518,777,50,50,1,-1,-1,-1
458,3,351,808,50,50,1,-1,-1,-1
458,4,528,650,50,50,1,-1,-1,-1
459,2,513,749,50,50,1,-1,-1,-1
459,3,342,854,50,50,1,-1,-1,-1
459,4,533,659,50,50,1,-1,-1,-1
460,2,508,726,50,50,1,-1,-1,-1
460,3,331,904,50,50,1,-1,-1,-1
460,4,540,674,50,50,1,-1,-1,-1
461,2,525,700,50,50,1,-1,-1,-1
462,2,494,692,50,50,1,-1,-1,-1
462,3,500,823,50,50,1,-1,-1,-1
462,4,560,746,50,50,1,-1,-1,-1
463,2,489,691,50,50,1,-1,-1,-1
463,3,572,1221,50,50,1,-1,-1,-1
463,4,539,784,50,50,1,-1,-1,-1
464,2,485,696,50,50,1,-1,-1,-1
464,3,519,758,50,50,1,-1,-1,-1
464,4,576,821,50,50,1,-1,-1,-1
465,2,481,704,50,50,1,-1,-1,-1
465,3,527,732,50,50,1,-1,-1,-1
465,4,583,869,50,50,1,-1,-1,-1
466,2,477,718,50,50,1,-1,-1,-1
466,3,536,713,50,50,1,-1,-1,-1
466,4,589,917,50,50,1,-1,-1,-1
467,2,472,738,50,50,1,-1,-1,-1
467,3,546,700,50,50,1,-1,-1,-1
467,4,600,975,50,50,1,-1,-1,-1
468,2,467,762,50,50,1,-1,-1,-1
468,3,555,692,50,50,1,-1,-1,-1
469,2,465,791,50,50,1,-1,-1,-1
469,3,565,688,50,50,1,-1,-1,-1
469,4,523,876,50,50,1,-1,-1,-1
470,2,488,832,50,50,1,-1,-1,-1
470,3,574,689,50,50,1,-1,-1,-1
470,4,612,1163,50,50,1,-1,-1,-1
471,2,459,865,50,50,1,-1,-1,-1
471,3,584,694,50,50,1,-1,-1,-1
471,4,612,1204,50,50,1,-1,-1,-1
472,2,456,911,50,50,1,-1,-1,-1
472,3,594,705,50,50,1,-1,-1,-1
472,4,613,1258,50,50,1,-1,-1,-1
473,2,457,1132,50,50,1,-1,-1,-1
473,3,605,721,50,50,1,-1,-1,-1
473,4,497,764,50,50,1,-1,-1,-1
474,2,610,1287,50,50,1,-1,-1,-1
474,3,614,742,50,50,1,-1,-1,-1
474,4,491,751,50,50,1,-1,-1,-1
475,2,603,1265,50,50,1,-1,-1,-1
475,3,626,767,50,50,1,-1,-1,-1
475,4,507,914,50,50,1,-1,-1,-1
476,2,448,1165,50,50,1,-1,-1,-1
476,3,636,799,50,50,1,-1,-1,-1
476,4,517,872,50,50,1,-1,-1,-1
477,2,527,825,50,50,1,-1,-1,-1
477,3,647,834,50,50,1,-1,-1,-1
477,4,474,740,50,50,1,-1,-1,-1
478,2,535,785,50,50,1,-1,-1,-1
478,3,657,875,50,50,1,-1,-1,-1
478,4,469,747,50,50,1,-1,-1,-1
479,2,545,749,50,50,1,-1,-1,-1
479,3,670,922,50,50,1,-1,-1,-1
479,4,463,758,50,50,1,-1,-1,-1
480,2,554,720,50,50,1,-1,-1,-1
480,3,682,973,50,50,1,-1,-1,-1
480,4,459,772,50,50,1,-1,-1,-1
481,2,564,695,50,50,1,-1,-1,-1
481,4,455,795,50,50,1,-1,-1,-1
482,2,574,676,50,50,1,-1,-1,-1
482,3,541,873,50,50,1,-1,-1,-1
482,4,450,821,50,50,1,-1,-1,-1
483,2,584,663,50,50,1,-1,-1,-1
483,3,533,837,50,50,1,-1,-1,-1
483,4,446,852,50,50,1,-1,-1,-1
484,2,595,653,50,50,1,-1,-1,-1
484,3,526,806,50,50,1,-1,-1,-1
484,4,439,889,50,50,1,-1,-1,-1
485,2,604,649,50,50,1,-1,-1,-1
485,3,518,780,50,50,1,-1,-1,-1
485,4,435,931,50,50,1,-1,-1,-1
486,2,614,649,50,50,1,-1,-1,-1
486,3,510,760,50,50,1,-1,-1,-1
486,4,432,978,50,50,1,-1,-1,-1
487,2,625,656,50,50,1,-1,-1,-1
487,3,503,746,50,50,1,-1,-1,-1
487,4,428,1030,50,50,1,-1,-1,-1
488,2,635,666,50,50,1,-1,-1,-1
488,3,496,736,50,50,1,-1,-1,-1
489,2,657,701,50,50,1,-1,-1,-1
489,3,481,733,50,50,1,-1,-1,-1
489,4,424,1196,50,50,1,-1,-1,-1
490,2,669,727,50,50,1,-1,-1,-1
490,3,474,739,50,50,1,-1,-1,-1
490,4,430,1233,50,50,1,-1,-1,-1
491,2,679,757,50,50,1,-1,-1,-1
491,3,468,750,50,50,1,-1,-1,-1
491,4,439,1270,50,50,1,-1,-1,-1
492,2,692,793,50,50,1,-1,-1,-1
492,3,461,766,50,50,1,-1,-1,-1
492,4,543,732,50,50,1,-1,-1,-1
493,2,705,836,50,50,1,-1,-1,-1
493,3,455,787,50,50,1,-1,-1,-1
493,4,549,713,50,50,1,-1,-1,-1
494,2,717,882,50,50,1,-1,-1,-1
494,3,448,815,50,50,1,-1,-1,-1
494,4,555,699,50,50,1,-1,-1,-1
495,2,730,933,50,50,1,-1,-1,-1
495,3,442,848,50,50,1,-1,-1,-1
495,4,561,690,50,50,1,-1,-1,-1
496,2,534,851,50,50,1,-1,-1,-1
496,3,436,886,50,50,1,-1,-1,-1
496,4,567,687,50,50,1,-1,-1,-1
497,2,525,822,50,50,1,-1,-1,-1
497,3,430,929,50,50,1,-1,-1,-1
497,4,574,686,50,50,1,-1,-1,-1
498,2,514,799,50,50,1,-1,-1,-1
498,3,425,980,50,50,1,-1,-1,-1
498,4,581,692,50,50,1,-1,-1,-1
499,2,504,780,50,50,1,-1,-1,-1
499,4,588,701,50,50,1,-1,-1,-1
500,2,495,767,50,50,1,-1,-1,-1
500,4,596,716,50,50,1,-1,-1,-1
501,2,485,760,50,50,1,-1,-1,-1
501,3,402,1171,50,50,1,-1,-1,-1
501,4,602,736,50,50,1,-1,-1,-1
502,2,475,757,50,50,1,-1,-1,-1
502,3,401,1205,50,50,1,-1,-1,-1
502,4,610,762,50,50,1,-1,-1,-1
503,2,466,759,50,50,1,-1,-1,-1
503,3,407,1238,50,50,1,-1,-1,-1
503,4,619,793,50,50,1,-1,-1,-1
504,2,458,766,50,50,1,-1,-1,-1
504,3,421,1272,50,50,1,-1,-1,-1
504,4,627,829,50,50,1,-1,-1,-1
505,2,448,779,50,50,1,-1,-1,-1
505,3,575,722,50,50,1,-1,-1,-1
505,4,636,871,50,50,1,-1,-1,-1
506,2,438,796,50,50,1,-1,-1,-1
506,3,585,698,50,50,1,-1,-1,-1
506,4,644,917,50,50,1,-1,-1,-1
507,2,429,818,50,50,1,-1,-1,-1
507,3,595,680,50,50,1,-1,-1,-1
507,4,652,968,50,50,1,-1,-1,-1
508,2,420,848,50,50,1,-1,-1,-1
508,3,606,665,50,50,1,-1,-1,-1
509,2,412,881,50,50,1,-1,-1,-1
509,3,616,656,50,50,1,-1,-1,-1
509,4,562,901,50,50,1,-1,-1,-1
510,2,403,919,50,50,1,-1,-1,-1
510,3,626,653,50,50,1,-1,-1,-1
510,4,553,851,50,50,1,-1,-1,-1
511,2,396,965,50,50,1,-1,-1,-1
511,3,637,653,50,50,1,-1,-1,-1
511,4,545,807,50,50,1,-1,-1,-1
512,2,387,1016,50,50,1,-1,-1,-1
512,3,648,661,50,50,1,-1,-1,-1
512,4,538,767,50,50,1,-1,-1,-1
513,2,656,1258,50,50,1,-1,-1,-1
513,3,659,671,50,50,1,-1,-1,-1
513,4,529,733,50,50,1,-1,-1,-1
514,2,645,1273,50,50,1,-1,-1,-1
514,3,670,688,50,50,1,-1,-1,-1
514,4,522,704,50,50,1,-1,-1,-1
515,2,636,1263,50,50,1,-1,-1,-1
515,3,682,709,50,50,1,-1,-1,-1
515,4,515,681,50,50,1,-1,-1,-1
516,2,626,1223,50,50,1,-1,-1,-1
516,3,695,736,50,50,1,-1,-1,-1
516,4,507,663,50,50,1,-1,-1,-1
517,2,382,1282,50,50,1,-1,-1,-1
517,3,708,768,50,50,1,-1,-1,-1
517,4,501,650,50,50,1,-1,-1,-1
518,2,532,686,50,50,1,-1,-1,-1
518,3,733,846,50,50,1,-1,-1,-1
518,4,488,640,50,50,1,-1,-1,-1
519,3,746,895,50,50,1,-1,-1,-1
520,2,546,642,50,50,1,-1,-1,-1
520,3,760,948,50,50,1,-1,-1,-1
520,4,475,649,50,50,1,-1,-1,-1
521,2,551,626,50,50,1,-1,-1,-1
521,3,566,862,50,50,1,-1,-1,-1
521,4,468,663,50,50,1,-1,-1,-1
522,2,558,620,50,50,1,-1,-1,-1
522,3,556,822,50,50,1,-1,-1,-1
522,4,462,682,50,50,1,-1,-1,-1
523,2,567,615,50,50,1,-1,-1,-1
523,3,547,787,50,50,1,-1,-1,-1
523,4,456,706,50,50,1,-1,-1,-1
524,2,574,616,50,50,1,-1,-1,-1
524,3,538,758,50,50,1,-1,-1,-1
524,4,451,735,50,50,1,-1,-1,-1
525,2,580,622,50,50,1,-1,-1,-1
525,3,528,735,50,50,1,-1,-1,-1
525,4,444,771,50,50,1,-1,-1,-1
526,2,589,633,50,50,1,-1,-1,-1
526,3,520,718,50,50,1,-1,-1,-1
526,4,439,813,50,50,1,-1,-1,-1
527,2,597,649,50,50,1,-1,-1,-1
527,3,511,704,50,50,1,-1,-1,-1
527,4,433,860,50,50,1,-1,-1,-1
528,2,605,671,50,50,1,-1,-1,-1
528,3,503,697,50,50,1,-1,-1,-1
528,4,428,913,50,50,1,-1,-1,-1
529,2,614,697,50,50,1,-1,-1,-1
529,3,495,694,50,50,1,-1,-1,-1
529,4,423,974,50,50,1,-1,-1,-1
530,2,622,730,50,50,1,-1,-1,-1
530,3,488,697,50,50,1,-1,-1,-1
530,4,527,803,50,50,1,-1,-1,-1
531,2,630,766,50,50,1,-1,-1,-1
531,3,479,704,50,50,1,-1,-1,-1
531,4,536,766,50,50,1,-1,-1,-1
532,2,640,810,50,50,1,-1,-1,-1
532,3,471,717,50,50,1,-1,-1,-1
532,4,545,734,50,50,1,-1,-1,-1
533,2,649,859,50,50,1,-1,-1,-1
533,3,463,736,50,50,1,-1,-1,-1
533,4,552,707,50,50,1,-1,-1,-1
534,2,658,913,50,50,1,-1,-1,-1
534,3,456,758,50,50,1,-1,-1,-1
534,4,561,685,50,50,1,-1,-1,-1
535,2,669,974,50,50,1,-1,-1,-1
535,3,449,785,50,50,1,-1,-1,-1
535,4,569,669,50,50,1,-1,-1,-1
536,3,442,820,50,50,1,-1,-1,-1
536,4,577,658,50,50,1,-1,-1,-1
537,2,532,832,50,50,1,-1,-1,-1
537,3,434,858,50,50,1,-1,-1,-1
537,4,586,651,50,50,1,-1,-1,-1
538,2,523,791,50,50,1,-1,-1,-1
538,3,428,903,50,50,1,-1,-1,-1
538,4,595,650,50,50,1,-1,-1,-1
539,2,514,754,50,50,1,-1,-1,-1
539,3,421,952,50,50,1,-1,-1,-1
539,4,605,654,50,50,1,-1,-1,-1
540,2,504,722,50,50,1,-1,-1,-1
540,3,416,1008,50,50,1,-1,-1,-1
540,4,614,662,50,50,1,-1,-1,-1
541,2,495,697,50,50,1,-1,-1,-1
541,3,655,1270,50,50,1,-1,-1,-1
541,4,624,676,50,50,1,-1,-1,-1
542,2,486,677,50,50,1,-1,-1,-1
542,3,645,1275,50,50,1,-1,-1,-1
542,4,633,694,50,50,1,-1,-1,-1
543,2,477,662,50,50,1,-1,-1,-1
543,3,633,1256,50,50,1,-1,-1,-1
543,4,644,718,50,50,1,-1,-1,-1
544,2,469,653,50,50,1,-1,-1,-1
544,3,408,1234,50,50,1,-1,-1,-1
544,4,653,747,50,50,1,-1,-1,-1
545,2,453,649,50,50,1,-1,-1,-1
545,3,429,1302,50,50,1,-1,-1,-1
545,4,675,821,50,50,1,-1,-1,-1
546,2,446,654,50,50,1,-1,-1,-1
546,3,534,670,50,50,1,-1,-1,-1
546,4,685,865,50,50,1,-1,-1,-1
547,2,438,667,50,50,1,-1,-1,-1
547,3,541,643,50,50,1,-1,-1,-1
547,4,697,914,50,50,1,-1,-1,-1
548,2,431,683,50,50,1,-1,-1,-1
548,3,565,887,50,50,1,-1,-1,-1
548,4,709,971,50,50,1,-1,-1,-1
549,2,422,705,50,50,1,-1,-1,-1
549,3,554,606,50,50,1,-1,-1,-1
549,4,554,841,50,50,1,-1,-1,-1
550,2,414,733,50,50,1,-1,-1,-1
550,3,543,803,50,50,1,-1,-1,-1
550,4,560,593,50,50,1,-1,-1,-1
551,2,408,766,50,50,1,-1,-1,-1
551,3,533,770,50,50,1,-1,-1,-1
551,4,567,588,50,50,1,-1,-1,-1
552,2,400,804,50,50,1,-1,-1,-1
552,3,575,587,50,50,1,-1,-1,-1
552,4,523,742,50,50,1,-1,-1,-1
553,2,394,848,50,50,1,-1,-1,-1
553,3,583,591,50,50,1,-1,-1,-1
553,4,513,721,50,50,1,-1,-1,-1
554,2,386,898,50,50,1,-1,-1,-1
554,3,590,598,50,50,1,-1,-1,-1
554,4,504,705,50,50,1,-1,-1,-1
555,2,379,955,50,50,1,-1,-1,-1
555,3,598,613,50,50,1,-1,-1,-1
555,4,495,693,50,50,1,-1,-1,-1
556,2,511,816,50,50,1,-1,-1,-1
556,3,606,631,50,50,1,-1,-1,-1
556,4,486,688,50,50,1,-1,-1,-1
557,2,517,771,50,50,1,-1,-1,-1
557,3,615,656,50,50,1,-1,-1,-1
557,4,478,687,50,50,1,-1,-1,-1
558,2,524,732,50,50,1,-1,-1,-1
558,3,624,684,50,50,1,-1,-1,-1
558,4,468,691,50,50,1,-1,-1,-1
559,2,530,698,50,50,1,-1,-1,-1
559,3,633,718,50,50,1,-1,-1,-1
559,4,461,700,50,50,1,-1,-1,-1
560,2,537,671,50,50,1,-1,-1,-1
560,3,642,758,50,50,1,-1,-1,-1
560,4,452,712,50,50,1,-1,-1,-1
561,2,543,648,50,50,1,-1,-1,-1
561,3,650,804,50,50,1,-1,-1,-1
561,4,444,732,50,50,1,-1,-1,-1
562,2,550,631,50,50,1,-1,-1,-1
562,3,660,854,50,50,1,-1,-1,-1
562,4,437,756,50,50,1,-1,-1,-1
563,2,557,617,50,50,1,-1,-1,-1
563,3,670,910,50,50,1,-1,-1,-1
563,4,429,785,50,50,1,-1,-1,-1
564,2,565,611,50,50,1,-1,-1,-1
564,3,681,972,50,50,1,-1,-1,-1
564,4,421,819,50,50,1,-1,-1,-1
565,2,573,609,50,50,1,-1,-1,-1
565,3,513,806,50,50,1,-1,-1,-1
565,4,414,857,50,50,1,-1,-1,-1
566,2,580,611,50,50,1,-1,-1,-1
566,3,502,771,50,50,1,-1,-1,-1
566,4,406,901,50,50,1,-1,-1,-1
567,2,588,619,50,50,1,-1,-1,-1
567,3,490,740,50,50,1,-1,-1,-1
567,4,400,950,50,50,1,-1,-1,-1
568,2,596,633,50,50,1,-1,-1,-1
568,3,478,715,50,50,1,-1,-1,-1
568,4,396,1005,50,50,1,-1,-1,-1
569,2,605,651,50,50,1,-1,-1,-1
569,3,467,696,50,50,1,-1,-1,-1
569,4,479,926,50,50,1,-1,-1,-1
570,2,614,675,50,50,1,-1,-1,-1
570,3,456,682,50,50,1,-1,-1,-1
570,4,486,870,50,50,1,-1,-1,-1
571,2,622,704,50,50,1,-1,-1,-1
571,3,445,674,50,50,1,-1,-1,-1
571,4,491,820,50,50,1,-1,-1,-1
572,2,631,738,50,50,1,-1,-1,-1
572,3,435,669,50,50,1,-1,-1,-1
572,4,498,775,50,50,1,-1,-1,-1
573,2,650,826,50,50,1,-1,-1,-1
573,3,414,678,50,50,1,-1,-1,-1
573,4,510,703,50,50,1,-1,-1,-1
574,2,660,877,50,50,1,-1,-1,-1
574,3,405,689,50,50,1,-1,-1,-1
574,4,516,673,50,50,1,-1,-1,-1
575,2,671,935,50,50,1,-1,-1,-1
575,3,394,706,50,50,1,-1,-1,-1
575,4,523,652,50,50,1,-1,-1,-1
576,3,384,729,50,50,1,-1,-1,-1
576,4,529,633,50,50,1,-1,-1,-1
577,2,691,1089,50,50,1,-1,-1,-1
577,3,374,757,50,50,1,-1,-1,-1
577,4,536,619,50,50,1,-1,-1,-1
578,2,461,1205,50,50,1,-1,-1,-1
578,3,365,789,50,50,1,-1,-1,-1
578,4,543,612,50,50,1,-1,-1,-1
579,2,533,791,50,50,1,-1,-1,-1
579,3,355,828,50,50,1,-1,-1,-1
579,4,551,609,50,50,1,-1,-1,-1
580,2,525,756,50,50,1,-1,-1,-1
580,3,346,871,50,50,1,-1,-1,-1
580,4,558,610,50,50,1,-1,-1,-1
581,2,518,727,50,50,1,-1,-1,-1
581,3,336,921,50,50,1,-1,-1,-1
581,4,566,616,50,50,1,-1,-1,-1
582,2,510,703,50,50,1,-1,-1,-1
582,3,327,977,50,50,1,-1,-1,-1
582,4,574,629,50,50,1,-1,-1,-1
583,2,503,684,50,50,1,-1,-1,-1
583,3,492,867,50,50,1,-1,-1,-1
583,4,581,645,50,50,1,-1,-1,-1
584,2,498,671,50,50,1,-1,-1,-1
584,3,498,818,50,50,1,-1,-1,-1
584,4,590,667,50,50,1,-1,-1,-1
585,2,491,663,50,50,1,-1,-1,-1
585,3,505,774,50,50,1,-1,-1,-1
585,4,598,695,50,50,1,-1,-1,-1
586,2,482,659,50,50,1,-1,-1,-1
586,3,512,736,50,50,1,-1,-1,-1
586,4,608,727,50,50,1,-1,-1,-1
587,4,616,764,50,50,1,-1,-1,-1
588,3,501,672,50,50,1,-1,-1,-1
588,4,625,808,50,50,1,-1,-1,-1
589,2,467,681,50,50,1,-1,-1,-1
589,3,532,654,50,50,1,-1,-1,-1
589,4,635,857,50,50,1,-1,-1,-1
590,2,460,699,50,50,1,-1,-1,-1
590,3,540,637,50,50,1,-1,-1,-1
590,4,645,911,50,50,1,-1,-1,-1
591,2,454,721,50,50,1,-1,-1,-1
591,3,549,624,50,50,1,-1,-1,-1
591,4,654,972,50,50,1,-1,-1,-1
592,2,449,750,50,50,1,-1,-1,-1
592,3,555,617,50,50,1,-1,-1,-1
592,4,532,855,50,50,1,-1,-1,-1
593,2,445,783,50,50,1,-1,-1,-1
593,3,564,615,50,50,1,-1,-1,-1
593,4,523,809,50,50,1,-1,-1,-1
594,2,440,821,50,50,1,-1,-1,-1
594,3,571,619,50,50,1,-1,-1,-1
594,4,515,769,50,50,1,-1,-1,-1
595,2,434,865,50,50,1,-1,-1,-1
595,3,579,625,50,50,1,-1,-1,-1
595,4,510,735,50,50,1,-1,-1,-1
596,2,430,915,50,50,1,-1,-1,-1
596,3,587,640,50,50,1,-1,-1,-1
596,4,502,706,50,50,1,-1,-1,-1
597,2,426,971,50,50,1,-1,-1,-1
597,3,596,658,50,50,1,-1,-1,-1
597,4,495,683,50,50,1,-1,-1,-1
598,2,505,907,50,50,1,-1,-1,-1
598,3,607,681,50,50,1,-1,-1,-1
598,4,488,664,50,50,1,-1,-1,-1
599,2,511,862,50,50,1,-1,-1,-1
599,3,615,710,50,50,1,-1,-1,-1
599,4,481,652,50,50,1,-1,-1,-1
600,2,516,817,50,50,1,-1,-1,-1
600,3,624,744,50,50,1,-1,-1,-1
600,4,475,645,50,50,1,-1,-1,-1
601,2,529,746,50,50,1,-1,-1,-1
601,3,644,829,50,50,1,-1,-1,-1
601,4,464,646,50,50,1,-1,-1,-1
602,2,534,718,50,50,1,-1,-1,-1
602,3,654,879,50,50,1,-1,-1,-1
602,4,458,654,50,50,1,-1,-1,-1
603,2,540,696,50,50,1,-1,-1,-1
603,3,665,936,50,50,1,-1,-1,-1
603,4,452,665,50,50,1,-1,-1,-1
604,2,546,679,50,50,1,-1,-1,-1
604,3,436,1210,50,50,1,-1,-1,-1
604,4,447,685,50,50,1,-1,-1,-1
605,2,552,668,50,50,1,-1,-1,-1
605,3,427,1196,50,50,1,-1,-1,-1
605,4,442,708,50,50,1,-1,-1,-1
606,2,558,661,50,50,1,-1,-1,-1
606,3,424,1180,50,50,1,-1,-1,-1
606,4,437,737,50,50,1,-1,-1,-1
607,2,566,659,50,50,1,-1,-1,-1
607,3,419,1168,50,50,1,-1,-1,-1
607,4,432,771,50,50,1,-1,-1,-1
608,2,572,662,50,50,1,-1,-1,-1
608,3,414,1157,50,50,1,-1,-1,-1
608,4,427,810,50,50,1,-1,-1,-1
609,2,578,671,50,50,1,-1,-1,-1
609,3,675,1162,50,50,1,-1,-1,-1
609,4,421,855,50,50,1,-1,-1,-1
610,2,586,683,50,50,1,-1,-1,-1
610,3,401,1142,50,50,1,-1,-1,-1
610,4,417,906,50,50,1,-1,-1,-1
611,2,593,702,50,50,1,-1,-1,-1
611,3,489,675,50,50,1,-1,-1,-1
611,4,413,961,50,50,1,-1,-1,-1
612,2,602,726,50,50,1,-1,-1,-1
612,3,480,664,50,50,1,-1,-1,-1
612,4,409,1024,50,50,1,-1,-1,-1
613,2,609,757,50,50,1,-1,-1,-1
613,3,472,659,50,50,1,-1,-1,-1
613,4,651,1162,50,50,1,-1,-1,-1
614,2,617,790,50,50,1,-1,-1,-1
614,3,464,658,50,50,1,-1,-1,-1
614,4,387,1137,50,50,1,-1,-1,-1
615,2,625,831,50,50,1,-1,-1,-1
615,3,457,663,50,50,1,-1,-1,-1
615,4,390,1146,50,50,1,-1,-1,-1
616,2,635,877,50,50,1,-1,-1,-1
616,3,449,673,50,50,1,-1,-1,-1
616,4,389,1157,50,50,1,-1,-1,-1
617,2,645,930,50,50,1,-1,-1,-1
617,3,442,688,50,50,1,-1,-1,-1
617,4,394,1164,50,50,1,-1,-1,-1
618,2,653,988,50,50,1,-1,-1,-1
618,3,436,709,50,50,1,-1,-1,-1
618,4,395,1170,50,50,1,-1,-1,-1
619,3,428,735,50,50,1,-1,-1,-1
619,4,395,1176,50,50,1,-1,-1,-1
620,3,422,765,50,50,1,-1,-1,-1
620,4,395,1178,50,50,1,-1,-1,-1
621,3,415,802,50,50,1,-1,-1,-1
622,3,407,844,50,50,1,-1,-1,-1
623,3,400,891,50,50,1,-1,-1,-1
624,3,395,945,50,50,1,-1,-1,-1
625,3,388,1004,50,50,1,-1,-1,-1
626,3,381,1072,50,50,1,-1,-1,-1
627,3,381,1072,50,50,1,-1,-1,-1
628,3,381,1072,50,50,1,-1,-1,-1
629,4,368,1190,50,50,1,-1,-1,-1
630,4,368,1190,50,50,1,-1,-1,-1
631,4,368,1190,50,50,1,-1,-1,-1
632,4,368,1190,50,50,1,-1,-1,-1
633,4,368,1190,50,50,1,-1,-1,-1
634,4,368,1190,50,50,1,-1,-1,-1
635,4,368,1190,50,50,1,-1,-1,-1
636,4,368,1190,50,50,1,-1,-1,-1
637,4,368,1190,50,50,1,-1,-1,-1
638,4,368,1190,50,50,1,-1,-1,-1
639,4,368,1190,50,50,1,-1,-1,-1
640,4,368,1190,50,50,1,-1,-1,-1
641,4,368,1190,50,50,1,-1,-1,-1
642,4,368,1190,50,50,1,-1,-1,-1
643,3,673,1227,50,50,1,-1,-1,-1
644,3,673,1252,50,50,1,-1,-1,-1
645,3,667,1276,50,50,1,-1,-1,-1
646,3,667,1276,50,50,1,-1,-1,-1
647,3,667,1276,50,50,1,-1,-1,-1
648,3,667,1276,50,50,1,-1,-1,-1
649,3,667,1276,50,50,1,-1,-1,-1
