2,1,394,1079,50,50,1,-1,-1,-1
2,2,577,1100,50,50,1,-1,-1,-1
3,1,388,1093,50,50,1,-1,-1,-1
3,2,576,1095,50,50,1,-1,-1,-1
4,1,393,1104,50,50,1,-1,-1,-1
4,2,576,1091,50,50,1,-1,-1,-1
5,1,395,1111,50,50,1,-1,-1,-1
5,2,577,1089,50,50,1,-1,-1,-1
6,1,398,1113,50,50,1,-1,-1,-1
6,2,577,1087,50,50,1,-1,-1,-1
7,1,402,1113,50,50,1,-1,-1,-1
7,2,578,1085,50,50,1,-1,-1,-1
8,1,406,1112,50,50,1,-1,-1,-1
8,2,580,1083,50,50,1,-1,-1,-1
9,1,408,1112,50,50,1,-1,-1,-1
9,2,583,1080,50,50,1,-1,-1,-1
10,1,411,1112,50,50,1,-1,-1,-1
10,2,586,1077,50,50,1,-1,-1,-1
11,1,413,1115,50,50,1,-1,-1,-1
11,2,590,1072,50,50,1,-1,-1,-1
12,1,413,1123,50,50,1,-1,-1,-1
12,2,596,1063,50,50,1,-1,-1,-1
13,1,413,1134,50,50,1,-1,-1,-1
13,2,605,1051,50,50,1,-1,-1,-1
14,1,412,1150,50,50,1,-1,-1,-1
14,2,613,1037,50,50,1,-1,-1,-1
15,1,410,1171,50,50,1,-1,-1,-1
15,2,620,1022,50,50,1,-1,-1,-1
16,1,407,1192,50,50,1,-1,-1,-1
16,2,629,1009,50,50,1,-1,-1,-1
17,1,404,1210,50,50,1,-1,-1,-1
17,2,636,999,50,50,1,-1,-1,-1
18,1,403,1217,50,50,1,-1,-1,-1
18,2,645,989,50,50,1,-1,-1,-1
19,1,403,1217,50,50,1,-1,-1,-1
19,2,652,982,50,50,1,-1,-1,-1
20,1,403,1208,50,50,1,-1,-1,-1
20,2,656,980,50,50,1,-1,-1,-1
21,1,406,1188,50,50,1,-1,-1,-1
21,2,656,981,50,50,1,-1,-1,-1
22,1,410,1151,50,50,1,-1,-1,-1
22,2,652,986,50,50,1,-1,-1,-1
23,1,414,1101,50,50,1,-1,-1,-1
23,2,643,992,50,50,1,-1,-1,-1
24,1,421,1054,50,50,1,-1,-1,-1
24,2,627,999,50,50,1,-1,-1,-1
25,1,430,1012,50,50,1,-1,-1,-1
25,2,606,1007,50,50,1,-1,-1,-1
26,1,440,973,50,50,1,-1,-1,-1
26,2,574,1018,50,50,1,-1,-1,-1
27,1,448,939,50,50,1,-1,-1,-1
27,2,539,1041,50,50,1,-1,-1,-1
28,1,456,910,50,50,1,-1,-1,-1
28,2,504,1063,50,50,1,-1,-1,-1
29,1,465,886,50,50,1,-1,-1,-1
29,2,473,1088,50,50,1,-1,-1,-1
30,1,474,868,50,50,1,-1,-1,-1
30,2,474,1110,50,50,1,-1,-1,-1
31,1,483,854,50,50,1,-1,-1,-1
31,2,471,1123,50,50,1,-1,-1,-1
32,1,491,845,50,50,1,-1,-1,-1
32,2,462,1125,50,50,1,-1,-1,-1
33,1,499,841,50,50,1,-1,-1,-1
33,2,452,1144,50,50,1,-1,-1,-1
34,1,509,842,50,50,1,-1,-1,-1
34,2,441,1167,50,50,1,-1,-1,-1
35,1,518,850,50,50,1,-1,-1,-1
35,2,428,1190,50,50,1,-1,-1,-1
36,1,526,861,50,50,1,-1,-1,-1
36,2,417,1207,50,50,1,-1,-1,-1
37,1,535,877,50,50,1,-1,-1,-1
37,2,410,1215,50,50,1,-1,-1,-1
38,1,542,899,50,50,1,-1,-1,-1
38,2,407,1211,50,50,1,-1,-1,-1
39,1,551,925,50,50,1,-1,-1,-1
39,2,406,1200,50,50,1,-1,-1,-1
40,1,559,956,50,50,1,-1,-1,-1
40,2,406,1178,50,50,1,-1,-1,-1
41,1,567,992,50,50,1,-1,-1,-1
41,2,409,1140,50,50,1,-1,-1,-1
42,1,576,1016,50,50,1,-1,-1,-1
42,2,413,1085,50,50,1,-1,-1,-1
43,1,587,1020,50,50,1,-1,-1,-1
43,2,420,1034,50,50,1,-1,-1,-1
44,1,590,1024,50,50,1,-1,-1,-1
44,2,428,986,50,50,1,-1,-1,-1
45,1,586,1025,50,50,1,-1,-1,-1
45,2,436,943,50,50,1,-1,-1,-1
46,1,581,1023,50,50,1,-1,-1,-1
46,2,443,905,50,50,1,-1,-1,-1
47,1,562,1023,50,50,1,-1,-1,-1
47,2,450,873,50,50,1,-1,-1,-1
48,1,535,1026,50,50,1,-1,-1,-1
48,2,457,844,50,50,1,-1,-1,-1
49,1,513,1040,50,50,1,-1,-1,-1
49,2,464,821,50,50,1,-1,-1,-1
50,1,492,1051,50,50,1,-1,-1,-1
50,2,472,802,50,50,1,-1,-1,-1
51,1,473,1066,50,50,1,-1,-1,-1
51,2,480,790,50,50,1,-1,-1,-1
52,1,462,1070,50,50,1,-1,-1,-1
52,2,487,782,50,50,1,-1,-1,-1
53,1,458,1083,50,50,1,-1,-1,-1
53,2,495,779,50,50,1,-1,-1,-1
54,1,453,1100,50,50,1,-1,-1,-1
54,2,502,782,50,50,1,-1,-1,-1
55,1,444,1121,50,50,1,-1,-1,-1
55,2,509,790,50,50,1,-1,-1,-1
56,1,435,1147,50,50,1,-1,-1,-1
56,2,517,802,50,50,1,-1,-1,-1
57,1,424,1172,50,50,1,-1,-1,-1
57,2,525,821,50,50,1,-1,-1,-1
58,1,415,1193,50,50,1,-1,-1,-1
58,2,532,844,50,50,1,-1,-1,-1
59,1,408,1202,50,50,1,-1,-1,-1
59,2,539,873,50,50,1,-1,-1,-1
60,1,406,1200,50,50,1,-1,-1,-1
60,2,546,906,50,50,1,-1,-1,-1
61,1,404,1187,50,50,1,-1,-1,-1
61,2,553,945,50,50,1,-1,-1,-1
62,1,405,1160,50,50,1,-1,-1,-1
62,2,561,986,50,50,1,-1,-1,-1
63,1,409,1118,50,50,1,-1,-1,-1
63,2,554,1018,50,50,1,-1,-1,-1
64,1,414,1067,50,50,1,-1,-1,-1
64,2,554,1017,50,50,1,-1,-1,-1
65,1,422,1020,50,50,1,-1,-1,-1
65,2,549,1014,50,50,1,-1,-1,-1
66,1,430,978,50,50,1,-1,-1,-1
66,2,543,1012,50,50,1,-1,-1,-1
67,1,437,940,50,50,1,-1,-1,-1
67,2,533,1017,50,50,1,-1,-1,-1
68,1,444,908,50,50,1,-1,-1,-1
68,2,520,1027,50,50,1,-1,-1,-1
69,1,451,880,50,50,1,-1,-1,-1
69,2,507,1042,50,50,1,-1,-1,-1
70,1,459,857,50,50,1,-1,-1,-1
70,2,493,1062,50,50,1,-1,-1,-1
71,1,466,840,50,50,1,-1,-1,-1
71,2,481,1086,50,50,1,-1,-1,-1
72,1,474,829,50,50,1,-1,-1,-1
72,2,476,1098,50,50,1,-1,-1,-1
73,1,481,821,50,50,1,-1,-1,-1
73,2,470,1105,50,50,1,-1,-1,-1
74,1,489,818,50,50,1,-1,-1,-1
74,2,461,1117,50,50,1,-1,-1,-1
75,1,497,821,50,50,1,-1,-1,-1
75,2,452,1136,50,50,1,-1,-1,-1
76,1,504,829,50,50,1,-1,-1,-1
76,2,438,1158,50,50,1,-1,-1,-1
77,1,511,843,50,50,1,-1,-1,-1
77,2,421,1182,50,50,1,-1,-1,-1
78,1,519,862,50,50,1,-1,-1,-1
78,2,404,1201,50,50,1,-1,-1,-1
79,1,526,885,50,50,1,-1,-1,-1
79,2,393,1204,50,50,1,-1,-1,-1
80,1,533,914,50,50,1,-1,-1,-1
80,2,387,1192,50,50,1,-1,-1,-1
81,1,539,947,50,50,1,-1,-1,-1
81,2,387,1162,50,50,1,-1,-1,-1
82,1,547,985,50,50,1,-1,-1,-1
82,2,391,1113,50,50,1,-1,-1,-1
83,1,561,998,50,50,1,-1,-1,-1
83,2,400,1060,50,50,1,-1,-1,-1
84,1,570,989,50,50,1,-1,-1,-1
84,2,410,1014,50,50,1,-1,-1,-1
85,1,576,1000,50,50,1,-1,-1,-1
85,2,420,970,50,50,1,-1,-1,-1
86,1,575,1004,50,50,1,-1,-1,-1
86,2,430,931,50,50,1,-1,-1,-1
87,1,575,1009,50,50,1,-1,-1,-1
87,2,440,898,50,50,1,-1,-1,-1
88,1,569,1015,50,50,1,-1,-1,-1
88,2,449,869,50,50,1,-1,-1,-1
89,1,551,1022,50,50,1,-1,-1,-1
89,2,458,846,50,50,1,-1,-1,-1
90,1,525,1036,50,50,1,-1,-1,-1
90,2,468,827,50,50,1,-1,-1,-1
91,1,499,1054,50,50,1,-1,-1,-1
91,2,478,814,50,50,1,-1,-1,-1
92,1,478,1075,50,50,1,-1,-1,-1
92,2,488,805,50,50,1,-1,-1,-1
93,1,459,1093,50,50,1,-1,-1,-1
93,2,498,802,50,50,1,-1,-1,-1
94,1,451,1096,50,50,1,-1,-1,-1
94,2,508,804,50,50,1,-1,-1,-1
95,1,444,1112,50,50,1,-1,-1,-1
95,2,517,812,50,50,1,-1,-1,-1
96,1,434,1134,50,50,1,-1,-1,-1
96,2,527,824,50,50,1,-1,-1,-1
97,1,421,1158,50,50,1,-1,-1,-1
97,2,536,841,50,50,1,-1,-1,-1
98,1,409,1180,50,50,1,-1,-1,-1
98,2,545,863,50,50,1,-1,-1,-1
99,1,399,1197,50,50,1,-1,-1,-1
99,2,555,891,50,50,1,-1,-1,-1
100,1,392,1206,50,50,1,-1,-1,-1
100,2,564,923,50,50,1,-1,-1,-1
101,1,388,1204,50,50,1,-1,-1,-1
101,2,573,961,50,50,1,-1,-1,-1
102,1,387,1187,50,50,1,-1,-1,-1
102,2,582,999,50,50,1,-1,-1,-1
103,1,389,1153,50,50,1,-1,-1,-1
103,2,593,1017,50,50,1,-1,-1,-1
104,1,394,1101,50,50,1,-1,-1,-1
104,2,602,1017,50,50,1,-1,-1,-1
105,1,402,1048,50,50,1,-1,-1,-1
105,2,611,1021,50,50,1,-1,-1,-1
106,1,410,1000,50,50,1,-1,-1,-1
106,2,615,1021,50,50,1,-1,-1,-1
107,1,418,955,50,50,1,-1,-1,-1
107,2,614,1022,50,50,1,-1,-1,-1
108,1,426,914,50,50,1,-1,-1,-1
108,2,606,1021,50,50,1,-1,-1,-1
109,1,435,879,50,50,1,-1,-1,-1
109,2,592,1021,50,50,1,-1,-1,-1
110,1,443,849,50,50,1,-1,-1,-1
110,2,570,1025,50,50,1,-1,-1,-1
111,1,451,824,50,50,1,-1,-1,-1
111,2,541,1033,50,50,1,-1,-1,-1
112,1,460,805,50,50,1,-1,-1,-1
112,2,510,1046,50,50,1,-1,-1,-1
113,1,469,790,50,50,1,-1,-1,-1
113,2,483,1065,50,50,1,-1,-1,-1
114,1,478,781,50,50,1,-1,-1,-1
114,2,457,1083,50,50,1,-1,-1,-1
115,1,486,777,50,50,1,-1,-1,-1
115,2,447,1086,50,50,1,-1,-1,-1
116,1,494,778,50,50,1,-1,-1,-1
116,2,440,1097,50,50,1,-1,-1,-1
117,1,503,784,50,50,1,-1,-1,-1
117,2,430,1116,50,50,1,-1,-1,-1
118,1,510,795,50,50,1,-1,-1,-1
118,2,420,1140,50,50,1,-1,-1,-1
119,1,519,811,50,50,1,-1,-1,-1
119,2,407,1164,50,50,1,-1,-1,-1
120,1,528,832,50,50,1,-1,-1,-1
120,2,396,1185,50,50,1,-1,-1,-1
121,1,536,858,50,50,1,-1,-1,-1
121,2,388,1199,50,50,1,-1,-1,-1
122,1,543,888,50,50,1,-1,-1,-1
122,2,384,1200,50,50,1,-1,-1,-1
123,1,551,925,50,50,1,-1,-1,-1
123,2,383,1184,50,50,1,-1,-1,-1
124,1,560,965,50,50,1,-1,-1,-1
124,2,385,1148,50,50,1,-1,-1,-1
125,1,569,1005,50,50,1,-1,-1,-1
125,2,394,1093,50,50,1,-1,-1,-1
126,1,575,1005,50,50,1,-1,-1,-1
126,2,404,1036,50,50,1,-1,-1,-1
127,1,571,1009,50,50,1,-1,-1,-1
127,2,415,984,50,50,1,-1,-1,-1
128,1,581,1013,50,50,1,-1,-1,-1
128,2,426,935,50,50,1,-1,-1,-1
129,1,595,1026,50,50,1,-1,-1,-1
129,2,437,892,50,50,1,-1,-1,-1
130,1,593,1020,50,50,1,-1,-1,-1
130,2,447,855,50,50,1,-1,-1,-1
131,1,595,1025,50,50,1,-1,-1,-1
131,2,458,821,50,50,1,-1,-1,-1
132,1,585,1028,50,50,1,-1,-1,-1
132,2,470,793,50,50,1,-1,-1,-1
133,1,562,1029,50,50,1,-1,-1,-1
133,2,481,771,50,50,1,-1,-1,-1
134,1,527,1040,50,50,1,-1,-1,-1
134,2,492,753,50,50,1,-1,-1,-1
135,1,499,1053,50,50,1,-1,-1,-1
135,2,503,741,50,50,1,-1,-1,-1
136,1,473,1069,50,50,1,-1,-1,-1
136,2,514,733,50,50,1,-1,-1,-1
137,1,452,1084,50,50,1,-1,-1,-1
137,2,525,731,50,50,1,-1,-1,-1
138,1,444,1096,50,50,1,-1,-1,-1
138,2,536,734,50,50,1,-1,-1,-1
139,1,438,1112,50,50,1,-1,-1,-1
139,2,547,742,50,50,1,-1,-1,-1
140,1,428,1134,50,50,1,-1,-1,-1
140,2,558,755,50,50,1,-1,-1,-1
141,1,417,1157,50,50,1,-1,-1,-1
141,2,569,774,50,50,1,-1,-1,-1
142,1,410,1178,50,50,1,-1,-1,-1
142,2,579,797,50,50,1,-1,-1,-1
143,1,405,1192,50,50,1,-1,-1,-1
143,2,590,826,50,50,1,-1,-1,-1
144,1,402,1194,50,50,1,-1,-1,-1
144,2,601,859,50,50,1,-1,-1,-1
145,1,403,1179,50,50,1,-1,-1,-1
145,2,611,897,50,50,1,-1,-1,-1
146,1,405,1146,50,50,1,-1,-1,-1
146,2,621,941,50,50,1,-1,-1,-1
147,1,412,1091,50,50,1,-1,-1,-1
147,2,631,987,50,50,1,-1,-1,-1
148,1,422,1036,50,50,1,-1,-1,-1
148,2,632,1011,50,50,1,-1,-1,-1
149,1,432,983,50,50,1,-1,-1,-1
149,2,631,1016,50,50,1,-1,-1,-1
150,1,441,936,50,50,1,-1,-1,-1
150,2,628,1018,50,50,1,-1,-1,-1
151,1,450,893,50,50,1,-1,-1,-1
151,2,624,1020,50,50,1,-1,-1,-1
152,1,460,856,50,50,1,-1,-1,-1
152,2,615,1022,50,50,1,-1,-1,-1
153,1,470,824,50,50,1,-1,-1,-1
153,2,602,1025,50,50,1,-1,-1,-1
154,1,481,795,50,50,1,-1,-1,-1
154,2,580,1028,50,50,1,-1,-1,-1
155,1,491,774,50,50,1,-1,-1,-1
155,2,550,1041,50,50,1,-1,-1,-1
156,1,500,757,50,50,1,-1,-1,-1
156,2,522,1055,50,50,1,-1,-1,-1
157,1,510,745,50,50,1,-1,-1,-1
157,2,497,1073,50,50,1,-1,-1,-1
158,1,520,738,50,50,1,-1,-1,-1
158,2,475,1093,50,50,1,-1,-1,-1
159,1,529,737,50,50,1,-1,-1,-1
159,2,454,1113,50,50,1,-1,-1,-1
160,1,539,740,50,50,1,-1,-1,-1
160,2,446,1120,50,50,1,-1,-1,-1
161,1,549,749,50,50,1,-1,-1,-1
161,2,436,1138,50,50,1,-1,-1,-1
162,1,558,763,50,50,1,-1,-1,-1
162,2,426,1162,50,50,1,-1,-1,-1
163,1,568,782,50,50,1,-1,-1,-1
163,2,415,1182,50,50,1,-1,-1,-1
164,1,577,806,50,50,1,-1,-1,-1
164,2,405,1197,50,50,1,-1,-1,-1
165,1,587,835,50,50,1,-1,-1,-1
165,2,399,1203,50,50,1,-1,-1,-1
166,1,597,870,50,50,1,-1,-1,-1
166,2,398,1201,50,50,1,-1,-1,-1
167,1,606,909,50,50,1,-1,-1,-1
167,2,397,1188,50,50,1,-1,-1,-1
168,1,615,954,50,50,1,-1,-1,-1
168,2,398,1159,50,50,1,-1,-1,-1
169,1,625,997,50,50,1,-1,-1,-1
169,2,406,1110,50,50,1,-1,-1,-1
170,1,627,1015,50,50,1,-1,-1,-1
170,2,413,1054,50,50,1,-1,-1,-1
171,1,627,1020,50,50,1,-1,-1,-1
171,2,420,1004,50,50,1,-1,-1,-1
172,1,627,1023,50,50,1,-1,-1,-1
172,2,428,956,50,50,1,-1,-1,-1
173,1,627,1026,50,50,1,-1,-1,-1
173,2,436,914,50,50,1,-1,-1,-1
174,1,620,1028,50,50,1,-1,-1,-1
174,2,443,877,50,50,1,-1,-1,-1
175,1,610,1029,50,50,1,-1,-1,-1
175,2,451,845,50,50,1,-1,-1,-1
176,1,588,1023,50,50,1,-1,-1,-1
176,2,459,818,50,50,1,-1,-1,-1
177,1,558,1027,50,50,1,-1,-1,-1
177,2,467,795,50,50,1,-1,-1,-1
178,1,519,1044,50,50,1,-1,-1,-1
178,2,475,779,50,50,1,-1,-1,-1
179,1,496,1060,50,50,1,-1,-1,-1
179,2,483,768,50,50,1,-1,-1,-1
180,1,466,1078,50,50,1,-1,-1,-1
180,2,490,762,50,50,1,-1,-1,-1
181,1,451,1088,50,50,1,-1,-1,-1
181,2,498,760,50,50,1,-1,-1,-1
182,1,444,1101,50,50,1,-1,-1,-1
182,2,506,764,50,50,1,-1,-1,-1
183,1,435,1115,50,50,1,-1,-1,-1
183,2,514,774,50,50,1,-1,-1,-1
184,1,426,1133,50,50,1,-1,-1,-1
184,2,521,788,50,50,1,-1,-1,-1
185,1,415,1156,50,50,1,-1,-1,-1
185,2,529,808,50,50,1,-1,-1,-1
186,1,404,1175,50,50,1,-1,-1,-1
186,2,536,832,50,50,1,-1,-1,-1
187,1,396,1188,50,50,1,-1,-1,-1
187,2,544,863,50,50,1,-1,-1,-1
188,1,391,1193,50,50,1,-1,-1,-1
188,2,552,897,50,50,1,-1,-1,-1
189,1,389,1191,50,50,1,-1,-1,-1
189,2,559,938,50,50,1,-1,-1,-1
190,1,390,1178,50,50,1,-1,-1,-1
190,2,567,981,50,50,1,-1,-1,-1
191,1,392,1149,50,50,1,-1,-1,-1
191,2,574,1028,50,50,1,-1,-1,-1
192,1,397,1103,50,50,1,-1,-1,-1
192,2,579,1035,50,50,1,-1,-1,-1
193,1,405,1050,50,50,1,-1,-1,-1
193,2,584,1034,50,50,1,-1,-1,-1
194,1,413,1002,50,50,1,-1,-1,-1
194,2,586,1035,50,50,1,-1,-1,-1
195,1,422,957,50,50,1,-1,-1,-1
195,2,586,1038,50,50,1,-1,-1,-1
196,1,431,918,50,50,1,-1,-1,-1
196,2,584,1040,50,50,1,-1,-1,-1
197,1,439,884,50,50,1,-1,-1,-1
197,2,572,1038,50,50,1,-1,-1,-1
198,1,448,854,50,50,1,-1,-1,-1
198,2,549,1036,50,50,1,-1,-1,-1
199,1,456,830,50,50,1,-1,-1,-1
199,2,522,1048,50,50,1,-1,-1,-1
200,1,465,811,50,50,1,-1,-1,-1
200,2,496,1058,50,50,1,-1,-1,-1
201,1,474,797,50,50,1,-1,-1,-1
201,2,470,1072,50,50,1,-1,-1,-1
202,1,483,788,50,50,1,-1,-1,-1
202,2,454,1090,50,50,1,-1,-1,-1
203,1,492,785,50,50,1,-1,-1,-1
203,2,448,1105,50,50,1,-1,-1,-1
204,1,500,786,50,50,1,-1,-1,-1
204,2,438,1120,50,50,1,-1,-1,-1
205,1,508,794,50,50,1,-1,-1,-1
205,2,425,1139,50,50,1,-1,-1,-1
206,1,517,806,50,50,1,-1,-1,-1
206,2,414,1162,50,50,1,-1,-1,-1
207,1,525,823,50,50,1,-1,-1,-1
207,2,404,1181,50,50,1,-1,-1,-1
208,1,534,844,50,50,1,-1,-1,-1
208,2,398,1194,50,50,1,-1,-1,-1
209,1,541,871,50,50,1,-1,-1,-1
209,2,394,1198,50,50,1,-1,-1,-1
210,1,550,902,50,50,1,-1,-1,-1
210,2,394,1190,50,50,1,-1,-1,-1
211,1,558,940,50,50,1,-1,-1,-1
211,2,397,1165,50,50,1,-1,-1,-1
212,1,566,981,50,50,1,-1,-1,-1
212,2,404,1120,50,50,1,-1,-1,-1
213,1,574,1018,50,50,1,-1,-1,-1
213,2,411,1063,50,50,1,-1,-1,-1
214,1,590,1020,50,50,1,-1,-1,-1
214,2,421,1010,50,50,1,-1,-1,-1
215,1,592,1023,50,50,1,-1,-1,-1
215,2,430,962,50,50,1,-1,-1,-1
216,1,599,1028,50,50,1,-1,-1,-1
216,2,440,918,50,50,1,-1,-1,-1
217,1,603,1031,50,50,1,-1,-1,-1
217,2,449,880,50,50,1,-1,-1,-1
218,1,599,1032,50,50,1,-1,-1,-1
218,2,458,847,50,50,1,-1,-1,-1
219,1,583,1032,50,50,1,-1,-1,-1
219,2,468,819,50,50,1,-1,-1,-1
220,1,555,1031,50,50,1,-1,-1,-1
220,2,479,795,50,50,1,-1,-1,-1
221,1,520,1046,50,50,1,-1,-1,-1
221,2,488,778,50,50,1,-1,-1,-1
222,1,489,1063,50,50,1,-1,-1,-1
222,2,498,765,50,50,1,-1,-1,-1
223,1,459,1081,50,50,1,-1,-1,-1
223,2,507,758,50,50,1,-1,-1,-1
224,1,448,1091,50,50,1,-1,-1,-1
224,2,517,756,50,50,1,-1,-1,-1
225,1,442,1108,50,50,1,-1,-1,-1
225,2,526,758,50,50,1,-1,-1,-1
226,1,436,1128,50,50,1,-1,-1,-1
226,2,535,766,50,50,1,-1,-1,-1
227,1,426,1152,50,50,1,-1,-1,-1
227,2,544,779,50,50,1,-1,-1,-1
228,1,417,1174,50,50,1,-1,-1,-1
228,2,554,797,50,50,1,-1,-1,-1
229,1,410,1190,50,50,1,-1,-1,-1
229,2,563,819,50,50,1,-1,-1,-1
230,1,408,1197,50,50,1,-1,-1,-1
230,2,571,848,50,50,1,-1,-1,-1
231,1,407,1191,50,50,1,-1,-1,-1
231,2,580,880,50,50,1,-1,-1,-1
232,1,408,1167,50,50,1,-1,-1,-1
232,2,589,917,50,50,1,-1,-1,-1
233,1,413,1123,50,50,1,-1,-1,-1
233,2,598,960,50,50,1,-1,-1,-1
234,1,421,1066,50,50,1,-1,-1,-1
234,2,608,1001,50,50,1,-1,-1,-1
235,1,429,1014,50,50,1,-1,-1,-1
235,2,619,1008,50,50,1,-1,-1,-1
236,1,438,963,50,50,1,-1,-1,-1
236,2,608,1014,50,50,1,-1,-1,-1
237,1,446,919,50,50,1,-1,-1,-1
237,2,613,1015,50,50,1,-1,-1,-1
238,1,454,880,50,50,1,-1,-1,-1
238,2,612,1017,50,50,1,-1,-1,-1
239,1,462,844,50,50,1,-1,-1,-1
239,2,608,1019,50,50,1,-1,-1,-1
240,1,470,815,50,50,1,-1,-1,-1
240,2,593,1018,50,50,1,-1,-1,-1
241,1,480,790,50,50,1,-1,-1,-1
241,2,571,1020,50,50,1,-1,-1,-1
242,1,488,771,50,50,1,-1,-1,-1
242,2,538,1028,50,50,1,-1,-1,-1
243,1,495,757,50,50,1,-1,-1,-1
243,2,503,1048,50,50,1,-1,-1,-1
244,1,504,748,50,50,1,-1,-1,-1
244,2,473,1070,50,50,1,-1,-1,-1
245,1,512,744,50,50,1,-1,-1,-1
245,2,449,1072,50,50,1,-1,-1,-1
246,1,521,745,50,50,1,-1,-1,-1
246,2,449,1083,50,50,1,-1,-1,-1
247,1,529,752,50,50,1,-1,-1,-1
247,2,443,1099,50,50,1,-1,-1,-1
248,1,537,763,50,50,1,-1,-1,-1
248,2,434,1117,50,50,1,-1,-1,-1
249,1,545,780,50,50,1,-1,-1,-1
249,2,421,1137,50,50,1,-1,-1,-1
250,1,553,803,50,50,1,-1,-1,-1
250,2,413,1160,50,50,1,-1,-1,-1
251,1,561,830,50,50,1,-1,-1,-1
251,2,405,1179,50,50,1,-1,-1,-1
252,1,569,862,50,50,1,-1,-1,-1
252,2,400,1189,50,50,1,-1,-1,-1
253,1,577,899,50,50,1,-1,-1,-1
253,2,397,1188,50,50,1,-1,-1,-1
254,1,585,942,50,50,1,-1,-1,-1
254,2,396,1170,50,50,1,-1,-1,-1
255,1,593,991,50,50,1,-1,-1,-1
255,2,399,1132,50,50,1,-1,-1,-1
256,1,599,1025,50,50,1,-1,-1,-1
256,2,406,1078,50,50,1,-1,-1,-1
257,1,592,1025,50,50,1,-1,-1,-1
257,2,414,1023,50,50,1,-1,-1,-1
258,1,593,1030,50,50,1,-1,-1,-1
258,2,423,973,50,50,1,-1,-1,-1
259,1,593,1030,50,50,1,-1,-1,-1
259,2,432,927,50,50,1,-1,-1,-1
260,1,590,1032,50,50,1,-1,-1,-1
260,2,441,885,50,50,1,-1,-1,-1
261,1,585,1034,50,50,1,-1,-1,-1
261,2,450,849,50,50,1,-1,-1,-1
262,1,573,1036,50,50,1,-1,-1,-1
262,2,459,818,50,50,1,-1,-1,-1
263,1,550,1037,50,50,1,-1,-1,-1
263,2,470,791,50,50,1,-1,-1,-1
264,1,524,1051,50,50,1,-1,-1,-1
264,2,480,771,50,50,1,-1,-1,-1
265,1,501,1064,50,50,1,-1,-1,-1
265,2,489,755,50,50,1,-1,-1,-1
266,1,482,1077,50,50,1,-1,-1,-1
266,2,498,745,50,50,1,-1,-1,-1
267,1,459,1094,50,50,1,-1,-1,-1
267,2,507,740,50,50,1,-1,-1,-1
268,1,451,1108,50,50,1,-1,-1,-1
268,2,516,739,50,50,1,-1,-1,-1
269,1,444,1124,50,50,1,-1,-1,-1
269,2,525,744,50,50,1,-1,-1,-1
270,1,433,1144,50,50,1,-1,-1,-1
270,2,534,754,50,50,1,-1,-1,-1
271,1,419,1167,50,50,1,-1,-1,-1
271,2,543,769,50,50,1,-1,-1,-1
272,1,407,1185,50,50,1,-1,-1,-1
272,2,552,789,50,50,1,-1,-1,-1
273,1,401,1196,50,50,1,-1,-1,-1
273,2,561,814,50,50,1,-1,-1,-1
274,1,398,1197,50,50,1,-1,-1,-1
274,2,569,844,50,50,1,-1,-1,-1
275,1,397,1183,50,50,1,-1,-1,-1
275,2,578,879,50,50,1,-1,-1,-1
276,1,400,1150,50,50,1,-1,-1,-1
276,2,586,919,50,50,1,-1,-1,-1
277,1,408,1096,50,50,1,-1,-1,-1
277,2,595,963,50,50,1,-1,-1,-1
278,1,419,1036,50,50,1,-1,-1,-1
278,2,607,1006,50,50,1,-1,-1,-1
279,1,429,982,50,50,1,-1,-1,-1
279,2,596,1009,50,50,1,-1,-1,-1
280,1,440,931,50,50,1,-1,-1,-1
280,2,594,1013,50,50,1,-1,-1,-1
281,1,450,886,50,50,1,-1,-1,-1
281,2,589,1014,50,50,1,-1,-1,-1
282,1,460,847,50,50,1,-1,-1,-1
282,2,578,1016,50,50,1,-1,-1,-1
283,1,470,809,50,50,1,-1,-1,-1
283,2,559,1020,50,50,1,-1,-1,-1
284,1,482,781,50,50,1,-1,-1,-1
284,2,532,1030,50,50,1,-1,-1,-1
285,1,492,756,50,50,1,-1,-1,-1
285,2,510,1046,50,50,1,-1,-1,-1
286,1,502,737,50,50,1,-1,-1,-1
286,2,489,1063,50,50,1,-1,-1,-1
287,1,513,722,50,50,1,-1,-1,-1
287,2,465,1084,50,50,1,-1,-1,-1
288,1,523,713,50,50,1,-1,-1,-1
288,2,453,1105,50,50,1,-1,-1,-1
289,1,533,709,50,50,1,-1,-1,-1
289,2,447,1126,50,50,1,-1,-1,-1
290,1,543,710,50,50,1,-1,-1,-1
290,2,439,1149,50,50,1,-1,-1,-1
291,1,553,716,50,50,1,-1,-1,-1
291,2,429,1172,50,50,1,-1,-1,-1
292,1,563,727,50,50,1,-1,-1,-1
292,2,420,1189,50,50,1,-1,-1,-1
293,1,572,743,50,50,1,-1,-1,-1
293,2,415,1198,50,50,1,-1,-1,-1
294,1,582,765,50,50,1,-1,-1,-1
294,2,412,1196,50,50,1,-1,-1,-1
295,1,592,791,50,50,1,-1,-1,-1
295,2,412,1182,50,50,1,-1,-1,-1
296,1,602,821,50,50,1,-1,-1,-1
296,2,415,1152,50,50,1,-1,-1,-1
297,1,611,857,50,50,1,-1,-1,-1
297,2,421,1100,50,50,1,-1,-1,-1
298,1,620,898,50,50,1,-1,-1,-1
298,2,430,1045,50,50,1,-1,-1,-1
299,1,630,943,50,50,1,-1,-1,-1
299,2,438,995,50,50,1,-1,-1,-1
300,1,641,986,50,50,1,-1,-1,-1
300,2,447,949,50,50,1,-1,-1,-1
301,1,642,1007,50,50,1,-1,-1,-1
301,2,454,908,50,50,1,-1,-1,-1
302,1,645,1017,50,50,1,-1,-1,-1
302,2,462,872,50,50,1,-1,-1,-1
303,1,634,1021,50,50,1,-1,-1,-1
303,2,472,841,50,50,1,-1,-1,-1
304,1,623,1023,50,50,1,-1,-1,-1
304,2,480,814,50,50,1,-1,-1,-1
305,1,605,1024,50,50,1,-1,-1,-1
305,2,489,793,50,50,1,-1,-1,-1
306,1,580,1026,50,50,1,-1,-1,-1
306,2,497,778,50,50,1,-1,-1,-1
307,1,546,1042,50,50,1,-1,-1,-1
307,2,506,768,50,50,1,-1,-1,-1
308,1,518,1059,50,50,1,-1,-1,-1
308,2,514,763,50,50,1,-1,-1,-1
309,1,493,1079,50,50,1,-1,-1,-1
309,2,523,762,50,50,1,-1,-1,-1
310,1,467,1098,50,50,1,-1,-1,-1
310,2,531,768,50,50,1,-1,-1,-1
311,1,450,1109,50,50,1,-1,-1,-1
311,2,539,778,50,50,1,-1,-1,-1
312,1,441,1122,50,50,1,-1,-1,-1
312,2,547,793,50,50,1,-1,-1,-1
313,1,432,1139,50,50,1,-1,-1,-1
313,2,556,813,50,50,1,-1,-1,-1
314,1,423,1158,50,50,1,-1,-1,-1
314,2,564,838,50,50,1,-1,-1,-1
315,1,415,1175,50,50,1,-1,-1,-1
315,2,572,868,50,50,1,-1,-1,-1
316,1,410,1187,50,50,1,-1,-1,-1
316,2,580,903,50,50,1,-1,-1,-1
317,1,408,1193,50,50,1,-1,-1,-1
317,2,588,943,50,50,1,-1,-1,-1
318,1,407,1188,50,50,1,-1,-1,-1
318,2,596,988,50,50,1,-1,-1,-1
319,1,408,1165,50,50,1,-1,-1,-1
319,2,606,1030,50,50,1,-1,-1,-1
320,1,413,1122,50,50,1,-1,-1,-1
320,2,613,1035,50,50,1,-1,-1,-1
321,1,418,1066,50,50,1,-1,-1,-1
321,2,617,1038,50,50,1,-1,-1,-1
322,1,426,1014,50,50,1,-1,-1,-1
322,2,615,1038,50,50,1,-1,-1,-1
323,1,434,965,50,50,1,-1,-1,-1
323,2,608,1036,50,50,1,-1,-1,-1
324,1,442,921,50,50,1,-1,-1,-1
324,2,596,1029,50,50,1,-1,-1,-1
325,1,449,882,50,50,1,-1,-1,-1
325,2,581,1029,50,50,1,-1,-1,-1
326,1,457,848,50,50,1,-1,-1,-1
326,2,553,1025,50,50,1,-1,-1,-1
327,1,465,819,50,50,1,-1,-1,-1
327,2,520,1036,50,50,1,-1,-1,-1
328,1,474,794,50,50,1,-1,-1,-1
328,2,495,1052,50,50,1,-1,-1,-1
329,1,483,776,50,50,1,-1,-1,-1
329,2,469,1069,50,50,1,-1,-1,-1
330,1,491,763,50,50,1,-1,-1,-1
330,2,450,1082,50,50,1,-1,-1,-1
331,1,498,754,50,50,1,-1,-1,-1
331,2,444,1092,50,50,1,-1,-1,-1
332,1,506,751,50,50,1,-1,-1,-1
332,2,437,1111,50,50,1,-1,-1,-1
333,1,514,753,50,50,1,-1,-1,-1
333,2,428,1132,50,50,1,-1,-1,-1
334,1,522,760,50,50,1,-1,-1,-1
334,2,419,1155,50,50,1,-1,-1,-1
335,1,530,772,50,50,1,-1,-1,-1
335,2,410,1176,50,50,1,-1,-1,-1
336,1,538,789,50,50,1,-1,-1,-1
336,2,402,1188,50,50,1,-1,-1,-1
337,1,545,811,50,50,1,-1,-1,-1
337,2,398,1190,50,50,1,-1,-1,-1
338,1,553,839,50,50,1,-1,-1,-1
338,2,398,1180,50,50,1,-1,-1,-1
339,1,561,871,50,50,1,-1,-1,-1
339,2,399,1150,50,50,1,-1,-1,-1
340,1,569,909,50,50,1,-1,-1,-1
340,2,406,1099,50,50,1,-1,-1,-1
341,1,576,951,50,50,1,-1,-1,-1
341,2,413,1043,50,50,1,-1,-1,-1
342,1,584,998,50,50,1,-1,-1,-1
342,2,422,991,50,50,1,-1,-1,-1
343,1,591,1037,50,50,1,-1,-1,-1
343,2,430,942,50,50,1,-1,-1,-1
344,1,594,1024,50,50,1,-1,-1,-1
344,2,438,898,50,50,1,-1,-1,-1
345,1,586,1025,50,50,1,-1,-1,-1
345,2,446,859,50,50,1,-1,-1,-1
346,1,589,1027,50,50,1,-1,-1,-1
346,2,454,824,50,50,1,-1,-1,-1
347,1,589,1026,50,50,1,-1,-1,-1
347,2,463,796,50,50,1,-1,-1,-1
348,1,578,1029,50,50,1,-1,-1,-1
348,2,473,772,50,50,1,-1,-1,-1
349,1,552,1031,50,50,1,-1,-1,-1
349,2,481,754,50,50,1,-1,-1,-1
350,1,527,1047,50,50,1,-1,-1,-1
350,2,489,740,50,50,1,-1,-1,-1
351,1,500,1063,50,50,1,-1,-1,-1
351,2,498,732,50,50,1,-1,-1,-1
352,1,476,1081,50,50,1,-1,-1,-1
352,2,506,728,50,50,1,-1,-1,-1
353,1,453,1101,50,50,1,-1,-1,-1
353,2,515,731,50,50,1,-1,-1,-1
354,1,443,1118,50,50,1,-1,-1,-1
354,2,523,738,50,50,1,-1,-1,-1
355,1,434,1138,50,50,1,-1,-1,-1
355,2,531,750,50,50,1,-1,-1,-1
356,1,423,1160,50,50,1,-1,-1,-1
356,2,540,768,50,50,1,-1,-1,-1
357,1,414,1178,50,50,1,-1,-1,-1
357,2,548,791,50,50,1,-1,-1,-1
358,1,407,1189,50,50,1,-1,-1,-1
358,2,556,819,50,50,1,-1,-1,-1
359,1,404,1189,50,50,1,-1,-1,-1
359,2,564,852,50,50,1,-1,-1,-1
360,1,404,1172,50,50,1,-1,-1,-1
360,2,572,889,50,50,1,-1,-1,-1
361,1,406,1135,50,50,1,-1,-1,-1
361,2,580,933,50,50,1,-1,-1,-1
362,1,411,1080,50,50,1,-1,-1,-1
362,2,589,982,50,50,1,-1,-1,-1
363,1,419,1025,50,50,1,-1,-1,-1
363,2,595,1025,50,50,1,-1,-1,-1
364,1,428,974,50,50,1,-1,-1,-1
364,2,603,1032,50,50,1,-1,-1,-1
365,1,437,927,50,50,1,-1,-1,-1
365,2,605,1031,50,50,1,-1,-1,-1
366,1,444,885,50,50,1,-1,-1,-1
366,2,604,1036,50,50,1,-1,-1,-1
367,1,452,848,50,50,1,-1,-1,-1
367,2,602,1036,50,50,1,-1,-1,-1
368,1,460,816,50,50,1,-1,-1,-1
368,2,591,1036,50,50,1,-1,-1,-1
369,1,470,790,50,50,1,-1,-1,-1
369,2,570,1034,50,50,1,-1,-1,-1
370,1,479,769,50,50,1,-1,-1,-1
370,2,538,1039,50,50,1,-1,-1,-1
371,1,487,753,50,50,1,-1,-1,-1
371,2,509,1053,50,50,1,-1,-1,-1
372,1,496,742,50,50,1,-1,-1,-1
372,2,484,1068,50,50,1,-1,-1,-1
373,1,503,737,50,50,1,-1,-1,-1
373,2,456,1084,50,50,1,-1,-1,-1
374,1,511,736,50,50,1,-1,-1,-1
374,2,447,1103,50,50,1,-1,-1,-1
375,1,520,741,50,50,1,-1,-1,-1
375,2,442,1124,50,50,1,-1,-1,-1
376,1,528,750,50,50,1,-1,-1,-1
376,2,432,1144,50,50,1,-1,-1,-1
377,1,536,765,50,50,1,-1,-1,-1
377,2,421,1164,50,50,1,-1,-1,-1
378,1,544,784,50,50,1,-1,-1,-1
378,2,413,1182,50,50,1,-1,-1,-1
379,1,552,809,50,50,1,-1,-1,-1
379,2,408,1193,50,50,1,-1,-1,-1
380,1,560,838,50,50,1,-1,-1,-1
380,2,406,1193,50,50,1,-1,-1,-1
381,1,568,872,50,50,1,-1,-1,-1
381,2,407,1175,50,50,1,-1,-1,-1
382,1,576,910,50,50,1,-1,-1,-1
382,2,411,1139,50,50,1,-1,-1,-1
383,1,583,954,50,50,1,-1,-1,-1
383,2,418,1087,50,50,1,-1,-1,-1
384,1,595,992,50,50,1,-1,-1,-1
384,2,425,1029,50,50,1,-1,-1,-1
385,1,590,996,50,50,1,-1,-1,-1
385,2,435,976,50,50,1,-1,-1,-1
386,1,588,998,50,50,1,-1,-1,-1
386,2,443,928,50,50,1,-1,-1,-1
387,1,581,1001,50,50,1,-1,-1,-1
387,2,451,885,50,50,1,-1,-1,-1
388,1,569,1004,50,50,1,-1,-1,-1
388,2,459,848,50,50,1,-1,-1,-1
389,1,550,1008,50,50,1,-1,-1,-1
389,2,468,814,50,50,1,-1,-1,-1
390,1,527,1021,50,50,1,-1,-1,-1
390,2,478,787,50,50,1,-1,-1,-1
391,1,504,1035,50,50,1,-1,-1,-1
391,2,487,765,50,50,1,-1,-1,-1
392,1,483,1053,50,50,1,-1,-1,-1
392,2,496,747,50,50,1,-1,-1,-1
393,1,459,1072,50,50,1,-1,-1,-1
393,2,504,735,50,50,1,-1,-1,-1
394,1,446,1089,50,50,1,-1,-1,-1
394,2,513,728,50,50,1,-1,-1,-1
395,1,440,1107,50,50,1,-1,-1,-1
395,2,521,727,50,50,1,-1,-1,-1
396,1,436,1129,50,50,1,-1,-1,-1
396,2,530,730,50,50,1,-1,-1,-1
397,1,428,1156,50,50,1,-1,-1,-1
397,2,538,738,50,50,1,-1,-1,-1
398,1,419,1179,50,50,1,-1,-1,-1
398,2,547,752,50,50,1,-1,-1,-1
399,1,413,1193,50,50,1,-1,-1,-1
399,2,555,771,50,50,1,-1,-1,-1
400,1,409,1197,50,50,1,-1,-1,-1
400,2,564,794,50,50,1,-1,-1,-1
401,1,407,1187,50,50,1,-1,-1,-1
401,2,572,823,50,50,1,-1,-1,-1
402,1,409,1159,50,50,1,-1,-1,-1
402,2,579,857,50,50,1,-1,-1,-1
403,1,414,1112,50,50,1,-1,-1,-1
403,2,588,896,50,50,1,-1,-1,-1
404,1,423,1052,50,50,1,-1,-1,-1
404,2,596,940,50,50,1,-1,-1,-1
405,1,433,998,50,50,1,-1,-1,-1
405,2,605,984,50,50,1,-1,-1,-1
406,1,444,947,50,50,1,-1,-1,-1
406,2,598,1009,50,50,1,-1,-1,-1
407,1,453,900,50,50,1,-1,-1,-1
407,2,607,1012,50,50,1,-1,-1,-1
408,1,463,859,50,50,1,-1,-1,-1
408,2,607,1013,50,50,1,-1,-1,-1
409,1,475,822,50,50,1,-1,-1,-1
409,2,604,1015,50,50,1,-1,-1,-1
410,1,484,791,50,50,1,-1,-1,-1
410,2,595,1016,50,50,1,-1,-1,-1
411,1,495,765,50,50,1,-1,-1,-1
411,2,575,1018,50,50,1,-1,-1,-1
412,1,505,744,50,50,1,-1,-1,-1
412,2,543,1024,50,50,1,-1,-1,-1
413,1,515,728,50,50,1,-1,-1,-1
413,2,513,1039,50,50,1,-1,-1,-1
414,1,524,718,50,50,1,-1,-1,-1
414,2,486,1053,50,50,1,-1,-1,-1
415,1,535,712,50,50,1,-1,-1,-1
415,2,458,1072,50,50,1,-1,-1,-1
416,1,544,712,50,50,1,-1,-1,-1
416,2,445,1088,50,50,1,-1,-1,-1
417,1,555,716,50,50,1,-1,-1,-1
417,2,439,1108,50,50,1,-1,-1,-1
418,1,564,726,50,50,1,-1,-1,-1
418,2,435,1131,50,50,1,-1,-1,-1
419,1,574,741,50,50,1,-1,-1,-1
419,2,429,1155,50,50,1,-1,-1,-1
420,1,584,761,50,50,1,-1,-1,-1
420,2,421,1178,50,50,1,-1,-1,-1
421,1,593,787,50,50,1,-1,-1,-1
421,2,416,1195,50,50,1,-1,-1,-1
422,1,603,816,50,50,1,-1,-1,-1
422,2,413,1203,50,50,1,-1,-1,-1
423,1,613,852,50,50,1,-1,-1,-1
423,2,412,1199,50,50,1,-1,-1,-1
424,1,622,891,50,50,1,-1,-1,-1
424,2,413,1182,50,50,1,-1,-1,-1
425,1,631,936,50,50,1,-1,-1,-1
425,2,416,1145,50,50,1,-1,-1,-1
426,1,641,980,50,50,1,-1,-1,-1
426,2,422,1090,50,50,1,-1,-1,-1
427,1,648,1001,50,50,1,-1,-1,-1
427,2,429,1033,50,50,1,-1,-1,-1
428,1,647,1006,50,50,1,-1,-1,-1
428,2,436,981,50,50,1,-1,-1,-1
429,1,642,1008,50,50,1,-1,-1,-1
429,2,443,932,50,50,1,-1,-1,-1
430,1,635,1009,50,50,1,-1,-1,-1
430,2,449,889,50,50,1,-1,-1,-1
431,1,623,1009,50,50,1,-1,-1,-1
431,2,456,852,50,50,1,-1,-1,-1
432,1,607,1012,50,50,1,-1,-1,-1
432,2,463,819,50,50,1,-1,-1,-1
433,1,576,1006,50,50,1,-1,-1,-1
433,2,471,791,50,50,1,-1,-1,-1
434,1,540,1022,50,50,1,-1,-1,-1
434,2,478,768,50,50,1,-1,-1,-1
435,1,509,1039,50,50,1,-1,-1,-1
435,2,485,752,50,50,1,-1,-1,-1
436,1,478,1059,50,50,1,-1,-1,-1
436,2,492,739,50,50,1,-1,-1,-1
437,1,452,1077,50,50,1,-1,-1,-1
437,2,499,732,50,50,1,-1,-1,-1
438,1,443,1081,50,50,1,-1,-1,-1
438,2,506,731,50,50,1,-1,-1,-1
439,1,435,1093,50,50,1,-1,-1,-1
439,2,512,734,50,50,1,-1,-1,-1
440,1,426,1109,50,50,1,-1,-1,-1
440,2,519,742,50,50,1,-1,-1,-1
441,1,423,1125,50,50,1,-1,-1,-1
441,2,526,755,50,50,1,-1,-1,-1
442,1,420,1135,50,50,1,-1,-1,-1
442,2,533,774,50,50,1,-1,-1,-1
443,1,419,1139,50,50,1,-1,-1,-1
443,2,539,798,50,50,1,-1,-1,-1
444,1,417,1141,50,50,1,-1,-1,-1
444,2,546,826,50,50,1,-1,-1,-1
445,1,416,1140,50,50,1,-1,-1,-1
445,2,552,859,50,50,1,-1,-1,-1
446,1,415,1138,50,50,1,-1,-1,-1
446,2,559,898,50,50,1,-1,-1,-1
447,1,413,1135,50,50,1,-1,-1,-1
447,2,565,941,50,50,1,-1,-1,-1
448,1,412,1133,50,50,1,-1,-1,-1
448,2,572,985,50,50,1,-1,-1,-1
449,1,411,1130,50,50,1,-1,-1,-1
450,1,409,1128,50,50,1,-1,-1,-1
450,2,584,1019,50,50,1,-1,-1,-1
451,1,408,1125,50,50,1,-1,-1,-1
451,2,590,1030,50,50,1,-1,-1,-1
452,1,407,1123,50,50,1,-1,-1,-1
452,2,590,1040,50,50,1,-1,-1,-1
453,1,407,1121,50,50,1,-1,-1,-1
453,2,593,1045,50,50,1,-1,-1,-1
454,1,406,1119,50,50,1,-1,-1,-1
454,2,595,1048,50,50,1,-1,-1,-1
455,1,406,1117,50,50,1,-1,-1,-1
455,2,598,1048,50,50,1,-1,-1,-1
456,1,406,1116,50,50,1,-1,-1,-1
456,2,600,1050,50,50,1,-1,-1,-1
457,1,406,1115,50,50,1,-1,-1,-1
457,2,602,1050,50,50,1,-1,-1,-1
458,1,406,1114,50,50,1,-1,-1,-1
458,2,604,1050,50,50,1,-1,-1,-1
459,1,406,1113,50,50,1,-1,-1,-1
459,2,605,1050,50,50,1,-1,-1,-1
460,1,406,1112,50,50,1,-1,-1,-1
460,2,606,1050,50,50,1,-1,-1,-1
461,1,407,1111,50,50,1,-1,-1,-1
461,2,608,1051,50,50,1,-1,-1,-1
462,1,407,1110,50,50,1,-1,-1,-1
462,2,608,1051,50,50,1,-1,-1,-1
463,1,407,1109,50,50,1,-1,-1,-1
463,2,609,1051,50,50,1,-1,-1,-1
464,1,406,1109,50,50,1,-1,-1,-1
464,2,610,1051,50,50,1,-1,-1,-1
465,1,407,1109,50,50,1,-1,-1,-1
465,2,610,1052,50,50,1,-1,-1,-1
466,1,407,1108,50,50,1,-1,-1,-1
466,2,611,1053,50,50,1,-1,-1,-1
467,1,407,1108,50,50,1,-1,-1,-1
467,2,613,1053,50,50,1,-1,-1,-1
468,1,407,1108,50,50,1,-1,-1,-1
468,2,613,1054,50,50,1,-1,-1,-1
469,1,407,1108,50,50,1,-1,-1,-1
469,2,612,1050,50,50,1,-1,-1,-1
