33,1,606,775,50,50,1,-1,-1,-1
34,1,613,792,50,50,1,-1,-1,-1
35,1,620,815,50,50,1,-1,-1,-1
36,1,628,841,50,50,1,-1,-1,-1
37,1,639,874,50,50,1,-1,-1,-1
38,1,639,874,50,50,1,-1,-1,-1
39,1,654,980,50,50,1,-1,-1,-1
40,2,669,1000,50,50,1,-1,-1,-1
41,2,677,1018,50,50,1,-1,-1,-1
42,1,499,804,50,50,1,-1,-1,-1
42,2,681,1034,50,50,1,-1,-1,-1
43,1,493,804,50,50,1,-1,-1,-1
43,2,682,1052,50,50,1,-1,-1,-1
44,1,489,808,50,50,1,-1,-1,-1
44,2,678,1065,50,50,1,-1,-1,-1
45,1,489,808,50,50,1,-1,-1,-1
45,2,678,1065,50,50,1,-1,-1,-1
46,1,482,834,50,50,1,-1,-1,-1
47,1,478,854,50,50,1,-1,-1,-1
48,1,472,882,50,50,1,-1,-1,-1
49,1,472,919,50,50,1,-1,-1,-1
49,2,487,1002,50,50,1,-1,-1,-1
50,1,472,919,50,50,1,-1,-1,-1
50,2,487,1002,50,50,1,-1,-1,-1
51,2,465,1009,50,50,1,-1,-1,-1
52,2,465,1009,50,50,1,-1,-1,-1
53,2,465,1009,50,50,1,-1,-1,-1
54,2,465,1009,50,50,1,-1,-1,-1
55,2,465,1009,50,50,1,-1,-1,-1
56,1,585,742,50,50,1,-1,-1,-1
57,1,590,748,50,50,1,-1,-1,-1
58,1,597,759,50,50,1,-1,-1,-1
59,1,602,779,50,50,1,-1,-1,-1
59,2,467,1122,50,50,1,-1,-1,-1
60,1,605,804,50,50,1,-1,-1,-1
61,1,609,832,50,50,1,-1,-1,-1
62,1,613,867,50,50,1,-1,-1,-1
62,2,602,971,50,50,1,-1,-1,-1
63,1,613,867,50,50,1,-1,-1,-1
63,2,602,971,50,50,1,-1,-1,-1
64,1,613,867,50,50,1,-1,-1,-1
64,2,602,971,50,50,1,-1,-1,-1
65,1,613,867,50,50,1,-1,-1,-1
65,2,602,971,50,50,1,-1,-1,-1
66,3,641,972,50,50,1,-1,-1,-1
67,3,648,982,50,50,1,-1,-1,-1
68,3,658,994,50,50,1,-1,-1,-1
69,3,665,1008,50,50,1,-1,-1,-1
70,3,672,1027,50,50,1,-1,-1,-1
71,3,677,1048,50,50,1,-1,-1,-1
72,3,677,1068,50,50,1,-1,-1,-1
73,3,677,1068,50,50,1,-1,-1,-1
74,3,677,1068,50,50,1,-1,-1,-1
75,3,677,1068,50,50,1,-1,-1,-1
76,3,577,843,50,50,1,-1,-1,-1
77,3,577,843,50,50,1,-1,-1,-1
78,3,588,787,50,50,1,-1,-1,-1
79,3,588,787,50,50,1,-1,-1,-1
80,3,588,787,50,50,1,-1,-1,-1
81,3,600,744,50,50,1,-1,-1,-1
82,3,604,742,50,50,1,-1,-1,-1
83,3,608,745,50,50,1,-1,-1,-1
84,1,491,1076,50,50,1,-1,-1,-1
84,3,613,752,50,50,1,-1,-1,-1
85,1,488,1098,50,50,1,-1,-1,-1
85,3,620,767,50,50,1,-1,-1,-1
86,1,486,1118,50,50,1,-1,-1,-1
86,3,627,787,50,50,1,-1,-1,-1
87,1,485,1136,50,50,1,-1,-1,-1
87,2,602,974,50,50,1,-1,-1,-1
87,3,633,811,50,50,1,-1,-1,-1
88,2,622,965,50,50,1,-1,-1,-1
88,3,640,841,50,50,1,-1,-1,-1
89,3,650,878,50,50,1,-1,-1,-1
90,3,650,878,50,50,1,-1,-1,-1
91,3,508,796,50,50,1,-1,-1,-1
92,3,500,781,50,50,1,-1,-1,-1
93,3,500,781,50,50,1,-1,-1,-1
94,3,486,771,50,50,1,-1,-1,-1
95,3,483,775,50,50,1,-1,-1,-1
96,3,477,783,50,50,1,-1,-1,-1
97,1,671,1030,50,50,1,-1,-1,-1
97,3,470,799,50,50,1,-1,-1,-1
97,4,519,1045,50,50,1,-1,-1,-1
98,1,668,1051,50,50,1,-1,-1,-1
98,3,466,819,50,50,1,-1,-1,-1
99,3,461,846,50,50,1,-1,-1,-1
99,4,663,1068,50,50,1,-1,-1,-1
100,1,486,987,50,50,1,-1,-1,-1
100,3,454,875,50,50,1,-1,-1,-1
100,4,553,892,50,50,1,-1,-1,-1
101,1,486,987,50,50,1,-1,-1,-1
101,3,454,875,50,50,1,-1,-1,-1
101,4,553,892,50,50,1,-1,-1,-1
102,3,453,975,50,50,1,-1,-1,-1
103,3,453,975,50,50,1,-1,-1,-1
104,1,583,764,50,50,1,-1,-1,-1
104,3,440,1017,50,50,1,-1,-1,-1
105,3,436,1032,50,50,1,-1,-1,-1
106,3,439,1047,50,50,1,-1,-1,-1
107,3,440,1060,50,50,1,-1,-1,-1
108,1,604,737,50,50,1,-1,-1,-1
109,1,613,744,50,50,1,-1,-1,-1
109,3,453,1095,50,50,1,-1,-1,-1
110,1,620,757,50,50,1,-1,-1,-1
110,3,457,1111,50,50,1,-1,-1,-1
111,1,628,776,50,50,1,-1,-1,-1
111,3,462,1126,50,50,1,-1,-1,-1
111,4,580,1016,50,50,1,-1,-1,-1
112,1,637,801,50,50,1,-1,-1,-1
113,1,649,831,50,50,1,-1,-1,-1
113,3,469,1155,50,50,1,-1,-1,-1
113,4,603,981,50,50,1,-1,-1,-1
114,1,659,867,50,50,1,-1,-1,-1
114,5,630,978,50,50,1,-1,-1,-1
115,1,529,857,50,50,1,-1,-1,-1
116,1,519,832,50,50,1,-1,-1,-1
116,5,672,974,50,50,1,-1,-1,-1
117,5,674,987,50,50,1,-1,-1,-1
118,1,507,802,50,50,1,-1,-1,-1
118,5,676,991,50,50,1,-1,-1,-1
119,1,499,793,50,50,1,-1,-1,-1
119,5,675,997,50,50,1,-1,-1,-1
120,1,492,791,50,50,1,-1,-1,-1
121,5,677,1034,50,50,1,-1,-1,-1
122,1,481,805,50,50,1,-1,-1,-1
122,5,673,1050,50,50,1,-1,-1,-1
123,1,475,822,50,50,1,-1,-1,-1
123,5,667,1064,50,50,1,-1,-1,-1
124,1,470,842,50,50,1,-1,-1,-1
125,1,463,869,50,50,1,-1,-1,-1
126,1,551,893,50,50,1,-1,-1,-1
126,5,496,997,50,50,1,-1,-1,-1
127,1,551,893,50,50,1,-1,-1,-1
127,5,496,997,50,50,1,-1,-1,-1
128,5,457,1001,50,50,1,-1,-1,-1
129,5,457,1001,50,50,1,-1,-1,-1
130,5,457,1001,50,50,1,-1,-1,-1
131,1,578,762,50,50,1,-1,-1,-1
132,1,585,752,50,50,1,-1,-1,-1
133,1,589,749,50,50,1,-1,-1,-1
134,1,594,751,50,50,1,-1,-1,-1
135,1,600,758,50,50,1,-1,-1,-1
136,1,606,774,50,50,1,-1,-1,-1
136,3,568,1033,50,50,1,-1,-1,-1
137,1,612,794,50,50,1,-1,-1,-1
137,3,566,996,50,50,1,-1,-1,-1
138,1,619,819,50,50,1,-1,-1,-1
139,1,626,849,50,50,1,-1,-1,-1
140,1,634,884,50,50,1,-1,-1,-1
141,1,634,884,50,50,1,-1,-1,-1
142,1,652,982,50,50,1,-1,-1,-1
143,1,662,998,50,50,1,-1,-1,-1
144,1,665,1009,50,50,1,-1,-1,-1
145,1,667,1020,50,50,1,-1,-1,-1
146,1,667,1032,50,50,1,-1,-1,-1
147,1,667,1032,50,50,1,-1,-1,-1
148,1,663,1055,50,50,1,-1,-1,-1
148,5,459,778,50,50,1,-1,-1,-1
149,1,662,1066,50,50,1,-1,-1,-1
149,5,508,1054,50,50,1,-1,-1,-1
150,1,441,818,50,50,1,-1,-1,-1
151,1,437,845,50,50,1,-1,-1,-1
152,1,529,894,50,50,1,-1,-1,-1
153,1,529,894,50,50,1,-1,-1,-1
154,6,428,985,50,50,1,-1,-1,-1
155,6,428,985,50,50,1,-1,-1,-1
156,6,428,985,50,50,1,-1,-1,-1
157,6,428,985,50,50,1,-1,-1,-1
158,6,408,1057,50,50,1,-1,-1,-1
159,1,563,719,50,50,1,-1,-1,-1
159,6,412,1069,50,50,1,-1,-1,-1
160,1,570,717,50,50,1,-1,-1,-1
160,6,417,1079,50,50,1,-1,-1,-1
161,1,576,721,50,50,1,-1,-1,-1
161,6,424,1089,50,50,1,-1,-1,-1
162,1,584,733,50,50,1,-1,-1,-1
162,6,432,1100,50,50,1,-1,-1,-1
163,1,591,747,50,50,1,-1,-1,-1
164,1,598,770,50,50,1,-1,-1,-1
164,6,561,1028,50,50,1,-1,-1,-1
165,1,605,798,50,50,1,-1,-1,-1
166,1,613,830,50,50,1,-1,-1,-1
167,1,619,869,50,50,1,-1,-1,-1
167,6,609,977,50,50,1,-1,-1,-1
168,6,466,1161,50,50,1,-1,-1,-1
169,1,637,975,50,50,1,-1,-1,-1
170,1,637,975,50,50,1,-1,-1,-1
171,1,493,775,50,50,1,-1,-1,-1
172,1,493,775,50,50,1,-1,-1,-1
173,1,482,759,50,50,1,-1,-1,-1
174,1,479,758,50,50,1,-1,-1,-1
174,6,662,1036,50,50,1,-1,-1,-1
175,1,474,762,50,50,1,-1,-1,-1
175,6,659,1051,50,50,1,-1,-1,-1
176,1,469,773,50,50,1,-1,-1,-1
176,6,656,1063,50,50,1,-1,-1,-1
177,1,464,790,50,50,1,-1,-1,-1
177,6,517,1023,50,50,1,-1,-1,-1
178,1,462,811,50,50,1,-1,-1,-1
179,1,458,838,50,50,1,-1,-1,-1
179,6,543,914,50,50,1,-1,-1,-1
180,1,452,871,50,50,1,-1,-1,-1
180,6,549,885,50,50,1,-1,-1,-1
181,1,447,911,50,50,1,-1,-1,-1
182,1,454,981,50,50,1,-1,-1,-1
183,1,449,1007,50,50,1,-1,-1,-1
184,1,442,1026,50,50,1,-1,-1,-1
185,1,441,1041,50,50,1,-1,-1,-1
186,1,443,1056,50,50,1,-1,-1,-1
186,6,592,754,50,50,1,-1,-1,-1
187,1,445,1073,50,50,1,-1,-1,-1
187,6,597,754,50,50,1,-1,-1,-1
188,1,447,1091,50,50,1,-1,-1,-1
189,1,450,1108,50,50,1,-1,-1,-1
189,6,611,771,50,50,1,-1,-1,-1
190,1,452,1120,50,50,1,-1,-1,-1
190,6,620,789,50,50,1,-1,-1,-1
191,1,455,1130,50,50,1,-1,-1,-1
191,6,627,811,50,50,1,-1,-1,-1
192,1,459,1139,50,50,1,-1,-1,-1
192,6,636,839,50,50,1,-1,-1,-1
193,1,464,1148,50,50,1,-1,-1,-1
193,6,646,873,50,50,1,-1,-1,-1
193,8,611,978,50,50,1,-1,-1,-1
194,1,469,1156,50,50,1,-1,-1,-1
195,1,472,1162,50,50,1,-1,-1,-1
195,8,660,975,50,50,1,-1,-1,-1
196,7,495,804,50,50,1,-1,-1,-1
196,8,664,989,50,50,1,-1,-1,-1
197,7,495,804,50,50,1,-1,-1,-1
197,8,664,989,50,50,1,-1,-1,-1
198,7,495,804,50,50,1,-1,-1,-1
198,8,664,989,50,50,1,-1,-1,-1
199,7,474,766,50,50,1,-1,-1,-1
200,7,467,766,50,50,1,-1,-1,-1
200,8,661,1032,50,50,1,-1,-1,-1
201,7,461,772,50,50,1,-1,-1,-1
201,8,655,1047,50,50,1,-1,-1,-1
202,6,514,1044,50,50,1,-1,-1,-1
202,7,454,783,50,50,1,-1,-1,-1
202,8,652,1061,50,50,1,-1,-1,-1
203,7,448,801,50,50,1,-1,-1,-1
204,7,439,826,50,50,1,-1,-1,-1
205,6,484,974,50,50,1,-1,-1,-1
205,7,434,853,50,50,1,-1,-1,-1
205,8,534,891,50,50,1,-1,-1,-1
206,6,484,974,50,50,1,-1,-1,-1
206,7,434,853,50,50,1,-1,-1,-1
206,8,534,891,50,50,1,-1,-1,-1
207,6,484,974,50,50,1,-1,-1,-1
207,7,434,853,50,50,1,-1,-1,-1
207,8,534,891,50,50,1,-1,-1,-1
208,6,484,974,50,50,1,-1,-1,-1
208,7,434,853,50,50,1,-1,-1,-1
208,8,534,891,50,50,1,-1,-1,-1
209,6,484,974,50,50,1,-1,-1,-1
209,7,434,853,50,50,1,-1,-1,-1
209,8,534,891,50,50,1,-1,-1,-1
210,6,484,974,50,50,1,-1,-1,-1
210,7,434,853,50,50,1,-1,-1,-1
210,8,534,891,50,50,1,-1,-1,-1
211,8,562,730,50,50,1,-1,-1,-1
212,6,567,725,50,50,1,-1,-1,-1
213,6,572,726,50,50,1,-1,-1,-1
214,6,578,731,50,50,1,-1,-1,-1
215,6,586,741,50,50,1,-1,-1,-1
216,6,594,760,50,50,1,-1,-1,-1
216,7,558,1028,50,50,1,-1,-1,-1
217,6,598,786,50,50,1,-1,-1,-1
218,6,602,813,50,50,1,-1,-1,-1
219,6,607,847,50,50,1,-1,-1,-1
219,7,522,883,50,50,1,-1,-1,-1
220,1,461,1156,50,50,1,-1,-1,-1
221,1,468,1162,50,50,1,-1,-1,-1
221,6,625,957,50,50,1,-1,-1,-1
222,1,472,1167,50,50,1,-1,-1,-1
222,6,638,974,50,50,1,-1,-1,-1
223,6,646,987,50,50,1,-1,-1,-1
224,6,652,999,50,50,1,-1,-1,-1
224,7,480,755,50,50,1,-1,-1,-1
225,7,474,749,50,50,1,-1,-1,-1
226,6,657,1027,50,50,1,-1,-1,-1
226,7,470,747,50,50,1,-1,-1,-1
227,6,658,1044,50,50,1,-1,-1,-1
227,7,465,751,50,50,1,-1,-1,-1
228,6,657,1058,50,50,1,-1,-1,-1
228,7,460,761,50,50,1,-1,-1,-1
229,1,513,1032,50,50,1,-1,-1,-1
229,7,456,776,50,50,1,-1,-1,-1
230,7,448,797,50,50,1,-1,-1,-1
231,1,491,991,50,50,1,-1,-1,-1
231,6,538,917,50,50,1,-1,-1,-1
231,7,443,824,50,50,1,-1,-1,-1
232,1,543,885,50,50,1,-1,-1,-1
232,6,476,983,50,50,1,-1,-1,-1
232,7,438,856,50,50,1,-1,-1,-1
233,7,456,983,50,50,1,-1,-1,-1
234,7,456,983,50,50,1,-1,-1,-1
235,7,423,994,50,50,1,-1,-1,-1
236,7,420,1015,50,50,1,-1,-1,-1
237,1,581,738,50,50,1,-1,-1,-1
237,7,417,1029,50,50,1,-1,-1,-1
238,1,587,730,50,50,1,-1,-1,-1
238,7,419,1044,50,50,1,-1,-1,-1
239,1,592,727,50,50,1,-1,-1,-1
239,7,422,1060,50,50,1,-1,-1,-1
240,1,598,728,50,50,1,-1,-1,-1
240,7,427,1076,50,50,1,-1,-1,-1
241,1,606,734,50,50,1,-1,-1,-1
241,7,432,1091,50,50,1,-1,-1,-1
242,1,614,747,50,50,1,-1,-1,-1
242,6,575,1037,50,50,1,-1,-1,-1
242,7,436,1106,50,50,1,-1,-1,-1
243,1,623,766,50,50,1,-1,-1,-1
243,7,442,1121,50,50,1,-1,-1,-1
244,1,633,790,50,50,1,-1,-1,-1
244,7,447,1134,50,50,1,-1,-1,-1
245,1,642,820,50,50,1,-1,-1,-1
245,6,538,891,50,50,1,-1,-1,-1
245,7,610,971,50,50,1,-1,-1,-1
246,1,653,855,50,50,1,-1,-1,-1
246,7,635,971,50,50,1,-1,-1,-1
247,1,653,855,50,50,1,-1,-1,-1
247,7,635,971,50,50,1,-1,-1,-1
248,1,653,855,50,50,1,-1,-1,-1
248,7,635,971,50,50,1,-1,-1,-1
249,1,653,855,50,50,1,-1,-1,-1
249,7,635,971,50,50,1,-1,-1,-1
250,1,493,756,50,50,1,-1,-1,-1
250,7,691,993,50,50,1,-1,-1,-1
251,1,487,748,50,50,1,-1,-1,-1
251,7,690,1003,50,50,1,-1,-1,-1
252,1,482,747,50,50,1,-1,-1,-1
252,7,689,1014,50,50,1,-1,-1,-1
253,1,478,747,50,50,1,-1,-1,-1
253,7,686,1026,50,50,1,-1,-1,-1
254,1,471,757,50,50,1,-1,-1,-1
254,7,683,1041,50,50,1,-1,-1,-1
255,1,466,772,50,50,1,-1,-1,-1
255,6,518,1019,50,50,1,-1,-1,-1
255,7,677,1055,50,50,1,-1,-1,-1
256,1,462,791,50,50,1,-1,-1,-1
256,7,672,1076,50,50,1,-1,-1,-1
257,1,459,820,50,50,1,-1,-1,-1
257,6,545,905,50,50,1,-1,-1,-1
257,7,665,1096,50,50,1,-1,-1,-1
258,1,453,849,50,50,1,-1,-1,-1
258,7,482,972,50,50,1,-1,-1,-1
259,1,448,886,50,50,1,-1,-1,-1
260,1,448,886,50,50,1,-1,-1,-1
261,1,448,886,50,50,1,-1,-1,-1
262,1,448,886,50,50,1,-1,-1,-1
263,1,581,738,50,50,1,-1,-1,-1
264,1,586,732,50,50,1,-1,-1,-1
265,1,590,730,50,50,1,-1,-1,-1
266,1,596,733,50,50,1,-1,-1,-1
266,7,438,1049,50,50,1,-1,-1,-1
267,1,603,741,50,50,1,-1,-1,-1
267,7,440,1064,50,50,1,-1,-1,-1
268,1,611,756,50,50,1,-1,-1,-1
269,1,617,776,50,50,1,-1,-1,-1
269,7,577,1032,50,50,1,-1,-1,-1
270,1,625,804,50,50,1,-1,-1,-1
270,7,574,993,50,50,1,-1,-1,-1
271,1,634,834,50,50,1,-1,-1,-1
271,7,547,925,50,50,1,-1,-1,-1
272,1,643,870,50,50,1,-1,-1,-1
272,7,537,890,50,50,1,-1,-1,-1
272,9,622,977,50,50,1,-1,-1,-1
273,7,522,852,50,50,1,-1,-1,-1
274,9,666,971,50,50,1,-1,-1,-1
275,9,666,971,50,50,1,-1,-1,-1
276,9,666,971,50,50,1,-1,-1,-1
277,1,682,997,50,50,1,-1,-1,-1
278,7,484,757,50,50,1,-1,-1,-1
279,7,480,756,50,50,1,-1,-1,-1
279,9,682,1005,50,50,1,-1,-1,-1
280,7,472,760,50,50,1,-1,-1,-1
281,7,466,771,50,50,1,-1,-1,-1
281,9,680,1015,50,50,1,-1,-1,-1
282,7,461,787,50,50,1,-1,-1,-1
282,9,680,1022,50,50,1,-1,-1,-1
283,7,456,809,50,50,1,-1,-1,-1
283,9,680,1031,50,50,1,-1,-1,-1
284,7,450,836,50,50,1,-1,-1,-1
284,9,679,1041,50,50,1,-1,-1,-1
285,1,489,985,50,50,1,-1,-1,-1
285,7,444,868,50,50,1,-1,-1,-1
285,9,678,1052,50,50,1,-1,-1,-1
286,7,438,909,50,50,1,-1,-1,-1
286,9,675,1066,50,50,1,-1,-1,-1
287,7,442,979,50,50,1,-1,-1,-1
287,9,674,1081,50,50,1,-1,-1,-1
288,7,434,1004,50,50,1,-1,-1,-1
289,7,427,1020,50,50,1,-1,-1,-1
289,10,585,752,50,50,1,-1,-1,-1
290,7,426,1031,50,50,1,-1,-1,-1
290,10,590,734,50,50,1,-1,-1,-1
291,7,427,1039,50,50,1,-1,-1,-1
291,9,664,1109,50,50,1,-1,-1,-1
291,10,592,720,50,50,1,-1,-1,-1
292,7,431,1047,50,50,1,-1,-1,-1
292,9,663,1107,50,50,1,-1,-1,-1
292,10,598,713,50,50,1,-1,-1,-1
293,7,435,1054,50,50,1,-1,-1,-1
293,9,664,1102,50,50,1,-1,-1,-1
293,10,603,711,50,50,1,-1,-1,-1
294,7,439,1059,50,50,1,-1,-1,-1
294,9,669,1092,50,50,1,-1,-1,-1
294,10,611,714,50,50,1,-1,-1,-1
295,7,442,1064,50,50,1,-1,-1,-1
295,9,675,1080,50,50,1,-1,-1,-1
295,10,621,721,50,50,1,-1,-1,-1
296,7,445,1068,50,50,1,-1,-1,-1
296,9,682,1067,50,50,1,-1,-1,-1
296,10,631,737,50,50,1,-1,-1,-1
297,7,447,1071,50,50,1,-1,-1,-1
297,9,686,1055,50,50,1,-1,-1,-1
297,10,640,756,50,50,1,-1,-1,-1
298,7,449,1073,50,50,1,-1,-1,-1
298,9,697,1049,50,50,1,-1,-1,-1
298,10,649,783,50,50,1,-1,-1,-1
299,7,451,1076,50,50,1,-1,-1,-1
299,10,659,814,50,50,1,-1,-1,-1
300,7,453,1077,50,50,1,-1,-1,-1
300,10,670,851,50,50,1,-1,-1,-1
301,7,456,1079,50,50,1,-1,-1,-1
301,10,681,893,50,50,1,-1,-1,-1
302,7,457,1081,50,50,1,-1,-1,-1
302,10,692,944,50,50,1,-1,-1,-1
303,7,457,1083,50,50,1,-1,-1,-1
304,7,458,1085,50,50,1,-1,-1,-1
305,7,458,1086,50,50,1,-1,-1,-1
305,10,723,1045,50,50,1,-1,-1,-1
306,7,457,1087,50,50,1,-1,-1,-1
306,10,722,1045,50,50,1,-1,-1,-1
307,7,456,1087,50,50,1,-1,-1,-1
307,10,722,1042,50,50,1,-1,-1,-1
308,7,455,1088,50,50,1,-1,-1,-1
308,10,718,1040,50,50,1,-1,-1,-1
309,7,453,1089,50,50,1,-1,-1,-1
309,10,718,1039,50,50,1,-1,-1,-1
310,7,452,1090,50,50,1,-1,-1,-1
310,10,716,1041,50,50,1,-1,-1,-1
311,7,452,1090,50,50,1,-1,-1,-1
311,10,716,1041,50,50,1,-1,-1,-1
312,7,452,1090,50,50,1,-1,-1,-1
312,10,716,1041,50,50,1,-1,-1,-1
313,7,452,1090,50,50,1,-1,-1,-1
313,10,716,1041,50,50,1,-1,-1,-1
314,7,452,1090,50,50,1,-1,-1,-1
314,10,716,1041,50,50,1,-1,-1,-1
315,7,452,1090,50,50,1,-1,-1,-1
315,10,716,1041,50,50,1,-1,-1,-1
316,7,452,1090,50,50,1,-1,-1,-1
316,10,716,1041,50,50,1,-1,-1,-1
317,10,716,1049,50,50,1,-1,-1,-1
318,10,716,1049,50,50,1,-1,-1,-1
