10,1,456,1148,50,50,1,-1,-1,-1
11,1,461,1105,50,50,1,-1,-1,-1
12,1,462,1067,50,50,1,-1,-1,-1
13,1,462,1067,50,50,1,-1,-1,-1
14,1,462,1067,50,50,1,-1,-1,-1
15,1,462,1067,50,50,1,-1,-1,-1
16,1,462,1067,50,50,1,-1,-1,-1
17,1,462,1067,50,50,1,-1,-1,-1
18,1,462,1067,50,50,1,-1,-1,-1
19,1,462,1067,50,50,1,-1,-1,-1
20,1,536,1233,50,50,1,-1,-1,-1
20,2,429,1128,50,50,1,-1,-1,-1
21,1,530,1212,50,50,1,-1,-1,-1
21,2,427,1141,50,50,1,-1,-1,-1
22,1,525,1185,50,50,1,-1,-1,-1
22,2,424,1156,50,50,1,-1,-1,-1
23,1,516,1148,50,50,1,-1,-1,-1
23,2,421,1173,50,50,1,-1,-1,-1
24,1,513,1104,50,50,1,-1,-1,-1
24,2,417,1190,50,50,1,-1,-1,-1
25,1,514,1071,50,50,1,-1,-1,-1
25,2,415,1202,50,50,1,-1,-1,-1
26,1,514,1071,50,50,1,-1,-1,-1
26,2,415,1202,50,50,1,-1,-1,-1
27,1,514,1071,50,50,1,-1,-1,-1
27,2,415,1202,50,50,1,-1,-1,-1
28,1,514,1071,50,50,1,-1,-1,-1
28,2,415,1202,50,50,1,-1,-1,-1
29,1,514,1071,50,50,1,-1,-1,-1
29,2,415,1202,50,50,1,-1,-1,-1
30,1,514,1071,50,50,1,-1,-1,-1
30,2,415,1202,50,50,1,-1,-1,-1
31,1,592,1037,50,50,1,-1,-1,-1
32,1,599,1046,50,50,1,-1,-1,-1
32,2,446,1213,50,50,1,-1,-1,-1
33,1,606,1060,50,50,1,-1,-1,-1
33,2,455,1191,50,50,1,-1,-1,-1
34,1,613,1074,50,50,1,-1,-1,-1
34,2,463,1158,50,50,1,-1,-1,-1
35,2,472,1114,50,50,1,-1,-1,-1
36,2,473,1076,50,50,1,-1,-1,-1
37,2,473,1076,50,50,1,-1,-1,-1
38,1,603,1165,50,50,1,-1,-1,-1
38,2,446,1061,50,50,1,-1,-1,-1
39,1,595,1188,50,50,1,-1,-1,-1
40,1,595,1188,50,50,1,-1,-1,-1
41,1,567,1226,50,50,1,-1,-1,-1
41,2,405,1072,50,50,1,-1,-1,-1
42,1,557,1234,50,50,1,-1,-1,-1
42,2,399,1086,50,50,1,-1,-1,-1
43,1,548,1237,50,50,1,-1,-1,-1
43,2,397,1093,50,50,1,-1,-1,-1
44,1,539,1235,50,50,1,-1,-1,-1
44,2,398,1101,50,50,1,-1,-1,-1
45,1,530,1223,50,50,1,-1,-1,-1
45,2,399,1110,50,50,1,-1,-1,-1
46,1,523,1204,50,50,1,-1,-1,-1
46,2,400,1121,50,50,1,-1,-1,-1
47,1,517,1170,50,50,1,-1,-1,-1
47,2,402,1134,50,50,1,-1,-1,-1
48,1,510,1130,50,50,1,-1,-1,-1
48,2,402,1147,50,50,1,-1,-1,-1
49,1,508,1088,50,50,1,-1,-1,-1
49,2,402,1162,50,50,1,-1,-1,-1
50,2,401,1176,50,50,1,-1,-1,-1
51,2,402,1191,50,50,1,-1,-1,-1
52,2,403,1203,50,50,1,-1,-1,-1
53,2,405,1214,50,50,1,-1,-1,-1
54,1,590,1046,50,50,1,-1,-1,-1
55,1,598,1051,50,50,1,-1,-1,-1
56,1,604,1058,50,50,1,-1,-1,-1
57,1,610,1065,50,50,1,-1,-1,-1
58,1,617,1074,50,50,1,-1,-1,-1
59,1,621,1087,50,50,1,-1,-1,-1
60,1,620,1104,50,50,1,-1,-1,-1
60,2,464,1130,50,50,1,-1,-1,-1
61,1,619,1120,50,50,1,-1,-1,-1
61,2,468,1084,50,50,1,-1,-1,-1
62,1,619,1120,50,50,1,-1,-1,-1
62,2,468,1084,50,50,1,-1,-1,-1
63,1,606,1158,50,50,1,-1,-1,-1
63,2,452,1033,50,50,1,-1,-1,-1
64,1,597,1174,50,50,1,-1,-1,-1
64,2,436,1031,50,50,1,-1,-1,-1
65,1,586,1187,50,50,1,-1,-1,-1
66,1,586,1187,50,50,1,-1,-1,-1
67,1,560,1213,50,50,1,-1,-1,-1
67,2,387,1034,50,50,1,-1,-1,-1
68,1,551,1219,50,50,1,-1,-1,-1
69,1,544,1222,50,50,1,-1,-1,-1
70,1,539,1219,50,50,1,-1,-1,-1
71,1,535,1210,50,50,1,-1,-1,-1
71,2,389,1093,50,50,1,-1,-1,-1
72,1,531,1194,50,50,1,-1,-1,-1
72,2,396,1112,50,50,1,-1,-1,-1
73,2,401,1134,50,50,1,-1,-1,-1
74,1,522,1129,50,50,1,-1,-1,-1
74,2,404,1157,50,50,1,-1,-1,-1
75,1,521,1085,50,50,1,-1,-1,-1
75,2,404,1177,50,50,1,-1,-1,-1
76,1,523,1052,50,50,1,-1,-1,-1
76,2,405,1193,50,50,1,-1,-1,-1
77,1,543,1047,50,50,1,-1,-1,-1
77,2,405,1205,50,50,1,-1,-1,-1
78,1,543,1047,50,50,1,-1,-1,-1
78,2,405,1205,50,50,1,-1,-1,-1
79,1,543,1047,50,50,1,-1,-1,-1
79,2,405,1205,50,50,1,-1,-1,-1
80,1,543,1047,50,50,1,-1,-1,-1
80,2,405,1205,50,50,1,-1,-1,-1
81,1,609,1026,50,50,1,-1,-1,-1
82,1,609,1026,50,50,1,-1,-1,-1
83,1,627,1048,50,50,1,-1,-1,-1
84,1,627,1048,50,50,1,-1,-1,-1
85,1,629,1076,50,50,1,-1,-1,-1
85,2,453,1184,50,50,1,-1,-1,-1
86,1,628,1094,50,50,1,-1,-1,-1
86,2,461,1148,50,50,1,-1,-1,-1
87,1,623,1114,50,50,1,-1,-1,-1
87,2,472,1100,50,50,1,-1,-1,-1
88,1,618,1135,50,50,1,-1,-1,-1
88,2,474,1059,50,50,1,-1,-1,-1
89,1,612,1154,50,50,1,-1,-1,-1
90,1,606,1173,50,50,1,-1,-1,-1
90,2,452,1031,50,50,1,-1,-1,-1
91,1,600,1190,50,50,1,-1,-1,-1
91,2,434,1029,50,50,1,-1,-1,-1
92,2,421,1034,50,50,1,-1,-1,-1
93,2,413,1029,50,50,1,-1,-1,-1
94,2,407,1044,50,50,1,-1,-1,-1
95,1,558,1228,50,50,1,-1,-1,-1
95,2,406,1059,50,50,1,-1,-1,-1
96,1,551,1225,50,50,1,-1,-1,-1
96,2,404,1074,50,50,1,-1,-1,-1
97,1,544,1214,50,50,1,-1,-1,-1
97,2,405,1087,50,50,1,-1,-1,-1
98,1,539,1193,50,50,1,-1,-1,-1
98,2,406,1102,50,50,1,-1,-1,-1
99,1,534,1160,50,50,1,-1,-1,-1
99,2,408,1118,50,50,1,-1,-1,-1
100,2,408,1135,50,50,1,-1,-1,-1
101,1,526,1079,50,50,1,-1,-1,-1
101,2,408,1152,50,50,1,-1,-1,-1
102,2,409,1168,50,50,1,-1,-1,-1
103,2,410,1182,50,50,1,-1,-1,-1
104,2,410,1182,50,50,1,-1,-1,-1
105,2,410,1182,50,50,1,-1,-1,-1
106,2,410,1182,50,50,1,-1,-1,-1
107,2,410,1182,50,50,1,-1,-1,-1
108,2,410,1182,50,50,1,-1,-1,-1
109,2,410,1182,50,50,1,-1,-1,-1
110,1,631,1053,50,50,1,-1,-1,-1
111,1,631,1053,50,50,1,-1,-1,-1
112,2,456,1147,50,50,1,-1,-1,-1
113,2,456,1147,50,50,1,-1,-1,-1
114,2,468,1060,50,50,1,-1,-1,-1
115,2,468,1060,50,50,1,-1,-1,-1
116,1,600,1171,50,50,1,-1,-1,-1
116,2,447,1030,50,50,1,-1,-1,-1
117,1,600,1171,50,50,1,-1,-1,-1
117,2,447,1030,50,50,1,-1,-1,-1
118,1,588,1202,50,50,1,-1,-1,-1
119,1,588,1202,50,50,1,-1,-1,-1
120,1,563,1226,50,50,1,-1,-1,-1
120,2,393,1053,50,50,1,-1,-1,-1
121,1,555,1229,50,50,1,-1,-1,-1
121,2,388,1070,50,50,1,-1,-1,-1
122,1,547,1228,50,50,1,-1,-1,-1
122,2,386,1084,50,50,1,-1,-1,-1
123,1,540,1221,50,50,1,-1,-1,-1
123,2,387,1098,50,50,1,-1,-1,-1
124,2,390,1113,50,50,1,-1,-1,-1
125,1,530,1184,50,50,1,-1,-1,-1
125,2,392,1129,50,50,1,-1,-1,-1
126,1,524,1152,50,50,1,-1,-1,-1
126,2,394,1146,50,50,1,-1,-1,-1
127,1,518,1110,50,50,1,-1,-1,-1
127,2,395,1163,50,50,1,-1,-1,-1
128,1,517,1073,50,50,1,-1,-1,-1
128,2,397,1180,50,50,1,-1,-1,-1
129,2,399,1195,50,50,1,-1,-1,-1
130,2,401,1208,50,50,1,-1,-1,-1
131,2,401,1208,50,50,1,-1,-1,-1
132,2,401,1208,50,50,1,-1,-1,-1
133,1,604,1039,50,50,1,-1,-1,-1
134,1,604,1039,50,50,1,-1,-1,-1
135,1,604,1039,50,50,1,-1,-1,-1
136,1,628,1066,50,50,1,-1,-1,-1
137,1,628,1077,50,50,1,-1,-1,-1
138,1,627,1089,50,50,1,-1,-1,-1
138,2,451,1161,50,50,1,-1,-1,-1
139,1,623,1105,50,50,1,-1,-1,-1
139,2,460,1118,50,50,1,-1,-1,-1
140,1,619,1122,50,50,1,-1,-1,-1
140,2,465,1071,50,50,1,-1,-1,-1
141,1,614,1140,50,50,1,-1,-1,-1
142,1,608,1160,50,50,1,-1,-1,-1
143,1,600,1178,50,50,1,-1,-1,-1
143,2,430,1025,50,50,1,-1,-1,-1
144,1,593,1195,50,50,1,-1,-1,-1
144,2,418,1027,50,50,1,-1,-1,-1
145,1,593,1195,50,50,1,-1,-1,-1
145,2,418,1027,50,50,1,-1,-1,-1
146,1,593,1195,50,50,1,-1,-1,-1
146,2,418,1027,50,50,1,-1,-1,-1
147,1,561,1227,50,50,1,-1,-1,-1
147,2,399,1050,50,50,1,-1,-1,-1
148,2,397,1068,50,50,1,-1,-1,-1
149,1,542,1216,50,50,1,-1,-1,-1
149,2,397,1085,50,50,1,-1,-1,-1
150,1,535,1201,50,50,1,-1,-1,-1
150,2,398,1102,50,50,1,-1,-1,-1
151,2,399,1122,50,50,1,-1,-1,-1
152,1,523,1145,50,50,1,-1,-1,-1
152,2,398,1143,50,50,1,-1,-1,-1
153,1,518,1103,50,50,1,-1,-1,-1
153,2,398,1163,50,50,1,-1,-1,-1
154,1,516,1067,50,50,1,-1,-1,-1
154,2,397,1182,50,50,1,-1,-1,-1
155,2,398,1198,50,50,1,-1,-1,-1
156,2,398,1212,50,50,1,-1,-1,-1
157,2,398,1212,50,50,1,-1,-1,-1
158,2,398,1212,50,50,1,-1,-1,-1
159,2,398,1212,50,50,1,-1,-1,-1
160,1,605,1035,50,50,1,-1,-1,-1
161,1,605,1035,50,50,1,-1,-1,-1
162,1,605,1035,50,50,1,-1,-1,-1
163,1,623,1059,50,50,1,-1,-1,-1
164,1,623,1071,50,50,1,-1,-1,-1
165,1,624,1085,50,50,1,-1,-1,-1
165,2,450,1164,50,50,1,-1,-1,-1
166,1,623,1105,50,50,1,-1,-1,-1
166,2,460,1122,50,50,1,-1,-1,-1
167,1,620,1125,50,50,1,-1,-1,-1
167,2,463,1079,50,50,1,-1,-1,-1
168,1,620,1125,50,50,1,-1,-1,-1
168,2,463,1079,50,50,1,-1,-1,-1
169,2,442,1044,50,50,1,-1,-1,-1
170,2,442,1044,50,50,1,-1,-1,-1
171,1,597,1198,50,50,1,-1,-1,-1
172,2,400,1048,50,50,1,-1,-1,-1
173,2,392,1064,50,50,1,-1,-1,-1
174,2,390,1077,50,50,1,-1,-1,-1
175,1,557,1228,50,50,1,-1,-1,-1
175,2,390,1090,50,50,1,-1,-1,-1
176,1,548,1223,50,50,1,-1,-1,-1
176,2,391,1104,50,50,1,-1,-1,-1
177,1,538,1210,50,50,1,-1,-1,-1
177,2,392,1119,50,50,1,-1,-1,-1
178,1,532,1185,50,50,1,-1,-1,-1
178,2,393,1136,50,50,1,-1,-1,-1
179,1,525,1152,50,50,1,-1,-1,-1
179,2,394,1152,50,50,1,-1,-1,-1
180,1,520,1109,50,50,1,-1,-1,-1
180,2,395,1169,50,50,1,-1,-1,-1
181,1,519,1073,50,50,1,-1,-1,-1
181,2,396,1184,50,50,1,-1,-1,-1
182,2,397,1198,50,50,1,-1,-1,-1
183,2,397,1211,50,50,1,-1,-1,-1
184,2,397,1211,50,50,1,-1,-1,-1
185,2,397,1211,50,50,1,-1,-1,-1
186,2,397,1211,50,50,1,-1,-1,-1
187,2,397,1211,50,50,1,-1,-1,-1
188,2,397,1211,50,50,1,-1,-1,-1
189,2,397,1211,50,50,1,-1,-1,-1
190,1,633,1067,50,50,1,-1,-1,-1
190,2,444,1194,50,50,1,-1,-1,-1
191,1,632,1085,50,50,1,-1,-1,-1
191,2,454,1157,50,50,1,-1,-1,-1
192,1,627,1105,50,50,1,-1,-1,-1
192,2,462,1112,50,50,1,-1,-1,-1
193,1,621,1125,50,50,1,-1,-1,-1
193,2,465,1067,50,50,1,-1,-1,-1
194,1,613,1146,50,50,1,-1,-1,-1
195,1,603,1166,50,50,1,-1,-1,-1
196,1,592,1185,50,50,1,-1,-1,-1
197,1,592,1185,50,50,1,-1,-1,-1
198,1,561,1219,50,50,1,-1,-1,-1
198,2,381,1047,50,50,1,-1,-1,-1
199,1,561,1219,50,50,1,-1,-1,-1
199,2,381,1047,50,50,1,-1,-1,-1
200,1,561,1219,50,50,1,-1,-1,-1
200,2,381,1047,50,50,1,-1,-1,-1
201,1,561,1219,50,50,1,-1,-1,-1
201,2,381,1047,50,50,1,-1,-1,-1
202,2,383,1097,50,50,1,-1,-1,-1
203,1,521,1193,50,50,1,-1,-1,-1
203,2,386,1113,50,50,1,-1,-1,-1
204,1,514,1162,50,50,1,-1,-1,-1
204,2,389,1131,50,50,1,-1,-1,-1
205,1,508,1122,50,50,1,-1,-1,-1
205,2,390,1151,50,50,1,-1,-1,-1
206,1,508,1080,50,50,1,-1,-1,-1
206,2,391,1170,50,50,1,-1,-1,-1
207,2,392,1187,50,50,1,-1,-1,-1
208,2,393,1202,50,50,1,-1,-1,-1
209,2,394,1214,50,50,1,-1,-1,-1
210,2,394,1214,50,50,1,-1,-1,-1
211,2,394,1214,50,50,1,-1,-1,-1
212,1,600,1029,50,50,1,-1,-1,-1
213,1,607,1040,50,50,1,-1,-1,-1
214,1,607,1040,50,50,1,-1,-1,-1
215,1,622,1055,50,50,1,-1,-1,-1
216,1,625,1067,50,50,1,-1,-1,-1
217,1,628,1080,50,50,1,-1,-1,-1
217,2,438,1181,50,50,1,-1,-1,-1
218,1,627,1097,50,50,1,-1,-1,-1
218,2,446,1143,50,50,1,-1,-1,-1
219,1,625,1115,50,50,1,-1,-1,-1
219,2,452,1094,50,50,1,-1,-1,-1
220,1,621,1132,50,50,1,-1,-1,-1
220,2,451,1053,50,50,1,-1,-1,-1
221,1,621,1132,50,50,1,-1,-1,-1
221,2,451,1053,50,50,1,-1,-1,-1
222,1,607,1168,50,50,1,-1,-1,-1
222,2,422,1026,50,50,1,-1,-1,-1
223,1,598,1185,50,50,1,-1,-1,-1
223,2,409,1025,50,50,1,-1,-1,-1
224,1,589,1199,50,50,1,-1,-1,-1
225,2,388,1029,50,50,1,-1,-1,-1
226,2,382,1046,50,50,1,-1,-1,-1
227,1,556,1226,50,50,1,-1,-1,-1
227,2,379,1059,50,50,1,-1,-1,-1
228,2,379,1075,50,50,1,-1,-1,-1
229,1,539,1215,50,50,1,-1,-1,-1
229,2,380,1092,50,50,1,-1,-1,-1
230,1,539,1215,50,50,1,-1,-1,-1
230,2,380,1092,50,50,1,-1,-1,-1
231,2,384,1133,50,50,1,-1,-1,-1
232,1,518,1138,50,50,1,-1,-1,-1
232,2,385,1156,50,50,1,-1,-1,-1
233,1,514,1095,50,50,1,-1,-1,-1
233,2,386,1176,50,50,1,-1,-1,-1
234,1,513,1063,50,50,1,-1,-1,-1
234,2,387,1193,50,50,1,-1,-1,-1
235,2,388,1208,50,50,1,-1,-1,-1
236,2,388,1208,50,50,1,-1,-1,-1
237,2,388,1208,50,50,1,-1,-1,-1
238,2,388,1208,50,50,1,-1,-1,-1
239,2,388,1208,50,50,1,-1,-1,-1
240,2,388,1208,50,50,1,-1,-1,-1
241,1,589,1034,50,50,1,-1,-1,-1
242,1,594,1040,50,50,1,-1,-1,-1
243,1,599,1046,50,50,1,-1,-1,-1
244,1,608,1055,50,50,1,-1,-1,-1
245,1,616,1068,50,50,1,-1,-1,-1
245,2,449,1154,50,50,1,-1,-1,-1
246,1,620,1086,50,50,1,-1,-1,-1
246,2,456,1109,50,50,1,-1,-1,-1
247,1,622,1108,50,50,1,-1,-1,-1
247,2,459,1064,50,50,1,-1,-1,-1
248,1,621,1129,50,50,1,-1,-1,-1
249,1,620,1150,50,50,1,-1,-1,-1
249,2,426,1035,50,50,1,-1,-1,-1
250,1,616,1169,50,50,1,-1,-1,-1
251,1,611,1186,50,50,1,-1,-1,-1
251,2,388,1033,50,50,1,-1,-1,-1
252,2,377,1059,50,50,1,-1,-1,-1
253,2,368,1078,50,50,1,-1,-1,-1
254,2,368,1078,50,50,1,-1,-1,-1
255,2,365,1093,50,50,1,-1,-1,-1
256,1,561,1216,50,50,1,-1,-1,-1
256,2,367,1099,50,50,1,-1,-1,-1
257,1,553,1205,50,50,1,-1,-1,-1
257,2,369,1107,50,50,1,-1,-1,-1
258,2,370,1116,50,50,1,-1,-1,-1
259,1,542,1154,50,50,1,-1,-1,-1
260,1,542,1154,50,50,1,-1,-1,-1
261,1,533,1076,50,50,1,-1,-1,-1
261,2,376,1155,50,50,1,-1,-1,-1
262,2,379,1169,50,50,1,-1,-1,-1
263,2,383,1183,50,50,1,-1,-1,-1
264,2,388,1196,50,50,1,-1,-1,-1
265,2,394,1207,50,50,1,-1,-1,-1
266,2,394,1207,50,50,1,-1,-1,-1
267,2,394,1207,50,50,1,-1,-1,-1
268,2,394,1207,50,50,1,-1,-1,-1
269,2,394,1207,50,50,1,-1,-1,-1
270,2,394,1207,50,50,1,-1,-1,-1
271,2,394,1207,50,50,1,-1,-1,-1
272,1,632,1084,50,50,1,-1,-1,-1
272,2,448,1154,50,50,1,-1,-1,-1
273,1,630,1096,50,50,1,-1,-1,-1
273,2,455,1109,50,50,1,-1,-1,-1
274,1,624,1113,50,50,1,-1,-1,-1
274,2,460,1061,50,50,1,-1,-1,-1
275,1,619,1131,50,50,1,-1,-1,-1
276,1,614,1148,50,50,1,-1,-1,-1
276,2,429,1029,50,50,1,-1,-1,-1
277,1,607,1165,50,50,1,-1,-1,-1
278,1,600,1181,50,50,1,-1,-1,-1
279,1,593,1196,50,50,1,-1,-1,-1
280,1,593,1196,50,50,1,-1,-1,-1
281,2,359,1054,50,50,1,-1,-1,-1
282,2,360,1063,50,50,1,-1,-1,-1
283,2,363,1074,50,50,1,-1,-1,-1
284,2,366,1085,50,50,1,-1,-1,-1
285,2,369,1097,50,50,1,-1,-1,-1
286,1,543,1178,50,50,1,-1,-1,-1
286,2,371,1110,50,50,1,-1,-1,-1
287,1,538,1146,50,50,1,-1,-1,-1
287,2,373,1126,50,50,1,-1,-1,-1
288,2,374,1140,50,50,1,-1,-1,-1
289,1,531,1069,50,50,1,-1,-1,-1
289,2,377,1156,50,50,1,-1,-1,-1
290,2,379,1170,50,50,1,-1,-1,-1
291,2,382,1184,50,50,1,-1,-1,-1
292,2,385,1196,50,50,1,-1,-1,-1
293,2,388,1207,50,50,1,-1,-1,-1
294,2,388,1207,50,50,1,-1,-1,-1
295,2,601,1028,50,50,1,-1,-1,-1
296,2,608,1034,50,50,1,-1,-1,-1
297,2,608,1034,50,50,1,-1,-1,-1
298,2,608,1034,50,50,1,-1,-1,-1
299,1,433,1197,50,50,1,-1,-1,-1
299,2,634,1063,50,50,1,-1,-1,-1
300,1,443,1168,50,50,1,-1,-1,-1
301,1,453,1125,50,50,1,-1,-1,-1
301,2,639,1098,50,50,1,-1,-1,-1
302,1,458,1077,50,50,1,-1,-1,-1
303,1,458,1077,50,50,1,-1,-1,-1
304,1,441,1038,50,50,1,-1,-1,-1
304,2,627,1158,50,50,1,-1,-1,-1
305,1,441,1038,50,50,1,-1,-1,-1
305,2,627,1158,50,50,1,-1,-1,-1
306,1,441,1038,50,50,1,-1,-1,-1
306,2,627,1158,50,50,1,-1,-1,-1
307,1,409,1042,50,50,1,-1,-1,-1
308,1,405,1060,50,50,1,-1,-1,-1
309,1,403,1074,50,50,1,-1,-1,-1
310,1,402,1087,50,50,1,-1,-1,-1
311,1,402,1099,50,50,1,-1,-1,-1
312,1,402,1112,50,50,1,-1,-1,-1
312,2,556,1203,50,50,1,-1,-1,-1
313,1,401,1125,50,50,1,-1,-1,-1
313,2,552,1179,50,50,1,-1,-1,-1
314,1,400,1139,50,50,1,-1,-1,-1
314,2,549,1145,50,50,1,-1,-1,-1
315,1,400,1154,50,50,1,-1,-1,-1
316,1,399,1167,50,50,1,-1,-1,-1
316,2,543,1064,50,50,1,-1,-1,-1
317,1,399,1179,50,50,1,-1,-1,-1
318,1,399,1190,50,50,1,-1,-1,-1
319,1,399,1199,50,50,1,-1,-1,-1
320,1,400,1208,50,50,1,-1,-1,-1
321,1,401,1214,50,50,1,-1,-1,-1
322,1,401,1214,50,50,1,-1,-1,-1
323,1,401,1214,50,50,1,-1,-1,-1
324,1,401,1214,50,50,1,-1,-1,-1
325,1,401,1214,50,50,1,-1,-1,-1
326,1,401,1214,50,50,1,-1,-1,-1
327,1,435,1192,50,50,1,-1,-1,-1
328,1,445,1161,50,50,1,-1,-1,-1
329,1,454,1118,50,50,1,-1,-1,-1
330,1,458,1074,50,50,1,-1,-1,-1
330,2,639,1130,50,50,1,-1,-1,-1
331,2,631,1146,50,50,1,-1,-1,-1
332,2,623,1163,50,50,1,-1,-1,-1
333,1,427,1030,50,50,1,-1,-1,-1
333,2,613,1179,50,50,1,-1,-1,-1
334,1,414,1032,50,50,1,-1,-1,-1
334,2,604,1193,50,50,1,-1,-1,-1
335,1,402,1038,50,50,1,-1,-1,-1
336,1,402,1038,50,50,1,-1,-1,-1
337,1,382,1055,50,50,1,-1,-1,-1
338,1,382,1055,50,50,1,-1,-1,-1
339,1,381,1078,50,50,1,-1,-1,-1
340,1,385,1086,50,50,1,-1,-1,-1
341,1,388,1091,50,50,1,-1,-1,-1
341,2,548,1197,50,50,1,-1,-1,-1
342,1,391,1095,50,50,1,-1,-1,-1
343,1,394,1100,50,50,1,-1,-1,-1
343,2,544,1134,50,50,1,-1,-1,-1
344,1,395,1103,50,50,1,-1,-1,-1
344,2,541,1091,50,50,1,-1,-1,-1
345,1,396,1108,50,50,1,-1,-1,-1
345,2,541,1058,50,50,1,-1,-1,-1
346,1,397,1112,50,50,1,-1,-1,-1
347,1,397,1116,50,50,1,-1,-1,-1
348,1,397,1119,50,50,1,-1,-1,-1
349,1,397,1120,50,50,1,-1,-1,-1
350,1,396,1120,50,50,1,-1,-1,-1
351,1,396,1120,50,50,1,-1,-1,-1
352,1,396,1120,50,50,1,-1,-1,-1
353,1,396,1120,50,50,1,-1,-1,-1
354,1,396,1120,50,50,1,-1,-1,-1
355,1,396,1120,50,50,1,-1,-1,-1
356,1,396,1120,50,50,1,-1,-1,-1
357,1,396,1120,50,50,1,-1,-1,-1
358,1,642,1076,50,50,1,-1,-1,-1
359,2,379,1105,50,50,1,-1,-1,-1
360,2,379,1105,50,50,1,-1,-1,-1
361,2,379,1105,50,50,1,-1,-1,-1
362,2,379,1105,50,50,1,-1,-1,-1
363,2,379,1105,50,50,1,-1,-1,-1
364,2,379,1105,50,50,1,-1,-1,-1
365,2,373,1115,50,50,1,-1,-1,-1
366,2,373,1118,50,50,1,-1,-1,-1
367,2,374,1119,50,50,1,-1,-1,-1
368,2,375,1117,50,50,1,-1,-1,-1
369,2,377,1115,50,50,1,-1,-1,-1
370,2,378,1112,50,50,1,-1,-1,-1
371,2,379,1110,50,50,1,-1,-1,-1
372,2,379,1109,50,50,1,-1,-1,-1
373,2,379,1108,50,50,1,-1,-1,-1
374,2,380,1107,50,50,1,-1,-1,-1
375,2,380,1106,50,50,1,-1,-1,-1
376,2,379,1105,50,50,1,-1,-1,-1
377,2,380,1105,50,50,1,-1,-1,-1
378,2,380,1105,50,50,1,-1,-1,-1
379,2,380,1105,50,50,1,-1,-1,-1
380,2,380,1105,50,50,1,-1,-1,-1
381,2,380,1105,50,50,1,-1,-1,-1
382,2,380,1105,50,50,1,-1,-1,-1
383,2,380,1105,50,50,1,-1,-1,-1
384,2,380,1105,50,50,1,-1,-1,-1
385,2,380,1105,50,50,1,-1,-1,-1
386,2,380,1105,50,50,1,-1,-1,-1
