2,1,469,1115,50,50,1,-1,-1,-1
2,2,639,1139,50,50,1,-1,-1,-1
3,1,467,1103,50,50,1,-1,-1,-1
3,2,640,1138,50,50,1,-1,-1,-1
4,1,463,1124,50,50,1,-1,-1,-1
4,2,640,1136,50,50,1,-1,-1,-1
5,1,469,1132,50,50,1,-1,-1,-1
5,2,637,1132,50,50,1,-1,-1,-1
6,1,455,1157,50,50,1,-1,-1,-1
6,2,638,1130,50,50,1,-1,-1,-1
7,1,452,1182,50,50,1,-1,-1,-1
7,2,637,1125,50,50,1,-1,-1,-1
8,1,449,1213,50,50,1,-1,-1,-1
8,2,633,1120,50,50,1,-1,-1,-1
9,1,453,1218,50,50,1,-1,-1,-1
9,2,634,1117,50,50,1,-1,-1,-1
10,1,447,1253,50,50,1,-1,-1,-1
10,2,636,1115,50,50,1,-1,-1,-1
11,1,459,1227,50,50,1,-1,-1,-1
11,2,634,1112,50,50,1,-1,-1,-1
12,1,465,1215,50,50,1,-1,-1,-1
12,2,631,1109,50,50,1,-1,-1,-1
13,1,470,1187,50,50,1,-1,-1,-1
13,2,636,1109,50,50,1,-1,-1,-1
14,1,472,1158,50,50,1,-1,-1,-1
14,2,637,1110,50,50,1,-1,-1,-1
15,1,471,1096,50,50,1,-1,-1,-1
15,2,639,1111,50,50,1,-1,-1,-1
16,1,480,1039,50,50,1,-1,-1,-1
16,2,641,1113,50,50,1,-1,-1,-1
17,1,476,986,50,50,1,-1,-1,-1
18,1,472,939,50,50,1,-1,-1,-1
18,2,645,1119,50,50,1,-1,-1,-1
19,1,437,892,50,50,1,-1,-1,-1
19,2,649,1123,50,50,1,-1,-1,-1
20,1,433,855,50,50,1,-1,-1,-1
20,2,653,1127,50,50,1,-1,-1,-1
21,1,428,824,50,50,1,-1,-1,-1
21,2,652,1129,50,50,1,-1,-1,-1
22,1,454,797,50,50,1,-1,-1,-1
22,2,649,1141,50,50,1,-1,-1,-1
22,3,439,1180,50,50,1,-1,-1,-1
23,1,448,775,50,50,1,-1,-1,-1
23,2,648,1145,50,50,1,-1,-1,-1
23,3,436,1213,50,50,1,-1,-1,-1
24,1,444,765,50,50,1,-1,-1,-1
24,2,647,1149,50,50,1,-1,-1,-1
24,3,438,1235,50,50,1,-1,-1,-1
25,1,439,759,50,50,1,-1,-1,-1
25,2,650,1153,50,50,1,-1,-1,-1
25,3,441,1243,50,50,1,-1,-1,-1
26,1,436,755,50,50,1,-1,-1,-1
26,2,647,1157,50,50,1,-1,-1,-1
26,3,449,1241,50,50,1,-1,-1,-1
27,1,431,750,50,50,1,-1,-1,-1
27,2,646,1163,50,50,1,-1,-1,-1
28,1,428,758,50,50,1,-1,-1,-1
28,2,646,1167,50,50,1,-1,-1,-1
28,3,467,1190,50,50,1,-1,-1,-1
29,1,423,774,50,50,1,-1,-1,-1
29,2,647,1170,50,50,1,-1,-1,-1
29,3,473,1136,50,50,1,-1,-1,-1
30,1,419,786,50,50,1,-1,-1,-1
30,2,646,1177,50,50,1,-1,-1,-1
30,3,497,1075,50,50,1,-1,-1,-1
31,1,410,841,50,50,1,-1,-1,-1
31,2,641,1188,50,50,1,-1,-1,-1
31,3,514,968,50,50,1,-1,-1,-1
32,1,406,876,50,50,1,-1,-1,-1
32,2,637,1194,50,50,1,-1,-1,-1
32,3,510,919,50,50,1,-1,-1,-1
33,1,401,913,50,50,1,-1,-1,-1
33,2,633,1202,50,50,1,-1,-1,-1
33,3,523,883,50,50,1,-1,-1,-1
34,1,398,955,50,50,1,-1,-1,-1
34,2,626,1210,50,50,1,-1,-1,-1
34,3,526,843,50,50,1,-1,-1,-1
35,1,394,1004,50,50,1,-1,-1,-1
35,2,620,1221,50,50,1,-1,-1,-1
35,3,543,822,50,50,1,-1,-1,-1
36,1,386,1029,50,50,1,-1,-1,-1
36,2,611,1230,50,50,1,-1,-1,-1
36,3,551,795,50,50,1,-1,-1,-1
37,2,603,1236,50,50,1,-1,-1,-1
37,3,559,776,50,50,1,-1,-1,-1
38,1,388,1055,50,50,1,-1,-1,-1
38,2,594,1244,50,50,1,-1,-1,-1
38,3,567,761,50,50,1,-1,-1,-1
39,1,396,1066,50,50,1,-1,-1,-1
39,2,586,1250,50,50,1,-1,-1,-1
39,3,574,754,50,50,1,-1,-1,-1
40,1,404,1076,50,50,1,-1,-1,-1
40,2,579,1252,50,50,1,-1,-1,-1
40,3,582,751,50,50,1,-1,-1,-1
41,1,401,1085,50,50,1,-1,-1,-1
41,2,573,1250,50,50,1,-1,-1,-1
41,3,589,754,50,50,1,-1,-1,-1
42,1,416,1095,50,50,1,-1,-1,-1
42,2,568,1243,50,50,1,-1,-1,-1
42,3,596,760,50,50,1,-1,-1,-1
43,1,419,1104,50,50,1,-1,-1,-1
43,2,564,1229,50,50,1,-1,-1,-1
43,3,605,772,50,50,1,-1,-1,-1
44,1,421,1111,50,50,1,-1,-1,-1
44,2,574,1203,50,50,1,-1,-1,-1
44,3,612,792,50,50,1,-1,-1,-1
45,1,423,1118,50,50,1,-1,-1,-1
45,2,562,1162,50,50,1,-1,-1,-1
45,3,620,814,50,50,1,-1,-1,-1
46,1,416,1130,50,50,1,-1,-1,-1
46,2,564,1103,50,50,1,-1,-1,-1
46,3,627,842,50,50,1,-1,-1,-1
47,1,415,1135,50,50,1,-1,-1,-1
47,2,566,1048,50,50,1,-1,-1,-1
47,3,607,880,50,50,1,-1,-1,-1
48,1,414,1139,50,50,1,-1,-1,-1
48,3,614,921,50,50,1,-1,-1,-1
49,1,414,1141,50,50,1,-1,-1,-1
49,3,638,964,50,50,1,-1,-1,-1
50,1,410,1144,50,50,1,-1,-1,-1
50,2,591,883,50,50,1,-1,-1,-1
50,3,646,1011,50,50,1,-1,-1,-1
51,1,407,1145,50,50,1,-1,-1,-1
51,2,593,834,50,50,1,-1,-1,-1
51,3,662,1030,50,50,1,-1,-1,-1
52,1,404,1146,50,50,1,-1,-1,-1
52,2,597,793,50,50,1,-1,-1,-1
53,1,401,1146,50,50,1,-1,-1,-1
53,2,599,768,50,50,1,-1,-1,-1
53,3,674,1081,50,50,1,-1,-1,-1
54,1,399,1147,50,50,1,-1,-1,-1
54,2,574,739,50,50,1,-1,-1,-1
55,1,396,1146,50,50,1,-1,-1,-1
55,2,606,719,50,50,1,-1,-1,-1
55,3,659,1141,50,50,1,-1,-1,-1
56,1,395,1146,50,50,1,-1,-1,-1
56,2,610,706,50,50,1,-1,-1,-1
56,3,650,1171,50,50,1,-1,-1,-1
57,1,392,1146,50,50,1,-1,-1,-1
57,2,612,698,50,50,1,-1,-1,-1
57,3,624,1193,50,50,1,-1,-1,-1
58,1,391,1146,50,50,1,-1,-1,-1
58,2,616,687,50,50,1,-1,-1,-1
58,3,631,1215,50,50,1,-1,-1,-1
59,1,390,1147,50,50,1,-1,-1,-1
59,2,618,686,50,50,1,-1,-1,-1
59,3,607,1226,50,50,1,-1,-1,-1
60,1,391,1147,50,50,1,-1,-1,-1
60,2,622,695,50,50,1,-1,-1,-1
60,3,596,1226,50,50,1,-1,-1,-1
61,1,390,1149,50,50,1,-1,-1,-1
61,2,625,705,50,50,1,-1,-1,-1
61,3,588,1215,50,50,1,-1,-1,-1
62,1,389,1152,50,50,1,-1,-1,-1
62,2,599,722,50,50,1,-1,-1,-1
62,3,573,1195,50,50,1,-1,-1,-1
63,1,389,1158,50,50,1,-1,-1,-1
63,2,631,742,50,50,1,-1,-1,-1
63,3,576,1155,50,50,1,-1,-1,-1
64,1,391,1164,50,50,1,-1,-1,-1
64,2,620,769,50,50,1,-1,-1,-1
64,3,570,1105,50,50,1,-1,-1,-1
65,1,391,1172,50,50,1,-1,-1,-1
65,2,608,803,50,50,1,-1,-1,-1
65,3,563,1048,50,50,1,-1,-1,-1
66,1,392,1180,50,50,1,-1,-1,-1
66,2,611,841,50,50,1,-1,-1,-1
66,3,567,991,50,50,1,-1,-1,-1
67,1,392,1189,50,50,1,-1,-1,-1
67,2,642,882,50,50,1,-1,-1,-1
67,3,559,946,50,50,1,-1,-1,-1
68,1,393,1201,50,50,1,-1,-1,-1
68,3,550,902,50,50,1,-1,-1,-1
69,1,405,1203,50,50,1,-1,-1,-1
69,2,647,984,50,50,1,-1,-1,-1
69,3,540,865,50,50,1,-1,-1,-1
70,1,397,1225,50,50,1,-1,-1,-1
70,2,640,1016,50,50,1,-1,-1,-1
70,3,529,841,50,50,1,-1,-1,-1
71,1,412,1231,50,50,1,-1,-1,-1
71,2,655,1025,50,50,1,-1,-1,-1
71,3,520,805,50,50,1,-1,-1,-1
72,1,418,1241,50,50,1,-1,-1,-1
72,3,485,787,50,50,1,-1,-1,-1
73,1,427,1248,50,50,1,-1,-1,-1
73,3,504,781,50,50,1,-1,-1,-1
74,1,436,1252,50,50,1,-1,-1,-1
74,3,496,772,50,50,1,-1,-1,-1
75,1,434,1254,50,50,1,-1,-1,-1
75,3,486,764,50,50,1,-1,-1,-1
76,1,446,1243,50,50,1,-1,-1,-1
76,2,650,1064,50,50,1,-1,-1,-1
76,3,477,768,50,50,1,-1,-1,-1
77,1,458,1222,50,50,1,-1,-1,-1
77,3,469,774,50,50,1,-1,-1,-1
78,1,469,1182,50,50,1,-1,-1,-1
78,2,650,1073,50,50,1,-1,-1,-1
78,3,460,789,50,50,1,-1,-1,-1
79,1,485,1128,50,50,1,-1,-1,-1
79,2,655,1071,50,50,1,-1,-1,-1
79,3,451,805,50,50,1,-1,-1,-1
80,1,486,1046,50,50,1,-1,-1,-1
80,2,658,1078,50,50,1,-1,-1,-1
80,3,442,828,50,50,1,-1,-1,-1
81,1,484,983,50,50,1,-1,-1,-1
81,2,649,1090,50,50,1,-1,-1,-1
81,3,433,856,50,50,1,-1,-1,-1
82,1,476,916,50,50,1,-1,-1,-1
82,2,651,1094,50,50,1,-1,-1,-1
83,2,653,1098,50,50,1,-1,-1,-1
83,3,416,929,50,50,1,-1,-1,-1
84,1,468,806,50,50,1,-1,-1,-1
84,2,651,1102,50,50,1,-1,-1,-1
84,3,409,968,50,50,1,-1,-1,-1
85,1,465,761,50,50,1,-1,-1,-1
85,2,653,1105,50,50,1,-1,-1,-1
85,3,373,1013,50,50,1,-1,-1,-1
86,1,460,717,50,50,1,-1,-1,-1
86,2,664,1098,50,50,1,-1,-1,-1
87,1,456,679,50,50,1,-1,-1,-1
87,2,656,1108,50,50,1,-1,-1,-1
87,3,372,1070,50,50,1,-1,-1,-1
88,1,452,647,50,50,1,-1,-1,-1
88,2,659,1109,50,50,1,-1,-1,-1
89,1,446,622,50,50,1,-1,-1,-1
89,2,659,1112,50,50,1,-1,-1,-1
90,1,440,604,50,50,1,-1,-1,-1
90,2,664,1103,50,50,1,-1,-1,-1
90,3,377,1172,50,50,1,-1,-1,-1
91,1,436,588,50,50,1,-1,-1,-1
91,2,662,1117,50,50,1,-1,-1,-1
91,3,393,1207,50,50,1,-1,-1,-1
92,1,432,584,50,50,1,-1,-1,-1
92,2,662,1120,50,50,1,-1,-1,-1
93,1,428,577,50,50,1,-1,-1,-1
93,2,673,1115,50,50,1,-1,-1,-1
93,3,401,1242,50,50,1,-1,-1,-1
94,1,423,584,50,50,1,-1,-1,-1
94,2,675,1119,50,50,1,-1,-1,-1
94,3,412,1246,50,50,1,-1,-1,-1
95,1,417,582,50,50,1,-1,-1,-1
95,2,672,1129,50,50,1,-1,-1,-1
95,3,425,1239,50,50,1,-1,-1,-1
96,1,414,600,50,50,1,-1,-1,-1
96,2,673,1132,50,50,1,-1,-1,-1
96,3,437,1221,50,50,1,-1,-1,-1
97,1,408,619,50,50,1,-1,-1,-1
97,2,669,1134,50,50,1,-1,-1,-1
97,3,449,1192,50,50,1,-1,-1,-1
98,1,404,645,50,50,1,-1,-1,-1
98,2,668,1141,50,50,1,-1,-1,-1
98,3,464,1130,50,50,1,-1,-1,-1
99,1,400,676,50,50,1,-1,-1,-1
99,2,668,1146,50,50,1,-1,-1,-1
99,3,472,1070,50,50,1,-1,-1,-1
100,1,395,712,50,50,1,-1,-1,-1
100,2,665,1153,50,50,1,-1,-1,-1
100,3,492,1005,50,50,1,-1,-1,-1
101,1,391,753,50,50,1,-1,-1,-1
101,2,666,1158,50,50,1,-1,-1,-1
101,3,500,948,50,50,1,-1,-1,-1
102,1,387,798,50,50,1,-1,-1,-1
102,2,663,1165,50,50,1,-1,-1,-1
102,3,479,891,50,50,1,-1,-1,-1
103,1,350,853,50,50,1,-1,-1,-1
103,2,659,1172,50,50,1,-1,-1,-1
103,3,504,844,50,50,1,-1,-1,-1
104,1,346,907,50,50,1,-1,-1,-1
104,2,652,1182,50,50,1,-1,-1,-1
104,3,521,802,50,50,1,-1,-1,-1
105,1,342,968,50,50,1,-1,-1,-1
105,2,641,1192,50,50,1,-1,-1,-1
105,3,530,772,50,50,1,-1,-1,-1
106,1,346,1027,50,50,1,-1,-1,-1
106,2,635,1206,50,50,1,-1,-1,-1
106,3,538,739,50,50,1,-1,-1,-1
107,1,362,1043,50,50,1,-1,-1,-1
107,2,624,1220,50,50,1,-1,-1,-1
107,3,545,714,50,50,1,-1,-1,-1
108,1,365,1049,50,50,1,-1,-1,-1
108,2,612,1235,50,50,1,-1,-1,-1
108,3,552,696,50,50,1,-1,-1,-1
109,1,373,1065,50,50,1,-1,-1,-1
109,2,599,1248,50,50,1,-1,-1,-1
109,3,560,678,50,50,1,-1,-1,-1
110,1,378,1074,50,50,1,-1,-1,-1
110,2,586,1257,50,50,1,-1,-1,-1
110,3,567,671,50,50,1,-1,-1,-1
111,1,385,1086,50,50,1,-1,-1,-1
111,2,575,1260,50,50,1,-1,-1,-1
111,3,574,664,50,50,1,-1,-1,-1
112,1,391,1096,50,50,1,-1,-1,-1
112,2,567,1256,50,50,1,-1,-1,-1
112,3,581,671,50,50,1,-1,-1,-1
113,1,400,1108,50,50,1,-1,-1,-1
113,2,558,1241,50,50,1,-1,-1,-1
113,3,586,671,50,50,1,-1,-1,-1
114,1,400,1113,50,50,1,-1,-1,-1
114,2,552,1214,50,50,1,-1,-1,-1
114,3,596,689,50,50,1,-1,-1,-1
115,1,403,1117,50,50,1,-1,-1,-1
115,2,551,1171,50,50,1,-1,-1,-1
115,3,602,704,50,50,1,-1,-1,-1
116,1,397,1132,50,50,1,-1,-1,-1
116,2,552,1116,50,50,1,-1,-1,-1
116,3,612,732,50,50,1,-1,-1,-1
117,1,398,1138,50,50,1,-1,-1,-1
117,2,572,1035,50,50,1,-1,-1,-1
117,3,618,759,50,50,1,-1,-1,-1
118,1,399,1142,50,50,1,-1,-1,-1
118,2,580,982,50,50,1,-1,-1,-1
118,3,625,788,50,50,1,-1,-1,-1
119,1,397,1146,50,50,1,-1,-1,-1
119,2,587,935,50,50,1,-1,-1,-1
119,3,631,831,50,50,1,-1,-1,-1
120,1,406,1142,50,50,1,-1,-1,-1
120,2,593,873,50,50,1,-1,-1,-1
121,1,394,1150,50,50,1,-1,-1,-1
121,2,601,823,50,50,1,-1,-1,-1
122,1,393,1154,50,50,1,-1,-1,-1
122,2,608,782,50,50,1,-1,-1,-1
122,3,650,986,50,50,1,-1,-1,-1
123,1,391,1156,50,50,1,-1,-1,-1
123,2,615,745,50,50,1,-1,-1,-1
124,1,391,1158,50,50,1,-1,-1,-1
124,2,623,714,50,50,1,-1,-1,-1
124,3,653,1032,50,50,1,-1,-1,-1
125,1,392,1158,50,50,1,-1,-1,-1
125,2,629,688,50,50,1,-1,-1,-1
126,1,392,1161,50,50,1,-1,-1,-1
126,2,607,669,50,50,1,-1,-1,-1
127,1,394,1164,50,50,1,-1,-1,-1
127,2,615,653,50,50,1,-1,-1,-1
127,3,640,1150,50,50,1,-1,-1,-1
128,1,396,1166,50,50,1,-1,-1,-1
128,2,621,646,50,50,1,-1,-1,-1
128,3,629,1192,50,50,1,-1,-1,-1
129,1,399,1167,50,50,1,-1,-1,-1
129,2,656,638,50,50,1,-1,-1,-1
129,3,625,1215,50,50,1,-1,-1,-1
130,1,402,1169,50,50,1,-1,-1,-1
130,2,663,642,50,50,1,-1,-1,-1
130,3,619,1225,50,50,1,-1,-1,-1
131,1,405,1173,50,50,1,-1,-1,-1
131,2,642,651,50,50,1,-1,-1,-1
131,3,616,1220,50,50,1,-1,-1,-1
132,1,407,1177,50,50,1,-1,-1,-1
132,2,648,663,50,50,1,-1,-1,-1
132,3,609,1214,50,50,1,-1,-1,-1
133,1,408,1181,50,50,1,-1,-1,-1
133,2,668,680,50,50,1,-1,-1,-1
133,3,615,1180,50,50,1,-1,-1,-1
134,1,409,1187,50,50,1,-1,-1,-1
134,2,689,700,50,50,1,-1,-1,-1
134,3,609,1124,50,50,1,-1,-1,-1
135,1,410,1192,50,50,1,-1,-1,-1
135,2,683,731,50,50,1,-1,-1,-1
135,3,609,1074,50,50,1,-1,-1,-1
136,1,410,1200,50,50,1,-1,-1,-1
136,2,701,765,50,50,1,-1,-1,-1
136,3,608,1020,50,50,1,-1,-1,-1
137,1,411,1208,50,50,1,-1,-1,-1
137,2,707,802,50,50,1,-1,-1,-1
137,3,605,961,50,50,1,-1,-1,-1
138,1,412,1216,50,50,1,-1,-1,-1
138,2,713,843,50,50,1,-1,-1,-1
138,3,597,913,50,50,1,-1,-1,-1
139,1,413,1225,50,50,1,-1,-1,-1
139,2,720,894,50,50,1,-1,-1,-1
139,3,588,869,50,50,1,-1,-1,-1
140,1,416,1234,50,50,1,-1,-1,-1
140,2,716,949,50,50,1,-1,-1,-1
140,3,553,836,50,50,1,-1,-1,-1
141,1,431,1240,50,50,1,-1,-1,-1
141,3,573,802,50,50,1,-1,-1,-1
142,1,418,1271,50,50,1,-1,-1,-1
142,2,723,1026,50,50,1,-1,-1,-1
142,3,564,776,50,50,1,-1,-1,-1
143,1,427,1255,50,50,1,-1,-1,-1
143,3,557,758,50,50,1,-1,-1,-1
144,1,433,1259,50,50,1,-1,-1,-1
144,3,550,745,50,50,1,-1,-1,-1
145,1,441,1261,50,50,1,-1,-1,-1
145,3,540,733,50,50,1,-1,-1,-1
146,1,453,1258,50,50,1,-1,-1,-1
146,3,532,724,50,50,1,-1,-1,-1
147,1,467,1252,50,50,1,-1,-1,-1
147,2,696,1078,50,50,1,-1,-1,-1
147,3,525,733,50,50,1,-1,-1,-1
148,1,493,1235,50,50,1,-1,-1,-1
148,2,690,1087,50,50,1,-1,-1,-1
148,3,518,743,50,50,1,-1,-1,-1
149,1,511,1209,50,50,1,-1,-1,-1
149,2,685,1093,50,50,1,-1,-1,-1
149,3,510,754,50,50,1,-1,-1,-1
150,1,514,1169,50,50,1,-1,-1,-1
150,3,501,774,50,50,1,-1,-1,-1
151,1,533,1105,50,50,1,-1,-1,-1
151,2,675,1099,50,50,1,-1,-1,-1
151,3,494,793,50,50,1,-1,-1,-1
152,1,532,1039,50,50,1,-1,-1,-1
152,2,683,1089,50,50,1,-1,-1,-1
152,3,459,821,50,50,1,-1,-1,-1
153,1,527,973,50,50,1,-1,-1,-1
153,2,669,1101,50,50,1,-1,-1,-1
153,3,449,858,50,50,1,-1,-1,-1
153,4,453,1045,50,50,1,-1,-1,-1
154,1,514,908,50,50,1,-1,-1,-1
154,2,675,1101,50,50,1,-1,-1,-1
155,2,678,1101,50,50,1,-1,-1,-1
155,3,463,946,50,50,1,-1,-1,-1
156,1,509,813,50,50,1,-1,-1,-1
156,2,681,1103,50,50,1,-1,-1,-1
156,3,453,988,50,50,1,-1,-1,-1
157,1,505,770,50,50,1,-1,-1,-1
157,2,682,1107,50,50,1,-1,-1,-1
157,3,425,1025,50,50,1,-1,-1,-1
158,1,500,734,50,50,1,-1,-1,-1
158,2,685,1112,50,50,1,-1,-1,-1
158,3,410,1058,50,50,1,-1,-1,-1
159,1,494,704,50,50,1,-1,-1,-1
159,2,687,1118,50,50,1,-1,-1,-1
159,3,389,1091,50,50,1,-1,-1,-1
160,1,488,678,50,50,1,-1,-1,-1
160,2,685,1125,50,50,1,-1,-1,-1
160,3,399,1131,50,50,1,-1,-1,-1
161,1,482,658,50,50,1,-1,-1,-1
161,2,683,1131,50,50,1,-1,-1,-1
161,3,396,1164,50,50,1,-1,-1,-1
162,1,476,643,50,50,1,-1,-1,-1
162,2,690,1137,50,50,1,-1,-1,-1
162,3,395,1195,50,50,1,-1,-1,-1
163,1,468,630,50,50,1,-1,-1,-1
163,2,690,1143,50,50,1,-1,-1,-1
163,3,397,1219,50,50,1,-1,-1,-1
164,1,461,624,50,50,1,-1,-1,-1
164,2,692,1148,50,50,1,-1,-1,-1
164,3,400,1237,50,50,1,-1,-1,-1
165,1,458,628,50,50,1,-1,-1,-1
165,2,701,1148,50,50,1,-1,-1,-1
165,3,407,1245,50,50,1,-1,-1,-1
166,1,452,635,50,50,1,-1,-1,-1
166,2,701,1155,50,50,1,-1,-1,-1
166,3,419,1246,50,50,1,-1,-1,-1
167,1,446,650,50,50,1,-1,-1,-1
167,2,699,1158,50,50,1,-1,-1,-1
167,3,428,1231,50,50,1,-1,-1,-1
168,1,440,669,50,50,1,-1,-1,-1
168,2,697,1160,50,50,1,-1,-1,-1
168,3,445,1209,50,50,1,-1,-1,-1
169,1,434,697,50,50,1,-1,-1,-1
169,2,695,1164,50,50,1,-1,-1,-1
169,3,458,1165,50,50,1,-1,-1,-1
170,1,430,723,50,50,1,-1,-1,-1
170,2,691,1167,50,50,1,-1,-1,-1
170,3,460,1107,50,50,1,-1,-1,-1
171,1,394,759,50,50,1,-1,-1,-1
171,2,679,1174,50,50,1,-1,-1,-1
171,3,482,1043,50,50,1,-1,-1,-1
172,1,416,800,50,50,1,-1,-1,-1
172,2,673,1175,50,50,1,-1,-1,-1
172,3,505,982,50,50,1,-1,-1,-1
173,1,413,845,50,50,1,-1,-1,-1
173,2,668,1184,50,50,1,-1,-1,-1
173,3,507,916,50,50,1,-1,-1,-1
174,1,406,896,50,50,1,-1,-1,-1
174,2,662,1189,50,50,1,-1,-1,-1
174,3,517,866,50,50,1,-1,-1,-1
174,4,434,1005,50,50,1,-1,-1,-1
175,1,387,952,50,50,1,-1,-1,-1
175,2,655,1196,50,50,1,-1,-1,-1
175,3,522,832,50,50,1,-1,-1,-1
176,1,367,1004,50,50,1,-1,-1,-1
176,2,647,1201,50,50,1,-1,-1,-1
176,3,544,788,50,50,1,-1,-1,-1
177,1,383,1028,50,50,1,-1,-1,-1
177,2,638,1208,50,50,1,-1,-1,-1
177,3,526,751,50,50,1,-1,-1,-1
178,1,357,1045,50,50,1,-1,-1,-1
178,2,631,1216,50,50,1,-1,-1,-1
178,3,562,724,50,50,1,-1,-1,-1
179,1,382,1052,50,50,1,-1,-1,-1
179,2,622,1226,50,50,1,-1,-1,-1
179,3,572,697,50,50,1,-1,-1,-1
180,1,390,1064,50,50,1,-1,-1,-1
180,2,611,1239,50,50,1,-1,-1,-1
180,3,583,683,50,50,1,-1,-1,-1
181,1,395,1072,50,50,1,-1,-1,-1
181,2,603,1246,50,50,1,-1,-1,-1
181,3,593,675,50,50,1,-1,-1,-1
182,1,398,1078,50,50,1,-1,-1,-1
182,2,594,1255,50,50,1,-1,-1,-1
182,3,602,666,50,50,1,-1,-1,-1
183,1,403,1082,50,50,1,-1,-1,-1
183,2,589,1256,50,50,1,-1,-1,-1
183,3,611,664,50,50,1,-1,-1,-1
184,1,408,1087,50,50,1,-1,-1,-1
184,2,584,1251,50,50,1,-1,-1,-1
184,3,620,668,50,50,1,-1,-1,-1
185,1,413,1091,50,50,1,-1,-1,-1
185,2,575,1234,50,50,1,-1,-1,-1
185,3,628,678,50,50,1,-1,-1,-1
186,1,417,1095,50,50,1,-1,-1,-1
186,2,576,1198,50,50,1,-1,-1,-1
186,3,612,692,50,50,1,-1,-1,-1
187,1,420,1100,50,50,1,-1,-1,-1
187,2,577,1145,50,50,1,-1,-1,-1
187,3,648,711,50,50,1,-1,-1,-1
188,1,421,1103,50,50,1,-1,-1,-1
188,2,581,1083,50,50,1,-1,-1,-1
188,3,641,737,50,50,1,-1,-1,-1
189,1,421,1105,50,50,1,-1,-1,-1
189,2,570,1014,50,50,1,-1,-1,-1
189,3,665,765,50,50,1,-1,-1,-1
190,1,423,1109,50,50,1,-1,-1,-1
190,2,603,958,50,50,1,-1,-1,-1
190,3,675,800,50,50,1,-1,-1,-1
191,1,414,1122,50,50,1,-1,-1,-1
191,2,608,901,50,50,1,-1,-1,-1
192,1,413,1126,50,50,1,-1,-1,-1
192,2,612,851,50,50,1,-1,-1,-1
193,1,413,1129,50,50,1,-1,-1,-1
193,2,617,810,50,50,1,-1,-1,-1
193,3,691,935,50,50,1,-1,-1,-1
194,1,412,1132,50,50,1,-1,-1,-1
194,2,621,771,50,50,1,-1,-1,-1
194,3,700,990,50,50,1,-1,-1,-1
195,1,410,1137,50,50,1,-1,-1,-1
195,2,625,740,50,50,1,-1,-1,-1
195,3,704,1026,50,50,1,-1,-1,-1
196,1,409,1141,50,50,1,-1,-1,-1
196,2,628,712,50,50,1,-1,-1,-1
196,3,705,1051,50,50,1,-1,-1,-1
197,1,410,1143,50,50,1,-1,-1,-1
197,2,603,693,50,50,1,-1,-1,-1
197,3,698,1085,50,50,1,-1,-1,-1
198,1,423,1146,50,50,1,-1,-1,-1
198,2,608,677,50,50,1,-1,-1,-1
199,1,422,1144,50,50,1,-1,-1,-1
199,2,639,667,50,50,1,-1,-1,-1
199,3,674,1160,50,50,1,-1,-1,-1
200,1,421,1145,50,50,1,-1,-1,-1
200,2,643,658,50,50,1,-1,-1,-1
200,3,645,1191,50,50,1,-1,-1,-1
201,1,421,1145,50,50,1,-1,-1,-1
201,2,647,667,50,50,1,-1,-1,-1
201,3,632,1208,50,50,1,-1,-1,-1
202,1,419,1140,50,50,1,-1,-1,-1
202,2,624,669,50,50,1,-1,-1,-1
202,3,618,1212,50,50,1,-1,-1,-1
203,1,423,1148,50,50,1,-1,-1,-1
203,2,628,680,50,50,1,-1,-1,-1
203,3,604,1200,50,50,1,-1,-1,-1
204,1,405,1158,50,50,1,-1,-1,-1
204,2,631,697,50,50,1,-1,-1,-1
204,3,600,1171,50,50,1,-1,-1,-1
205,1,405,1163,50,50,1,-1,-1,-1
205,2,665,721,50,50,1,-1,-1,-1
205,3,586,1138,50,50,1,-1,-1,-1
206,1,407,1170,50,50,1,-1,-1,-1
206,2,669,747,50,50,1,-1,-1,-1
206,3,583,1084,50,50,1,-1,-1,-1
207,1,420,1172,50,50,1,-1,-1,-1
207,2,672,781,50,50,1,-1,-1,-1
207,3,581,1028,50,50,1,-1,-1,-1
208,1,419,1183,50,50,1,-1,-1,-1
208,2,676,820,50,50,1,-1,-1,-1
208,3,580,967,50,50,1,-1,-1,-1
209,1,419,1193,50,50,1,-1,-1,-1
209,2,679,862,50,50,1,-1,-1,-1
209,3,569,918,50,50,1,-1,-1,-1
210,1,419,1209,50,50,1,-1,-1,-1
210,2,682,911,50,50,1,-1,-1,-1
210,3,558,873,50,50,1,-1,-1,-1
211,1,420,1220,50,50,1,-1,-1,-1
211,2,687,966,50,50,1,-1,-1,-1
211,3,549,835,50,50,1,-1,-1,-1
212,1,408,1236,50,50,1,-1,-1,-1
212,2,675,1014,50,50,1,-1,-1,-1
212,3,538,805,50,50,1,-1,-1,-1
213,1,412,1246,50,50,1,-1,-1,-1
213,3,528,777,50,50,1,-1,-1,-1
214,2,681,1051,50,50,1,-1,-1,-1
214,3,517,757,50,50,1,-1,-1,-1
215,1,429,1252,50,50,1,-1,-1,-1
215,2,681,1061,50,50,1,-1,-1,-1
215,3,508,748,50,50,1,-1,-1,-1
216,1,426,1264,50,50,1,-1,-1,-1
216,2,678,1073,50,50,1,-1,-1,-1
216,3,497,731,50,50,1,-1,-1,-1
217,1,436,1261,50,50,1,-1,-1,-1
217,2,675,1083,50,50,1,-1,-1,-1
217,3,486,722,50,50,1,-1,-1,-1
218,1,447,1254,50,50,1,-1,-1,-1
218,2,673,1093,50,50,1,-1,-1,-1
218,3,476,726,50,50,1,-1,-1,-1
219,1,460,1236,50,50,1,-1,-1,-1
219,2,662,1101,50,50,1,-1,-1,-1
219,3,466,736,50,50,1,-1,-1,-1
220,1,468,1208,50,50,1,-1,-1,-1
220,2,659,1105,50,50,1,-1,-1,-1
220,3,457,749,50,50,1,-1,-1,-1
221,1,478,1146,50,50,1,-1,-1,-1
221,2,668,1109,50,50,1,-1,-1,-1
221,3,446,765,50,50,1,-1,-1,-1
222,1,487,1080,50,50,1,-1,-1,-1
222,2,661,1113,50,50,1,-1,-1,-1
222,3,437,791,50,50,1,-1,-1,-1
223,1,490,1005,50,50,1,-1,-1,-1
223,3,427,815,50,50,1,-1,-1,-1
224,1,486,941,50,50,1,-1,-1,-1
224,2,663,1115,50,50,1,-1,-1,-1
224,3,416,852,50,50,1,-1,-1,-1
225,2,657,1118,50,50,1,-1,-1,-1
225,3,406,890,50,50,1,-1,-1,-1
226,1,447,829,50,50,1,-1,-1,-1
226,2,658,1119,50,50,1,-1,-1,-1
226,3,396,934,50,50,1,-1,-1,-1
227,1,472,781,50,50,1,-1,-1,-1
227,2,652,1118,50,50,1,-1,-1,-1
227,3,358,982,50,50,1,-1,-1,-1
228,1,469,738,50,50,1,-1,-1,-1
228,3,349,1028,50,50,1,-1,-1,-1
229,1,464,699,50,50,1,-1,-1,-1
229,2,654,1119,50,50,1,-1,-1,-1
230,1,430,668,50,50,1,-1,-1,-1
230,2,654,1121,50,50,1,-1,-1,-1
230,3,344,1091,50,50,1,-1,-1,-1
231,1,455,640,50,50,1,-1,-1,-1
231,2,655,1124,50,50,1,-1,-1,-1
231,3,348,1122,50,50,1,-1,-1,-1
232,1,450,622,50,50,1,-1,-1,-1
232,2,655,1126,50,50,1,-1,-1,-1
233,1,416,604,50,50,1,-1,-1,-1
233,2,661,1130,50,50,1,-1,-1,-1
233,3,372,1185,50,50,1,-1,-1,-1
234,1,440,596,50,50,1,-1,-1,-1
234,2,657,1135,50,50,1,-1,-1,-1
234,3,384,1212,50,50,1,-1,-1,-1
235,1,434,588,50,50,1,-1,-1,-1
235,2,651,1137,50,50,1,-1,-1,-1
235,3,396,1231,50,50,1,-1,-1,-1
236,1,432,595,50,50,1,-1,-1,-1
236,2,660,1135,50,50,1,-1,-1,-1
236,3,408,1240,50,50,1,-1,-1,-1
237,1,428,598,50,50,1,-1,-1,-1
237,2,659,1137,50,50,1,-1,-1,-1
237,3,424,1240,50,50,1,-1,-1,-1
238,1,422,613,50,50,1,-1,-1,-1
238,2,660,1139,50,50,1,-1,-1,-1
238,3,437,1233,50,50,1,-1,-1,-1
239,1,418,628,50,50,1,-1,-1,-1
239,2,659,1146,50,50,1,-1,-1,-1
239,3,449,1213,50,50,1,-1,-1,-1
240,1,413,658,50,50,1,-1,-1,-1
240,2,657,1153,50,50,1,-1,-1,-1
241,1,410,682,50,50,1,-1,-1,-1
241,2,652,1156,50,50,1,-1,-1,-1
241,3,472,1119,50,50,1,-1,-1,-1
242,1,406,716,50,50,1,-1,-1,-1
242,2,651,1163,50,50,1,-1,-1,-1
242,3,485,1059,50,50,1,-1,-1,-1
243,1,400,753,50,50,1,-1,-1,-1
243,2,649,1168,50,50,1,-1,-1,-1
243,3,502,1002,50,50,1,-1,-1,-1
244,1,397,799,50,50,1,-1,-1,-1
244,2,647,1172,50,50,1,-1,-1,-1
244,3,510,951,50,50,1,-1,-1,-1
245,1,362,849,50,50,1,-1,-1,-1
245,2,644,1178,50,50,1,-1,-1,-1
245,3,509,903,50,50,1,-1,-1,-1
246,1,358,906,50,50,1,-1,-1,-1
246,2,637,1185,50,50,1,-1,-1,-1
246,3,513,869,50,50,1,-1,-1,-1
247,1,384,964,50,50,1,-1,-1,-1
247,2,634,1194,50,50,1,-1,-1,-1
247,3,525,816,50,50,1,-1,-1,-1
248,1,361,1027,50,50,1,-1,-1,-1
248,2,629,1204,50,50,1,-1,-1,-1
248,3,539,796,50,50,1,-1,-1,-1
249,1,355,1048,50,50,1,-1,-1,-1
249,2,619,1216,50,50,1,-1,-1,-1
249,3,518,766,50,50,1,-1,-1,-1
250,1,359,1053,50,50,1,-1,-1,-1
250,2,609,1227,50,50,1,-1,-1,-1
250,3,553,750,50,50,1,-1,-1,-1
251,2,597,1240,50,50,1,-1,-1,-1
251,3,533,734,50,50,1,-1,-1,-1
252,1,382,1068,50,50,1,-1,-1,-1
252,2,583,1251,50,50,1,-1,-1,-1
252,3,568,729,50,50,1,-1,-1,-1
253,1,386,1083,50,50,1,-1,-1,-1
253,2,569,1251,50,50,1,-1,-1,-1
253,3,574,726,50,50,1,-1,-1,-1
254,1,385,1081,50,50,1,-1,-1,-1
254,2,560,1251,50,50,1,-1,-1,-1
254,3,582,725,50,50,1,-1,-1,-1
255,1,391,1096,50,50,1,-1,-1,-1
255,2,555,1240,50,50,1,-1,-1,-1
255,3,589,732,50,50,1,-1,-1,-1
256,1,394,1101,50,50,1,-1,-1,-1
256,2,549,1217,50,50,1,-1,-1,-1
256,3,596,741,50,50,1,-1,-1,-1
257,1,391,1103,50,50,1,-1,-1,-1
257,2,546,1181,50,50,1,-1,-1,-1
257,3,602,760,50,50,1,-1,-1,-1
258,1,394,1107,50,50,1,-1,-1,-1
258,2,547,1121,50,50,1,-1,-1,-1
258,3,582,785,50,50,1,-1,-1,-1
259,1,396,1110,50,50,1,-1,-1,-1
259,2,551,1056,50,50,1,-1,-1,-1
259,3,590,811,50,50,1,-1,-1,-1
260,1,397,1113,50,50,1,-1,-1,-1
260,2,569,988,50,50,1,-1,-1,-1
260,3,624,844,50,50,1,-1,-1,-1
261,1,388,1103,50,50,1,-1,-1,-1
261,3,630,881,50,50,1,-1,-1,-1
262,1,400,1105,50,50,1,-1,-1,-1
262,2,567,872,50,50,1,-1,-1,-1
263,1,394,1107,50,50,1,-1,-1,-1
263,2,555,822,50,50,1,-1,-1,-1
263,3,643,970,50,50,1,-1,-1,-1
264,1,394,1123,50,50,1,-1,-1,-1
264,2,588,783,50,50,1,-1,-1,-1
265,1,392,1126,50,50,1,-1,-1,-1
265,2,593,740,50,50,1,-1,-1,-1
266,1,392,1130,50,50,1,-1,-1,-1
266,2,597,711,50,50,1,-1,-1,-1
267,1,393,1133,50,50,1,-1,-1,-1
267,2,603,684,50,50,1,-1,-1,-1
267,3,663,1079,50,50,1,-1,-1,-1
268,1,391,1135,50,50,1,-1,-1,-1
268,2,608,662,50,50,1,-1,-1,-1
269,1,390,1136,50,50,1,-1,-1,-1
269,2,613,651,50,50,1,-1,-1,-1
269,3,645,1168,50,50,1,-1,-1,-1
270,1,388,1138,50,50,1,-1,-1,-1
270,2,617,632,50,50,1,-1,-1,-1
270,3,632,1212,50,50,1,-1,-1,-1
271,2,623,626,50,50,1,-1,-1,-1
272,1,393,1141,50,50,1,-1,-1,-1
272,2,626,624,50,50,1,-1,-1,-1
272,3,611,1231,50,50,1,-1,-1,-1
273,1,392,1143,50,50,1,-1,-1,-1
273,2,630,629,50,50,1,-1,-1,-1
273,3,603,1227,50,50,1,-1,-1,-1
274,1,403,1144,50,50,1,-1,-1,-1
274,2,608,644,50,50,1,-1,-1,-1
274,3,594,1206,50,50,1,-1,-1,-1
275,1,392,1151,50,50,1,-1,-1,-1
275,2,611,660,50,50,1,-1,-1,-1
275,3,590,1177,50,50,1,-1,-1,-1
276,1,391,1156,50,50,1,-1,-1,-1
276,2,616,682,50,50,1,-1,-1,-1
276,3,584,1132,50,50,1,-1,-1,-1
277,1,392,1165,50,50,1,-1,-1,-1
277,2,621,709,50,50,1,-1,-1,-1
277,3,579,1075,50,50,1,-1,-1,-1
278,1,392,1175,50,50,1,-1,-1,-1
278,2,643,739,50,50,1,-1,-1,-1
278,3,580,1027,50,50,1,-1,-1,-1
279,1,392,1185,50,50,1,-1,-1,-1
279,2,657,774,50,50,1,-1,-1,-1
279,3,576,962,50,50,1,-1,-1,-1
280,1,393,1196,50,50,1,-1,-1,-1
280,2,661,815,50,50,1,-1,-1,-1
280,3,555,917,50,50,1,-1,-1,-1
281,1,395,1208,50,50,1,-1,-1,-1
281,2,654,863,50,50,1,-1,-1,-1
282,1,398,1222,50,50,1,-1,-1,-1
282,2,658,918,50,50,1,-1,-1,-1
282,3,549,842,50,50,1,-1,-1,-1
283,1,402,1235,50,50,1,-1,-1,-1
283,2,673,971,50,50,1,-1,-1,-1
283,3,542,810,50,50,1,-1,-1,-1
284,1,417,1241,50,50,1,-1,-1,-1
284,3,534,783,50,50,1,-1,-1,-1
285,1,427,1245,50,50,1,-1,-1,-1
285,3,525,767,50,50,1,-1,-1,-1
286,1,428,1257,50,50,1,-1,-1,-1
286,3,516,751,50,50,1,-1,-1,-1
287,1,441,1258,50,50,1,-1,-1,-1
287,3,508,743,50,50,1,-1,-1,-1
288,1,455,1256,50,50,1,-1,-1,-1
288,2,677,1047,50,50,1,-1,-1,-1
288,3,470,741,50,50,1,-1,-1,-1
289,1,470,1251,50,50,1,-1,-1,-1
289,3,462,744,50,50,1,-1,-1,-1
290,1,484,1236,50,50,1,-1,-1,-1
290,3,483,751,50,50,1,-1,-1,-1
291,1,496,1214,50,50,1,-1,-1,-1
291,2,673,1071,50,50,1,-1,-1,-1
291,3,474,765,50,50,1,-1,-1,-1
292,1,504,1155,50,50,1,-1,-1,-1
292,3,436,785,50,50,1,-1,-1,-1
293,1,512,1091,50,50,1,-1,-1,-1
293,5,457,814,50,50,1,-1,-1,-1
294,1,500,1027,50,50,1,-1,-1,-1
294,2,669,1093,50,50,1,-1,-1,-1
294,5,448,844,50,50,1,-1,-1,-1
295,5,439,880,50,50,1,-1,-1,-1
296,2,668,1099,50,50,1,-1,-1,-1
296,5,431,925,50,50,1,-1,-1,-1
297,1,469,832,50,50,1,-1,-1,-1
297,2,675,1091,50,50,1,-1,-1,-1
297,5,424,966,50,50,1,-1,-1,-1
298,1,491,782,50,50,1,-1,-1,-1
298,2,673,1104,50,50,1,-1,-1,-1
298,5,415,1023,50,50,1,-1,-1,-1
299,1,486,736,50,50,1,-1,-1,-1
299,2,671,1107,50,50,1,-1,-1,-1
299,5,392,1065,50,50,1,-1,-1,-1
300,1,479,697,50,50,1,-1,-1,-1
300,2,672,1109,50,50,1,-1,-1,-1
300,5,385,1097,50,50,1,-1,-1,-1
301,1,445,665,50,50,1,-1,-1,-1
301,2,668,1111,50,50,1,-1,-1,-1
301,5,382,1126,50,50,1,-1,-1,-1
302,1,468,635,50,50,1,-1,-1,-1
302,2,669,1113,50,50,1,-1,-1,-1
302,5,384,1154,50,50,1,-1,-1,-1
303,1,432,616,50,50,1,-1,-1,-1
303,2,675,1117,50,50,1,-1,-1,-1
303,5,381,1152,50,50,1,-1,-1,-1
304,1,426,600,50,50,1,-1,-1,-1
304,2,676,1121,50,50,1,-1,-1,-1
304,5,393,1220,50,50,1,-1,-1,-1
305,1,451,585,50,50,1,-1,-1,-1
305,2,672,1125,50,50,1,-1,-1,-1
305,5,400,1227,50,50,1,-1,-1,-1
306,1,446,584,50,50,1,-1,-1,-1
306,2,670,1132,50,50,1,-1,-1,-1
306,5,410,1239,50,50,1,-1,-1,-1
307,1,440,582,50,50,1,-1,-1,-1
307,2,670,1136,50,50,1,-1,-1,-1
307,5,422,1241,50,50,1,-1,-1,-1
308,1,434,586,50,50,1,-1,-1,-1
308,2,672,1144,50,50,1,-1,-1,-1
308,5,433,1234,50,50,1,-1,-1,-1
309,1,428,595,50,50,1,-1,-1,-1
309,2,672,1150,50,50,1,-1,-1,-1
309,5,446,1212,50,50,1,-1,-1,-1
310,1,423,614,50,50,1,-1,-1,-1
310,2,671,1155,50,50,1,-1,-1,-1
310,5,453,1177,50,50,1,-1,-1,-1
311,1,416,638,50,50,1,-1,-1,-1
311,2,668,1159,50,50,1,-1,-1,-1
311,5,465,1117,50,50,1,-1,-1,-1
312,1,381,667,50,50,1,-1,-1,-1
312,2,667,1164,50,50,1,-1,-1,-1
312,5,488,1049,50,50,1,-1,-1,-1
313,1,404,702,50,50,1,-1,-1,-1
313,2,673,1161,50,50,1,-1,-1,-1
313,5,502,985,50,50,1,-1,-1,-1
314,1,399,741,50,50,1,-1,-1,-1
314,2,657,1166,50,50,1,-1,-1,-1
314,5,504,923,50,50,1,-1,-1,-1
315,1,393,788,50,50,1,-1,-1,-1
315,2,658,1174,50,50,1,-1,-1,-1
315,5,505,872,50,50,1,-1,-1,-1
316,1,357,837,50,50,1,-1,-1,-1
316,2,655,1173,50,50,1,-1,-1,-1
316,5,528,825,50,50,1,-1,-1,-1
317,1,350,896,50,50,1,-1,-1,-1
317,2,647,1185,50,50,1,-1,-1,-1
317,5,542,787,50,50,1,-1,-1,-1
318,1,365,953,50,50,1,-1,-1,-1
318,2,640,1195,50,50,1,-1,-1,-1
318,5,550,750,50,50,1,-1,-1,-1
319,1,349,1029,50,50,1,-1,-1,-1
319,2,633,1205,50,50,1,-1,-1,-1
319,5,531,716,50,50,1,-1,-1,-1
320,2,624,1218,50,50,1,-1,-1,-1
320,5,570,690,50,50,1,-1,-1,-1
321,2,614,1232,50,50,1,-1,-1,-1
321,5,579,671,50,50,1,-1,-1,-1
322,2,603,1245,50,50,1,-1,-1,-1
322,5,590,658,50,50,1,-1,-1,-1
323,2,592,1254,50,50,1,-1,-1,-1
323,5,599,651,50,50,1,-1,-1,-1
324,2,580,1255,50,50,1,-1,-1,-1
324,5,609,648,50,50,1,-1,-1,-1
325,2,575,1254,50,50,1,-1,-1,-1
325,3,405,1073,50,50,1,-1,-1,-1
325,5,617,649,50,50,1,-1,-1,-1
326,2,567,1242,50,50,1,-1,-1,-1
326,3,403,1093,50,50,1,-1,-1,-1
326,5,626,655,50,50,1,-1,-1,-1
327,2,563,1218,50,50,1,-1,-1,-1
327,3,404,1111,50,50,1,-1,-1,-1
327,5,635,673,50,50,1,-1,-1,-1
328,2,561,1175,50,50,1,-1,-1,-1
328,3,421,1118,50,50,1,-1,-1,-1
328,5,645,689,50,50,1,-1,-1,-1
329,2,564,1116,50,50,1,-1,-1,-1
329,3,431,1129,50,50,1,-1,-1,-1
329,5,654,712,50,50,1,-1,-1,-1
330,2,569,1050,50,50,1,-1,-1,-1
330,3,417,1146,50,50,1,-1,-1,-1
330,5,663,740,50,50,1,-1,-1,-1
331,2,587,983,50,50,1,-1,-1,-1
331,3,419,1150,50,50,1,-1,-1,-1
331,5,671,776,50,50,1,-1,-1,-1
332,2,592,921,50,50,1,-1,-1,-1
332,3,417,1154,50,50,1,-1,-1,-1
332,5,681,813,50,50,1,-1,-1,-1
333,2,569,863,50,50,1,-1,-1,-1
333,3,416,1156,50,50,1,-1,-1,-1
333,5,691,857,50,50,1,-1,-1,-1
334,2,602,814,50,50,1,-1,-1,-1
334,3,416,1159,50,50,1,-1,-1,-1
334,5,687,914,50,50,1,-1,-1,-1
335,2,607,770,50,50,1,-1,-1,-1
335,3,415,1160,50,50,1,-1,-1,-1
335,5,708,961,50,50,1,-1,-1,-1
336,2,612,729,50,50,1,-1,-1,-1
336,3,409,1162,50,50,1,-1,-1,-1
336,5,706,1017,50,50,1,-1,-1,-1
337,2,616,693,50,50,1,-1,-1,-1
337,3,406,1163,50,50,1,-1,-1,-1
337,5,714,1045,50,50,1,-1,-1,-1
338,2,593,664,50,50,1,-1,-1,-1
338,3,405,1164,50,50,1,-1,-1,-1
338,5,718,1063,50,50,1,-1,-1,-1
339,2,627,639,50,50,1,-1,-1,-1
339,3,404,1164,50,50,1,-1,-1,-1
339,5,706,1097,50,50,1,-1,-1,-1
340,2,631,621,50,50,1,-1,-1,-1
340,3,402,1165,50,50,1,-1,-1,-1
340,5,695,1130,50,50,1,-1,-1,-1
341,2,636,610,50,50,1,-1,-1,-1
341,3,401,1166,50,50,1,-1,-1,-1
341,5,680,1166,50,50,1,-1,-1,-1
342,2,640,602,50,50,1,-1,-1,-1
342,3,416,1159,50,50,1,-1,-1,-1
342,5,664,1194,50,50,1,-1,-1,-1
343,2,643,601,50,50,1,-1,-1,-1
343,3,401,1166,50,50,1,-1,-1,-1
343,5,646,1213,50,50,1,-1,-1,-1
344,2,649,606,50,50,1,-1,-1,-1
344,3,416,1159,50,50,1,-1,-1,-1
344,5,630,1220,50,50,1,-1,-1,-1
345,2,655,615,50,50,1,-1,-1,-1
345,3,416,1161,50,50,1,-1,-1,-1
345,5,632,1214,50,50,1,-1,-1,-1
346,2,659,629,50,50,1,-1,-1,-1
346,3,416,1163,50,50,1,-1,-1,-1
346,5,625,1191,50,50,1,-1,-1,-1
347,2,663,647,50,50,1,-1,-1,-1
347,3,417,1165,50,50,1,-1,-1,-1
347,5,621,1159,50,50,1,-1,-1,-1
348,2,668,673,50,50,1,-1,-1,-1
348,3,416,1168,50,50,1,-1,-1,-1
348,5,605,1116,50,50,1,-1,-1,-1
349,2,670,706,50,50,1,-1,-1,-1
349,3,418,1176,50,50,1,-1,-1,-1
349,5,585,1043,50,50,1,-1,-1,-1
350,2,674,739,50,50,1,-1,-1,-1
350,3,419,1182,50,50,1,-1,-1,-1
350,5,574,994,50,50,1,-1,-1,-1
351,2,679,777,50,50,1,-1,-1,-1
351,3,419,1186,50,50,1,-1,-1,-1
351,5,593,946,50,50,1,-1,-1,-1
352,2,682,824,50,50,1,-1,-1,-1
352,3,419,1196,50,50,1,-1,-1,-1
352,5,582,892,50,50,1,-1,-1,-1
353,1,688,976,50,50,1,-1,-1,-1
353,2,688,872,50,50,1,-1,-1,-1
353,3,420,1208,50,50,1,-1,-1,-1
353,5,572,861,50,50,1,-1,-1,-1
354,2,692,927,50,50,1,-1,-1,-1
354,3,421,1214,50,50,1,-1,-1,-1
354,5,560,824,50,50,1,-1,-1,-1
355,2,680,982,50,50,1,-1,-1,-1
355,3,422,1225,50,50,1,-1,-1,-1
355,5,551,790,50,50,1,-1,-1,-1
356,3,424,1232,50,50,1,-1,-1,-1
356,5,543,775,50,50,1,-1,-1,-1
357,2,691,1020,50,50,1,-1,-1,-1
357,3,428,1240,50,50,1,-1,-1,-1
357,5,527,740,50,50,1,-1,-1,-1
358,2,687,1035,50,50,1,-1,-1,-1
358,3,434,1246,50,50,1,-1,-1,-1
358,5,495,740,50,50,1,-1,-1,-1
359,2,684,1053,50,50,1,-1,-1,-1
359,3,431,1255,50,50,1,-1,-1,-1
359,5,508,720,50,50,1,-1,-1,-1
360,2,691,1063,50,50,1,-1,-1,-1
360,3,458,1244,50,50,1,-1,-1,-1
360,5,474,724,50,50,1,-1,-1,-1
361,2,685,1082,50,50,1,-1,-1,-1
361,3,471,1238,50,50,1,-1,-1,-1
361,5,463,731,50,50,1,-1,-1,-1
362,2,680,1090,50,50,1,-1,-1,-1
362,3,492,1216,50,50,1,-1,-1,-1
362,5,474,729,50,50,1,-1,-1,-1
363,2,663,1113,50,50,1,-1,-1,-1
363,3,489,1182,50,50,1,-1,-1,-1
363,5,472,748,50,50,1,-1,-1,-1
364,2,669,1103,50,50,1,-1,-1,-1
364,3,508,1119,50,50,1,-1,-1,-1
364,5,434,777,50,50,1,-1,-1,-1
365,2,665,1107,50,50,1,-1,-1,-1
365,3,479,1054,50,50,1,-1,-1,-1
365,5,452,808,50,50,1,-1,-1,-1
366,2,651,1124,50,50,1,-1,-1,-1
366,3,472,986,50,50,1,-1,-1,-1
366,5,441,833,50,50,1,-1,-1,-1
367,2,661,1112,50,50,1,-1,-1,-1
367,5,434,863,50,50,1,-1,-1,-1
368,2,648,1129,50,50,1,-1,-1,-1
368,3,460,873,50,50,1,-1,-1,-1
369,2,654,1128,50,50,1,-1,-1,-1
369,3,454,822,50,50,1,-1,-1,-1
369,5,412,953,50,50,1,-1,-1,-1
370,2,655,1131,50,50,1,-1,-1,-1
370,3,448,777,50,50,1,-1,-1,-1
370,5,403,1000,50,50,1,-1,-1,-1
371,2,661,1117,50,50,1,-1,-1,-1
371,3,442,738,50,50,1,-1,-1,-1
372,2,656,1137,50,50,1,-1,-1,-1
372,3,437,705,50,50,1,-1,-1,-1
372,5,372,1064,50,50,1,-1,-1,-1
373,2,666,1140,50,50,1,-1,-1,-1
373,3,430,676,50,50,1,-1,-1,-1
373,5,370,1094,50,50,1,-1,-1,-1
374,2,660,1142,50,50,1,-1,-1,-1
374,3,452,645,50,50,1,-1,-1,-1
374,5,366,1124,50,50,1,-1,-1,-1
375,2,660,1144,50,50,1,-1,-1,-1
375,3,417,636,50,50,1,-1,-1,-1
375,5,371,1158,50,50,1,-1,-1,-1
376,2,663,1147,50,50,1,-1,-1,-1
376,3,439,615,50,50,1,-1,-1,-1
376,5,376,1191,50,50,1,-1,-1,-1
377,2,658,1146,50,50,1,-1,-1,-1
377,3,433,613,50,50,1,-1,-1,-1
377,5,383,1213,50,50,1,-1,-1,-1
378,2,654,1148,50,50,1,-1,-1,-1
378,3,422,605,50,50,1,-1,-1,-1
378,5,393,1230,50,50,1,-1,-1,-1
379,2,654,1148,50,50,1,-1,-1,-1
379,3,421,612,50,50,1,-1,-1,-1
379,5,413,1228,50,50,1,-1,-1,-1
380,2,654,1147,50,50,1,-1,-1,-1
380,3,409,618,50,50,1,-1,-1,-1
380,5,427,1223,50,50,1,-1,-1,-1
381,2,652,1147,50,50,1,-1,-1,-1
381,3,379,649,50,50,1,-1,-1,-1
381,5,439,1211,50,50,1,-1,-1,-1
382,2,651,1146,50,50,1,-1,-1,-1
382,3,402,670,50,50,1,-1,-1,-1
382,5,443,1191,50,50,1,-1,-1,-1
383,2,648,1148,50,50,1,-1,-1,-1
383,3,396,699,50,50,1,-1,-1,-1
383,5,455,1144,50,50,1,-1,-1,-1
384,2,646,1151,50,50,1,-1,-1,-1
384,3,391,731,50,50,1,-1,-1,-1
384,5,461,1083,50,50,1,-1,-1,-1
385,2,646,1155,50,50,1,-1,-1,-1
385,3,384,775,50,50,1,-1,-1,-1
385,5,480,1021,50,50,1,-1,-1,-1
386,2,647,1161,50,50,1,-1,-1,-1
386,3,378,819,50,50,1,-1,-1,-1
386,5,492,968,50,50,1,-1,-1,-1
387,2,641,1166,50,50,1,-1,-1,-1
387,3,372,864,50,50,1,-1,-1,-1
387,5,474,922,50,50,1,-1,-1,-1
388,2,647,1164,50,50,1,-1,-1,-1
388,3,365,921,50,50,1,-1,-1,-1
388,5,503,884,50,50,1,-1,-1,-1
389,2,632,1181,50,50,1,-1,-1,-1
389,3,359,982,50,50,1,-1,-1,-1
389,5,495,828,50,50,1,-1,-1,-1
390,2,636,1183,50,50,1,-1,-1,-1
390,3,342,1025,50,50,1,-1,-1,-1
390,5,531,796,50,50,1,-1,-1,-1
391,2,621,1209,50,50,1,-1,-1,-1
391,3,336,1021,50,50,1,-1,-1,-1
391,5,511,766,50,50,1,-1,-1,-1
392,2,621,1208,50,50,1,-1,-1,-1
392,5,521,744,50,50,1,-1,-1,-1
393,2,614,1217,50,50,1,-1,-1,-1
393,3,371,1044,50,50,1,-1,-1,-1
393,5,530,725,50,50,1,-1,-1,-1
394,2,604,1228,50,50,1,-1,-1,-1
394,5,539,710,50,50,1,-1,-1,-1
395,2,593,1236,50,50,1,-1,-1,-1
395,3,383,1071,50,50,1,-1,-1,-1
395,5,561,694,50,50,1,-1,-1,-1
396,2,584,1241,50,50,1,-1,-1,-1
396,3,394,1088,50,50,1,-1,-1,-1
396,5,576,693,50,50,1,-1,-1,-1
397,2,576,1231,50,50,1,-1,-1,-1
397,3,400,1105,50,50,1,-1,-1,-1
397,5,591,703,50,50,1,-1,-1,-1
398,2,569,1210,50,50,1,-1,-1,-1
398,3,394,1121,50,50,1,-1,-1,-1
398,5,601,711,50,50,1,-1,-1,-1
399,2,565,1179,50,50,1,-1,-1,-1
399,3,411,1130,50,50,1,-1,-1,-1
399,5,611,722,50,50,1,-1,-1,-1
400,2,559,1120,50,50,1,-1,-1,-1
400,3,414,1137,50,50,1,-1,-1,-1
400,5,623,746,50,50,1,-1,-1,-1
401,2,543,1060,50,50,1,-1,-1,-1
401,3,412,1142,50,50,1,-1,-1,-1
401,5,634,774,50,50,1,-1,-1,-1
402,2,574,988,50,50,1,-1,-1,-1
402,3,420,1151,50,50,1,-1,-1,-1
402,5,643,803,50,50,1,-1,-1,-1
403,2,578,932,50,50,1,-1,-1,-1
403,3,421,1156,50,50,1,-1,-1,-1
403,5,651,836,50,50,1,-1,-1,-1
404,3,418,1155,50,50,1,-1,-1,-1
404,5,631,878,50,50,1,-1,-1,-1
405,2,554,823,50,50,1,-1,-1,-1
405,3,418,1159,50,50,1,-1,-1,-1
405,5,669,923,50,50,1,-1,-1,-1
406,2,558,778,50,50,1,-1,-1,-1
406,3,419,1160,50,50,1,-1,-1,-1
406,5,649,974,50,50,1,-1,-1,-1
407,2,591,738,50,50,1,-1,-1,-1
407,3,418,1162,50,50,1,-1,-1,-1
407,5,687,1012,50,50,1,-1,-1,-1
408,2,593,702,50,50,1,-1,-1,-1
408,3,417,1164,50,50,1,-1,-1,-1
408,5,693,1040,50,50,1,-1,-1,-1
409,2,596,672,50,50,1,-1,-1,-1
409,3,403,1176,50,50,1,-1,-1,-1
409,5,693,1069,50,50,1,-1,-1,-1
410,2,598,648,50,50,1,-1,-1,-1
410,3,406,1178,50,50,1,-1,-1,-1
410,5,688,1100,50,50,1,-1,-1,-1
411,2,601,631,50,50,1,-1,-1,-1
411,3,404,1178,50,50,1,-1,-1,-1
411,5,685,1135,50,50,1,-1,-1,-1
412,2,575,615,50,50,1,-1,-1,-1
412,3,404,1180,50,50,1,-1,-1,-1
412,5,670,1171,50,50,1,-1,-1,-1
413,2,578,611,50,50,1,-1,-1,-1
413,3,404,1179,50,50,1,-1,-1,-1
413,5,654,1202,50,50,1,-1,-1,-1
414,2,580,609,50,50,1,-1,-1,-1
414,3,404,1179,50,50,1,-1,-1,-1
414,5,638,1224,50,50,1,-1,-1,-1
415,2,609,600,50,50,1,-1,-1,-1
415,3,404,1177,50,50,1,-1,-1,-1
415,5,626,1234,50,50,1,-1,-1,-1
416,2,609,608,50,50,1,-1,-1,-1
416,3,408,1177,50,50,1,-1,-1,-1
416,5,618,1238,50,50,1,-1,-1,-1
417,2,615,635,50,50,1,-1,-1,-1
417,3,404,1176,50,50,1,-1,-1,-1
417,5,593,1226,50,50,1,-1,-1,-1
418,2,620,655,50,50,1,-1,-1,-1
418,3,401,1175,50,50,1,-1,-1,-1
418,5,592,1198,50,50,1,-1,-1,-1
419,2,622,681,50,50,1,-1,-1,-1
419,3,407,1175,50,50,1,-1,-1,-1
419,5,584,1160,50,50,1,-1,-1,-1
420,2,624,712,50,50,1,-1,-1,-1
420,3,404,1176,50,50,1,-1,-1,-1
420,5,579,1107,50,50,1,-1,-1,-1
421,2,627,746,50,50,1,-1,-1,-1
421,3,401,1177,50,50,1,-1,-1,-1
421,5,553,1046,50,50,1,-1,-1,-1
422,2,601,787,50,50,1,-1,-1,-1
422,3,409,1177,50,50,1,-1,-1,-1
422,5,546,985,50,50,1,-1,-1,-1
423,2,630,833,50,50,1,-1,-1,-1
423,3,416,1170,50,50,1,-1,-1,-1
423,5,567,942,50,50,1,-1,-1,-1
424,3,404,1184,50,50,1,-1,-1,-1
424,5,559,893,50,50,1,-1,-1,-1
425,2,636,942,50,50,1,-1,-1,-1
425,3,402,1190,50,50,1,-1,-1,-1
425,5,549,851,50,50,1,-1,-1,-1
426,2,634,999,50,50,1,-1,-1,-1
426,3,398,1199,50,50,1,-1,-1,-1
426,5,542,827,50,50,1,-1,-1,-1
427,2,629,1019,50,50,1,-1,-1,-1
427,3,402,1209,50,50,1,-1,-1,-1
427,5,533,784,50,50,1,-1,-1,-1
428,2,651,1026,50,50,1,-1,-1,-1
428,3,412,1210,50,50,1,-1,-1,-1
428,5,523,756,50,50,1,-1,-1,-1
429,2,658,1042,50,50,1,-1,-1,-1
429,3,403,1229,50,50,1,-1,-1,-1
429,5,489,745,50,50,1,-1,-1,-1
430,2,660,1053,50,50,1,-1,-1,-1
430,3,416,1237,50,50,1,-1,-1,-1
430,5,481,732,50,50,1,-1,-1,-1
431,2,664,1063,50,50,1,-1,-1,-1
431,3,424,1248,50,50,1,-1,-1,-1
431,5,472,724,50,50,1,-1,-1,-1
432,2,667,1071,50,50,1,-1,-1,-1
432,3,433,1253,50,50,1,-1,-1,-1
432,5,487,736,50,50,1,-1,-1,-1
433,2,667,1075,50,50,1,-1,-1,-1
433,3,444,1253,50,50,1,-1,-1,-1
433,5,456,725,50,50,1,-1,-1,-1
434,2,668,1081,50,50,1,-1,-1,-1
434,3,460,1246,50,50,1,-1,-1,-1
434,5,448,735,50,50,1,-1,-1,-1
435,2,666,1082,50,50,1,-1,-1,-1
435,3,475,1225,50,50,1,-1,-1,-1
435,5,440,750,50,50,1,-1,-1,-1
436,2,665,1086,50,50,1,-1,-1,-1
436,3,489,1191,50,50,1,-1,-1,-1
436,5,459,778,50,50,1,-1,-1,-1
437,2,663,1088,50,50,1,-1,-1,-1
437,3,483,1140,50,50,1,-1,-1,-1
437,5,453,797,50,50,1,-1,-1,-1
438,2,657,1105,50,50,1,-1,-1,-1
438,3,493,1070,50,50,1,-1,-1,-1
438,5,445,826,50,50,1,-1,-1,-1
439,2,655,1110,50,50,1,-1,-1,-1
439,3,493,1002,50,50,1,-1,-1,-1
439,5,437,860,50,50,1,-1,-1,-1
440,2,663,1096,50,50,1,-1,-1,-1
440,3,491,945,50,50,1,-1,-1,-1
441,2,662,1113,50,50,1,-1,-1,-1
441,5,421,948,50,50,1,-1,-1,-1
442,2,671,1103,50,50,1,-1,-1,-1
442,3,455,837,50,50,1,-1,-1,-1
442,5,413,998,50,50,1,-1,-1,-1
443,2,674,1105,50,50,1,-1,-1,-1
443,3,452,794,50,50,1,-1,-1,-1
443,5,395,1048,50,50,1,-1,-1,-1
444,2,674,1126,50,50,1,-1,-1,-1
444,3,477,754,50,50,1,-1,-1,-1
444,5,365,1081,50,50,1,-1,-1,-1
445,2,685,1112,50,50,1,-1,-1,-1
445,3,474,722,50,50,1,-1,-1,-1
445,5,361,1106,50,50,1,-1,-1,-1
446,2,684,1133,50,50,1,-1,-1,-1
446,3,471,694,50,50,1,-1,-1,-1
446,5,377,1139,50,50,1,-1,-1,-1
447,2,694,1133,50,50,1,-1,-1,-1
447,3,467,674,50,50,1,-1,-1,-1
447,5,360,1166,50,50,1,-1,-1,-1
448,2,688,1117,50,50,1,-1,-1,-1
448,3,434,657,50,50,1,-1,-1,-1
448,5,378,1197,50,50,1,-1,-1,-1
449,2,691,1118,50,50,1,-1,-1,-1
449,3,430,643,50,50,1,-1,-1,-1
449,5,381,1217,50,50,1,-1,-1,-1
450,2,691,1118,50,50,1,-1,-1,-1
450,3,426,641,50,50,1,-1,-1,-1
450,5,388,1231,50,50,1,-1,-1,-1
451,2,691,1119,50,50,1,-1,-1,-1
451,3,424,640,50,50,1,-1,-1,-1
451,5,394,1240,50,50,1,-1,-1,-1
452,2,689,1119,50,50,1,-1,-1,-1
452,3,420,640,50,50,1,-1,-1,-1
452,5,411,1237,50,50,1,-1,-1,-1
453,2,680,1135,50,50,1,-1,-1,-1
453,3,445,654,50,50,1,-1,-1,-1
453,5,424,1225,50,50,1,-1,-1,-1
454,2,688,1122,50,50,1,-1,-1,-1
454,3,442,668,50,50,1,-1,-1,-1
454,5,437,1198,50,50,1,-1,-1,-1
455,2,687,1124,50,50,1,-1,-1,-1
455,3,439,690,50,50,1,-1,-1,-1
455,5,458,1148,50,50,1,-1,-1,-1
456,2,681,1137,50,50,1,-1,-1,-1
456,3,436,718,50,50,1,-1,-1,-1
456,5,475,1088,50,50,1,-1,-1,-1
457,2,685,1127,50,50,1,-1,-1,-1
457,3,433,752,50,50,1,-1,-1,-1
457,5,485,1029,50,50,1,-1,-1,-1
458,2,682,1127,50,50,1,-1,-1,-1
458,3,430,789,50,50,1,-1,-1,-1
458,5,498,968,50,50,1,-1,-1,-1
459,2,673,1146,50,50,1,-1,-1,-1
459,3,426,832,50,50,1,-1,-1,-1
459,5,501,908,50,50,1,-1,-1,-1
460,2,680,1131,50,50,1,-1,-1,-1
460,3,422,883,50,50,1,-1,-1,-1
461,2,670,1152,50,50,1,-1,-1,-1
461,3,419,934,50,50,1,-1,-1,-1
461,5,522,812,50,50,1,-1,-1,-1
462,2,672,1161,50,50,1,-1,-1,-1
462,3,416,991,50,50,1,-1,-1,-1
462,5,543,784,50,50,1,-1,-1,-1
463,2,664,1166,50,50,1,-1,-1,-1
463,3,393,1042,50,50,1,-1,-1,-1
463,5,553,755,50,50,1,-1,-1,-1
464,2,657,1178,50,50,1,-1,-1,-1
464,5,563,725,50,50,1,-1,-1,-1
465,2,650,1193,50,50,1,-1,-1,-1
465,3,400,1045,50,50,1,-1,-1,-1
465,5,577,703,50,50,1,-1,-1,-1
466,2,641,1210,50,50,1,-1,-1,-1
466,3,400,1052,50,50,1,-1,-1,-1
466,5,558,684,50,50,1,-1,-1,-1
467,2,632,1224,50,50,1,-1,-1,-1
467,3,406,1059,50,50,1,-1,-1,-1
467,5,598,675,50,50,1,-1,-1,-1
468,2,621,1235,50,50,1,-1,-1,-1
468,3,407,1063,50,50,1,-1,-1,-1
468,5,610,667,50,50,1,-1,-1,-1
469,2,610,1238,50,50,1,-1,-1,-1
469,3,409,1067,50,50,1,-1,-1,-1
469,5,592,668,50,50,1,-1,-1,-1
470,2,601,1234,50,50,1,-1,-1,-1
470,3,407,1070,50,50,1,-1,-1,-1
470,5,603,674,50,50,1,-1,-1,-1
471,2,595,1217,50,50,1,-1,-1,-1
471,3,414,1074,50,50,1,-1,-1,-1
471,5,642,683,50,50,1,-1,-1,-1
472,2,594,1185,50,50,1,-1,-1,-1
472,3,409,1075,50,50,1,-1,-1,-1
472,5,653,698,50,50,1,-1,-1,-1
473,2,597,1129,50,50,1,-1,-1,-1
473,3,411,1077,50,50,1,-1,-1,-1
473,5,664,723,50,50,1,-1,-1,-1
474,2,609,1071,50,50,1,-1,-1,-1
474,3,413,1081,50,50,1,-1,-1,-1
474,5,675,750,50,50,1,-1,-1,-1
475,2,611,1001,50,50,1,-1,-1,-1
475,3,414,1085,50,50,1,-1,-1,-1
475,5,685,783,50,50,1,-1,-1,-1
476,2,614,943,50,50,1,-1,-1,-1
476,3,413,1089,50,50,1,-1,-1,-1
476,5,696,817,50,50,1,-1,-1,-1
477,2,585,885,50,50,1,-1,-1,-1
477,3,412,1093,50,50,1,-1,-1,-1
477,5,706,856,50,50,1,-1,-1,-1
478,2,616,836,50,50,1,-1,-1,-1
478,3,408,1095,50,50,1,-1,-1,-1
478,5,717,908,50,50,1,-1,-1,-1
479,2,616,791,50,50,1,-1,-1,-1
479,3,404,1098,50,50,1,-1,-1,-1
479,5,727,957,50,50,1,-1,-1,-1
480,2,588,752,50,50,1,-1,-1,-1
480,3,406,1103,50,50,1,-1,-1,-1
480,5,738,1017,50,50,1,-1,-1,-1
481,2,588,718,50,50,1,-1,-1,-1
481,3,402,1106,50,50,1,-1,-1,-1
481,5,745,1048,50,50,1,-1,-1,-1
482,2,618,689,50,50,1,-1,-1,-1
482,3,401,1110,50,50,1,-1,-1,-1
482,5,738,1075,50,50,1,-1,-1,-1
483,2,619,667,50,50,1,-1,-1,-1
483,3,401,1114,50,50,1,-1,-1,-1
483,5,728,1104,50,50,1,-1,-1,-1
484,2,592,649,50,50,1,-1,-1,-1
484,3,395,1115,50,50,1,-1,-1,-1
484,5,716,1141,50,50,1,-1,-1,-1
485,2,619,626,50,50,1,-1,-1,-1
485,3,398,1118,50,50,1,-1,-1,-1
485,5,696,1172,50,50,1,-1,-1,-1
486,2,623,628,50,50,1,-1,-1,-1
486,3,393,1117,50,50,1,-1,-1,-1
486,5,669,1201,50,50,1,-1,-1,-1
487,2,594,628,50,50,1,-1,-1,-1
487,3,391,1116,50,50,1,-1,-1,-1
487,5,645,1220,50,50,1,-1,-1,-1
488,2,624,633,50,50,1,-1,-1,-1
488,3,389,1116,50,50,1,-1,-1,-1
488,5,627,1228,50,50,1,-1,-1,-1
489,2,625,643,50,50,1,-1,-1,-1
489,3,388,1116,50,50,1,-1,-1,-1
489,5,599,1229,50,50,1,-1,-1,-1
490,2,626,659,50,50,1,-1,-1,-1
490,3,390,1117,50,50,1,-1,-1,-1
490,5,599,1211,50,50,1,-1,-1,-1
491,2,626,682,50,50,1,-1,-1,-1
491,3,391,1118,50,50,1,-1,-1,-1
491,5,602,1182,50,50,1,-1,-1,-1
492,2,627,708,50,50,1,-1,-1,-1
492,3,393,1119,50,50,1,-1,-1,-1
492,5,583,1137,50,50,1,-1,-1,-1
493,2,628,739,50,50,1,-1,-1,-1
493,3,384,1130,50,50,1,-1,-1,-1
493,5,569,1091,50,50,1,-1,-1,-1
494,2,629,774,50,50,1,-1,-1,-1
494,3,382,1130,50,50,1,-1,-1,-1
494,5,553,1021,50,50,1,-1,-1,-1
495,2,629,817,50,50,1,-1,-1,-1
495,3,385,1132,50,50,1,-1,-1,-1
495,5,574,967,50,50,1,-1,-1,-1
496,3,391,1122,50,50,1,-1,-1,-1
496,5,566,919,50,50,1,-1,-1,-1
497,3,383,1140,50,50,1,-1,-1,-1
497,5,557,871,50,50,1,-1,-1,-1
498,2,630,977,50,50,1,-1,-1,-1
498,3,386,1148,50,50,1,-1,-1,-1
498,5,550,834,50,50,1,-1,-1,-1
499,2,614,1024,50,50,1,-1,-1,-1
499,3,388,1158,50,50,1,-1,-1,-1
499,5,542,802,50,50,1,-1,-1,-1
500,3,386,1172,50,50,1,-1,-1,-1
500,5,533,772,50,50,1,-1,-1,-1
501,3,393,1185,50,50,1,-1,-1,-1
501,5,525,750,50,50,1,-1,-1,-1
502,3,396,1200,50,50,1,-1,-1,-1
502,5,488,732,50,50,1,-1,-1,-1
502,6,636,1078,50,50,1,-1,-1,-1
503,3,400,1214,50,50,1,-1,-1,-1
503,5,509,723,50,50,1,-1,-1,-1
503,6,648,1091,50,50,1,-1,-1,-1
504,3,405,1227,50,50,1,-1,-1,-1
504,5,490,703,50,50,1,-1,-1,-1
504,6,653,1088,50,50,1,-1,-1,-1
505,3,414,1236,50,50,1,-1,-1,-1
505,5,463,713,50,50,1,-1,-1,-1
505,6,663,1095,50,50,1,-1,-1,-1
506,3,438,1235,50,50,1,-1,-1,-1
506,5,481,712,50,50,1,-1,-1,-1
506,6,660,1113,50,50,1,-1,-1,-1
507,3,441,1236,50,50,1,-1,-1,-1
507,5,446,731,50,50,1,-1,-1,-1
507,6,671,1101,50,50,1,-1,-1,-1
508,3,469,1220,50,50,1,-1,-1,-1
508,5,438,746,50,50,1,-1,-1,-1
508,6,672,1100,50,50,1,-1,-1,-1
509,3,470,1203,50,50,1,-1,-1,-1
509,5,430,767,50,50,1,-1,-1,-1
509,6,675,1101,50,50,1,-1,-1,-1
510,3,481,1146,50,50,1,-1,-1,-1
510,5,451,797,50,50,1,-1,-1,-1
510,6,675,1116,50,50,1,-1,-1,-1
511,3,470,1075,50,50,1,-1,-1,-1
511,5,442,828,50,50,1,-1,-1,-1
511,6,675,1115,50,50,1,-1,-1,-1
512,3,495,1004,50,50,1,-1,-1,-1
512,5,406,863,50,50,1,-1,-1,-1
512,6,669,1114,50,50,1,-1,-1,-1
513,3,492,941,50,50,1,-1,-1,-1
513,6,669,1116,50,50,1,-1,-1,-1
514,5,420,956,50,50,1,-1,-1,-1
514,6,671,1118,50,50,1,-1,-1,-1
515,3,487,829,50,50,1,-1,-1,-1
515,5,412,1007,50,50,1,-1,-1,-1
515,6,672,1119,50,50,1,-1,-1,-1
516,3,485,779,50,50,1,-1,-1,-1
517,3,484,737,50,50,1,-1,-1,-1
517,5,377,1082,50,50,1,-1,-1,-1
517,6,681,1125,50,50,1,-1,-1,-1
518,3,481,700,50,50,1,-1,-1,-1
518,5,377,1109,50,50,1,-1,-1,-1
518,6,682,1127,50,50,1,-1,-1,-1
519,3,478,665,50,50,1,-1,-1,-1
519,6,683,1130,50,50,1,-1,-1,-1
520,3,476,636,50,50,1,-1,-1,-1
520,6,685,1127,50,50,1,-1,-1,-1
521,3,473,615,50,50,1,-1,-1,-1
521,5,375,1204,50,50,1,-1,-1,-1
521,6,683,1134,50,50,1,-1,-1,-1
522,3,470,597,50,50,1,-1,-1,-1
522,5,394,1220,50,50,1,-1,-1,-1
522,6,684,1134,50,50,1,-1,-1,-1
523,3,469,588,50,50,1,-1,-1,-1
523,5,402,1236,50,50,1,-1,-1,-1
523,6,683,1134,50,50,1,-1,-1,-1
524,3,466,583,50,50,1,-1,-1,-1
524,5,412,1243,50,50,1,-1,-1,-1
524,6,684,1133,50,50,1,-1,-1,-1
525,3,463,592,50,50,1,-1,-1,-1
525,5,424,1240,50,50,1,-1,-1,-1
525,6,685,1134,50,50,1,-1,-1,-1
526,3,461,586,50,50,1,-1,-1,-1
526,5,436,1232,50,50,1,-1,-1,-1
526,6,684,1132,50,50,1,-1,-1,-1
527,3,459,606,50,50,1,-1,-1,-1
527,5,451,1210,50,50,1,-1,-1,-1
527,6,684,1132,50,50,1,-1,-1,-1
528,3,455,625,50,50,1,-1,-1,-1
528,5,464,1170,50,50,1,-1,-1,-1
528,6,685,1132,50,50,1,-1,-1,-1
529,3,452,647,50,50,1,-1,-1,-1
529,5,469,1117,50,50,1,-1,-1,-1
529,6,684,1134,50,50,1,-1,-1,-1
530,3,450,675,50,50,1,-1,-1,-1
530,5,489,1053,50,50,1,-1,-1,-1
530,6,682,1135,50,50,1,-1,-1,-1
531,3,435,706,50,50,1,-1,-1,-1
531,5,476,980,50,50,1,-1,-1,-1
532,3,444,750,50,50,1,-1,-1,-1
532,5,500,925,50,50,1,-1,-1,-1
533,3,442,796,50,50,1,-1,-1,-1
533,5,507,878,50,50,1,-1,-1,-1
533,6,680,1144,50,50,1,-1,-1,-1
534,3,441,852,50,50,1,-1,-1,-1
534,6,675,1151,50,50,1,-1,-1,-1
535,3,438,903,50,50,1,-1,-1,-1
535,5,510,787,50,50,1,-1,-1,-1
535,6,671,1161,50,50,1,-1,-1,-1
536,3,435,968,50,50,1,-1,-1,-1
536,5,548,753,50,50,1,-1,-1,-1
536,6,665,1171,50,50,1,-1,-1,-1
537,5,556,722,50,50,1,-1,-1,-1
537,6,658,1184,50,50,1,-1,-1,-1
538,3,429,1028,50,50,1,-1,-1,-1
538,5,566,698,50,50,1,-1,-1,-1
538,6,649,1198,50,50,1,-1,-1,-1
539,3,422,1038,50,50,1,-1,-1,-1
539,5,574,679,50,50,1,-1,-1,-1
539,6,641,1210,50,50,1,-1,-1,-1
540,3,423,1049,50,50,1,-1,-1,-1
540,5,582,665,50,50,1,-1,-1,-1
540,6,631,1221,50,50,1,-1,-1,-1
541,3,420,1061,50,50,1,-1,-1,-1
541,5,590,666,50,50,1,-1,-1,-1
541,6,622,1230,50,50,1,-1,-1,-1
542,3,426,1073,50,50,1,-1,-1,-1
542,5,597,653,50,50,1,-1,-1,-1
542,6,609,1237,50,50,1,-1,-1,-1
543,3,425,1084,50,50,1,-1,-1,-1
543,5,578,659,50,50,1,-1,-1,-1
543,6,597,1238,50,50,1,-1,-1,-1
544,3,424,1090,50,50,1,-1,-1,-1
544,5,610,656,50,50,1,-1,-1,-1
544,6,588,1235,50,50,1,-1,-1,-1
545,3,418,1095,50,50,1,-1,-1,-1
545,5,621,679,50,50,1,-1,-1,-1
545,6,584,1222,50,50,1,-1,-1,-1
546,3,416,1099,50,50,1,-1,-1,-1
546,5,628,696,50,50,1,-1,-1,-1
546,6,582,1197,50,50,1,-1,-1,-1
547,3,424,1108,50,50,1,-1,-1,-1
547,5,636,722,50,50,1,-1,-1,-1
547,6,584,1154,50,50,1,-1,-1,-1
548,3,422,1113,50,50,1,-1,-1,-1
548,5,643,752,50,50,1,-1,-1,-1
548,6,577,1095,50,50,1,-1,-1,-1
549,3,411,1123,50,50,1,-1,-1,-1
549,5,653,788,50,50,1,-1,-1,-1
549,6,595,1031,50,50,1,-1,-1,-1
550,3,419,1124,50,50,1,-1,-1,-1
550,5,660,827,50,50,1,-1,-1,-1
550,6,612,968,50,50,1,-1,-1,-1
551,3,406,1118,50,50,1,-1,-1,-1
551,5,667,881,50,50,1,-1,-1,-1
552,3,398,1135,50,50,1,-1,-1,-1
552,6,624,861,50,50,1,-1,-1,-1
553,3,404,1136,50,50,1,-1,-1,-1
553,5,666,977,50,50,1,-1,-1,-1
553,6,629,814,50,50,1,-1,-1,-1
554,3,379,1120,50,50,1,-1,-1,-1
554,5,675,1004,50,50,1,-1,-1,-1
554,6,633,773,50,50,1,-1,-1,-1
555,3,397,1140,50,50,1,-1,-1,-1
555,5,686,1026,50,50,1,-1,-1,-1
555,6,638,738,50,50,1,-1,-1,-1
556,3,394,1141,50,50,1,-1,-1,-1
556,5,687,1059,50,50,1,-1,-1,-1
556,6,643,708,50,50,1,-1,-1,-1
557,3,391,1142,50,50,1,-1,-1,-1
557,5,687,1098,50,50,1,-1,-1,-1
557,6,648,685,50,50,1,-1,-1,-1
558,3,390,1142,50,50,1,-1,-1,-1
558,6,655,666,50,50,1,-1,-1,-1
559,3,389,1142,50,50,1,-1,-1,-1
559,5,667,1177,50,50,1,-1,-1,-1
559,6,659,652,50,50,1,-1,-1,-1
560,2,535,833,50,50,1,-1,-1,-1
560,3,386,1143,50,50,1,-1,-1,-1
560,5,651,1202,50,50,1,-1,-1,-1
560,6,664,646,50,50,1,-1,-1,-1
561,3,386,1143,50,50,1,-1,-1,-1
561,5,642,1210,50,50,1,-1,-1,-1
561,6,667,639,50,50,1,-1,-1,-1
562,3,385,1143,50,50,1,-1,-1,-1
562,5,633,1210,50,50,1,-1,-1,-1
562,6,670,637,50,50,1,-1,-1,-1
563,3,385,1145,50,50,1,-1,-1,-1
563,5,630,1187,50,50,1,-1,-1,-1
563,6,678,650,50,50,1,-1,-1,-1
564,3,385,1146,50,50,1,-1,-1,-1
564,5,623,1157,50,50,1,-1,-1,-1
564,6,682,666,50,50,1,-1,-1,-1
565,3,386,1148,50,50,1,-1,-1,-1
565,5,619,1099,50,50,1,-1,-1,-1
565,6,688,683,50,50,1,-1,-1,-1
566,3,388,1151,50,50,1,-1,-1,-1
566,5,600,1051,50,50,1,-1,-1,-1
566,6,692,707,50,50,1,-1,-1,-1
567,3,377,1144,50,50,1,-1,-1,-1
567,5,620,995,50,50,1,-1,-1,-1
567,6,697,732,50,50,1,-1,-1,-1
568,3,379,1146,50,50,1,-1,-1,-1
568,5,585,947,50,50,1,-1,-1,-1
568,6,701,770,50,50,1,-1,-1,-1
569,3,392,1154,50,50,1,-1,-1,-1
569,5,605,904,50,50,1,-1,-1,-1
569,6,707,814,50,50,1,-1,-1,-1
570,3,394,1157,50,50,1,-1,-1,-1
570,5,597,865,50,50,1,-1,-1,-1
571,3,399,1159,50,50,1,-1,-1,-1
571,5,591,833,50,50,1,-1,-1,-1
571,6,714,910,50,50,1,-1,-1,-1
572,3,399,1163,50,50,1,-1,-1,-1
572,5,584,811,50,50,1,-1,-1,-1
572,6,719,970,50,50,1,-1,-1,-1
573,3,385,1134,50,50,1,-1,-1,-1
573,5,576,784,50,50,1,-1,-1,-1
573,6,716,1033,50,50,1,-1,-1,-1
574,5,566,764,50,50,1,-1,-1,-1
574,6,716,1049,50,50,1,-1,-1,-1
575,3,395,1151,50,50,1,-1,-1,-1
575,5,559,761,50,50,1,-1,-1,-1
575,6,714,1041,50,50,1,-1,-1,-1
576,3,391,1133,50,50,1,-1,-1,-1
576,5,553,755,50,50,1,-1,-1,-1
576,6,713,1048,50,50,1,-1,-1,-1
577,3,394,1132,50,50,1,-1,-1,-1
577,5,533,744,50,50,1,-1,-1,-1
577,6,708,1054,50,50,1,-1,-1,-1
578,3,401,1139,50,50,1,-1,-1,-1
578,5,510,749,50,50,1,-1,-1,-1
578,6,707,1060,50,50,1,-1,-1,-1
579,3,399,1126,50,50,1,-1,-1,-1
579,5,530,770,50,50,1,-1,-1,-1
579,6,705,1066,50,50,1,-1,-1,-1
580,3,400,1140,50,50,1,-1,-1,-1
580,5,521,785,50,50,1,-1,-1,-1
580,6,708,1072,50,50,1,-1,-1,-1
581,3,402,1136,50,50,1,-1,-1,-1
581,5,488,798,50,50,1,-1,-1,-1
581,6,709,1076,50,50,1,-1,-1,-1
582,3,402,1132,50,50,1,-1,-1,-1
582,5,480,817,50,50,1,-1,-1,-1
582,6,710,1079,50,50,1,-1,-1,-1
583,3,421,1115,50,50,1,-1,-1,-1
583,5,488,845,50,50,1,-1,-1,-1
583,6,710,1079,50,50,1,-1,-1,-1
584,3,419,1115,50,50,1,-1,-1,-1
584,5,464,893,50,50,1,-1,-1,-1
584,6,710,1079,50,50,1,-1,-1,-1
585,3,416,1117,50,50,1,-1,-1,-1
585,5,484,939,50,50,1,-1,-1,-1
585,6,709,1079,50,50,1,-1,-1,-1
586,3,429,1132,50,50,1,-1,-1,-1
586,5,478,982,50,50,1,-1,-1,-1
586,6,706,1079,50,50,1,-1,-1,-1
587,5,470,1032,50,50,1,-1,-1,-1
587,6,713,1082,50,50,1,-1,-1,-1
588,5,462,1093,50,50,1,-1,-1,-1
588,6,717,1087,50,50,1,-1,-1,-1
589,5,422,1124,50,50,1,-1,-1,-1
589,6,714,1085,50,50,1,-1,-1,-1
590,5,404,1147,50,50,1,-1,-1,-1
590,6,713,1086,50,50,1,-1,-1,-1
591,5,404,1148,50,50,1,-1,-1,-1
591,6,715,1087,50,50,1,-1,-1,-1
592,5,406,1146,50,50,1,-1,-1,-1
592,6,716,1088,50,50,1,-1,-1,-1
593,5,442,1125,50,50,1,-1,-1,-1
593,6,712,1087,50,50,1,-1,-1,-1
594,5,443,1122,50,50,1,-1,-1,-1
594,6,714,1088,50,50,1,-1,-1,-1
595,5,399,1147,50,50,1,-1,-1,-1
595,6,711,1086,50,50,1,-1,-1,-1
596,5,425,1126,50,50,1,-1,-1,-1
596,6,713,1087,50,50,1,-1,-1,-1
597,5,424,1123,50,50,1,-1,-1,-1
597,6,714,1087,50,50,1,-1,-1,-1
598,5,432,1119,50,50,1,-1,-1,-1
598,6,715,1087,50,50,1,-1,-1,-1
599,5,397,1138,50,50,1,-1,-1,-1
599,6,713,1086,50,50,1,-1,-1,-1
600,5,396,1136,50,50,1,-1,-1,-1
600,6,712,1085,50,50,1,-1,-1,-1
601,5,395,1136,50,50,1,-1,-1,-1
601,6,711,1085,50,50,1,-1,-1,-1
