44,1,618,807,50,50,1,-1,-1,-1
45,1,617,780,50,50,1,-1,-1,-1
46,1,618,758,50,50,1,-1,-1,-1
47,1,619,741,50,50,1,-1,-1,-1
48,1,619,741,50,50,1,-1,-1,-1
49,1,624,725,50,50,1,-1,-1,-1
50,1,626,724,50,50,1,-1,-1,-1
51,1,629,729,50,50,1,-1,-1,-1
52,1,634,739,50,50,1,-1,-1,-1
53,1,635,755,50,50,1,-1,-1,-1
54,1,640,779,50,50,1,-1,-1,-1
55,1,644,807,50,50,1,-1,-1,-1
56,1,650,841,50,50,1,-1,-1,-1
57,1,471,1189,50,50,1,-1,-1,-1
58,1,559,842,50,50,1,-1,-1,-1
59,1,559,842,50,50,1,-1,-1,-1
60,1,559,842,50,50,1,-1,-1,-1
61,1,559,842,50,50,1,-1,-1,-1
62,1,674,1010,50,50,1,-1,-1,-1
63,1,672,1018,50,50,1,-1,-1,-1
64,1,670,1024,50,50,1,-1,-1,-1
65,1,671,1032,50,50,1,-1,-1,-1
65,2,499,808,50,50,1,-1,-1,-1
66,1,670,1041,50,50,1,-1,-1,-1
66,2,495,823,50,50,1,-1,-1,-1
67,1,671,1047,50,50,1,-1,-1,-1
68,1,672,1050,50,50,1,-1,-1,-1
69,1,674,1053,50,50,1,-1,-1,-1
70,1,678,1055,50,50,1,-1,-1,-1
71,1,681,1057,50,50,1,-1,-1,-1
72,1,684,1059,50,50,1,-1,-1,-1
72,2,466,1046,50,50,1,-1,-1,-1
73,1,686,1060,50,50,1,-1,-1,-1
74,1,688,1061,50,50,1,-1,-1,-1
74,2,533,635,50,50,1,-1,-1,-1
75,1,689,1062,50,50,1,-1,-1,-1
75,2,527,612,50,50,1,-1,-1,-1
76,1,690,1062,50,50,1,-1,-1,-1
76,2,521,596,50,50,1,-1,-1,-1
77,2,516,586,50,50,1,-1,-1,-1
78,1,695,1065,50,50,1,-1,-1,-1
78,2,513,580,50,50,1,-1,-1,-1
79,1,697,1064,50,50,1,-1,-1,-1
79,2,510,580,50,50,1,-1,-1,-1
80,1,697,1064,50,50,1,-1,-1,-1
80,2,508,585,50,50,1,-1,-1,-1
81,1,698,1064,50,50,1,-1,-1,-1
81,2,506,597,50,50,1,-1,-1,-1
82,1,697,1064,50,50,1,-1,-1,-1
82,2,498,616,50,50,1,-1,-1,-1
83,1,697,1066,50,50,1,-1,-1,-1
83,2,499,637,50,50,1,-1,-1,-1
84,1,695,1068,50,50,1,-1,-1,-1
84,2,499,668,50,50,1,-1,-1,-1
85,1,693,1072,50,50,1,-1,-1,-1
85,2,498,703,50,50,1,-1,-1,-1
86,1,689,1076,50,50,1,-1,-1,-1
86,2,494,745,50,50,1,-1,-1,-1
87,1,684,1084,50,50,1,-1,-1,-1
87,2,532,951,50,50,1,-1,-1,-1
88,1,684,1084,50,50,1,-1,-1,-1
88,2,532,951,50,50,1,-1,-1,-1
89,1,684,1084,50,50,1,-1,-1,-1
89,2,532,951,50,50,1,-1,-1,-1
90,1,684,1084,50,50,1,-1,-1,-1
90,2,532,951,50,50,1,-1,-1,-1
91,1,684,1084,50,50,1,-1,-1,-1
91,2,532,951,50,50,1,-1,-1,-1
92,1,684,1084,50,50,1,-1,-1,-1
92,2,532,951,50,50,1,-1,-1,-1
93,1,684,1084,50,50,1,-1,-1,-1
93,2,532,951,50,50,1,-1,-1,-1
94,1,684,1084,50,50,1,-1,-1,-1
94,2,532,951,50,50,1,-1,-1,-1
95,1,684,1084,50,50,1,-1,-1,-1
95,2,532,951,50,50,1,-1,-1,-1
96,2,487,1052,50,50,1,-1,-1,-1
97,2,487,1052,50,50,1,-1,-1,-1
98,2,483,1073,50,50,1,-1,-1,-1
99,2,483,1073,50,50,1,-1,-1,-1
100,2,483,1073,50,50,1,-1,-1,-1
101,3,639,817,50,50,1,-1,-1,-1
102,3,639,817,50,50,1,-1,-1,-1
103,3,639,817,50,50,1,-1,-1,-1
104,3,576,688,50,50,1,-1,-1,-1
105,3,576,647,50,50,1,-1,-1,-1
106,3,578,609,50,50,1,-1,-1,-1
107,1,681,1021,50,50,1,-1,-1,-1
107,3,578,576,50,50,1,-1,-1,-1
108,1,678,1044,50,50,1,-1,-1,-1
108,3,579,549,50,50,1,-1,-1,-1
109,1,671,1072,50,50,1,-1,-1,-1
109,3,582,529,50,50,1,-1,-1,-1
110,3,585,515,50,50,1,-1,-1,-1
111,3,588,506,50,50,1,-1,-1,-1
112,3,588,503,50,50,1,-1,-1,-1
113,3,593,505,50,50,1,-1,-1,-1
114,3,597,512,50,50,1,-1,-1,-1
115,3,601,525,50,50,1,-1,-1,-1
116,3,606,545,50,50,1,-1,-1,-1
117,3,610,571,50,50,1,-1,-1,-1
118,3,616,602,50,50,1,-1,-1,-1
119,3,621,641,50,50,1,-1,-1,-1
120,3,627,684,50,50,1,-1,-1,-1
121,1,599,943,50,50,1,-1,-1,-1
121,3,634,734,50,50,1,-1,-1,-1
122,1,619,940,50,50,1,-1,-1,-1
122,3,640,789,50,50,1,-1,-1,-1
123,1,619,940,50,50,1,-1,-1,-1
123,3,640,789,50,50,1,-1,-1,-1
124,1,494,726,50,50,1,-1,-1,-1
124,3,654,931,50,50,1,-1,-1,-1
125,1,494,726,50,50,1,-1,-1,-1
125,3,654,931,50,50,1,-1,-1,-1
126,1,479,684,50,50,1,-1,-1,-1
127,1,462,659,50,50,1,-1,-1,-1
128,1,462,659,50,50,1,-1,-1,-1
129,1,454,656,50,50,1,-1,-1,-1
130,1,439,668,50,50,1,-1,-1,-1
131,1,440,668,50,50,1,-1,-1,-1
132,1,432,681,50,50,1,-1,-1,-1
132,2,514,1032,50,50,1,-1,-1,-1
132,3,649,1041,50,50,1,-1,-1,-1
133,1,420,727,50,50,1,-1,-1,-1
133,3,652,1062,50,50,1,-1,-1,-1
134,1,416,758,50,50,1,-1,-1,-1
134,2,653,1069,50,50,1,-1,-1,-1
135,1,416,758,50,50,1,-1,-1,-1
135,2,653,1069,50,50,1,-1,-1,-1
136,1,405,840,50,50,1,-1,-1,-1
137,1,490,657,50,50,1,-1,-1,-1
138,1,491,657,50,50,1,-1,-1,-1
139,1,480,584,50,50,1,-1,-1,-1
140,1,476,554,50,50,1,-1,-1,-1
141,1,471,529,50,50,1,-1,-1,-1
141,2,676,1094,50,50,1,-1,-1,-1
142,1,467,510,50,50,1,-1,-1,-1
142,2,677,1097,50,50,1,-1,-1,-1
143,1,464,500,50,50,1,-1,-1,-1
143,2,678,1099,50,50,1,-1,-1,-1
144,1,460,495,50,50,1,-1,-1,-1
144,2,679,1101,50,50,1,-1,-1,-1
145,1,457,494,50,50,1,-1,-1,-1
145,2,680,1103,50,50,1,-1,-1,-1
146,1,454,499,50,50,1,-1,-1,-1
146,2,680,1105,50,50,1,-1,-1,-1
147,1,452,508,50,50,1,-1,-1,-1
147,2,680,1106,50,50,1,-1,-1,-1
148,1,447,529,50,50,1,-1,-1,-1
149,1,445,552,50,50,1,-1,-1,-1
150,1,443,583,50,50,1,-1,-1,-1
150,2,514,1043,50,50,1,-1,-1,-1
151,1,443,619,50,50,1,-1,-1,-1
152,1,440,662,50,50,1,-1,-1,-1
153,1,439,712,50,50,1,-1,-1,-1
154,1,439,766,50,50,1,-1,-1,-1
154,2,667,1111,50,50,1,-1,-1,-1
155,1,439,766,50,50,1,-1,-1,-1
155,2,667,1111,50,50,1,-1,-1,-1
156,1,439,766,50,50,1,-1,-1,-1
156,2,667,1111,50,50,1,-1,-1,-1
157,1,551,735,50,50,1,-1,-1,-1
158,1,554,711,50,50,1,-1,-1,-1
159,1,557,700,50,50,1,-1,-1,-1
160,1,560,695,50,50,1,-1,-1,-1
161,1,564,694,50,50,1,-1,-1,-1
162,1,569,695,50,50,1,-1,-1,-1
163,1,577,705,50,50,1,-1,-1,-1
164,1,585,720,50,50,1,-1,-1,-1
164,2,453,1066,50,50,1,-1,-1,-1
165,1,593,742,50,50,1,-1,-1,-1
166,1,593,742,50,50,1,-1,-1,-1
167,1,603,805,50,50,1,-1,-1,-1
167,2,455,1110,50,50,1,-1,-1,-1
168,1,606,839,50,50,1,-1,-1,-1
169,1,606,839,50,50,1,-1,-1,-1
170,1,606,839,50,50,1,-1,-1,-1
171,1,606,839,50,50,1,-1,-1,-1
172,1,638,1000,50,50,1,-1,-1,-1
172,2,535,677,50,50,1,-1,-1,-1
173,1,641,1027,50,50,1,-1,-1,-1
173,2,535,643,50,50,1,-1,-1,-1
174,1,637,1055,50,50,1,-1,-1,-1
174,2,534,612,50,50,1,-1,-1,-1
175,2,535,589,50,50,1,-1,-1,-1
176,2,535,570,50,50,1,-1,-1,-1
177,2,537,558,50,50,1,-1,-1,-1
178,2,537,551,50,50,1,-1,-1,-1
179,2,537,550,50,50,1,-1,-1,-1
180,2,539,553,50,50,1,-1,-1,-1
181,2,539,564,50,50,1,-1,-1,-1
182,2,544,579,50,50,1,-1,-1,-1
183,2,546,601,50,50,1,-1,-1,-1
184,1,531,1025,50,50,1,-1,-1,-1
184,2,549,627,50,50,1,-1,-1,-1
185,2,552,661,50,50,1,-1,-1,-1
186,2,556,695,50,50,1,-1,-1,-1
187,2,556,695,50,50,1,-1,-1,-1
188,1,488,824,50,50,1,-1,-1,-1
189,2,577,942,50,50,1,-1,-1,-1
190,2,577,942,50,50,1,-1,-1,-1
191,1,473,741,50,50,1,-1,-1,-1
192,1,473,741,50,50,1,-1,-1,-1
193,1,461,714,50,50,1,-1,-1,-1
194,1,455,709,50,50,1,-1,-1,-1
195,1,451,709,50,50,1,-1,-1,-1
195,2,627,1015,50,50,1,-1,-1,-1
196,1,447,715,50,50,1,-1,-1,-1
196,2,633,1027,50,50,1,-1,-1,-1
197,1,443,724,50,50,1,-1,-1,-1
197,2,636,1038,50,50,1,-1,-1,-1
198,1,438,743,50,50,1,-1,-1,-1
198,2,641,1046,50,50,1,-1,-1,-1
199,1,433,765,50,50,1,-1,-1,-1
199,2,645,1056,50,50,1,-1,-1,-1
200,1,431,795,50,50,1,-1,-1,-1
200,4,481,945,50,50,1,-1,-1,-1
201,1,427,831,50,50,1,-1,-1,-1
202,1,427,831,50,50,1,-1,-1,-1
203,1,500,681,50,50,1,-1,-1,-1
204,1,495,642,50,50,1,-1,-1,-1
204,2,667,1090,50,50,1,-1,-1,-1
205,1,491,606,50,50,1,-1,-1,-1
205,2,672,1092,50,50,1,-1,-1,-1
205,4,429,1014,50,50,1,-1,-1,-1
206,1,489,577,50,50,1,-1,-1,-1
206,4,431,1040,50,50,1,-1,-1,-1
207,1,485,552,50,50,1,-1,-1,-1
207,4,440,1066,50,50,1,-1,-1,-1
208,1,483,534,50,50,1,-1,-1,-1
208,4,454,1094,50,50,1,-1,-1,-1
209,1,482,524,50,50,1,-1,-1,-1
210,1,480,519,50,50,1,-1,-1,-1
211,1,477,518,50,50,1,-1,-1,-1
212,1,477,523,50,50,1,-1,-1,-1
213,1,475,533,50,50,1,-1,-1,-1
214,1,472,551,50,50,1,-1,-1,-1
215,1,470,577,50,50,1,-1,-1,-1
216,1,471,607,50,50,1,-1,-1,-1
216,2,549,992,50,50,1,-1,-1,-1
217,1,471,643,50,50,1,-1,-1,-1
218,1,472,686,50,50,1,-1,-1,-1
219,1,472,734,50,50,1,-1,-1,-1
220,1,472,791,50,50,1,-1,-1,-1
221,1,472,791,50,50,1,-1,-1,-1
222,1,479,914,50,50,1,-1,-1,-1
222,2,576,688,50,50,1,-1,-1,-1
222,4,673,1126,50,50,1,-1,-1,-1
223,1,475,938,50,50,1,-1,-1,-1
223,2,577,663,50,50,1,-1,-1,-1
223,4,670,1133,50,50,1,-1,-1,-1
224,1,472,958,50,50,1,-1,-1,-1
224,2,583,640,50,50,1,-1,-1,-1
225,1,469,975,50,50,1,-1,-1,-1
225,2,586,623,50,50,1,-1,-1,-1
226,2,593,613,50,50,1,-1,-1,-1
227,2,597,609,50,50,1,-1,-1,-1
228,2,602,610,50,50,1,-1,-1,-1
229,1,472,1062,50,50,1,-1,-1,-1
229,2,608,614,50,50,1,-1,-1,-1
230,1,471,1076,50,50,1,-1,-1,-1
230,2,615,627,50,50,1,-1,-1,-1
231,2,623,645,50,50,1,-1,-1,-1
232,2,630,669,50,50,1,-1,-1,-1
233,1,583,1000,50,50,1,-1,-1,-1
233,2,639,698,50,50,1,-1,-1,-1
234,2,646,734,50,50,1,-1,-1,-1
235,1,579,858,50,50,1,-1,-1,-1
235,2,654,774,50,50,1,-1,-1,-1
236,1,632,932,50,50,1,-1,-1,-1
236,2,663,820,50,50,1,-1,-1,-1
237,1,632,932,50,50,1,-1,-1,-1
237,2,663,820,50,50,1,-1,-1,-1
238,2,576,696,50,50,1,-1,-1,-1
239,2,576,657,50,50,1,-1,-1,-1
240,2,577,624,50,50,1,-1,-1,-1
241,1,691,1020,50,50,1,-1,-1,-1
241,2,579,593,50,50,1,-1,-1,-1
242,1,681,1053,50,50,1,-1,-1,-1
242,2,580,572,50,50,1,-1,-1,-1
243,2,583,555,50,50,1,-1,-1,-1
244,2,586,543,50,50,1,-1,-1,-1
245,2,588,538,50,50,1,-1,-1,-1
246,2,590,537,50,50,1,-1,-1,-1
247,2,595,542,50,50,1,-1,-1,-1
248,2,600,552,50,50,1,-1,-1,-1
249,2,604,569,50,50,1,-1,-1,-1
250,2,609,593,50,50,1,-1,-1,-1
251,2,614,621,50,50,1,-1,-1,-1
252,2,618,656,50,50,1,-1,-1,-1
253,2,625,697,50,50,1,-1,-1,-1
254,2,631,741,50,50,1,-1,-1,-1
255,2,636,792,50,50,1,-1,-1,-1
256,1,647,952,50,50,1,-1,-1,-1
256,2,645,849,50,50,1,-1,-1,-1
257,1,469,1186,50,50,1,-1,-1,-1
257,2,510,781,50,50,1,-1,-1,-1
258,2,501,763,50,50,1,-1,-1,-1
259,2,494,752,50,50,1,-1,-1,-1
260,2,489,747,50,50,1,-1,-1,-1
261,2,482,747,50,50,1,-1,-1,-1
262,1,661,1005,50,50,1,-1,-1,-1
262,2,477,752,50,50,1,-1,-1,-1
263,1,656,1013,50,50,1,-1,-1,-1
263,2,471,763,50,50,1,-1,-1,-1
264,1,654,1023,50,50,1,-1,-1,-1
264,2,464,781,50,50,1,-1,-1,-1
265,1,653,1031,50,50,1,-1,-1,-1
265,2,460,804,50,50,1,-1,-1,-1
266,1,653,1038,50,50,1,-1,-1,-1
266,2,453,834,50,50,1,-1,-1,-1
267,1,655,1042,50,50,1,-1,-1,-1
268,1,657,1047,50,50,1,-1,-1,-1
269,1,661,1052,50,50,1,-1,-1,-1
269,2,494,724,50,50,1,-1,-1,-1
270,1,664,1058,50,50,1,-1,-1,-1
270,2,491,683,50,50,1,-1,-1,-1
270,4,434,1007,50,50,1,-1,-1,-1
271,2,484,645,50,50,1,-1,-1,-1
271,4,428,1037,50,50,1,-1,-1,-1
272,1,671,1069,50,50,1,-1,-1,-1
272,2,478,611,50,50,1,-1,-1,-1
272,4,426,1062,50,50,1,-1,-1,-1
273,1,675,1076,50,50,1,-1,-1,-1
273,2,473,582,50,50,1,-1,-1,-1
273,4,430,1090,50,50,1,-1,-1,-1
274,1,676,1080,50,50,1,-1,-1,-1
274,2,467,560,50,50,1,-1,-1,-1
274,4,431,1117,50,50,1,-1,-1,-1
275,1,678,1084,50,50,1,-1,-1,-1
275,2,462,542,50,50,1,-1,-1,-1
276,2,457,531,50,50,1,-1,-1,-1
277,2,452,527,50,50,1,-1,-1,-1
278,2,448,527,50,50,1,-1,-1,-1
279,2,446,533,50,50,1,-1,-1,-1
280,2,440,544,50,50,1,-1,-1,-1
281,2,435,562,50,50,1,-1,-1,-1
282,2,431,585,50,50,1,-1,-1,-1
282,4,492,1061,50,50,1,-1,-1,-1
283,2,430,613,50,50,1,-1,-1,-1
283,4,492,1012,50,50,1,-1,-1,-1
284,2,427,648,50,50,1,-1,-1,-1
285,2,426,688,50,50,1,-1,-1,-1
286,2,425,734,50,50,1,-1,-1,-1
286,4,508,842,50,50,1,-1,-1,-1
287,2,423,786,50,50,1,-1,-1,-1
288,2,421,844,50,50,1,-1,-1,-1
289,2,421,844,50,50,1,-1,-1,-1
290,2,420,969,50,50,1,-1,-1,-1
291,2,420,988,50,50,1,-1,-1,-1
291,4,537,688,50,50,1,-1,-1,-1
292,4,542,678,50,50,1,-1,-1,-1
293,4,549,672,50,50,1,-1,-1,-1
294,4,555,670,50,50,1,-1,-1,-1
295,2,439,1032,50,50,1,-1,-1,-1
295,4,562,672,50,50,1,-1,-1,-1
296,2,442,1037,50,50,1,-1,-1,-1
296,4,570,681,50,50,1,-1,-1,-1
297,2,445,1039,50,50,1,-1,-1,-1
297,4,578,695,50,50,1,-1,-1,-1
298,2,448,1042,50,50,1,-1,-1,-1
298,4,588,718,50,50,1,-1,-1,-1
299,2,450,1044,50,50,1,-1,-1,-1
299,4,596,746,50,50,1,-1,-1,-1
300,2,450,1046,50,50,1,-1,-1,-1
300,4,605,781,50,50,1,-1,-1,-1
301,2,449,1047,50,50,1,-1,-1,-1
301,4,613,821,50,50,1,-1,-1,-1
302,2,448,1048,50,50,1,-1,-1,-1
303,2,446,1051,50,50,1,-1,-1,-1
304,2,444,1053,50,50,1,-1,-1,-1
304,4,518,666,50,50,1,-1,-1,-1
305,2,443,1055,50,50,1,-1,-1,-1
305,4,515,626,50,50,1,-1,-1,-1
306,1,647,1015,50,50,1,-1,-1,-1
306,2,441,1058,50,50,1,-1,-1,-1
306,4,515,591,50,50,1,-1,-1,-1
307,2,438,1060,50,50,1,-1,-1,-1
307,4,515,563,50,50,1,-1,-1,-1
308,2,435,1062,50,50,1,-1,-1,-1
308,4,514,540,50,50,1,-1,-1,-1
309,2,431,1064,50,50,1,-1,-1,-1
309,4,513,521,50,50,1,-1,-1,-1
310,2,428,1066,50,50,1,-1,-1,-1
310,4,512,512,50,50,1,-1,-1,-1
311,4,511,505,50,50,1,-1,-1,-1
312,2,423,1068,50,50,1,-1,-1,-1
312,4,511,505,50,50,1,-1,-1,-1
313,2,418,1068,50,50,1,-1,-1,-1
313,4,512,509,50,50,1,-1,-1,-1
314,2,414,1069,50,50,1,-1,-1,-1
314,4,513,521,50,50,1,-1,-1,-1
315,4,515,538,50,50,1,-1,-1,-1
316,4,518,560,50,50,1,-1,-1,-1
317,4,521,589,50,50,1,-1,-1,-1
318,2,409,1076,50,50,1,-1,-1,-1
318,4,523,624,50,50,1,-1,-1,-1
319,2,409,1079,50,50,1,-1,-1,-1
319,4,526,667,50,50,1,-1,-1,-1
320,2,409,1084,50,50,1,-1,-1,-1
321,2,409,1084,50,50,1,-1,-1,-1
322,2,409,1084,50,50,1,-1,-1,-1
323,2,409,1084,50,50,1,-1,-1,-1
324,4,444,727,50,50,1,-1,-1,-1
325,4,436,704,50,50,1,-1,-1,-1
326,4,429,688,50,50,1,-1,-1,-1
327,4,421,676,50,50,1,-1,-1,-1
328,4,416,670,50,50,1,-1,-1,-1
329,4,409,670,50,50,1,-1,-1,-1
330,4,403,674,50,50,1,-1,-1,-1
331,2,613,1034,50,50,1,-1,-1,-1
331,4,401,684,50,50,1,-1,-1,-1
332,2,618,1041,50,50,1,-1,-1,-1
332,4,395,702,50,50,1,-1,-1,-1
333,2,623,1046,50,50,1,-1,-1,-1
333,4,391,724,50,50,1,-1,-1,-1
334,4,387,754,50,50,1,-1,-1,-1
335,2,466,797,50,50,1,-1,-1,-1
335,4,386,786,50,50,1,-1,-1,-1
336,4,459,741,50,50,1,-1,-1,-1
337,4,455,693,50,50,1,-1,-1,-1
338,2,643,1072,50,50,1,-1,-1,-1
338,4,447,649,50,50,1,-1,-1,-1
339,2,646,1077,50,50,1,-1,-1,-1
339,4,441,609,50,50,1,-1,-1,-1
340,2,647,1081,50,50,1,-1,-1,-1
340,4,433,578,50,50,1,-1,-1,-1
341,1,393,1044,50,50,1,-1,-1,-1
341,2,650,1086,50,50,1,-1,-1,-1
341,4,429,552,50,50,1,-1,-1,-1
342,1,402,1077,50,50,1,-1,-1,-1
342,2,651,1090,50,50,1,-1,-1,-1
342,4,423,532,50,50,1,-1,-1,-1
343,1,419,1107,50,50,1,-1,-1,-1
343,2,653,1094,50,50,1,-1,-1,-1
343,4,418,516,50,50,1,-1,-1,-1
344,2,655,1096,50,50,1,-1,-1,-1
344,4,412,507,50,50,1,-1,-1,-1
345,2,657,1098,50,50,1,-1,-1,-1
345,4,409,505,50,50,1,-1,-1,-1
346,2,655,1101,50,50,1,-1,-1,-1
346,4,405,508,50,50,1,-1,-1,-1
347,2,655,1102,50,50,1,-1,-1,-1
347,4,399,515,50,50,1,-1,-1,-1
348,4,399,529,50,50,1,-1,-1,-1
349,4,394,550,50,50,1,-1,-1,-1
350,1,489,1046,50,50,1,-1,-1,-1
350,2,655,1107,50,50,1,-1,-1,-1
350,4,390,576,50,50,1,-1,-1,-1
351,2,655,1118,50,50,1,-1,-1,-1
351,4,386,609,50,50,1,-1,-1,-1
352,4,385,646,50,50,1,-1,-1,-1
353,2,650,1126,50,50,1,-1,-1,-1
353,4,384,690,50,50,1,-1,-1,-1
354,4,379,739,50,50,1,-1,-1,-1
355,4,381,796,50,50,1,-1,-1,-1
356,4,381,796,50,50,1,-1,-1,-1
357,4,390,930,50,50,1,-1,-1,-1
358,4,536,701,50,50,1,-1,-1,-1
359,4,545,688,50,50,1,-1,-1,-1
360,4,552,678,50,50,1,-1,-1,-1
361,4,557,674,50,50,1,-1,-1,-1
362,2,394,1021,50,50,1,-1,-1,-1
362,4,563,674,50,50,1,-1,-1,-1
363,2,402,1037,50,50,1,-1,-1,-1
363,4,573,679,50,50,1,-1,-1,-1
364,2,409,1049,50,50,1,-1,-1,-1
364,4,581,690,50,50,1,-1,-1,-1
365,2,414,1062,50,50,1,-1,-1,-1
365,4,589,706,50,50,1,-1,-1,-1
366,4,601,731,50,50,1,-1,-1,-1
367,4,610,760,50,50,1,-1,-1,-1
368,4,619,796,50,50,1,-1,-1,-1
369,4,619,796,50,50,1,-1,-1,-1
370,4,619,796,50,50,1,-1,-1,-1
371,2,549,664,50,50,1,-1,-1,-1
371,4,648,946,50,50,1,-1,-1,-1
372,2,550,624,50,50,1,-1,-1,-1
373,2,551,585,50,50,1,-1,-1,-1
373,4,666,1001,50,50,1,-1,-1,-1
374,2,553,555,50,50,1,-1,-1,-1
374,4,664,1031,50,50,1,-1,-1,-1
375,2,555,529,50,50,1,-1,-1,-1
375,4,654,1062,50,50,1,-1,-1,-1
376,2,557,511,50,50,1,-1,-1,-1
376,4,412,1103,50,50,1,-1,-1,-1
377,2,557,497,50,50,1,-1,-1,-1
378,2,560,490,50,50,1,-1,-1,-1
379,2,564,488,50,50,1,-1,-1,-1
380,2,568,491,50,50,1,-1,-1,-1
381,2,572,498,50,50,1,-1,-1,-1
382,2,576,514,50,50,1,-1,-1,-1
383,2,580,534,50,50,1,-1,-1,-1
384,2,584,562,50,50,1,-1,-1,-1
385,1,557,990,50,50,1,-1,-1,-1
385,2,589,593,50,50,1,-1,-1,-1
386,2,594,627,50,50,1,-1,-1,-1
386,5,427,1124,50,50,1,-1,-1,-1
387,2,600,669,50,50,1,-1,-1,-1
387,5,525,886,50,50,1,-1,-1,-1
388,2,607,718,50,50,1,-1,-1,-1
388,5,511,846,50,50,1,-1,-1,-1
389,2,614,772,50,50,1,-1,-1,-1
389,5,503,818,50,50,1,-1,-1,-1
390,2,620,831,50,50,1,-1,-1,-1
390,5,495,789,50,50,1,-1,-1,-1
391,2,620,831,50,50,1,-1,-1,-1
391,5,495,789,50,50,1,-1,-1,-1
392,5,482,757,50,50,1,-1,-1,-1
393,2,642,974,50,50,1,-1,-1,-1
393,5,477,749,50,50,1,-1,-1,-1
394,2,642,988,50,50,1,-1,-1,-1
394,5,472,748,50,50,1,-1,-1,-1
395,2,641,999,50,50,1,-1,-1,-1
395,5,467,750,50,50,1,-1,-1,-1
396,2,639,1010,50,50,1,-1,-1,-1
396,5,461,760,50,50,1,-1,-1,-1
397,2,638,1018,50,50,1,-1,-1,-1
397,5,455,774,50,50,1,-1,-1,-1
397,6,512,1057,50,50,1,-1,-1,-1
398,2,638,1025,50,50,1,-1,-1,-1
398,5,449,793,50,50,1,-1,-1,-1
399,2,637,1031,50,50,1,-1,-1,-1
399,5,445,821,50,50,1,-1,-1,-1
400,2,637,1036,50,50,1,-1,-1,-1
400,5,469,851,50,50,1,-1,-1,-1
400,6,480,960,50,50,1,-1,-1,-1
401,2,639,1040,50,50,1,-1,-1,-1
401,5,491,794,50,50,1,-1,-1,-1
402,2,642,1044,50,50,1,-1,-1,-1
402,5,485,740,50,50,1,-1,-1,-1
403,2,645,1048,50,50,1,-1,-1,-1
403,5,478,696,50,50,1,-1,-1,-1
403,6,432,990,50,50,1,-1,-1,-1
404,2,647,1054,50,50,1,-1,-1,-1
404,5,473,657,50,50,1,-1,-1,-1
404,6,425,1019,50,50,1,-1,-1,-1
405,2,648,1060,50,50,1,-1,-1,-1
405,5,467,623,50,50,1,-1,-1,-1
405,6,423,1048,50,50,1,-1,-1,-1
406,2,652,1065,50,50,1,-1,-1,-1
406,5,461,596,50,50,1,-1,-1,-1
407,2,653,1071,50,50,1,-1,-1,-1
407,5,453,573,50,50,1,-1,-1,-1
407,6,430,1107,50,50,1,-1,-1,-1
408,2,654,1076,50,50,1,-1,-1,-1
408,5,446,555,50,50,1,-1,-1,-1
409,2,654,1082,50,50,1,-1,-1,-1
409,5,442,544,50,50,1,-1,-1,-1
410,2,654,1087,50,50,1,-1,-1,-1
410,5,436,539,50,50,1,-1,-1,-1
411,2,654,1091,50,50,1,-1,-1,-1
411,5,432,539,50,50,1,-1,-1,-1
412,2,653,1094,50,50,1,-1,-1,-1
412,5,426,544,50,50,1,-1,-1,-1
413,5,421,555,50,50,1,-1,-1,-1
414,5,416,573,50,50,1,-1,-1,-1
415,2,491,1036,50,50,1,-1,-1,-1
415,5,413,594,50,50,1,-1,-1,-1
416,5,408,623,50,50,1,-1,-1,-1
417,5,405,657,50,50,1,-1,-1,-1
418,2,511,874,50,50,1,-1,-1,-1
418,5,401,697,50,50,1,-1,-1,-1
419,5,399,743,50,50,1,-1,-1,-1
420,5,397,795,50,50,1,-1,-1,-1
421,5,397,795,50,50,1,-1,-1,-1
422,2,540,737,50,50,1,-1,-1,-1
423,2,545,715,50,50,1,-1,-1,-1
423,5,397,966,50,50,1,-1,-1,-1
424,2,552,703,50,50,1,-1,-1,-1
424,5,394,987,50,50,1,-1,-1,-1
425,2,557,698,50,50,1,-1,-1,-1
425,5,400,1005,50,50,1,-1,-1,-1
426,5,411,1022,50,50,1,-1,-1,-1
427,2,572,700,50,50,1,-1,-1,-1
427,5,417,1032,50,50,1,-1,-1,-1
428,2,582,708,50,50,1,-1,-1,-1
428,5,425,1042,50,50,1,-1,-1,-1
429,2,592,725,50,50,1,-1,-1,-1
429,5,431,1050,50,50,1,-1,-1,-1
430,2,600,746,50,50,1,-1,-1,-1
430,5,436,1055,50,50,1,-1,-1,-1
431,2,608,773,50,50,1,-1,-1,-1
431,5,439,1059,50,50,1,-1,-1,-1
432,2,617,805,50,50,1,-1,-1,-1
432,5,441,1061,50,50,1,-1,-1,-1
433,2,626,842,50,50,1,-1,-1,-1
433,5,441,1063,50,50,1,-1,-1,-1
434,5,441,1064,50,50,1,-1,-1,-1
435,2,546,713,50,50,1,-1,-1,-1
435,5,440,1066,50,50,1,-1,-1,-1
436,2,543,673,50,50,1,-1,-1,-1
436,5,439,1066,50,50,1,-1,-1,-1
436,6,655,980,50,50,1,-1,-1,-1
437,2,544,628,50,50,1,-1,-1,-1
437,5,438,1069,50,50,1,-1,-1,-1
437,6,663,1006,50,50,1,-1,-1,-1
438,2,541,590,50,50,1,-1,-1,-1
438,5,436,1071,50,50,1,-1,-1,-1
438,6,666,1035,50,50,1,-1,-1,-1
439,2,542,556,50,50,1,-1,-1,-1
439,5,434,1070,50,50,1,-1,-1,-1
439,6,658,1065,50,50,1,-1,-1,-1
440,2,542,528,50,50,1,-1,-1,-1
440,5,433,1075,50,50,1,-1,-1,-1
441,2,541,506,50,50,1,-1,-1,-1
441,5,431,1076,50,50,1,-1,-1,-1
442,2,543,490,50,50,1,-1,-1,-1
442,5,431,1078,50,50,1,-1,-1,-1
443,2,544,480,50,50,1,-1,-1,-1
443,5,431,1079,50,50,1,-1,-1,-1
444,2,545,475,50,50,1,-1,-1,-1
445,2,545,475,50,50,1,-1,-1,-1
446,2,548,483,50,50,1,-1,-1,-1
447,2,550,495,50,50,1,-1,-1,-1
448,2,553,515,50,50,1,-1,-1,-1
449,2,556,540,50,50,1,-1,-1,-1
450,2,560,570,50,50,1,-1,-1,-1
451,2,564,608,50,50,1,-1,-1,-1
452,2,568,650,50,50,1,-1,-1,-1
453,2,573,698,50,50,1,-1,-1,-1
454,2,573,698,50,50,1,-1,-1,-1
455,2,573,698,50,50,1,-1,-1,-1
456,2,470,693,50,50,1,-1,-1,-1
457,2,465,672,50,50,1,-1,-1,-1
457,5,600,931,50,50,1,-1,-1,-1
458,2,459,656,50,50,1,-1,-1,-1
459,2,456,646,50,50,1,-1,-1,-1
460,2,450,643,50,50,1,-1,-1,-1
460,5,609,986,50,50,1,-1,-1,-1
461,2,445,646,50,50,1,-1,-1,-1
462,2,441,653,50,50,1,-1,-1,-1
462,5,623,1028,50,50,1,-1,-1,-1
463,2,436,665,50,50,1,-1,-1,-1
463,5,506,1058,50,50,1,-1,-1,-1
464,2,432,685,50,50,1,-1,-1,-1
464,5,503,999,50,50,1,-1,-1,-1
465,2,428,709,50,50,1,-1,-1,-1
466,2,425,740,50,50,1,-1,-1,-1
467,5,463,920,50,50,1,-1,-1,-1
468,2,420,816,50,50,1,-1,-1,-1
468,5,447,924,50,50,1,-1,-1,-1
468,6,483,719,50,50,1,-1,-1,-1
469,6,479,670,50,50,1,-1,-1,-1
470,2,472,625,50,50,1,-1,-1,-1
471,2,467,588,50,50,1,-1,-1,-1
471,5,422,971,50,50,1,-1,-1,-1
472,2,460,554,50,50,1,-1,-1,-1
472,5,421,999,50,50,1,-1,-1,-1
473,2,455,527,50,50,1,-1,-1,-1
473,5,425,1027,50,50,1,-1,-1,-1
474,2,450,507,50,50,1,-1,-1,-1
474,5,433,1061,50,50,1,-1,-1,-1
475,2,446,492,50,50,1,-1,-1,-1
475,5,445,1100,50,50,1,-1,-1,-1
476,2,440,482,50,50,1,-1,-1,-1
476,5,457,1127,50,50,1,-1,-1,-1
477,2,435,478,50,50,1,-1,-1,-1
478,2,431,480,50,50,1,-1,-1,-1
479,2,429,486,50,50,1,-1,-1,-1
480,2,424,499,50,50,1,-1,-1,-1
481,2,421,519,50,50,1,-1,-1,-1
482,2,419,545,50,50,1,-1,-1,-1
482,5,501,1056,50,50,1,-1,-1,-1
483,2,415,575,50,50,1,-1,-1,-1
483,5,502,1007,50,50,1,-1,-1,-1
484,2,412,610,50,50,1,-1,-1,-1
485,2,411,653,50,50,1,-1,-1,-1
486,2,410,702,50,50,1,-1,-1,-1
486,5,473,938,50,50,1,-1,-1,-1
487,2,410,757,50,50,1,-1,-1,-1
487,5,454,936,50,50,1,-1,-1,-1
488,2,407,817,50,50,1,-1,-1,-1
489,2,541,712,50,50,1,-1,-1,-1
490,2,547,692,50,50,1,-1,-1,-1
490,5,412,962,50,50,1,-1,-1,-1
491,2,552,675,50,50,1,-1,-1,-1
492,2,557,662,50,50,1,-1,-1,-1
492,5,410,1007,50,50,1,-1,-1,-1
493,2,561,654,50,50,1,-1,-1,-1
493,5,415,1022,50,50,1,-1,-1,-1
494,2,568,649,50,50,1,-1,-1,-1
494,5,421,1033,50,50,1,-1,-1,-1
495,2,575,653,50,50,1,-1,-1,-1
495,5,428,1042,50,50,1,-1,-1,-1
496,2,582,660,50,50,1,-1,-1,-1
496,5,434,1051,50,50,1,-1,-1,-1
497,2,590,674,50,50,1,-1,-1,-1
497,5,439,1057,50,50,1,-1,-1,-1
498,2,598,693,50,50,1,-1,-1,-1
498,5,442,1060,50,50,1,-1,-1,-1
499,2,607,720,50,50,1,-1,-1,-1
499,5,443,1063,50,50,1,-1,-1,-1
500,2,616,752,50,50,1,-1,-1,-1
500,5,445,1070,50,50,1,-1,-1,-1
501,2,624,786,50,50,1,-1,-1,-1
501,5,441,1071,50,50,1,-1,-1,-1
502,2,634,831,50,50,1,-1,-1,-1
502,7,624,943,50,50,1,-1,-1,-1
503,2,558,668,50,50,1,-1,-1,-1
504,2,561,619,50,50,1,-1,-1,-1
505,2,562,578,50,50,1,-1,-1,-1
506,2,564,542,50,50,1,-1,-1,-1
506,7,671,1009,50,50,1,-1,-1,-1
507,2,567,512,50,50,1,-1,-1,-1
507,7,667,1037,50,50,1,-1,-1,-1
508,2,570,488,50,50,1,-1,-1,-1
508,7,661,1071,50,50,1,-1,-1,-1
509,2,573,469,50,50,1,-1,-1,-1
510,2,575,457,50,50,1,-1,-1,-1
511,2,579,451,50,50,1,-1,-1,-1
512,2,583,451,50,50,1,-1,-1,-1
513,2,588,454,50,50,1,-1,-1,-1
514,2,593,464,50,50,1,-1,-1,-1
515,2,598,481,50,50,1,-1,-1,-1
516,2,603,505,50,50,1,-1,-1,-1
517,2,609,532,50,50,1,-1,-1,-1
517,5,581,1029,50,50,1,-1,-1,-1
518,2,615,567,50,50,1,-1,-1,-1
518,5,569,982,50,50,1,-1,-1,-1
518,7,447,1107,50,50,1,-1,-1,-1
519,2,622,607,50,50,1,-1,-1,-1
519,7,447,1114,50,50,1,-1,-1,-1
520,2,629,654,50,50,1,-1,-1,-1
520,5,595,945,50,50,1,-1,-1,-1
520,7,449,1123,50,50,1,-1,-1,-1
521,2,636,705,50,50,1,-1,-1,-1
521,7,451,1135,50,50,1,-1,-1,-1
522,2,645,764,50,50,1,-1,-1,-1
523,2,653,829,50,50,1,-1,-1,-1
523,5,497,743,50,50,1,-1,-1,-1
524,5,490,721,50,50,1,-1,-1,-1
525,5,481,701,50,50,1,-1,-1,-1
526,5,474,690,50,50,1,-1,-1,-1
527,5,467,683,50,50,1,-1,-1,-1
528,2,669,987,50,50,1,-1,-1,-1
528,5,460,681,50,50,1,-1,-1,-1
529,2,666,1005,50,50,1,-1,-1,-1
529,5,453,684,50,50,1,-1,-1,-1
530,2,660,1020,50,50,1,-1,-1,-1
530,5,443,694,50,50,1,-1,-1,-1
531,2,648,1040,50,50,1,-1,-1,-1
531,5,436,708,50,50,1,-1,-1,-1
532,2,640,1057,50,50,1,-1,-1,-1
532,5,428,729,50,50,1,-1,-1,-1
533,2,635,1077,50,50,1,-1,-1,-1
533,5,421,758,50,50,1,-1,-1,-1
534,2,464,922,50,50,1,-1,-1,-1
534,5,415,790,50,50,1,-1,-1,-1
535,2,440,927,50,50,1,-1,-1,-1
535,5,408,829,50,50,1,-1,-1,-1
535,7,635,1107,50,50,1,-1,-1,-1
536,2,411,913,50,50,1,-1,-1,-1
536,8,492,655,50,50,1,-1,-1,-1
537,2,405,941,50,50,1,-1,-1,-1
537,8,487,609,50,50,1,-1,-1,-1
538,2,396,971,50,50,1,-1,-1,-1
538,8,483,569,50,50,1,-1,-1,-1
539,2,395,999,50,50,1,-1,-1,-1
539,8,479,535,50,50,1,-1,-1,-1
540,2,395,1027,50,50,1,-1,-1,-1
540,8,475,506,50,50,1,-1,-1,-1
541,2,399,1059,50,50,1,-1,-1,-1
541,8,471,483,50,50,1,-1,-1,-1
542,2,407,1099,50,50,1,-1,-1,-1
542,8,468,467,50,50,1,-1,-1,-1
543,2,426,1126,50,50,1,-1,-1,-1
543,8,465,455,50,50,1,-1,-1,-1
544,8,463,449,50,50,1,-1,-1,-1
545,8,461,449,50,50,1,-1,-1,-1
546,8,459,455,50,50,1,-1,-1,-1
547,8,457,467,50,50,1,-1,-1,-1
548,8,452,484,50,50,1,-1,-1,-1
549,8,450,507,50,50,1,-1,-1,-1
550,5,507,1054,50,50,1,-1,-1,-1
550,8,449,536,50,50,1,-1,-1,-1
551,8,449,572,50,50,1,-1,-1,-1
552,8,449,611,50,50,1,-1,-1,-1
553,8,448,657,50,50,1,-1,-1,-1
554,8,448,710,50,50,1,-1,-1,-1
555,8,448,768,50,50,1,-1,-1,-1
556,2,651,1165,50,50,1,-1,-1,-1
556,5,457,943,50,50,1,-1,-1,-1
556,8,448,833,50,50,1,-1,-1,-1
557,2,651,1165,50,50,1,-1,-1,-1
557,5,457,943,50,50,1,-1,-1,-1
557,8,448,833,50,50,1,-1,-1,-1
558,5,541,692,50,50,1,-1,-1,-1
558,8,443,958,50,50,1,-1,-1,-1
559,5,544,676,50,50,1,-1,-1,-1
560,5,549,665,50,50,1,-1,-1,-1
561,5,554,655,50,50,1,-1,-1,-1
561,8,456,1011,50,50,1,-1,-1,-1
562,5,557,654,50,50,1,-1,-1,-1
562,8,457,1020,50,50,1,-1,-1,-1
563,5,562,658,50,50,1,-1,-1,-1
563,8,457,1028,50,50,1,-1,-1,-1
564,5,566,666,50,50,1,-1,-1,-1
564,8,456,1034,50,50,1,-1,-1,-1
565,5,573,683,50,50,1,-1,-1,-1
565,8,454,1039,50,50,1,-1,-1,-1
566,5,543,1021,50,50,1,-1,-1,-1
566,8,452,1042,50,50,1,-1,-1,-1
567,8,449,1043,50,50,1,-1,-1,-1
568,8,445,1046,50,50,1,-1,-1,-1
569,2,575,927,50,50,1,-1,-1,-1
569,8,441,1049,50,50,1,-1,-1,-1
570,2,527,721,50,50,1,-1,-1,-1
570,8,437,1051,50,50,1,-1,-1,-1
571,2,527,675,50,50,1,-1,-1,-1
571,8,434,1053,50,50,1,-1,-1,-1
572,2,529,627,50,50,1,-1,-1,-1
572,7,621,958,50,50,1,-1,-1,-1
572,8,432,1055,50,50,1,-1,-1,-1
573,2,529,584,50,50,1,-1,-1,-1
573,7,628,986,50,50,1,-1,-1,-1
573,8,430,1058,50,50,1,-1,-1,-1
574,2,530,547,50,50,1,-1,-1,-1
574,7,632,1016,50,50,1,-1,-1,-1
574,8,428,1062,50,50,1,-1,-1,-1
575,2,532,517,50,50,1,-1,-1,-1
575,7,629,1050,50,50,1,-1,-1,-1
575,8,427,1065,50,50,1,-1,-1,-1
576,2,533,491,50,50,1,-1,-1,-1
576,8,426,1067,50,50,1,-1,-1,-1
577,2,535,470,50,50,1,-1,-1,-1
577,8,426,1069,50,50,1,-1,-1,-1
578,2,537,457,50,50,1,-1,-1,-1
578,8,424,1072,50,50,1,-1,-1,-1
579,2,539,449,50,50,1,-1,-1,-1
580,2,541,448,50,50,1,-1,-1,-1
581,2,544,450,50,50,1,-1,-1,-1
582,2,548,458,50,50,1,-1,-1,-1
583,2,552,472,50,50,1,-1,-1,-1
584,2,557,494,50,50,1,-1,-1,-1
585,2,560,519,50,50,1,-1,-1,-1
585,8,549,1032,50,50,1,-1,-1,-1
586,2,566,551,50,50,1,-1,-1,-1
586,7,434,1102,50,50,1,-1,-1,-1
586,8,544,987,50,50,1,-1,-1,-1
587,2,571,586,50,50,1,-1,-1,-1
587,7,436,1111,50,50,1,-1,-1,-1
588,2,576,630,50,50,1,-1,-1,-1
589,2,583,676,50,50,1,-1,-1,-1
590,2,591,730,50,50,1,-1,-1,-1
590,8,493,796,50,50,1,-1,-1,-1
591,2,591,730,50,50,1,-1,-1,-1
591,8,493,796,50,50,1,-1,-1,-1
592,8,480,744,50,50,1,-1,-1,-1
593,8,474,729,50,50,1,-1,-1,-1
594,8,467,719,50,50,1,-1,-1,-1
595,2,622,975,50,50,1,-1,-1,-1
595,8,462,714,50,50,1,-1,-1,-1
596,2,626,993,50,50,1,-1,-1,-1
596,8,456,714,50,50,1,-1,-1,-1
597,2,631,1012,50,50,1,-1,-1,-1
597,8,452,720,50,50,1,-1,-1,-1
598,2,635,1030,50,50,1,-1,-1,-1
598,8,446,731,50,50,1,-1,-1,-1
599,2,639,1047,50,50,1,-1,-1,-1
599,8,437,748,50,50,1,-1,-1,-1
600,2,643,1059,50,50,1,-1,-1,-1
600,8,435,773,50,50,1,-1,-1,-1
601,2,644,1070,50,50,1,-1,-1,-1
601,8,431,804,50,50,1,-1,-1,-1
602,2,646,1077,50,50,1,-1,-1,-1
602,8,428,835,50,50,1,-1,-1,-1
602,9,465,948,50,50,1,-1,-1,-1
603,2,649,1082,50,50,1,-1,-1,-1
603,8,491,762,50,50,1,-1,-1,-1
604,2,652,1085,50,50,1,-1,-1,-1
604,8,487,712,50,50,1,-1,-1,-1
605,2,657,1088,50,50,1,-1,-1,-1
605,8,482,669,50,50,1,-1,-1,-1
605,9,422,973,50,50,1,-1,-1,-1
606,2,661,1090,50,50,1,-1,-1,-1
606,8,476,632,50,50,1,-1,-1,-1
606,9,419,998,50,50,1,-1,-1,-1
607,2,665,1091,50,50,1,-1,-1,-1
607,8,470,598,50,50,1,-1,-1,-1
607,9,421,1023,50,50,1,-1,-1,-1
608,2,668,1092,50,50,1,-1,-1,-1
608,8,465,572,50,50,1,-1,-1,-1
608,9,426,1046,50,50,1,-1,-1,-1
609,2,672,1092,50,50,1,-1,-1,-1
609,8,460,551,50,50,1,-1,-1,-1
609,9,436,1075,50,50,1,-1,-1,-1
610,2,673,1093,50,50,1,-1,-1,-1
610,8,455,537,50,50,1,-1,-1,-1
610,9,446,1105,50,50,1,-1,-1,-1
611,2,672,1094,50,50,1,-1,-1,-1
611,8,451,526,50,50,1,-1,-1,-1
611,9,458,1129,50,50,1,-1,-1,-1
612,2,672,1094,50,50,1,-1,-1,-1
612,8,448,523,50,50,1,-1,-1,-1
613,2,671,1096,50,50,1,-1,-1,-1
613,8,444,524,50,50,1,-1,-1,-1
614,2,666,1097,50,50,1,-1,-1,-1
614,8,441,530,50,50,1,-1,-1,-1
615,2,666,1100,50,50,1,-1,-1,-1
615,8,437,543,50,50,1,-1,-1,-1
616,8,433,561,50,50,1,-1,-1,-1
617,8,430,587,50,50,1,-1,-1,-1
618,2,501,1018,50,50,1,-1,-1,-1
618,8,424,619,50,50,1,-1,-1,-1
619,2,654,1121,50,50,1,-1,-1,-1
619,8,421,653,50,50,1,-1,-1,-1
620,2,649,1129,50,50,1,-1,-1,-1
620,8,423,695,50,50,1,-1,-1,-1
621,2,644,1139,50,50,1,-1,-1,-1
621,8,421,744,50,50,1,-1,-1,-1
621,9,480,945,50,50,1,-1,-1,-1
622,2,529,840,50,50,1,-1,-1,-1
622,8,421,797,50,50,1,-1,-1,-1
622,9,458,940,50,50,1,-1,-1,-1
623,2,529,840,50,50,1,-1,-1,-1
623,8,421,797,50,50,1,-1,-1,-1
623,9,458,940,50,50,1,-1,-1,-1
624,8,425,941,50,50,1,-1,-1,-1
625,8,416,969,50,50,1,-1,-1,-1
626,8,414,989,50,50,1,-1,-1,-1
627,8,416,1005,50,50,1,-1,-1,-1
628,8,416,1020,50,50,1,-1,-1,-1
629,8,420,1032,50,50,1,-1,-1,-1
629,9,579,761,50,50,1,-1,-1,-1
630,8,424,1042,50,50,1,-1,-1,-1
631,8,427,1051,50,50,1,-1,-1,-1
631,9,593,791,50,50,1,-1,-1,-1
632,8,429,1057,50,50,1,-1,-1,-1
633,8,431,1063,50,50,1,-1,-1,-1
633,9,605,839,50,50,1,-1,-1,-1
634,8,431,1066,50,50,1,-1,-1,-1
634,9,590,962,50,50,1,-1,-1,-1
635,8,431,1066,50,50,1,-1,-1,-1
635,9,590,962,50,50,1,-1,-1,-1
636,10,555,705,50,50,1,-1,-1,-1
637,8,642,1001,50,50,1,-1,-1,-1
637,10,556,660,50,50,1,-1,-1,-1
638,8,647,1024,50,50,1,-1,-1,-1
638,10,559,614,50,50,1,-1,-1,-1
639,8,644,1048,50,50,1,-1,-1,-1
639,10,564,572,50,50,1,-1,-1,-1
640,8,639,1074,50,50,1,-1,-1,-1
640,10,568,537,50,50,1,-1,-1,-1
641,10,573,506,50,50,1,-1,-1,-1
642,10,578,483,50,50,1,-1,-1,-1
643,10,583,467,50,50,1,-1,-1,-1
644,10,588,453,50,50,1,-1,-1,-1
645,10,593,447,50,50,1,-1,-1,-1
646,10,601,446,50,50,1,-1,-1,-1
647,10,608,450,50,50,1,-1,-1,-1
648,10,616,460,50,50,1,-1,-1,-1
649,8,582,1037,50,50,1,-1,-1,-1
649,10,622,477,50,50,1,-1,-1,-1
650,10,630,500,50,50,1,-1,-1,-1
651,8,437,1106,50,50,1,-1,-1,-1
651,10,637,527,50,50,1,-1,-1,-1
652,8,441,1110,50,50,1,-1,-1,-1
652,10,648,564,50,50,1,-1,-1,-1
653,10,657,605,50,50,1,-1,-1,-1
654,8,446,1125,50,50,1,-1,-1,-1
654,10,667,653,50,50,1,-1,-1,-1
655,10,676,709,50,50,1,-1,-1,-1
656,10,687,768,50,50,1,-1,-1,-1
657,10,504,676,50,50,1,-1,-1,-1
658,10,497,660,50,50,1,-1,-1,-1
659,8,683,933,50,50,1,-1,-1,-1
659,10,489,645,50,50,1,-1,-1,-1
660,8,679,953,50,50,1,-1,-1,-1
660,10,483,639,50,50,1,-1,-1,-1
661,8,676,974,50,50,1,-1,-1,-1
661,10,478,639,50,50,1,-1,-1,-1
662,10,474,643,50,50,1,-1,-1,-1
663,8,678,1030,50,50,1,-1,-1,-1
663,10,468,654,50,50,1,-1,-1,-1
664,8,674,1051,50,50,1,-1,-1,-1
664,10,461,671,50,50,1,-1,-1,-1
665,10,456,695,50,50,1,-1,-1,-1
666,10,452,724,50,50,1,-1,-1,-1
666,11,525,948,50,50,1,-1,-1,-1
667,10,448,757,50,50,1,-1,-1,-1
668,8,676,1117,50,50,1,-1,-1,-1
668,11,489,928,50,50,1,-1,-1,-1
669,10,443,846,50,50,1,-1,-1,-1
670,8,674,1125,50,50,1,-1,-1,-1
670,11,487,675,50,50,1,-1,-1,-1
671,8,673,1128,50,50,1,-1,-1,-1
671,10,435,965,50,50,1,-1,-1,-1
671,11,476,629,50,50,1,-1,-1,-1
672,8,673,1130,50,50,1,-1,-1,-1
672,10,430,996,50,50,1,-1,-1,-1
672,11,467,590,50,50,1,-1,-1,-1
673,8,672,1133,50,50,1,-1,-1,-1
673,10,429,1023,50,50,1,-1,-1,-1
673,11,456,553,50,50,1,-1,-1,-1
674,10,433,1055,50,50,1,-1,-1,-1
674,11,449,526,50,50,1,-1,-1,-1
675,10,438,1085,50,50,1,-1,-1,-1
675,11,438,504,50,50,1,-1,-1,-1
676,10,443,1113,50,50,1,-1,-1,-1
676,11,427,488,50,50,1,-1,-1,-1
677,10,447,1133,50,50,1,-1,-1,-1
677,11,419,478,50,50,1,-1,-1,-1
678,11,412,473,50,50,1,-1,-1,-1
679,11,404,473,50,50,1,-1,-1,-1
680,11,397,479,50,50,1,-1,-1,-1
681,11,390,491,50,50,1,-1,-1,-1
682,11,381,509,50,50,1,-1,-1,-1
683,11,374,533,50,50,1,-1,-1,-1
684,10,476,1064,50,50,1,-1,-1,-1
684,11,369,563,50,50,1,-1,-1,-1
685,10,475,1012,50,50,1,-1,-1,-1
685,11,362,599,50,50,1,-1,-1,-1
686,11,357,639,50,50,1,-1,-1,-1
687,11,351,685,50,50,1,-1,-1,-1
688,11,346,737,50,50,1,-1,-1,-1
689,11,340,797,50,50,1,-1,-1,-1
690,11,334,863,50,50,1,-1,-1,-1
691,11,334,863,50,50,1,-1,-1,-1
692,11,334,863,50,50,1,-1,-1,-1
693,11,334,863,50,50,1,-1,-1,-1
694,11,334,863,50,50,1,-1,-1,-1
695,11,334,863,50,50,1,-1,-1,-1
696,11,334,863,50,50,1,-1,-1,-1
697,11,334,863,50,50,1,-1,-1,-1
698,11,334,863,50,50,1,-1,-1,-1
699,8,626,1067,50,50,1,-1,-1,-1
700,8,624,1062,50,50,1,-1,-1,-1
701,8,624,1062,50,50,1,-1,-1,-1
702,8,624,1062,50,50,1,-1,-1,-1
703,8,612,1058,50,50,1,-1,-1,-1
704,8,612,1058,50,50,1,-1,-1,-1
705,8,612,1058,50,50,1,-1,-1,-1
706,8,612,1058,50,50,1,-1,-1,-1
707,8,612,1058,50,50,1,-1,-1,-1
708,8,612,1058,50,50,1,-1,-1,-1
709,8,612,1058,50,50,1,-1,-1,-1
710,8,597,1054,50,50,1,-1,-1,-1
711,8,599,1054,50,50,1,-1,-1,-1
712,8,603,1055,50,50,1,-1,-1,-1
713,8,607,1055,50,50,1,-1,-1,-1
714,8,612,1054,50,50,1,-1,-1,-1
715,8,616,1053,50,50,1,-1,-1,-1
716,8,620,1051,50,50,1,-1,-1,-1
717,8,623,1051,50,50,1,-1,-1,-1
718,8,626,1050,50,50,1,-1,-1,-1
719,8,628,1049,50,50,1,-1,-1,-1
720,8,630,1050,50,50,1,-1,-1,-1
721,8,632,1051,50,50,1,-1,-1,-1
722,8,633,1052,50,50,1,-1,-1,-1
723,8,640,1053,50,50,1,-1,-1,-1
724,8,644,1054,50,50,1,-1,-1,-1
725,8,639,1054,50,50,1,-1,-1,-1
726,8,648,1055,50,50,1,-1,-1,-1
727,8,648,1057,50,50,1,-1,-1,-1
728,8,648,1057,50,50,1,-1,-1,-1
729,8,649,1057,50,50,1,-1,-1,-1
730,8,650,1058,50,50,1,-1,-1,-1
731,8,650,1058,50,50,1,-1,-1,-1
732,8,650,1058,50,50,1,-1,-1,-1
733,8,650,1058,50,50,1,-1,-1,-1
734,8,650,1058,50,50,1,-1,-1,-1
735,8,650,1058,50,50,1,-1,-1,-1
736,8,650,1058,50,50,1,-1,-1,-1
737,8,650,1058,50,50,1,-1,-1,-1
738,8,650,1058,50,50,1,-1,-1,-1
739,8,650,1058,50,50,1,-1,-1,-1
740,8,659,1065,50,50,1,-1,-1,-1
741,8,659,1065,50,50,1,-1,-1,-1
742,8,659,1065,50,50,1,-1,-1,-1
743,8,659,1065,50,50,1,-1,-1,-1
744,8,659,1065,50,50,1,-1,-1,-1
745,8,659,1065,50,50,1,-1,-1,-1
746,8,659,1065,50,50,1,-1,-1,-1
747,8,659,1065,50,50,1,-1,-1,-1
748,8,659,1065,50,50,1,-1,-1,-1
749,8,659,1065,50,50,1,-1,-1,-1
750,8,659,1065,50,50,1,-1,-1,-1
751,8,659,1065,50,50,1,-1,-1,-1
752,8,659,1065,50,50,1,-1,-1,-1
753,8,659,1065,50,50,1,-1,-1,-1
754,8,659,1065,50,50,1,-1,-1,-1
755,8,659,1065,50,50,1,-1,-1,-1
756,8,659,1065,50,50,1,-1,-1,-1
757,8,659,1065,50,50,1,-1,-1,-1
758,8,659,1065,50,50,1,-1,-1,-1
759,8,659,1065,50,50,1,-1,-1,-1
760,8,659,1065,50,50,1,-1,-1,-1
761,8,659,1065,50,50,1,-1,-1,-1
762,8,659,1065,50,50,1,-1,-1,-1
763,8,659,1065,50,50,1,-1,-1,-1
764,8,659,1065,50,50,1,-1,-1,-1
