15,1,580,848,50,50,1,-1,-1,-1
16,1,580,848,50,50,1,-1,-1,-1
17,1,586,766,50,50,1,-1,-1,-1
18,1,587,734,50,50,1,-1,-1,-1
19,1,588,710,50,50,1,-1,-1,-1
20,1,591,691,50,50,1,-1,-1,-1
21,1,594,679,50,50,1,-1,-1,-1
22,1,599,671,50,50,1,-1,-1,-1
22,2,627,999,50,50,1,-1,-1,-1
23,1,605,667,50,50,1,-1,-1,-1
24,1,612,668,50,50,1,-1,-1,-1
25,1,615,677,50,50,1,-1,-1,-1
25,2,445,811,50,50,1,-1,-1,-1
26,1,620,691,50,50,1,-1,-1,-1
26,2,439,769,50,50,1,-1,-1,-1
27,1,625,710,50,50,1,-1,-1,-1
27,2,432,735,50,50,1,-1,-1,-1
28,1,631,735,50,50,1,-1,-1,-1
28,2,426,706,50,50,1,-1,-1,-1
29,1,638,766,50,50,1,-1,-1,-1
29,2,420,683,50,50,1,-1,-1,-1
30,1,644,802,50,50,1,-1,-1,-1
30,2,414,664,50,50,1,-1,-1,-1
30,3,499,1061,50,50,1,-1,-1,-1
31,1,652,841,50,50,1,-1,-1,-1
31,2,408,651,50,50,1,-1,-1,-1
32,2,405,645,50,50,1,-1,-1,-1
33,1,666,959,50,50,1,-1,-1,-1
33,2,399,643,50,50,1,-1,-1,-1
34,1,673,977,50,50,1,-1,-1,-1
34,2,395,647,50,50,1,-1,-1,-1
35,2,391,656,50,50,1,-1,-1,-1
36,1,672,1001,50,50,1,-1,-1,-1
36,2,387,673,50,50,1,-1,-1,-1
37,1,665,1012,50,50,1,-1,-1,-1
37,2,381,695,50,50,1,-1,-1,-1
37,3,508,1037,50,50,1,-1,-1,-1
38,1,657,1032,50,50,1,-1,-1,-1
38,2,379,723,50,50,1,-1,-1,-1
39,1,651,1051,50,50,1,-1,-1,-1
39,2,375,756,50,50,1,-1,-1,-1
40,2,373,796,50,50,1,-1,-1,-1
41,2,372,843,50,50,1,-1,-1,-1
42,3,481,759,50,50,1,-1,-1,-1
43,3,481,759,50,50,1,-1,-1,-1
44,2,380,974,50,50,1,-1,-1,-1
44,3,471,694,50,50,1,-1,-1,-1
45,2,382,980,50,50,1,-1,-1,-1
45,3,464,672,50,50,1,-1,-1,-1
46,3,456,653,50,50,1,-1,-1,-1
47,1,615,1047,50,50,1,-1,-1,-1
47,2,425,983,50,50,1,-1,-1,-1
47,3,451,641,50,50,1,-1,-1,-1
48,1,614,999,50,50,1,-1,-1,-1
48,3,447,635,50,50,1,-1,-1,-1
49,2,487,979,50,50,1,-1,-1,-1
49,3,440,632,50,50,1,-1,-1,-1
50,3,437,636,50,50,1,-1,-1,-1
51,2,611,834,50,50,1,-1,-1,-1
51,3,432,646,50,50,1,-1,-1,-1
52,1,491,978,50,50,1,-1,-1,-1
52,2,610,796,50,50,1,-1,-1,-1
52,3,428,661,50,50,1,-1,-1,-1
53,1,479,972,50,50,1,-1,-1,-1
53,2,610,761,50,50,1,-1,-1,-1
53,3,424,683,50,50,1,-1,-1,-1
54,1,466,965,50,50,1,-1,-1,-1
54,2,609,733,50,50,1,-1,-1,-1
54,3,420,709,50,50,1,-1,-1,-1
55,2,610,711,50,50,1,-1,-1,-1
55,3,417,741,50,50,1,-1,-1,-1
56,1,436,956,50,50,1,-1,-1,-1
56,2,610,694,50,50,1,-1,-1,-1
56,3,414,778,50,50,1,-1,-1,-1
57,1,422,955,50,50,1,-1,-1,-1
57,2,611,685,50,50,1,-1,-1,-1
57,3,411,821,50,50,1,-1,-1,-1
58,1,411,957,50,50,1,-1,-1,-1
58,2,612,679,50,50,1,-1,-1,-1
58,3,409,872,50,50,1,-1,-1,-1
59,2,613,678,50,50,1,-1,-1,-1
60,2,615,684,50,50,1,-1,-1,-1
61,2,617,695,50,50,1,-1,-1,-1
62,2,621,711,50,50,1,-1,-1,-1
63,2,623,735,50,50,1,-1,-1,-1
63,3,428,1032,50,50,1,-1,-1,-1
64,2,626,763,50,50,1,-1,-1,-1
64,3,442,1063,50,50,1,-1,-1,-1
65,2,629,798,50,50,1,-1,-1,-1
66,2,634,839,50,50,1,-1,-1,-1
67,2,638,884,50,50,1,-1,-1,-1
68,2,638,884,50,50,1,-1,-1,-1
69,2,564,746,50,50,1,-1,-1,-1
70,2,564,714,50,50,1,-1,-1,-1
71,2,563,694,50,50,1,-1,-1,-1
71,4,475,1041,50,50,1,-1,-1,-1
72,2,566,677,50,50,1,-1,-1,-1
72,3,622,986,50,50,1,-1,-1,-1
72,4,468,994,50,50,1,-1,-1,-1
73,2,569,666,50,50,1,-1,-1,-1
73,3,599,983,50,50,1,-1,-1,-1
74,2,572,658,50,50,1,-1,-1,-1
75,1,446,812,50,50,1,-1,-1,-1
75,2,573,656,50,50,1,-1,-1,-1
76,1,439,769,50,50,1,-1,-1,-1
76,2,578,661,50,50,1,-1,-1,-1
77,1,433,733,50,50,1,-1,-1,-1
77,2,583,670,50,50,1,-1,-1,-1
78,1,425,702,50,50,1,-1,-1,-1
78,2,589,683,50,50,1,-1,-1,-1
79,1,420,677,50,50,1,-1,-1,-1
79,2,595,706,50,50,1,-1,-1,-1
80,1,413,657,50,50,1,-1,-1,-1
80,2,601,734,50,50,1,-1,-1,-1
81,1,408,642,50,50,1,-1,-1,-1
81,2,607,767,50,50,1,-1,-1,-1
81,3,474,1109,50,50,1,-1,-1,-1
82,1,404,635,50,50,1,-1,-1,-1
82,2,613,804,50,50,1,-1,-1,-1
82,3,474,1126,50,50,1,-1,-1,-1
83,1,400,633,50,50,1,-1,-1,-1
83,2,619,847,50,50,1,-1,-1,-1
84,1,396,635,50,50,1,-1,-1,-1
84,2,625,896,50,50,1,-1,-1,-1
85,1,392,642,50,50,1,-1,-1,-1
86,1,388,657,50,50,1,-1,-1,-1
86,2,630,988,50,50,1,-1,-1,-1
87,1,385,676,50,50,1,-1,-1,-1
87,2,629,1007,50,50,1,-1,-1,-1
88,1,383,702,50,50,1,-1,-1,-1
88,2,631,1029,50,50,1,-1,-1,-1
88,3,481,1025,50,50,1,-1,-1,-1
89,1,379,732,50,50,1,-1,-1,-1
89,2,632,1056,50,50,1,-1,-1,-1
89,3,474,981,50,50,1,-1,-1,-1
90,1,377,770,50,50,1,-1,-1,-1
91,1,376,813,50,50,1,-1,-1,-1
91,2,461,855,50,50,1,-1,-1,-1
92,1,373,861,50,50,1,-1,-1,-1
92,2,406,958,50,50,1,-1,-1,-1
92,4,454,814,50,50,1,-1,-1,-1
93,4,448,778,50,50,1,-1,-1,-1
94,1,376,976,50,50,1,-1,-1,-1
94,2,443,747,50,50,1,-1,-1,-1
95,1,378,988,50,50,1,-1,-1,-1
95,2,437,721,50,50,1,-1,-1,-1
96,2,432,701,50,50,1,-1,-1,-1
97,1,400,993,50,50,1,-1,-1,-1
97,2,427,688,50,50,1,-1,-1,-1
97,4,612,1040,50,50,1,-1,-1,-1
98,1,425,986,50,50,1,-1,-1,-1
98,2,422,680,50,50,1,-1,-1,-1
98,4,609,986,50,50,1,-1,-1,-1
99,1,457,983,50,50,1,-1,-1,-1
99,2,418,677,50,50,1,-1,-1,-1
100,2,414,679,50,50,1,-1,-1,-1
101,1,606,803,50,50,1,-1,-1,-1
101,2,409,687,50,50,1,-1,-1,-1
102,1,604,758,50,50,1,-1,-1,-1
102,2,406,700,50,50,1,-1,-1,-1
103,1,602,717,50,50,1,-1,-1,-1
103,2,402,720,50,50,1,-1,-1,-1
104,1,603,684,50,50,1,-1,-1,-1
104,2,401,746,50,50,1,-1,-1,-1
105,1,602,657,50,50,1,-1,-1,-1
105,2,399,778,50,50,1,-1,-1,-1
106,1,603,634,50,50,1,-1,-1,-1
106,2,396,815,50,50,1,-1,-1,-1
106,5,419,962,50,50,1,-1,-1,-1
107,1,604,618,50,50,1,-1,-1,-1
107,2,394,859,50,50,1,-1,-1,-1
107,5,401,966,50,50,1,-1,-1,-1
108,1,604,607,50,50,1,-1,-1,-1
109,1,606,602,50,50,1,-1,-1,-1
109,2,386,998,50,50,1,-1,-1,-1
110,1,606,602,50,50,1,-1,-1,-1
110,2,386,998,50,50,1,-1,-1,-1
111,1,608,605,50,50,1,-1,-1,-1
112,1,613,634,50,50,1,-1,-1,-1
112,2,409,1066,50,50,1,-1,-1,-1
113,1,613,634,50,50,1,-1,-1,-1
113,2,409,1066,50,50,1,-1,-1,-1
114,1,617,658,50,50,1,-1,-1,-1
115,1,625,723,50,50,1,-1,-1,-1
116,1,625,723,50,50,1,-1,-1,-1
117,1,630,762,50,50,1,-1,-1,-1
118,1,638,858,50,50,1,-1,-1,-1
119,1,638,858,50,50,1,-1,-1,-1
120,1,638,858,50,50,1,-1,-1,-1
121,1,563,734,50,50,1,-1,-1,-1
121,2,467,1028,50,50,1,-1,-1,-1
122,1,565,720,50,50,1,-1,-1,-1
123,1,565,720,50,50,1,-1,-1,-1
124,1,573,716,50,50,1,-1,-1,-1
124,2,440,850,50,50,1,-1,-1,-1
125,1,577,721,50,50,1,-1,-1,-1
125,2,433,807,50,50,1,-1,-1,-1
126,2,426,766,50,50,1,-1,-1,-1
127,1,587,749,50,50,1,-1,-1,-1
127,2,418,734,50,50,1,-1,-1,-1
127,5,483,1012,50,50,1,-1,-1,-1
128,2,412,706,50,50,1,-1,-1,-1
128,5,481,1032,50,50,1,-1,-1,-1
129,1,598,801,50,50,1,-1,-1,-1
129,2,405,684,50,50,1,-1,-1,-1
129,5,484,1046,50,50,1,-1,-1,-1
130,1,604,833,50,50,1,-1,-1,-1
130,2,400,670,50,50,1,-1,-1,-1
131,1,607,871,50,50,1,-1,-1,-1
131,2,394,658,50,50,1,-1,-1,-1
132,2,389,652,50,50,1,-1,-1,-1
133,1,624,987,50,50,1,-1,-1,-1
133,2,384,654,50,50,1,-1,-1,-1
134,2,380,659,50,50,1,-1,-1,-1
135,1,630,1026,50,50,1,-1,-1,-1
135,2,376,669,50,50,1,-1,-1,-1
136,1,628,1043,50,50,1,-1,-1,-1
136,2,371,686,50,50,1,-1,-1,-1
137,1,628,1060,50,50,1,-1,-1,-1
137,2,365,709,50,50,1,-1,-1,-1
137,5,478,1011,50,50,1,-1,-1,-1
138,2,364,736,50,50,1,-1,-1,-1
139,2,360,769,50,50,1,-1,-1,-1
140,2,358,806,50,50,1,-1,-1,-1
140,5,465,841,50,50,1,-1,-1,-1
141,2,356,850,50,50,1,-1,-1,-1
141,5,461,798,50,50,1,-1,-1,-1
142,5,458,761,50,50,1,-1,-1,-1
143,5,455,730,50,50,1,-1,-1,-1
144,5,452,704,50,50,1,-1,-1,-1
145,5,449,683,50,50,1,-1,-1,-1
146,1,602,1020,50,50,1,-1,-1,-1
146,2,392,982,50,50,1,-1,-1,-1
146,5,446,670,50,50,1,-1,-1,-1
147,2,418,977,50,50,1,-1,-1,-1
147,5,443,660,50,50,1,-1,-1,-1
148,2,451,971,50,50,1,-1,-1,-1
148,5,438,656,50,50,1,-1,-1,-1
149,5,436,658,50,50,1,-1,-1,-1
150,5,436,666,50,50,1,-1,-1,-1
151,2,582,955,50,50,1,-1,-1,-1
151,5,434,679,50,50,1,-1,-1,-1
152,1,600,736,50,50,1,-1,-1,-1
152,5,433,700,50,50,1,-1,-1,-1
153,1,461,969,50,50,1,-1,-1,-1
153,2,606,1004,50,50,1,-1,-1,-1
153,5,431,724,50,50,1,-1,-1,-1
154,1,454,967,50,50,1,-1,-1,-1
154,2,610,1031,50,50,1,-1,-1,-1
154,5,430,755,50,50,1,-1,-1,-1
155,1,445,967,50,50,1,-1,-1,-1
155,5,430,792,50,50,1,-1,-1,-1
155,6,605,670,50,50,1,-1,-1,-1
156,5,432,834,50,50,1,-1,-1,-1
156,6,608,661,50,50,1,-1,-1,-1
157,5,430,881,50,50,1,-1,-1,-1
157,6,610,655,50,50,1,-1,-1,-1
158,6,613,655,50,50,1,-1,-1,-1
159,5,429,989,50,50,1,-1,-1,-1
159,6,616,663,50,50,1,-1,-1,-1
160,5,433,1012,50,50,1,-1,-1,-1
160,6,621,674,50,50,1,-1,-1,-1
161,5,438,1036,50,50,1,-1,-1,-1
161,6,624,693,50,50,1,-1,-1,-1
162,5,445,1061,50,50,1,-1,-1,-1
162,6,629,717,50,50,1,-1,-1,-1
163,5,558,992,50,50,1,-1,-1,-1
163,6,634,747,50,50,1,-1,-1,-1
164,6,637,782,50,50,1,-1,-1,-1
165,6,643,822,50,50,1,-1,-1,-1
166,6,651,868,50,50,1,-1,-1,-1
167,6,651,868,50,50,1,-1,-1,-1
168,6,651,868,50,50,1,-1,-1,-1
169,6,651,868,50,50,1,-1,-1,-1
170,1,559,696,50,50,1,-1,-1,-1
171,1,563,682,50,50,1,-1,-1,-1
172,1,567,672,50,50,1,-1,-1,-1
173,1,570,667,50,50,1,-1,-1,-1
173,6,423,828,50,50,1,-1,-1,-1
174,1,572,668,50,50,1,-1,-1,-1
174,6,414,783,50,50,1,-1,-1,-1
175,1,575,673,50,50,1,-1,-1,-1
175,6,404,743,50,50,1,-1,-1,-1
176,1,581,684,50,50,1,-1,-1,-1
176,6,393,706,50,50,1,-1,-1,-1
177,1,588,700,50,50,1,-1,-1,-1
177,6,385,679,50,50,1,-1,-1,-1
178,1,596,725,50,50,1,-1,-1,-1
178,6,376,655,50,50,1,-1,-1,-1
179,1,602,754,50,50,1,-1,-1,-1
179,6,368,639,50,50,1,-1,-1,-1
180,1,606,791,50,50,1,-1,-1,-1
180,6,360,627,50,50,1,-1,-1,-1
181,1,613,829,50,50,1,-1,-1,-1
181,6,353,622,50,50,1,-1,-1,-1
182,6,344,622,50,50,1,-1,-1,-1
183,6,337,625,50,50,1,-1,-1,-1
184,6,330,638,50,50,1,-1,-1,-1
185,6,323,654,50,50,1,-1,-1,-1
186,6,313,678,50,50,1,-1,-1,-1
187,1,625,1053,50,50,1,-1,-1,-1
187,6,306,707,50,50,1,-1,-1,-1
188,6,302,744,50,50,1,-1,-1,-1
189,1,450,811,50,50,1,-1,-1,-1
189,6,295,787,50,50,1,-1,-1,-1
190,1,445,767,50,50,1,-1,-1,-1
191,1,441,730,50,50,1,-1,-1,-1
192,1,436,697,50,50,1,-1,-1,-1
193,1,431,671,50,50,1,-1,-1,-1
194,1,427,650,50,50,1,-1,-1,-1
195,1,426,634,50,50,1,-1,-1,-1
196,1,424,626,50,50,1,-1,-1,-1
196,6,590,986,50,50,1,-1,-1,-1
197,1,422,623,50,50,1,-1,-1,-1
198,1,419,625,50,50,1,-1,-1,-1
199,1,416,635,50,50,1,-1,-1,-1
199,6,596,808,50,50,1,-1,-1,-1
200,1,414,650,50,50,1,-1,-1,-1
200,6,599,766,50,50,1,-1,-1,-1
201,1,412,671,50,50,1,-1,-1,-1
201,6,599,728,50,50,1,-1,-1,-1
202,1,411,696,50,50,1,-1,-1,-1
202,6,600,696,50,50,1,-1,-1,-1
203,1,410,728,50,50,1,-1,-1,-1
203,6,602,672,50,50,1,-1,-1,-1
204,1,409,767,50,50,1,-1,-1,-1
204,6,605,653,50,50,1,-1,-1,-1
205,1,410,811,50,50,1,-1,-1,-1
205,6,608,638,50,50,1,-1,-1,-1
206,6,612,631,50,50,1,-1,-1,-1
207,6,614,629,50,50,1,-1,-1,-1
208,1,410,969,50,50,1,-1,-1,-1
208,6,620,631,50,50,1,-1,-1,-1
209,1,416,994,50,50,1,-1,-1,-1
209,6,624,637,50,50,1,-1,-1,-1
210,1,425,1021,50,50,1,-1,-1,-1
210,6,630,654,50,50,1,-1,-1,-1
211,1,437,1051,50,50,1,-1,-1,-1
211,6,636,675,50,50,1,-1,-1,-1
212,1,560,996,50,50,1,-1,-1,-1
212,6,643,701,50,50,1,-1,-1,-1
213,6,647,733,50,50,1,-1,-1,-1
214,1,560,880,50,50,1,-1,-1,-1
214,6,654,771,50,50,1,-1,-1,-1
215,1,620,939,50,50,1,-1,-1,-1
215,6,660,816,50,50,1,-1,-1,-1
216,1,620,939,50,50,1,-1,-1,-1
216,6,660,816,50,50,1,-1,-1,-1
217,1,620,939,50,50,1,-1,-1,-1
217,6,660,816,50,50,1,-1,-1,-1
218,6,563,702,50,50,1,-1,-1,-1
219,1,471,1047,50,50,1,-1,-1,-1
219,6,565,681,50,50,1,-1,-1,-1
220,1,462,998,50,50,1,-1,-1,-1
220,6,568,662,50,50,1,-1,-1,-1
221,1,613,953,50,50,1,-1,-1,-1
221,6,572,649,50,50,1,-1,-1,-1
222,1,439,860,50,50,1,-1,-1,-1
222,6,576,641,50,50,1,-1,-1,-1
223,1,428,813,50,50,1,-1,-1,-1
223,6,578,640,50,50,1,-1,-1,-1
224,1,420,769,50,50,1,-1,-1,-1
224,6,584,643,50,50,1,-1,-1,-1
225,1,410,730,50,50,1,-1,-1,-1
225,2,475,1013,50,50,1,-1,-1,-1
225,6,588,651,50,50,1,-1,-1,-1
226,1,402,698,50,50,1,-1,-1,-1
226,2,477,1035,50,50,1,-1,-1,-1
226,6,594,666,50,50,1,-1,-1,-1
227,1,394,671,50,50,1,-1,-1,-1
227,2,568,937,50,50,1,-1,-1,-1
227,5,481,1061,50,50,1,-1,-1,-1
227,6,601,687,50,50,1,-1,-1,-1
228,1,385,651,50,50,1,-1,-1,-1
228,6,607,713,50,50,1,-1,-1,-1
229,1,378,635,50,50,1,-1,-1,-1
229,6,613,746,50,50,1,-1,-1,-1
230,1,370,626,50,50,1,-1,-1,-1
230,6,620,782,50,50,1,-1,-1,-1
231,1,363,623,50,50,1,-1,-1,-1
231,6,626,825,50,50,1,-1,-1,-1
232,1,356,623,50,50,1,-1,-1,-1
233,1,349,630,50,50,1,-1,-1,-1
234,1,342,645,50,50,1,-1,-1,-1
234,2,486,1087,50,50,1,-1,-1,-1
234,6,643,974,50,50,1,-1,-1,-1
235,1,336,664,50,50,1,-1,-1,-1
235,2,476,1026,50,50,1,-1,-1,-1
235,6,644,997,50,50,1,-1,-1,-1
236,1,329,689,50,50,1,-1,-1,-1
236,6,639,1025,50,50,1,-1,-1,-1
237,1,324,720,50,50,1,-1,-1,-1
237,6,632,1062,50,50,1,-1,-1,-1
238,1,318,756,50,50,1,-1,-1,-1
238,2,457,841,50,50,1,-1,-1,-1
238,6,624,1098,50,50,1,-1,-1,-1
239,1,313,799,50,50,1,-1,-1,-1
239,2,452,794,50,50,1,-1,-1,-1
239,6,390,939,50,50,1,-1,-1,-1
240,1,308,846,50,50,1,-1,-1,-1
240,6,447,751,50,50,1,-1,-1,-1
241,6,442,715,50,50,1,-1,-1,-1
242,6,436,684,50,50,1,-1,-1,-1
243,6,431,659,50,50,1,-1,-1,-1
244,1,594,1046,50,50,1,-1,-1,-1
244,6,427,638,50,50,1,-1,-1,-1
245,1,592,991,50,50,1,-1,-1,-1
245,6,422,624,50,50,1,-1,-1,-1
246,6,418,618,50,50,1,-1,-1,-1
246,7,416,957,50,50,1,-1,-1,-1
247,6,414,615,50,50,1,-1,-1,-1
247,7,594,853,50,50,1,-1,-1,-1
248,6,412,618,50,50,1,-1,-1,-1
248,7,595,805,50,50,1,-1,-1,-1
249,1,559,943,50,50,1,-1,-1,-1
249,6,408,627,50,50,1,-1,-1,-1
249,7,594,754,50,50,1,-1,-1,-1
250,6,406,641,50,50,1,-1,-1,-1
250,7,593,714,50,50,1,-1,-1,-1
251,6,403,662,50,50,1,-1,-1,-1
251,7,593,680,50,50,1,-1,-1,-1
252,1,608,1014,50,50,1,-1,-1,-1
252,6,401,690,50,50,1,-1,-1,-1
252,7,595,649,50,50,1,-1,-1,-1
253,1,608,1038,50,50,1,-1,-1,-1
253,6,400,722,50,50,1,-1,-1,-1
253,7,596,626,50,50,1,-1,-1,-1
254,1,606,1074,50,50,1,-1,-1,-1
254,6,398,760,50,50,1,-1,-1,-1
254,7,597,609,50,50,1,-1,-1,-1
255,6,396,804,50,50,1,-1,-1,-1
255,7,599,597,50,50,1,-1,-1,-1
256,6,395,855,50,50,1,-1,-1,-1
256,7,602,591,50,50,1,-1,-1,-1
257,7,604,588,50,50,1,-1,-1,-1
258,6,390,967,50,50,1,-1,-1,-1
258,7,607,591,50,50,1,-1,-1,-1
259,6,396,989,50,50,1,-1,-1,-1
259,7,610,602,50,50,1,-1,-1,-1
260,6,404,1015,50,50,1,-1,-1,-1
260,7,614,617,50,50,1,-1,-1,-1
261,6,413,1041,50,50,1,-1,-1,-1
261,7,619,639,50,50,1,-1,-1,-1
262,1,554,989,50,50,1,-1,-1,-1
262,6,428,1074,50,50,1,-1,-1,-1
262,7,624,667,50,50,1,-1,-1,-1
263,7,628,699,50,50,1,-1,-1,-1
264,1,545,876,50,50,1,-1,-1,-1
264,7,633,737,50,50,1,-1,-1,-1
265,7,637,780,50,50,1,-1,-1,-1
266,7,643,830,50,50,1,-1,-1,-1
267,7,643,830,50,50,1,-1,-1,-1
268,6,480,1096,50,50,1,-1,-1,-1
269,6,469,1036,50,50,1,-1,-1,-1
269,7,539,692,50,50,1,-1,-1,-1
270,7,540,679,50,50,1,-1,-1,-1
271,6,606,946,50,50,1,-1,-1,-1
271,7,540,668,50,50,1,-1,-1,-1
272,6,465,980,50,50,1,-1,-1,-1
272,7,542,666,50,50,1,-1,-1,-1
273,6,425,789,50,50,1,-1,-1,-1
273,7,543,665,50,50,1,-1,-1,-1
274,6,416,741,50,50,1,-1,-1,-1
274,7,546,671,50,50,1,-1,-1,-1
275,6,406,702,50,50,1,-1,-1,-1
275,7,548,681,50,50,1,-1,-1,-1
276,6,396,665,50,50,1,-1,-1,-1
276,7,552,697,50,50,1,-1,-1,-1
277,6,387,636,50,50,1,-1,-1,-1
277,7,477,1057,50,50,1,-1,-1,-1
278,6,379,611,50,50,1,-1,-1,-1
278,7,479,1080,50,50,1,-1,-1,-1
279,6,370,593,50,50,1,-1,-1,-1
279,7,478,1101,50,50,1,-1,-1,-1
280,6,362,581,50,50,1,-1,-1,-1
280,8,572,830,50,50,1,-1,-1,-1
281,6,355,575,50,50,1,-1,-1,-1
281,8,572,882,50,50,1,-1,-1,-1
282,6,347,574,50,50,1,-1,-1,-1
283,6,342,576,50,50,1,-1,-1,-1
284,6,332,588,50,50,1,-1,-1,-1
284,7,480,1105,50,50,1,-1,-1,-1
285,6,323,604,50,50,1,-1,-1,-1
285,7,595,1024,50,50,1,-1,-1,-1
286,6,316,627,50,50,1,-1,-1,-1
287,6,310,657,50,50,1,-1,-1,-1
288,6,305,689,50,50,1,-1,-1,-1
289,6,299,729,50,50,1,-1,-1,-1
289,8,447,815,50,50,1,-1,-1,-1
290,6,293,779,50,50,1,-1,-1,-1
290,8,439,767,50,50,1,-1,-1,-1
291,8,433,727,50,50,1,-1,-1,-1
292,8,425,693,50,50,1,-1,-1,-1
293,8,418,663,50,50,1,-1,-1,-1
294,8,411,642,50,50,1,-1,-1,-1
295,8,408,624,50,50,1,-1,-1,-1
296,6,580,1025,50,50,1,-1,-1,-1
296,8,403,613,50,50,1,-1,-1,-1
297,8,398,607,50,50,1,-1,-1,-1
298,8,395,607,50,50,1,-1,-1,-1
299,8,390,613,50,50,1,-1,-1,-1
300,8,385,624,50,50,1,-1,-1,-1
301,6,573,951,50,50,1,-1,-1,-1
301,7,583,741,50,50,1,-1,-1,-1
301,8,382,640,50,50,1,-1,-1,-1
302,7,583,702,50,50,1,-1,-1,-1
302,8,379,661,50,50,1,-1,-1,-1
303,6,591,1009,50,50,1,-1,-1,-1
303,7,582,673,50,50,1,-1,-1,-1
303,8,375,691,50,50,1,-1,-1,-1
304,6,588,1034,50,50,1,-1,-1,-1
304,7,584,646,50,50,1,-1,-1,-1
304,8,371,727,50,50,1,-1,-1,-1
305,7,587,625,50,50,1,-1,-1,-1
305,8,369,768,50,50,1,-1,-1,-1
306,7,589,609,50,50,1,-1,-1,-1
306,8,368,813,50,50,1,-1,-1,-1
307,6,383,974,50,50,1,-1,-1,-1
307,7,593,600,50,50,1,-1,-1,-1
307,8,366,862,50,50,1,-1,-1,-1
308,7,597,596,50,50,1,-1,-1,-1
309,7,601,597,50,50,1,-1,-1,-1
310,7,605,604,50,50,1,-1,-1,-1
310,8,386,1013,50,50,1,-1,-1,-1
311,7,609,618,50,50,1,-1,-1,-1
311,8,396,1038,50,50,1,-1,-1,-1
312,7,615,638,50,50,1,-1,-1,-1
312,8,409,1066,50,50,1,-1,-1,-1
313,7,621,663,50,50,1,-1,-1,-1
313,8,428,1097,50,50,1,-1,-1,-1
314,7,626,694,50,50,1,-1,-1,-1
315,7,632,732,50,50,1,-1,-1,-1
316,7,640,775,50,50,1,-1,-1,-1
317,7,645,824,50,50,1,-1,-1,-1
318,7,549,742,50,50,1,-1,-1,-1
319,7,551,706,50,50,1,-1,-1,-1
319,8,650,938,50,50,1,-1,-1,-1
320,7,552,685,50,50,1,-1,-1,-1
320,8,649,942,50,50,1,-1,-1,-1
321,7,555,668,50,50,1,-1,-1,-1
322,7,555,668,50,50,1,-1,-1,-1
323,7,563,646,50,50,1,-1,-1,-1
323,8,440,847,50,50,1,-1,-1,-1
324,7,569,642,50,50,1,-1,-1,-1
324,8,430,800,50,50,1,-1,-1,-1
325,6,480,986,50,50,1,-1,-1,-1
325,7,574,643,50,50,1,-1,-1,-1
325,8,421,758,50,50,1,-1,-1,-1
326,6,476,1003,50,50,1,-1,-1,-1
326,7,580,652,50,50,1,-1,-1,-1
326,8,412,721,50,50,1,-1,-1,-1
327,7,587,666,50,50,1,-1,-1,-1
327,8,402,690,50,50,1,-1,-1,-1
328,6,479,1044,50,50,1,-1,-1,-1
328,7,592,685,50,50,1,-1,-1,-1
328,8,394,665,50,50,1,-1,-1,-1
329,6,481,1072,50,50,1,-1,-1,-1
329,7,600,710,50,50,1,-1,-1,-1
329,8,386,645,50,50,1,-1,-1,-1
330,6,479,1104,50,50,1,-1,-1,-1
330,7,608,742,50,50,1,-1,-1,-1
330,8,379,632,50,50,1,-1,-1,-1
331,7,614,779,50,50,1,-1,-1,-1
331,8,371,624,50,50,1,-1,-1,-1
332,7,620,821,50,50,1,-1,-1,-1
332,8,365,622,50,50,1,-1,-1,-1
333,8,357,624,50,50,1,-1,-1,-1
334,8,349,633,50,50,1,-1,-1,-1
335,6,488,1076,50,50,1,-1,-1,-1
335,7,637,976,50,50,1,-1,-1,-1
335,8,342,649,50,50,1,-1,-1,-1
336,6,481,1019,50,50,1,-1,-1,-1
336,7,639,1005,50,50,1,-1,-1,-1
336,8,336,670,50,50,1,-1,-1,-1
337,7,637,1037,50,50,1,-1,-1,-1
337,8,332,696,50,50,1,-1,-1,-1
338,8,325,729,50,50,1,-1,-1,-1
339,7,461,836,50,50,1,-1,-1,-1
339,8,321,766,50,50,1,-1,-1,-1
340,7,456,791,50,50,1,-1,-1,-1
340,8,316,810,50,50,1,-1,-1,-1
341,7,451,749,50,50,1,-1,-1,-1
342,7,447,715,50,50,1,-1,-1,-1
343,7,440,686,50,50,1,-1,-1,-1
343,8,331,958,50,50,1,-1,-1,-1
344,7,436,662,50,50,1,-1,-1,-1
345,7,431,645,50,50,1,-1,-1,-1
345,8,591,1049,50,50,1,-1,-1,-1
346,1,388,962,50,50,1,-1,-1,-1
346,7,426,633,50,50,1,-1,-1,-1
346,8,591,992,50,50,1,-1,-1,-1
347,7,423,628,50,50,1,-1,-1,-1
348,7,419,627,50,50,1,-1,-1,-1
349,7,417,631,50,50,1,-1,-1,-1
349,8,597,795,50,50,1,-1,-1,-1
350,7,413,642,50,50,1,-1,-1,-1
350,8,596,744,50,50,1,-1,-1,-1
351,7,410,659,50,50,1,-1,-1,-1
351,8,596,701,50,50,1,-1,-1,-1
352,7,407,682,50,50,1,-1,-1,-1
352,8,597,662,50,50,1,-1,-1,-1
353,7,404,710,50,50,1,-1,-1,-1
353,8,598,630,50,50,1,-1,-1,-1
353,9,598,1020,50,50,1,-1,-1,-1
354,7,401,744,50,50,1,-1,-1,-1
354,8,600,604,50,50,1,-1,-1,-1
355,7,401,787,50,50,1,-1,-1,-1
355,8,602,584,50,50,1,-1,-1,-1
356,7,400,832,50,50,1,-1,-1,-1
356,8,604,571,50,50,1,-1,-1,-1
357,8,607,561,50,50,1,-1,-1,-1
358,8,610,558,50,50,1,-1,-1,-1
359,7,400,982,50,50,1,-1,-1,-1
359,8,614,559,50,50,1,-1,-1,-1
360,7,403,1001,50,50,1,-1,-1,-1
360,8,618,565,50,50,1,-1,-1,-1
361,7,409,1024,50,50,1,-1,-1,-1
361,8,622,578,50,50,1,-1,-1,-1
362,8,629,598,50,50,1,-1,-1,-1
363,7,431,1075,50,50,1,-1,-1,-1
363,8,634,623,50,50,1,-1,-1,-1
364,8,639,653,50,50,1,-1,-1,-1
365,8,645,689,50,50,1,-1,-1,-1
366,8,651,730,50,50,1,-1,-1,-1
367,8,657,778,50,50,1,-1,-1,-1
368,8,543,738,50,50,1,-1,-1,-1
369,8,540,704,50,50,1,-1,-1,-1
370,7,477,1073,50,50,1,-1,-1,-1
370,8,539,684,50,50,1,-1,-1,-1
371,7,466,1016,50,50,1,-1,-1,-1
371,8,539,669,50,50,1,-1,-1,-1
372,8,541,656,50,50,1,-1,-1,-1
373,8,542,649,50,50,1,-1,-1,-1
374,7,437,841,50,50,1,-1,-1,-1
374,8,542,647,50,50,1,-1,-1,-1
375,7,427,797,50,50,1,-1,-1,-1
375,8,545,651,50,50,1,-1,-1,-1
376,7,418,758,50,50,1,-1,-1,-1
376,8,547,659,50,50,1,-1,-1,-1
377,7,409,725,50,50,1,-1,-1,-1
377,8,550,673,50,50,1,-1,-1,-1
377,9,471,1041,50,50,1,-1,-1,-1
378,7,401,698,50,50,1,-1,-1,-1
378,8,554,692,50,50,1,-1,-1,-1
378,9,472,1068,50,50,1,-1,-1,-1
379,7,394,678,50,50,1,-1,-1,-1
379,8,561,716,50,50,1,-1,-1,-1
379,9,470,1095,50,50,1,-1,-1,-1
380,7,386,662,50,50,1,-1,-1,-1
380,8,570,750,50,50,1,-1,-1,-1
380,10,546,936,50,50,1,-1,-1,-1
381,7,378,653,50,50,1,-1,-1,-1
382,7,372,648,50,50,1,-1,-1,-1
382,8,574,830,50,50,1,-1,-1,-1
383,7,364,650,50,50,1,-1,-1,-1
384,7,358,656,50,50,1,-1,-1,-1
385,7,352,668,50,50,1,-1,-1,-1
385,9,483,1090,50,50,1,-1,-1,-1
386,7,346,688,50,50,1,-1,-1,-1
386,8,589,1016,50,50,1,-1,-1,-1
386,9,479,1041,50,50,1,-1,-1,-1
387,7,339,710,50,50,1,-1,-1,-1
387,8,590,1044,50,50,1,-1,-1,-1
387,9,469,992,50,50,1,-1,-1,-1
388,7,335,741,50,50,1,-1,-1,-1
388,8,595,1081,50,50,1,-1,-1,-1
389,7,329,777,50,50,1,-1,-1,-1
389,9,459,864,50,50,1,-1,-1,-1
390,7,326,817,50,50,1,-1,-1,-1
390,9,454,824,50,50,1,-1,-1,-1
391,7,321,866,50,50,1,-1,-1,-1
391,9,447,783,50,50,1,-1,-1,-1
391,10,368,956,50,50,1,-1,-1,-1
392,9,441,749,50,50,1,-1,-1,-1
393,9,435,721,50,50,1,-1,-1,-1
394,9,429,697,50,50,1,-1,-1,-1
395,7,351,971,50,50,1,-1,-1,-1
395,8,586,1044,50,50,1,-1,-1,-1
395,9,423,682,50,50,1,-1,-1,-1
396,7,384,965,50,50,1,-1,-1,-1
396,8,584,991,50,50,1,-1,-1,-1
396,9,418,671,50,50,1,-1,-1,-1
397,7,417,961,50,50,1,-1,-1,-1
397,9,415,664,50,50,1,-1,-1,-1
398,7,453,960,50,50,1,-1,-1,-1
398,9,411,664,50,50,1,-1,-1,-1
399,7,585,811,50,50,1,-1,-1,-1
399,9,407,669,50,50,1,-1,-1,-1
400,7,585,763,50,50,1,-1,-1,-1
400,9,403,681,50,50,1,-1,-1,-1
401,7,581,724,50,50,1,-1,-1,-1
401,9,399,699,50,50,1,-1,-1,-1
402,7,580,692,50,50,1,-1,-1,-1
402,9,395,723,50,50,1,-1,-1,-1
403,7,579,666,50,50,1,-1,-1,-1
403,9,392,753,50,50,1,-1,-1,-1
403,10,586,1016,50,50,1,-1,-1,-1
404,7,580,644,50,50,1,-1,-1,-1
404,9,389,789,50,50,1,-1,-1,-1
405,7,580,629,50,50,1,-1,-1,-1
405,9,387,832,50,50,1,-1,-1,-1
406,7,582,620,50,50,1,-1,-1,-1
407,7,585,616,50,50,1,-1,-1,-1
407,9,380,947,50,50,1,-1,-1,-1
408,7,587,616,50,50,1,-1,-1,-1
408,9,381,968,50,50,1,-1,-1,-1
409,7,589,622,50,50,1,-1,-1,-1
409,9,388,991,50,50,1,-1,-1,-1
410,7,592,634,50,50,1,-1,-1,-1
410,9,399,1016,50,50,1,-1,-1,-1
411,7,595,653,50,50,1,-1,-1,-1
411,9,416,1044,50,50,1,-1,-1,-1
412,7,599,677,50,50,1,-1,-1,-1
412,9,431,1075,50,50,1,-1,-1,-1
413,7,603,707,50,50,1,-1,-1,-1
414,7,608,742,50,50,1,-1,-1,-1
415,7,615,785,50,50,1,-1,-1,-1
416,7,617,831,50,50,1,-1,-1,-1
417,7,617,831,50,50,1,-1,-1,-1
418,7,629,944,50,50,1,-1,-1,-1
418,9,474,1089,50,50,1,-1,-1,-1
419,9,462,1032,50,50,1,-1,-1,-1
419,11,551,703,50,50,1,-1,-1,-1
420,9,457,983,50,50,1,-1,-1,-1
420,11,553,691,50,50,1,-1,-1,-1
421,9,592,952,50,50,1,-1,-1,-1
421,11,554,682,50,50,1,-1,-1,-1
422,9,439,843,50,50,1,-1,-1,-1
422,11,557,679,50,50,1,-1,-1,-1
423,9,433,796,50,50,1,-1,-1,-1
423,11,560,680,50,50,1,-1,-1,-1
424,7,472,985,50,50,1,-1,-1,-1
424,9,424,750,50,50,1,-1,-1,-1
424,11,565,686,50,50,1,-1,-1,-1
425,7,472,1007,50,50,1,-1,-1,-1
425,9,418,712,50,50,1,-1,-1,-1
425,11,569,697,50,50,1,-1,-1,-1
426,7,472,1035,50,50,1,-1,-1,-1
426,9,411,678,50,50,1,-1,-1,-1
426,11,575,715,50,50,1,-1,-1,-1
427,7,475,1063,50,50,1,-1,-1,-1
427,9,404,651,50,50,1,-1,-1,-1
427,11,582,741,50,50,1,-1,-1,-1
428,7,477,1092,50,50,1,-1,-1,-1
428,9,399,631,50,50,1,-1,-1,-1
428,11,589,770,50,50,1,-1,-1,-1
429,9,392,615,50,50,1,-1,-1,-1
429,11,592,807,50,50,1,-1,-1,-1
430,9,386,604,50,50,1,-1,-1,-1
430,11,597,843,50,50,1,-1,-1,-1
431,9,382,601,50,50,1,-1,-1,-1
432,9,379,601,50,50,1,-1,-1,-1
433,9,373,608,50,50,1,-1,-1,-1
434,9,364,621,50,50,1,-1,-1,-1
434,11,608,999,50,50,1,-1,-1,-1
435,7,486,1041,50,50,1,-1,-1,-1
435,11,606,1021,50,50,1,-1,-1,-1
436,9,358,664,50,50,1,-1,-1,-1
437,9,355,696,50,50,1,-1,-1,-1
437,11,601,1090,50,50,1,-1,-1,-1
438,9,351,734,50,50,1,-1,-1,-1
439,7,466,825,50,50,1,-1,-1,-1
439,9,349,778,50,50,1,-1,-1,-1
440,7,460,785,50,50,1,-1,-1,-1
440,9,339,828,50,50,1,-1,-1,-1
441,7,457,751,50,50,1,-1,-1,-1
442,7,453,725,50,50,1,-1,-1,-1
443,7,450,704,50,50,1,-1,-1,-1
444,7,445,687,50,50,1,-1,-1,-1
444,11,581,1047,50,50,1,-1,-1,-1
445,7,442,679,50,50,1,-1,-1,-1
445,9,400,957,50,50,1,-1,-1,-1
446,7,439,674,50,50,1,-1,-1,-1
446,9,433,959,50,50,1,-1,-1,-1
447,7,435,676,50,50,1,-1,-1,-1
447,9,465,961,50,50,1,-1,-1,-1
447,11,582,840,50,50,1,-1,-1,-1
448,7,432,683,50,50,1,-1,-1,-1
449,7,431,695,50,50,1,-1,-1,-1
449,11,579,729,50,50,1,-1,-1,-1
450,7,430,714,50,50,1,-1,-1,-1
450,11,576,683,50,50,1,-1,-1,-1
451,7,427,739,50,50,1,-1,-1,-1
451,9,593,992,50,50,1,-1,-1,-1
451,11,577,644,50,50,1,-1,-1,-1
452,7,426,769,50,50,1,-1,-1,-1
452,9,593,1013,50,50,1,-1,-1,-1
452,11,578,609,50,50,1,-1,-1,-1
453,7,424,806,50,50,1,-1,-1,-1
453,9,453,979,50,50,1,-1,-1,-1
453,11,579,581,50,50,1,-1,-1,-1
454,7,424,847,50,50,1,-1,-1,-1
454,9,588,1069,50,50,1,-1,-1,-1
454,11,580,557,50,50,1,-1,-1,-1
455,7,421,894,50,50,1,-1,-1,-1
455,9,427,983,50,50,1,-1,-1,-1
455,11,580,540,50,50,1,-1,-1,-1
456,11,583,530,50,50,1,-1,-1,-1
457,7,422,999,50,50,1,-1,-1,-1
457,11,587,525,50,50,1,-1,-1,-1
458,7,425,1019,50,50,1,-1,-1,-1
458,11,588,525,50,50,1,-1,-1,-1
459,7,430,1041,50,50,1,-1,-1,-1
459,11,591,529,50,50,1,-1,-1,-1
460,7,439,1064,50,50,1,-1,-1,-1
460,11,593,540,50,50,1,-1,-1,-1
461,11,597,555,50,50,1,-1,-1,-1
462,11,604,578,50,50,1,-1,-1,-1
463,11,608,607,50,50,1,-1,-1,-1
464,11,614,640,50,50,1,-1,-1,-1
465,11,618,679,50,50,1,-1,-1,-1
466,11,623,723,50,50,1,-1,-1,-1
467,11,629,774,50,50,1,-1,-1,-1
468,11,540,705,50,50,1,-1,-1,-1
469,11,541,684,50,50,1,-1,-1,-1
470,7,460,1038,50,50,1,-1,-1,-1
470,11,544,668,50,50,1,-1,-1,-1
471,7,454,989,50,50,1,-1,-1,-1
471,11,548,652,50,50,1,-1,-1,-1
472,11,551,644,50,50,1,-1,-1,-1
473,7,429,852,50,50,1,-1,-1,-1
473,11,554,641,50,50,1,-1,-1,-1
474,7,422,805,50,50,1,-1,-1,-1
474,11,559,642,50,50,1,-1,-1,-1
475,7,414,757,50,50,1,-1,-1,-1
475,11,563,649,50,50,1,-1,-1,-1
476,7,405,719,50,50,1,-1,-1,-1
476,9,472,1017,50,50,1,-1,-1,-1
476,11,568,663,50,50,1,-1,-1,-1
477,7,397,687,50,50,1,-1,-1,-1
477,9,473,1047,50,50,1,-1,-1,-1
477,11,574,682,50,50,1,-1,-1,-1
478,7,391,659,50,50,1,-1,-1,-1
478,9,472,1073,50,50,1,-1,-1,-1
478,11,580,706,50,50,1,-1,-1,-1
479,7,385,640,50,50,1,-1,-1,-1
479,9,472,1101,50,50,1,-1,-1,-1
479,11,588,736,50,50,1,-1,-1,-1
480,7,380,624,50,50,1,-1,-1,-1
480,11,594,772,50,50,1,-1,-1,-1
481,7,374,614,50,50,1,-1,-1,-1
481,11,598,813,50,50,1,-1,-1,-1
482,7,368,609,50,50,1,-1,-1,-1
482,11,604,857,50,50,1,-1,-1,-1
483,7,363,610,50,50,1,-1,-1,-1
484,7,358,616,50,50,1,-1,-1,-1
484,11,613,970,50,50,1,-1,-1,-1
485,7,352,629,50,50,1,-1,-1,-1
485,11,616,994,50,50,1,-1,-1,-1
486,7,347,649,50,50,1,-1,-1,-1
486,9,476,1030,50,50,1,-1,-1,-1
486,11,615,1019,50,50,1,-1,-1,-1
487,7,342,672,50,50,1,-1,-1,-1
487,9,467,980,50,50,1,-1,-1,-1
488,7,339,703,50,50,1,-1,-1,-1
488,11,607,1085,50,50,1,-1,-1,-1
489,7,336,737,50,50,1,-1,-1,-1
490,7,331,780,50,50,1,-1,-1,-1
490,11,454,812,50,50,1,-1,-1,-1
491,7,330,826,50,50,1,-1,-1,-1
492,7,330,826,50,50,1,-1,-1,-1
493,11,441,711,50,50,1,-1,-1,-1
494,11,438,688,50,50,1,-1,-1,-1
495,7,580,1035,50,50,1,-1,-1,-1
495,11,434,672,50,50,1,-1,-1,-1
496,7,387,954,50,50,1,-1,-1,-1
496,11,432,663,50,50,1,-1,-1,-1
497,7,387,954,50,50,1,-1,-1,-1
497,11,432,663,50,50,1,-1,-1,-1
498,7,454,957,50,50,1,-1,-1,-1
498,9,582,832,50,50,1,-1,-1,-1
498,11,427,657,50,50,1,-1,-1,-1
499,11,423,663,50,50,1,-1,-1,-1
500,7,581,725,50,50,1,-1,-1,-1
500,11,419,675,50,50,1,-1,-1,-1
501,7,580,681,50,50,1,-1,-1,-1
501,11,418,692,50,50,1,-1,-1,-1
502,7,581,644,50,50,1,-1,-1,-1
502,9,589,1000,50,50,1,-1,-1,-1
502,11,415,717,50,50,1,-1,-1,-1
503,7,584,609,50,50,1,-1,-1,-1
503,9,591,1026,50,50,1,-1,-1,-1
503,11,414,746,50,50,1,-1,-1,-1
504,7,586,584,50,50,1,-1,-1,-1
504,11,412,782,50,50,1,-1,-1,-1
505,7,590,563,50,50,1,-1,-1,-1
505,11,413,822,50,50,1,-1,-1,-1
506,7,592,548,50,50,1,-1,-1,-1
506,11,413,868,50,50,1,-1,-1,-1
507,7,596,537,50,50,1,-1,-1,-1
508,7,600,532,50,50,1,-1,-1,-1
508,11,419,989,50,50,1,-1,-1,-1
509,7,602,532,50,50,1,-1,-1,-1
510,7,606,539,50,50,1,-1,-1,-1
510,11,420,1040,50,50,1,-1,-1,-1
511,7,612,551,50,50,1,-1,-1,-1
511,11,422,1067,50,50,1,-1,-1,-1
512,7,617,568,50,50,1,-1,-1,-1
513,7,623,593,50,50,1,-1,-1,-1
514,7,629,622,50,50,1,-1,-1,-1
515,7,636,657,50,50,1,-1,-1,-1
516,7,643,699,50,50,1,-1,-1,-1
517,7,649,745,50,50,1,-1,-1,-1
518,7,657,798,50,50,1,-1,-1,-1
519,7,531,719,50,50,1,-1,-1,-1
520,7,532,699,50,50,1,-1,-1,-1
521,7,533,685,50,50,1,-1,-1,-1
521,11,466,1030,50,50,1,-1,-1,-1
522,7,535,674,50,50,1,-1,-1,-1
522,11,461,986,50,50,1,-1,-1,-1
523,7,539,671,50,50,1,-1,-1,-1
524,7,540,671,50,50,1,-1,-1,-1
524,11,443,851,50,50,1,-1,-1,-1
525,7,543,676,50,50,1,-1,-1,-1
525,11,438,807,50,50,1,-1,-1,-1
526,7,545,685,50,50,1,-1,-1,-1
526,11,433,766,50,50,1,-1,-1,-1
527,7,552,701,50,50,1,-1,-1,-1
527,11,428,731,50,50,1,-1,-1,-1
528,7,560,724,50,50,1,-1,-1,-1
528,11,422,702,50,50,1,-1,-1,-1
529,11,418,679,50,50,1,-1,-1,-1
529,12,464,1038,50,50,1,-1,-1,-1
530,11,413,662,50,50,1,-1,-1,-1
530,12,466,1050,50,50,1,-1,-1,-1
531,11,409,649,50,50,1,-1,-1,-1
531,12,466,1060,50,50,1,-1,-1,-1
532,7,577,873,50,50,1,-1,-1,-1
532,11,406,644,50,50,1,-1,-1,-1
532,12,465,1068,50,50,1,-1,-1,-1
533,11,403,644,50,50,1,-1,-1,-1
533,12,463,1074,50,50,1,-1,-1,-1
534,11,400,648,50,50,1,-1,-1,-1
534,12,459,1077,50,50,1,-1,-1,-1
535,11,397,658,50,50,1,-1,-1,-1
535,12,454,1078,50,50,1,-1,-1,-1
536,11,392,673,50,50,1,-1,-1,-1
536,12,447,1078,50,50,1,-1,-1,-1
537,7,601,1001,50,50,1,-1,-1,-1
537,11,390,696,50,50,1,-1,-1,-1
537,12,439,1076,50,50,1,-1,-1,-1
538,7,606,1010,50,50,1,-1,-1,-1
538,11,388,723,50,50,1,-1,-1,-1
538,12,429,1075,50,50,1,-1,-1,-1
539,7,611,1017,50,50,1,-1,-1,-1
539,11,387,755,50,50,1,-1,-1,-1
539,12,419,1074,50,50,1,-1,-1,-1
540,7,618,1022,50,50,1,-1,-1,-1
540,11,385,793,50,50,1,-1,-1,-1
541,7,623,1028,50,50,1,-1,-1,-1
541,11,384,837,50,50,1,-1,-1,-1
542,7,625,1031,50,50,1,-1,-1,-1
542,11,383,886,50,50,1,-1,-1,-1
543,7,627,1033,50,50,1,-1,-1,-1
543,11,382,941,50,50,1,-1,-1,-1
544,7,630,1034,50,50,1,-1,-1,-1
545,7,632,1034,50,50,1,-1,-1,-1
546,7,633,1033,50,50,1,-1,-1,-1
547,7,634,1033,50,50,1,-1,-1,-1
548,7,635,1032,50,50,1,-1,-1,-1
549,7,637,1032,50,50,1,-1,-1,-1
549,12,369,1064,50,50,1,-1,-1,-1
550,7,639,1034,50,50,1,-1,-1,-1
551,7,639,1034,50,50,1,-1,-1,-1
551,12,364,1072,50,50,1,-1,-1,-1
552,7,640,1035,50,50,1,-1,-1,-1
552,12,366,1082,50,50,1,-1,-1,-1
553,7,641,1038,50,50,1,-1,-1,-1
554,12,369,1106,50,50,1,-1,-1,-1
555,12,372,1116,50,50,1,-1,-1,-1
556,12,372,1116,50,50,1,-1,-1,-1
557,7,640,1041,50,50,1,-1,-1,-1
558,7,639,1041,50,50,1,-1,-1,-1
559,7,639,1041,50,50,1,-1,-1,-1
560,7,639,1041,50,50,1,-1,-1,-1
561,7,639,1041,50,50,1,-1,-1,-1
562,7,639,1041,50,50,1,-1,-1,-1
563,7,647,1040,50,50,1,-1,-1,-1
564,7,647,1040,50,50,1,-1,-1,-1
565,7,647,1040,50,50,1,-1,-1,-1
566,7,647,1040,50,50,1,-1,-1,-1
567,7,647,1040,50,50,1,-1,-1,-1
568,7,667,1040,50,50,1,-1,-1,-1
569,7,667,1040,50,50,1,-1,-1,-1
570,7,667,1040,50,50,1,-1,-1,-1
571,7,673,1038,50,50,1,-1,-1,-1
572,7,674,1038,50,50,1,-1,-1,-1
573,7,675,1036,50,50,1,-1,-1,-1
574,7,675,1036,50,50,1,-1,-1,-1
575,7,679,1035,50,50,1,-1,-1,-1
576,7,679,1035,50,50,1,-1,-1,-1
577,7,679,1035,50,50,1,-1,-1,-1
578,7,679,1035,50,50,1,-1,-1,-1
579,7,679,1035,50,50,1,-1,-1,-1
580,7,679,1035,50,50,1,-1,-1,-1
581,7,679,1035,50,50,1,-1,-1,-1
582,7,679,1035,50,50,1,-1,-1,-1
583,12,374,1071,50,50,1,-1,-1,-1
584,12,375,1074,50,50,1,-1,-1,-1
585,12,374,1077,50,50,1,-1,-1,-1
586,12,374,1080,50,50,1,-1,-1,-1
587,12,376,1080,50,50,1,-1,-1,-1
588,12,376,1081,50,50,1,-1,-1,-1
589,12,376,1081,50,50,1,-1,-1,-1
590,12,376,1081,50,50,1,-1,-1,-1
591,12,376,1081,50,50,1,-1,-1,-1
592,12,376,1081,50,50,1,-1,-1,-1
593,12,376,1081,50,50,1,-1,-1,-1
594,12,376,1081,50,50,1,-1,-1,-1
595,12,376,1081,50,50,1,-1,-1,-1
596,12,376,1081,50,50,1,-1,-1,-1
597,12,376,1081,50,50,1,-1,-1,-1
598,12,376,1081,50,50,1,-1,-1,-1
599,12,375,1081,50,50,1,-1,-1,-1
600,12,377,1087,50,50,1,-1,-1,-1
601,12,378,1090,50,50,1,-1,-1,-1
602,12,382,1094,50,50,1,-1,-1,-1
603,7,660,1066,50,50,1,-1,-1,-1
603,12,384,1102,50,50,1,-1,-1,-1
604,7,660,1074,50,50,1,-1,-1,-1
604,12,389,1114,50,50,1,-1,-1,-1
605,7,660,1074,50,50,1,-1,-1,-1
605,12,389,1114,50,50,1,-1,-1,-1
