2,1,455,1230,50,50,1,-1,-1,-1
3,2,451,1238,50,50,1,-1,-1,-1
4,2,460,1244,50,50,1,-1,-1,-1
5,2,456,1253,50,50,1,-1,-1,-1
6,1,454,1231,50,50,1,-1,-1,-1
7,1,445,1240,50,50,1,-1,-1,-1
8,1,453,1233,50,50,1,-1,-1,-1
9,1,459,1233,50,50,1,-1,-1,-1
10,1,451,1254,50,50,1,-1,-1,-1
11,1,461,1232,50,50,1,-1,-1,-1
12,1,468,1189,50,50,1,-1,-1,-1
12,2,587,1123,50,50,1,-1,-1,-1
13,1,471,1139,50,50,1,-1,-1,-1
13,2,591,1145,50,50,1,-1,-1,-1
14,1,470,1078,50,50,1,-1,-1,-1
14,2,593,1170,50,50,1,-1,-1,-1
15,1,468,1024,50,50,1,-1,-1,-1
15,2,589,1197,50,50,1,-1,-1,-1
16,1,477,969,50,50,1,-1,-1,-1
16,2,584,1215,50,50,1,-1,-1,-1
17,1,477,940,50,50,1,-1,-1,-1
17,2,579,1234,50,50,1,-1,-1,-1
18,1,447,890,50,50,1,-1,-1,-1
18,2,574,1248,50,50,1,-1,-1,-1
19,1,446,861,50,50,1,-1,-1,-1
19,2,570,1253,50,50,1,-1,-1,-1
20,1,466,834,50,50,1,-1,-1,-1
20,2,564,1252,50,50,1,-1,-1,-1
21,1,394,1111,50,50,1,-1,-1,-1
21,2,562,1247,50,50,1,-1,-1,-1
21,3,441,810,50,50,1,-1,-1,-1
22,1,384,1139,50,50,1,-1,-1,-1
22,2,563,1230,50,50,1,-1,-1,-1
22,3,465,788,50,50,1,-1,-1,-1
23,1,370,1148,50,50,1,-1,-1,-1
23,2,569,1198,50,50,1,-1,-1,-1
23,3,467,790,50,50,1,-1,-1,-1
24,1,377,1137,50,50,1,-1,-1,-1
24,2,576,1154,50,50,1,-1,-1,-1
24,3,458,766,50,50,1,-1,-1,-1
25,1,394,1111,50,50,1,-1,-1,-1
25,2,584,1085,50,50,1,-1,-1,-1
25,3,436,776,50,50,1,-1,-1,-1
26,1,417,1087,50,50,1,-1,-1,-1
26,2,585,1031,50,50,1,-1,-1,-1
26,3,453,771,50,50,1,-1,-1,-1
27,1,450,1062,50,50,1,-1,-1,-1
27,2,600,971,50,50,1,-1,-1,-1
27,3,457,783,50,50,1,-1,-1,-1
28,1,482,1043,50,50,1,-1,-1,-1
28,2,603,925,50,50,1,-1,-1,-1
28,3,456,800,50,50,1,-1,-1,-1
29,1,501,1022,50,50,1,-1,-1,-1
29,2,607,875,50,50,1,-1,-1,-1
29,3,453,825,50,50,1,-1,-1,-1
30,1,526,1016,50,50,1,-1,-1,-1
30,2,610,835,50,50,1,-1,-1,-1
30,3,451,854,50,50,1,-1,-1,-1
31,1,531,1023,50,50,1,-1,-1,-1
31,2,612,800,50,50,1,-1,-1,-1
31,3,453,886,50,50,1,-1,-1,-1
32,1,542,1039,50,50,1,-1,-1,-1
32,2,588,768,50,50,1,-1,-1,-1
32,3,422,923,50,50,1,-1,-1,-1
33,1,549,1060,50,50,1,-1,-1,-1
33,2,591,743,50,50,1,-1,-1,-1
33,3,447,965,50,50,1,-1,-1,-1
34,1,557,1085,50,50,1,-1,-1,-1
34,2,622,723,50,50,1,-1,-1,-1
34,3,446,1014,50,50,1,-1,-1,-1
35,1,555,1122,50,50,1,-1,-1,-1
35,2,623,707,50,50,1,-1,-1,-1
35,3,420,1039,50,50,1,-1,-1,-1
36,1,559,1152,50,50,1,-1,-1,-1
36,2,626,699,50,50,1,-1,-1,-1
37,1,560,1181,50,50,1,-1,-1,-1
37,2,628,694,50,50,1,-1,-1,-1
38,1,565,1193,50,50,1,-1,-1,-1
38,2,630,695,50,50,1,-1,-1,-1
38,3,439,1063,50,50,1,-1,-1,-1
39,1,558,1192,50,50,1,-1,-1,-1
39,2,608,706,50,50,1,-1,-1,-1
39,3,435,1073,50,50,1,-1,-1,-1
40,1,561,1170,50,50,1,-1,-1,-1
40,2,636,714,50,50,1,-1,-1,-1
40,3,442,1089,50,50,1,-1,-1,-1
41,1,564,1138,50,50,1,-1,-1,-1
41,2,639,732,50,50,1,-1,-1,-1
41,3,442,1110,50,50,1,-1,-1,-1
42,1,566,1088,50,50,1,-1,-1,-1
42,2,642,757,50,50,1,-1,-1,-1
42,3,425,1128,50,50,1,-1,-1,-1
43,1,570,1033,50,50,1,-1,-1,-1
43,2,646,783,50,50,1,-1,-1,-1
43,3,434,1145,50,50,1,-1,-1,-1
44,1,578,987,50,50,1,-1,-1,-1
44,2,648,818,50,50,1,-1,-1,-1
44,3,438,1183,50,50,1,-1,-1,-1
45,1,577,948,50,50,1,-1,-1,-1
45,2,651,855,50,50,1,-1,-1,-1
45,3,440,1199,50,50,1,-1,-1,-1
46,2,652,898,50,50,1,-1,-1,-1
46,3,442,1209,50,50,1,-1,-1,-1
47,1,582,871,50,50,1,-1,-1,-1
47,2,655,947,50,50,1,-1,-1,-1
47,3,443,1211,50,50,1,-1,-1,-1
48,1,584,843,50,50,1,-1,-1,-1
48,2,656,997,50,50,1,-1,-1,-1
48,3,446,1203,50,50,1,-1,-1,-1
49,1,586,819,50,50,1,-1,-1,-1
49,3,447,1177,50,50,1,-1,-1,-1
50,1,587,802,50,50,1,-1,-1,-1
50,2,640,1006,50,50,1,-1,-1,-1
50,3,443,1129,50,50,1,-1,-1,-1
51,1,585,781,50,50,1,-1,-1,-1
51,2,616,1005,50,50,1,-1,-1,-1
51,3,443,1071,50,50,1,-1,-1,-1
52,1,590,788,50,50,1,-1,-1,-1
52,2,572,1013,50,50,1,-1,-1,-1
52,3,439,1009,50,50,1,-1,-1,-1
53,1,589,784,50,50,1,-1,-1,-1
53,2,543,1008,50,50,1,-1,-1,-1
53,3,438,954,50,50,1,-1,-1,-1
54,1,592,788,50,50,1,-1,-1,-1
54,2,503,1025,50,50,1,-1,-1,-1
54,3,434,906,50,50,1,-1,-1,-1
55,1,593,795,50,50,1,-1,-1,-1
55,2,473,1040,50,50,1,-1,-1,-1
55,3,428,863,50,50,1,-1,-1,-1
56,1,596,812,50,50,1,-1,-1,-1
56,2,477,1060,50,50,1,-1,-1,-1
56,3,422,819,50,50,1,-1,-1,-1
57,1,597,834,50,50,1,-1,-1,-1
57,2,529,1036,50,50,1,-1,-1,-1
57,3,415,786,50,50,1,-1,-1,-1
58,1,597,859,50,50,1,-1,-1,-1
58,2,470,1105,50,50,1,-1,-1,-1
58,3,408,765,50,50,1,-1,-1,-1
59,1,598,887,50,50,1,-1,-1,-1
59,2,457,1130,50,50,1,-1,-1,-1
59,3,402,744,50,50,1,-1,-1,-1
60,1,599,924,50,50,1,-1,-1,-1
60,2,448,1166,50,50,1,-1,-1,-1
60,3,397,729,50,50,1,-1,-1,-1
61,1,600,963,50,50,1,-1,-1,-1
61,2,442,1191,50,50,1,-1,-1,-1
61,3,389,715,50,50,1,-1,-1,-1
62,1,591,1010,50,50,1,-1,-1,-1
62,2,445,1209,50,50,1,-1,-1,-1
62,3,383,707,50,50,1,-1,-1,-1
63,2,443,1213,50,50,1,-1,-1,-1
63,3,377,708,50,50,1,-1,-1,-1
64,2,433,1209,50,50,1,-1,-1,-1
64,3,370,712,50,50,1,-1,-1,-1
65,1,599,1068,50,50,1,-1,-1,-1
65,2,437,1189,50,50,1,-1,-1,-1
65,3,364,725,50,50,1,-1,-1,-1
66,1,597,1099,50,50,1,-1,-1,-1
66,2,435,1153,50,50,1,-1,-1,-1
66,3,358,739,50,50,1,-1,-1,-1
67,1,586,1132,50,50,1,-1,-1,-1
67,2,439,1100,50,50,1,-1,-1,-1
67,3,353,758,50,50,1,-1,-1,-1
68,1,588,1168,50,50,1,-1,-1,-1
68,2,446,1041,50,50,1,-1,-1,-1
68,3,347,785,50,50,1,-1,-1,-1
69,1,584,1190,50,50,1,-1,-1,-1
69,2,454,989,50,50,1,-1,-1,-1
69,3,341,816,50,50,1,-1,-1,-1
70,1,573,1210,50,50,1,-1,-1,-1
70,2,455,940,50,50,1,-1,-1,-1
70,3,329,851,50,50,1,-1,-1,-1
71,1,566,1218,50,50,1,-1,-1,-1
71,2,454,897,50,50,1,-1,-1,-1
71,3,322,894,50,50,1,-1,-1,-1
72,1,563,1219,50,50,1,-1,-1,-1
72,2,427,858,50,50,1,-1,-1,-1
72,3,323,935,50,50,1,-1,-1,-1
73,1,561,1208,50,50,1,-1,-1,-1
73,2,427,826,50,50,1,-1,-1,-1
73,3,316,991,50,50,1,-1,-1,-1
74,1,564,1189,50,50,1,-1,-1,-1
74,2,427,797,50,50,1,-1,-1,-1
75,1,570,1159,50,50,1,-1,-1,-1
75,2,428,773,50,50,1,-1,-1,-1
75,3,305,1003,50,50,1,-1,-1,-1
76,1,583,1108,50,50,1,-1,-1,-1
76,2,455,761,50,50,1,-1,-1,-1
76,3,326,1002,50,50,1,-1,-1,-1
77,1,589,1046,50,50,1,-1,-1,-1
77,2,454,747,50,50,1,-1,-1,-1
77,3,365,1002,50,50,1,-1,-1,-1
78,1,591,990,50,50,1,-1,-1,-1
78,2,455,738,50,50,1,-1,-1,-1
78,3,407,1001,50,50,1,-1,-1,-1
79,1,603,937,50,50,1,-1,-1,-1
79,2,456,738,50,50,1,-1,-1,-1
79,3,449,1008,50,50,1,-1,-1,-1
80,1,606,888,50,50,1,-1,-1,-1
80,2,455,743,50,50,1,-1,-1,-1
80,3,496,1014,50,50,1,-1,-1,-1
81,1,610,843,50,50,1,-1,-1,-1
81,2,455,756,50,50,1,-1,-1,-1
81,3,519,1025,50,50,1,-1,-1,-1
82,1,611,807,50,50,1,-1,-1,-1
82,2,430,777,50,50,1,-1,-1,-1
82,3,531,1038,50,50,1,-1,-1,-1
83,1,615,771,50,50,1,-1,-1,-1
83,2,457,806,50,50,1,-1,-1,-1
84,1,592,744,50,50,1,-1,-1,-1
84,2,431,824,50,50,1,-1,-1,-1
84,3,541,1061,50,50,1,-1,-1,-1
85,1,622,719,50,50,1,-1,-1,-1
85,2,456,849,50,50,1,-1,-1,-1
85,3,545,1093,50,50,1,-1,-1,-1
86,1,623,706,50,50,1,-1,-1,-1
86,2,459,898,50,50,1,-1,-1,-1
86,3,557,1124,50,50,1,-1,-1,-1
87,1,626,694,50,50,1,-1,-1,-1
87,2,460,936,50,50,1,-1,-1,-1
87,3,558,1155,50,50,1,-1,-1,-1
88,1,628,686,50,50,1,-1,-1,-1
88,2,460,981,50,50,1,-1,-1,-1
88,3,557,1182,50,50,1,-1,-1,-1
89,1,630,684,50,50,1,-1,-1,-1
89,2,444,1031,50,50,1,-1,-1,-1
89,3,554,1202,50,50,1,-1,-1,-1
90,1,634,691,50,50,1,-1,-1,-1
90,3,553,1210,50,50,1,-1,-1,-1
91,1,635,699,50,50,1,-1,-1,-1
91,2,453,1057,50,50,1,-1,-1,-1
91,3,556,1207,50,50,1,-1,-1,-1
92,1,638,713,50,50,1,-1,-1,-1
92,2,456,1073,50,50,1,-1,-1,-1
92,3,558,1185,50,50,1,-1,-1,-1
93,1,637,731,50,50,1,-1,-1,-1
93,2,450,1099,50,50,1,-1,-1,-1
93,3,565,1149,50,50,1,-1,-1,-1
94,1,640,755,50,50,1,-1,-1,-1
94,2,450,1123,50,50,1,-1,-1,-1
94,3,568,1099,50,50,1,-1,-1,-1
95,1,641,785,50,50,1,-1,-1,-1
95,2,450,1147,50,50,1,-1,-1,-1
95,3,573,1048,50,50,1,-1,-1,-1
96,1,643,820,50,50,1,-1,-1,-1
96,2,453,1170,50,50,1,-1,-1,-1
96,3,561,993,50,50,1,-1,-1,-1
97,1,646,858,50,50,1,-1,-1,-1
97,2,448,1191,50,50,1,-1,-1,-1
97,3,591,948,50,50,1,-1,-1,-1
98,1,647,900,50,50,1,-1,-1,-1
98,2,446,1207,50,50,1,-1,-1,-1
99,2,445,1213,50,50,1,-1,-1,-1
99,3,598,870,50,50,1,-1,-1,-1
100,2,445,1204,50,50,1,-1,-1,-1
100,3,601,842,50,50,1,-1,-1,-1
101,2,447,1186,50,50,1,-1,-1,-1
101,3,604,815,50,50,1,-1,-1,-1
102,1,656,973,50,50,1,-1,-1,-1
102,2,450,1136,50,50,1,-1,-1,-1
102,3,608,790,50,50,1,-1,-1,-1
103,1,629,970,50,50,1,-1,-1,-1
103,2,443,1081,50,50,1,-1,-1,-1
103,3,613,778,50,50,1,-1,-1,-1
104,2,426,1022,50,50,1,-1,-1,-1
104,3,612,778,50,50,1,-1,-1,-1
105,1,553,981,50,50,1,-1,-1,-1
105,2,445,965,50,50,1,-1,-1,-1
105,3,617,749,50,50,1,-1,-1,-1
106,1,530,1006,50,50,1,-1,-1,-1
106,2,416,917,50,50,1,-1,-1,-1
106,3,622,753,50,50,1,-1,-1,-1
107,1,486,1024,50,50,1,-1,-1,-1
107,2,438,875,50,50,1,-1,-1,-1
107,3,627,765,50,50,1,-1,-1,-1
108,1,460,1035,50,50,1,-1,-1,-1
108,2,434,837,50,50,1,-1,-1,-1
108,3,631,775,50,50,1,-1,-1,-1
109,1,450,1072,50,50,1,-1,-1,-1
109,2,429,804,50,50,1,-1,-1,-1
109,3,632,787,50,50,1,-1,-1,-1
110,1,440,1095,50,50,1,-1,-1,-1
110,2,425,778,50,50,1,-1,-1,-1
110,3,636,814,50,50,1,-1,-1,-1
111,1,434,1127,50,50,1,-1,-1,-1
111,2,420,752,50,50,1,-1,-1,-1
111,3,639,840,50,50,1,-1,-1,-1
112,1,430,1154,50,50,1,-1,-1,-1
112,2,415,737,50,50,1,-1,-1,-1
112,3,643,870,50,50,1,-1,-1,-1
113,1,431,1181,50,50,1,-1,-1,-1
113,2,410,725,50,50,1,-1,-1,-1
113,3,635,910,50,50,1,-1,-1,-1
114,2,406,720,50,50,1,-1,-1,-1
114,3,642,946,50,50,1,-1,-1,-1
115,1,428,1213,50,50,1,-1,-1,-1
115,2,403,722,50,50,1,-1,-1,-1
115,3,645,994,50,50,1,-1,-1,-1
116,2,399,726,50,50,1,-1,-1,-1
116,3,645,1020,50,50,1,-1,-1,-1
117,1,439,1205,50,50,1,-1,-1,-1
117,2,394,738,50,50,1,-1,-1,-1
117,3,656,1023,50,50,1,-1,-1,-1
118,1,442,1181,50,50,1,-1,-1,-1
118,2,391,753,50,50,1,-1,-1,-1
118,3,647,1053,50,50,1,-1,-1,-1
119,1,445,1142,50,50,1,-1,-1,-1
119,2,386,776,50,50,1,-1,-1,-1
119,3,637,1081,50,50,1,-1,-1,-1
120,1,449,1086,50,50,1,-1,-1,-1
120,2,381,801,50,50,1,-1,-1,-1
120,3,631,1113,50,50,1,-1,-1,-1
121,1,449,1028,50,50,1,-1,-1,-1
121,2,377,833,50,50,1,-1,-1,-1
121,3,621,1144,50,50,1,-1,-1,-1
122,1,445,974,50,50,1,-1,-1,-1
122,2,372,870,50,50,1,-1,-1,-1
122,3,597,1178,50,50,1,-1,-1,-1
123,1,444,924,50,50,1,-1,-1,-1
123,3,585,1197,50,50,1,-1,-1,-1
124,1,451,883,50,50,1,-1,-1,-1
124,2,337,957,50,50,1,-1,-1,-1
124,3,570,1205,50,50,1,-1,-1,-1
125,1,448,841,50,50,1,-1,-1,-1
125,2,349,989,50,50,1,-1,-1,-1
125,3,560,1202,50,50,1,-1,-1,-1
126,1,448,813,50,50,1,-1,-1,-1
126,3,566,1187,50,50,1,-1,-1,-1
127,1,445,781,50,50,1,-1,-1,-1
127,2,333,1003,50,50,1,-1,-1,-1
127,3,571,1155,50,50,1,-1,-1,-1
128,1,443,761,50,50,1,-1,-1,-1
128,3,579,1114,50,50,1,-1,-1,-1
129,1,440,743,50,50,1,-1,-1,-1
129,2,377,1009,50,50,1,-1,-1,-1
129,3,589,1053,50,50,1,-1,-1,-1
130,1,437,733,50,50,1,-1,-1,-1
130,2,430,1011,50,50,1,-1,-1,-1
130,3,591,997,50,50,1,-1,-1,-1
131,1,435,729,50,50,1,-1,-1,-1
131,2,469,1008,50,50,1,-1,-1,-1
131,3,575,942,50,50,1,-1,-1,-1
132,1,408,728,50,50,1,-1,-1,-1
132,2,497,1003,50,50,1,-1,-1,-1
132,3,605,896,50,50,1,-1,-1,-1
133,1,428,731,50,50,1,-1,-1,-1
133,2,537,1030,50,50,1,-1,-1,-1
133,3,606,852,50,50,1,-1,-1,-1
134,1,429,744,50,50,1,-1,-1,-1
134,2,541,1037,50,50,1,-1,-1,-1
134,3,608,815,50,50,1,-1,-1,-1
135,1,426,761,50,50,1,-1,-1,-1
135,2,536,1040,50,50,1,-1,-1,-1
135,3,612,785,50,50,1,-1,-1,-1
136,1,425,781,50,50,1,-1,-1,-1
136,2,538,1058,50,50,1,-1,-1,-1
136,3,613,757,50,50,1,-1,-1,-1
137,1,422,809,50,50,1,-1,-1,-1
137,2,541,1078,50,50,1,-1,-1,-1
137,3,614,735,50,50,1,-1,-1,-1
138,1,420,840,50,50,1,-1,-1,-1
138,2,556,1106,50,50,1,-1,-1,-1
138,3,616,716,50,50,1,-1,-1,-1
139,1,417,876,50,50,1,-1,-1,-1
139,2,557,1143,50,50,1,-1,-1,-1
139,3,617,702,50,50,1,-1,-1,-1
140,1,407,917,50,50,1,-1,-1,-1
140,2,554,1172,50,50,1,-1,-1,-1
140,3,620,699,50,50,1,-1,-1,-1
141,1,413,963,50,50,1,-1,-1,-1
141,2,552,1193,50,50,1,-1,-1,-1
141,3,621,698,50,50,1,-1,-1,-1
142,1,399,1013,50,50,1,-1,-1,-1
142,2,552,1204,50,50,1,-1,-1,-1
142,3,623,704,50,50,1,-1,-1,-1
143,2,553,1200,50,50,1,-1,-1,-1
143,3,624,712,50,50,1,-1,-1,-1
144,2,553,1184,50,50,1,-1,-1,-1
144,3,628,729,50,50,1,-1,-1,-1
145,2,556,1154,50,50,1,-1,-1,-1
145,3,603,751,50,50,1,-1,-1,-1
146,2,560,1113,50,50,1,-1,-1,-1
146,3,631,778,50,50,1,-1,-1,-1
147,2,563,1066,50,50,1,-1,-1,-1
147,3,618,809,50,50,1,-1,-1,-1
148,1,437,1153,50,50,1,-1,-1,-1
148,2,581,1007,50,50,1,-1,-1,-1
148,3,609,841,50,50,1,-1,-1,-1
149,1,434,1187,50,50,1,-1,-1,-1
149,2,584,967,50,50,1,-1,-1,-1
150,1,437,1207,50,50,1,-1,-1,-1
150,2,588,927,50,50,1,-1,-1,-1
151,1,442,1208,50,50,1,-1,-1,-1
151,3,628,980,50,50,1,-1,-1,-1
152,1,444,1196,50,50,1,-1,-1,-1
152,2,594,864,50,50,1,-1,-1,-1
152,3,642,995,50,50,1,-1,-1,-1
153,1,446,1166,50,50,1,-1,-1,-1
153,2,598,839,50,50,1,-1,-1,-1
153,3,647,1004,50,50,1,-1,-1,-1
154,1,444,1114,50,50,1,-1,-1,-1
154,2,602,816,50,50,1,-1,-1,-1
154,3,640,1007,50,50,1,-1,-1,-1
155,1,441,1055,50,50,1,-1,-1,-1
155,2,605,807,50,50,1,-1,-1,-1
155,3,618,1005,50,50,1,-1,-1,-1
156,1,436,992,50,50,1,-1,-1,-1
156,2,608,802,50,50,1,-1,-1,-1
156,3,586,1003,50,50,1,-1,-1,-1
157,1,431,940,50,50,1,-1,-1,-1
157,2,611,798,50,50,1,-1,-1,-1
157,3,553,1012,50,50,1,-1,-1,-1
158,1,426,889,50,50,1,-1,-1,-1
158,2,613,798,50,50,1,-1,-1,-1
158,3,492,1019,50,50,1,-1,-1,-1
159,1,435,843,50,50,1,-1,-1,-1
159,2,617,804,50,50,1,-1,-1,-1
159,3,481,1037,50,50,1,-1,-1,-1
160,1,432,806,50,50,1,-1,-1,-1
160,2,596,819,50,50,1,-1,-1,-1
161,1,427,773,50,50,1,-1,-1,-1
161,2,625,836,50,50,1,-1,-1,-1
161,3,460,1069,50,50,1,-1,-1,-1
162,1,409,748,50,50,1,-1,-1,-1
162,2,629,863,50,50,1,-1,-1,-1
162,3,455,1088,50,50,1,-1,-1,-1
163,1,420,729,50,50,1,-1,-1,-1
163,2,633,891,50,50,1,-1,-1,-1
163,3,451,1107,50,50,1,-1,-1,-1
164,1,416,709,50,50,1,-1,-1,-1
164,2,637,925,50,50,1,-1,-1,-1
164,3,440,1131,50,50,1,-1,-1,-1
165,1,410,696,50,50,1,-1,-1,-1
165,2,640,962,50,50,1,-1,-1,-1
165,3,429,1157,50,50,1,-1,-1,-1
166,1,405,690,50,50,1,-1,-1,-1
166,2,642,1012,50,50,1,-1,-1,-1
166,3,425,1180,50,50,1,-1,-1,-1
167,1,401,688,50,50,1,-1,-1,-1
167,2,643,1036,50,50,1,-1,-1,-1
167,3,424,1199,50,50,1,-1,-1,-1
168,1,393,690,50,50,1,-1,-1,-1
168,3,425,1210,50,50,1,-1,-1,-1
169,1,388,701,50,50,1,-1,-1,-1
169,2,651,1061,50,50,1,-1,-1,-1
169,3,426,1207,50,50,1,-1,-1,-1
170,1,392,717,50,50,1,-1,-1,-1
170,2,649,1081,50,50,1,-1,-1,-1
170,3,432,1192,50,50,1,-1,-1,-1
171,1,380,738,50,50,1,-1,-1,-1
171,2,645,1106,50,50,1,-1,-1,-1
171,3,437,1158,50,50,1,-1,-1,-1
172,1,371,762,50,50,1,-1,-1,-1
172,2,628,1133,50,50,1,-1,-1,-1
172,3,433,1107,50,50,1,-1,-1,-1
173,1,367,796,50,50,1,-1,-1,-1
173,2,618,1157,50,50,1,-1,-1,-1
173,3,445,1044,50,50,1,-1,-1,-1
174,1,376,833,50,50,1,-1,-1,-1
174,2,608,1179,50,50,1,-1,-1,-1
174,3,440,991,50,50,1,-1,-1,-1
175,1,372,871,50,50,1,-1,-1,-1
175,2,597,1194,50,50,1,-1,-1,-1
175,3,451,942,50,50,1,-1,-1,-1
176,2,587,1206,50,50,1,-1,-1,-1
176,3,447,894,50,50,1,-1,-1,-1
177,1,364,974,50,50,1,-1,-1,-1
177,2,581,1210,50,50,1,-1,-1,-1
177,3,422,852,50,50,1,-1,-1,-1
178,1,339,998,50,50,1,-1,-1,-1
178,2,576,1206,50,50,1,-1,-1,-1
178,3,448,817,50,50,1,-1,-1,-1
179,1,346,1021,50,50,1,-1,-1,-1
179,2,575,1194,50,50,1,-1,-1,-1
179,3,441,794,50,50,1,-1,-1,-1
180,1,355,1015,50,50,1,-1,-1,-1
180,2,580,1168,50,50,1,-1,-1,-1
180,3,446,765,50,50,1,-1,-1,-1
181,1,371,1013,50,50,1,-1,-1,-1
181,2,587,1124,50,50,1,-1,-1,-1
181,3,447,749,50,50,1,-1,-1,-1
182,1,407,1010,50,50,1,-1,-1,-1
182,2,594,1072,50,50,1,-1,-1,-1
182,3,446,738,50,50,1,-1,-1,-1
183,1,446,1011,50,50,1,-1,-1,-1
183,2,597,1005,50,50,1,-1,-1,-1
183,3,445,726,50,50,1,-1,-1,-1
184,1,472,1021,50,50,1,-1,-1,-1
184,2,611,954,50,50,1,-1,-1,-1
184,3,445,722,50,50,1,-1,-1,-1
185,1,515,1010,50,50,1,-1,-1,-1
185,2,612,902,50,50,1,-1,-1,-1
185,3,445,727,50,50,1,-1,-1,-1
186,2,614,854,50,50,1,-1,-1,-1
186,3,445,736,50,50,1,-1,-1,-1
187,2,616,816,50,50,1,-1,-1,-1
187,3,445,751,50,50,1,-1,-1,-1
188,2,618,782,50,50,1,-1,-1,-1
188,3,445,772,50,50,1,-1,-1,-1
189,1,548,1075,50,50,1,-1,-1,-1
189,2,620,754,50,50,1,-1,-1,-1
189,3,444,795,50,50,1,-1,-1,-1
190,1,551,1100,50,50,1,-1,-1,-1
190,2,622,728,50,50,1,-1,-1,-1
190,3,443,824,50,50,1,-1,-1,-1
191,1,561,1131,50,50,1,-1,-1,-1
191,2,623,705,50,50,1,-1,-1,-1
191,3,437,858,50,50,1,-1,-1,-1
192,2,624,690,50,50,1,-1,-1,-1
192,3,441,899,50,50,1,-1,-1,-1
193,1,563,1184,50,50,1,-1,-1,-1
193,2,626,686,50,50,1,-1,-1,-1
193,3,414,944,50,50,1,-1,-1,-1
194,1,557,1201,50,50,1,-1,-1,-1
194,2,627,684,50,50,1,-1,-1,-1
194,3,439,993,50,50,1,-1,-1,-1
195,1,553,1207,50,50,1,-1,-1,-1
195,2,629,689,50,50,1,-1,-1,-1
195,3,429,1051,50,50,1,-1,-1,-1
196,1,550,1201,50,50,1,-1,-1,-1
196,2,630,694,50,50,1,-1,-1,-1
197,1,547,1186,50,50,1,-1,-1,-1
197,2,632,709,50,50,1,-1,-1,-1
197,3,449,1073,50,50,1,-1,-1,-1
198,1,550,1156,50,50,1,-1,-1,-1
198,2,633,728,50,50,1,-1,-1,-1
199,1,552,1116,50,50,1,-1,-1,-1
199,2,634,751,50,50,1,-1,-1,-1
200,1,556,1068,50,50,1,-1,-1,-1
200,2,610,777,50,50,1,-1,-1,-1
200,3,438,1153,50,50,1,-1,-1,-1
201,1,560,1019,50,50,1,-1,-1,-1
201,2,637,811,50,50,1,-1,-1,-1
201,3,435,1178,50,50,1,-1,-1,-1
202,1,564,974,50,50,1,-1,-1,-1
202,2,629,848,50,50,1,-1,-1,-1
202,3,434,1199,50,50,1,-1,-1,-1
203,1,574,934,50,50,1,-1,-1,-1
203,3,432,1212,50,50,1,-1,-1,-1
204,1,574,902,50,50,1,-1,-1,-1
204,3,432,1214,50,50,1,-1,-1,-1
205,1,587,873,50,50,1,-1,-1,-1
205,2,642,980,50,50,1,-1,-1,-1
205,3,433,1204,50,50,1,-1,-1,-1
206,1,562,849,50,50,1,-1,-1,-1
206,2,649,986,50,50,1,-1,-1,-1
206,3,435,1179,50,50,1,-1,-1,-1
207,1,566,832,50,50,1,-1,-1,-1
207,3,433,1135,50,50,1,-1,-1,-1
208,1,596,820,50,50,1,-1,-1,-1
208,2,623,989,50,50,1,-1,-1,-1
208,3,430,1078,50,50,1,-1,-1,-1
209,1,598,804,50,50,1,-1,-1,-1
209,2,595,992,50,50,1,-1,-1,-1
209,3,412,1016,50,50,1,-1,-1,-1
210,1,603,807,50,50,1,-1,-1,-1
210,2,543,1000,50,50,1,-1,-1,-1
210,3,436,966,50,50,1,-1,-1,-1
211,1,605,808,50,50,1,-1,-1,-1
211,2,530,1013,50,50,1,-1,-1,-1
211,3,432,915,50,50,1,-1,-1,-1
212,1,609,817,50,50,1,-1,-1,-1
212,2,482,1024,50,50,1,-1,-1,-1
212,3,429,873,50,50,1,-1,-1,-1
213,1,613,830,50,50,1,-1,-1,-1
213,2,451,1038,50,50,1,-1,-1,-1
213,3,412,836,50,50,1,-1,-1,-1
214,1,618,852,50,50,1,-1,-1,-1
214,2,463,1071,50,50,1,-1,-1,-1
214,3,408,806,50,50,1,-1,-1,-1
215,1,621,880,50,50,1,-1,-1,-1
215,2,581,1005,50,50,1,-1,-1,-1
215,3,421,775,50,50,1,-1,-1,-1
216,1,625,908,50,50,1,-1,-1,-1
216,2,444,1100,50,50,1,-1,-1,-1
216,3,418,757,50,50,1,-1,-1,-1
217,1,619,946,50,50,1,-1,-1,-1
217,2,432,1136,50,50,1,-1,-1,-1
217,3,415,741,50,50,1,-1,-1,-1
218,1,622,981,50,50,1,-1,-1,-1
218,2,426,1169,50,50,1,-1,-1,-1
218,3,412,731,50,50,1,-1,-1,-1
219,1,621,1021,50,50,1,-1,-1,-1
219,2,424,1194,50,50,1,-1,-1,-1
219,3,408,721,50,50,1,-1,-1,-1
220,1,635,1034,50,50,1,-1,-1,-1
220,2,427,1207,50,50,1,-1,-1,-1
220,3,405,725,50,50,1,-1,-1,-1
221,1,638,1047,50,50,1,-1,-1,-1
221,2,431,1208,50,50,1,-1,-1,-1
221,3,402,728,50,50,1,-1,-1,-1
222,1,631,1070,50,50,1,-1,-1,-1
222,2,436,1191,50,50,1,-1,-1,-1
222,3,399,741,50,50,1,-1,-1,-1
223,1,627,1094,50,50,1,-1,-1,-1
223,2,441,1154,50,50,1,-1,-1,-1
223,3,396,760,50,50,1,-1,-1,-1
224,1,622,1123,50,50,1,-1,-1,-1
224,2,433,1108,50,50,1,-1,-1,-1
224,3,367,777,50,50,1,-1,-1,-1
225,1,614,1149,50,50,1,-1,-1,-1
225,2,443,1044,50,50,1,-1,-1,-1
225,3,391,809,50,50,1,-1,-1,-1
226,1,603,1177,50,50,1,-1,-1,-1
226,2,453,987,50,50,1,-1,-1,-1
226,3,382,839,50,50,1,-1,-1,-1
227,1,592,1200,50,50,1,-1,-1,-1
227,2,451,939,50,50,1,-1,-1,-1
228,1,577,1212,50,50,1,-1,-1,-1
228,2,449,890,50,50,1,-1,-1,-1
229,1,564,1217,50,50,1,-1,-1,-1
229,2,446,851,50,50,1,-1,-1,-1
229,3,381,966,50,50,1,-1,-1,-1
230,1,560,1214,50,50,1,-1,-1,-1
230,2,444,820,50,50,1,-1,-1,-1
230,3,384,992,50,50,1,-1,-1,-1
231,1,561,1200,50,50,1,-1,-1,-1
231,2,415,787,50,50,1,-1,-1,-1
231,3,362,1011,50,50,1,-1,-1,-1
232,1,566,1172,50,50,1,-1,-1,-1
232,2,439,760,50,50,1,-1,-1,-1
232,3,365,1015,50,50,1,-1,-1,-1
233,1,571,1130,50,50,1,-1,-1,-1
233,2,437,747,50,50,1,-1,-1,-1
233,3,380,1013,50,50,1,-1,-1,-1
234,1,582,1071,50,50,1,-1,-1,-1
234,2,434,729,50,50,1,-1,-1,-1
234,3,402,1007,50,50,1,-1,-1,-1
235,1,586,1009,50,50,1,-1,-1,-1
235,2,433,723,50,50,1,-1,-1,-1
235,3,435,1013,50,50,1,-1,-1,-1
236,1,592,955,50,50,1,-1,-1,-1
236,2,430,721,50,50,1,-1,-1,-1
236,3,471,1012,50,50,1,-1,-1,-1
237,1,576,904,50,50,1,-1,-1,-1
237,2,428,723,50,50,1,-1,-1,-1
237,3,498,1018,50,50,1,-1,-1,-1
238,1,605,863,50,50,1,-1,-1,-1
238,2,427,731,50,50,1,-1,-1,-1
238,3,520,1032,50,50,1,-1,-1,-1
239,1,608,820,50,50,1,-1,-1,-1
239,2,426,745,50,50,1,-1,-1,-1
239,3,530,1039,50,50,1,-1,-1,-1
240,1,612,786,50,50,1,-1,-1,-1
240,2,424,766,50,50,1,-1,-1,-1
240,3,532,1058,50,50,1,-1,-1,-1
241,1,615,759,50,50,1,-1,-1,-1
241,2,421,790,50,50,1,-1,-1,-1
241,3,543,1085,50,50,1,-1,-1,-1
242,1,616,735,50,50,1,-1,-1,-1
242,2,419,820,50,50,1,-1,-1,-1
242,3,555,1093,50,50,1,-1,-1,-1
243,1,617,719,50,50,1,-1,-1,-1
243,2,416,854,50,50,1,-1,-1,-1
243,3,553,1146,50,50,1,-1,-1,-1
244,1,623,707,50,50,1,-1,-1,-1
244,2,414,892,50,50,1,-1,-1,-1
244,3,553,1172,50,50,1,-1,-1,-1
245,1,626,702,50,50,1,-1,-1,-1
245,2,412,934,50,50,1,-1,-1,-1
246,1,628,697,50,50,1,-1,-1,-1
246,2,382,987,50,50,1,-1,-1,-1
246,3,549,1211,50,50,1,-1,-1,-1
247,1,630,700,50,50,1,-1,-1,-1
247,2,401,1019,50,50,1,-1,-1,-1
247,3,546,1218,50,50,1,-1,-1,-1
248,1,632,707,50,50,1,-1,-1,-1
248,2,390,1028,50,50,1,-1,-1,-1
248,3,543,1214,50,50,1,-1,-1,-1
249,1,635,724,50,50,1,-1,-1,-1
249,2,409,1043,50,50,1,-1,-1,-1
249,3,546,1202,50,50,1,-1,-1,-1
250,1,637,744,50,50,1,-1,-1,-1
250,2,407,1065,50,50,1,-1,-1,-1
250,3,546,1171,50,50,1,-1,-1,-1
251,1,640,771,50,50,1,-1,-1,-1
251,2,414,1092,50,50,1,-1,-1,-1
251,3,550,1133,50,50,1,-1,-1,-1
252,1,644,799,50,50,1,-1,-1,-1
252,2,414,1123,50,50,1,-1,-1,-1
252,3,555,1082,50,50,1,-1,-1,-1
253,1,634,834,50,50,1,-1,-1,-1
253,2,417,1152,50,50,1,-1,-1,-1
253,3,560,1021,50,50,1,-1,-1,-1
254,1,641,872,50,50,1,-1,-1,-1
254,2,420,1179,50,50,1,-1,-1,-1
254,3,565,971,50,50,1,-1,-1,-1
255,1,642,920,50,50,1,-1,-1,-1
255,2,423,1201,50,50,1,-1,-1,-1
256,1,644,971,50,50,1,-1,-1,-1
256,2,433,1206,50,50,1,-1,-1,-1
256,3,580,883,50,50,1,-1,-1,-1
257,1,643,1018,50,50,1,-1,-1,-1
257,2,424,1209,50,50,1,-1,-1,-1
257,3,585,850,50,50,1,-1,-1,-1
258,1,651,1034,50,50,1,-1,-1,-1
258,2,440,1191,50,50,1,-1,-1,-1
258,3,588,822,50,50,1,-1,-1,-1
259,1,655,1021,50,50,1,-1,-1,-1
259,2,431,1159,50,50,1,-1,-1,-1
259,3,590,796,50,50,1,-1,-1,-1
260,1,635,1013,50,50,1,-1,-1,-1
260,2,428,1107,50,50,1,-1,-1,-1
260,3,571,775,50,50,1,-1,-1,-1
261,2,424,1048,50,50,1,-1,-1,-1
261,3,572,765,50,50,1,-1,-1,-1
262,2,432,987,50,50,1,-1,-1,-1
262,3,602,760,50,50,1,-1,-1,-1
263,1,533,1016,50,50,1,-1,-1,-1
263,2,400,935,50,50,1,-1,-1,-1
263,3,605,757,50,50,1,-1,-1,-1
264,1,500,1015,50,50,1,-1,-1,-1
264,2,395,887,50,50,1,-1,-1,-1
264,3,608,757,50,50,1,-1,-1,-1
265,1,464,1029,50,50,1,-1,-1,-1
265,2,391,844,50,50,1,-1,-1,-1
265,3,610,759,50,50,1,-1,-1,-1
266,1,451,1046,50,50,1,-1,-1,-1
266,2,415,809,50,50,1,-1,-1,-1
266,3,614,772,50,50,1,-1,-1,-1
267,1,443,1063,50,50,1,-1,-1,-1
267,2,384,773,50,50,1,-1,-1,-1
267,3,619,798,50,50,1,-1,-1,-1
268,1,425,1083,50,50,1,-1,-1,-1
268,2,407,747,50,50,1,-1,-1,-1
268,3,596,822,50,50,1,-1,-1,-1
269,1,426,1120,50,50,1,-1,-1,-1
269,2,403,726,50,50,1,-1,-1,-1
269,3,626,847,50,50,1,-1,-1,-1
270,1,420,1151,50,50,1,-1,-1,-1
270,2,399,712,50,50,1,-1,-1,-1
270,3,629,884,50,50,1,-1,-1,-1
271,1,416,1180,50,50,1,-1,-1,-1
271,2,395,705,50,50,1,-1,-1,-1
271,3,632,924,50,50,1,-1,-1,-1
272,1,415,1201,50,50,1,-1,-1,-1
272,2,391,700,50,50,1,-1,-1,-1
272,3,625,964,50,50,1,-1,-1,-1
273,1,416,1215,50,50,1,-1,-1,-1
273,2,386,695,50,50,1,-1,-1,-1
274,1,421,1221,50,50,1,-1,-1,-1
274,2,382,703,50,50,1,-1,-1,-1
275,1,424,1216,50,50,1,-1,-1,-1
275,2,378,714,50,50,1,-1,-1,-1
276,1,428,1197,50,50,1,-1,-1,-1
276,2,374,731,50,50,1,-1,-1,-1
277,1,431,1166,50,50,1,-1,-1,-1
277,2,370,753,50,50,1,-1,-1,-1
277,3,623,1112,50,50,1,-1,-1,-1
278,1,433,1115,50,50,1,-1,-1,-1
278,2,367,784,50,50,1,-1,-1,-1
278,3,616,1152,50,50,1,-1,-1,-1
279,1,435,1060,50,50,1,-1,-1,-1
279,2,363,816,50,50,1,-1,-1,-1
279,3,607,1186,50,50,1,-1,-1,-1
280,1,433,1004,50,50,1,-1,-1,-1
280,2,359,856,50,50,1,-1,-1,-1
280,3,594,1212,50,50,1,-1,-1,-1
281,1,436,954,50,50,1,-1,-1,-1
281,2,328,896,50,50,1,-1,-1,-1
281,3,580,1225,50,50,1,-1,-1,-1
282,2,340,941,50,50,1,-1,-1,-1
282,3,569,1231,50,50,1,-1,-1,-1
283,1,441,870,50,50,1,-1,-1,-1
283,2,337,993,50,50,1,-1,-1,-1
283,3,561,1228,50,50,1,-1,-1,-1
284,1,415,837,50,50,1,-1,-1,-1
284,2,331,1015,50,50,1,-1,-1,-1
284,3,558,1215,50,50,1,-1,-1,-1
285,1,441,805,50,50,1,-1,-1,-1
285,2,328,1022,50,50,1,-1,-1,-1
285,3,561,1193,50,50,1,-1,-1,-1
286,1,438,781,50,50,1,-1,-1,-1
286,2,340,1017,50,50,1,-1,-1,-1
286,3,566,1152,50,50,1,-1,-1,-1
287,1,439,774,50,50,1,-1,-1,-1
287,2,365,1017,50,50,1,-1,-1,-1
287,3,578,1096,50,50,1,-1,-1,-1
288,1,436,752,50,50,1,-1,-1,-1
288,2,396,1005,50,50,1,-1,-1,-1
288,3,588,1027,50,50,1,-1,-1,-1
289,1,435,744,50,50,1,-1,-1,-1
289,2,434,1005,50,50,1,-1,-1,-1
289,3,596,971,50,50,1,-1,-1,-1
290,1,436,747,50,50,1,-1,-1,-1
290,2,467,1004,50,50,1,-1,-1,-1
290,3,598,918,50,50,1,-1,-1,-1
291,1,431,738,50,50,1,-1,-1,-1
291,2,502,1010,50,50,1,-1,-1,-1
291,3,603,865,50,50,1,-1,-1,-1
292,1,434,754,50,50,1,-1,-1,-1
292,2,527,1010,50,50,1,-1,-1,-1
292,3,608,823,50,50,1,-1,-1,-1
293,1,407,770,50,50,1,-1,-1,-1
293,2,531,1037,50,50,1,-1,-1,-1
293,3,611,786,50,50,1,-1,-1,-1
294,1,417,790,50,50,1,-1,-1,-1
294,2,535,1055,50,50,1,-1,-1,-1
294,3,588,750,50,50,1,-1,-1,-1
295,1,415,818,50,50,1,-1,-1,-1
295,2,540,1061,50,50,1,-1,-1,-1
295,3,618,724,50,50,1,-1,-1,-1
296,1,417,850,50,50,1,-1,-1,-1
296,2,541,1091,50,50,1,-1,-1,-1
296,3,622,697,50,50,1,-1,-1,-1
297,1,430,891,50,50,1,-1,-1,-1
297,3,626,682,50,50,1,-1,-1,-1
298,1,430,932,50,50,1,-1,-1,-1
298,2,558,1146,50,50,1,-1,-1,-1
298,3,626,668,50,50,1,-1,-1,-1
299,1,429,979,50,50,1,-1,-1,-1
299,3,631,662,50,50,1,-1,-1,-1
300,1,419,1030,50,50,1,-1,-1,-1
300,3,633,657,50,50,1,-1,-1,-1
301,1,422,1049,50,50,1,-1,-1,-1
301,2,553,1202,50,50,1,-1,-1,-1
301,3,637,667,50,50,1,-1,-1,-1
302,1,426,1064,50,50,1,-1,-1,-1
302,2,555,1203,50,50,1,-1,-1,-1
302,3,642,674,50,50,1,-1,-1,-1
303,1,421,1077,50,50,1,-1,-1,-1
303,2,557,1186,50,50,1,-1,-1,-1
303,3,645,689,50,50,1,-1,-1,-1
304,1,424,1103,50,50,1,-1,-1,-1
304,2,562,1158,50,50,1,-1,-1,-1
304,3,624,708,50,50,1,-1,-1,-1
305,1,423,1117,50,50,1,-1,-1,-1
305,2,569,1112,50,50,1,-1,-1,-1
305,3,642,732,50,50,1,-1,-1,-1
306,1,426,1140,50,50,1,-1,-1,-1
306,2,581,1067,50,50,1,-1,-1,-1
306,3,655,762,50,50,1,-1,-1,-1
307,1,426,1163,50,50,1,-1,-1,-1
307,2,578,1001,50,50,1,-1,-1,-1
307,3,658,794,50,50,1,-1,-1,-1
308,1,422,1189,50,50,1,-1,-1,-1
308,2,595,954,50,50,1,-1,-1,-1
308,3,661,833,50,50,1,-1,-1,-1
309,1,421,1207,50,50,1,-1,-1,-1
309,2,599,909,50,50,1,-1,-1,-1
310,1,424,1214,50,50,1,-1,-1,-1
310,2,604,866,50,50,1,-1,-1,-1
311,1,426,1215,50,50,1,-1,-1,-1
311,2,609,831,50,50,1,-1,-1,-1
311,3,657,973,50,50,1,-1,-1,-1
312,1,437,1197,50,50,1,-1,-1,-1
312,2,614,803,50,50,1,-1,-1,-1
313,1,426,1171,50,50,1,-1,-1,-1
313,2,618,773,50,50,1,-1,-1,-1
313,3,662,993,50,50,1,-1,-1,-1
314,1,423,1126,50,50,1,-1,-1,-1
314,2,623,758,50,50,1,-1,-1,-1
315,1,420,1058,50,50,1,-1,-1,-1
315,2,627,742,50,50,1,-1,-1,-1
315,3,639,981,50,50,1,-1,-1,-1
316,1,418,996,50,50,1,-1,-1,-1
316,2,632,733,50,50,1,-1,-1,-1
316,3,589,991,50,50,1,-1,-1,-1
317,1,415,944,50,50,1,-1,-1,-1
317,2,634,729,50,50,1,-1,-1,-1
317,3,542,1000,50,50,1,-1,-1,-1
318,1,423,897,50,50,1,-1,-1,-1
318,2,640,734,50,50,1,-1,-1,-1
318,3,517,1019,50,50,1,-1,-1,-1
319,1,421,855,50,50,1,-1,-1,-1
319,2,644,739,50,50,1,-1,-1,-1
319,3,465,1038,50,50,1,-1,-1,-1
320,1,420,815,50,50,1,-1,-1,-1
320,2,650,751,50,50,1,-1,-1,-1
321,1,416,783,50,50,1,-1,-1,-1
321,2,654,773,50,50,1,-1,-1,-1
321,3,448,1074,50,50,1,-1,-1,-1
322,1,405,758,50,50,1,-1,-1,-1
322,2,657,789,50,50,1,-1,-1,-1
322,3,444,1092,50,50,1,-1,-1,-1
323,1,409,740,50,50,1,-1,-1,-1
323,2,662,821,50,50,1,-1,-1,-1
323,3,434,1116,50,50,1,-1,-1,-1
324,1,408,722,50,50,1,-1,-1,-1
324,2,639,858,50,50,1,-1,-1,-1
324,3,435,1139,50,50,1,-1,-1,-1
325,1,404,711,50,50,1,-1,-1,-1
325,2,671,895,50,50,1,-1,-1,-1
325,3,431,1162,50,50,1,-1,-1,-1
326,2,665,943,50,50,1,-1,-1,-1
326,3,423,1186,50,50,1,-1,-1,-1
326,4,402,704,50,50,1,-1,-1,-1
327,2,665,988,50,50,1,-1,-1,-1
327,3,423,1199,50,50,1,-1,-1,-1
327,4,399,702,50,50,1,-1,-1,-1
328,2,669,1013,50,50,1,-1,-1,-1
328,3,427,1204,50,50,1,-1,-1,-1
328,4,396,705,50,50,1,-1,-1,-1
329,2,671,1021,50,50,1,-1,-1,-1
329,3,432,1201,50,50,1,-1,-1,-1
329,4,394,719,50,50,1,-1,-1,-1
330,2,664,1039,50,50,1,-1,-1,-1
330,3,447,1178,50,50,1,-1,-1,-1
330,4,386,732,50,50,1,-1,-1,-1
331,2,654,1060,50,50,1,-1,-1,-1
331,3,441,1159,50,50,1,-1,-1,-1
331,4,383,758,50,50,1,-1,-1,-1
332,2,647,1085,50,50,1,-1,-1,-1
332,3,443,1110,50,50,1,-1,-1,-1
332,4,385,785,50,50,1,-1,-1,-1
333,2,627,1115,50,50,1,-1,-1,-1
333,3,444,1061,50,50,1,-1,-1,-1
333,4,375,815,50,50,1,-1,-1,-1
334,2,613,1143,50,50,1,-1,-1,-1
334,3,448,1001,50,50,1,-1,-1,-1
334,4,372,851,50,50,1,-1,-1,-1
335,2,602,1169,50,50,1,-1,-1,-1
335,3,445,951,50,50,1,-1,-1,-1
336,2,585,1191,50,50,1,-1,-1,-1
336,4,379,942,50,50,1,-1,-1,-1
337,2,560,1201,50,50,1,-1,-1,-1
337,3,439,873,50,50,1,-1,-1,-1
337,4,407,973,50,50,1,-1,-1,-1
338,2,566,1194,50,50,1,-1,-1,-1
338,3,435,838,50,50,1,-1,-1,-1
339,2,556,1178,50,50,1,-1,-1,-1
339,3,431,807,50,50,1,-1,-1,-1
340,2,563,1146,50,50,1,-1,-1,-1
340,3,427,787,50,50,1,-1,-1,-1
341,2,582,1097,50,50,1,-1,-1,-1
341,3,424,770,50,50,1,-1,-1,-1
341,4,369,1001,50,50,1,-1,-1,-1
342,2,577,1044,50,50,1,-1,-1,-1
342,3,418,756,50,50,1,-1,-1,-1
342,4,383,1004,50,50,1,-1,-1,-1
343,2,592,985,50,50,1,-1,-1,-1
343,3,417,751,50,50,1,-1,-1,-1
343,4,427,1001,50,50,1,-1,-1,-1
344,2,593,933,50,50,1,-1,-1,-1
344,3,386,746,50,50,1,-1,-1,-1
344,4,442,1001,50,50,1,-1,-1,-1
345,2,596,885,50,50,1,-1,-1,-1
345,3,409,754,50,50,1,-1,-1,-1
345,4,495,1007,50,50,1,-1,-1,-1
346,2,598,842,50,50,1,-1,-1,-1
346,3,404,762,50,50,1,-1,-1,-1
346,4,519,1020,50,50,1,-1,-1,-1
347,2,601,806,50,50,1,-1,-1,-1
347,3,376,775,50,50,1,-1,-1,-1
348,2,603,774,50,50,1,-1,-1,-1
348,3,398,797,50,50,1,-1,-1,-1
348,4,520,1061,50,50,1,-1,-1,-1
349,2,605,754,50,50,1,-1,-1,-1
349,3,396,822,50,50,1,-1,-1,-1
349,4,533,1067,50,50,1,-1,-1,-1
350,2,608,729,50,50,1,-1,-1,-1
350,3,393,852,50,50,1,-1,-1,-1
351,2,611,714,50,50,1,-1,-1,-1
351,3,389,887,50,50,1,-1,-1,-1
351,4,550,1122,50,50,1,-1,-1,-1
352,2,614,710,50,50,1,-1,-1,-1
352,3,374,929,50,50,1,-1,-1,-1
352,4,547,1153,50,50,1,-1,-1,-1
353,2,587,700,50,50,1,-1,-1,-1
353,3,370,976,50,50,1,-1,-1,-1
353,4,542,1174,50,50,1,-1,-1,-1
354,2,616,705,50,50,1,-1,-1,-1
354,3,368,1026,50,50,1,-1,-1,-1
355,2,619,705,50,50,1,-1,-1,-1
355,4,530,1200,50,50,1,-1,-1,-1
356,2,593,718,50,50,1,-1,-1,-1
356,4,529,1194,50,50,1,-1,-1,-1
357,2,623,740,50,50,1,-1,-1,-1
357,4,525,1171,50,50,1,-1,-1,-1
358,2,625,761,50,50,1,-1,-1,-1
358,3,379,1073,50,50,1,-1,-1,-1
358,4,525,1133,50,50,1,-1,-1,-1
359,2,600,789,50,50,1,-1,-1,-1
359,3,385,1091,50,50,1,-1,-1,-1
359,4,529,1086,50,50,1,-1,-1,-1
360,2,602,820,50,50,1,-1,-1,-1
360,3,389,1119,50,50,1,-1,-1,-1
360,4,533,1032,50,50,1,-1,-1,-1
361,2,631,860,50,50,1,-1,-1,-1
361,3,394,1148,50,50,1,-1,-1,-1
361,4,539,979,50,50,1,-1,-1,-1
362,3,401,1173,50,50,1,-1,-1,-1
362,4,546,930,50,50,1,-1,-1,-1
363,2,635,944,50,50,1,-1,-1,-1
363,3,403,1190,50,50,1,-1,-1,-1
364,2,639,988,50,50,1,-1,-1,-1
364,3,423,1200,50,50,1,-1,-1,-1
364,4,563,858,50,50,1,-1,-1,-1
365,2,648,1012,50,50,1,-1,-1,-1
365,3,418,1211,50,50,1,-1,-1,-1
365,4,568,826,50,50,1,-1,-1,-1
366,2,644,1025,50,50,1,-1,-1,-1
366,3,421,1198,50,50,1,-1,-1,-1
366,4,573,801,50,50,1,-1,-1,-1
367,2,654,1023,50,50,1,-1,-1,-1
367,3,420,1172,50,50,1,-1,-1,-1
367,4,577,780,50,50,1,-1,-1,-1
368,4,582,765,50,50,1,-1,-1,-1
369,2,604,1014,50,50,1,-1,-1,-1
369,3,416,1065,50,50,1,-1,-1,-1
369,4,586,751,50,50,1,-1,-1,-1
370,2,568,1001,50,50,1,-1,-1,-1
370,3,412,1005,50,50,1,-1,-1,-1
370,4,590,748,50,50,1,-1,-1,-1
371,2,520,997,50,50,1,-1,-1,-1
371,3,408,951,50,50,1,-1,-1,-1
371,4,597,752,50,50,1,-1,-1,-1
372,2,500,1000,50,50,1,-1,-1,-1
372,3,416,902,50,50,1,-1,-1,-1
372,4,600,759,50,50,1,-1,-1,-1
373,2,455,1004,50,50,1,-1,-1,-1
373,3,413,856,50,50,1,-1,-1,-1
373,4,606,774,50,50,1,-1,-1,-1
374,2,437,1014,50,50,1,-1,-1,-1
374,3,408,817,50,50,1,-1,-1,-1
374,4,611,793,50,50,1,-1,-1,-1
375,2,431,1032,50,50,1,-1,-1,-1
375,3,404,783,50,50,1,-1,-1,-1
375,4,615,813,50,50,1,-1,-1,-1
376,2,429,1059,50,50,1,-1,-1,-1
376,3,401,756,50,50,1,-1,-1,-1
376,4,619,840,50,50,1,-1,-1,-1
377,2,415,1088,50,50,1,-1,-1,-1
377,3,398,734,50,50,1,-1,-1,-1
377,4,608,874,50,50,1,-1,-1,-1
378,2,412,1120,50,50,1,-1,-1,-1
378,3,394,714,50,50,1,-1,-1,-1
378,4,627,914,50,50,1,-1,-1,-1
379,2,409,1146,50,50,1,-1,-1,-1
379,3,378,708,50,50,1,-1,-1,-1
379,4,631,953,50,50,1,-1,-1,-1
380,2,408,1195,50,50,1,-1,-1,-1
380,3,384,698,50,50,1,-1,-1,-1
380,4,637,1024,50,50,1,-1,-1,-1
381,2,410,1207,50,50,1,-1,-1,-1
381,3,379,700,50,50,1,-1,-1,-1
381,4,641,1042,50,50,1,-1,-1,-1
382,2,424,1206,50,50,1,-1,-1,-1
382,3,374,702,50,50,1,-1,-1,-1
382,4,633,1070,50,50,1,-1,-1,-1
383,2,416,1196,50,50,1,-1,-1,-1
383,3,372,724,50,50,1,-1,-1,-1
383,4,630,1091,50,50,1,-1,-1,-1
384,2,420,1168,50,50,1,-1,-1,-1
384,3,357,744,50,50,1,-1,-1,-1
384,4,611,1117,50,50,1,-1,-1,-1
385,2,425,1124,50,50,1,-1,-1,-1
385,3,360,769,50,50,1,-1,-1,-1
385,4,598,1148,50,50,1,-1,-1,-1
386,2,426,1070,50,50,1,-1,-1,-1
386,3,350,799,50,50,1,-1,-1,-1
386,4,581,1173,50,50,1,-1,-1,-1
387,2,426,1017,50,50,1,-1,-1,-1
387,3,346,836,50,50,1,-1,-1,-1
387,4,570,1193,50,50,1,-1,-1,-1
388,2,438,970,50,50,1,-1,-1,-1
388,3,343,877,50,50,1,-1,-1,-1
388,4,553,1204,50,50,1,-1,-1,-1
389,3,340,923,50,50,1,-1,-1,-1
389,4,557,1204,50,50,1,-1,-1,-1
390,2,437,890,50,50,1,-1,-1,-1
390,3,337,973,50,50,1,-1,-1,-1
390,4,553,1199,50,50,1,-1,-1,-1
391,2,437,853,50,50,1,-1,-1,-1
391,4,544,1190,50,50,1,-1,-1,-1
392,2,436,828,50,50,1,-1,-1,-1
392,4,550,1167,50,50,1,-1,-1,-1
393,2,436,805,50,50,1,-1,-1,-1
393,4,560,1131,50,50,1,-1,-1,-1
394,2,435,789,50,50,1,-1,-1,-1
394,3,336,1012,50,50,1,-1,-1,-1
394,4,570,1085,50,50,1,-1,-1,-1
395,2,436,779,50,50,1,-1,-1,-1
395,3,362,1011,50,50,1,-1,-1,-1
395,4,565,1021,50,50,1,-1,-1,-1
396,2,434,771,50,50,1,-1,-1,-1
396,3,402,1008,50,50,1,-1,-1,-1
396,4,597,969,50,50,1,-1,-1,-1
397,2,435,772,50,50,1,-1,-1,-1
397,3,440,998,50,50,1,-1,-1,-1
397,4,601,917,50,50,1,-1,-1,-1
398,2,434,776,50,50,1,-1,-1,-1
398,3,474,1002,50,50,1,-1,-1,-1
398,4,608,874,50,50,1,-1,-1,-1
399,2,434,789,50,50,1,-1,-1,-1
399,3,486,1013,50,50,1,-1,-1,-1
399,4,588,834,50,50,1,-1,-1,-1
400,2,433,801,50,50,1,-1,-1,-1
400,4,620,801,50,50,1,-1,-1,-1
401,2,433,823,50,50,1,-1,-1,-1
401,4,627,773,50,50,1,-1,-1,-1
402,2,405,848,50,50,1,-1,-1,-1
402,3,521,1071,50,50,1,-1,-1,-1
402,4,632,750,50,50,1,-1,-1,-1
403,2,404,879,50,50,1,-1,-1,-1
403,4,638,731,50,50,1,-1,-1,-1
404,2,431,915,50,50,1,-1,-1,-1
404,3,431,1029,50,50,1,-1,-1,-1
404,4,641,715,50,50,1,-1,-1,-1
405,2,432,957,50,50,1,-1,-1,-1
405,3,551,1140,50,50,1,-1,-1,-1
405,4,637,716,50,50,1,-1,-1,-1
406,2,431,1003,50,50,1,-1,-1,-1
406,3,552,1169,50,50,1,-1,-1,-1
406,4,642,712,50,50,1,-1,-1,-1
407,3,551,1186,50,50,1,-1,-1,-1
407,4,634,709,50,50,1,-1,-1,-1
408,3,551,1184,50,50,1,-1,-1,-1
408,4,664,720,50,50,1,-1,-1,-1
409,3,558,1163,50,50,1,-1,-1,-1
409,4,671,735,50,50,1,-1,-1,-1
410,2,433,1067,50,50,1,-1,-1,-1
410,3,562,1129,50,50,1,-1,-1,-1
410,4,668,749,50,50,1,-1,-1,-1
411,3,568,1081,50,50,1,-1,-1,-1
411,4,674,774,50,50,1,-1,-1,-1
412,3,572,1030,50,50,1,-1,-1,-1
412,4,677,806,50,50,1,-1,-1,-1
413,2,425,1142,50,50,1,-1,-1,-1
413,3,558,975,50,50,1,-1,-1,-1
413,4,681,834,50,50,1,-1,-1,-1
414,2,423,1169,50,50,1,-1,-1,-1
414,3,575,930,50,50,1,-1,-1,-1
414,4,687,874,50,50,1,-1,-1,-1
415,2,425,1188,50,50,1,-1,-1,-1
415,3,589,891,50,50,1,-1,-1,-1
415,4,703,915,50,50,1,-1,-1,-1
416,2,437,1194,50,50,1,-1,-1,-1
416,3,590,856,50,50,1,-1,-1,-1
416,4,707,964,50,50,1,-1,-1,-1
417,2,442,1200,50,50,1,-1,-1,-1
417,3,592,825,50,50,1,-1,-1,-1
417,4,715,1015,50,50,1,-1,-1,-1
418,2,435,1199,50,50,1,-1,-1,-1
418,3,589,800,50,50,1,-1,-1,-1
419,2,436,1176,50,50,1,-1,-1,-1
419,3,596,781,50,50,1,-1,-1,-1
419,4,709,1028,50,50,1,-1,-1,-1
420,2,439,1131,50,50,1,-1,-1,-1
420,3,597,764,50,50,1,-1,-1,-1
421,2,436,1075,50,50,1,-1,-1,-1
421,3,598,759,50,50,1,-1,-1,-1
422,2,445,1013,50,50,1,-1,-1,-1
422,3,598,746,50,50,1,-1,-1,-1
423,2,415,960,50,50,1,-1,-1,-1
423,3,603,754,50,50,1,-1,-1,-1
423,4,569,1011,50,50,1,-1,-1,-1
424,2,412,909,50,50,1,-1,-1,-1
424,3,605,760,50,50,1,-1,-1,-1
424,4,531,1028,50,50,1,-1,-1,-1
425,2,437,870,50,50,1,-1,-1,-1
425,3,607,774,50,50,1,-1,-1,-1
425,4,483,1039,50,50,1,-1,-1,-1
426,2,435,830,50,50,1,-1,-1,-1
426,3,609,789,50,50,1,-1,-1,-1
426,4,444,1053,50,50,1,-1,-1,-1
427,2,433,798,50,50,1,-1,-1,-1
427,3,611,811,50,50,1,-1,-1,-1
427,4,424,1069,50,50,1,-1,-1,-1
428,2,430,772,50,50,1,-1,-1,-1
428,3,613,841,50,50,1,-1,-1,-1
428,4,445,1092,50,50,1,-1,-1,-1
429,2,427,749,50,50,1,-1,-1,-1
429,3,614,874,50,50,1,-1,-1,-1
429,4,440,1114,50,50,1,-1,-1,-1
430,2,424,731,50,50,1,-1,-1,-1
430,3,616,909,50,50,1,-1,-1,-1
430,4,425,1143,50,50,1,-1,-1,-1
431,2,421,716,50,50,1,-1,-1,-1
431,3,618,953,50,50,1,-1,-1,-1
431,4,426,1165,50,50,1,-1,-1,-1
432,2,420,718,50,50,1,-1,-1,-1
432,3,609,1001,50,50,1,-1,-1,-1
432,4,426,1187,50,50,1,-1,-1,-1
433,2,416,712,50,50,1,-1,-1,-1
433,3,620,1033,50,50,1,-1,-1,-1
433,4,427,1205,50,50,1,-1,-1,-1
434,2,413,719,50,50,1,-1,-1,-1
434,3,618,1052,50,50,1,-1,-1,-1
434,4,427,1214,50,50,1,-1,-1,-1
435,2,411,726,50,50,1,-1,-1,-1
435,3,618,1074,50,50,1,-1,-1,-1
435,4,432,1211,50,50,1,-1,-1,-1
436,2,408,741,50,50,1,-1,-1,-1
436,3,621,1092,50,50,1,-1,-1,-1
436,4,439,1199,50,50,1,-1,-1,-1
437,2,405,763,50,50,1,-1,-1,-1
437,3,604,1127,50,50,1,-1,-1,-1
437,4,443,1167,50,50,1,-1,-1,-1
438,2,403,789,50,50,1,-1,-1,-1
438,3,597,1155,50,50,1,-1,-1,-1
438,4,438,1132,50,50,1,-1,-1,-1
439,2,401,820,50,50,1,-1,-1,-1
439,3,587,1182,50,50,1,-1,-1,-1
439,4,448,1072,50,50,1,-1,-1,-1
440,2,399,852,50,50,1,-1,-1,-1
440,3,576,1200,50,50,1,-1,-1,-1
440,4,447,1014,50,50,1,-1,-1,-1
441,3,563,1208,50,50,1,-1,-1,-1
441,4,450,956,50,50,1,-1,-1,-1
442,2,394,942,50,50,1,-1,-1,-1
442,3,555,1210,50,50,1,-1,-1,-1
443,2,381,987,50,50,1,-1,-1,-1
443,3,551,1203,50,50,1,-1,-1,-1
443,4,439,872,50,50,1,-1,-1,-1
444,2,372,1006,50,50,1,-1,-1,-1
444,3,551,1188,50,50,1,-1,-1,-1
444,4,424,840,50,50,1,-1,-1,-1
445,2,363,1023,50,50,1,-1,-1,-1
445,3,558,1161,50,50,1,-1,-1,-1
445,4,434,805,50,50,1,-1,-1,-1
446,2,369,1025,50,50,1,-1,-1,-1
446,3,567,1114,50,50,1,-1,-1,-1
446,4,415,784,50,50,1,-1,-1,-1
447,2,391,1011,50,50,1,-1,-1,-1
447,3,577,1055,50,50,1,-1,-1,-1
447,4,427,765,50,50,1,-1,-1,-1
448,2,431,1025,50,50,1,-1,-1,-1
448,3,582,1002,50,50,1,-1,-1,-1
448,4,420,745,50,50,1,-1,-1,-1
449,2,453,1003,50,50,1,-1,-1,-1
449,3,599,950,50,50,1,-1,-1,-1
449,4,418,741,50,50,1,-1,-1,-1
450,2,491,1000,50,50,1,-1,-1,-1
450,3,605,903,50,50,1,-1,-1,-1
450,4,415,736,50,50,1,-1,-1,-1
451,2,521,1002,50,50,1,-1,-1,-1
451,3,612,860,50,50,1,-1,-1,-1
451,4,409,737,50,50,1,-1,-1,-1
452,2,519,1009,50,50,1,-1,-1,-1
452,3,601,820,50,50,1,-1,-1,-1
452,4,406,746,50,50,1,-1,-1,-1
453,2,525,1028,50,50,1,-1,-1,-1
453,3,623,790,50,50,1,-1,-1,-1
453,4,403,761,50,50,1,-1,-1,-1
454,2,527,1050,50,50,1,-1,-1,-1
454,3,628,764,50,50,1,-1,-1,-1
454,4,398,776,50,50,1,-1,-1,-1
455,2,540,1077,50,50,1,-1,-1,-1
455,3,633,745,50,50,1,-1,-1,-1
455,4,395,800,50,50,1,-1,-1,-1
456,2,544,1112,50,50,1,-1,-1,-1
456,3,638,730,50,50,1,-1,-1,-1
456,4,385,830,50,50,1,-1,-1,-1
457,2,545,1146,50,50,1,-1,-1,-1
457,3,643,722,50,50,1,-1,-1,-1
457,4,388,867,50,50,1,-1,-1,-1
458,2,545,1175,50,50,1,-1,-1,-1
458,3,648,706,50,50,1,-1,-1,-1
458,4,383,902,50,50,1,-1,-1,-1
459,3,654,710,50,50,1,-1,-1,-1
459,4,371,945,50,50,1,-1,-1,-1
460,2,550,1201,50,50,1,-1,-1,-1
460,3,661,716,50,50,1,-1,-1,-1
461,2,552,1195,50,50,1,-1,-1,-1
461,3,663,721,50,50,1,-1,-1,-1
462,2,554,1170,50,50,1,-1,-1,-1
462,3,672,745,50,50,1,-1,-1,-1
463,2,554,1138,50,50,1,-1,-1,-1
463,3,677,765,50,50,1,-1,-1,-1
463,4,391,1039,50,50,1,-1,-1,-1
464,2,559,1084,50,50,1,-1,-1,-1
464,3,677,795,50,50,1,-1,-1,-1
465,2,562,1031,50,50,1,-1,-1,-1
465,3,688,826,50,50,1,-1,-1,-1
465,4,404,1098,50,50,1,-1,-1,-1
466,2,574,979,50,50,1,-1,-1,-1
466,3,680,862,50,50,1,-1,-1,-1
466,4,411,1132,50,50,1,-1,-1,-1
467,2,573,930,50,50,1,-1,-1,-1
467,3,688,908,50,50,1,-1,-1,-1
467,4,419,1167,50,50,1,-1,-1,-1
468,2,575,890,50,50,1,-1,-1,-1
468,3,691,956,50,50,1,-1,-1,-1
468,4,423,1191,50,50,1,-1,-1,-1
469,2,576,857,50,50,1,-1,-1,-1
469,3,699,1007,50,50,1,-1,-1,-1
469,4,432,1204,50,50,1,-1,-1,-1
470,2,550,823,50,50,1,-1,-1,-1
470,3,718,1045,50,50,1,-1,-1,-1
470,4,436,1205,50,50,1,-1,-1,-1
471,2,578,799,50,50,1,-1,-1,-1
471,3,712,1064,50,50,1,-1,-1,-1
471,4,439,1191,50,50,1,-1,-1,-1
472,2,577,774,50,50,1,-1,-1,-1
472,3,703,1067,50,50,1,-1,-1,-1
472,4,440,1158,50,50,1,-1,-1,-1
473,2,579,768,50,50,1,-1,-1,-1
473,3,686,1060,50,50,1,-1,-1,-1
473,4,438,1104,50,50,1,-1,-1,-1
474,2,579,754,50,50,1,-1,-1,-1
474,3,656,1049,50,50,1,-1,-1,-1
474,4,433,1043,50,50,1,-1,-1,-1
475,2,579,747,50,50,1,-1,-1,-1
475,3,616,1034,50,50,1,-1,-1,-1
475,4,438,985,50,50,1,-1,-1,-1
476,2,581,754,50,50,1,-1,-1,-1
476,3,574,1025,50,50,1,-1,-1,-1
476,4,420,927,50,50,1,-1,-1,-1
477,2,582,759,50,50,1,-1,-1,-1
477,3,522,1024,50,50,1,-1,-1,-1
477,4,430,885,50,50,1,-1,-1,-1
478,2,583,776,50,50,1,-1,-1,-1
478,3,477,1026,50,50,1,-1,-1,-1
478,4,426,840,50,50,1,-1,-1,-1
479,2,557,797,50,50,1,-1,-1,-1
479,3,455,1029,50,50,1,-1,-1,-1
479,4,422,803,50,50,1,-1,-1,-1
480,2,586,822,50,50,1,-1,-1,-1
480,3,451,1059,50,50,1,-1,-1,-1
480,4,416,772,50,50,1,-1,-1,-1
481,2,586,848,50,50,1,-1,-1,-1
481,3,435,1083,50,50,1,-1,-1,-1
481,4,409,746,50,50,1,-1,-1,-1
482,2,588,881,50,50,1,-1,-1,-1
482,3,427,1103,50,50,1,-1,-1,-1
482,4,408,723,50,50,1,-1,-1,-1
483,2,561,921,50,50,1,-1,-1,-1
483,3,420,1131,50,50,1,-1,-1,-1
483,4,403,708,50,50,1,-1,-1,-1
484,2,588,965,50,50,1,-1,-1,-1
484,3,417,1159,50,50,1,-1,-1,-1
484,4,398,699,50,50,1,-1,-1,-1
485,2,581,1018,50,50,1,-1,-1,-1
485,3,417,1181,50,50,1,-1,-1,-1
485,4,394,693,50,50,1,-1,-1,-1
486,2,579,1054,50,50,1,-1,-1,-1
486,3,417,1197,50,50,1,-1,-1,-1
486,4,390,693,50,50,1,-1,-1,-1
487,2,591,1061,50,50,1,-1,-1,-1
487,3,419,1203,50,50,1,-1,-1,-1
487,4,385,690,50,50,1,-1,-1,-1
488,3,422,1199,50,50,1,-1,-1,-1
488,4,381,704,50,50,1,-1,-1,-1
489,2,587,1108,50,50,1,-1,-1,-1
489,3,426,1179,50,50,1,-1,-1,-1
489,4,375,721,50,50,1,-1,-1,-1
490,2,588,1141,50,50,1,-1,-1,-1
490,3,427,1144,50,50,1,-1,-1,-1
490,4,374,745,50,50,1,-1,-1,-1
491,2,601,1171,50,50,1,-1,-1,-1
491,3,428,1095,50,50,1,-1,-1,-1
491,4,368,771,50,50,1,-1,-1,-1
492,2,593,1195,50,50,1,-1,-1,-1
492,3,432,1040,50,50,1,-1,-1,-1
492,4,365,804,50,50,1,-1,-1,-1
493,2,592,1214,50,50,1,-1,-1,-1
493,3,433,986,50,50,1,-1,-1,-1
493,4,353,842,50,50,1,-1,-1,-1
494,2,591,1222,50,50,1,-1,-1,-1
494,4,356,885,50,50,1,-1,-1,-1
495,2,590,1223,50,50,1,-1,-1,-1
495,4,352,933,50,50,1,-1,-1,-1
496,2,587,1220,50,50,1,-1,-1,-1
496,3,420,860,50,50,1,-1,-1,-1
496,4,338,986,50,50,1,-1,-1,-1
497,2,587,1207,50,50,1,-1,-1,-1
497,3,415,830,50,50,1,-1,-1,-1
497,4,324,1010,50,50,1,-1,-1,-1
498,2,591,1187,50,50,1,-1,-1,-1
498,3,410,803,50,50,1,-1,-1,-1
498,4,328,1013,50,50,1,-1,-1,-1
499,2,596,1154,50,50,1,-1,-1,-1
499,3,405,783,50,50,1,-1,-1,-1
499,4,345,1003,50,50,1,-1,-1,-1
500,2,603,1090,50,50,1,-1,-1,-1
500,3,399,770,50,50,1,-1,-1,-1
501,2,608,1036,50,50,1,-1,-1,-1
501,3,396,761,50,50,1,-1,-1,-1
501,4,405,1002,50,50,1,-1,-1,-1
502,2,620,983,50,50,1,-1,-1,-1
502,3,391,754,50,50,1,-1,-1,-1
502,4,441,1000,50,50,1,-1,-1,-1
503,2,619,930,50,50,1,-1,-1,-1
503,3,388,758,50,50,1,-1,-1,-1
503,4,472,1009,50,50,1,-1,-1,-1
504,2,620,883,50,50,1,-1,-1,-1
504,3,384,763,50,50,1,-1,-1,-1
504,4,520,1011,50,50,1,-1,-1,-1
505,2,620,841,50,50,1,-1,-1,-1
505,3,380,775,50,50,1,-1,-1,-1
505,4,441,1039,50,50,1,-1,-1,-1
506,2,619,803,50,50,1,-1,-1,-1
506,3,376,795,50,50,1,-1,-1,-1
507,2,620,773,50,50,1,-1,-1,-1
507,3,360,818,50,50,1,-1,-1,-1
507,4,531,1063,50,50,1,-1,-1,-1
508,2,620,749,50,50,1,-1,-1,-1
508,3,366,844,50,50,1,-1,-1,-1
509,2,620,727,50,50,1,-1,-1,-1
509,3,335,878,50,50,1,-1,-1,-1
510,2,620,714,50,50,1,-1,-1,-1
510,3,330,916,50,50,1,-1,-1,-1
510,4,558,1153,50,50,1,-1,-1,-1
511,2,593,700,50,50,1,-1,-1,-1
511,3,342,960,50,50,1,-1,-1,-1
511,4,559,1178,50,50,1,-1,-1,-1
512,2,620,697,50,50,1,-1,-1,-1
512,3,349,1010,50,50,1,-1,-1,-1
512,4,555,1198,50,50,1,-1,-1,-1
513,2,618,693,50,50,1,-1,-1,-1
513,4,550,1207,50,50,1,-1,-1,-1
514,2,592,703,50,50,1,-1,-1,-1
514,4,546,1201,50,50,1,-1,-1,-1
515,2,620,710,50,50,1,-1,-1,-1
515,4,544,1180,50,50,1,-1,-1,-1
516,2,620,724,50,50,1,-1,-1,-1
516,4,545,1147,50,50,1,-1,-1,-1
517,2,593,750,50,50,1,-1,-1,-1
517,3,389,1080,50,50,1,-1,-1,-1
517,4,547,1101,50,50,1,-1,-1,-1
518,2,619,778,50,50,1,-1,-1,-1
518,3,399,1105,50,50,1,-1,-1,-1
518,4,550,1056,50,50,1,-1,-1,-1
519,2,593,810,50,50,1,-1,-1,-1
519,4,569,993,50,50,1,-1,-1,-1
520,2,619,848,50,50,1,-1,-1,-1
520,3,409,1171,50,50,1,-1,-1,-1
520,4,577,950,50,50,1,-1,-1,-1
521,4,582,906,50,50,1,-1,-1,-1
522,2,608,930,50,50,1,-1,-1,-1
522,3,426,1196,50,50,1,-1,-1,-1
523,2,621,973,50,50,1,-1,-1,-1
523,3,430,1189,50,50,1,-1,-1,-1
523,4,592,837,50,50,1,-1,-1,-1
524,2,629,983,50,50,1,-1,-1,-1
524,3,431,1164,50,50,1,-1,-1,-1
524,4,596,813,50,50,1,-1,-1,-1
525,2,632,990,50,50,1,-1,-1,-1
525,3,429,1118,50,50,1,-1,-1,-1
525,4,598,793,50,50,1,-1,-1,-1
526,2,621,990,50,50,1,-1,-1,-1
526,3,425,1057,50,50,1,-1,-1,-1
526,4,606,779,50,50,1,-1,-1,-1
527,2,600,985,50,50,1,-1,-1,-1
527,3,422,998,50,50,1,-1,-1,-1
527,4,612,769,50,50,1,-1,-1,-1
528,2,552,995,50,50,1,-1,-1,-1
528,3,400,943,50,50,1,-1,-1,-1
528,4,616,766,50,50,1,-1,-1,-1
529,2,517,998,50,50,1,-1,-1,-1
529,3,424,892,50,50,1,-1,-1,-1
529,4,620,764,50,50,1,-1,-1,-1
530,2,507,1009,50,50,1,-1,-1,-1
530,3,416,850,50,50,1,-1,-1,-1
530,4,626,774,50,50,1,-1,-1,-1
531,2,469,1011,50,50,1,-1,-1,-1
531,3,414,813,50,50,1,-1,-1,-1
531,4,631,786,50,50,1,-1,-1,-1
532,3,410,779,50,50,1,-1,-1,-1
532,4,611,806,50,50,1,-1,-1,-1
533,2,460,1036,50,50,1,-1,-1,-1
533,3,405,752,50,50,1,-1,-1,-1
533,4,642,830,50,50,1,-1,-1,-1
534,2,452,1045,50,50,1,-1,-1,-1
534,3,401,727,50,50,1,-1,-1,-1
534,4,646,858,50,50,1,-1,-1,-1
535,2,442,1058,50,50,1,-1,-1,-1
535,3,397,712,50,50,1,-1,-1,-1
535,4,626,889,50,50,1,-1,-1,-1
536,2,433,1065,50,50,1,-1,-1,-1
536,3,392,706,50,50,1,-1,-1,-1
536,4,656,923,50,50,1,-1,-1,-1
537,2,424,1072,50,50,1,-1,-1,-1
537,3,387,693,50,50,1,-1,-1,-1
537,4,650,970,50,50,1,-1,-1,-1
538,2,413,1076,50,50,1,-1,-1,-1
538,3,384,697,50,50,1,-1,-1,-1
539,2,403,1076,50,50,1,-1,-1,-1
539,3,379,698,50,50,1,-1,-1,-1
540,2,365,1082,50,50,1,-1,-1,-1
540,3,374,706,50,50,1,-1,-1,-1
541,2,370,1083,50,50,1,-1,-1,-1
541,3,369,722,50,50,1,-1,-1,-1
541,4,660,1031,50,50,1,-1,-1,-1
542,2,371,1069,50,50,1,-1,-1,-1
542,3,362,743,50,50,1,-1,-1,-1
542,4,663,1041,50,50,1,-1,-1,-1
543,2,350,1075,50,50,1,-1,-1,-1
543,3,362,772,50,50,1,-1,-1,-1
543,4,659,1047,50,50,1,-1,-1,-1
544,2,339,1075,50,50,1,-1,-1,-1
544,3,351,802,50,50,1,-1,-1,-1
544,4,657,1051,50,50,1,-1,-1,-1
545,2,323,1075,50,50,1,-1,-1,-1
545,3,342,837,50,50,1,-1,-1,-1
545,4,651,1060,50,50,1,-1,-1,-1
546,2,311,1078,50,50,1,-1,-1,-1
546,3,339,880,50,50,1,-1,-1,-1
546,4,658,1060,50,50,1,-1,-1,-1
547,2,300,1083,50,50,1,-1,-1,-1
547,3,335,926,50,50,1,-1,-1,-1
547,4,657,1061,50,50,1,-1,-1,-1
548,2,290,1085,50,50,1,-1,-1,-1
548,3,330,978,50,50,1,-1,-1,-1
548,4,651,1071,50,50,1,-1,-1,-1
549,3,328,1033,50,50,1,-1,-1,-1
549,4,661,1065,50,50,1,-1,-1,-1
550,1,465,841,50,50,1,-1,-1,-1
550,3,329,1059,50,50,1,-1,-1,-1
551,1,465,841,50,50,1,-1,-1,-1
551,3,327,1057,50,50,1,-1,-1,-1
552,3,302,1082,50,50,1,-1,-1,-1
552,4,656,1071,50,50,1,-1,-1,-1
553,3,336,1053,50,50,1,-1,-1,-1
553,4,656,1071,50,50,1,-1,-1,-1
554,3,331,1054,50,50,1,-1,-1,-1
555,3,343,1047,50,50,1,-1,-1,-1
556,3,348,1045,50,50,1,-1,-1,-1
556,4,657,1068,50,50,1,-1,-1,-1
557,3,346,1045,50,50,1,-1,-1,-1
557,4,657,1057,50,50,1,-1,-1,-1
558,3,358,1047,50,50,1,-1,-1,-1
558,4,656,1057,50,50,1,-1,-1,-1
559,3,320,1065,50,50,1,-1,-1,-1
559,4,653,1057,50,50,1,-1,-1,-1
560,3,324,1066,50,50,1,-1,-1,-1
561,3,326,1066,50,50,1,-1,-1,-1
561,4,663,1057,50,50,1,-1,-1,-1
562,3,341,1052,50,50,1,-1,-1,-1
562,4,662,1067,50,50,1,-1,-1,-1
563,3,342,1055,50,50,1,-1,-1,-1
564,3,339,1057,50,50,1,-1,-1,-1
564,4,663,1070,50,50,1,-1,-1,-1
565,3,325,1076,50,50,1,-1,-1,-1
565,4,664,1073,50,50,1,-1,-1,-1
