2,1,606,1145,50,50,1,-1,-1,-1
2,2,470,1061,50,50,1,-1,-1,-1
3,1,602,1148,50,50,1,-1,-1,-1
3,2,469,1060,50,50,1,-1,-1,-1
4,1,598,1151,50,50,1,-1,-1,-1
4,2,469,1059,50,50,1,-1,-1,-1
5,1,596,1155,50,50,1,-1,-1,-1
5,2,469,1059,50,50,1,-1,-1,-1
6,1,594,1161,50,50,1,-1,-1,-1
6,2,470,1061,50,50,1,-1,-1,-1
7,1,593,1166,50,50,1,-1,-1,-1
7,2,469,1063,50,50,1,-1,-1,-1
8,1,590,1165,50,50,1,-1,-1,-1
8,2,469,1067,50,50,1,-1,-1,-1
9,1,583,1150,50,50,1,-1,-1,-1
9,2,471,1075,50,50,1,-1,-1,-1
10,1,576,1118,50,50,1,-1,-1,-1
10,2,477,1089,50,50,1,-1,-1,-1
11,1,570,1066,50,50,1,-1,-1,-1
11,2,481,1112,50,50,1,-1,-1,-1
12,1,569,999,50,50,1,-1,-1,-1
12,2,481,1128,50,50,1,-1,-1,-1
13,1,573,943,50,50,1,-1,-1,-1
13,2,482,1154,50,50,1,-1,-1,-1
14,1,575,896,50,50,1,-1,-1,-1
14,2,481,1171,50,50,1,-1,-1,-1
15,1,580,847,50,50,1,-1,-1,-1
15,2,485,1181,50,50,1,-1,-1,-1
16,1,585,806,50,50,1,-1,-1,-1
16,2,489,1186,50,50,1,-1,-1,-1
17,1,587,762,50,50,1,-1,-1,-1
17,2,493,1186,50,50,1,-1,-1,-1
17,3,631,934,50,50,1,-1,-1,-1
18,1,588,734,50,50,1,-1,-1,-1
18,2,499,1176,50,50,1,-1,-1,-1
18,3,652,949,50,50,1,-1,-1,-1
19,1,589,710,50,50,1,-1,-1,-1
19,2,501,1151,50,50,1,-1,-1,-1
19,3,627,964,50,50,1,-1,-1,-1
20,1,592,691,50,50,1,-1,-1,-1
20,2,489,1098,50,50,1,-1,-1,-1
20,3,645,970,50,50,1,-1,-1,-1
21,1,596,678,50,50,1,-1,-1,-1
21,2,474,1028,50,50,1,-1,-1,-1
21,3,642,975,50,50,1,-1,-1,-1
22,1,600,670,50,50,1,-1,-1,-1
22,2,468,968,50,50,1,-1,-1,-1
22,3,613,977,50,50,1,-1,-1,-1
23,1,605,668,50,50,1,-1,-1,-1
23,2,460,907,50,50,1,-1,-1,-1
23,3,587,976,50,50,1,-1,-1,-1
24,1,610,670,50,50,1,-1,-1,-1
24,2,453,859,50,50,1,-1,-1,-1
24,3,562,976,50,50,1,-1,-1,-1
25,1,615,679,50,50,1,-1,-1,-1
25,2,446,811,50,50,1,-1,-1,-1
25,3,544,978,50,50,1,-1,-1,-1
26,1,620,692,50,50,1,-1,-1,-1
26,2,439,770,50,50,1,-1,-1,-1
26,3,532,977,50,50,1,-1,-1,-1
27,1,626,712,50,50,1,-1,-1,-1
27,2,432,735,50,50,1,-1,-1,-1
27,3,523,985,50,50,1,-1,-1,-1
28,1,632,736,50,50,1,-1,-1,-1
28,2,426,705,50,50,1,-1,-1,-1
28,3,523,1003,50,50,1,-1,-1,-1
29,1,638,766,50,50,1,-1,-1,-1
29,2,420,681,50,50,1,-1,-1,-1
29,3,522,1024,50,50,1,-1,-1,-1
29,4,597,916,50,50,1,-1,-1,-1
30,1,645,802,50,50,1,-1,-1,-1
30,2,415,663,50,50,1,-1,-1,-1
30,3,519,1049,50,50,1,-1,-1,-1
30,4,587,951,50,50,1,-1,-1,-1
31,1,652,843,50,50,1,-1,-1,-1
31,2,409,651,50,50,1,-1,-1,-1
31,3,524,1082,50,50,1,-1,-1,-1
32,1,660,889,50,50,1,-1,-1,-1
32,2,404,644,50,50,1,-1,-1,-1
32,3,532,1116,50,50,1,-1,-1,-1
33,1,668,930,50,50,1,-1,-1,-1
33,2,400,643,50,50,1,-1,-1,-1
33,3,534,1144,50,50,1,-1,-1,-1
34,1,677,951,50,50,1,-1,-1,-1
34,2,395,648,50,50,1,-1,-1,-1
34,3,532,1154,50,50,1,-1,-1,-1
35,1,674,960,50,50,1,-1,-1,-1
35,2,391,658,50,50,1,-1,-1,-1
35,3,533,1141,50,50,1,-1,-1,-1
36,1,668,972,50,50,1,-1,-1,-1
36,2,387,674,50,50,1,-1,-1,-1
36,3,533,1092,50,50,1,-1,-1,-1
37,1,663,988,50,50,1,-1,-1,-1
37,2,384,696,50,50,1,-1,-1,-1
37,3,524,1025,50,50,1,-1,-1,-1
38,1,660,1008,50,50,1,-1,-1,-1
38,2,381,723,50,50,1,-1,-1,-1
38,3,513,960,50,50,1,-1,-1,-1
39,1,653,1032,50,50,1,-1,-1,-1
39,2,377,757,50,50,1,-1,-1,-1
39,3,506,905,50,50,1,-1,-1,-1
40,1,645,1062,50,50,1,-1,-1,-1
40,2,375,796,50,50,1,-1,-1,-1
40,3,497,852,50,50,1,-1,-1,-1
41,1,639,1103,50,50,1,-1,-1,-1
41,2,372,842,50,50,1,-1,-1,-1
41,3,490,803,50,50,1,-1,-1,-1
42,1,630,1130,50,50,1,-1,-1,-1
42,2,370,894,50,50,1,-1,-1,-1
42,3,483,761,50,50,1,-1,-1,-1
43,1,620,1146,50,50,1,-1,-1,-1
43,2,367,931,50,50,1,-1,-1,-1
43,3,476,725,50,50,1,-1,-1,-1
44,1,612,1151,50,50,1,-1,-1,-1
44,2,359,956,50,50,1,-1,-1,-1
44,3,469,695,50,50,1,-1,-1,-1
45,1,608,1137,50,50,1,-1,-1,-1
45,2,352,968,50,50,1,-1,-1,-1
45,3,463,671,50,50,1,-1,-1,-1
46,1,610,1103,50,50,1,-1,-1,-1
46,2,372,967,50,50,1,-1,-1,-1
46,3,457,652,50,50,1,-1,-1,-1
47,1,616,1030,50,50,1,-1,-1,-1
47,2,423,962,50,50,1,-1,-1,-1
47,3,451,640,50,50,1,-1,-1,-1
48,1,617,977,50,50,1,-1,-1,-1
48,2,464,960,50,50,1,-1,-1,-1
48,3,446,633,50,50,1,-1,-1,-1
49,1,614,926,50,50,1,-1,-1,-1
49,2,502,959,50,50,1,-1,-1,-1
49,3,441,632,50,50,1,-1,-1,-1
50,1,612,878,50,50,1,-1,-1,-1
50,2,534,957,50,50,1,-1,-1,-1
50,3,436,637,50,50,1,-1,-1,-1
51,1,611,833,50,50,1,-1,-1,-1
51,2,569,961,50,50,1,-1,-1,-1
51,3,432,646,50,50,1,-1,-1,-1
52,1,611,794,50,50,1,-1,-1,-1
52,2,586,960,50,50,1,-1,-1,-1
52,3,428,662,50,50,1,-1,-1,-1
53,1,610,760,50,50,1,-1,-1,-1
53,2,587,979,50,50,1,-1,-1,-1
53,3,424,683,50,50,1,-1,-1,-1
53,5,465,944,50,50,1,-1,-1,-1
54,1,610,733,50,50,1,-1,-1,-1
54,2,590,1003,50,50,1,-1,-1,-1
54,3,420,709,50,50,1,-1,-1,-1
54,5,444,942,50,50,1,-1,-1,-1
55,1,610,710,50,50,1,-1,-1,-1
55,2,592,1035,50,50,1,-1,-1,-1
55,3,417,741,50,50,1,-1,-1,-1
55,5,481,948,50,50,1,-1,-1,-1
56,1,611,694,50,50,1,-1,-1,-1
56,2,588,1078,50,50,1,-1,-1,-1
56,3,414,778,50,50,1,-1,-1,-1
56,5,468,939,50,50,1,-1,-1,-1
57,1,612,683,50,50,1,-1,-1,-1
57,2,580,1132,50,50,1,-1,-1,-1
57,3,412,821,50,50,1,-1,-1,-1
57,5,455,937,50,50,1,-1,-1,-1
58,1,613,678,50,50,1,-1,-1,-1
58,2,580,1170,50,50,1,-1,-1,-1
58,3,410,870,50,50,1,-1,-1,-1
59,1,614,679,50,50,1,-1,-1,-1
59,2,584,1185,50,50,1,-1,-1,-1
59,3,408,916,50,50,1,-1,-1,-1
60,1,616,684,50,50,1,-1,-1,-1
60,2,579,1180,50,50,1,-1,-1,-1
60,5,411,941,50,50,1,-1,-1,-1
61,1,618,696,50,50,1,-1,-1,-1
61,2,566,1151,50,50,1,-1,-1,-1
61,5,410,957,50,50,1,-1,-1,-1
62,1,621,713,50,50,1,-1,-1,-1
62,2,548,1101,50,50,1,-1,-1,-1
62,5,410,980,50,50,1,-1,-1,-1
63,1,624,736,50,50,1,-1,-1,-1
63,2,549,1039,50,50,1,-1,-1,-1
63,5,425,1009,50,50,1,-1,-1,-1
64,1,627,764,50,50,1,-1,-1,-1
64,2,550,979,50,50,1,-1,-1,-1
64,5,441,1043,50,50,1,-1,-1,-1
65,1,630,799,50,50,1,-1,-1,-1
65,2,553,923,50,50,1,-1,-1,-1
65,5,444,1074,50,50,1,-1,-1,-1
66,1,634,839,50,50,1,-1,-1,-1
66,5,479,1123,50,50,1,-1,-1,-1
67,1,638,882,50,50,1,-1,-1,-1
67,5,489,1151,50,50,1,-1,-1,-1
68,1,640,930,50,50,1,-1,-1,-1
68,2,558,787,50,50,1,-1,-1,-1
68,5,492,1156,50,50,1,-1,-1,-1
69,1,656,953,50,50,1,-1,-1,-1
69,2,565,744,50,50,1,-1,-1,-1
69,5,497,1139,50,50,1,-1,-1,-1
70,1,672,972,50,50,1,-1,-1,-1
70,2,563,715,50,50,1,-1,-1,-1
70,5,494,1098,50,50,1,-1,-1,-1
71,1,649,964,50,50,1,-1,-1,-1
71,2,564,695,50,50,1,-1,-1,-1
71,5,472,1030,50,50,1,-1,-1,-1
72,1,619,957,50,50,1,-1,-1,-1
72,2,567,677,50,50,1,-1,-1,-1
72,5,464,965,50,50,1,-1,-1,-1
73,1,578,963,50,50,1,-1,-1,-1
73,2,571,665,50,50,1,-1,-1,-1
73,5,459,912,50,50,1,-1,-1,-1
74,1,547,969,50,50,1,-1,-1,-1
74,2,574,658,50,50,1,-1,-1,-1
74,5,453,860,50,50,1,-1,-1,-1
75,1,523,975,50,50,1,-1,-1,-1
75,2,578,657,50,50,1,-1,-1,-1
75,5,445,811,50,50,1,-1,-1,-1
76,1,504,985,50,50,1,-1,-1,-1
76,2,582,661,50,50,1,-1,-1,-1
76,5,439,769,50,50,1,-1,-1,-1
77,1,490,990,50,50,1,-1,-1,-1
77,2,586,671,50,50,1,-1,-1,-1
77,5,433,732,50,50,1,-1,-1,-1
78,1,489,1011,50,50,1,-1,-1,-1
78,2,591,687,50,50,1,-1,-1,-1
78,5,426,701,50,50,1,-1,-1,-1
79,1,483,1032,50,50,1,-1,-1,-1
79,2,596,708,50,50,1,-1,-1,-1
79,5,421,676,50,50,1,-1,-1,-1
80,1,475,1061,50,50,1,-1,-1,-1
80,2,602,735,50,50,1,-1,-1,-1
80,3,564,984,50,50,1,-1,-1,-1
80,5,415,657,50,50,1,-1,-1,-1
81,1,477,1100,50,50,1,-1,-1,-1
81,2,607,767,50,50,1,-1,-1,-1
81,3,568,975,50,50,1,-1,-1,-1
81,5,410,643,50,50,1,-1,-1,-1
82,1,485,1138,50,50,1,-1,-1,-1
82,2,613,805,50,50,1,-1,-1,-1
82,3,571,966,50,50,1,-1,-1,-1
82,5,405,635,50,50,1,-1,-1,-1
83,1,491,1158,50,50,1,-1,-1,-1
83,2,620,848,50,50,1,-1,-1,-1
83,3,574,959,50,50,1,-1,-1,-1
83,5,401,633,50,50,1,-1,-1,-1
84,1,496,1165,50,50,1,-1,-1,-1
84,2,625,894,50,50,1,-1,-1,-1
84,5,397,635,50,50,1,-1,-1,-1
85,1,502,1153,50,50,1,-1,-1,-1
85,2,635,939,50,50,1,-1,-1,-1
85,5,393,644,50,50,1,-1,-1,-1
86,1,500,1127,50,50,1,-1,-1,-1
86,2,632,959,50,50,1,-1,-1,-1
86,5,389,658,50,50,1,-1,-1,-1
87,1,493,1067,50,50,1,-1,-1,-1
87,2,632,982,50,50,1,-1,-1,-1
87,5,386,678,50,50,1,-1,-1,-1
88,1,482,1010,50,50,1,-1,-1,-1
88,2,633,1008,50,50,1,-1,-1,-1
88,5,383,703,50,50,1,-1,-1,-1
89,1,474,954,50,50,1,-1,-1,-1
89,2,631,1037,50,50,1,-1,-1,-1
89,5,380,733,50,50,1,-1,-1,-1
90,1,468,904,50,50,1,-1,-1,-1
90,2,651,1077,50,50,1,-1,-1,-1
90,5,378,770,50,50,1,-1,-1,-1
91,1,462,858,50,50,1,-1,-1,-1
91,2,629,1118,50,50,1,-1,-1,-1
92,2,620,1145,50,50,1,-1,-1,-1
92,5,374,861,50,50,1,-1,-1,-1
93,1,449,777,50,50,1,-1,-1,-1
93,2,616,1159,50,50,1,-1,-1,-1
93,5,372,914,50,50,1,-1,-1,-1
94,1,443,745,50,50,1,-1,-1,-1
94,2,613,1159,50,50,1,-1,-1,-1
94,5,372,945,50,50,1,-1,-1,-1
95,1,438,720,50,50,1,-1,-1,-1
95,2,611,1144,50,50,1,-1,-1,-1
95,5,368,970,50,50,1,-1,-1,-1
96,1,432,701,50,50,1,-1,-1,-1
96,2,611,1105,50,50,1,-1,-1,-1
96,5,368,969,50,50,1,-1,-1,-1
97,1,428,687,50,50,1,-1,-1,-1
97,2,612,1032,50,50,1,-1,-1,-1
97,5,395,970,50,50,1,-1,-1,-1
98,1,423,679,50,50,1,-1,-1,-1
98,2,612,962,50,50,1,-1,-1,-1
98,5,426,966,50,50,1,-1,-1,-1
99,1,419,676,50,50,1,-1,-1,-1
99,2,608,908,50,50,1,-1,-1,-1
99,5,465,961,50,50,1,-1,-1,-1
100,1,415,679,50,50,1,-1,-1,-1
100,2,606,853,50,50,1,-1,-1,-1
100,5,502,959,50,50,1,-1,-1,-1
101,1,411,688,50,50,1,-1,-1,-1
101,2,605,802,50,50,1,-1,-1,-1
101,5,533,962,50,50,1,-1,-1,-1
102,1,408,702,50,50,1,-1,-1,-1
102,2,604,754,50,50,1,-1,-1,-1
102,5,561,963,50,50,1,-1,-1,-1
103,1,404,722,50,50,1,-1,-1,-1
103,2,603,717,50,50,1,-1,-1,-1
103,5,579,966,50,50,1,-1,-1,-1
104,1,402,747,50,50,1,-1,-1,-1
104,2,603,684,50,50,1,-1,-1,-1
104,3,461,933,50,50,1,-1,-1,-1
104,5,581,988,50,50,1,-1,-1,-1
105,1,399,779,50,50,1,-1,-1,-1
105,2,603,654,50,50,1,-1,-1,-1
105,3,455,944,50,50,1,-1,-1,-1
105,5,584,1012,50,50,1,-1,-1,-1
106,1,397,816,50,50,1,-1,-1,-1
106,2,604,634,50,50,1,-1,-1,-1
106,3,445,954,50,50,1,-1,-1,-1
106,5,585,1042,50,50,1,-1,-1,-1
107,1,395,858,50,50,1,-1,-1,-1
107,2,605,618,50,50,1,-1,-1,-1
107,5,581,1083,50,50,1,-1,-1,-1
108,1,393,908,50,50,1,-1,-1,-1
108,2,606,607,50,50,1,-1,-1,-1
108,5,575,1125,50,50,1,-1,-1,-1
109,1,397,976,50,50,1,-1,-1,-1
109,2,609,602,50,50,1,-1,-1,-1
109,5,577,1172,50,50,1,-1,-1,-1
110,2,609,602,50,50,1,-1,-1,-1
110,3,397,976,50,50,1,-1,-1,-1
110,5,577,1172,50,50,1,-1,-1,-1
111,2,611,608,50,50,1,-1,-1,-1
111,3,397,994,50,50,1,-1,-1,-1
111,5,564,1161,50,50,1,-1,-1,-1
112,2,616,637,50,50,1,-1,-1,-1
112,3,418,1044,50,50,1,-1,-1,-1
112,5,543,1085,50,50,1,-1,-1,-1
113,2,616,637,50,50,1,-1,-1,-1
113,3,418,1044,50,50,1,-1,-1,-1
113,5,543,1085,50,50,1,-1,-1,-1
114,2,619,659,50,50,1,-1,-1,-1
114,3,434,1072,50,50,1,-1,-1,-1
114,5,542,1026,50,50,1,-1,-1,-1
115,2,625,722,50,50,1,-1,-1,-1
115,3,478,1144,50,50,1,-1,-1,-1
115,5,547,923,50,50,1,-1,-1,-1
116,2,625,722,50,50,1,-1,-1,-1
116,3,478,1144,50,50,1,-1,-1,-1
116,5,547,923,50,50,1,-1,-1,-1
117,2,629,762,50,50,1,-1,-1,-1
117,3,487,1162,50,50,1,-1,-1,-1
117,5,549,887,50,50,1,-1,-1,-1
118,2,638,859,50,50,1,-1,-1,-1
118,3,493,1165,50,50,1,-1,-1,-1
119,2,641,907,50,50,1,-1,-1,-1
119,3,491,1136,50,50,1,-1,-1,-1
119,5,555,777,50,50,1,-1,-1,-1
120,2,641,907,50,50,1,-1,-1,-1
120,3,491,1136,50,50,1,-1,-1,-1
120,5,555,777,50,50,1,-1,-1,-1
121,2,658,938,50,50,1,-1,-1,-1
121,3,461,1015,50,50,1,-1,-1,-1
121,5,564,734,50,50,1,-1,-1,-1
122,2,644,942,50,50,1,-1,-1,-1
122,3,454,955,50,50,1,-1,-1,-1
122,5,564,723,50,50,1,-1,-1,-1
123,2,644,942,50,50,1,-1,-1,-1
123,3,455,955,50,50,1,-1,-1,-1
123,5,564,723,50,50,1,-1,-1,-1
124,2,553,963,50,50,1,-1,-1,-1
124,3,440,849,50,50,1,-1,-1,-1
124,5,572,717,50,50,1,-1,-1,-1
125,2,530,978,50,50,1,-1,-1,-1
125,3,433,806,50,50,1,-1,-1,-1
125,5,575,722,50,50,1,-1,-1,-1
126,2,508,986,50,50,1,-1,-1,-1
126,3,425,765,50,50,1,-1,-1,-1
126,5,581,733,50,50,1,-1,-1,-1
127,2,500,1001,50,50,1,-1,-1,-1
127,3,418,732,50,50,1,-1,-1,-1
127,5,586,749,50,50,1,-1,-1,-1
128,2,499,1017,50,50,1,-1,-1,-1
128,3,412,706,50,50,1,-1,-1,-1
128,5,592,771,50,50,1,-1,-1,-1
129,2,496,1035,50,50,1,-1,-1,-1
129,3,406,684,50,50,1,-1,-1,-1
129,5,596,800,50,50,1,-1,-1,-1
130,1,604,949,50,50,1,-1,-1,-1
130,2,494,1062,50,50,1,-1,-1,-1
130,3,400,668,50,50,1,-1,-1,-1
130,5,601,833,50,50,1,-1,-1,-1
131,2,498,1100,50,50,1,-1,-1,-1
131,3,395,658,50,50,1,-1,-1,-1
131,5,608,873,50,50,1,-1,-1,-1
132,2,498,1130,50,50,1,-1,-1,-1
132,3,390,653,50,50,1,-1,-1,-1
132,5,613,914,50,50,1,-1,-1,-1
133,2,498,1147,50,50,1,-1,-1,-1
133,3,385,653,50,50,1,-1,-1,-1
133,5,620,962,50,50,1,-1,-1,-1
134,2,501,1143,50,50,1,-1,-1,-1
134,3,380,659,50,50,1,-1,-1,-1
134,5,629,981,50,50,1,-1,-1,-1
135,2,502,1116,50,50,1,-1,-1,-1
135,3,376,670,50,50,1,-1,-1,-1
135,5,631,1000,50,50,1,-1,-1,-1
136,2,491,1054,50,50,1,-1,-1,-1
136,3,372,686,50,50,1,-1,-1,-1
136,5,628,1021,50,50,1,-1,-1,-1
137,2,480,996,50,50,1,-1,-1,-1
137,3,368,708,50,50,1,-1,-1,-1
137,5,624,1043,50,50,1,-1,-1,-1
138,2,475,944,50,50,1,-1,-1,-1
138,3,365,736,50,50,1,-1,-1,-1
138,5,615,1066,50,50,1,-1,-1,-1
139,2,472,889,50,50,1,-1,-1,-1
139,3,362,769,50,50,1,-1,-1,-1
139,5,608,1092,50,50,1,-1,-1,-1
140,2,467,840,50,50,1,-1,-1,-1
140,3,359,807,50,50,1,-1,-1,-1
140,5,615,1124,50,50,1,-1,-1,-1
141,2,463,797,50,50,1,-1,-1,-1
141,3,356,848,50,50,1,-1,-1,-1
141,5,610,1146,50,50,1,-1,-1,-1
142,2,459,760,50,50,1,-1,-1,-1
142,3,354,900,50,50,1,-1,-1,-1
142,5,605,1151,50,50,1,-1,-1,-1
143,2,455,729,50,50,1,-1,-1,-1
143,3,352,939,50,50,1,-1,-1,-1
143,5,600,1146,50,50,1,-1,-1,-1
144,2,451,703,50,50,1,-1,-1,-1
144,3,343,959,50,50,1,-1,-1,-1
144,5,592,1116,50,50,1,-1,-1,-1
145,2,448,683,50,50,1,-1,-1,-1
145,3,339,973,50,50,1,-1,-1,-1
145,5,582,1064,50,50,1,-1,-1,-1
146,2,445,669,50,50,1,-1,-1,-1
146,3,367,963,50,50,1,-1,-1,-1
146,5,597,998,50,50,1,-1,-1,-1
147,2,442,660,50,50,1,-1,-1,-1
147,3,404,956,50,50,1,-1,-1,-1
147,5,598,943,50,50,1,-1,-1,-1
148,2,440,657,50,50,1,-1,-1,-1
148,3,453,947,50,50,1,-1,-1,-1
148,5,600,898,50,50,1,-1,-1,-1
149,2,438,659,50,50,1,-1,-1,-1
149,3,498,945,50,50,1,-1,-1,-1
149,5,601,849,50,50,1,-1,-1,-1
150,2,436,667,50,50,1,-1,-1,-1
150,3,541,944,50,50,1,-1,-1,-1
150,5,603,805,50,50,1,-1,-1,-1
151,2,434,680,50,50,1,-1,-1,-1
151,3,570,943,50,50,1,-1,-1,-1
151,5,603,765,50,50,1,-1,-1,-1
152,2,433,700,50,50,1,-1,-1,-1
152,3,584,954,50,50,1,-1,-1,-1
152,5,602,733,50,50,1,-1,-1,-1
153,2,432,725,50,50,1,-1,-1,-1
153,3,594,975,50,50,1,-1,-1,-1
153,5,603,707,50,50,1,-1,-1,-1
153,6,461,928,50,50,1,-1,-1,-1
154,2,431,755,50,50,1,-1,-1,-1
154,3,597,1008,50,50,1,-1,-1,-1
154,5,605,686,50,50,1,-1,-1,-1
154,6,453,930,50,50,1,-1,-1,-1
155,2,431,792,50,50,1,-1,-1,-1
155,3,593,1048,50,50,1,-1,-1,-1
155,5,607,670,50,50,1,-1,-1,-1
155,6,476,962,50,50,1,-1,-1,-1
156,2,431,834,50,50,1,-1,-1,-1
156,3,590,1111,50,50,1,-1,-1,-1
156,5,609,660,50,50,1,-1,-1,-1
156,6,469,964,50,50,1,-1,-1,-1
157,2,432,883,50,50,1,-1,-1,-1
157,3,589,1150,50,50,1,-1,-1,-1
157,5,612,656,50,50,1,-1,-1,-1
158,2,433,934,50,50,1,-1,-1,-1
158,3,586,1170,50,50,1,-1,-1,-1
158,5,615,657,50,50,1,-1,-1,-1
159,2,435,965,50,50,1,-1,-1,-1
159,3,577,1167,50,50,1,-1,-1,-1
159,5,618,664,50,50,1,-1,-1,-1
160,2,435,990,50,50,1,-1,-1,-1
160,3,564,1141,50,50,1,-1,-1,-1
160,5,622,676,50,50,1,-1,-1,-1
161,2,439,1013,50,50,1,-1,-1,-1
161,3,537,1069,50,50,1,-1,-1,-1
161,5,625,694,50,50,1,-1,-1,-1
162,2,446,1040,50,50,1,-1,-1,-1
162,3,548,1021,50,50,1,-1,-1,-1
162,5,630,717,50,50,1,-1,-1,-1
163,2,468,1076,50,50,1,-1,-1,-1
163,3,547,965,50,50,1,-1,-1,-1
163,5,634,747,50,50,1,-1,-1,-1
164,2,470,1117,50,50,1,-1,-1,-1
164,3,550,916,50,50,1,-1,-1,-1
164,5,639,781,50,50,1,-1,-1,-1
165,2,482,1142,50,50,1,-1,-1,-1
165,3,551,877,50,50,1,-1,-1,-1
165,5,645,822,50,50,1,-1,-1,-1
166,2,488,1156,50,50,1,-1,-1,-1
166,3,557,824,50,50,1,-1,-1,-1
166,5,650,867,50,50,1,-1,-1,-1
167,2,489,1149,50,50,1,-1,-1,-1
167,3,555,784,50,50,1,-1,-1,-1
167,5,655,915,50,50,1,-1,-1,-1
168,2,484,1122,50,50,1,-1,-1,-1
168,3,561,745,50,50,1,-1,-1,-1
168,5,665,942,50,50,1,-1,-1,-1
169,3,560,717,50,50,1,-1,-1,-1
169,5,678,959,50,50,1,-1,-1,-1
169,6,466,1057,50,50,1,-1,-1,-1
170,3,561,699,50,50,1,-1,-1,-1
170,5,650,953,50,50,1,-1,-1,-1
170,6,453,986,50,50,1,-1,-1,-1
171,3,564,682,50,50,1,-1,-1,-1
171,5,600,953,50,50,1,-1,-1,-1
171,6,445,933,50,50,1,-1,-1,-1
172,3,568,672,50,50,1,-1,-1,-1
172,5,563,954,50,50,1,-1,-1,-1
172,6,435,878,50,50,1,-1,-1,-1
173,3,571,667,50,50,1,-1,-1,-1
173,5,531,969,50,50,1,-1,-1,-1
173,6,424,826,50,50,1,-1,-1,-1
174,3,575,667,50,50,1,-1,-1,-1
174,5,505,976,50,50,1,-1,-1,-1
174,6,414,781,50,50,1,-1,-1,-1
175,3,580,674,50,50,1,-1,-1,-1
175,5,489,989,50,50,1,-1,-1,-1
175,6,405,741,50,50,1,-1,-1,-1
176,2,572,928,50,50,1,-1,-1,-1
176,3,584,685,50,50,1,-1,-1,-1
176,5,488,1007,50,50,1,-1,-1,-1
176,6,395,707,50,50,1,-1,-1,-1
177,2,554,946,50,50,1,-1,-1,-1
177,3,589,703,50,50,1,-1,-1,-1
177,5,485,1022,50,50,1,-1,-1,-1
177,6,386,678,50,50,1,-1,-1,-1
178,2,559,949,50,50,1,-1,-1,-1
178,3,594,726,50,50,1,-1,-1,-1
178,5,480,1048,50,50,1,-1,-1,-1
178,6,377,655,50,50,1,-1,-1,-1
179,2,567,936,50,50,1,-1,-1,-1
179,3,600,755,50,50,1,-1,-1,-1
179,5,489,1090,50,50,1,-1,-1,-1
179,6,368,638,50,50,1,-1,-1,-1
180,3,606,790,50,50,1,-1,-1,-1
180,5,487,1127,50,50,1,-1,-1,-1
180,6,360,627,50,50,1,-1,-1,-1
181,3,613,831,50,50,1,-1,-1,-1
181,5,486,1150,50,50,1,-1,-1,-1
181,6,352,621,50,50,1,-1,-1,-1
182,3,619,877,50,50,1,-1,-1,-1
182,5,487,1153,50,50,1,-1,-1,-1
182,6,344,621,50,50,1,-1,-1,-1
183,3,626,919,50,50,1,-1,-1,-1
183,5,490,1137,50,50,1,-1,-1,-1
183,6,336,627,50,50,1,-1,-1,-1
184,3,625,946,50,50,1,-1,-1,-1
184,5,494,1075,50,50,1,-1,-1,-1
184,6,329,639,50,50,1,-1,-1,-1
185,3,637,975,50,50,1,-1,-1,-1
185,5,471,1026,50,50,1,-1,-1,-1
185,6,321,656,50,50,1,-1,-1,-1
186,3,635,1003,50,50,1,-1,-1,-1
186,5,461,961,50,50,1,-1,-1,-1
186,6,314,680,50,50,1,-1,-1,-1
187,3,630,1036,50,50,1,-1,-1,-1
187,5,459,908,50,50,1,-1,-1,-1
187,6,308,709,50,50,1,-1,-1,-1
188,3,611,1066,50,50,1,-1,-1,-1
188,5,455,860,50,50,1,-1,-1,-1
188,6,302,745,50,50,1,-1,-1,-1
189,3,612,1121,50,50,1,-1,-1,-1
189,5,450,809,50,50,1,-1,-1,-1
189,6,296,786,50,50,1,-1,-1,-1
190,3,603,1150,50,50,1,-1,-1,-1
190,5,445,765,50,50,1,-1,-1,-1
190,6,290,835,50,50,1,-1,-1,-1
191,3,599,1167,50,50,1,-1,-1,-1
191,5,441,728,50,50,1,-1,-1,-1
191,6,285,882,50,50,1,-1,-1,-1
192,3,594,1163,50,50,1,-1,-1,-1
192,5,437,696,50,50,1,-1,-1,-1
192,6,260,914,50,50,1,-1,-1,-1
193,3,590,1143,50,50,1,-1,-1,-1
193,5,433,671,50,50,1,-1,-1,-1
193,6,282,898,50,50,1,-1,-1,-1
194,3,590,1102,50,50,1,-1,-1,-1
194,5,429,650,50,50,1,-1,-1,-1
194,6,300,899,50,50,1,-1,-1,-1
195,3,591,1021,50,50,1,-1,-1,-1
195,5,426,636,50,50,1,-1,-1,-1
195,6,335,897,50,50,1,-1,-1,-1
196,3,591,958,50,50,1,-1,-1,-1
196,5,423,628,50,50,1,-1,-1,-1
196,6,382,899,50,50,1,-1,-1,-1
197,3,592,907,50,50,1,-1,-1,-1
197,5,421,625,50,50,1,-1,-1,-1
197,6,433,908,50,50,1,-1,-1,-1
198,3,593,856,50,50,1,-1,-1,-1
198,5,419,628,50,50,1,-1,-1,-1
198,6,469,912,50,50,1,-1,-1,-1
199,3,595,807,50,50,1,-1,-1,-1
199,5,417,637,50,50,1,-1,-1,-1
199,6,512,927,50,50,1,-1,-1,-1
200,3,596,765,50,50,1,-1,-1,-1
200,5,415,651,50,50,1,-1,-1,-1
200,6,546,940,50,50,1,-1,-1,-1
201,3,598,728,50,50,1,-1,-1,-1
201,5,414,671,50,50,1,-1,-1,-1
201,6,565,948,50,50,1,-1,-1,-1
202,3,600,697,50,50,1,-1,-1,-1
202,5,413,697,50,50,1,-1,-1,-1
202,6,566,972,50,50,1,-1,-1,-1
203,3,603,672,50,50,1,-1,-1,-1
203,5,412,729,50,50,1,-1,-1,-1
203,6,569,1002,50,50,1,-1,-1,-1
204,2,485,930,50,50,1,-1,-1,-1
204,3,606,652,50,50,1,-1,-1,-1
204,5,411,767,50,50,1,-1,-1,-1
204,6,569,1040,50,50,1,-1,-1,-1
205,3,610,639,50,50,1,-1,-1,-1
205,5,411,811,50,50,1,-1,-1,-1
205,6,566,1089,50,50,1,-1,-1,-1
206,3,613,631,50,50,1,-1,-1,-1
206,5,411,861,50,50,1,-1,-1,-1
206,6,568,1142,50,50,1,-1,-1,-1
207,3,617,628,50,50,1,-1,-1,-1
207,5,412,910,50,50,1,-1,-1,-1
207,6,574,1171,50,50,1,-1,-1,-1
208,3,622,632,50,50,1,-1,-1,-1
208,5,417,944,50,50,1,-1,-1,-1
208,6,574,1172,50,50,1,-1,-1,-1
209,3,626,640,50,50,1,-1,-1,-1
209,5,419,967,50,50,1,-1,-1,-1
209,6,563,1144,50,50,1,-1,-1,-1
210,3,631,655,50,50,1,-1,-1,-1
210,5,427,996,50,50,1,-1,-1,-1
210,6,562,1107,50,50,1,-1,-1,-1
211,3,637,675,50,50,1,-1,-1,-1
211,5,438,1029,50,50,1,-1,-1,-1
211,6,552,1026,50,50,1,-1,-1,-1
212,3,642,702,50,50,1,-1,-1,-1
212,5,450,1066,50,50,1,-1,-1,-1
212,6,549,970,50,50,1,-1,-1,-1
213,3,648,734,50,50,1,-1,-1,-1
213,5,471,1120,50,50,1,-1,-1,-1
213,6,553,915,50,50,1,-1,-1,-1
214,3,655,772,50,50,1,-1,-1,-1
214,5,484,1157,50,50,1,-1,-1,-1
214,6,556,872,50,50,1,-1,-1,-1
215,3,662,816,50,50,1,-1,-1,-1
215,5,492,1172,50,50,1,-1,-1,-1
215,6,559,815,50,50,1,-1,-1,-1
216,3,669,867,50,50,1,-1,-1,-1
216,5,497,1169,50,50,1,-1,-1,-1
216,6,563,771,50,50,1,-1,-1,-1
217,3,675,905,50,50,1,-1,-1,-1
217,5,496,1148,50,50,1,-1,-1,-1
217,6,564,732,50,50,1,-1,-1,-1
218,3,684,929,50,50,1,-1,-1,-1
218,5,490,1114,50,50,1,-1,-1,-1
218,6,564,704,50,50,1,-1,-1,-1
219,3,676,932,50,50,1,-1,-1,-1
219,5,472,1039,50,50,1,-1,-1,-1
219,6,567,681,50,50,1,-1,-1,-1
220,3,626,934,50,50,1,-1,-1,-1
220,5,460,973,50,50,1,-1,-1,-1
220,6,571,662,50,50,1,-1,-1,-1
221,3,583,947,50,50,1,-1,-1,-1
221,5,450,916,50,50,1,-1,-1,-1
221,6,574,649,50,50,1,-1,-1,-1
222,3,549,955,50,50,1,-1,-1,-1
222,5,441,863,50,50,1,-1,-1,-1
222,6,578,642,50,50,1,-1,-1,-1
223,3,522,970,50,50,1,-1,-1,-1
223,5,429,810,50,50,1,-1,-1,-1
223,6,582,640,50,50,1,-1,-1,-1
224,3,498,981,50,50,1,-1,-1,-1
224,5,421,768,50,50,1,-1,-1,-1
224,6,587,643,50,50,1,-1,-1,-1
225,3,496,1000,50,50,1,-1,-1,-1
225,5,411,730,50,50,1,-1,-1,-1
225,6,592,652,50,50,1,-1,-1,-1
226,3,495,1020,50,50,1,-1,-1,-1
226,5,403,698,50,50,1,-1,-1,-1
226,6,597,667,50,50,1,-1,-1,-1
227,2,545,938,50,50,1,-1,-1,-1
227,3,494,1044,50,50,1,-1,-1,-1
227,5,394,671,50,50,1,-1,-1,-1
227,6,602,688,50,50,1,-1,-1,-1
228,2,549,945,50,50,1,-1,-1,-1
228,3,495,1080,50,50,1,-1,-1,-1
228,5,386,651,50,50,1,-1,-1,-1
228,6,608,714,50,50,1,-1,-1,-1
229,2,575,909,50,50,1,-1,-1,-1
229,3,498,1121,50,50,1,-1,-1,-1
229,5,378,635,50,50,1,-1,-1,-1
229,6,614,746,50,50,1,-1,-1,-1
230,2,574,917,50,50,1,-1,-1,-1
230,3,492,1155,50,50,1,-1,-1,-1
230,5,370,626,50,50,1,-1,-1,-1
230,6,620,783,50,50,1,-1,-1,-1
231,3,494,1170,50,50,1,-1,-1,-1
231,5,363,623,50,50,1,-1,-1,-1
231,6,627,826,50,50,1,-1,-1,-1
232,3,496,1168,50,50,1,-1,-1,-1
232,5,356,625,50,50,1,-1,-1,-1
232,6,634,874,50,50,1,-1,-1,-1
233,3,495,1135,50,50,1,-1,-1,-1
233,5,349,633,50,50,1,-1,-1,-1
233,6,641,916,50,50,1,-1,-1,-1
234,3,499,1070,50,50,1,-1,-1,-1
234,5,342,646,50,50,1,-1,-1,-1
234,6,646,946,50,50,1,-1,-1,-1
235,3,478,1011,50,50,1,-1,-1,-1
235,5,336,665,50,50,1,-1,-1,-1
235,6,650,970,50,50,1,-1,-1,-1
236,3,471,947,50,50,1,-1,-1,-1
236,5,330,690,50,50,1,-1,-1,-1
236,6,646,1005,50,50,1,-1,-1,-1
237,3,462,895,50,50,1,-1,-1,-1
237,5,325,720,50,50,1,-1,-1,-1
237,6,636,1042,50,50,1,-1,-1,-1
238,3,458,839,50,50,1,-1,-1,-1
238,5,319,756,50,50,1,-1,-1,-1
238,6,626,1100,50,50,1,-1,-1,-1
239,3,452,791,50,50,1,-1,-1,-1
239,5,314,798,50,50,1,-1,-1,-1
239,6,612,1141,50,50,1,-1,-1,-1
240,3,447,751,50,50,1,-1,-1,-1
240,5,310,846,50,50,1,-1,-1,-1
240,6,606,1161,50,50,1,-1,-1,-1
241,3,441,714,50,50,1,-1,-1,-1
241,5,306,896,50,50,1,-1,-1,-1
241,6,600,1162,50,50,1,-1,-1,-1
242,3,436,683,50,50,1,-1,-1,-1
242,5,299,935,50,50,1,-1,-1,-1
242,6,594,1145,50,50,1,-1,-1,-1
243,3,431,658,50,50,1,-1,-1,-1
243,5,305,951,50,50,1,-1,-1,-1
243,6,592,1109,50,50,1,-1,-1,-1
244,3,427,639,50,50,1,-1,-1,-1
244,5,319,949,50,50,1,-1,-1,-1
244,6,591,1036,50,50,1,-1,-1,-1
245,3,423,626,50,50,1,-1,-1,-1
245,5,355,939,50,50,1,-1,-1,-1
245,6,594,964,50,50,1,-1,-1,-1
246,3,419,618,50,50,1,-1,-1,-1
246,5,413,928,50,50,1,-1,-1,-1
246,6,593,909,50,50,1,-1,-1,-1
247,3,415,616,50,50,1,-1,-1,-1
247,5,461,929,50,50,1,-1,-1,-1
247,6,594,855,50,50,1,-1,-1,-1
248,3,412,619,50,50,1,-1,-1,-1
248,5,508,934,50,50,1,-1,-1,-1
248,6,595,802,50,50,1,-1,-1,-1
249,3,409,628,50,50,1,-1,-1,-1
249,5,547,940,50,50,1,-1,-1,-1
249,6,594,751,50,50,1,-1,-1,-1
250,3,406,643,50,50,1,-1,-1,-1
250,5,576,942,50,50,1,-1,-1,-1
250,6,593,714,50,50,1,-1,-1,-1
251,2,468,920,50,50,1,-1,-1,-1
251,3,404,663,50,50,1,-1,-1,-1
251,5,585,958,50,50,1,-1,-1,-1
251,6,594,679,50,50,1,-1,-1,-1
252,2,448,917,50,50,1,-1,-1,-1
252,3,401,690,50,50,1,-1,-1,-1
252,5,595,981,50,50,1,-1,-1,-1
252,6,595,650,50,50,1,-1,-1,-1
253,2,434,915,50,50,1,-1,-1,-1
253,3,400,722,50,50,1,-1,-1,-1
253,5,601,1017,50,50,1,-1,-1,-1
253,6,597,626,50,50,1,-1,-1,-1
254,2,443,938,50,50,1,-1,-1,-1
254,3,398,760,50,50,1,-1,-1,-1
254,5,597,1057,50,50,1,-1,-1,-1
254,6,599,609,50,50,1,-1,-1,-1
255,2,433,937,50,50,1,-1,-1,-1
255,3,397,804,50,50,1,-1,-1,-1
255,5,600,1117,50,50,1,-1,-1,-1
255,6,601,597,50,50,1,-1,-1,-1
256,3,396,855,50,50,1,-1,-1,-1
256,5,591,1156,50,50,1,-1,-1,-1
256,6,603,591,50,50,1,-1,-1,-1
257,3,395,907,50,50,1,-1,-1,-1
257,5,583,1171,50,50,1,-1,-1,-1
257,6,606,590,50,50,1,-1,-1,-1
258,2,404,946,50,50,1,-1,-1,-1
258,5,573,1164,50,50,1,-1,-1,-1
258,6,609,594,50,50,1,-1,-1,-1
259,2,408,970,50,50,1,-1,-1,-1
259,5,556,1136,50,50,1,-1,-1,-1
259,6,612,604,50,50,1,-1,-1,-1
260,2,414,994,50,50,1,-1,-1,-1
260,5,544,1088,50,50,1,-1,-1,-1
260,6,616,619,50,50,1,-1,-1,-1
261,2,420,1021,50,50,1,-1,-1,-1
261,5,544,1024,50,50,1,-1,-1,-1
261,6,620,641,50,50,1,-1,-1,-1
262,2,432,1055,50,50,1,-1,-1,-1
262,5,543,966,50,50,1,-1,-1,-1
262,6,624,667,50,50,1,-1,-1,-1
263,2,453,1111,50,50,1,-1,-1,-1
263,5,544,913,50,50,1,-1,-1,-1
263,6,628,700,50,50,1,-1,-1,-1
264,2,470,1139,50,50,1,-1,-1,-1
264,5,543,872,50,50,1,-1,-1,-1
264,6,633,737,50,50,1,-1,-1,-1
265,2,484,1161,50,50,1,-1,-1,-1
265,3,564,932,50,50,1,-1,-1,-1
265,5,541,819,50,50,1,-1,-1,-1
265,6,639,781,50,50,1,-1,-1,-1
266,2,491,1164,50,50,1,-1,-1,-1
266,5,541,779,50,50,1,-1,-1,-1
266,6,645,830,50,50,1,-1,-1,-1
267,2,492,1146,50,50,1,-1,-1,-1
267,5,545,740,50,50,1,-1,-1,-1
267,6,649,881,50,50,1,-1,-1,-1
268,2,482,1109,50,50,1,-1,-1,-1
268,5,541,713,50,50,1,-1,-1,-1
268,6,637,910,50,50,1,-1,-1,-1
269,2,467,1026,50,50,1,-1,-1,-1
269,5,541,696,50,50,1,-1,-1,-1
270,2,456,957,50,50,1,-1,-1,-1
270,5,542,679,50,50,1,-1,-1,-1
270,6,614,926,50,50,1,-1,-1,-1
271,2,447,897,50,50,1,-1,-1,-1
271,5,543,669,50,50,1,-1,-1,-1
271,6,576,947,50,50,1,-1,-1,-1
272,2,436,838,50,50,1,-1,-1,-1
272,5,544,664,50,50,1,-1,-1,-1
272,6,546,965,50,50,1,-1,-1,-1
273,2,426,788,50,50,1,-1,-1,-1
273,5,546,665,50,50,1,-1,-1,-1
273,6,522,977,50,50,1,-1,-1,-1
274,2,415,739,50,50,1,-1,-1,-1
274,5,548,672,50,50,1,-1,-1,-1
274,6,504,996,50,50,1,-1,-1,-1
275,2,405,698,50,50,1,-1,-1,-1
275,5,550,684,50,50,1,-1,-1,-1
275,6,495,1003,50,50,1,-1,-1,-1
276,2,396,663,50,50,1,-1,-1,-1
276,5,553,702,50,50,1,-1,-1,-1
276,6,495,1022,50,50,1,-1,-1,-1
277,2,387,634,50,50,1,-1,-1,-1
277,5,558,723,50,50,1,-1,-1,-1
277,6,489,1039,50,50,1,-1,-1,-1
278,2,379,611,50,50,1,-1,-1,-1
278,3,525,963,50,50,1,-1,-1,-1
278,5,565,753,50,50,1,-1,-1,-1
278,6,497,1068,50,50,1,-1,-1,-1
279,2,370,593,50,50,1,-1,-1,-1
279,3,534,965,50,50,1,-1,-1,-1
279,5,569,792,50,50,1,-1,-1,-1
279,6,495,1089,50,50,1,-1,-1,-1
280,2,362,581,50,50,1,-1,-1,-1
280,3,532,963,50,50,1,-1,-1,-1
280,5,573,830,50,50,1,-1,-1,-1
280,6,499,1121,50,50,1,-1,-1,-1
281,2,354,575,50,50,1,-1,-1,-1
281,5,572,881,50,50,1,-1,-1,-1
281,6,498,1146,50,50,1,-1,-1,-1
282,2,346,574,50,50,1,-1,-1,-1
282,5,575,927,50,50,1,-1,-1,-1
282,6,495,1155,50,50,1,-1,-1,-1
283,2,338,579,50,50,1,-1,-1,-1
283,5,586,955,50,50,1,-1,-1,-1
283,6,498,1143,50,50,1,-1,-1,-1
284,2,331,589,50,50,1,-1,-1,-1
284,5,591,974,50,50,1,-1,-1,-1
284,6,501,1106,50,50,1,-1,-1,-1
285,2,324,606,50,50,1,-1,-1,-1
285,5,588,995,50,50,1,-1,-1,-1
285,6,479,1042,50,50,1,-1,-1,-1
286,2,317,628,50,50,1,-1,-1,-1
286,5,586,1022,50,50,1,-1,-1,-1
286,6,465,977,50,50,1,-1,-1,-1
287,2,311,655,50,50,1,-1,-1,-1
287,5,587,1056,50,50,1,-1,-1,-1
287,6,461,915,50,50,1,-1,-1,-1
288,2,304,689,50,50,1,-1,-1,-1
288,5,583,1096,50,50,1,-1,-1,-1
288,6,454,866,50,50,1,-1,-1,-1
289,2,299,730,50,50,1,-1,-1,-1
289,5,584,1142,50,50,1,-1,-1,-1
289,6,446,814,50,50,1,-1,-1,-1
290,2,293,777,50,50,1,-1,-1,-1
290,5,586,1172,50,50,1,-1,-1,-1
290,6,439,768,50,50,1,-1,-1,-1
291,2,288,830,50,50,1,-1,-1,-1
291,5,587,1183,50,50,1,-1,-1,-1
291,6,432,727,50,50,1,-1,-1,-1
292,2,283,874,50,50,1,-1,-1,-1
292,5,584,1184,50,50,1,-1,-1,-1
292,6,426,692,50,50,1,-1,-1,-1
293,2,269,901,50,50,1,-1,-1,-1
293,5,579,1172,50,50,1,-1,-1,-1
293,6,419,663,50,50,1,-1,-1,-1
294,2,265,915,50,50,1,-1,-1,-1
294,5,572,1143,50,50,1,-1,-1,-1
294,6,414,641,50,50,1,-1,-1,-1
295,2,287,915,50,50,1,-1,-1,-1
295,5,560,1073,50,50,1,-1,-1,-1
295,6,408,624,50,50,1,-1,-1,-1
296,2,347,901,50,50,1,-1,-1,-1
296,5,574,1010,50,50,1,-1,-1,-1
296,6,403,613,50,50,1,-1,-1,-1
297,2,410,915,50,50,1,-1,-1,-1
297,5,577,946,50,50,1,-1,-1,-1
297,6,398,607,50,50,1,-1,-1,-1
298,2,445,909,50,50,1,-1,-1,-1
298,5,578,891,50,50,1,-1,-1,-1
298,6,394,608,50,50,1,-1,-1,-1
299,2,490,924,50,50,1,-1,-1,-1
299,5,581,835,50,50,1,-1,-1,-1
299,6,390,613,50,50,1,-1,-1,-1
300,2,538,939,50,50,1,-1,-1,-1
300,5,582,786,50,50,1,-1,-1,-1
300,6,386,624,50,50,1,-1,-1,-1
301,2,558,951,50,50,1,-1,-1,-1
301,3,436,968,50,50,1,-1,-1,-1
301,5,581,738,50,50,1,-1,-1,-1
301,6,382,641,50,50,1,-1,-1,-1
302,2,570,956,50,50,1,-1,-1,-1
302,5,582,704,50,50,1,-1,-1,-1
302,6,379,664,50,50,1,-1,-1,-1
303,2,577,974,50,50,1,-1,-1,-1
303,3,467,964,50,50,1,-1,-1,-1
303,5,583,669,50,50,1,-1,-1,-1
303,6,376,692,50,50,1,-1,-1,-1
304,2,574,1005,50,50,1,-1,-1,-1
304,3,440,941,50,50,1,-1,-1,-1
304,5,586,645,50,50,1,-1,-1,-1
304,6,373,726,50,50,1,-1,-1,-1
305,2,562,1054,50,50,1,-1,-1,-1
305,3,421,939,50,50,1,-1,-1,-1
305,5,588,622,50,50,1,-1,-1,-1
305,6,370,766,50,50,1,-1,-1,-1
306,2,558,1096,50,50,1,-1,-1,-1
306,3,425,958,50,50,1,-1,-1,-1
306,5,591,608,50,50,1,-1,-1,-1
306,6,368,811,50,50,1,-1,-1,-1
307,2,555,1140,50,50,1,-1,-1,-1
307,5,595,600,50,50,1,-1,-1,-1
307,6,366,862,50,50,1,-1,-1,-1
308,2,559,1165,50,50,1,-1,-1,-1
308,5,599,597,50,50,1,-1,-1,-1
308,6,365,918,50,50,1,-1,-1,-1
309,2,558,1174,50,50,1,-1,-1,-1
309,5,602,599,50,50,1,-1,-1,-1
309,6,362,966,50,50,1,-1,-1,-1
310,2,544,1154,50,50,1,-1,-1,-1
310,5,607,606,50,50,1,-1,-1,-1
310,6,369,1000,50,50,1,-1,-1,-1
311,2,529,1109,50,50,1,-1,-1,-1
311,5,611,620,50,50,1,-1,-1,-1
311,6,381,1026,50,50,1,-1,-1,-1
312,2,531,1044,50,50,1,-1,-1,-1
312,5,616,639,50,50,1,-1,-1,-1
312,6,399,1057,50,50,1,-1,-1,-1
313,2,528,985,50,50,1,-1,-1,-1
313,5,621,664,50,50,1,-1,-1,-1
313,6,420,1096,50,50,1,-1,-1,-1
314,2,533,925,50,50,1,-1,-1,-1
314,5,627,695,50,50,1,-1,-1,-1
314,6,447,1138,50,50,1,-1,-1,-1
315,2,537,886,50,50,1,-1,-1,-1
315,5,633,733,50,50,1,-1,-1,-1
315,6,475,1159,50,50,1,-1,-1,-1
316,2,599,894,50,50,1,-1,-1,-1
316,5,639,775,50,50,1,-1,-1,-1
316,6,491,1167,50,50,1,-1,-1,-1
317,2,574,921,50,50,1,-1,-1,-1
317,3,541,786,50,50,1,-1,-1,-1
317,5,646,825,50,50,1,-1,-1,-1
317,6,498,1161,50,50,1,-1,-1,-1
318,3,550,739,50,50,1,-1,-1,-1
318,5,652,878,50,50,1,-1,-1,-1
318,6,497,1141,50,50,1,-1,-1,-1
319,3,549,709,50,50,1,-1,-1,-1
319,5,670,914,50,50,1,-1,-1,-1
319,6,485,1101,50,50,1,-1,-1,-1
320,3,553,687,50,50,1,-1,-1,-1
320,5,666,914,50,50,1,-1,-1,-1
320,6,474,1020,50,50,1,-1,-1,-1
321,3,557,667,50,50,1,-1,-1,-1
321,5,637,913,50,50,1,-1,-1,-1
321,6,459,957,50,50,1,-1,-1,-1
322,2,440,1002,50,50,1,-1,-1,-1
322,3,562,653,50,50,1,-1,-1,-1
322,5,583,925,50,50,1,-1,-1,-1
322,6,450,901,50,50,1,-1,-1,-1
323,3,566,644,50,50,1,-1,-1,-1
323,5,546,937,50,50,1,-1,-1,-1
323,6,440,844,50,50,1,-1,-1,-1
324,3,571,642,50,50,1,-1,-1,-1
324,5,518,955,50,50,1,-1,-1,-1
324,6,430,796,50,50,1,-1,-1,-1
325,3,577,645,50,50,1,-1,-1,-1
325,5,498,966,50,50,1,-1,-1,-1
325,6,421,756,50,50,1,-1,-1,-1
326,3,582,653,50,50,1,-1,-1,-1
326,5,490,978,50,50,1,-1,-1,-1
326,6,412,719,50,50,1,-1,-1,-1
327,3,588,666,50,50,1,-1,-1,-1
327,5,489,996,50,50,1,-1,-1,-1
327,6,403,689,50,50,1,-1,-1,-1
328,2,585,902,50,50,1,-1,-1,-1
328,3,594,686,50,50,1,-1,-1,-1
328,5,490,1024,50,50,1,-1,-1,-1
328,6,395,664,50,50,1,-1,-1,-1
329,2,600,898,50,50,1,-1,-1,-1
329,3,601,711,50,50,1,-1,-1,-1
329,5,486,1055,50,50,1,-1,-1,-1
329,6,387,645,50,50,1,-1,-1,-1
330,2,565,930,50,50,1,-1,-1,-1
330,3,608,742,50,50,1,-1,-1,-1
330,5,489,1102,50,50,1,-1,-1,-1
330,6,379,631,50,50,1,-1,-1,-1
331,2,616,898,50,50,1,-1,-1,-1
331,3,615,779,50,50,1,-1,-1,-1
331,5,492,1144,50,50,1,-1,-1,-1
331,6,371,624,50,50,1,-1,-1,-1
332,3,623,820,50,50,1,-1,-1,-1
332,5,495,1159,50,50,1,-1,-1,-1
332,6,364,622,50,50,1,-1,-1,-1
333,3,631,868,50,50,1,-1,-1,-1
333,5,499,1156,50,50,1,-1,-1,-1
333,6,357,625,50,50,1,-1,-1,-1
334,3,639,916,50,50,1,-1,-1,-1
334,5,499,1128,50,50,1,-1,-1,-1
334,6,350,635,50,50,1,-1,-1,-1
335,3,646,951,50,50,1,-1,-1,-1
335,5,499,1063,50,50,1,-1,-1,-1
335,6,343,650,50,50,1,-1,-1,-1
336,3,646,983,50,50,1,-1,-1,-1
336,5,484,1001,50,50,1,-1,-1,-1
336,6,337,670,50,50,1,-1,-1,-1
337,3,642,1016,50,50,1,-1,-1,-1
337,5,475,942,50,50,1,-1,-1,-1
337,6,331,697,50,50,1,-1,-1,-1
338,3,637,1059,50,50,1,-1,-1,-1
338,5,468,889,50,50,1,-1,-1,-1
338,6,326,729,50,50,1,-1,-1,-1
339,2,459,937,50,50,1,-1,-1,-1
339,3,630,1117,50,50,1,-1,-1,-1
339,5,462,834,50,50,1,-1,-1,-1
339,6,320,767,50,50,1,-1,-1,-1
340,2,428,929,50,50,1,-1,-1,-1
340,3,621,1155,50,50,1,-1,-1,-1
340,5,456,790,50,50,1,-1,-1,-1
340,6,315,812,50,50,1,-1,-1,-1
341,3,612,1171,50,50,1,-1,-1,-1
341,5,450,749,50,50,1,-1,-1,-1
341,6,311,862,50,50,1,-1,-1,-1
342,3,604,1173,50,50,1,-1,-1,-1
342,5,445,714,50,50,1,-1,-1,-1
342,6,306,912,50,50,1,-1,-1,-1
343,3,598,1155,50,50,1,-1,-1,-1
343,5,440,685,50,50,1,-1,-1,-1
343,6,302,953,50,50,1,-1,-1,-1
344,3,596,1117,50,50,1,-1,-1,-1
344,5,435,662,50,50,1,-1,-1,-1
344,6,302,970,50,50,1,-1,-1,-1
345,3,591,1028,50,50,1,-1,-1,-1
345,5,430,645,50,50,1,-1,-1,-1
345,6,324,956,50,50,1,-1,-1,-1
346,3,594,964,50,50,1,-1,-1,-1
346,5,426,634,50,50,1,-1,-1,-1
346,6,365,940,50,50,1,-1,-1,-1
347,3,593,907,50,50,1,-1,-1,-1
347,5,422,628,50,50,1,-1,-1,-1
347,6,416,934,50,50,1,-1,-1,-1
348,3,594,849,50,50,1,-1,-1,-1
348,5,419,627,50,50,1,-1,-1,-1
348,6,459,933,50,50,1,-1,-1,-1
349,3,594,793,50,50,1,-1,-1,-1
349,5,415,633,50,50,1,-1,-1,-1
349,6,509,935,50,50,1,-1,-1,-1
350,3,595,743,50,50,1,-1,-1,-1
350,5,412,644,50,50,1,-1,-1,-1
350,6,547,942,50,50,1,-1,-1,-1
351,3,596,699,50,50,1,-1,-1,-1
351,5,410,661,50,50,1,-1,-1,-1
351,6,574,946,50,50,1,-1,-1,-1
352,3,597,662,50,50,1,-1,-1,-1
352,5,407,684,50,50,1,-1,-1,-1
352,6,579,965,50,50,1,-1,-1,-1
352,7,477,937,50,50,1,-1,-1,-1
353,3,599,629,50,50,1,-1,-1,-1
353,5,405,712,50,50,1,-1,-1,-1
353,6,584,994,50,50,1,-1,-1,-1
353,7,454,932,50,50,1,-1,-1,-1
354,3,602,604,50,50,1,-1,-1,-1
354,5,403,746,50,50,1,-1,-1,-1
354,6,585,1032,50,50,1,-1,-1,-1
354,7,435,928,50,50,1,-1,-1,-1
355,3,604,584,50,50,1,-1,-1,-1
355,5,402,786,50,50,1,-1,-1,-1
355,6,578,1082,50,50,1,-1,-1,-1
355,7,458,962,50,50,1,-1,-1,-1
356,3,607,569,50,50,1,-1,-1,-1
356,5,400,830,50,50,1,-1,-1,-1
356,6,571,1131,50,50,1,-1,-1,-1
356,7,451,957,50,50,1,-1,-1,-1
357,3,610,560,50,50,1,-1,-1,-1
357,5,399,885,50,50,1,-1,-1,-1
357,6,573,1168,50,50,1,-1,-1,-1
358,3,613,557,50,50,1,-1,-1,-1
358,5,399,931,50,50,1,-1,-1,-1
358,6,574,1181,50,50,1,-1,-1,-1
359,3,617,559,50,50,1,-1,-1,-1
359,5,401,957,50,50,1,-1,-1,-1
359,6,567,1176,50,50,1,-1,-1,-1
360,3,621,567,50,50,1,-1,-1,-1
360,5,405,978,50,50,1,-1,-1,-1
360,6,553,1148,50,50,1,-1,-1,-1
361,3,625,580,50,50,1,-1,-1,-1
361,5,413,1002,50,50,1,-1,-1,-1
361,6,548,1110,50,50,1,-1,-1,-1
362,3,630,599,50,50,1,-1,-1,-1
362,5,421,1026,50,50,1,-1,-1,-1
362,6,544,1044,50,50,1,-1,-1,-1
363,3,635,623,50,50,1,-1,-1,-1
363,5,432,1056,50,50,1,-1,-1,-1
363,6,540,975,50,50,1,-1,-1,-1
364,3,640,653,50,50,1,-1,-1,-1
364,5,449,1103,50,50,1,-1,-1,-1
364,6,543,918,50,50,1,-1,-1,-1
365,3,645,689,50,50,1,-1,-1,-1
365,5,465,1134,50,50,1,-1,-1,-1
365,6,543,877,50,50,1,-1,-1,-1
366,3,651,730,50,50,1,-1,-1,-1
366,5,482,1155,50,50,1,-1,-1,-1
366,6,541,821,50,50,1,-1,-1,-1
367,3,658,777,50,50,1,-1,-1,-1
367,5,493,1163,50,50,1,-1,-1,-1
367,6,541,777,50,50,1,-1,-1,-1
367,7,612,898,50,50,1,-1,-1,-1
368,3,665,830,50,50,1,-1,-1,-1
368,5,498,1152,50,50,1,-1,-1,-1
368,6,543,734,50,50,1,-1,-1,-1
369,3,669,876,50,50,1,-1,-1,-1
369,5,495,1123,50,50,1,-1,-1,-1
369,6,541,707,50,50,1,-1,-1,-1
370,3,682,895,50,50,1,-1,-1,-1
370,5,473,1054,50,50,1,-1,-1,-1
370,6,541,686,50,50,1,-1,-1,-1
371,3,640,907,50,50,1,-1,-1,-1
371,5,468,997,50,50,1,-1,-1,-1
371,6,541,667,50,50,1,-1,-1,-1
372,3,600,926,50,50,1,-1,-1,-1
372,5,454,944,50,50,1,-1,-1,-1
372,6,543,655,50,50,1,-1,-1,-1
373,3,564,945,50,50,1,-1,-1,-1
373,5,445,888,50,50,1,-1,-1,-1
373,6,544,648,50,50,1,-1,-1,-1
374,3,533,965,50,50,1,-1,-1,-1
374,5,436,839,50,50,1,-1,-1,-1
374,6,546,647,50,50,1,-1,-1,-1
375,3,501,981,50,50,1,-1,-1,-1
375,5,427,795,50,50,1,-1,-1,-1
375,6,548,651,50,50,1,-1,-1,-1
376,3,489,1001,50,50,1,-1,-1,-1
376,5,418,757,50,50,1,-1,-1,-1
376,6,550,661,50,50,1,-1,-1,-1
377,3,488,1041,50,50,1,-1,-1,-1
377,5,410,724,50,50,1,-1,-1,-1
377,6,553,675,50,50,1,-1,-1,-1
378,3,489,1066,50,50,1,-1,-1,-1
378,5,401,697,50,50,1,-1,-1,-1
378,6,556,697,50,50,1,-1,-1,-1
378,7,529,972,50,50,1,-1,-1,-1
379,3,487,1090,50,50,1,-1,-1,-1
379,5,394,676,50,50,1,-1,-1,-1
379,6,560,718,50,50,1,-1,-1,-1
379,7,517,955,50,50,1,-1,-1,-1
380,3,488,1129,50,50,1,-1,-1,-1
380,5,386,661,50,50,1,-1,-1,-1
380,6,566,750,50,50,1,-1,-1,-1
380,7,523,953,50,50,1,-1,-1,-1
381,3,487,1151,50,50,1,-1,-1,-1
381,5,379,652,50,50,1,-1,-1,-1
381,6,570,791,50,50,1,-1,-1,-1
381,7,522,947,50,50,1,-1,-1,-1
382,3,490,1164,50,50,1,-1,-1,-1
382,5,372,648,50,50,1,-1,-1,-1
382,6,575,831,50,50,1,-1,-1,-1
383,3,495,1159,50,50,1,-1,-1,-1
383,5,365,649,50,50,1,-1,-1,-1
383,6,576,881,50,50,1,-1,-1,-1
384,3,499,1136,50,50,1,-1,-1,-1
384,5,359,657,50,50,1,-1,-1,-1
384,6,579,926,50,50,1,-1,-1,-1
385,3,493,1100,50,50,1,-1,-1,-1
385,5,353,669,50,50,1,-1,-1,-1
385,6,574,953,50,50,1,-1,-1,-1
385,7,551,719,50,50,1,-1,-1,-1
386,3,480,1027,50,50,1,-1,-1,-1
386,5,347,688,50,50,1,-1,-1,-1
386,6,577,979,50,50,1,-1,-1,-1
387,3,475,966,50,50,1,-1,-1,-1
387,5,341,712,50,50,1,-1,-1,-1
387,6,578,1020,50,50,1,-1,-1,-1
388,3,468,918,50,50,1,-1,-1,-1
388,5,336,742,50,50,1,-1,-1,-1
388,6,584,1065,50,50,1,-1,-1,-1
389,3,461,868,50,50,1,-1,-1,-1
389,5,331,777,50,50,1,-1,-1,-1
389,6,584,1107,50,50,1,-1,-1,-1
390,3,454,822,50,50,1,-1,-1,-1
390,5,326,819,50,50,1,-1,-1,-1
390,6,591,1150,50,50,1,-1,-1,-1
391,3,447,782,50,50,1,-1,-1,-1
391,5,322,866,50,50,1,-1,-1,-1
391,6,596,1174,50,50,1,-1,-1,-1
392,3,441,748,50,50,1,-1,-1,-1
392,5,318,913,50,50,1,-1,-1,-1
392,6,593,1170,50,50,1,-1,-1,-1
393,3,434,718,50,50,1,-1,-1,-1
393,5,307,942,50,50,1,-1,-1,-1
393,6,583,1148,50,50,1,-1,-1,-1
394,3,430,697,50,50,1,-1,-1,-1
394,5,301,964,50,50,1,-1,-1,-1
394,6,568,1088,50,50,1,-1,-1,-1
395,3,424,680,50,50,1,-1,-1,-1
395,5,323,955,50,50,1,-1,-1,-1
395,6,579,1025,50,50,1,-1,-1,-1
396,3,420,669,50,50,1,-1,-1,-1
396,5,364,938,50,50,1,-1,-1,-1
396,6,582,960,50,50,1,-1,-1,-1
397,3,415,664,50,50,1,-1,-1,-1
397,5,428,930,50,50,1,-1,-1,-1
397,6,581,909,50,50,1,-1,-1,-1
398,3,411,664,50,50,1,-1,-1,-1
398,5,471,935,50,50,1,-1,-1,-1
398,6,581,855,50,50,1,-1,-1,-1
399,3,407,670,50,50,1,-1,-1,-1
399,5,503,937,50,50,1,-1,-1,-1
399,6,581,806,50,50,1,-1,-1,-1
400,3,403,682,50,50,1,-1,-1,-1
400,5,543,946,50,50,1,-1,-1,-1
400,6,582,762,50,50,1,-1,-1,-1
401,3,399,700,50,50,1,-1,-1,-1
401,5,558,946,50,50,1,-1,-1,-1
401,6,579,722,50,50,1,-1,-1,-1
402,3,396,723,50,50,1,-1,-1,-1
402,5,472,945,50,50,1,-1,-1,-1
402,6,580,692,50,50,1,-1,-1,-1
403,3,393,753,50,50,1,-1,-1,-1
403,5,456,938,50,50,1,-1,-1,-1
403,6,580,665,50,50,1,-1,-1,-1
403,7,559,992,50,50,1,-1,-1,-1
404,3,390,789,50,50,1,-1,-1,-1
404,5,445,929,50,50,1,-1,-1,-1
404,6,581,644,50,50,1,-1,-1,-1
404,7,567,1020,50,50,1,-1,-1,-1
405,3,388,831,50,50,1,-1,-1,-1
405,5,564,1062,50,50,1,-1,-1,-1
405,6,583,629,50,50,1,-1,-1,-1
406,3,386,880,50,50,1,-1,-1,-1
406,5,555,1113,50,50,1,-1,-1,-1
406,6,584,619,50,50,1,-1,-1,-1
407,3,387,918,50,50,1,-1,-1,-1
407,5,563,1148,50,50,1,-1,-1,-1
407,6,586,615,50,50,1,-1,-1,-1
408,3,384,940,50,50,1,-1,-1,-1
408,5,561,1152,50,50,1,-1,-1,-1
408,6,589,616,50,50,1,-1,-1,-1
409,3,387,963,50,50,1,-1,-1,-1
409,5,550,1129,50,50,1,-1,-1,-1
409,6,591,623,50,50,1,-1,-1,-1
410,3,400,991,50,50,1,-1,-1,-1
410,5,538,1087,50,50,1,-1,-1,-1
410,6,594,636,50,50,1,-1,-1,-1
411,3,421,1022,50,50,1,-1,-1,-1
411,5,542,1024,50,50,1,-1,-1,-1
411,6,597,654,50,50,1,-1,-1,-1
412,3,434,1055,50,50,1,-1,-1,-1
412,5,538,965,50,50,1,-1,-1,-1
412,6,601,678,50,50,1,-1,-1,-1
413,3,462,1104,50,50,1,-1,-1,-1
413,5,541,916,50,50,1,-1,-1,-1
413,6,605,708,50,50,1,-1,-1,-1
414,3,485,1137,50,50,1,-1,-1,-1
414,5,544,880,50,50,1,-1,-1,-1
414,6,609,744,50,50,1,-1,-1,-1
415,3,494,1156,50,50,1,-1,-1,-1
415,6,614,785,50,50,1,-1,-1,-1
416,3,497,1153,50,50,1,-1,-1,-1
416,6,619,832,50,50,1,-1,-1,-1
417,3,493,1134,50,50,1,-1,-1,-1
417,5,550,756,50,50,1,-1,-1,-1
417,6,624,883,50,50,1,-1,-1,-1
418,3,482,1089,50,50,1,-1,-1,-1
418,5,550,724,50,50,1,-1,-1,-1
418,6,635,914,50,50,1,-1,-1,-1
419,3,463,1020,50,50,1,-1,-1,-1
419,5,551,706,50,50,1,-1,-1,-1
419,6,642,932,50,50,1,-1,-1,-1
420,3,453,956,50,50,1,-1,-1,-1
420,5,554,692,50,50,1,-1,-1,-1
420,6,583,957,50,50,1,-1,-1,-1
421,3,448,898,50,50,1,-1,-1,-1
421,5,557,682,50,50,1,-1,-1,-1
421,6,575,941,50,50,1,-1,-1,-1
422,3,440,841,50,50,1,-1,-1,-1
422,5,560,679,50,50,1,-1,-1,-1
422,6,533,964,50,50,1,-1,-1,-1
423,3,432,791,50,50,1,-1,-1,-1
423,5,563,680,50,50,1,-1,-1,-1
423,6,511,976,50,50,1,-1,-1,-1
424,3,425,747,50,50,1,-1,-1,-1
424,5,567,688,50,50,1,-1,-1,-1
424,6,492,984,50,50,1,-1,-1,-1
425,3,418,710,50,50,1,-1,-1,-1
425,5,571,700,50,50,1,-1,-1,-1
425,6,490,982,50,50,1,-1,-1,-1
426,3,411,677,50,50,1,-1,-1,-1
426,5,575,718,50,50,1,-1,-1,-1
426,6,496,1035,50,50,1,-1,-1,-1
427,3,405,650,50,50,1,-1,-1,-1
427,5,582,741,50,50,1,-1,-1,-1
427,6,496,1056,50,50,1,-1,-1,-1
428,3,398,629,50,50,1,-1,-1,-1
428,5,587,771,50,50,1,-1,-1,-1
428,6,496,1083,50,50,1,-1,-1,-1
429,3,393,614,50,50,1,-1,-1,-1
429,5,591,806,50,50,1,-1,-1,-1
429,6,498,1115,50,50,1,-1,-1,-1
429,8,531,952,50,50,1,-1,-1,-1
430,3,387,604,50,50,1,-1,-1,-1
430,5,596,846,50,50,1,-1,-1,-1
430,6,501,1143,50,50,1,-1,-1,-1
431,3,382,600,50,50,1,-1,-1,-1
431,5,602,891,50,50,1,-1,-1,-1
431,6,502,1156,50,50,1,-1,-1,-1
432,3,377,602,50,50,1,-1,-1,-1
432,5,610,929,50,50,1,-1,-1,-1
432,6,505,1153,50,50,1,-1,-1,-1
433,3,372,609,50,50,1,-1,-1,-1
433,5,611,953,50,50,1,-1,-1,-1
433,6,507,1132,50,50,1,-1,-1,-1
434,3,367,622,50,50,1,-1,-1,-1
434,5,610,977,50,50,1,-1,-1,-1
434,6,507,1085,50,50,1,-1,-1,-1
435,3,363,641,50,50,1,-1,-1,-1
435,5,608,1005,50,50,1,-1,-1,-1
435,6,491,1024,50,50,1,-1,-1,-1
436,3,359,666,50,50,1,-1,-1,-1
436,5,603,1041,50,50,1,-1,-1,-1
436,6,485,963,50,50,1,-1,-1,-1
437,3,356,697,50,50,1,-1,-1,-1
437,5,603,1094,50,50,1,-1,-1,-1
437,6,477,910,50,50,1,-1,-1,-1
438,3,352,734,50,50,1,-1,-1,-1
438,5,601,1140,50,50,1,-1,-1,-1
438,6,471,870,50,50,1,-1,-1,-1
439,3,349,777,50,50,1,-1,-1,-1
439,5,596,1168,50,50,1,-1,-1,-1
439,6,467,823,50,50,1,-1,-1,-1
440,3,347,826,50,50,1,-1,-1,-1
440,5,594,1181,50,50,1,-1,-1,-1
440,6,462,784,50,50,1,-1,-1,-1
440,8,431,916,50,50,1,-1,-1,-1
441,3,343,880,50,50,1,-1,-1,-1
441,5,591,1178,50,50,1,-1,-1,-1
441,6,457,751,50,50,1,-1,-1,-1
442,3,334,917,50,50,1,-1,-1,-1
442,5,586,1158,50,50,1,-1,-1,-1
442,6,453,724,50,50,1,-1,-1,-1
443,3,336,933,50,50,1,-1,-1,-1
443,5,585,1119,50,50,1,-1,-1,-1
443,6,449,703,50,50,1,-1,-1,-1
444,3,342,940,50,50,1,-1,-1,-1
444,5,577,1041,50,50,1,-1,-1,-1
444,6,445,687,50,50,1,-1,-1,-1
445,3,411,936,50,50,1,-1,-1,-1
445,5,578,961,50,50,1,-1,-1,-1
445,6,441,678,50,50,1,-1,-1,-1
446,3,446,930,50,50,1,-1,-1,-1
446,5,578,901,50,50,1,-1,-1,-1
446,6,439,674,50,50,1,-1,-1,-1
447,3,481,938,50,50,1,-1,-1,-1
447,5,580,840,50,50,1,-1,-1,-1
447,6,436,676,50,50,1,-1,-1,-1
448,3,515,944,50,50,1,-1,-1,-1
448,5,581,781,50,50,1,-1,-1,-1
448,6,433,683,50,50,1,-1,-1,-1
449,3,550,953,50,50,1,-1,-1,-1
449,5,578,728,50,50,1,-1,-1,-1
449,6,431,696,50,50,1,-1,-1,-1
450,3,563,971,50,50,1,-1,-1,-1
450,5,577,683,50,50,1,-1,-1,-1
450,6,429,715,50,50,1,-1,-1,-1
450,8,453,977,50,50,1,-1,-1,-1
451,3,479,936,50,50,1,-1,-1,-1
451,5,578,643,50,50,1,-1,-1,-1
451,6,427,739,50,50,1,-1,-1,-1
452,5,579,609,50,50,1,-1,-1,-1
452,6,426,770,50,50,1,-1,-1,-1
452,8,575,983,50,50,1,-1,-1,-1
453,3,574,1015,50,50,1,-1,-1,-1
453,5,580,581,50,50,1,-1,-1,-1
453,6,425,806,50,50,1,-1,-1,-1
454,3,462,960,50,50,1,-1,-1,-1
454,5,581,557,50,50,1,-1,-1,-1
454,6,424,848,50,50,1,-1,-1,-1
454,8,573,1050,50,50,1,-1,-1,-1
455,3,564,1095,50,50,1,-1,-1,-1
455,5,583,541,50,50,1,-1,-1,-1
455,6,425,896,50,50,1,-1,-1,-1
456,3,557,1133,50,50,1,-1,-1,-1
456,5,586,530,50,50,1,-1,-1,-1
456,6,425,948,50,50,1,-1,-1,-1
457,3,558,1158,50,50,1,-1,-1,-1
457,5,588,525,50,50,1,-1,-1,-1
457,6,428,981,50,50,1,-1,-1,-1
458,3,552,1159,50,50,1,-1,-1,-1
458,5,591,524,50,50,1,-1,-1,-1
458,6,422,998,50,50,1,-1,-1,-1
459,3,540,1141,50,50,1,-1,-1,-1
459,5,594,529,50,50,1,-1,-1,-1
459,6,432,1019,50,50,1,-1,-1,-1
460,3,530,1095,50,50,1,-1,-1,-1
460,5,597,540,50,50,1,-1,-1,-1
460,6,442,1044,50,50,1,-1,-1,-1
461,3,527,1041,50,50,1,-1,-1,-1
461,5,601,557,50,50,1,-1,-1,-1
462,3,524,981,50,50,1,-1,-1,-1
462,5,605,579,50,50,1,-1,-1,-1
462,6,431,1105,50,50,1,-1,-1,-1
463,3,527,924,50,50,1,-1,-1,-1
463,5,609,607,50,50,1,-1,-1,-1
463,6,470,1137,50,50,1,-1,-1,-1
464,3,532,884,50,50,1,-1,-1,-1
464,5,614,640,50,50,1,-1,-1,-1
464,6,479,1160,50,50,1,-1,-1,-1
465,3,531,827,50,50,1,-1,-1,-1
465,5,619,679,50,50,1,-1,-1,-1
465,6,483,1172,50,50,1,-1,-1,-1
465,8,597,989,50,50,1,-1,-1,-1
466,3,535,784,50,50,1,-1,-1,-1
466,5,624,724,50,50,1,-1,-1,-1
466,6,486,1177,50,50,1,-1,-1,-1
466,8,556,892,50,50,1,-1,-1,-1
467,5,630,775,50,50,1,-1,-1,-1
467,6,487,1169,50,50,1,-1,-1,-1
468,3,539,708,50,50,1,-1,-1,-1
468,5,636,827,50,50,1,-1,-1,-1
468,6,484,1150,50,50,1,-1,-1,-1
469,3,542,686,50,50,1,-1,-1,-1
469,5,637,868,50,50,1,-1,-1,-1
469,6,473,1107,50,50,1,-1,-1,-1
470,3,545,666,50,50,1,-1,-1,-1
470,5,646,890,50,50,1,-1,-1,-1
470,6,454,1029,50,50,1,-1,-1,-1
471,3,548,652,50,50,1,-1,-1,-1
471,5,635,899,50,50,1,-1,-1,-1
471,6,448,962,50,50,1,-1,-1,-1
472,3,552,643,50,50,1,-1,-1,-1
472,5,569,927,50,50,1,-1,-1,-1
472,6,439,907,50,50,1,-1,-1,-1
473,3,556,640,50,50,1,-1,-1,-1
473,5,539,943,50,50,1,-1,-1,-1
473,6,430,851,50,50,1,-1,-1,-1
474,3,560,643,50,50,1,-1,-1,-1
474,5,513,960,50,50,1,-1,-1,-1
474,6,422,801,50,50,1,-1,-1,-1
475,3,564,651,50,50,1,-1,-1,-1
475,5,492,973,50,50,1,-1,-1,-1
475,6,414,757,50,50,1,-1,-1,-1
476,3,569,664,50,50,1,-1,-1,-1
476,5,483,1000,50,50,1,-1,-1,-1
476,6,406,716,50,50,1,-1,-1,-1
477,3,574,683,50,50,1,-1,-1,-1
477,5,486,1030,50,50,1,-1,-1,-1
477,6,398,685,50,50,1,-1,-1,-1
478,3,580,707,50,50,1,-1,-1,-1
478,5,486,1063,50,50,1,-1,-1,-1
478,6,392,659,50,50,1,-1,-1,-1
478,9,543,969,50,50,1,-1,-1,-1
479,3,585,737,50,50,1,-1,-1,-1
479,5,490,1087,50,50,1,-1,-1,-1
479,6,386,639,50,50,1,-1,-1,-1
479,9,546,959,50,50,1,-1,-1,-1
480,3,591,772,50,50,1,-1,-1,-1
480,5,484,1135,50,50,1,-1,-1,-1
480,6,380,623,50,50,1,-1,-1,-1
480,9,552,956,50,50,1,-1,-1,-1
481,3,598,813,50,50,1,-1,-1,-1
481,5,483,1159,50,50,1,-1,-1,-1
481,6,374,614,50,50,1,-1,-1,-1
482,3,604,859,50,50,1,-1,-1,-1
482,5,484,1167,50,50,1,-1,-1,-1
482,6,368,610,50,50,1,-1,-1,-1
483,3,610,908,50,50,1,-1,-1,-1
483,5,488,1157,50,50,1,-1,-1,-1
483,6,363,611,50,50,1,-1,-1,-1
484,5,491,1131,50,50,1,-1,-1,-1
484,6,357,619,50,50,1,-1,-1,-1
484,9,615,941,50,50,1,-1,-1,-1
485,5,486,1089,50,50,1,-1,-1,-1
485,6,353,631,50,50,1,-1,-1,-1
485,9,615,967,50,50,1,-1,-1,-1
486,5,479,1015,50,50,1,-1,-1,-1
486,6,348,650,50,50,1,-1,-1,-1
486,9,615,995,50,50,1,-1,-1,-1
487,5,466,953,50,50,1,-1,-1,-1
487,6,344,673,50,50,1,-1,-1,-1
487,9,609,1029,50,50,1,-1,-1,-1
488,5,464,906,50,50,1,-1,-1,-1
488,6,340,703,50,50,1,-1,-1,-1
488,9,598,1069,50,50,1,-1,-1,-1
489,5,461,857,50,50,1,-1,-1,-1
489,6,337,738,50,50,1,-1,-1,-1
489,9,597,1130,50,50,1,-1,-1,-1
490,5,455,811,50,50,1,-1,-1,-1
490,6,333,779,50,50,1,-1,-1,-1
490,9,591,1159,50,50,1,-1,-1,-1
491,5,450,771,50,50,1,-1,-1,-1
491,6,330,825,50,50,1,-1,-1,-1
491,9,588,1172,50,50,1,-1,-1,-1
492,5,446,738,50,50,1,-1,-1,-1
492,6,327,876,50,50,1,-1,-1,-1
492,9,581,1167,50,50,1,-1,-1,-1
493,5,442,710,50,50,1,-1,-1,-1
493,6,322,910,50,50,1,-1,-1,-1
493,9,570,1140,50,50,1,-1,-1,-1
494,5,437,688,50,50,1,-1,-1,-1
494,6,319,923,50,50,1,-1,-1,-1
494,9,566,1098,50,50,1,-1,-1,-1
495,5,434,672,50,50,1,-1,-1,-1
495,6,327,933,50,50,1,-1,-1,-1
495,9,572,1022,50,50,1,-1,-1,-1
496,5,431,662,50,50,1,-1,-1,-1
496,6,365,927,50,50,1,-1,-1,-1
496,9,576,949,50,50,1,-1,-1,-1
497,5,428,657,50,50,1,-1,-1,-1
497,6,429,928,50,50,1,-1,-1,-1
497,9,577,892,50,50,1,-1,-1,-1
498,5,425,658,50,50,1,-1,-1,-1
498,6,468,933,50,50,1,-1,-1,-1
498,9,580,827,50,50,1,-1,-1,-1
499,5,423,664,50,50,1,-1,-1,-1
499,6,504,940,50,50,1,-1,-1,-1
499,9,581,772,50,50,1,-1,-1,-1
500,5,420,676,50,50,1,-1,-1,-1
500,6,540,951,50,50,1,-1,-1,-1
500,9,580,725,50,50,1,-1,-1,-1
501,5,418,694,50,50,1,-1,-1,-1
501,6,556,956,50,50,1,-1,-1,-1
501,9,581,681,50,50,1,-1,-1,-1
502,3,441,972,50,50,1,-1,-1,-1
502,5,417,717,50,50,1,-1,-1,-1
502,6,560,991,50,50,1,-1,-1,-1
502,9,583,642,50,50,1,-1,-1,-1
503,3,432,961,50,50,1,-1,-1,-1
503,5,416,747,50,50,1,-1,-1,-1
503,6,566,1007,50,50,1,-1,-1,-1
503,9,585,608,50,50,1,-1,-1,-1
504,3,466,949,50,50,1,-1,-1,-1
504,5,415,782,50,50,1,-1,-1,-1
504,6,567,1050,50,50,1,-1,-1,-1
504,9,588,583,50,50,1,-1,-1,-1
505,3,446,943,50,50,1,-1,-1,-1
505,5,414,823,50,50,1,-1,-1,-1
505,6,567,1089,50,50,1,-1,-1,-1
505,9,591,562,50,50,1,-1,-1,-1
506,5,414,869,50,50,1,-1,-1,-1
506,6,566,1129,50,50,1,-1,-1,-1
506,9,594,546,50,50,1,-1,-1,-1
507,5,414,923,50,50,1,-1,-1,-1
507,6,567,1161,50,50,1,-1,-1,-1
507,9,597,536,50,50,1,-1,-1,-1
508,5,415,964,50,50,1,-1,-1,-1
508,6,567,1179,50,50,1,-1,-1,-1
508,9,601,532,50,50,1,-1,-1,-1
509,5,416,997,50,50,1,-1,-1,-1
509,6,556,1172,50,50,1,-1,-1,-1
509,9,605,533,50,50,1,-1,-1,-1
510,5,420,1021,50,50,1,-1,-1,-1
510,6,541,1143,50,50,1,-1,-1,-1
510,9,609,540,50,50,1,-1,-1,-1
511,5,426,1048,50,50,1,-1,-1,-1
511,6,530,1094,50,50,1,-1,-1,-1
511,9,614,552,50,50,1,-1,-1,-1
512,5,434,1088,50,50,1,-1,-1,-1
512,6,528,1032,50,50,1,-1,-1,-1
512,9,619,570,50,50,1,-1,-1,-1
513,5,440,1125,50,50,1,-1,-1,-1
513,6,525,973,50,50,1,-1,-1,-1
513,9,624,594,50,50,1,-1,-1,-1
514,5,452,1148,50,50,1,-1,-1,-1
514,6,527,918,50,50,1,-1,-1,-1
514,9,630,623,50,50,1,-1,-1,-1
515,5,463,1165,50,50,1,-1,-1,-1
515,6,529,883,50,50,1,-1,-1,-1
515,9,636,658,50,50,1,-1,-1,-1
516,5,472,1172,50,50,1,-1,-1,-1
516,6,526,829,50,50,1,-1,-1,-1
516,9,643,699,50,50,1,-1,-1,-1
517,3,577,909,50,50,1,-1,-1,-1
517,5,480,1173,50,50,1,-1,-1,-1
517,6,530,789,50,50,1,-1,-1,-1
517,9,650,745,50,50,1,-1,-1,-1
518,3,602,903,50,50,1,-1,-1,-1
518,5,487,1164,50,50,1,-1,-1,-1
518,6,527,755,50,50,1,-1,-1,-1
518,9,657,798,50,50,1,-1,-1,-1
519,5,486,1144,50,50,1,-1,-1,-1
519,6,533,719,50,50,1,-1,-1,-1
519,9,664,853,50,50,1,-1,-1,-1
520,5,475,1103,50,50,1,-1,-1,-1
520,6,533,702,50,50,1,-1,-1,-1
520,9,672,892,50,50,1,-1,-1,-1
521,5,463,1014,50,50,1,-1,-1,-1
521,6,535,686,50,50,1,-1,-1,-1
521,9,671,907,50,50,1,-1,-1,-1
522,5,456,954,50,50,1,-1,-1,-1
522,6,537,676,50,50,1,-1,-1,-1
522,9,636,908,50,50,1,-1,-1,-1
523,5,450,903,50,50,1,-1,-1,-1
523,6,540,671,50,50,1,-1,-1,-1
523,9,573,931,50,50,1,-1,-1,-1
524,5,444,852,50,50,1,-1,-1,-1
524,6,543,671,50,50,1,-1,-1,-1
524,9,539,944,50,50,1,-1,-1,-1
525,5,438,805,50,50,1,-1,-1,-1
525,6,545,677,50,50,1,-1,-1,-1
525,9,508,964,50,50,1,-1,-1,-1
526,5,433,765,50,50,1,-1,-1,-1
526,6,549,689,50,50,1,-1,-1,-1
526,9,488,983,50,50,1,-1,-1,-1
527,5,427,730,50,50,1,-1,-1,-1
527,6,552,705,50,50,1,-1,-1,-1
527,9,481,1001,50,50,1,-1,-1,-1
528,5,422,702,50,50,1,-1,-1,-1
528,6,558,724,50,50,1,-1,-1,-1
528,9,481,1014,50,50,1,-1,-1,-1
529,5,418,678,50,50,1,-1,-1,-1
529,6,565,753,50,50,1,-1,-1,-1
529,9,479,1026,50,50,1,-1,-1,-1
530,5,413,661,50,50,1,-1,-1,-1
530,6,570,790,50,50,1,-1,-1,-1
530,9,480,1038,50,50,1,-1,-1,-1
531,3,533,951,50,50,1,-1,-1,-1
531,5,409,650,50,50,1,-1,-1,-1
531,6,575,825,50,50,1,-1,-1,-1
531,9,475,1048,50,50,1,-1,-1,-1
532,5,406,644,50,50,1,-1,-1,-1
532,6,577,875,50,50,1,-1,-1,-1
532,9,476,1063,50,50,1,-1,-1,-1
533,5,402,644,50,50,1,-1,-1,-1
533,6,580,913,50,50,1,-1,-1,-1
533,9,471,1073,50,50,1,-1,-1,-1
534,5,399,648,50,50,1,-1,-1,-1
534,6,600,929,50,50,1,-1,-1,-1
534,9,462,1077,50,50,1,-1,-1,-1
535,5,396,659,50,50,1,-1,-1,-1
535,6,599,943,50,50,1,-1,-1,-1
535,9,454,1076,50,50,1,-1,-1,-1
536,5,393,675,50,50,1,-1,-1,-1
536,6,606,960,50,50,1,-1,-1,-1
536,9,444,1076,50,50,1,-1,-1,-1
537,5,391,696,50,50,1,-1,-1,-1
537,6,604,971,50,50,1,-1,-1,-1
537,9,433,1075,50,50,1,-1,-1,-1
538,5,389,723,50,50,1,-1,-1,-1
538,6,606,980,50,50,1,-1,-1,-1
538,9,422,1074,50,50,1,-1,-1,-1
539,5,388,756,50,50,1,-1,-1,-1
539,6,608,990,50,50,1,-1,-1,-1
539,9,410,1076,50,50,1,-1,-1,-1
540,5,386,794,50,50,1,-1,-1,-1
540,6,621,999,50,50,1,-1,-1,-1
540,9,396,1077,50,50,1,-1,-1,-1
541,5,385,837,50,50,1,-1,-1,-1
541,6,627,1005,50,50,1,-1,-1,-1
541,9,382,1079,50,50,1,-1,-1,-1
542,5,384,886,50,50,1,-1,-1,-1
542,6,627,1008,50,50,1,-1,-1,-1
542,9,368,1077,50,50,1,-1,-1,-1
543,5,383,938,50,50,1,-1,-1,-1
543,6,633,1012,50,50,1,-1,-1,-1
543,9,359,1078,50,50,1,-1,-1,-1
544,5,383,998,50,50,1,-1,-1,-1
544,6,640,1014,50,50,1,-1,-1,-1
545,6,641,1015,50,50,1,-1,-1,-1
545,9,347,1064,50,50,1,-1,-1,-1
546,6,644,1015,50,50,1,-1,-1,-1
546,9,361,1049,50,50,1,-1,-1,-1
547,6,645,1013,50,50,1,-1,-1,-1
547,9,364,1050,50,50,1,-1,-1,-1
548,6,646,1012,50,50,1,-1,-1,-1
548,9,362,1051,50,50,1,-1,-1,-1
549,6,648,1012,50,50,1,-1,-1,-1
549,9,361,1053,50,50,1,-1,-1,-1
550,6,649,1012,50,50,1,-1,-1,-1
550,9,360,1054,50,50,1,-1,-1,-1
551,6,648,1011,50,50,1,-1,-1,-1
551,9,357,1059,50,50,1,-1,-1,-1
552,6,646,1011,50,50,1,-1,-1,-1
552,9,355,1070,50,50,1,-1,-1,-1
553,6,649,1014,50,50,1,-1,-1,-1
553,9,354,1082,50,50,1,-1,-1,-1
554,6,650,1017,50,50,1,-1,-1,-1
554,9,354,1096,50,50,1,-1,-1,-1
555,6,648,1019,50,50,1,-1,-1,-1
555,9,354,1112,50,50,1,-1,-1,-1
556,6,647,1022,50,50,1,-1,-1,-1
556,9,354,1122,50,50,1,-1,-1,-1
557,6,648,1024,50,50,1,-1,-1,-1
557,9,354,1128,50,50,1,-1,-1,-1
558,6,648,1025,50,50,1,-1,-1,-1
558,9,354,1128,50,50,1,-1,-1,-1
559,6,648,1024,50,50,1,-1,-1,-1
559,9,352,1124,50,50,1,-1,-1,-1
560,6,648,1022,50,50,1,-1,-1,-1
560,9,350,1126,50,50,1,-1,-1,-1
561,6,649,1021,50,50,1,-1,-1,-1
561,9,347,1135,50,50,1,-1,-1,-1
562,6,647,1021,50,50,1,-1,-1,-1
562,9,344,1145,50,50,1,-1,-1,-1
563,6,650,1023,50,50,1,-1,-1,-1
563,9,340,1143,50,50,1,-1,-1,-1
564,6,656,1024,50,50,1,-1,-1,-1
564,9,338,1121,50,50,1,-1,-1,-1
565,6,660,1024,50,50,1,-1,-1,-1
565,9,335,1095,50,50,1,-1,-1,-1
566,6,662,1024,50,50,1,-1,-1,-1
566,9,331,1071,50,50,1,-1,-1,-1
567,6,667,1023,50,50,1,-1,-1,-1
567,9,331,1049,50,50,1,-1,-1,-1
568,6,667,1022,50,50,1,-1,-1,-1
568,9,336,1028,50,50,1,-1,-1,-1
569,6,671,1019,50,50,1,-1,-1,-1
569,9,319,1021,50,50,1,-1,-1,-1
570,6,658,1017,50,50,1,-1,-1,-1
570,9,323,1011,50,50,1,-1,-1,-1
571,6,662,1016,50,50,1,-1,-1,-1
571,9,327,1006,50,50,1,-1,-1,-1
572,6,673,1015,50,50,1,-1,-1,-1
572,9,329,1005,50,50,1,-1,-1,-1
573,6,666,1015,50,50,1,-1,-1,-1
573,9,378,988,50,50,1,-1,-1,-1
574,6,665,1016,50,50,1,-1,-1,-1
574,9,332,1012,50,50,1,-1,-1,-1
575,6,673,1014,50,50,1,-1,-1,-1
575,9,334,1017,50,50,1,-1,-1,-1
576,6,677,1013,50,50,1,-1,-1,-1
576,9,338,1023,50,50,1,-1,-1,-1
577,6,679,1015,50,50,1,-1,-1,-1
577,9,339,1028,50,50,1,-1,-1,-1
578,6,677,1014,50,50,1,-1,-1,-1
578,9,351,1031,50,50,1,-1,-1,-1
579,6,673,1015,50,50,1,-1,-1,-1
579,9,352,1039,50,50,1,-1,-1,-1
580,6,680,1017,50,50,1,-1,-1,-1
580,9,355,1045,50,50,1,-1,-1,-1
581,6,678,1018,50,50,1,-1,-1,-1
581,9,359,1052,50,50,1,-1,-1,-1
582,6,677,1021,50,50,1,-1,-1,-1
582,9,357,1057,50,50,1,-1,-1,-1
583,6,674,1021,50,50,1,-1,-1,-1
583,9,358,1062,50,50,1,-1,-1,-1
584,6,673,1022,50,50,1,-1,-1,-1
584,9,358,1065,50,50,1,-1,-1,-1
585,6,671,1026,50,50,1,-1,-1,-1
585,9,364,1068,50,50,1,-1,-1,-1
586,6,667,1023,50,50,1,-1,-1,-1
586,9,350,1075,50,50,1,-1,-1,-1
587,6,668,1027,50,50,1,-1,-1,-1
587,9,349,1076,50,50,1,-1,-1,-1
588,6,666,1027,50,50,1,-1,-1,-1
588,9,349,1076,50,50,1,-1,-1,-1
589,6,665,1024,50,50,1,-1,-1,-1
589,9,347,1072,50,50,1,-1,-1,-1
590,6,665,1025,50,50,1,-1,-1,-1
590,9,347,1072,50,50,1,-1,-1,-1
591,6,641,1032,50,50,1,-1,-1,-1
591,9,355,1069,50,50,1,-1,-1,-1
592,6,662,1026,50,50,1,-1,-1,-1
592,9,355,1069,50,50,1,-1,-1,-1
593,6,640,1034,50,50,1,-1,-1,-1
593,9,355,1069,50,50,1,-1,-1,-1
594,6,639,1035,50,50,1,-1,-1,-1
594,9,355,1070,50,50,1,-1,-1,-1
595,6,639,1035,50,50,1,-1,-1,-1
595,9,356,1070,50,50,1,-1,-1,-1
596,6,640,1033,50,50,1,-1,-1,-1
596,9,356,1071,50,50,1,-1,-1,-1
597,6,641,1032,50,50,1,-1,-1,-1
597,9,357,1071,50,50,1,-1,-1,-1
598,6,642,1033,50,50,1,-1,-1,-1
598,9,357,1073,50,50,1,-1,-1,-1
599,6,646,1026,50,50,1,-1,-1,-1
599,9,359,1073,50,50,1,-1,-1,-1
600,6,656,1027,50,50,1,-1,-1,-1
600,9,361,1075,50,50,1,-1,-1,-1
601,6,656,1031,50,50,1,-1,-1,-1
601,9,365,1077,50,50,1,-1,-1,-1
602,6,657,1039,50,50,1,-1,-1,-1
602,9,370,1082,50,50,1,-1,-1,-1
603,6,659,1048,50,50,1,-1,-1,-1
603,9,374,1091,50,50,1,-1,-1,-1
604,6,663,1060,50,50,1,-1,-1,-1
604,9,381,1106,50,50,1,-1,-1,-1
605,6,642,1117,50,50,1,-1,-1,-1
605,9,381,1127,50,50,1,-1,-1,-1
