2,1,542,1158,50,50,1,-1,-1,-1
2,2,464,1081,50,50,1,-1,-1,-1
3,1,543,1153,50,50,1,-1,-1,-1
3,2,465,1067,50,50,1,-1,-1,-1
4,1,544,1146,50,50,1,-1,-1,-1
4,2,465,1052,50,50,1,-1,-1,-1
5,1,545,1139,50,50,1,-1,-1,-1
5,2,465,1035,50,50,1,-1,-1,-1
6,1,546,1133,50,50,1,-1,-1,-1
6,2,464,1018,50,50,1,-1,-1,-1
7,1,546,1128,50,50,1,-1,-1,-1
7,2,463,1003,50,50,1,-1,-1,-1
8,1,547,1126,50,50,1,-1,-1,-1
8,2,462,990,50,50,1,-1,-1,-1
9,1,547,1125,50,50,1,-1,-1,-1
9,2,460,980,50,50,1,-1,-1,-1
10,1,547,1124,50,50,1,-1,-1,-1
10,2,458,974,50,50,1,-1,-1,-1
11,1,545,1123,50,50,1,-1,-1,-1
11,2,457,972,50,50,1,-1,-1,-1
12,1,543,1119,50,50,1,-1,-1,-1
12,2,456,975,50,50,1,-1,-1,-1
13,1,540,1111,50,50,1,-1,-1,-1
13,2,457,984,50,50,1,-1,-1,-1
14,1,538,1099,50,50,1,-1,-1,-1
14,2,458,999,50,50,1,-1,-1,-1
15,1,536,1083,50,50,1,-1,-1,-1
15,2,458,1021,50,50,1,-1,-1,-1
16,1,538,1061,50,50,1,-1,-1,-1
16,2,457,1053,50,50,1,-1,-1,-1
17,1,542,1040,50,50,1,-1,-1,-1
17,2,457,1093,50,50,1,-1,-1,-1
18,1,547,1020,50,50,1,-1,-1,-1
18,2,456,1140,50,50,1,-1,-1,-1
19,1,553,1004,50,50,1,-1,-1,-1
19,2,452,1180,50,50,1,-1,-1,-1
20,1,558,995,50,50,1,-1,-1,-1
20,2,450,1211,50,50,1,-1,-1,-1
21,1,561,993,50,50,1,-1,-1,-1
21,2,451,1225,50,50,1,-1,-1,-1
22,1,564,999,50,50,1,-1,-1,-1
22,2,457,1225,50,50,1,-1,-1,-1
23,1,567,1015,50,50,1,-1,-1,-1
23,2,469,1203,50,50,1,-1,-1,-1
24,1,568,1043,50,50,1,-1,-1,-1
24,2,483,1156,50,50,1,-1,-1,-1
25,1,563,1077,50,50,1,-1,-1,-1
25,2,494,1086,50,50,1,-1,-1,-1
26,1,558,1115,50,50,1,-1,-1,-1
26,2,500,1004,50,50,1,-1,-1,-1
27,1,551,1151,50,50,1,-1,-1,-1
27,2,507,933,50,50,1,-1,-1,-1
28,1,541,1179,50,50,1,-1,-1,-1
28,2,515,853,50,50,1,-1,-1,-1
28,3,483,940,50,50,1,-1,-1,-1
29,1,533,1200,50,50,1,-1,-1,-1
29,2,518,783,50,50,1,-1,-1,-1
29,3,473,935,50,50,1,-1,-1,-1
30,1,527,1210,50,50,1,-1,-1,-1
30,2,523,720,50,50,1,-1,-1,-1
30,3,463,947,50,50,1,-1,-1,-1
31,1,524,1209,50,50,1,-1,-1,-1
31,2,529,661,50,50,1,-1,-1,-1
31,3,454,969,50,50,1,-1,-1,-1
32,1,522,1195,50,50,1,-1,-1,-1
32,2,534,608,50,50,1,-1,-1,-1
32,3,446,1000,50,50,1,-1,-1,-1
33,1,520,1162,50,50,1,-1,-1,-1
33,2,539,560,50,50,1,-1,-1,-1
33,3,441,1034,50,50,1,-1,-1,-1
34,1,519,1108,50,50,1,-1,-1,-1
34,2,545,519,50,50,1,-1,-1,-1
34,3,437,1067,50,50,1,-1,-1,-1
35,1,521,1043,50,50,1,-1,-1,-1
35,2,550,483,50,50,1,-1,-1,-1
35,3,436,1093,50,50,1,-1,-1,-1
36,1,519,972,50,50,1,-1,-1,-1
36,2,556,453,50,50,1,-1,-1,-1
36,3,437,1111,50,50,1,-1,-1,-1
37,1,519,906,50,50,1,-1,-1,-1
37,2,562,428,50,50,1,-1,-1,-1
37,3,439,1121,50,50,1,-1,-1,-1
38,1,515,844,50,50,1,-1,-1,-1
38,2,567,408,50,50,1,-1,-1,-1
38,3,441,1129,50,50,1,-1,-1,-1
38,4,520,972,50,50,1,-1,-1,-1
39,1,511,786,50,50,1,-1,-1,-1
39,2,572,394,50,50,1,-1,-1,-1
39,3,442,1134,50,50,1,-1,-1,-1
39,4,549,981,50,50,1,-1,-1,-1
40,1,508,734,50,50,1,-1,-1,-1
40,2,577,385,50,50,1,-1,-1,-1
40,3,442,1136,50,50,1,-1,-1,-1
40,4,539,1038,50,50,1,-1,-1,-1
41,1,505,687,50,50,1,-1,-1,-1
41,2,582,381,50,50,1,-1,-1,-1
41,3,439,1138,50,50,1,-1,-1,-1
41,4,554,1093,50,50,1,-1,-1,-1
42,1,503,645,50,50,1,-1,-1,-1
42,2,588,383,50,50,1,-1,-1,-1
42,3,436,1141,50,50,1,-1,-1,-1
42,4,563,1151,50,50,1,-1,-1,-1
43,1,500,608,50,50,1,-1,-1,-1
43,2,593,391,50,50,1,-1,-1,-1
43,3,433,1145,50,50,1,-1,-1,-1
43,4,564,1190,50,50,1,-1,-1,-1
44,1,497,577,50,50,1,-1,-1,-1
44,2,598,403,50,50,1,-1,-1,-1
44,3,431,1151,50,50,1,-1,-1,-1
44,4,563,1206,50,50,1,-1,-1,-1
45,1,495,551,50,50,1,-1,-1,-1
45,2,603,421,50,50,1,-1,-1,-1
45,3,429,1158,50,50,1,-1,-1,-1
45,4,561,1201,50,50,1,-1,-1,-1
46,1,491,531,50,50,1,-1,-1,-1
46,2,609,444,50,50,1,-1,-1,-1
46,3,428,1167,50,50,1,-1,-1,-1
46,4,561,1176,50,50,1,-1,-1,-1
47,1,489,516,50,50,1,-1,-1,-1
47,2,613,471,50,50,1,-1,-1,-1
47,3,427,1178,50,50,1,-1,-1,-1
47,4,560,1131,50,50,1,-1,-1,-1
48,1,486,507,50,50,1,-1,-1,-1
48,2,618,504,50,50,1,-1,-1,-1
48,3,428,1192,50,50,1,-1,-1,-1
48,4,558,1067,50,50,1,-1,-1,-1
49,1,483,504,50,50,1,-1,-1,-1
49,2,623,542,50,50,1,-1,-1,-1
49,3,431,1206,50,50,1,-1,-1,-1
49,4,554,997,50,50,1,-1,-1,-1
50,1,480,506,50,50,1,-1,-1,-1
50,2,627,585,50,50,1,-1,-1,-1
50,3,435,1219,50,50,1,-1,-1,-1
50,4,548,930,50,50,1,-1,-1,-1
51,1,477,513,50,50,1,-1,-1,-1
51,2,632,634,50,50,1,-1,-1,-1
51,3,443,1226,50,50,1,-1,-1,-1
51,4,542,865,50,50,1,-1,-1,-1
52,1,474,526,50,50,1,-1,-1,-1
52,2,637,686,50,50,1,-1,-1,-1
52,3,451,1230,50,50,1,-1,-1,-1
52,4,536,805,50,50,1,-1,-1,-1
53,1,471,544,50,50,1,-1,-1,-1
53,2,641,744,50,50,1,-1,-1,-1
53,3,463,1228,50,50,1,-1,-1,-1
53,4,530,750,50,50,1,-1,-1,-1
54,1,467,569,50,50,1,-1,-1,-1
54,2,645,806,50,50,1,-1,-1,-1
54,3,478,1212,50,50,1,-1,-1,-1
54,4,523,701,50,50,1,-1,-1,-1
55,1,465,599,50,50,1,-1,-1,-1
55,2,650,872,50,50,1,-1,-1,-1
55,3,494,1175,50,50,1,-1,-1,-1
55,4,517,656,50,50,1,-1,-1,-1
56,1,462,635,50,50,1,-1,-1,-1
56,2,657,928,50,50,1,-1,-1,-1
56,3,507,1111,50,50,1,-1,-1,-1
56,4,510,617,50,50,1,-1,-1,-1
57,1,459,677,50,50,1,-1,-1,-1
57,2,651,949,50,50,1,-1,-1,-1
57,3,515,1035,50,50,1,-1,-1,-1
57,4,503,583,50,50,1,-1,-1,-1
58,1,456,724,50,50,1,-1,-1,-1
58,2,647,982,50,50,1,-1,-1,-1
58,3,519,965,50,50,1,-1,-1,-1
58,4,496,554,50,50,1,-1,-1,-1
59,1,453,776,50,50,1,-1,-1,-1
59,2,632,1000,50,50,1,-1,-1,-1
59,3,526,898,50,50,1,-1,-1,-1
59,4,490,532,50,50,1,-1,-1,-1
60,1,448,834,50,50,1,-1,-1,-1
60,2,623,1028,50,50,1,-1,-1,-1
60,3,531,833,50,50,1,-1,-1,-1
60,4,483,515,50,50,1,-1,-1,-1
61,1,447,897,50,50,1,-1,-1,-1
61,2,613,1058,50,50,1,-1,-1,-1
61,3,533,776,50,50,1,-1,-1,-1
61,4,476,503,50,50,1,-1,-1,-1
62,1,444,966,50,50,1,-1,-1,-1
62,2,608,1084,50,50,1,-1,-1,-1
62,3,538,723,50,50,1,-1,-1,-1
62,4,469,497,50,50,1,-1,-1,-1
63,1,441,1028,50,50,1,-1,-1,-1
63,2,602,1098,50,50,1,-1,-1,-1
63,3,543,676,50,50,1,-1,-1,-1
63,4,462,497,50,50,1,-1,-1,-1
64,1,441,1072,50,50,1,-1,-1,-1
64,2,600,1108,50,50,1,-1,-1,-1
64,3,548,635,50,50,1,-1,-1,-1
64,4,455,503,50,50,1,-1,-1,-1
65,1,448,1114,50,50,1,-1,-1,-1
65,2,597,1116,50,50,1,-1,-1,-1
65,3,552,597,50,50,1,-1,-1,-1
65,4,448,514,50,50,1,-1,-1,-1
66,1,454,1159,50,50,1,-1,-1,-1
66,2,594,1124,50,50,1,-1,-1,-1
66,3,557,566,50,50,1,-1,-1,-1
66,4,441,531,50,50,1,-1,-1,-1
67,1,461,1188,50,50,1,-1,-1,-1
67,2,591,1135,50,50,1,-1,-1,-1
67,3,562,540,50,50,1,-1,-1,-1
67,4,434,554,50,50,1,-1,-1,-1
68,1,473,1181,50,50,1,-1,-1,-1
68,2,588,1148,50,50,1,-1,-1,-1
68,3,567,520,50,50,1,-1,-1,-1
68,4,426,583,50,50,1,-1,-1,-1
69,1,482,1140,50,50,1,-1,-1,-1
69,2,585,1164,50,50,1,-1,-1,-1
69,3,572,505,50,50,1,-1,-1,-1
69,4,419,619,50,50,1,-1,-1,-1
70,1,490,1071,50,50,1,-1,-1,-1
70,2,580,1179,50,50,1,-1,-1,-1
70,3,577,496,50,50,1,-1,-1,-1
70,4,412,660,50,50,1,-1,-1,-1
71,1,494,989,50,50,1,-1,-1,-1
71,2,574,1196,50,50,1,-1,-1,-1
71,3,581,492,50,50,1,-1,-1,-1
71,4,405,707,50,50,1,-1,-1,-1
72,1,498,922,50,50,1,-1,-1,-1
72,2,568,1212,50,50,1,-1,-1,-1
72,3,586,494,50,50,1,-1,-1,-1
72,4,398,759,50,50,1,-1,-1,-1
73,1,503,847,50,50,1,-1,-1,-1
73,2,561,1224,50,50,1,-1,-1,-1
73,3,591,501,50,50,1,-1,-1,-1
73,4,391,818,50,50,1,-1,-1,-1
74,1,508,779,50,50,1,-1,-1,-1
74,2,554,1232,50,50,1,-1,-1,-1
74,3,595,513,50,50,1,-1,-1,-1
74,4,383,882,50,50,1,-1,-1,-1
75,1,512,719,50,50,1,-1,-1,-1
75,2,550,1235,50,50,1,-1,-1,-1
75,3,600,531,50,50,1,-1,-1,-1
75,4,376,948,50,50,1,-1,-1,-1
76,1,517,664,50,50,1,-1,-1,-1
76,2,547,1230,50,50,1,-1,-1,-1
76,3,605,554,50,50,1,-1,-1,-1
76,4,368,984,50,50,1,-1,-1,-1
77,1,522,614,50,50,1,-1,-1,-1
77,2,545,1213,50,50,1,-1,-1,-1
77,3,609,583,50,50,1,-1,-1,-1
77,4,375,997,50,50,1,-1,-1,-1
78,1,527,571,50,50,1,-1,-1,-1
78,2,544,1178,50,50,1,-1,-1,-1
78,3,614,617,50,50,1,-1,-1,-1
78,4,388,1010,50,50,1,-1,-1,-1
79,1,532,533,50,50,1,-1,-1,-1
79,2,541,1120,50,50,1,-1,-1,-1
79,3,618,656,50,50,1,-1,-1,-1
79,4,401,1032,50,50,1,-1,-1,-1
80,1,536,501,50,50,1,-1,-1,-1
80,2,538,1042,50,50,1,-1,-1,-1
80,3,622,701,50,50,1,-1,-1,-1
80,4,409,1059,50,50,1,-1,-1,-1
81,1,540,475,50,50,1,-1,-1,-1
81,2,533,966,50,50,1,-1,-1,-1
81,3,627,750,50,50,1,-1,-1,-1
81,4,415,1090,50,50,1,-1,-1,-1
82,1,545,454,50,50,1,-1,-1,-1
82,2,530,894,50,50,1,-1,-1,-1
82,3,631,804,50,50,1,-1,-1,-1
82,4,419,1122,50,50,1,-1,-1,-1
83,1,549,439,50,50,1,-1,-1,-1
83,2,526,824,50,50,1,-1,-1,-1
83,3,635,864,50,50,1,-1,-1,-1
83,4,422,1155,50,50,1,-1,-1,-1
84,1,554,429,50,50,1,-1,-1,-1
84,2,517,762,50,50,1,-1,-1,-1
84,3,640,928,50,50,1,-1,-1,-1
84,4,422,1181,50,50,1,-1,-1,-1
85,1,558,425,50,50,1,-1,-1,-1
85,2,512,704,50,50,1,-1,-1,-1
85,3,644,992,50,50,1,-1,-1,-1
85,4,418,1200,50,50,1,-1,-1,-1
86,1,562,426,50,50,1,-1,-1,-1
86,2,506,651,50,50,1,-1,-1,-1
86,3,642,1040,50,50,1,-1,-1,-1
86,4,414,1212,50,50,1,-1,-1,-1
87,1,567,432,50,50,1,-1,-1,-1
87,2,500,604,50,50,1,-1,-1,-1
87,3,639,1064,50,50,1,-1,-1,-1
87,4,407,1220,50,50,1,-1,-1,-1
88,1,571,444,50,50,1,-1,-1,-1
88,2,494,561,50,50,1,-1,-1,-1
88,3,626,1093,50,50,1,-1,-1,-1
88,4,401,1222,50,50,1,-1,-1,-1
89,1,575,461,50,50,1,-1,-1,-1
89,2,489,524,50,50,1,-1,-1,-1
89,3,612,1125,50,50,1,-1,-1,-1
89,4,397,1222,50,50,1,-1,-1,-1
90,1,580,483,50,50,1,-1,-1,-1
90,2,482,493,50,50,1,-1,-1,-1
90,3,595,1162,50,50,1,-1,-1,-1
90,4,394,1222,50,50,1,-1,-1,-1
91,1,584,511,50,50,1,-1,-1,-1
91,2,477,468,50,50,1,-1,-1,-1
91,3,584,1188,50,50,1,-1,-1,-1
91,4,393,1223,50,50,1,-1,-1,-1
92,1,588,543,50,50,1,-1,-1,-1
92,2,471,447,50,50,1,-1,-1,-1
92,3,575,1189,50,50,1,-1,-1,-1
92,4,394,1225,50,50,1,-1,-1,-1
93,1,592,581,50,50,1,-1,-1,-1
93,2,464,433,50,50,1,-1,-1,-1
93,3,571,1163,50,50,1,-1,-1,-1
93,4,396,1227,50,50,1,-1,-1,-1
94,1,596,624,50,50,1,-1,-1,-1
94,2,458,424,50,50,1,-1,-1,-1
94,3,569,1110,50,50,1,-1,-1,-1
94,4,399,1231,50,50,1,-1,-1,-1
95,1,600,672,50,50,1,-1,-1,-1
95,2,452,420,50,50,1,-1,-1,-1
95,3,565,1037,50,50,1,-1,-1,-1
95,4,404,1235,50,50,1,-1,-1,-1
96,1,604,724,50,50,1,-1,-1,-1
96,2,447,423,50,50,1,-1,-1,-1
96,3,560,965,50,50,1,-1,-1,-1
96,4,409,1237,50,50,1,-1,-1,-1
97,1,607,781,50,50,1,-1,-1,-1
97,2,440,430,50,50,1,-1,-1,-1
97,3,555,895,50,50,1,-1,-1,-1
97,4,415,1239,50,50,1,-1,-1,-1
98,1,610,843,50,50,1,-1,-1,-1
98,2,434,444,50,50,1,-1,-1,-1
98,3,548,828,50,50,1,-1,-1,-1
98,4,421,1239,50,50,1,-1,-1,-1
99,1,614,909,50,50,1,-1,-1,-1
99,2,427,463,50,50,1,-1,-1,-1
99,3,541,768,50,50,1,-1,-1,-1
99,4,429,1236,50,50,1,-1,-1,-1
100,1,621,955,50,50,1,-1,-1,-1
100,2,421,488,50,50,1,-1,-1,-1
100,3,535,711,50,50,1,-1,-1,-1
100,4,441,1227,50,50,1,-1,-1,-1
101,1,616,987,50,50,1,-1,-1,-1
101,2,415,518,50,50,1,-1,-1,-1
101,3,529,659,50,50,1,-1,-1,-1
101,4,456,1202,50,50,1,-1,-1,-1
102,1,620,1008,50,50,1,-1,-1,-1
102,2,409,555,50,50,1,-1,-1,-1
102,3,522,614,50,50,1,-1,-1,-1
102,4,470,1147,50,50,1,-1,-1,-1
103,1,614,1028,50,50,1,-1,-1,-1
103,2,403,597,50,50,1,-1,-1,-1
103,3,515,574,50,50,1,-1,-1,-1
103,4,482,1070,50,50,1,-1,-1,-1
104,1,603,1046,50,50,1,-1,-1,-1
104,2,396,644,50,50,1,-1,-1,-1
104,3,509,539,50,50,1,-1,-1,-1
104,4,490,991,50,50,1,-1,-1,-1
105,1,594,1061,50,50,1,-1,-1,-1
105,2,390,698,50,50,1,-1,-1,-1
105,3,502,511,50,50,1,-1,-1,-1
105,4,496,921,50,50,1,-1,-1,-1
106,1,586,1073,50,50,1,-1,-1,-1
106,2,384,757,50,50,1,-1,-1,-1
106,3,496,487,50,50,1,-1,-1,-1
106,4,503,845,50,50,1,-1,-1,-1
107,1,580,1082,50,50,1,-1,-1,-1
107,2,378,821,50,50,1,-1,-1,-1
107,3,490,469,50,50,1,-1,-1,-1
107,4,511,777,50,50,1,-1,-1,-1
108,1,576,1089,50,50,1,-1,-1,-1
108,2,372,890,50,50,1,-1,-1,-1
108,3,483,456,50,50,1,-1,-1,-1
108,4,518,716,50,50,1,-1,-1,-1
109,1,576,1095,50,50,1,-1,-1,-1
109,2,366,956,50,50,1,-1,-1,-1
109,3,477,449,50,50,1,-1,-1,-1
109,4,526,661,50,50,1,-1,-1,-1
110,1,576,1102,50,50,1,-1,-1,-1
110,2,363,988,50,50,1,-1,-1,-1
110,3,470,447,50,50,1,-1,-1,-1
110,4,533,609,50,50,1,-1,-1,-1
111,1,576,1111,50,50,1,-1,-1,-1
111,2,360,1012,50,50,1,-1,-1,-1
111,3,463,450,50,50,1,-1,-1,-1
111,4,540,564,50,50,1,-1,-1,-1
112,1,577,1122,50,50,1,-1,-1,-1
112,2,370,1046,50,50,1,-1,-1,-1
112,3,457,459,50,50,1,-1,-1,-1
112,4,547,525,50,50,1,-1,-1,-1
113,1,578,1134,50,50,1,-1,-1,-1
113,2,383,1087,50,50,1,-1,-1,-1
113,3,450,473,50,50,1,-1,-1,-1
113,4,555,491,50,50,1,-1,-1,-1
114,1,577,1149,50,50,1,-1,-1,-1
114,2,395,1133,50,50,1,-1,-1,-1
114,3,443,492,50,50,1,-1,-1,-1
114,4,562,463,50,50,1,-1,-1,-1
115,1,577,1165,50,50,1,-1,-1,-1
115,2,412,1170,50,50,1,-1,-1,-1
115,3,437,518,50,50,1,-1,-1,-1
115,4,569,440,50,50,1,-1,-1,-1
116,1,575,1181,50,50,1,-1,-1,-1
116,2,432,1189,50,50,1,-1,-1,-1
116,3,430,548,50,50,1,-1,-1,-1
116,4,576,423,50,50,1,-1,-1,-1
117,1,570,1195,50,50,1,-1,-1,-1
117,2,445,1180,50,50,1,-1,-1,-1
117,3,424,583,50,50,1,-1,-1,-1
117,4,583,411,50,50,1,-1,-1,-1
118,1,565,1208,50,50,1,-1,-1,-1
118,2,454,1143,50,50,1,-1,-1,-1
118,3,417,623,50,50,1,-1,-1,-1
118,4,590,404,50,50,1,-1,-1,-1
119,1,560,1218,50,50,1,-1,-1,-1
119,2,461,1075,50,50,1,-1,-1,-1
119,3,411,669,50,50,1,-1,-1,-1
119,4,597,404,50,50,1,-1,-1,-1
120,1,554,1225,50,50,1,-1,-1,-1
120,2,465,1003,50,50,1,-1,-1,-1
120,3,405,720,50,50,1,-1,-1,-1
120,4,605,408,50,50,1,-1,-1,-1
121,1,549,1227,50,50,1,-1,-1,-1
121,2,469,937,50,50,1,-1,-1,-1
121,3,399,775,50,50,1,-1,-1,-1
121,4,611,417,50,50,1,-1,-1,-1
122,1,545,1224,50,50,1,-1,-1,-1
122,2,475,870,50,50,1,-1,-1,-1
122,3,392,835,50,50,1,-1,-1,-1
122,4,618,431,50,50,1,-1,-1,-1
123,1,539,1210,50,50,1,-1,-1,-1
123,2,481,802,50,50,1,-1,-1,-1
123,3,386,900,50,50,1,-1,-1,-1
123,4,625,451,50,50,1,-1,-1,-1
124,1,536,1182,50,50,1,-1,-1,-1
124,2,488,749,50,50,1,-1,-1,-1
124,3,380,967,50,50,1,-1,-1,-1
124,4,632,477,50,50,1,-1,-1,-1
125,1,532,1136,50,50,1,-1,-1,-1
125,2,494,697,50,50,1,-1,-1,-1
125,3,375,1023,50,50,1,-1,-1,-1
125,4,638,507,50,50,1,-1,-1,-1
126,1,526,1068,50,50,1,-1,-1,-1
126,2,499,650,50,50,1,-1,-1,-1
126,3,369,1051,50,50,1,-1,-1,-1
126,4,645,542,50,50,1,-1,-1,-1
127,1,523,997,50,50,1,-1,-1,-1
127,2,505,608,50,50,1,-1,-1,-1
127,3,373,1076,50,50,1,-1,-1,-1
127,4,652,583,50,50,1,-1,-1,-1
128,1,521,934,50,50,1,-1,-1,-1
128,2,511,573,50,50,1,-1,-1,-1
128,3,383,1095,50,50,1,-1,-1,-1
128,4,658,629,50,50,1,-1,-1,-1
129,1,516,867,50,50,1,-1,-1,-1
129,2,518,542,50,50,1,-1,-1,-1
129,3,392,1108,50,50,1,-1,-1,-1
129,4,664,679,50,50,1,-1,-1,-1
130,1,511,802,50,50,1,-1,-1,-1
130,2,523,516,50,50,1,-1,-1,-1
130,3,400,1115,50,50,1,-1,-1,-1
130,4,670,734,50,50,1,-1,-1,-1
131,1,506,749,50,50,1,-1,-1,-1
131,2,529,496,50,50,1,-1,-1,-1
131,3,407,1121,50,50,1,-1,-1,-1
131,4,677,794,50,50,1,-1,-1,-1
132,1,502,699,50,50,1,-1,-1,-1
132,2,535,482,50,50,1,-1,-1,-1
132,3,413,1127,50,50,1,-1,-1,-1
132,4,683,858,50,50,1,-1,-1,-1
133,1,497,655,50,50,1,-1,-1,-1
133,2,541,472,50,50,1,-1,-1,-1
133,3,417,1131,50,50,1,-1,-1,-1
133,4,689,924,50,50,1,-1,-1,-1
134,1,493,616,50,50,1,-1,-1,-1
134,2,547,468,50,50,1,-1,-1,-1
134,3,420,1137,50,50,1,-1,-1,-1
134,4,686,971,50,50,1,-1,-1,-1
135,1,488,582,50,50,1,-1,-1,-1
135,2,553,470,50,50,1,-1,-1,-1
135,3,423,1143,50,50,1,-1,-1,-1
135,4,681,999,50,50,1,-1,-1,-1
136,1,484,553,50,50,1,-1,-1,-1
136,2,558,477,50,50,1,-1,-1,-1
136,3,424,1151,50,50,1,-1,-1,-1
136,4,666,1039,50,50,1,-1,-1,-1
137,1,479,530,50,50,1,-1,-1,-1
137,2,564,490,50,50,1,-1,-1,-1
137,3,424,1159,50,50,1,-1,-1,-1
137,4,644,1091,50,50,1,-1,-1,-1
138,1,475,513,50,50,1,-1,-1,-1
138,2,571,508,50,50,1,-1,-1,-1
138,3,424,1168,50,50,1,-1,-1,-1
138,4,612,1152,50,50,1,-1,-1,-1
139,1,470,501,50,50,1,-1,-1,-1
139,2,576,531,50,50,1,-1,-1,-1
139,3,423,1177,50,50,1,-1,-1,-1
139,4,580,1183,50,50,1,-1,-1,-1
140,1,465,494,50,50,1,-1,-1,-1
140,2,582,560,50,50,1,-1,-1,-1
140,3,423,1188,50,50,1,-1,-1,-1
140,4,561,1175,50,50,1,-1,-1,-1
141,1,460,493,50,50,1,-1,-1,-1
141,2,588,595,50,50,1,-1,-1,-1
141,3,424,1199,50,50,1,-1,-1,-1
141,4,548,1135,50,50,1,-1,-1,-1
142,1,456,498,50,50,1,-1,-1,-1
142,2,593,635,50,50,1,-1,-1,-1
142,3,425,1209,50,50,1,-1,-1,-1
142,4,539,1071,50,50,1,-1,-1,-1
143,1,451,507,50,50,1,-1,-1,-1
143,2,599,680,50,50,1,-1,-1,-1
143,3,427,1218,50,50,1,-1,-1,-1
143,4,534,998,50,50,1,-1,-1,-1
144,1,447,522,50,50,1,-1,-1,-1
144,2,605,731,50,50,1,-1,-1,-1
144,3,429,1224,50,50,1,-1,-1,-1
144,4,531,934,50,50,1,-1,-1,-1
145,1,442,543,50,50,1,-1,-1,-1
145,2,610,787,50,50,1,-1,-1,-1
145,3,433,1228,50,50,1,-1,-1,-1
145,4,527,869,50,50,1,-1,-1,-1
146,1,438,569,50,50,1,-1,-1,-1
146,2,616,849,50,50,1,-1,-1,-1
146,3,439,1225,50,50,1,-1,-1,-1
146,4,519,805,50,50,1,-1,-1,-1
147,1,433,601,50,50,1,-1,-1,-1
147,2,621,915,50,50,1,-1,-1,-1
147,3,449,1213,50,50,1,-1,-1,-1
147,4,513,750,50,50,1,-1,-1,-1
148,1,429,638,50,50,1,-1,-1,-1
148,2,627,976,50,50,1,-1,-1,-1
148,3,462,1179,50,50,1,-1,-1,-1
148,4,507,699,50,50,1,-1,-1,-1
149,1,424,680,50,50,1,-1,-1,-1
149,2,628,1004,50,50,1,-1,-1,-1
149,3,474,1119,50,50,1,-1,-1,-1
149,4,501,654,50,50,1,-1,-1,-1
150,1,419,727,50,50,1,-1,-1,-1
150,2,626,1029,50,50,1,-1,-1,-1
150,3,482,1045,50,50,1,-1,-1,-1
150,4,496,614,50,50,1,-1,-1,-1
151,1,415,780,50,50,1,-1,-1,-1
151,2,613,1058,50,50,1,-1,-1,-1
151,3,487,975,50,50,1,-1,-1,-1
151,4,490,579,50,50,1,-1,-1,-1
152,1,411,838,50,50,1,-1,-1,-1
152,2,600,1087,50,50,1,-1,-1,-1
152,3,492,905,50,50,1,-1,-1,-1
152,4,484,550,50,50,1,-1,-1,-1
153,1,406,900,50,50,1,-1,-1,-1
153,2,591,1117,50,50,1,-1,-1,-1
153,3,496,840,50,50,1,-1,-1,-1
153,4,478,526,50,50,1,-1,-1,-1
154,1,401,969,50,50,1,-1,-1,-1
154,2,586,1142,50,50,1,-1,-1,-1
154,3,502,777,50,50,1,-1,-1,-1
154,4,472,508,50,50,1,-1,-1,-1
155,1,398,1029,50,50,1,-1,-1,-1
155,2,583,1159,50,50,1,-1,-1,-1
155,3,507,723,50,50,1,-1,-1,-1
155,4,465,494,50,50,1,-1,-1,-1
156,1,394,1070,50,50,1,-1,-1,-1
156,2,581,1168,50,50,1,-1,-1,-1
156,3,513,673,50,50,1,-1,-1,-1
156,4,459,487,50,50,1,-1,-1,-1
157,1,395,1110,50,50,1,-1,-1,-1
157,2,582,1173,50,50,1,-1,-1,-1
157,3,518,628,50,50,1,-1,-1,-1
157,4,454,486,50,50,1,-1,-1,-1
158,1,402,1152,50,50,1,-1,-1,-1
158,2,581,1177,50,50,1,-1,-1,-1
158,3,523,588,50,50,1,-1,-1,-1
158,4,448,489,50,50,1,-1,-1,-1
159,1,411,1187,50,50,1,-1,-1,-1
159,2,581,1181,50,50,1,-1,-1,-1
159,3,528,554,50,50,1,-1,-1,-1
159,4,441,499,50,50,1,-1,-1,-1
160,1,420,1204,50,50,1,-1,-1,-1
160,2,580,1187,50,50,1,-1,-1,-1
160,3,533,526,50,50,1,-1,-1,-1
160,4,435,514,50,50,1,-1,-1,-1
161,1,430,1197,50,50,1,-1,-1,-1
161,2,579,1192,50,50,1,-1,-1,-1
161,3,538,503,50,50,1,-1,-1,-1
161,4,428,534,50,50,1,-1,-1,-1
162,1,442,1162,50,50,1,-1,-1,-1
162,2,576,1199,50,50,1,-1,-1,-1
162,3,543,485,50,50,1,-1,-1,-1
162,4,422,561,50,50,1,-1,-1,-1
163,1,450,1097,50,50,1,-1,-1,-1
163,2,572,1207,50,50,1,-1,-1,-1
163,3,548,473,50,50,1,-1,-1,-1
163,4,417,594,50,50,1,-1,-1,-1
164,1,458,1018,50,50,1,-1,-1,-1
164,2,567,1217,50,50,1,-1,-1,-1
164,3,554,466,50,50,1,-1,-1,-1
164,4,411,632,50,50,1,-1,-1,-1
165,1,465,947,50,50,1,-1,-1,-1
165,2,561,1228,50,50,1,-1,-1,-1
165,3,558,465,50,50,1,-1,-1,-1
165,4,404,675,50,50,1,-1,-1,-1
166,1,473,871,50,50,1,-1,-1,-1
166,2,554,1238,50,50,1,-1,-1,-1
166,3,564,468,50,50,1,-1,-1,-1
166,4,398,725,50,50,1,-1,-1,-1
167,1,481,796,50,50,1,-1,-1,-1
167,2,547,1246,50,50,1,-1,-1,-1
167,3,569,478,50,50,1,-1,-1,-1
167,4,392,779,50,50,1,-1,-1,-1
168,1,489,735,50,50,1,-1,-1,-1
168,2,541,1248,50,50,1,-1,-1,-1
168,3,574,492,50,50,1,-1,-1,-1
168,4,386,840,50,50,1,-1,-1,-1
169,1,497,676,50,50,1,-1,-1,-1
169,2,536,1242,50,50,1,-1,-1,-1
169,3,578,512,50,50,1,-1,-1,-1
169,4,380,906,50,50,1,-1,-1,-1
170,1,504,621,50,50,1,-1,-1,-1
170,2,531,1227,50,50,1,-1,-1,-1
170,3,583,537,50,50,1,-1,-1,-1
170,4,374,974,50,50,1,-1,-1,-1
171,1,512,572,50,50,1,-1,-1,-1
171,2,527,1189,50,50,1,-1,-1,-1
171,3,588,568,50,50,1,-1,-1,-1
171,4,370,1024,50,50,1,-1,-1,-1
172,1,520,528,50,50,1,-1,-1,-1
172,2,523,1129,50,50,1,-1,-1,-1
172,3,592,604,50,50,1,-1,-1,-1
172,4,373,1047,50,50,1,-1,-1,-1
173,1,528,489,50,50,1,-1,-1,-1
173,2,519,1047,50,50,1,-1,-1,-1
173,3,597,645,50,50,1,-1,-1,-1
173,4,381,1070,50,50,1,-1,-1,-1
174,1,536,457,50,50,1,-1,-1,-1
174,2,516,971,50,50,1,-1,-1,-1
174,3,602,691,50,50,1,-1,-1,-1
174,4,386,1092,50,50,1,-1,-1,-1
175,1,544,429,50,50,1,-1,-1,-1
175,2,515,895,50,50,1,-1,-1,-1
175,3,606,742,50,50,1,-1,-1,-1
175,4,392,1117,50,50,1,-1,-1,-1
176,1,552,407,50,50,1,-1,-1,-1
176,2,511,823,50,50,1,-1,-1,-1
176,3,611,798,50,50,1,-1,-1,-1
176,4,394,1139,50,50,1,-1,-1,-1
177,1,560,391,50,50,1,-1,-1,-1
177,2,504,759,50,50,1,-1,-1,-1
177,3,615,859,50,50,1,-1,-1,-1
177,4,397,1157,50,50,1,-1,-1,-1
178,1,569,380,50,50,1,-1,-1,-1
178,2,500,697,50,50,1,-1,-1,-1
178,3,619,924,50,50,1,-1,-1,-1
178,4,401,1171,50,50,1,-1,-1,-1
179,1,576,375,50,50,1,-1,-1,-1
179,2,497,641,50,50,1,-1,-1,-1
179,3,626,979,50,50,1,-1,-1,-1
179,4,402,1181,50,50,1,-1,-1,-1
180,1,584,376,50,50,1,-1,-1,-1
180,2,492,590,50,50,1,-1,-1,-1
180,3,630,1006,50,50,1,-1,-1,-1
180,4,401,1188,50,50,1,-1,-1,-1
181,1,593,382,50,50,1,-1,-1,-1
181,2,488,544,50,50,1,-1,-1,-1
181,3,620,1038,50,50,1,-1,-1,-1
181,4,401,1194,50,50,1,-1,-1,-1
182,1,601,394,50,50,1,-1,-1,-1
182,2,484,504,50,50,1,-1,-1,-1
182,3,606,1084,50,50,1,-1,-1,-1
182,4,401,1200,50,50,1,-1,-1,-1
183,1,609,412,50,50,1,-1,-1,-1
183,2,480,469,50,50,1,-1,-1,-1
183,3,591,1140,50,50,1,-1,-1,-1
183,4,401,1204,50,50,1,-1,-1,-1
184,1,617,435,50,50,1,-1,-1,-1
184,2,476,441,50,50,1,-1,-1,-1
184,3,579,1180,50,50,1,-1,-1,-1
184,4,402,1207,50,50,1,-1,-1,-1
185,1,625,464,50,50,1,-1,-1,-1
185,2,472,418,50,50,1,-1,-1,-1
185,3,571,1192,50,50,1,-1,-1,-1
185,4,404,1211,50,50,1,-1,-1,-1
186,1,633,500,50,50,1,-1,-1,-1
186,2,467,400,50,50,1,-1,-1,-1
186,3,564,1171,50,50,1,-1,-1,-1
186,4,406,1215,50,50,1,-1,-1,-1
187,1,641,542,50,50,1,-1,-1,-1
187,2,462,388,50,50,1,-1,-1,-1
187,3,558,1124,50,50,1,-1,-1,-1
187,4,408,1219,50,50,1,-1,-1,-1
188,1,649,589,50,50,1,-1,-1,-1
188,2,458,381,50,50,1,-1,-1,-1
188,3,554,1050,50,50,1,-1,-1,-1
188,4,411,1222,50,50,1,-1,-1,-1
189,1,657,642,50,50,1,-1,-1,-1
189,2,454,380,50,50,1,-1,-1,-1
189,3,550,977,50,50,1,-1,-1,-1
189,4,415,1226,50,50,1,-1,-1,-1
190,1,665,701,50,50,1,-1,-1,-1
190,2,450,385,50,50,1,-1,-1,-1
190,3,547,909,50,50,1,-1,-1,-1
190,4,421,1229,50,50,1,-1,-1,-1
191,1,673,766,50,50,1,-1,-1,-1
191,2,445,395,50,50,1,-1,-1,-1
191,3,544,842,50,50,1,-1,-1,-1
191,4,427,1231,50,50,1,-1,-1,-1
192,1,681,837,50,50,1,-1,-1,-1
192,2,441,411,50,50,1,-1,-1,-1
192,3,538,781,50,50,1,-1,-1,-1
192,4,436,1232,50,50,1,-1,-1,-1
193,1,689,912,50,50,1,-1,-1,-1
193,2,437,433,50,50,1,-1,-1,-1
193,3,534,725,50,50,1,-1,-1,-1
193,4,446,1228,50,50,1,-1,-1,-1
194,1,697,985,50,50,1,-1,-1,-1
194,2,432,461,50,50,1,-1,-1,-1
194,3,530,675,50,50,1,-1,-1,-1
194,4,459,1209,50,50,1,-1,-1,-1
195,1,699,1028,50,50,1,-1,-1,-1
195,2,427,495,50,50,1,-1,-1,-1
195,3,526,630,50,50,1,-1,-1,-1
195,4,474,1167,50,50,1,-1,-1,-1
196,1,687,1046,50,50,1,-1,-1,-1
196,2,423,535,50,50,1,-1,-1,-1
196,3,522,591,50,50,1,-1,-1,-1
196,4,485,1097,50,50,1,-1,-1,-1
197,1,669,1063,50,50,1,-1,-1,-1
197,2,418,580,50,50,1,-1,-1,-1
197,3,517,557,50,50,1,-1,-1,-1
197,4,494,1019,50,50,1,-1,-1,-1
198,1,651,1090,50,50,1,-1,-1,-1
198,2,414,632,50,50,1,-1,-1,-1
198,3,513,529,50,50,1,-1,-1,-1
198,4,503,952,50,50,1,-1,-1,-1
199,1,630,1119,50,50,1,-1,-1,-1
199,2,410,690,50,50,1,-1,-1,-1
199,3,508,507,50,50,1,-1,-1,-1
199,4,513,879,50,50,1,-1,-1,-1
200,1,610,1148,50,50,1,-1,-1,-1
200,2,405,752,50,50,1,-1,-1,-1
200,3,504,490,50,50,1,-1,-1,-1
200,4,522,813,50,50,1,-1,-1,-1
201,1,594,1172,50,50,1,-1,-1,-1
201,2,402,822,50,50,1,-1,-1,-1
201,3,499,479,50,50,1,-1,-1,-1
201,4,528,756,50,50,1,-1,-1,-1
202,1,582,1187,50,50,1,-1,-1,-1
202,2,396,896,50,50,1,-1,-1,-1
202,3,495,474,50,50,1,-1,-1,-1
202,4,535,702,50,50,1,-1,-1,-1
203,1,573,1194,50,50,1,-1,-1,-1
203,2,393,966,50,50,1,-1,-1,-1
203,3,491,474,50,50,1,-1,-1,-1
203,4,543,655,50,50,1,-1,-1,-1
204,1,568,1197,50,50,1,-1,-1,-1
204,2,391,1013,50,50,1,-1,-1,-1
204,3,486,479,50,50,1,-1,-1,-1
204,4,552,611,50,50,1,-1,-1,-1
205,1,567,1197,50,50,1,-1,-1,-1
205,2,397,1047,50,50,1,-1,-1,-1
205,3,482,490,50,50,1,-1,-1,-1
205,4,560,574,50,50,1,-1,-1,-1
206,1,569,1195,50,50,1,-1,-1,-1
206,2,407,1081,50,50,1,-1,-1,-1
206,3,478,506,50,50,1,-1,-1,-1
206,4,568,543,50,50,1,-1,-1,-1
207,1,572,1193,50,50,1,-1,-1,-1
207,2,418,1122,50,50,1,-1,-1,-1
207,3,473,528,50,50,1,-1,-1,-1
207,4,576,517,50,50,1,-1,-1,-1
208,1,574,1193,50,50,1,-1,-1,-1
208,2,430,1167,50,50,1,-1,-1,-1
208,3,469,556,50,50,1,-1,-1,-1
208,4,584,497,50,50,1,-1,-1,-1
209,1,575,1193,50,50,1,-1,-1,-1
209,2,443,1203,50,50,1,-1,-1,-1
209,3,464,589,50,50,1,-1,-1,-1
209,4,591,482,50,50,1,-1,-1,-1
210,1,576,1196,50,50,1,-1,-1,-1
210,2,455,1208,50,50,1,-1,-1,-1
210,3,460,627,50,50,1,-1,-1,-1
210,4,600,473,50,50,1,-1,-1,-1
211,1,575,1202,50,50,1,-1,-1,-1
211,2,468,1181,50,50,1,-1,-1,-1
211,3,456,671,50,50,1,-1,-1,-1
211,4,607,469,50,50,1,-1,-1,-1
212,1,572,1212,50,50,1,-1,-1,-1
212,2,480,1120,50,50,1,-1,-1,-1
212,3,452,719,50,50,1,-1,-1,-1
212,4,615,470,50,50,1,-1,-1,-1
213,1,568,1222,50,50,1,-1,-1,-1
213,2,490,1041,50,50,1,-1,-1,-1
213,3,448,773,50,50,1,-1,-1,-1
213,4,622,477,50,50,1,-1,-1,-1
214,1,563,1232,50,50,1,-1,-1,-1
214,2,497,968,50,50,1,-1,-1,-1
214,3,442,830,50,50,1,-1,-1,-1
214,4,630,489,50,50,1,-1,-1,-1
215,1,560,1240,50,50,1,-1,-1,-1
215,2,506,893,50,50,1,-1,-1,-1
215,3,440,895,50,50,1,-1,-1,-1
215,4,637,506,50,50,1,-1,-1,-1
216,1,561,1241,50,50,1,-1,-1,-1
216,2,515,828,50,50,1,-1,-1,-1
216,3,435,964,50,50,1,-1,-1,-1
216,4,645,528,50,50,1,-1,-1,-1
217,1,563,1237,50,50,1,-1,-1,-1
217,2,522,766,50,50,1,-1,-1,-1
217,3,429,1023,50,50,1,-1,-1,-1
217,4,652,556,50,50,1,-1,-1,-1
218,1,567,1219,50,50,1,-1,-1,-1
218,2,530,710,50,50,1,-1,-1,-1
218,3,421,1052,50,50,1,-1,-1,-1
218,4,659,589,50,50,1,-1,-1,-1
219,1,572,1178,50,50,1,-1,-1,-1
219,2,538,657,50,50,1,-1,-1,-1
219,3,419,1079,50,50,1,-1,-1,-1
219,4,666,627,50,50,1,-1,-1,-1
220,1,575,1111,50,50,1,-1,-1,-1
220,2,546,611,50,50,1,-1,-1,-1
220,3,422,1097,50,50,1,-1,-1,-1
220,4,673,670,50,50,1,-1,-1,-1
221,1,571,1036,50,50,1,-1,-1,-1
221,2,554,570,50,50,1,-1,-1,-1
221,3,428,1109,50,50,1,-1,-1,-1
221,4,680,717,50,50,1,-1,-1,-1
222,1,569,964,50,50,1,-1,-1,-1
222,2,563,534,50,50,1,-1,-1,-1
222,3,432,1118,50,50,1,-1,-1,-1
222,4,687,770,50,50,1,-1,-1,-1
223,1,566,894,50,50,1,-1,-1,-1
223,2,571,504,50,50,1,-1,-1,-1
223,3,435,1125,50,50,1,-1,-1,-1
223,4,694,827,50,50,1,-1,-1,-1
224,1,563,829,50,50,1,-1,-1,-1
224,2,579,479,50,50,1,-1,-1,-1
224,3,438,1132,50,50,1,-1,-1,-1
224,4,700,888,50,50,1,-1,-1,-1
225,1,561,769,50,50,1,-1,-1,-1
225,2,587,460,50,50,1,-1,-1,-1
225,3,439,1138,50,50,1,-1,-1,-1
225,4,707,955,50,50,1,-1,-1,-1
226,1,558,714,50,50,1,-1,-1,-1
226,2,595,447,50,50,1,-1,-1,-1
226,3,438,1143,50,50,1,-1,-1,-1
226,4,713,1014,50,50,1,-1,-1,-1
227,1,555,664,50,50,1,-1,-1,-1
227,2,604,439,50,50,1,-1,-1,-1
227,3,437,1150,50,50,1,-1,-1,-1
227,4,716,1039,50,50,1,-1,-1,-1
228,1,551,620,50,50,1,-1,-1,-1
228,2,612,436,50,50,1,-1,-1,-1
228,3,437,1158,50,50,1,-1,-1,-1
228,4,708,1069,50,50,1,-1,-1,-1
229,1,548,581,50,50,1,-1,-1,-1
229,2,620,439,50,50,1,-1,-1,-1
229,3,438,1165,50,50,1,-1,-1,-1
229,4,688,1103,50,50,1,-1,-1,-1
230,1,545,547,50,50,1,-1,-1,-1
230,2,628,447,50,50,1,-1,-1,-1
230,3,440,1172,50,50,1,-1,-1,-1
230,4,659,1140,50,50,1,-1,-1,-1
231,1,542,518,50,50,1,-1,-1,-1
231,2,636,462,50,50,1,-1,-1,-1
231,3,441,1180,50,50,1,-1,-1,-1
231,4,630,1176,50,50,1,-1,-1,-1
232,1,538,496,50,50,1,-1,-1,-1
232,2,644,481,50,50,1,-1,-1,-1
232,3,443,1189,50,50,1,-1,-1,-1
232,4,606,1190,50,50,1,-1,-1,-1
233,1,535,478,50,50,1,-1,-1,-1
233,2,653,507,50,50,1,-1,-1,-1
233,3,446,1198,50,50,1,-1,-1,-1
233,4,594,1173,50,50,1,-1,-1,-1
234,1,532,466,50,50,1,-1,-1,-1
234,2,660,538,50,50,1,-1,-1,-1
234,3,449,1207,50,50,1,-1,-1,-1
234,4,588,1127,50,50,1,-1,-1,-1
235,1,529,460,50,50,1,-1,-1,-1
235,2,669,575,50,50,1,-1,-1,-1
235,3,452,1217,50,50,1,-1,-1,-1
235,4,584,1056,50,50,1,-1,-1,-1
236,1,526,459,50,50,1,-1,-1,-1
236,2,676,617,50,50,1,-1,-1,-1
236,3,455,1225,50,50,1,-1,-1,-1
236,4,580,981,50,50,1,-1,-1,-1
237,1,523,465,50,50,1,-1,-1,-1
237,2,684,665,50,50,1,-1,-1,-1
237,3,459,1231,50,50,1,-1,-1,-1
237,4,576,911,50,50,1,-1,-1,-1
238,1,519,476,50,50,1,-1,-1,-1
238,2,692,718,50,50,1,-1,-1,-1
238,3,466,1234,50,50,1,-1,-1,-1
238,4,571,842,50,50,1,-1,-1,-1
239,1,516,492,50,50,1,-1,-1,-1
239,2,700,777,50,50,1,-1,-1,-1
239,3,475,1233,50,50,1,-1,-1,-1
239,4,566,778,50,50,1,-1,-1,-1
240,1,512,515,50,50,1,-1,-1,-1
240,2,707,841,50,50,1,-1,-1,-1
240,3,489,1225,50,50,1,-1,-1,-1
240,4,561,718,50,50,1,-1,-1,-1
241,1,508,543,50,50,1,-1,-1,-1
241,2,715,910,50,50,1,-1,-1,-1
241,3,503,1202,50,50,1,-1,-1,-1
241,4,556,665,50,50,1,-1,-1,-1
242,1,505,578,50,50,1,-1,-1,-1
242,2,721,967,50,50,1,-1,-1,-1
242,3,517,1154,50,50,1,-1,-1,-1
242,4,550,617,50,50,1,-1,-1,-1
243,1,501,619,50,50,1,-1,-1,-1
243,2,716,982,50,50,1,-1,-1,-1
243,3,526,1084,50,50,1,-1,-1,-1
243,4,545,574,50,50,1,-1,-1,-1
244,1,498,666,50,50,1,-1,-1,-1
244,2,702,999,50,50,1,-1,-1,-1
244,3,530,1006,50,50,1,-1,-1,-1
244,4,539,536,50,50,1,-1,-1,-1
245,1,494,718,50,50,1,-1,-1,-1
245,2,684,1024,50,50,1,-1,-1,-1
245,3,533,936,50,50,1,-1,-1,-1
245,4,534,505,50,50,1,-1,-1,-1
246,1,491,774,50,50,1,-1,-1,-1
246,2,663,1056,50,50,1,-1,-1,-1
246,3,536,864,50,50,1,-1,-1,-1
246,4,529,479,50,50,1,-1,-1,-1
247,1,488,839,50,50,1,-1,-1,-1
247,2,648,1088,50,50,1,-1,-1,-1
247,3,535,797,50,50,1,-1,-1,-1
247,4,523,459,50,50,1,-1,-1,-1
248,1,481,913,50,50,1,-1,-1,-1
248,2,631,1121,50,50,1,-1,-1,-1
248,3,536,737,50,50,1,-1,-1,-1
248,4,518,444,50,50,1,-1,-1,-1
249,1,480,980,50,50,1,-1,-1,-1
249,2,620,1146,50,50,1,-1,-1,-1
249,3,537,683,50,50,1,-1,-1,-1
249,4,513,435,50,50,1,-1,-1,-1
250,1,476,1011,50,50,1,-1,-1,-1
250,2,610,1162,50,50,1,-1,-1,-1
250,3,539,634,50,50,1,-1,-1,-1
250,4,507,431,50,50,1,-1,-1,-1
251,1,486,1024,50,50,1,-1,-1,-1
251,2,603,1172,50,50,1,-1,-1,-1
251,3,540,591,50,50,1,-1,-1,-1
251,4,501,432,50,50,1,-1,-1,-1
252,1,495,1038,50,50,1,-1,-1,-1
252,2,597,1180,50,50,1,-1,-1,-1
252,3,542,553,50,50,1,-1,-1,-1
252,4,496,439,50,50,1,-1,-1,-1
253,1,496,1059,50,50,1,-1,-1,-1
253,2,592,1187,50,50,1,-1,-1,-1
253,3,543,521,50,50,1,-1,-1,-1
253,4,490,452,50,50,1,-1,-1,-1
254,1,492,1088,50,50,1,-1,-1,-1
254,2,588,1195,50,50,1,-1,-1,-1
254,3,545,494,50,50,1,-1,-1,-1
254,4,485,469,50,50,1,-1,-1,-1
255,1,486,1125,50,50,1,-1,-1,-1
255,2,586,1203,50,50,1,-1,-1,-1
255,3,546,474,50,50,1,-1,-1,-1
255,4,479,492,50,50,1,-1,-1,-1
256,1,474,1166,50,50,1,-1,-1,-1
256,2,586,1210,50,50,1,-1,-1,-1
256,3,548,458,50,50,1,-1,-1,-1
256,4,473,521,50,50,1,-1,-1,-1
257,1,463,1200,50,50,1,-1,-1,-1
257,2,584,1216,50,50,1,-1,-1,-1
257,3,549,448,50,50,1,-1,-1,-1
257,4,468,555,50,50,1,-1,-1,-1
258,1,459,1208,50,50,1,-1,-1,-1
258,2,581,1220,50,50,1,-1,-1,-1
258,3,550,444,50,50,1,-1,-1,-1
258,4,462,595,50,50,1,-1,-1,-1
259,1,462,1185,50,50,1,-1,-1,-1
259,2,576,1223,50,50,1,-1,-1,-1
259,3,552,444,50,50,1,-1,-1,-1
259,4,457,639,50,50,1,-1,-1,-1
260,1,469,1135,50,50,1,-1,-1,-1
260,2,570,1224,50,50,1,-1,-1,-1
260,3,553,450,50,50,1,-1,-1,-1
260,4,452,689,50,50,1,-1,-1,-1
261,1,475,1063,50,50,1,-1,-1,-1
261,2,564,1224,50,50,1,-1,-1,-1
261,3,554,461,50,50,1,-1,-1,-1
261,4,447,744,50,50,1,-1,-1,-1
262,1,484,995,50,50,1,-1,-1,-1
262,2,557,1221,50,50,1,-1,-1,-1
262,3,556,478,50,50,1,-1,-1,-1
262,4,441,803,50,50,1,-1,-1,-1
263,1,491,933,50,50,1,-1,-1,-1
263,2,553,1213,50,50,1,-1,-1,-1
263,3,557,499,50,50,1,-1,-1,-1
263,4,435,868,50,50,1,-1,-1,-1
264,1,499,867,50,50,1,-1,-1,-1
264,2,548,1192,50,50,1,-1,-1,-1
264,3,559,526,50,50,1,-1,-1,-1
264,4,430,938,50,50,1,-1,-1,-1
265,1,509,804,50,50,1,-1,-1,-1
265,2,545,1153,50,50,1,-1,-1,-1
265,3,559,557,50,50,1,-1,-1,-1
265,4,424,999,50,50,1,-1,-1,-1
266,1,515,755,50,50,1,-1,-1,-1
266,2,540,1094,50,50,1,-1,-1,-1
266,3,561,595,50,50,1,-1,-1,-1
266,4,420,1032,50,50,1,-1,-1,-1
267,1,523,708,50,50,1,-1,-1,-1
267,2,536,1020,50,50,1,-1,-1,-1
267,3,562,636,50,50,1,-1,-1,-1
267,4,421,1059,50,50,1,-1,-1,-1
268,2,533,949,50,50,1,-1,-1,-1
268,3,546,674,50,50,1,-1,-1,-1
268,4,425,1078,50,50,1,-1,-1,-1
269,1,539,629,50,50,1,-1,-1,-1
269,2,532,883,50,50,1,-1,-1,-1
269,3,564,734,50,50,1,-1,-1,-1
269,4,429,1093,50,50,1,-1,-1,-1
270,1,546,597,50,50,1,-1,-1,-1
270,2,527,818,50,50,1,-1,-1,-1
270,3,565,789,50,50,1,-1,-1,-1
270,4,432,1105,50,50,1,-1,-1,-1
271,1,554,571,50,50,1,-1,-1,-1
271,2,522,761,50,50,1,-1,-1,-1
271,3,566,850,50,50,1,-1,-1,-1
271,4,434,1113,50,50,1,-1,-1,-1
272,1,562,551,50,50,1,-1,-1,-1
272,2,518,707,50,50,1,-1,-1,-1
272,3,566,911,50,50,1,-1,-1,-1
272,4,434,1119,50,50,1,-1,-1,-1
273,1,570,536,50,50,1,-1,-1,-1
273,2,514,659,50,50,1,-1,-1,-1
273,3,567,950,50,50,1,-1,-1,-1
273,4,432,1125,50,50,1,-1,-1,-1
274,1,578,526,50,50,1,-1,-1,-1
274,2,509,617,50,50,1,-1,-1,-1
274,3,568,974,50,50,1,-1,-1,-1
274,4,430,1131,50,50,1,-1,-1,-1
275,1,586,522,50,50,1,-1,-1,-1
275,2,505,580,50,50,1,-1,-1,-1
275,3,563,1012,50,50,1,-1,-1,-1
275,4,425,1137,50,50,1,-1,-1,-1
276,1,594,523,50,50,1,-1,-1,-1
276,2,502,548,50,50,1,-1,-1,-1
276,3,561,1069,50,50,1,-1,-1,-1
276,4,422,1140,50,50,1,-1,-1,-1
277,1,602,529,50,50,1,-1,-1,-1
277,2,497,521,50,50,1,-1,-1,-1
277,3,557,1126,50,50,1,-1,-1,-1
277,4,419,1143,50,50,1,-1,-1,-1
278,1,610,541,50,50,1,-1,-1,-1
278,2,494,500,50,50,1,-1,-1,-1
278,3,558,1173,50,50,1,-1,-1,-1
278,4,418,1148,50,50,1,-1,-1,-1
279,1,618,559,50,50,1,-1,-1,-1
279,2,490,485,50,50,1,-1,-1,-1
279,3,562,1183,50,50,1,-1,-1,-1
279,4,417,1154,50,50,1,-1,-1,-1
280,1,625,582,50,50,1,-1,-1,-1
280,2,485,474,50,50,1,-1,-1,-1
280,3,562,1158,50,50,1,-1,-1,-1
280,4,418,1163,50,50,1,-1,-1,-1
281,1,633,610,50,50,1,-1,-1,-1
281,2,481,469,50,50,1,-1,-1,-1
281,3,562,1104,50,50,1,-1,-1,-1
281,4,418,1172,50,50,1,-1,-1,-1
282,1,640,644,50,50,1,-1,-1,-1
282,2,477,470,50,50,1,-1,-1,-1
282,3,557,1027,50,50,1,-1,-1,-1
282,4,418,1182,50,50,1,-1,-1,-1
283,1,648,683,50,50,1,-1,-1,-1
283,2,473,476,50,50,1,-1,-1,-1
283,3,550,951,50,50,1,-1,-1,-1
283,4,420,1193,50,50,1,-1,-1,-1
284,1,656,728,50,50,1,-1,-1,-1
284,2,469,488,50,50,1,-1,-1,-1
284,3,544,879,50,50,1,-1,-1,-1
284,4,423,1203,50,50,1,-1,-1,-1
285,1,663,778,50,50,1,-1,-1,-1
285,2,464,504,50,50,1,-1,-1,-1
285,3,538,811,50,50,1,-1,-1,-1
285,4,427,1212,50,50,1,-1,-1,-1
286,1,670,832,50,50,1,-1,-1,-1
286,2,461,527,50,50,1,-1,-1,-1
286,3,531,748,50,50,1,-1,-1,-1
286,4,434,1218,50,50,1,-1,-1,-1
287,1,678,892,50,50,1,-1,-1,-1
287,2,456,555,50,50,1,-1,-1,-1
287,3,525,690,50,50,1,-1,-1,-1
287,4,443,1219,50,50,1,-1,-1,-1
288,1,684,952,50,50,1,-1,-1,-1
288,2,452,588,50,50,1,-1,-1,-1
288,3,518,638,50,50,1,-1,-1,-1
288,4,455,1211,50,50,1,-1,-1,-1
289,1,689,988,50,50,1,-1,-1,-1
289,2,448,627,50,50,1,-1,-1,-1
289,3,511,591,50,50,1,-1,-1,-1
289,4,470,1184,50,50,1,-1,-1,-1
290,1,681,1010,50,50,1,-1,-1,-1
290,2,444,671,50,50,1,-1,-1,-1
290,3,504,549,50,50,1,-1,-1,-1
290,4,485,1130,50,50,1,-1,-1,-1
291,1,663,1036,50,50,1,-1,-1,-1
291,2,440,720,50,50,1,-1,-1,-1
291,3,498,512,50,50,1,-1,-1,-1
291,4,494,1058,50,50,1,-1,-1,-1
292,1,645,1064,50,50,1,-1,-1,-1
292,2,435,774,50,50,1,-1,-1,-1
292,3,491,482,50,50,1,-1,-1,-1
292,4,499,986,50,50,1,-1,-1,-1
293,1,628,1095,50,50,1,-1,-1,-1
293,2,431,834,50,50,1,-1,-1,-1
293,3,484,457,50,50,1,-1,-1,-1
293,4,507,921,50,50,1,-1,-1,-1
294,1,615,1129,50,50,1,-1,-1,-1
294,2,427,899,50,50,1,-1,-1,-1
294,3,477,437,50,50,1,-1,-1,-1
294,4,513,853,50,50,1,-1,-1,-1
295,1,603,1156,50,50,1,-1,-1,-1
295,2,424,966,50,50,1,-1,-1,-1
295,3,470,423,50,50,1,-1,-1,-1
295,4,518,790,50,50,1,-1,-1,-1
296,1,592,1176,50,50,1,-1,-1,-1
296,2,417,1022,50,50,1,-1,-1,-1
296,3,462,414,50,50,1,-1,-1,-1
296,4,523,736,50,50,1,-1,-1,-1
297,1,585,1190,50,50,1,-1,-1,-1
297,2,408,1057,50,50,1,-1,-1,-1
297,3,456,411,50,50,1,-1,-1,-1
297,4,529,687,50,50,1,-1,-1,-1
298,1,581,1199,50,50,1,-1,-1,-1
298,2,404,1093,50,50,1,-1,-1,-1
298,3,449,413,50,50,1,-1,-1,-1
298,4,534,642,50,50,1,-1,-1,-1
299,1,579,1205,50,50,1,-1,-1,-1
299,2,407,1135,50,50,1,-1,-1,-1
299,3,442,421,50,50,1,-1,-1,-1
299,4,540,602,50,50,1,-1,-1,-1
300,1,576,1210,50,50,1,-1,-1,-1
300,2,413,1175,50,50,1,-1,-1,-1
300,3,435,434,50,50,1,-1,-1,-1
300,4,546,569,50,50,1,-1,-1,-1
301,1,572,1218,50,50,1,-1,-1,-1
301,2,421,1199,50,50,1,-1,-1,-1
301,3,428,453,50,50,1,-1,-1,-1
301,4,551,540,50,50,1,-1,-1,-1
302,1,568,1226,50,50,1,-1,-1,-1
302,2,430,1203,50,50,1,-1,-1,-1
302,3,421,477,50,50,1,-1,-1,-1
302,4,558,516,50,50,1,-1,-1,-1
303,1,564,1234,50,50,1,-1,-1,-1
303,2,440,1185,50,50,1,-1,-1,-1
303,3,414,508,50,50,1,-1,-1,-1
303,4,564,499,50,50,1,-1,-1,-1
304,1,560,1241,50,50,1,-1,-1,-1
304,2,451,1140,50,50,1,-1,-1,-1
304,3,406,543,50,50,1,-1,-1,-1
304,4,569,486,50,50,1,-1,-1,-1
305,1,555,1247,50,50,1,-1,-1,-1
305,2,460,1071,50,50,1,-1,-1,-1
305,3,400,584,50,50,1,-1,-1,-1
305,4,575,479,50,50,1,-1,-1,-1
306,1,551,1250,50,50,1,-1,-1,-1
306,2,467,994,50,50,1,-1,-1,-1
306,3,393,630,50,50,1,-1,-1,-1
306,4,580,478,50,50,1,-1,-1,-1
307,1,545,1252,50,50,1,-1,-1,-1
307,2,473,933,50,50,1,-1,-1,-1
307,3,386,683,50,50,1,-1,-1,-1
307,4,586,481,50,50,1,-1,-1,-1
308,1,540,1250,50,50,1,-1,-1,-1
308,2,481,861,50,50,1,-1,-1,-1
308,3,379,740,50,50,1,-1,-1,-1
308,4,591,490,50,50,1,-1,-1,-1
309,1,536,1245,50,50,1,-1,-1,-1
309,2,490,793,50,50,1,-1,-1,-1
309,3,373,801,50,50,1,-1,-1,-1
309,4,597,504,50,50,1,-1,-1,-1
310,1,532,1233,50,50,1,-1,-1,-1
310,2,497,740,50,50,1,-1,-1,-1
310,3,366,869,50,50,1,-1,-1,-1
310,4,603,524,50,50,1,-1,-1,-1
311,1,531,1208,50,50,1,-1,-1,-1
311,2,504,689,50,50,1,-1,-1,-1
311,3,359,942,50,50,1,-1,-1,-1
311,4,608,549,50,50,1,-1,-1,-1
312,1,529,1161,50,50,1,-1,-1,-1
312,2,511,643,50,50,1,-1,-1,-1
312,3,360,999,50,50,1,-1,-1,-1
312,4,614,579,50,50,1,-1,-1,-1
313,1,527,1091,50,50,1,-1,-1,-1
313,2,519,602,50,50,1,-1,-1,-1
313,3,358,1015,50,50,1,-1,-1,-1
313,4,619,614,50,50,1,-1,-1,-1
314,1,525,1014,50,50,1,-1,-1,-1
314,2,526,566,50,50,1,-1,-1,-1
314,3,366,1044,50,50,1,-1,-1,-1
314,4,624,655,50,50,1,-1,-1,-1
315,1,524,943,50,50,1,-1,-1,-1
315,2,533,537,50,50,1,-1,-1,-1
315,3,377,1074,50,50,1,-1,-1,-1
315,4,629,701,50,50,1,-1,-1,-1
316,1,525,874,50,50,1,-1,-1,-1
316,2,540,512,50,50,1,-1,-1,-1
316,3,388,1101,50,50,1,-1,-1,-1
316,4,634,750,50,50,1,-1,-1,-1
317,1,521,805,50,50,1,-1,-1,-1
317,2,547,493,50,50,1,-1,-1,-1
317,3,398,1126,50,50,1,-1,-1,-1
317,4,640,807,50,50,1,-1,-1,-1
318,1,518,746,50,50,1,-1,-1,-1
318,2,554,480,50,50,1,-1,-1,-1
318,3,406,1146,50,50,1,-1,-1,-1
318,4,645,867,50,50,1,-1,-1,-1
319,1,516,690,50,50,1,-1,-1,-1
319,2,561,472,50,50,1,-1,-1,-1
319,3,411,1159,50,50,1,-1,-1,-1
319,4,650,932,50,50,1,-1,-1,-1
320,1,513,639,50,50,1,-1,-1,-1
320,2,569,469,50,50,1,-1,-1,-1
320,3,414,1167,50,50,1,-1,-1,-1
320,4,658,992,50,50,1,-1,-1,-1
321,1,511,594,50,50,1,-1,-1,-1
321,2,576,472,50,50,1,-1,-1,-1
321,3,416,1174,50,50,1,-1,-1,-1
321,4,653,1017,50,50,1,-1,-1,-1
322,1,509,554,50,50,1,-1,-1,-1
322,2,582,479,50,50,1,-1,-1,-1
322,3,416,1180,50,50,1,-1,-1,-1
322,4,641,1047,50,50,1,-1,-1,-1
323,1,507,519,50,50,1,-1,-1,-1
323,2,589,493,50,50,1,-1,-1,-1
323,3,418,1186,50,50,1,-1,-1,-1
323,4,628,1091,50,50,1,-1,-1,-1
324,1,505,490,50,50,1,-1,-1,-1
324,2,596,511,50,50,1,-1,-1,-1
324,3,419,1190,50,50,1,-1,-1,-1
324,4,613,1138,50,50,1,-1,-1,-1
325,1,502,467,50,50,1,-1,-1,-1
325,2,604,534,50,50,1,-1,-1,-1
325,3,421,1194,50,50,1,-1,-1,-1
325,4,596,1177,50,50,1,-1,-1,-1
326,1,500,449,50,50,1,-1,-1,-1
326,2,610,563,50,50,1,-1,-1,-1
326,3,425,1198,50,50,1,-1,-1,-1
326,4,589,1186,50,50,1,-1,-1,-1
327,1,498,437,50,50,1,-1,-1,-1
327,2,616,597,50,50,1,-1,-1,-1
327,3,427,1203,50,50,1,-1,-1,-1
327,4,587,1165,50,50,1,-1,-1,-1
328,1,495,430,50,50,1,-1,-1,-1
328,2,623,637,50,50,1,-1,-1,-1
328,3,430,1208,50,50,1,-1,-1,-1
328,4,588,1119,50,50,1,-1,-1,-1
329,1,493,429,50,50,1,-1,-1,-1
329,2,629,681,50,50,1,-1,-1,-1
329,3,435,1214,50,50,1,-1,-1,-1
329,4,586,1048,50,50,1,-1,-1,-1
330,1,491,433,50,50,1,-1,-1,-1
330,2,635,729,50,50,1,-1,-1,-1
330,3,441,1220,50,50,1,-1,-1,-1
330,4,583,977,50,50,1,-1,-1,-1
331,1,488,443,50,50,1,-1,-1,-1
331,2,642,783,50,50,1,-1,-1,-1
331,3,449,1225,50,50,1,-1,-1,-1
331,4,578,909,50,50,1,-1,-1,-1
332,1,486,458,50,50,1,-1,-1,-1
332,2,648,841,50,50,1,-1,-1,-1
332,3,459,1227,50,50,1,-1,-1,-1
332,4,573,843,50,50,1,-1,-1,-1
333,1,484,480,50,50,1,-1,-1,-1
333,2,654,904,50,50,1,-1,-1,-1
333,3,472,1222,50,50,1,-1,-1,-1
333,4,568,782,50,50,1,-1,-1,-1
334,1,481,506,50,50,1,-1,-1,-1
334,2,658,966,50,50,1,-1,-1,-1
334,3,487,1208,50,50,1,-1,-1,-1
334,4,563,726,50,50,1,-1,-1,-1
335,1,478,540,50,50,1,-1,-1,-1
335,2,667,995,50,50,1,-1,-1,-1
335,3,502,1169,50,50,1,-1,-1,-1
335,4,558,674,50,50,1,-1,-1,-1
336,1,476,578,50,50,1,-1,-1,-1
336,2,664,1015,50,50,1,-1,-1,-1
336,3,515,1102,50,50,1,-1,-1,-1
336,4,553,629,50,50,1,-1,-1,-1
337,1,474,621,50,50,1,-1,-1,-1
337,2,655,1036,50,50,1,-1,-1,-1
337,3,520,1024,50,50,1,-1,-1,-1
337,4,547,589,50,50,1,-1,-1,-1
338,1,471,672,50,50,1,-1,-1,-1
338,2,643,1056,50,50,1,-1,-1,-1
338,3,524,952,50,50,1,-1,-1,-1
338,4,542,554,50,50,1,-1,-1,-1
339,1,469,727,50,50,1,-1,-1,-1
339,2,631,1074,50,50,1,-1,-1,-1
339,3,528,884,50,50,1,-1,-1,-1
339,4,536,524,50,50,1,-1,-1,-1
340,1,465,786,50,50,1,-1,-1,-1
340,2,621,1089,50,50,1,-1,-1,-1
340,3,529,817,50,50,1,-1,-1,-1
340,4,531,500,50,50,1,-1,-1,-1
341,1,461,857,50,50,1,-1,-1,-1
341,2,612,1101,50,50,1,-1,-1,-1
341,3,531,757,50,50,1,-1,-1,-1
341,4,525,481,50,50,1,-1,-1,-1
342,1,460,930,50,50,1,-1,-1,-1
342,2,607,1108,50,50,1,-1,-1,-1
342,3,533,702,50,50,1,-1,-1,-1
342,4,520,468,50,50,1,-1,-1,-1
343,1,458,994,50,50,1,-1,-1,-1
343,2,603,1113,50,50,1,-1,-1,-1
343,3,536,652,50,50,1,-1,-1,-1
343,4,514,460,50,50,1,-1,-1,-1
344,1,451,1039,50,50,1,-1,-1,-1
344,2,601,1119,50,50,1,-1,-1,-1
344,3,539,607,50,50,1,-1,-1,-1
344,4,508,459,50,50,1,-1,-1,-1
345,1,451,1074,50,50,1,-1,-1,-1
345,2,600,1126,50,50,1,-1,-1,-1
345,3,542,569,50,50,1,-1,-1,-1
345,4,502,462,50,50,1,-1,-1,-1
346,1,452,1114,50,50,1,-1,-1,-1
346,2,600,1133,50,50,1,-1,-1,-1
346,3,544,536,50,50,1,-1,-1,-1
346,4,497,471,50,50,1,-1,-1,-1
347,1,453,1159,50,50,1,-1,-1,-1
347,2,599,1142,50,50,1,-1,-1,-1
347,3,547,509,50,50,1,-1,-1,-1
347,4,491,486,50,50,1,-1,-1,-1
348,1,457,1193,50,50,1,-1,-1,-1
348,2,597,1154,50,50,1,-1,-1,-1
348,3,550,487,50,50,1,-1,-1,-1
348,4,485,507,50,50,1,-1,-1,-1
349,1,465,1203,50,50,1,-1,-1,-1
349,2,594,1166,50,50,1,-1,-1,-1
349,3,552,470,50,50,1,-1,-1,-1
349,4,479,533,50,50,1,-1,-1,-1
350,1,474,1184,50,50,1,-1,-1,-1
350,2,591,1178,50,50,1,-1,-1,-1
350,3,554,459,50,50,1,-1,-1,-1
350,4,474,566,50,50,1,-1,-1,-1
351,1,485,1134,50,50,1,-1,-1,-1
351,2,585,1190,50,50,1,-1,-1,-1
351,3,557,453,50,50,1,-1,-1,-1
351,4,468,603,50,50,1,-1,-1,-1
352,1,490,1060,50,50,1,-1,-1,-1
352,2,579,1202,50,50,1,-1,-1,-1
352,3,559,453,50,50,1,-1,-1,-1
352,4,461,647,50,50,1,-1,-1,-1
353,1,495,983,50,50,1,-1,-1,-1
353,2,571,1211,50,50,1,-1,-1,-1
353,3,562,457,50,50,1,-1,-1,-1
353,4,456,697,50,50,1,-1,-1,-1
354,1,498,913,50,50,1,-1,-1,-1
354,2,563,1216,50,50,1,-1,-1,-1
354,3,564,467,50,50,1,-1,-1,-1
354,4,450,752,50,50,1,-1,-1,-1
355,1,503,842,50,50,1,-1,-1,-1
355,2,555,1214,50,50,1,-1,-1,-1
355,3,566,482,50,50,1,-1,-1,-1
355,4,443,812,50,50,1,-1,-1,-1
356,1,507,777,50,50,1,-1,-1,-1
356,2,548,1206,50,50,1,-1,-1,-1
356,3,569,502,50,50,1,-1,-1,-1
356,4,438,881,50,50,1,-1,-1,-1
357,1,512,719,50,50,1,-1,-1,-1
357,2,545,1189,50,50,1,-1,-1,-1
357,3,571,527,50,50,1,-1,-1,-1
357,4,432,952,50,50,1,-1,-1,-1
358,1,516,665,50,50,1,-1,-1,-1
358,2,542,1154,50,50,1,-1,-1,-1
358,3,573,557,50,50,1,-1,-1,-1
358,4,426,1004,50,50,1,-1,-1,-1
359,1,521,617,50,50,1,-1,-1,-1
359,2,538,1096,50,50,1,-1,-1,-1
359,3,575,592,50,50,1,-1,-1,-1
359,4,419,1031,50,50,1,-1,-1,-1
360,1,525,574,50,50,1,-1,-1,-1
360,2,533,1024,50,50,1,-1,-1,-1
360,3,577,632,50,50,1,-1,-1,-1
360,4,422,1050,50,50,1,-1,-1,-1
361,1,530,537,50,50,1,-1,-1,-1
361,2,527,956,50,50,1,-1,-1,-1
361,3,579,676,50,50,1,-1,-1,-1
361,4,428,1070,50,50,1,-1,-1,-1
362,1,533,505,50,50,1,-1,-1,-1
362,2,522,893,50,50,1,-1,-1,-1
362,3,581,725,50,50,1,-1,-1,-1
362,4,434,1098,50,50,1,-1,-1,-1
363,1,538,479,50,50,1,-1,-1,-1
363,2,516,831,50,50,1,-1,-1,-1
363,3,583,778,50,50,1,-1,-1,-1
363,4,439,1127,50,50,1,-1,-1,-1
364,1,542,458,50,50,1,-1,-1,-1
364,2,506,777,50,50,1,-1,-1,-1
364,3,585,836,50,50,1,-1,-1,-1
364,4,438,1155,50,50,1,-1,-1,-1
365,1,546,443,50,50,1,-1,-1,-1
365,2,500,725,50,50,1,-1,-1,-1
365,3,586,897,50,50,1,-1,-1,-1
365,4,434,1179,50,50,1,-1,-1,-1
366,1,551,433,50,50,1,-1,-1,-1
366,2,493,680,50,50,1,-1,-1,-1
366,3,589,946,50,50,1,-1,-1,-1
366,4,429,1194,50,50,1,-1,-1,-1
367,1,555,429,50,50,1,-1,-1,-1
367,2,485,640,50,50,1,-1,-1,-1
367,3,588,967,50,50,1,-1,-1,-1
367,4,423,1203,50,50,1,-1,-1,-1
368,1,559,430,50,50,1,-1,-1,-1
368,2,478,604,50,50,1,-1,-1,-1
368,3,583,997,50,50,1,-1,-1,-1
368,4,419,1208,50,50,1,-1,-1,-1
369,1,564,437,50,50,1,-1,-1,-1
369,2,471,574,50,50,1,-1,-1,-1
369,3,579,1039,50,50,1,-1,-1,-1
369,4,415,1209,50,50,1,-1,-1,-1
370,1,568,449,50,50,1,-1,-1,-1
370,2,463,549,50,50,1,-1,-1,-1
370,3,571,1098,50,50,1,-1,-1,-1
370,4,413,1210,50,50,1,-1,-1,-1
371,1,572,467,50,50,1,-1,-1,-1
371,2,456,531,50,50,1,-1,-1,-1
371,3,562,1154,50,50,1,-1,-1,-1
371,4,412,1212,50,50,1,-1,-1,-1
372,1,576,489,50,50,1,-1,-1,-1
372,2,449,517,50,50,1,-1,-1,-1
372,3,556,1178,50,50,1,-1,-1,-1
372,4,411,1215,50,50,1,-1,-1,-1
373,1,580,517,50,50,1,-1,-1,-1
373,2,442,508,50,50,1,-1,-1,-1
373,3,549,1166,50,50,1,-1,-1,-1
373,4,411,1220,50,50,1,-1,-1,-1
374,1,584,551,50,50,1,-1,-1,-1
374,2,434,506,50,50,1,-1,-1,-1
374,3,544,1125,50,50,1,-1,-1,-1
374,4,411,1224,50,50,1,-1,-1,-1
375,1,587,590,50,50,1,-1,-1,-1
375,2,426,508,50,50,1,-1,-1,-1
375,3,537,1062,50,50,1,-1,-1,-1
375,4,414,1226,50,50,1,-1,-1,-1
376,1,591,634,50,50,1,-1,-1,-1
376,2,419,517,50,50,1,-1,-1,-1
376,3,530,989,50,50,1,-1,-1,-1
376,4,418,1228,50,50,1,-1,-1,-1
377,1,595,683,50,50,1,-1,-1,-1
377,2,411,530,50,50,1,-1,-1,-1
377,3,523,924,50,50,1,-1,-1,-1
377,4,425,1224,50,50,1,-1,-1,-1
378,1,599,738,50,50,1,-1,-1,-1
378,2,403,550,50,50,1,-1,-1,-1
378,3,516,861,50,50,1,-1,-1,-1
378,4,434,1211,50,50,1,-1,-1,-1
379,1,603,797,50,50,1,-1,-1,-1
379,2,396,576,50,50,1,-1,-1,-1
379,3,504,798,50,50,1,-1,-1,-1
379,4,446,1176,50,50,1,-1,-1,-1
380,1,606,861,50,50,1,-1,-1,-1
380,2,388,607,50,50,1,-1,-1,-1
380,3,495,746,50,50,1,-1,-1,-1
380,4,456,1115,50,50,1,-1,-1,-1
381,1,610,930,50,50,1,-1,-1,-1
381,2,380,643,50,50,1,-1,-1,-1
381,3,486,698,50,50,1,-1,-1,-1
381,4,463,1041,50,50,1,-1,-1,-1
382,1,613,990,50,50,1,-1,-1,-1
382,2,373,686,50,50,1,-1,-1,-1
382,3,477,654,50,50,1,-1,-1,-1
382,4,471,973,50,50,1,-1,-1,-1
383,1,608,1011,50,50,1,-1,-1,-1
383,2,365,735,50,50,1,-1,-1,-1
383,3,468,616,50,50,1,-1,-1,-1
383,4,478,909,50,50,1,-1,-1,-1
384,1,602,1038,50,50,1,-1,-1,-1
384,2,357,789,50,50,1,-1,-1,-1
384,3,459,583,50,50,1,-1,-1,-1
384,4,486,848,50,50,1,-1,-1,-1
385,1,593,1067,50,50,1,-1,-1,-1
385,2,349,848,50,50,1,-1,-1,-1
385,3,450,555,50,50,1,-1,-1,-1
385,4,495,790,50,50,1,-1,-1,-1
386,1,585,1095,50,50,1,-1,-1,-1
386,2,342,914,50,50,1,-1,-1,-1
386,3,440,533,50,50,1,-1,-1,-1
386,4,503,741,50,50,1,-1,-1,-1
387,1,578,1118,50,50,1,-1,-1,-1
387,2,335,976,50,50,1,-1,-1,-1
387,3,431,517,50,50,1,-1,-1,-1
387,4,510,695,50,50,1,-1,-1,-1
388,1,573,1135,50,50,1,-1,-1,-1
388,2,338,1009,50,50,1,-1,-1,-1
388,3,422,506,50,50,1,-1,-1,-1
388,4,518,656,50,50,1,-1,-1,-1
389,1,571,1148,50,50,1,-1,-1,-1
389,2,354,1035,50,50,1,-1,-1,-1
389,3,413,501,50,50,1,-1,-1,-1
389,4,526,621,50,50,1,-1,-1,-1
390,1,569,1158,50,50,1,-1,-1,-1
390,2,369,1067,50,50,1,-1,-1,-1
390,3,404,501,50,50,1,-1,-1,-1
390,4,534,592,50,50,1,-1,-1,-1
391,1,567,1168,50,50,1,-1,-1,-1
391,2,381,1109,50,50,1,-1,-1,-1
391,3,395,506,50,50,1,-1,-1,-1
391,4,542,568,50,50,1,-1,-1,-1
392,1,566,1180,50,50,1,-1,-1,-1
392,2,394,1151,50,50,1,-1,-1,-1
392,3,385,518,50,50,1,-1,-1,-1
392,4,549,550,50,50,1,-1,-1,-1
393,1,567,1191,50,50,1,-1,-1,-1
393,2,406,1192,50,50,1,-1,-1,-1
393,3,376,534,50,50,1,-1,-1,-1
393,4,557,537,50,50,1,-1,-1,-1
394,1,567,1202,50,50,1,-1,-1,-1
394,2,416,1207,50,50,1,-1,-1,-1
394,3,367,556,50,50,1,-1,-1,-1
394,4,565,529,50,50,1,-1,-1,-1
395,1,565,1215,50,50,1,-1,-1,-1
395,2,422,1190,50,50,1,-1,-1,-1
395,3,358,583,50,50,1,-1,-1,-1
395,4,572,527,50,50,1,-1,-1,-1
396,1,562,1225,50,50,1,-1,-1,-1
396,2,429,1141,50,50,1,-1,-1,-1
396,3,348,617,50,50,1,-1,-1,-1
396,4,580,530,50,50,1,-1,-1,-1
397,1,556,1233,50,50,1,-1,-1,-1
397,2,432,1066,50,50,1,-1,-1,-1
397,3,339,655,50,50,1,-1,-1,-1
397,4,587,539,50,50,1,-1,-1,-1
398,1,551,1234,50,50,1,-1,-1,-1
398,2,437,991,50,50,1,-1,-1,-1
398,3,330,699,50,50,1,-1,-1,-1
398,4,595,553,50,50,1,-1,-1,-1
399,1,547,1228,50,50,1,-1,-1,-1
399,2,440,923,50,50,1,-1,-1,-1
399,3,321,748,50,50,1,-1,-1,-1
399,4,603,572,50,50,1,-1,-1,-1
400,1,542,1212,50,50,1,-1,-1,-1
400,2,443,856,50,50,1,-1,-1,-1
400,3,312,803,50,50,1,-1,-1,-1
400,4,610,597,50,50,1,-1,-1,-1
401,1,537,1181,50,50,1,-1,-1,-1
401,2,450,789,50,50,1,-1,-1,-1
401,3,303,863,50,50,1,-1,-1,-1
401,4,617,627,50,50,1,-1,-1,-1
402,1,536,1128,50,50,1,-1,-1,-1
402,2,455,735,50,50,1,-1,-1,-1
402,3,295,928,50,50,1,-1,-1,-1
402,4,624,661,50,50,1,-1,-1,-1
403,1,531,1055,50,50,1,-1,-1,-1
403,2,459,683,50,50,1,-1,-1,-1
403,3,287,991,50,50,1,-1,-1,-1
403,4,631,701,50,50,1,-1,-1,-1
404,1,528,981,50,50,1,-1,-1,-1
404,2,464,636,50,50,1,-1,-1,-1
404,3,288,1036,50,50,1,-1,-1,-1
404,4,639,746,50,50,1,-1,-1,-1
405,1,524,909,50,50,1,-1,-1,-1
405,2,469,596,50,50,1,-1,-1,-1
405,3,302,1070,50,50,1,-1,-1,-1
405,4,645,796,50,50,1,-1,-1,-1
406,1,522,840,50,50,1,-1,-1,-1
406,2,473,560,50,50,1,-1,-1,-1
406,3,322,1103,50,50,1,-1,-1,-1
406,4,652,851,50,50,1,-1,-1,-1
407,1,514,777,50,50,1,-1,-1,-1
407,2,479,530,50,50,1,-1,-1,-1
407,3,338,1132,50,50,1,-1,-1,-1
407,4,659,910,50,50,1,-1,-1,-1
408,1,510,720,50,50,1,-1,-1,-1
408,2,483,505,50,50,1,-1,-1,-1
408,3,352,1155,50,50,1,-1,-1,-1
408,4,666,967,50,50,1,-1,-1,-1
409,1,505,667,50,50,1,-1,-1,-1
409,2,487,486,50,50,1,-1,-1,-1
409,3,364,1173,50,50,1,-1,-1,-1
409,4,675,996,50,50,1,-1,-1,-1
410,1,500,619,50,50,1,-1,-1,-1
410,2,492,472,50,50,1,-1,-1,-1
410,3,373,1185,50,50,1,-1,-1,-1
410,4,672,1017,50,50,1,-1,-1,-1
411,1,496,577,50,50,1,-1,-1,-1
411,2,497,464,50,50,1,-1,-1,-1
411,3,379,1193,50,50,1,-1,-1,-1
411,4,661,1040,50,50,1,-1,-1,-1
412,1,491,540,50,50,1,-1,-1,-1
412,2,501,461,50,50,1,-1,-1,-1
412,3,383,1199,50,50,1,-1,-1,-1
412,4,644,1074,50,50,1,-1,-1,-1
413,1,486,508,50,50,1,-1,-1,-1
413,2,506,463,50,50,1,-1,-1,-1
413,3,387,1202,50,50,1,-1,-1,-1
413,4,622,1116,50,50,1,-1,-1,-1
414,1,495,477,50,50,1,-1,-1,-1
414,3,388,1203,50,50,1,-1,-1,-1
414,4,597,1163,50,50,1,-1,-1,-1
415,1,476,463,50,50,1,-1,-1,-1
415,2,515,484,50,50,1,-1,-1,-1
415,3,389,1204,50,50,1,-1,-1,-1
415,4,569,1200,50,50,1,-1,-1,-1
416,1,471,448,50,50,1,-1,-1,-1
416,2,520,502,50,50,1,-1,-1,-1
416,3,389,1204,50,50,1,-1,-1,-1
416,4,545,1218,50,50,1,-1,-1,-1
417,1,466,439,50,50,1,-1,-1,-1
417,2,524,526,50,50,1,-1,-1,-1
417,3,390,1204,50,50,1,-1,-1,-1
417,4,530,1216,50,50,1,-1,-1,-1
418,1,462,435,50,50,1,-1,-1,-1
418,2,528,555,50,50,1,-1,-1,-1
418,3,392,1205,50,50,1,-1,-1,-1
418,4,521,1195,50,50,1,-1,-1,-1
419,1,457,437,50,50,1,-1,-1,-1
419,2,532,589,50,50,1,-1,-1,-1
419,3,395,1208,50,50,1,-1,-1,-1
419,4,515,1148,50,50,1,-1,-1,-1
420,1,452,444,50,50,1,-1,-1,-1
420,2,536,628,50,50,1,-1,-1,-1
420,3,397,1211,50,50,1,-1,-1,-1
420,4,512,1083,50,50,1,-1,-1,-1
421,1,447,457,50,50,1,-1,-1,-1
421,2,540,673,50,50,1,-1,-1,-1
421,3,401,1217,50,50,1,-1,-1,-1
421,4,509,1010,50,50,1,-1,-1,-1
422,1,442,475,50,50,1,-1,-1,-1
422,2,544,722,50,50,1,-1,-1,-1
422,3,406,1222,50,50,1,-1,-1,-1
422,4,504,946,50,50,1,-1,-1,-1
423,1,437,499,50,50,1,-1,-1,-1
423,2,548,777,50,50,1,-1,-1,-1
423,3,415,1226,50,50,1,-1,-1,-1
423,4,498,878,50,50,1,-1,-1,-1
424,1,432,528,50,50,1,-1,-1,-1
424,2,553,836,50,50,1,-1,-1,-1
424,3,425,1224,50,50,1,-1,-1,-1
424,4,493,816,50,50,1,-1,-1,-1
425,1,426,563,50,50,1,-1,-1,-1
425,2,557,899,50,50,1,-1,-1,-1
425,3,438,1210,50,50,1,-1,-1,-1
425,4,488,761,50,50,1,-1,-1,-1
426,1,422,603,50,50,1,-1,-1,-1
426,2,557,961,50,50,1,-1,-1,-1
426,3,453,1175,50,50,1,-1,-1,-1
426,4,482,711,50,50,1,-1,-1,-1
427,1,417,649,50,50,1,-1,-1,-1
427,2,564,974,50,50,1,-1,-1,-1
427,3,468,1111,50,50,1,-1,-1,-1
427,4,476,665,50,50,1,-1,-1,-1
428,1,413,699,50,50,1,-1,-1,-1
428,2,562,1003,50,50,1,-1,-1,-1
428,3,478,1034,50,50,1,-1,-1,-1
428,4,471,626,50,50,1,-1,-1,-1
429,1,408,756,50,50,1,-1,-1,-1
429,2,558,1036,50,50,1,-1,-1,-1
429,3,484,962,50,50,1,-1,-1,-1
429,4,465,591,50,50,1,-1,-1,-1
430,1,403,817,50,50,1,-1,-1,-1
430,2,553,1069,50,50,1,-1,-1,-1
430,3,490,889,50,50,1,-1,-1,-1
430,4,459,562,50,50,1,-1,-1,-1
431,1,398,884,50,50,1,-1,-1,-1
431,2,552,1098,50,50,1,-1,-1,-1
431,3,497,824,50,50,1,-1,-1,-1
431,4,454,539,50,50,1,-1,-1,-1
432,1,394,950,50,50,1,-1,-1,-1
432,2,549,1120,50,50,1,-1,-1,-1
432,3,503,764,50,50,1,-1,-1,-1
432,4,448,521,50,50,1,-1,-1,-1
433,1,390,992,50,50,1,-1,-1,-1
433,2,546,1136,50,50,1,-1,-1,-1
433,3,510,708,50,50,1,-1,-1,-1
433,4,442,508,50,50,1,-1,-1,-1
434,1,382,1012,50,50,1,-1,-1,-1
434,2,545,1147,50,50,1,-1,-1,-1
434,3,517,657,50,50,1,-1,-1,-1
434,4,437,501,50,50,1,-1,-1,-1
435,1,383,1044,50,50,1,-1,-1,-1
435,2,547,1154,50,50,1,-1,-1,-1
435,3,523,612,50,50,1,-1,-1,-1
435,4,431,499,50,50,1,-1,-1,-1
436,1,387,1077,50,50,1,-1,-1,-1
436,2,550,1160,50,50,1,-1,-1,-1
436,3,530,572,50,50,1,-1,-1,-1
436,4,425,504,50,50,1,-1,-1,-1
437,1,396,1118,50,50,1,-1,-1,-1
437,2,552,1166,50,50,1,-1,-1,-1
437,3,536,537,50,50,1,-1,-1,-1
437,4,419,513,50,50,1,-1,-1,-1
438,1,405,1164,50,50,1,-1,-1,-1
438,2,554,1174,50,50,1,-1,-1,-1
438,3,543,508,50,50,1,-1,-1,-1
438,4,414,528,50,50,1,-1,-1,-1
439,1,416,1189,50,50,1,-1,-1,-1
439,2,555,1185,50,50,1,-1,-1,-1
439,3,549,484,50,50,1,-1,-1,-1
439,4,408,549,50,50,1,-1,-1,-1
440,1,424,1185,50,50,1,-1,-1,-1
440,2,555,1197,50,50,1,-1,-1,-1
440,3,556,465,50,50,1,-1,-1,-1
440,4,402,575,50,50,1,-1,-1,-1
441,1,430,1151,50,50,1,-1,-1,-1
441,2,553,1211,50,50,1,-1,-1,-1
441,3,562,453,50,50,1,-1,-1,-1
441,4,397,607,50,50,1,-1,-1,-1
442,1,437,1085,50,50,1,-1,-1,-1
442,2,550,1225,50,50,1,-1,-1,-1
442,3,569,446,50,50,1,-1,-1,-1
442,4,391,643,50,50,1,-1,-1,-1
443,1,444,1009,50,50,1,-1,-1,-1
443,2,546,1235,50,50,1,-1,-1,-1
443,3,575,444,50,50,1,-1,-1,-1
443,4,385,687,50,50,1,-1,-1,-1
444,1,449,942,50,50,1,-1,-1,-1
444,2,542,1241,50,50,1,-1,-1,-1
444,3,582,447,50,50,1,-1,-1,-1
444,4,379,734,50,50,1,-1,-1,-1
445,1,455,872,50,50,1,-1,-1,-1
445,2,536,1239,50,50,1,-1,-1,-1
445,3,588,456,50,50,1,-1,-1,-1
445,4,374,787,50,50,1,-1,-1,-1
446,1,462,804,50,50,1,-1,-1,-1
446,2,530,1231,50,50,1,-1,-1,-1
446,3,595,471,50,50,1,-1,-1,-1
446,4,368,846,50,50,1,-1,-1,-1
447,1,470,748,50,50,1,-1,-1,-1
447,2,523,1213,50,50,1,-1,-1,-1
447,3,601,491,50,50,1,-1,-1,-1
447,4,363,910,50,50,1,-1,-1,-1
448,1,477,694,50,50,1,-1,-1,-1
448,2,519,1177,50,50,1,-1,-1,-1
448,3,608,516,50,50,1,-1,-1,-1
448,4,355,970,50,50,1,-1,-1,-1
449,1,483,645,50,50,1,-1,-1,-1
449,2,515,1120,50,50,1,-1,-1,-1
449,3,614,547,50,50,1,-1,-1,-1
449,4,345,999,50,50,1,-1,-1,-1
450,1,490,602,50,50,1,-1,-1,-1
450,2,509,1043,50,50,1,-1,-1,-1
450,3,620,583,50,50,1,-1,-1,-1
450,4,348,1025,50,50,1,-1,-1,-1
451,1,497,564,50,50,1,-1,-1,-1
451,2,504,971,50,50,1,-1,-1,-1
451,3,626,625,50,50,1,-1,-1,-1
451,4,356,1047,50,50,1,-1,-1,-1
452,1,503,532,50,50,1,-1,-1,-1
452,2,503,902,50,50,1,-1,-1,-1
452,3,633,673,50,50,1,-1,-1,-1
452,4,366,1071,50,50,1,-1,-1,-1
453,1,510,506,50,50,1,-1,-1,-1
453,2,494,835,50,50,1,-1,-1,-1
453,3,639,726,50,50,1,-1,-1,-1
453,4,375,1093,50,50,1,-1,-1,-1
454,1,517,485,50,50,1,-1,-1,-1
454,2,490,772,50,50,1,-1,-1,-1
454,3,645,783,50,50,1,-1,-1,-1
454,4,380,1113,50,50,1,-1,-1,-1
455,1,523,469,50,50,1,-1,-1,-1
455,2,484,715,50,50,1,-1,-1,-1
455,3,650,845,50,50,1,-1,-1,-1
455,4,385,1130,50,50,1,-1,-1,-1
456,1,531,458,50,50,1,-1,-1,-1
456,2,479,664,50,50,1,-1,-1,-1
456,3,656,908,50,50,1,-1,-1,-1
456,4,389,1141,50,50,1,-1,-1,-1
457,1,536,453,50,50,1,-1,-1,-1
457,2,474,618,50,50,1,-1,-1,-1
457,3,661,952,50,50,1,-1,-1,-1
457,4,390,1149,50,50,1,-1,-1,-1
458,1,543,453,50,50,1,-1,-1,-1
458,2,468,578,50,50,1,-1,-1,-1
458,3,654,976,50,50,1,-1,-1,-1
458,4,391,1156,50,50,1,-1,-1,-1
459,1,550,459,50,50,1,-1,-1,-1
459,2,462,544,50,50,1,-1,-1,-1
459,3,638,1014,50,50,1,-1,-1,-1
459,4,391,1162,50,50,1,-1,-1,-1
460,1,557,470,50,50,1,-1,-1,-1
460,2,458,515,50,50,1,-1,-1,-1
460,3,621,1063,50,50,1,-1,-1,-1
460,4,392,1167,50,50,1,-1,-1,-1
461,1,563,487,50,50,1,-1,-1,-1
461,2,452,491,50,50,1,-1,-1,-1
461,3,600,1124,50,50,1,-1,-1,-1
461,4,392,1173,50,50,1,-1,-1,-1
462,1,569,508,50,50,1,-1,-1,-1
462,2,447,473,50,50,1,-1,-1,-1
462,3,577,1173,50,50,1,-1,-1,-1
462,4,391,1177,50,50,1,-1,-1,-1
463,1,576,535,50,50,1,-1,-1,-1
463,2,442,461,50,50,1,-1,-1,-1
463,3,562,1190,50,50,1,-1,-1,-1
463,4,391,1181,50,50,1,-1,-1,-1
464,1,582,568,50,50,1,-1,-1,-1
464,2,436,454,50,50,1,-1,-1,-1
464,3,552,1172,50,50,1,-1,-1,-1
464,4,393,1186,50,50,1,-1,-1,-1
465,1,588,605,50,50,1,-1,-1,-1
465,2,431,453,50,50,1,-1,-1,-1
465,3,545,1127,50,50,1,-1,-1,-1
465,4,396,1191,50,50,1,-1,-1,-1
466,1,594,647,50,50,1,-1,-1,-1
466,2,425,456,50,50,1,-1,-1,-1
466,3,544,1059,50,50,1,-1,-1,-1
466,4,399,1198,50,50,1,-1,-1,-1
467,1,601,695,50,50,1,-1,-1,-1
467,2,420,466,50,50,1,-1,-1,-1
467,3,542,986,50,50,1,-1,-1,-1
467,4,403,1205,50,50,1,-1,-1,-1
468,1,607,749,50,50,1,-1,-1,-1
468,2,415,480,50,50,1,-1,-1,-1
468,3,538,917,50,50,1,-1,-1,-1
468,4,409,1211,50,50,1,-1,-1,-1
469,1,612,806,50,50,1,-1,-1,-1
469,2,410,500,50,50,1,-1,-1,-1
469,3,535,850,50,50,1,-1,-1,-1
469,4,415,1215,50,50,1,-1,-1,-1
470,1,618,869,50,50,1,-1,-1,-1
470,2,405,525,50,50,1,-1,-1,-1
470,3,530,788,50,50,1,-1,-1,-1
470,4,423,1215,50,50,1,-1,-1,-1
471,1,624,935,50,50,1,-1,-1,-1
471,2,400,555,50,50,1,-1,-1,-1
471,3,526,732,50,50,1,-1,-1,-1
471,4,432,1208,50,50,1,-1,-1,-1
472,1,628,986,50,50,1,-1,-1,-1
472,2,394,591,50,50,1,-1,-1,-1
472,3,522,681,50,50,1,-1,-1,-1
472,4,443,1185,50,50,1,-1,-1,-1
473,1,624,1005,50,50,1,-1,-1,-1
473,2,389,632,50,50,1,-1,-1,-1
473,3,517,636,50,50,1,-1,-1,-1
473,4,454,1136,50,50,1,-1,-1,-1
474,1,616,1030,50,50,1,-1,-1,-1
474,2,384,677,50,50,1,-1,-1,-1
474,3,514,595,50,50,1,-1,-1,-1
474,4,463,1065,50,50,1,-1,-1,-1
475,1,601,1055,50,50,1,-1,-1,-1
475,2,379,728,50,50,1,-1,-1,-1
475,3,509,561,50,50,1,-1,-1,-1
475,4,471,992,50,50,1,-1,-1,-1
476,1,588,1077,50,50,1,-1,-1,-1
476,2,374,783,50,50,1,-1,-1,-1
476,3,505,530,50,50,1,-1,-1,-1
476,4,477,926,50,50,1,-1,-1,-1
477,1,579,1097,50,50,1,-1,-1,-1
477,2,369,843,50,50,1,-1,-1,-1
477,3,500,507,50,50,1,-1,-1,-1
477,4,487,854,50,50,1,-1,-1,-1
478,1,575,1112,50,50,1,-1,-1,-1
478,2,364,909,50,50,1,-1,-1,-1
478,3,496,489,50,50,1,-1,-1,-1
478,4,496,789,50,50,1,-1,-1,-1
479,1,572,1125,50,50,1,-1,-1,-1
479,2,360,975,50,50,1,-1,-1,-1
479,3,492,476,50,50,1,-1,-1,-1
479,4,503,734,50,50,1,-1,-1,-1
480,1,574,1135,50,50,1,-1,-1,-1
480,2,350,1014,50,50,1,-1,-1,-1
480,3,487,469,50,50,1,-1,-1,-1
480,4,512,683,50,50,1,-1,-1,-1
481,1,577,1143,50,50,1,-1,-1,-1
481,2,357,1030,50,50,1,-1,-1,-1
481,3,483,466,50,50,1,-1,-1,-1
481,4,520,636,50,50,1,-1,-1,-1
482,1,578,1150,50,50,1,-1,-1,-1
482,2,368,1058,50,50,1,-1,-1,-1
482,3,479,470,50,50,1,-1,-1,-1
482,4,528,594,50,50,1,-1,-1,-1
483,1,577,1157,50,50,1,-1,-1,-1
483,2,381,1092,50,50,1,-1,-1,-1
483,3,474,479,50,50,1,-1,-1,-1
483,4,536,558,50,50,1,-1,-1,-1
484,1,576,1166,50,50,1,-1,-1,-1
484,2,399,1131,50,50,1,-1,-1,-1
484,3,469,493,50,50,1,-1,-1,-1
484,4,544,528,50,50,1,-1,-1,-1
485,1,576,1175,50,50,1,-1,-1,-1
485,2,421,1162,50,50,1,-1,-1,-1
485,3,465,513,50,50,1,-1,-1,-1
485,4,551,503,50,50,1,-1,-1,-1
486,1,573,1184,50,50,1,-1,-1,-1
486,2,443,1173,50,50,1,-1,-1,-1
486,3,461,538,50,50,1,-1,-1,-1
486,4,560,483,50,50,1,-1,-1,-1
487,1,570,1194,50,50,1,-1,-1,-1
487,2,458,1159,50,50,1,-1,-1,-1
487,3,457,569,50,50,1,-1,-1,-1
487,4,569,468,50,50,1,-1,-1,-1
488,1,566,1206,50,50,1,-1,-1,-1
488,2,470,1112,50,50,1,-1,-1,-1
488,3,452,606,50,50,1,-1,-1,-1
488,4,576,459,50,50,1,-1,-1,-1
489,1,561,1218,50,50,1,-1,-1,-1
489,2,475,1043,50,50,1,-1,-1,-1
489,3,448,648,50,50,1,-1,-1,-1
489,4,584,455,50,50,1,-1,-1,-1
490,1,557,1229,50,50,1,-1,-1,-1
490,2,482,975,50,50,1,-1,-1,-1
490,3,444,695,50,50,1,-1,-1,-1
490,4,592,457,50,50,1,-1,-1,-1
491,1,553,1236,50,50,1,-1,-1,-1
491,2,484,914,50,50,1,-1,-1,-1
491,3,440,746,50,50,1,-1,-1,-1
491,4,600,463,50,50,1,-1,-1,-1
492,1,552,1237,50,50,1,-1,-1,-1
492,2,491,852,50,50,1,-1,-1,-1
492,3,435,803,50,50,1,-1,-1,-1
492,4,608,476,50,50,1,-1,-1,-1
493,1,550,1230,50,50,1,-1,-1,-1
493,2,497,792,50,50,1,-1,-1,-1
493,3,430,866,50,50,1,-1,-1,-1
493,4,615,493,50,50,1,-1,-1,-1
494,1,549,1211,50,50,1,-1,-1,-1
494,2,502,742,50,50,1,-1,-1,-1
494,3,427,932,50,50,1,-1,-1,-1
494,4,623,515,50,50,1,-1,-1,-1
495,1,545,1172,50,50,1,-1,-1,-1
495,2,507,695,50,50,1,-1,-1,-1
495,3,429,990,50,50,1,-1,-1,-1
495,4,631,543,50,50,1,-1,-1,-1
496,1,539,1114,50,50,1,-1,-1,-1
496,2,512,654,50,50,1,-1,-1,-1
496,3,420,1008,50,50,1,-1,-1,-1
496,4,639,577,50,50,1,-1,-1,-1
497,1,534,1039,50,50,1,-1,-1,-1
497,2,518,618,50,50,1,-1,-1,-1
497,3,419,1039,50,50,1,-1,-1,-1
497,4,647,615,50,50,1,-1,-1,-1
498,1,527,970,50,50,1,-1,-1,-1
498,2,523,587,50,50,1,-1,-1,-1
498,3,422,1067,50,50,1,-1,-1,-1
498,4,654,659,50,50,1,-1,-1,-1
499,1,522,904,50,50,1,-1,-1,-1
499,2,529,562,50,50,1,-1,-1,-1
499,3,426,1093,50,50,1,-1,-1,-1
499,4,661,707,50,50,1,-1,-1,-1
500,1,514,839,50,50,1,-1,-1,-1
500,2,533,542,50,50,1,-1,-1,-1
500,3,427,1114,50,50,1,-1,-1,-1
500,4,668,761,50,50,1,-1,-1,-1
501,1,504,780,50,50,1,-1,-1,-1
501,2,539,528,50,50,1,-1,-1,-1
501,3,425,1130,50,50,1,-1,-1,-1
501,4,676,819,50,50,1,-1,-1,-1
502,1,497,727,50,50,1,-1,-1,-1
502,2,543,519,50,50,1,-1,-1,-1
502,3,421,1141,50,50,1,-1,-1,-1
502,4,683,883,50,50,1,-1,-1,-1
503,1,489,679,50,50,1,-1,-1,-1
503,2,549,515,50,50,1,-1,-1,-1
503,3,417,1151,50,50,1,-1,-1,-1
503,4,695,933,50,50,1,-1,-1,-1
504,1,481,635,50,50,1,-1,-1,-1
504,2,554,516,50,50,1,-1,-1,-1
504,3,413,1160,50,50,1,-1,-1,-1
504,4,691,951,50,50,1,-1,-1,-1
505,1,473,598,50,50,1,-1,-1,-1
505,2,559,523,50,50,1,-1,-1,-1
505,3,409,1167,50,50,1,-1,-1,-1
505,4,677,978,50,50,1,-1,-1,-1
506,1,464,566,50,50,1,-1,-1,-1
506,2,564,534,50,50,1,-1,-1,-1
506,3,408,1172,50,50,1,-1,-1,-1
506,4,658,1022,50,50,1,-1,-1,-1
507,1,456,539,50,50,1,-1,-1,-1
507,2,569,551,50,50,1,-1,-1,-1
507,3,407,1178,50,50,1,-1,-1,-1
507,4,636,1077,50,50,1,-1,-1,-1
508,1,448,517,50,50,1,-1,-1,-1
508,2,574,573,50,50,1,-1,-1,-1
508,3,408,1184,50,50,1,-1,-1,-1
508,4,611,1132,50,50,1,-1,-1,-1
509,1,440,501,50,50,1,-1,-1,-1
509,2,579,600,50,50,1,-1,-1,-1
509,3,409,1191,50,50,1,-1,-1,-1
509,4,585,1167,50,50,1,-1,-1,-1
510,1,432,491,50,50,1,-1,-1,-1
510,2,583,632,50,50,1,-1,-1,-1
510,3,411,1198,50,50,1,-1,-1,-1
510,4,569,1172,50,50,1,-1,-1,-1
511,1,424,486,50,50,1,-1,-1,-1
511,2,587,669,50,50,1,-1,-1,-1
511,3,413,1205,50,50,1,-1,-1,-1
511,4,562,1142,50,50,1,-1,-1,-1
512,1,415,487,50,50,1,-1,-1,-1
512,2,592,711,50,50,1,-1,-1,-1
512,3,417,1210,50,50,1,-1,-1,-1
512,4,560,1084,50,50,1,-1,-1,-1
513,1,407,493,50,50,1,-1,-1,-1
513,2,597,757,50,50,1,-1,-1,-1
513,3,420,1215,50,50,1,-1,-1,-1
513,4,556,1005,50,50,1,-1,-1,-1
514,1,399,505,50,50,1,-1,-1,-1
514,2,602,808,50,50,1,-1,-1,-1
514,3,424,1217,50,50,1,-1,-1,-1
514,4,554,936,50,50,1,-1,-1,-1
515,1,390,522,50,50,1,-1,-1,-1
515,2,606,863,50,50,1,-1,-1,-1
515,3,431,1216,50,50,1,-1,-1,-1
515,4,550,868,50,50,1,-1,-1,-1
516,1,381,546,50,50,1,-1,-1,-1
516,2,610,917,50,50,1,-1,-1,-1
516,3,439,1205,50,50,1,-1,-1,-1
516,4,546,805,50,50,1,-1,-1,-1
517,1,373,575,50,50,1,-1,-1,-1
517,2,615,952,50,50,1,-1,-1,-1
517,3,451,1172,50,50,1,-1,-1,-1
517,4,543,747,50,50,1,-1,-1,-1
518,1,365,609,50,50,1,-1,-1,-1
518,2,621,966,50,50,1,-1,-1,-1
518,3,462,1110,50,50,1,-1,-1,-1
518,4,540,695,50,50,1,-1,-1,-1
519,1,358,649,50,50,1,-1,-1,-1
519,2,617,982,50,50,1,-1,-1,-1
519,3,470,1032,50,50,1,-1,-1,-1
519,4,536,647,50,50,1,-1,-1,-1
520,1,348,696,50,50,1,-1,-1,-1
520,2,611,1001,50,50,1,-1,-1,-1
520,3,476,957,50,50,1,-1,-1,-1
520,4,533,604,50,50,1,-1,-1,-1
521,1,340,747,50,50,1,-1,-1,-1
521,2,604,1022,50,50,1,-1,-1,-1
521,3,480,884,50,50,1,-1,-1,-1
521,4,529,567,50,50,1,-1,-1,-1
522,1,332,804,50,50,1,-1,-1,-1
522,2,595,1043,50,50,1,-1,-1,-1
522,3,489,812,50,50,1,-1,-1,-1
522,4,525,536,50,50,1,-1,-1,-1
523,1,324,866,50,50,1,-1,-1,-1
523,2,587,1061,50,50,1,-1,-1,-1
523,3,494,751,50,50,1,-1,-1,-1
523,4,521,509,50,50,1,-1,-1,-1
524,1,316,930,50,50,1,-1,-1,-1
524,2,583,1077,50,50,1,-1,-1,-1
524,3,500,692,50,50,1,-1,-1,-1
524,4,518,489,50,50,1,-1,-1,-1
525,1,306,975,50,50,1,-1,-1,-1
525,2,578,1090,50,50,1,-1,-1,-1
525,3,506,639,50,50,1,-1,-1,-1
525,4,513,473,50,50,1,-1,-1,-1
526,1,312,998,50,50,1,-1,-1,-1
526,2,578,1104,50,50,1,-1,-1,-1
526,3,513,591,50,50,1,-1,-1,-1
526,4,509,463,50,50,1,-1,-1,-1
527,1,330,1020,50,50,1,-1,-1,-1
527,2,578,1119,50,50,1,-1,-1,-1
527,3,519,549,50,50,1,-1,-1,-1
527,4,506,458,50,50,1,-1,-1,-1
528,1,346,1054,50,50,1,-1,-1,-1
528,2,577,1134,50,50,1,-1,-1,-1
528,3,525,513,50,50,1,-1,-1,-1
528,4,502,459,50,50,1,-1,-1,-1
529,1,366,1098,50,50,1,-1,-1,-1
529,2,576,1149,50,50,1,-1,-1,-1
529,4,498,466,50,50,1,-1,-1,-1
530,1,390,1148,50,50,1,-1,-1,-1
530,2,576,1165,50,50,1,-1,-1,-1
530,3,537,456,50,50,1,-1,-1,-1
530,4,494,477,50,50,1,-1,-1,-1
531,1,416,1185,50,50,1,-1,-1,-1
531,2,576,1179,50,50,1,-1,-1,-1
531,3,543,436,50,50,1,-1,-1,-1
531,4,490,495,50,50,1,-1,-1,-1
532,1,444,1202,50,50,1,-1,-1,-1
532,2,575,1191,50,50,1,-1,-1,-1
532,3,549,421,50,50,1,-1,-1,-1
532,4,486,518,50,50,1,-1,-1,-1
533,1,467,1192,50,50,1,-1,-1,-1
533,2,574,1204,50,50,1,-1,-1,-1
533,3,555,412,50,50,1,-1,-1,-1
533,4,482,547,50,50,1,-1,-1,-1
534,1,486,1152,50,50,1,-1,-1,-1
534,2,571,1215,50,50,1,-1,-1,-1
534,3,561,408,50,50,1,-1,-1,-1
534,4,478,581,50,50,1,-1,-1,-1
535,1,496,1083,50,50,1,-1,-1,-1
535,2,568,1224,50,50,1,-1,-1,-1
535,3,567,409,50,50,1,-1,-1,-1
535,4,474,621,50,50,1,-1,-1,-1
536,1,501,1005,50,50,1,-1,-1,-1
536,2,566,1228,50,50,1,-1,-1,-1
536,3,572,415,50,50,1,-1,-1,-1
536,4,469,666,50,50,1,-1,-1,-1
537,1,506,937,50,50,1,-1,-1,-1
537,2,562,1228,50,50,1,-1,-1,-1
537,3,578,427,50,50,1,-1,-1,-1
537,4,466,718,50,50,1,-1,-1,-1
538,1,511,864,50,50,1,-1,-1,-1
538,2,560,1226,50,50,1,-1,-1,-1
538,3,584,444,50,50,1,-1,-1,-1
538,4,461,773,50,50,1,-1,-1,-1
539,1,514,795,50,50,1,-1,-1,-1
539,2,559,1217,50,50,1,-1,-1,-1
539,3,589,466,50,50,1,-1,-1,-1
539,4,457,834,50,50,1,-1,-1,-1
540,1,519,734,50,50,1,-1,-1,-1
540,2,561,1199,50,50,1,-1,-1,-1
540,3,595,493,50,50,1,-1,-1,-1
540,4,451,903,50,50,1,-1,-1,-1
541,1,523,680,50,50,1,-1,-1,-1
541,2,563,1165,50,50,1,-1,-1,-1
541,3,601,524,50,50,1,-1,-1,-1
541,4,451,965,50,50,1,-1,-1,-1
542,1,527,629,50,50,1,-1,-1,-1
542,2,564,1109,50,50,1,-1,-1,-1
542,3,606,561,50,50,1,-1,-1,-1
542,4,438,1002,50,50,1,-1,-1,-1
543,1,531,585,50,50,1,-1,-1,-1
543,2,560,1038,50,50,1,-1,-1,-1
543,3,611,603,50,50,1,-1,-1,-1
543,4,434,1025,50,50,1,-1,-1,-1
544,1,535,546,50,50,1,-1,-1,-1
544,2,553,964,50,50,1,-1,-1,-1
544,3,617,650,50,50,1,-1,-1,-1
544,4,434,1049,50,50,1,-1,-1,-1
545,1,540,512,50,50,1,-1,-1,-1
545,2,546,895,50,50,1,-1,-1,-1
545,3,621,701,50,50,1,-1,-1,-1
545,4,437,1074,50,50,1,-1,-1,-1
546,1,544,484,50,50,1,-1,-1,-1
546,2,538,830,50,50,1,-1,-1,-1
546,3,626,757,50,50,1,-1,-1,-1
546,4,439,1098,50,50,1,-1,-1,-1
547,1,548,462,50,50,1,-1,-1,-1
547,2,530,770,50,50,1,-1,-1,-1
547,3,631,817,50,50,1,-1,-1,-1
547,4,439,1118,50,50,1,-1,-1,-1
548,1,552,444,50,50,1,-1,-1,-1
548,2,522,715,50,50,1,-1,-1,-1
548,3,637,882,50,50,1,-1,-1,-1
548,4,435,1134,50,50,1,-1,-1,-1
549,1,557,432,50,50,1,-1,-1,-1
549,2,513,665,50,50,1,-1,-1,-1
549,3,643,946,50,50,1,-1,-1,-1
549,4,432,1145,50,50,1,-1,-1,-1
550,1,561,426,50,50,1,-1,-1,-1
550,2,505,620,50,50,1,-1,-1,-1
550,3,645,981,50,50,1,-1,-1,-1
550,4,426,1156,50,50,1,-1,-1,-1
551,1,565,425,50,50,1,-1,-1,-1
551,2,497,580,50,50,1,-1,-1,-1
551,3,642,1000,50,50,1,-1,-1,-1
551,4,422,1163,50,50,1,-1,-1,-1
552,1,569,429,50,50,1,-1,-1,-1
552,2,489,546,50,50,1,-1,-1,-1
552,3,636,1013,50,50,1,-1,-1,-1
552,4,418,1167,50,50,1,-1,-1,-1
553,1,573,439,50,50,1,-1,-1,-1
553,2,481,517,50,50,1,-1,-1,-1
553,3,628,1023,50,50,1,-1,-1,-1
553,4,414,1168,50,50,1,-1,-1,-1
554,1,577,454,50,50,1,-1,-1,-1
554,2,472,494,50,50,1,-1,-1,-1
554,3,622,1027,50,50,1,-1,-1,-1
554,4,410,1166,50,50,1,-1,-1,-1
555,1,581,474,50,50,1,-1,-1,-1
555,2,464,476,50,50,1,-1,-1,-1
555,3,619,1028,50,50,1,-1,-1,-1
555,4,406,1162,50,50,1,-1,-1,-1
556,1,585,501,50,50,1,-1,-1,-1
556,2,456,463,50,50,1,-1,-1,-1
556,3,617,1026,50,50,1,-1,-1,-1
556,4,403,1158,50,50,1,-1,-1,-1
557,1,589,531,50,50,1,-1,-1,-1
557,2,447,456,50,50,1,-1,-1,-1
557,3,618,1022,50,50,1,-1,-1,-1
557,4,398,1152,50,50,1,-1,-1,-1
558,1,593,568,50,50,1,-1,-1,-1
558,2,439,455,50,50,1,-1,-1,-1
558,3,619,1017,50,50,1,-1,-1,-1
558,4,394,1144,50,50,1,-1,-1,-1
559,1,597,610,50,50,1,-1,-1,-1
559,2,430,458,50,50,1,-1,-1,-1
559,3,623,1012,50,50,1,-1,-1,-1
559,4,390,1135,50,50,1,-1,-1,-1
560,1,600,656,50,50,1,-1,-1,-1
560,2,422,467,50,50,1,-1,-1,-1
560,3,628,1007,50,50,1,-1,-1,-1
560,4,385,1126,50,50,1,-1,-1,-1
561,1,604,707,50,50,1,-1,-1,-1
561,2,414,482,50,50,1,-1,-1,-1
561,3,636,1010,50,50,1,-1,-1,-1
561,4,379,1115,50,50,1,-1,-1,-1
562,1,608,764,50,50,1,-1,-1,-1
562,2,405,502,50,50,1,-1,-1,-1
562,3,642,1013,50,50,1,-1,-1,-1
562,4,371,1105,50,50,1,-1,-1,-1
563,1,611,826,50,50,1,-1,-1,-1
563,2,397,527,50,50,1,-1,-1,-1
563,3,648,1019,50,50,1,-1,-1,-1
563,4,362,1095,50,50,1,-1,-1,-1
564,1,615,892,50,50,1,-1,-1,-1
564,2,388,557,50,50,1,-1,-1,-1
564,3,653,1025,50,50,1,-1,-1,-1
564,4,350,1085,50,50,1,-1,-1,-1
565,1,618,963,50,50,1,-1,-1,-1
565,2,380,594,50,50,1,-1,-1,-1
565,3,659,1032,50,50,1,-1,-1,-1
565,4,337,1075,50,50,1,-1,-1,-1
566,2,372,635,50,50,1,-1,-1,-1
566,3,658,1037,50,50,1,-1,-1,-1
566,4,324,1066,50,50,1,-1,-1,-1
567,2,364,683,50,50,1,-1,-1,-1
567,3,654,1049,50,50,1,-1,-1,-1
567,4,313,1059,50,50,1,-1,-1,-1
568,2,355,734,50,50,1,-1,-1,-1
568,3,650,1060,50,50,1,-1,-1,-1
568,4,305,1055,50,50,1,-1,-1,-1
569,2,347,791,50,50,1,-1,-1,-1
569,3,645,1066,50,50,1,-1,-1,-1
569,4,298,1057,50,50,1,-1,-1,-1
570,2,339,853,50,50,1,-1,-1,-1
570,3,642,1071,50,50,1,-1,-1,-1
570,4,293,1062,50,50,1,-1,-1,-1
571,2,331,921,50,50,1,-1,-1,-1
571,3,640,1076,50,50,1,-1,-1,-1
571,4,289,1070,50,50,1,-1,-1,-1
572,2,323,993,50,50,1,-1,-1,-1
572,3,639,1080,50,50,1,-1,-1,-1
572,4,286,1078,50,50,1,-1,-1,-1
573,2,302,1074,50,50,1,-1,-1,-1
573,3,640,1083,50,50,1,-1,-1,-1
574,3,641,1085,50,50,1,-1,-1,-1
574,4,279,1100,50,50,1,-1,-1,-1
575,2,321,1082,50,50,1,-1,-1,-1
575,3,643,1086,50,50,1,-1,-1,-1
575,4,283,1099,50,50,1,-1,-1,-1
576,3,646,1085,50,50,1,-1,-1,-1
576,4,289,1087,50,50,1,-1,-1,-1
577,3,649,1082,50,50,1,-1,-1,-1
577,4,295,1078,50,50,1,-1,-1,-1
578,3,651,1080,50,50,1,-1,-1,-1
578,4,304,1073,50,50,1,-1,-1,-1
579,3,653,1079,50,50,1,-1,-1,-1
579,4,307,1070,50,50,1,-1,-1,-1
580,3,655,1078,50,50,1,-1,-1,-1
580,4,308,1068,50,50,1,-1,-1,-1
581,3,656,1078,50,50,1,-1,-1,-1
581,4,308,1068,50,50,1,-1,-1,-1
582,3,657,1077,50,50,1,-1,-1,-1
582,4,310,1068,50,50,1,-1,-1,-1
