2,1,550,1077,50,50,1,-1,-1,-1
2,2,438,981,50,50,1,-1,-1,-1
3,1,548,1078,50,50,1,-1,-1,-1
3,2,437,976,50,50,1,-1,-1,-1
4,1,544,1080,50,50,1,-1,-1,-1
4,2,435,973,50,50,1,-1,-1,-1
5,1,541,1081,50,50,1,-1,-1,-1
5,2,435,975,50,50,1,-1,-1,-1
6,1,538,1080,50,50,1,-1,-1,-1
6,2,437,983,50,50,1,-1,-1,-1
7,1,535,1076,50,50,1,-1,-1,-1
7,2,439,998,50,50,1,-1,-1,-1
8,1,533,1067,50,50,1,-1,-1,-1
8,2,441,1021,50,50,1,-1,-1,-1
9,1,533,1051,50,50,1,-1,-1,-1
9,2,442,1051,50,50,1,-1,-1,-1
10,1,535,1030,50,50,1,-1,-1,-1
10,2,442,1088,50,50,1,-1,-1,-1
11,1,539,1010,50,50,1,-1,-1,-1
11,2,441,1130,50,50,1,-1,-1,-1
12,1,543,991,50,50,1,-1,-1,-1
12,2,435,1169,50,50,1,-1,-1,-1
13,1,547,977,50,50,1,-1,-1,-1
13,2,430,1195,50,50,1,-1,-1,-1
14,1,548,971,50,50,1,-1,-1,-1
14,2,429,1210,50,50,1,-1,-1,-1
15,1,551,977,50,50,1,-1,-1,-1
15,2,436,1208,50,50,1,-1,-1,-1
16,1,557,996,50,50,1,-1,-1,-1
16,2,454,1180,50,50,1,-1,-1,-1
17,1,560,1026,50,50,1,-1,-1,-1
17,2,468,1124,50,50,1,-1,-1,-1
18,1,558,1067,50,50,1,-1,-1,-1
18,2,480,1040,50,50,1,-1,-1,-1
19,1,554,1107,50,50,1,-1,-1,-1
19,2,484,954,50,50,1,-1,-1,-1
20,1,544,1139,50,50,1,-1,-1,-1
20,2,491,873,50,50,1,-1,-1,-1
21,1,533,1156,50,50,1,-1,-1,-1
21,2,493,794,50,50,1,-1,-1,-1
21,3,467,928,50,50,1,-1,-1,-1
22,1,523,1160,50,50,1,-1,-1,-1
22,2,497,721,50,50,1,-1,-1,-1
22,3,462,930,50,50,1,-1,-1,-1
23,1,517,1150,50,50,1,-1,-1,-1
23,2,501,654,50,50,1,-1,-1,-1
23,3,459,948,50,50,1,-1,-1,-1
24,1,513,1128,50,50,1,-1,-1,-1
24,2,505,592,50,50,1,-1,-1,-1
25,1,510,1094,50,50,1,-1,-1,-1
25,2,509,535,50,50,1,-1,-1,-1
25,3,454,1028,50,50,1,-1,-1,-1
26,1,507,1053,50,50,1,-1,-1,-1
26,2,513,484,50,50,1,-1,-1,-1
26,3,446,1079,50,50,1,-1,-1,-1
27,1,498,1010,50,50,1,-1,-1,-1
27,2,518,438,50,50,1,-1,-1,-1
27,3,443,1134,50,50,1,-1,-1,-1
28,1,489,972,50,50,1,-1,-1,-1
28,2,522,399,50,50,1,-1,-1,-1
28,3,443,1172,50,50,1,-1,-1,-1
29,1,479,941,50,50,1,-1,-1,-1
29,2,527,363,50,50,1,-1,-1,-1
29,3,448,1192,50,50,1,-1,-1,-1
30,1,468,914,50,50,1,-1,-1,-1
30,2,531,335,50,50,1,-1,-1,-1
30,3,458,1196,50,50,1,-1,-1,-1
31,1,459,891,50,50,1,-1,-1,-1
31,2,535,311,50,50,1,-1,-1,-1
31,3,468,1186,50,50,1,-1,-1,-1
32,1,448,875,50,50,1,-1,-1,-1
32,2,539,292,50,50,1,-1,-1,-1
32,3,479,1160,50,50,1,-1,-1,-1
33,1,437,864,50,50,1,-1,-1,-1
33,2,543,279,50,50,1,-1,-1,-1
33,3,489,1119,50,50,1,-1,-1,-1
33,4,536,1046,50,50,1,-1,-1,-1
34,1,427,857,50,50,1,-1,-1,-1
34,2,547,270,50,50,1,-1,-1,-1
34,3,491,1067,50,50,1,-1,-1,-1
34,4,535,1078,50,50,1,-1,-1,-1
35,1,418,856,50,50,1,-1,-1,-1
35,2,551,267,50,50,1,-1,-1,-1
35,3,488,1012,50,50,1,-1,-1,-1
35,4,538,1112,50,50,1,-1,-1,-1
36,1,408,860,50,50,1,-1,-1,-1
36,2,555,269,50,50,1,-1,-1,-1
36,3,484,964,50,50,1,-1,-1,-1
36,4,539,1152,50,50,1,-1,-1,-1
37,1,399,868,50,50,1,-1,-1,-1
37,2,559,276,50,50,1,-1,-1,-1
37,3,482,921,50,50,1,-1,-1,-1
37,4,539,1183,50,50,1,-1,-1,-1
38,1,389,882,50,50,1,-1,-1,-1
38,2,563,287,50,50,1,-1,-1,-1
38,3,479,878,50,50,1,-1,-1,-1
38,4,536,1205,50,50,1,-1,-1,-1
39,1,379,901,50,50,1,-1,-1,-1
39,2,567,304,50,50,1,-1,-1,-1
39,3,475,841,50,50,1,-1,-1,-1
39,4,533,1217,50,50,1,-1,-1,-1
40,1,369,925,50,50,1,-1,-1,-1
40,2,571,326,50,50,1,-1,-1,-1
40,3,473,810,50,50,1,-1,-1,-1
40,4,533,1221,50,50,1,-1,-1,-1
41,1,360,952,50,50,1,-1,-1,-1
41,2,575,353,50,50,1,-1,-1,-1
41,3,469,785,50,50,1,-1,-1,-1
41,4,535,1215,50,50,1,-1,-1,-1
42,1,350,981,50,50,1,-1,-1,-1
42,2,579,384,50,50,1,-1,-1,-1
42,3,466,765,50,50,1,-1,-1,-1
42,4,537,1196,50,50,1,-1,-1,-1
43,1,349,998,50,50,1,-1,-1,-1
43,2,583,421,50,50,1,-1,-1,-1
43,3,463,750,50,50,1,-1,-1,-1
43,4,540,1153,50,50,1,-1,-1,-1
44,1,357,1016,50,50,1,-1,-1,-1
44,2,586,461,50,50,1,-1,-1,-1
44,3,460,740,50,50,1,-1,-1,-1
44,4,543,1081,50,50,1,-1,-1,-1
45,1,369,1041,50,50,1,-1,-1,-1
45,2,590,507,50,50,1,-1,-1,-1
45,3,457,736,50,50,1,-1,-1,-1
45,4,541,992,50,50,1,-1,-1,-1
46,1,384,1077,50,50,1,-1,-1,-1
46,2,594,559,50,50,1,-1,-1,-1
46,3,454,737,50,50,1,-1,-1,-1
46,4,536,907,50,50,1,-1,-1,-1
47,1,401,1116,50,50,1,-1,-1,-1
47,2,597,614,50,50,1,-1,-1,-1
47,3,451,742,50,50,1,-1,-1,-1
47,4,532,821,50,50,1,-1,-1,-1
48,1,420,1150,50,50,1,-1,-1,-1
48,2,601,673,50,50,1,-1,-1,-1
48,3,448,753,50,50,1,-1,-1,-1
48,4,528,743,50,50,1,-1,-1,-1
49,1,438,1163,50,50,1,-1,-1,-1
49,2,604,737,50,50,1,-1,-1,-1
49,3,445,769,50,50,1,-1,-1,-1
49,4,523,668,50,50,1,-1,-1,-1
50,1,457,1152,50,50,1,-1,-1,-1
50,2,608,805,50,50,1,-1,-1,-1
50,3,442,790,50,50,1,-1,-1,-1
50,4,518,600,50,50,1,-1,-1,-1
51,1,474,1116,50,50,1,-1,-1,-1
51,2,612,876,50,50,1,-1,-1,-1
51,3,439,817,50,50,1,-1,-1,-1
51,4,512,535,50,50,1,-1,-1,-1
52,1,485,1066,50,50,1,-1,-1,-1
52,2,610,927,50,50,1,-1,-1,-1
52,3,434,848,50,50,1,-1,-1,-1
52,4,507,477,50,50,1,-1,-1,-1
53,1,492,1016,50,50,1,-1,-1,-1
53,2,604,948,50,50,1,-1,-1,-1
53,3,432,884,50,50,1,-1,-1,-1
53,4,502,424,50,50,1,-1,-1,-1
54,1,498,970,50,50,1,-1,-1,-1
54,2,598,976,50,50,1,-1,-1,-1
54,3,431,926,50,50,1,-1,-1,-1
54,4,498,377,50,50,1,-1,-1,-1
55,1,506,929,50,50,1,-1,-1,-1
55,2,594,1015,50,50,1,-1,-1,-1
55,3,427,972,50,50,1,-1,-1,-1
55,4,493,334,50,50,1,-1,-1,-1
56,1,513,891,50,50,1,-1,-1,-1
56,2,581,1063,50,50,1,-1,-1,-1
56,3,425,1019,50,50,1,-1,-1,-1
56,4,489,298,50,50,1,-1,-1,-1
57,1,520,859,50,50,1,-1,-1,-1
57,2,565,1111,50,50,1,-1,-1,-1
57,3,422,1034,50,50,1,-1,-1,-1
57,4,483,266,50,50,1,-1,-1,-1
58,1,526,833,50,50,1,-1,-1,-1
58,2,546,1150,50,50,1,-1,-1,-1
58,3,419,1040,50,50,1,-1,-1,-1
58,4,479,240,50,50,1,-1,-1,-1
59,1,534,811,50,50,1,-1,-1,-1
59,2,529,1173,50,50,1,-1,-1,-1
59,3,418,1041,50,50,1,-1,-1,-1
59,4,474,219,50,50,1,-1,-1,-1
60,1,540,794,50,50,1,-1,-1,-1
60,2,514,1180,50,50,1,-1,-1,-1
60,3,416,1047,50,50,1,-1,-1,-1
60,4,469,203,50,50,1,-1,-1,-1
61,1,547,783,50,50,1,-1,-1,-1
61,2,502,1171,50,50,1,-1,-1,-1
61,3,413,1059,50,50,1,-1,-1,-1
61,4,464,192,50,50,1,-1,-1,-1
62,1,554,776,50,50,1,-1,-1,-1
62,2,493,1146,50,50,1,-1,-1,-1
62,3,408,1076,50,50,1,-1,-1,-1
62,4,459,187,50,50,1,-1,-1,-1
63,1,561,774,50,50,1,-1,-1,-1
63,2,490,1109,50,50,1,-1,-1,-1
63,3,403,1096,50,50,1,-1,-1,-1
63,4,455,187,50,50,1,-1,-1,-1
64,1,568,778,50,50,1,-1,-1,-1
64,2,493,1060,50,50,1,-1,-1,-1
64,3,400,1119,50,50,1,-1,-1,-1
64,4,450,192,50,50,1,-1,-1,-1
65,1,575,786,50,50,1,-1,-1,-1
65,2,498,1005,50,50,1,-1,-1,-1
65,3,397,1145,50,50,1,-1,-1,-1
65,4,445,202,50,50,1,-1,-1,-1
66,1,582,799,50,50,1,-1,-1,-1
66,2,506,951,50,50,1,-1,-1,-1
66,3,394,1169,50,50,1,-1,-1,-1
66,4,440,217,50,50,1,-1,-1,-1
67,1,588,818,50,50,1,-1,-1,-1
67,2,514,902,50,50,1,-1,-1,-1
67,3,395,1193,50,50,1,-1,-1,-1
67,4,436,238,50,50,1,-1,-1,-1
68,1,595,841,50,50,1,-1,-1,-1
68,2,521,856,50,50,1,-1,-1,-1
68,3,399,1214,50,50,1,-1,-1,-1
68,4,431,264,50,50,1,-1,-1,-1
69,1,602,869,50,50,1,-1,-1,-1
69,2,529,816,50,50,1,-1,-1,-1
69,3,407,1226,50,50,1,-1,-1,-1
69,4,426,294,50,50,1,-1,-1,-1
70,1,609,901,50,50,1,-1,-1,-1
70,2,536,781,50,50,1,-1,-1,-1
70,3,418,1229,50,50,1,-1,-1,-1
70,4,421,330,50,50,1,-1,-1,-1
71,1,614,936,50,50,1,-1,-1,-1
71,2,543,751,50,50,1,-1,-1,-1
71,3,429,1218,50,50,1,-1,-1,-1
71,4,416,371,50,50,1,-1,-1,-1
72,1,621,966,50,50,1,-1,-1,-1
72,2,550,727,50,50,1,-1,-1,-1
72,3,443,1186,50,50,1,-1,-1,-1
72,4,412,417,50,50,1,-1,-1,-1
73,1,614,992,50,50,1,-1,-1,-1
73,2,558,707,50,50,1,-1,-1,-1
73,3,454,1121,50,50,1,-1,-1,-1
73,4,408,469,50,50,1,-1,-1,-1
74,1,599,1021,50,50,1,-1,-1,-1
74,2,566,693,50,50,1,-1,-1,-1
74,3,460,1036,50,50,1,-1,-1,-1
74,4,403,525,50,50,1,-1,-1,-1
75,1,582,1058,50,50,1,-1,-1,-1
75,2,573,684,50,50,1,-1,-1,-1
75,3,464,953,50,50,1,-1,-1,-1
75,4,398,585,50,50,1,-1,-1,-1
76,1,560,1107,50,50,1,-1,-1,-1
76,2,580,680,50,50,1,-1,-1,-1
76,3,468,871,50,50,1,-1,-1,-1
76,4,394,652,50,50,1,-1,-1,-1
77,1,545,1138,50,50,1,-1,-1,-1
77,2,587,681,50,50,1,-1,-1,-1
77,3,473,789,50,50,1,-1,-1,-1
77,4,389,723,50,50,1,-1,-1,-1
78,1,537,1142,50,50,1,-1,-1,-1
78,2,595,688,50,50,1,-1,-1,-1
78,3,476,718,50,50,1,-1,-1,-1
78,4,385,798,50,50,1,-1,-1,-1
79,1,530,1119,50,50,1,-1,-1,-1
79,2,602,700,50,50,1,-1,-1,-1
79,3,480,650,50,50,1,-1,-1,-1
79,4,381,878,50,50,1,-1,-1,-1
80,1,524,1075,50,50,1,-1,-1,-1
80,2,609,716,50,50,1,-1,-1,-1
80,3,484,587,50,50,1,-1,-1,-1
80,4,378,951,50,50,1,-1,-1,-1
81,1,516,1025,50,50,1,-1,-1,-1
81,2,616,738,50,50,1,-1,-1,-1
81,3,488,529,50,50,1,-1,-1,-1
81,4,363,988,50,50,1,-1,-1,-1
82,1,511,978,50,50,1,-1,-1,-1
82,2,623,765,50,50,1,-1,-1,-1
82,3,491,476,50,50,1,-1,-1,-1
82,4,364,1021,50,50,1,-1,-1,-1
83,1,506,935,50,50,1,-1,-1,-1
83,2,630,796,50,50,1,-1,-1,-1
83,3,495,428,50,50,1,-1,-1,-1
83,4,377,1057,50,50,1,-1,-1,-1
84,1,501,894,50,50,1,-1,-1,-1
84,2,637,833,50,50,1,-1,-1,-1
84,3,499,387,50,50,1,-1,-1,-1
84,4,389,1095,50,50,1,-1,-1,-1
85,1,495,860,50,50,1,-1,-1,-1
85,2,644,873,50,50,1,-1,-1,-1
85,3,502,350,50,50,1,-1,-1,-1
85,4,403,1133,50,50,1,-1,-1,-1
86,1,490,829,50,50,1,-1,-1,-1
86,2,651,919,50,50,1,-1,-1,-1
86,3,506,319,50,50,1,-1,-1,-1
86,4,418,1165,50,50,1,-1,-1,-1
87,1,483,803,50,50,1,-1,-1,-1
87,2,658,970,50,50,1,-1,-1,-1
87,3,510,294,50,50,1,-1,-1,-1
87,4,433,1186,50,50,1,-1,-1,-1
88,1,476,783,50,50,1,-1,-1,-1
88,2,655,1005,50,50,1,-1,-1,-1
88,3,514,273,50,50,1,-1,-1,-1
88,4,446,1195,50,50,1,-1,-1,-1
89,1,469,769,50,50,1,-1,-1,-1
89,2,654,1012,50,50,1,-1,-1,-1
89,3,517,257,50,50,1,-1,-1,-1
89,4,461,1192,50,50,1,-1,-1,-1
90,1,462,759,50,50,1,-1,-1,-1
90,2,648,1021,50,50,1,-1,-1,-1
90,3,522,246,50,50,1,-1,-1,-1
90,4,478,1176,50,50,1,-1,-1,-1
91,1,456,755,50,50,1,-1,-1,-1
91,2,640,1037,50,50,1,-1,-1,-1
91,3,525,242,50,50,1,-1,-1,-1
91,4,494,1144,50,50,1,-1,-1,-1
92,1,450,755,50,50,1,-1,-1,-1
92,2,631,1061,50,50,1,-1,-1,-1
92,3,529,242,50,50,1,-1,-1,-1
92,4,502,1096,50,50,1,-1,-1,-1
93,1,445,761,50,50,1,-1,-1,-1
93,2,621,1093,50,50,1,-1,-1,-1
93,3,533,247,50,50,1,-1,-1,-1
93,4,504,1042,50,50,1,-1,-1,-1
94,1,438,773,50,50,1,-1,-1,-1
94,2,607,1132,50,50,1,-1,-1,-1
94,3,536,258,50,50,1,-1,-1,-1
94,4,500,987,50,50,1,-1,-1,-1
95,1,432,789,50,50,1,-1,-1,-1
95,2,588,1166,50,50,1,-1,-1,-1
95,3,540,274,50,50,1,-1,-1,-1
95,4,497,941,50,50,1,-1,-1,-1
96,1,424,811,50,50,1,-1,-1,-1
96,2,570,1196,50,50,1,-1,-1,-1
96,3,544,295,50,50,1,-1,-1,-1
96,4,493,894,50,50,1,-1,-1,-1
97,1,418,838,50,50,1,-1,-1,-1
97,2,553,1214,50,50,1,-1,-1,-1
97,3,547,321,50,50,1,-1,-1,-1
97,4,488,855,50,50,1,-1,-1,-1
98,1,413,872,50,50,1,-1,-1,-1
98,2,543,1220,50,50,1,-1,-1,-1
98,3,551,353,50,50,1,-1,-1,-1
98,4,484,818,50,50,1,-1,-1,-1
99,1,407,910,50,50,1,-1,-1,-1
99,2,535,1213,50,50,1,-1,-1,-1
99,3,554,390,50,50,1,-1,-1,-1
99,4,477,787,50,50,1,-1,-1,-1
100,1,393,941,50,50,1,-1,-1,-1
100,2,532,1192,50,50,1,-1,-1,-1
100,3,558,432,50,50,1,-1,-1,-1
100,4,472,762,50,50,1,-1,-1,-1
101,1,390,959,50,50,1,-1,-1,-1
101,2,532,1149,50,50,1,-1,-1,-1
101,3,562,479,50,50,1,-1,-1,-1
101,4,467,742,50,50,1,-1,-1,-1
102,1,394,972,50,50,1,-1,-1,-1
102,2,533,1074,50,50,1,-1,-1,-1
102,3,566,531,50,50,1,-1,-1,-1
102,4,462,727,50,50,1,-1,-1,-1
103,1,401,1005,50,50,1,-1,-1,-1
103,2,531,984,50,50,1,-1,-1,-1
103,3,569,588,50,50,1,-1,-1,-1
103,4,458,718,50,50,1,-1,-1,-1
104,1,408,1046,50,50,1,-1,-1,-1
104,2,526,898,50,50,1,-1,-1,-1
104,3,572,650,50,50,1,-1,-1,-1
104,4,453,713,50,50,1,-1,-1,-1
105,1,419,1093,50,50,1,-1,-1,-1
105,2,521,813,50,50,1,-1,-1,-1
105,3,576,719,50,50,1,-1,-1,-1
105,4,449,714,50,50,1,-1,-1,-1
106,1,431,1144,50,50,1,-1,-1,-1
106,2,516,732,50,50,1,-1,-1,-1
106,3,579,790,50,50,1,-1,-1,-1
106,4,443,720,50,50,1,-1,-1,-1
107,1,445,1162,50,50,1,-1,-1,-1
107,2,509,655,50,50,1,-1,-1,-1
107,3,582,867,50,50,1,-1,-1,-1
107,4,439,731,50,50,1,-1,-1,-1
108,1,458,1147,50,50,1,-1,-1,-1
108,2,504,585,50,50,1,-1,-1,-1
108,3,586,934,50,50,1,-1,-1,-1
108,4,433,748,50,50,1,-1,-1,-1
109,1,470,1106,50,50,1,-1,-1,-1
109,2,499,519,50,50,1,-1,-1,-1
109,3,593,960,50,50,1,-1,-1,-1
109,4,429,770,50,50,1,-1,-1,-1
110,1,480,1054,50,50,1,-1,-1,-1
110,2,493,459,50,50,1,-1,-1,-1
110,3,596,987,50,50,1,-1,-1,-1
110,4,424,796,50,50,1,-1,-1,-1
111,1,486,1005,50,50,1,-1,-1,-1
111,2,488,405,50,50,1,-1,-1,-1
111,3,589,1028,50,50,1,-1,-1,-1
111,4,418,829,50,50,1,-1,-1,-1
112,1,492,960,50,50,1,-1,-1,-1
112,2,483,356,50,50,1,-1,-1,-1
112,3,577,1071,50,50,1,-1,-1,-1
112,4,414,868,50,50,1,-1,-1,-1
113,1,500,918,50,50,1,-1,-1,-1
113,2,477,313,50,50,1,-1,-1,-1
113,3,562,1118,50,50,1,-1,-1,-1
113,4,410,910,50,50,1,-1,-1,-1
114,1,506,881,50,50,1,-1,-1,-1
114,2,472,275,50,50,1,-1,-1,-1
114,3,548,1157,50,50,1,-1,-1,-1
114,4,405,958,50,50,1,-1,-1,-1
115,1,513,848,50,50,1,-1,-1,-1
115,2,466,242,50,50,1,-1,-1,-1
115,3,534,1185,50,50,1,-1,-1,-1
115,4,400,1005,50,50,1,-1,-1,-1
116,1,518,822,50,50,1,-1,-1,-1
116,2,461,215,50,50,1,-1,-1,-1
116,3,522,1204,50,50,1,-1,-1,-1
116,4,395,1029,50,50,1,-1,-1,-1
117,1,525,801,50,50,1,-1,-1,-1
117,2,455,194,50,50,1,-1,-1,-1
117,3,515,1211,50,50,1,-1,-1,-1
117,4,398,1040,50,50,1,-1,-1,-1
118,1,532,784,50,50,1,-1,-1,-1
118,2,450,177,50,50,1,-1,-1,-1
118,3,505,1204,50,50,1,-1,-1,-1
118,4,399,1052,50,50,1,-1,-1,-1
119,1,538,773,50,50,1,-1,-1,-1
119,2,445,166,50,50,1,-1,-1,-1
119,3,494,1180,50,50,1,-1,-1,-1
119,4,401,1067,50,50,1,-1,-1,-1
120,1,545,767,50,50,1,-1,-1,-1
120,2,440,161,50,50,1,-1,-1,-1
120,3,489,1145,50,50,1,-1,-1,-1
120,4,400,1090,50,50,1,-1,-1,-1
121,1,551,766,50,50,1,-1,-1,-1
121,2,434,160,50,50,1,-1,-1,-1
121,3,488,1094,50,50,1,-1,-1,-1
121,4,402,1118,50,50,1,-1,-1,-1
122,1,558,770,50,50,1,-1,-1,-1
122,2,428,166,50,50,1,-1,-1,-1
122,3,490,1037,50,50,1,-1,-1,-1
122,4,400,1150,50,50,1,-1,-1,-1
123,1,565,780,50,50,1,-1,-1,-1
123,2,423,176,50,50,1,-1,-1,-1
123,3,494,981,50,50,1,-1,-1,-1
123,4,398,1180,50,50,1,-1,-1,-1
124,1,571,794,50,50,1,-1,-1,-1
124,2,418,192,50,50,1,-1,-1,-1
124,3,500,932,50,50,1,-1,-1,-1
124,4,397,1202,50,50,1,-1,-1,-1
125,1,578,814,50,50,1,-1,-1,-1
125,2,412,214,50,50,1,-1,-1,-1
125,3,506,881,50,50,1,-1,-1,-1
125,4,398,1219,50,50,1,-1,-1,-1
126,1,585,839,50,50,1,-1,-1,-1
126,2,407,240,50,50,1,-1,-1,-1
126,3,511,836,50,50,1,-1,-1,-1
126,4,402,1229,50,50,1,-1,-1,-1
127,1,591,869,50,50,1,-1,-1,-1
127,2,402,272,50,50,1,-1,-1,-1
127,3,514,798,50,50,1,-1,-1,-1
127,4,409,1231,50,50,1,-1,-1,-1
128,1,597,904,50,50,1,-1,-1,-1
128,2,396,310,50,50,1,-1,-1,-1
128,3,519,765,50,50,1,-1,-1,-1
128,4,418,1221,50,50,1,-1,-1,-1
129,1,604,942,50,50,1,-1,-1,-1
129,2,391,352,50,50,1,-1,-1,-1
129,3,524,737,50,50,1,-1,-1,-1
129,4,431,1188,50,50,1,-1,-1,-1
130,1,610,979,50,50,1,-1,-1,-1
130,2,385,399,50,50,1,-1,-1,-1
130,3,529,714,50,50,1,-1,-1,-1
130,4,443,1119,50,50,1,-1,-1,-1
131,1,609,1004,50,50,1,-1,-1,-1
131,2,380,453,50,50,1,-1,-1,-1
131,3,534,696,50,50,1,-1,-1,-1
131,4,452,1031,50,50,1,-1,-1,-1
132,1,598,1036,50,50,1,-1,-1,-1
132,2,375,512,50,50,1,-1,-1,-1
132,3,538,685,50,50,1,-1,-1,-1
132,4,458,947,50,50,1,-1,-1,-1
133,1,582,1077,50,50,1,-1,-1,-1
133,2,370,575,50,50,1,-1,-1,-1
133,3,543,678,50,50,1,-1,-1,-1
133,4,464,864,50,50,1,-1,-1,-1
134,1,564,1119,50,50,1,-1,-1,-1
134,2,365,645,50,50,1,-1,-1,-1
134,3,548,676,50,50,1,-1,-1,-1
134,4,470,779,50,50,1,-1,-1,-1
135,1,543,1151,50,50,1,-1,-1,-1
135,2,361,718,50,50,1,-1,-1,-1
135,3,553,679,50,50,1,-1,-1,-1
135,4,476,705,50,50,1,-1,-1,-1
136,1,531,1159,50,50,1,-1,-1,-1
136,2,355,796,50,50,1,-1,-1,-1
136,3,558,689,50,50,1,-1,-1,-1
136,4,483,634,50,50,1,-1,-1,-1
137,1,522,1149,50,50,1,-1,-1,-1
137,2,350,876,50,50,1,-1,-1,-1
137,3,562,703,50,50,1,-1,-1,-1
137,4,489,568,50,50,1,-1,-1,-1
138,1,516,1119,50,50,1,-1,-1,-1
138,2,341,922,50,50,1,-1,-1,-1
138,3,567,722,50,50,1,-1,-1,-1
138,4,495,508,50,50,1,-1,-1,-1
139,1,510,1071,50,50,1,-1,-1,-1
139,2,343,952,50,50,1,-1,-1,-1
139,3,572,747,50,50,1,-1,-1,-1
139,4,501,453,50,50,1,-1,-1,-1
140,1,502,1019,50,50,1,-1,-1,-1
140,2,355,982,50,50,1,-1,-1,-1
140,3,577,776,50,50,1,-1,-1,-1
140,4,507,403,50,50,1,-1,-1,-1
141,1,497,975,50,50,1,-1,-1,-1
141,2,367,1015,50,50,1,-1,-1,-1
141,3,581,811,50,50,1,-1,-1,-1
141,4,514,359,50,50,1,-1,-1,-1
142,1,491,935,50,50,1,-1,-1,-1
142,2,382,1057,50,50,1,-1,-1,-1
142,3,586,851,50,50,1,-1,-1,-1
142,4,521,319,50,50,1,-1,-1,-1
143,1,484,894,50,50,1,-1,-1,-1
143,2,398,1107,50,50,1,-1,-1,-1
143,3,590,895,50,50,1,-1,-1,-1
143,4,527,286,50,50,1,-1,-1,-1
144,1,476,863,50,50,1,-1,-1,-1
144,2,411,1149,50,50,1,-1,-1,-1
144,3,595,945,50,50,1,-1,-1,-1
144,4,533,258,50,50,1,-1,-1,-1
145,1,470,836,50,50,1,-1,-1,-1
145,2,426,1176,50,50,1,-1,-1,-1
145,3,599,993,50,50,1,-1,-1,-1
145,4,539,234,50,50,1,-1,-1,-1
146,1,463,811,50,50,1,-1,-1,-1
146,2,441,1187,50,50,1,-1,-1,-1
146,3,603,1018,50,50,1,-1,-1,-1
146,4,545,217,50,50,1,-1,-1,-1
147,1,455,795,50,50,1,-1,-1,-1
147,2,457,1186,50,50,1,-1,-1,-1
147,3,602,1031,50,50,1,-1,-1,-1
147,4,551,204,50,50,1,-1,-1,-1
148,1,449,783,50,50,1,-1,-1,-1
148,2,472,1171,50,50,1,-1,-1,-1
148,3,598,1050,50,50,1,-1,-1,-1
148,4,558,197,50,50,1,-1,-1,-1
149,1,443,778,50,50,1,-1,-1,-1
149,2,487,1141,50,50,1,-1,-1,-1
149,3,592,1068,50,50,1,-1,-1,-1
149,4,564,195,50,50,1,-1,-1,-1
150,1,436,777,50,50,1,-1,-1,-1
150,2,497,1094,50,50,1,-1,-1,-1
150,3,586,1092,50,50,1,-1,-1,-1
150,4,570,199,50,50,1,-1,-1,-1
151,1,429,781,50,50,1,-1,-1,-1
151,2,499,1039,50,50,1,-1,-1,-1
151,3,578,1121,50,50,1,-1,-1,-1
151,4,577,209,50,50,1,-1,-1,-1
152,1,422,790,50,50,1,-1,-1,-1
152,2,497,984,50,50,1,-1,-1,-1
152,3,573,1149,50,50,1,-1,-1,-1
152,4,583,223,50,50,1,-1,-1,-1
153,1,415,805,50,50,1,-1,-1,-1
153,2,494,939,50,50,1,-1,-1,-1
153,3,563,1179,50,50,1,-1,-1,-1
153,4,589,243,50,50,1,-1,-1,-1
154,1,409,825,50,50,1,-1,-1,-1
154,2,490,890,50,50,1,-1,-1,-1
154,3,554,1200,50,50,1,-1,-1,-1
154,4,595,268,50,50,1,-1,-1,-1
155,1,402,850,50,50,1,-1,-1,-1
155,2,485,851,50,50,1,-1,-1,-1
155,3,548,1210,50,50,1,-1,-1,-1
155,4,602,299,50,50,1,-1,-1,-1
156,1,395,880,50,50,1,-1,-1,-1
156,2,481,813,50,50,1,-1,-1,-1
156,3,546,1209,50,50,1,-1,-1,-1
156,4,608,336,50,50,1,-1,-1,-1
157,1,388,916,50,50,1,-1,-1,-1
157,2,475,784,50,50,1,-1,-1,-1
157,3,544,1192,50,50,1,-1,-1,-1
157,4,615,377,50,50,1,-1,-1,-1
158,1,377,948,50,50,1,-1,-1,-1
158,2,471,759,50,50,1,-1,-1,-1
158,3,544,1152,50,50,1,-1,-1,-1
158,4,620,425,50,50,1,-1,-1,-1
159,1,392,973,50,50,1,-1,-1,-1
159,2,466,739,50,50,1,-1,-1,-1
159,3,545,1079,50,50,1,-1,-1,-1
159,4,627,478,50,50,1,-1,-1,-1
160,1,398,994,50,50,1,-1,-1,-1
160,2,462,725,50,50,1,-1,-1,-1
160,3,543,992,50,50,1,-1,-1,-1
160,4,632,536,50,50,1,-1,-1,-1
161,1,399,1017,50,50,1,-1,-1,-1
161,2,458,715,50,50,1,-1,-1,-1
161,3,538,909,50,50,1,-1,-1,-1
161,4,639,601,50,50,1,-1,-1,-1
162,1,408,1055,50,50,1,-1,-1,-1
162,2,454,711,50,50,1,-1,-1,-1
162,3,533,827,50,50,1,-1,-1,-1
162,4,645,669,50,50,1,-1,-1,-1
163,1,420,1100,50,50,1,-1,-1,-1
163,2,449,712,50,50,1,-1,-1,-1
163,3,528,748,50,50,1,-1,-1,-1
163,4,651,744,50,50,1,-1,-1,-1
164,1,436,1138,50,50,1,-1,-1,-1
164,2,446,719,50,50,1,-1,-1,-1
164,3,522,675,50,50,1,-1,-1,-1
164,4,657,824,50,50,1,-1,-1,-1
165,1,452,1153,50,50,1,-1,-1,-1
165,2,441,730,50,50,1,-1,-1,-1
165,3,517,607,50,50,1,-1,-1,-1
165,4,662,908,50,50,1,-1,-1,-1
166,1,467,1137,50,50,1,-1,-1,-1
166,2,437,747,50,50,1,-1,-1,-1
166,3,511,545,50,50,1,-1,-1,-1
166,4,669,964,50,50,1,-1,-1,-1
167,1,481,1095,50,50,1,-1,-1,-1
167,2,433,769,50,50,1,-1,-1,-1
167,3,506,488,50,50,1,-1,-1,-1
167,4,662,991,50,50,1,-1,-1,-1
168,1,490,1041,50,50,1,-1,-1,-1
168,2,428,796,50,50,1,-1,-1,-1
168,3,500,437,50,50,1,-1,-1,-1
168,4,646,1019,50,50,1,-1,-1,-1
169,1,497,987,50,50,1,-1,-1,-1
169,2,423,828,50,50,1,-1,-1,-1
169,3,495,391,50,50,1,-1,-1,-1
169,4,627,1052,50,50,1,-1,-1,-1
170,1,504,938,50,50,1,-1,-1,-1
170,2,419,868,50,50,1,-1,-1,-1
170,3,489,351,50,50,1,-1,-1,-1
170,4,607,1086,50,50,1,-1,-1,-1
171,1,511,891,50,50,1,-1,-1,-1
171,2,416,909,50,50,1,-1,-1,-1
171,3,484,317,50,50,1,-1,-1,-1
171,4,588,1127,50,50,1,-1,-1,-1
172,1,518,850,50,50,1,-1,-1,-1
172,2,412,957,50,50,1,-1,-1,-1
172,3,479,288,50,50,1,-1,-1,-1
172,4,569,1161,50,50,1,-1,-1,-1
173,1,525,813,50,50,1,-1,-1,-1
173,2,407,1003,50,50,1,-1,-1,-1
173,3,473,264,50,50,1,-1,-1,-1
173,4,548,1189,50,50,1,-1,-1,-1
174,1,532,782,50,50,1,-1,-1,-1
174,2,402,1018,50,50,1,-1,-1,-1
174,3,467,245,50,50,1,-1,-1,-1
174,4,533,1205,50,50,1,-1,-1,-1
175,1,539,756,50,50,1,-1,-1,-1
175,2,403,1029,50,50,1,-1,-1,-1
175,3,462,232,50,50,1,-1,-1,-1
175,4,518,1210,50,50,1,-1,-1,-1
176,1,546,735,50,50,1,-1,-1,-1
176,2,404,1042,50,50,1,-1,-1,-1
176,3,457,225,50,50,1,-1,-1,-1
176,4,506,1207,50,50,1,-1,-1,-1
177,1,553,719,50,50,1,-1,-1,-1
177,2,405,1055,50,50,1,-1,-1,-1
177,3,451,223,50,50,1,-1,-1,-1
177,4,497,1190,50,50,1,-1,-1,-1
178,1,560,709,50,50,1,-1,-1,-1
178,2,403,1076,50,50,1,-1,-1,-1
178,3,446,226,50,50,1,-1,-1,-1
178,4,492,1158,50,50,1,-1,-1,-1
179,1,567,703,50,50,1,-1,-1,-1
179,2,403,1102,50,50,1,-1,-1,-1
179,3,440,234,50,50,1,-1,-1,-1
179,4,491,1109,50,50,1,-1,-1,-1
180,1,574,703,50,50,1,-1,-1,-1
180,2,403,1130,50,50,1,-1,-1,-1
180,3,435,248,50,50,1,-1,-1,-1
180,4,493,1047,50,50,1,-1,-1,-1
181,1,581,707,50,50,1,-1,-1,-1
181,2,401,1161,50,50,1,-1,-1,-1
181,3,429,267,50,50,1,-1,-1,-1
181,4,496,989,50,50,1,-1,-1,-1
182,1,587,717,50,50,1,-1,-1,-1
182,2,401,1188,50,50,1,-1,-1,-1
182,3,424,291,50,50,1,-1,-1,-1
182,4,502,936,50,50,1,-1,-1,-1
183,1,594,732,50,50,1,-1,-1,-1
183,2,403,1210,50,50,1,-1,-1,-1
183,3,418,321,50,50,1,-1,-1,-1
183,4,508,883,50,50,1,-1,-1,-1
184,1,601,752,50,50,1,-1,-1,-1
184,2,408,1220,50,50,1,-1,-1,-1
184,3,413,355,50,50,1,-1,-1,-1
184,4,512,836,50,50,1,-1,-1,-1
185,1,608,777,50,50,1,-1,-1,-1
185,2,417,1216,50,50,1,-1,-1,-1
185,3,408,395,50,50,1,-1,-1,-1
185,4,516,796,50,50,1,-1,-1,-1
186,1,615,807,50,50,1,-1,-1,-1
186,2,430,1191,50,50,1,-1,-1,-1
186,3,402,440,50,50,1,-1,-1,-1
186,4,521,761,50,50,1,-1,-1,-1
187,1,622,841,50,50,1,-1,-1,-1
187,2,442,1134,50,50,1,-1,-1,-1
187,3,397,491,50,50,1,-1,-1,-1
187,4,526,730,50,50,1,-1,-1,-1
188,1,628,881,50,50,1,-1,-1,-1
188,2,450,1049,50,50,1,-1,-1,-1
188,3,391,546,50,50,1,-1,-1,-1
188,4,530,705,50,50,1,-1,-1,-1
189,1,624,921,50,50,1,-1,-1,-1
189,2,458,961,50,50,1,-1,-1,-1
189,3,386,607,50,50,1,-1,-1,-1
189,4,535,685,50,50,1,-1,-1,-1
190,1,620,940,50,50,1,-1,-1,-1
190,2,461,877,50,50,1,-1,-1,-1
190,3,382,672,50,50,1,-1,-1,-1
190,4,541,670,50,50,1,-1,-1,-1
191,1,608,962,50,50,1,-1,-1,-1
191,2,470,791,50,50,1,-1,-1,-1
191,3,377,742,50,50,1,-1,-1,-1
191,4,545,661,50,50,1,-1,-1,-1
192,1,590,997,50,50,1,-1,-1,-1
192,2,476,719,50,50,1,-1,-1,-1
192,3,372,817,50,50,1,-1,-1,-1
192,4,549,657,50,50,1,-1,-1,-1
193,1,574,1045,50,50,1,-1,-1,-1
193,2,482,646,50,50,1,-1,-1,-1
193,3,367,896,50,50,1,-1,-1,-1
193,4,554,658,50,50,1,-1,-1,-1
194,1,559,1102,50,50,1,-1,-1,-1
194,2,488,579,50,50,1,-1,-1,-1
194,3,359,953,50,50,1,-1,-1,-1
194,4,559,664,50,50,1,-1,-1,-1
195,1,547,1135,50,50,1,-1,-1,-1
195,2,494,518,50,50,1,-1,-1,-1
195,3,352,974,50,50,1,-1,-1,-1
195,4,564,676,50,50,1,-1,-1,-1
196,1,538,1132,50,50,1,-1,-1,-1
196,2,501,460,50,50,1,-1,-1,-1
196,3,352,993,50,50,1,-1,-1,-1
196,4,568,692,50,50,1,-1,-1,-1
197,1,530,1101,50,50,1,-1,-1,-1
197,2,506,409,50,50,1,-1,-1,-1
197,3,357,1013,50,50,1,-1,-1,-1
197,4,573,713,50,50,1,-1,-1,-1
198,1,521,1053,50,50,1,-1,-1,-1
198,2,513,364,50,50,1,-1,-1,-1
198,3,362,1036,50,50,1,-1,-1,-1
198,4,578,740,50,50,1,-1,-1,-1
199,1,513,1005,50,50,1,-1,-1,-1
199,2,520,323,50,50,1,-1,-1,-1
199,3,366,1062,50,50,1,-1,-1,-1
199,4,582,771,50,50,1,-1,-1,-1
200,1,507,962,50,50,1,-1,-1,-1
200,2,527,288,50,50,1,-1,-1,-1
200,3,372,1091,50,50,1,-1,-1,-1
200,4,586,807,50,50,1,-1,-1,-1
201,1,501,922,50,50,1,-1,-1,-1
201,2,533,257,50,50,1,-1,-1,-1
201,3,379,1119,50,50,1,-1,-1,-1
201,4,590,848,50,50,1,-1,-1,-1
202,1,492,885,50,50,1,-1,-1,-1
202,2,539,233,50,50,1,-1,-1,-1
202,3,387,1145,50,50,1,-1,-1,-1
202,4,595,893,50,50,1,-1,-1,-1
203,1,484,855,50,50,1,-1,-1,-1
203,2,545,213,50,50,1,-1,-1,-1
203,3,398,1171,50,50,1,-1,-1,-1
203,4,599,941,50,50,1,-1,-1,-1
204,1,476,827,50,50,1,-1,-1,-1
204,2,552,199,50,50,1,-1,-1,-1
204,3,410,1193,50,50,1,-1,-1,-1
204,4,607,977,50,50,1,-1,-1,-1
205,1,468,806,50,50,1,-1,-1,-1
205,2,559,190,50,50,1,-1,-1,-1
205,3,426,1205,50,50,1,-1,-1,-1
205,4,607,994,50,50,1,-1,-1,-1
206,1,458,791,50,50,1,-1,-1,-1
206,2,565,187,50,50,1,-1,-1,-1
206,3,445,1207,50,50,1,-1,-1,-1
206,4,605,1013,50,50,1,-1,-1,-1
207,1,451,781,50,50,1,-1,-1,-1
207,2,571,189,50,50,1,-1,-1,-1
207,3,466,1196,50,50,1,-1,-1,-1
207,4,602,1038,50,50,1,-1,-1,-1
208,1,443,777,50,50,1,-1,-1,-1
208,2,578,196,50,50,1,-1,-1,-1
208,3,487,1167,50,50,1,-1,-1,-1
208,4,596,1070,50,50,1,-1,-1,-1
209,1,435,776,50,50,1,-1,-1,-1
209,2,584,209,50,50,1,-1,-1,-1
209,3,500,1119,50,50,1,-1,-1,-1
209,4,591,1108,50,50,1,-1,-1,-1
210,1,426,781,50,50,1,-1,-1,-1
210,2,590,227,50,50,1,-1,-1,-1
210,3,504,1058,50,50,1,-1,-1,-1
210,4,583,1144,50,50,1,-1,-1,-1
211,1,418,792,50,50,1,-1,-1,-1
211,2,596,250,50,50,1,-1,-1,-1
211,3,502,996,50,50,1,-1,-1,-1
211,4,574,1175,50,50,1,-1,-1,-1
212,1,411,807,50,50,1,-1,-1,-1
212,2,603,279,50,50,1,-1,-1,-1
212,3,500,942,50,50,1,-1,-1,-1
212,4,563,1198,50,50,1,-1,-1,-1
213,1,403,828,50,50,1,-1,-1,-1
213,2,610,313,50,50,1,-1,-1,-1
213,3,498,886,50,50,1,-1,-1,-1
213,4,554,1207,50,50,1,-1,-1,-1
214,1,394,854,50,50,1,-1,-1,-1
214,2,616,353,50,50,1,-1,-1,-1
214,3,494,838,50,50,1,-1,-1,-1
214,4,548,1202,50,50,1,-1,-1,-1
215,1,386,885,50,50,1,-1,-1,-1
215,2,622,398,50,50,1,-1,-1,-1
215,3,491,794,50,50,1,-1,-1,-1
215,4,543,1182,50,50,1,-1,-1,-1
216,1,379,920,50,50,1,-1,-1,-1
216,2,628,449,50,50,1,-1,-1,-1
216,3,487,757,50,50,1,-1,-1,-1
216,4,541,1136,50,50,1,-1,-1,-1
217,1,373,952,50,50,1,-1,-1,-1
217,2,635,505,50,50,1,-1,-1,-1
217,3,484,723,50,50,1,-1,-1,-1
217,4,541,1061,50,50,1,-1,-1,-1
218,1,370,968,50,50,1,-1,-1,-1
218,2,641,566,50,50,1,-1,-1,-1
218,3,481,695,50,50,1,-1,-1,-1
218,4,535,977,50,50,1,-1,-1,-1
219,1,378,989,50,50,1,-1,-1,-1
219,2,647,633,50,50,1,-1,-1,-1
219,3,478,672,50,50,1,-1,-1,-1
219,4,530,897,50,50,1,-1,-1,-1
220,1,396,1015,50,50,1,-1,-1,-1
220,2,653,705,50,50,1,-1,-1,-1
220,3,475,654,50,50,1,-1,-1,-1
220,4,524,818,50,50,1,-1,-1,-1
221,1,412,1050,50,50,1,-1,-1,-1
221,2,659,782,50,50,1,-1,-1,-1
221,3,472,641,50,50,1,-1,-1,-1
221,4,517,744,50,50,1,-1,-1,-1
222,1,432,1096,50,50,1,-1,-1,-1
222,2,665,864,50,50,1,-1,-1,-1
222,3,468,634,50,50,1,-1,-1,-1
222,4,511,676,50,50,1,-1,-1,-1
223,1,450,1141,50,50,1,-1,-1,-1
223,2,670,943,50,50,1,-1,-1,-1
223,3,465,632,50,50,1,-1,-1,-1
223,4,505,613,50,50,1,-1,-1,-1
224,1,460,1163,50,50,1,-1,-1,-1
224,2,678,985,50,50,1,-1,-1,-1
224,3,462,635,50,50,1,-1,-1,-1
224,4,499,555,50,50,1,-1,-1,-1
225,1,471,1154,50,50,1,-1,-1,-1
225,2,669,1012,50,50,1,-1,-1,-1
225,3,459,643,50,50,1,-1,-1,-1
225,4,493,502,50,50,1,-1,-1,-1
226,1,485,1118,50,50,1,-1,-1,-1
226,2,651,1036,50,50,1,-1,-1,-1
226,3,456,658,50,50,1,-1,-1,-1
226,4,487,456,50,50,1,-1,-1,-1
227,1,495,1065,50,50,1,-1,-1,-1
227,2,632,1064,50,50,1,-1,-1,-1
227,3,453,677,50,50,1,-1,-1,-1
227,4,480,415,50,50,1,-1,-1,-1
228,1,501,1011,50,50,1,-1,-1,-1
228,2,617,1096,50,50,1,-1,-1,-1
228,3,450,702,50,50,1,-1,-1,-1
228,4,474,379,50,50,1,-1,-1,-1
229,1,507,963,50,50,1,-1,-1,-1
229,2,605,1130,50,50,1,-1,-1,-1
229,3,447,732,50,50,1,-1,-1,-1
229,4,468,350,50,50,1,-1,-1,-1
230,1,511,921,50,50,1,-1,-1,-1
230,2,590,1162,50,50,1,-1,-1,-1
230,3,444,768,50,50,1,-1,-1,-1
230,4,462,325,50,50,1,-1,-1,-1
231,1,517,880,50,50,1,-1,-1,-1
231,2,574,1191,50,50,1,-1,-1,-1
231,3,439,807,50,50,1,-1,-1,-1
231,4,456,306,50,50,1,-1,-1,-1
232,1,522,845,50,50,1,-1,-1,-1
232,2,558,1210,50,50,1,-1,-1,-1
232,3,435,857,50,50,1,-1,-1,-1
232,4,450,292,50,50,1,-1,-1,-1
233,1,527,814,50,50,1,-1,-1,-1
233,2,542,1220,50,50,1,-1,-1,-1
233,3,433,908,50,50,1,-1,-1,-1
233,4,444,283,50,50,1,-1,-1,-1
234,1,532,789,50,50,1,-1,-1,-1
234,2,529,1223,50,50,1,-1,-1,-1
234,3,431,955,50,50,1,-1,-1,-1
234,4,438,280,50,50,1,-1,-1,-1
235,1,537,770,50,50,1,-1,-1,-1
235,2,517,1218,50,50,1,-1,-1,-1
235,3,429,977,50,50,1,-1,-1,-1
235,4,432,282,50,50,1,-1,-1,-1
236,1,543,755,50,50,1,-1,-1,-1
236,2,507,1203,50,50,1,-1,-1,-1
236,3,429,999,50,50,1,-1,-1,-1
236,4,426,289,50,50,1,-1,-1,-1
237,1,547,745,50,50,1,-1,-1,-1
237,2,500,1174,50,50,1,-1,-1,-1
237,3,426,1024,50,50,1,-1,-1,-1
237,4,420,301,50,50,1,-1,-1,-1
238,1,553,741,50,50,1,-1,-1,-1
238,2,496,1133,50,50,1,-1,-1,-1
238,3,420,1055,50,50,1,-1,-1,-1
238,4,414,318,50,50,1,-1,-1,-1
239,1,558,742,50,50,1,-1,-1,-1
239,2,498,1073,50,50,1,-1,-1,-1
239,3,415,1094,50,50,1,-1,-1,-1
239,4,408,340,50,50,1,-1,-1,-1
240,1,563,748,50,50,1,-1,-1,-1
240,2,500,1014,50,50,1,-1,-1,-1
240,3,409,1138,50,50,1,-1,-1,-1
240,4,402,368,50,50,1,-1,-1,-1
241,1,569,759,50,50,1,-1,-1,-1
241,2,502,962,50,50,1,-1,-1,-1
241,3,403,1181,50,50,1,-1,-1,-1
241,4,396,401,50,50,1,-1,-1,-1
242,1,573,775,50,50,1,-1,-1,-1
242,2,506,912,50,50,1,-1,-1,-1
242,3,401,1205,50,50,1,-1,-1,-1
242,4,390,439,50,50,1,-1,-1,-1
243,1,578,796,50,50,1,-1,-1,-1
243,2,508,866,50,50,1,-1,-1,-1
243,3,403,1206,50,50,1,-1,-1,-1
243,4,385,482,50,50,1,-1,-1,-1
244,1,584,822,50,50,1,-1,-1,-1
244,2,510,825,50,50,1,-1,-1,-1
244,3,410,1183,50,50,1,-1,-1,-1
244,4,379,530,50,50,1,-1,-1,-1
245,1,589,853,50,50,1,-1,-1,-1
245,2,511,790,50,50,1,-1,-1,-1
245,3,418,1134,50,50,1,-1,-1,-1
245,4,374,583,50,50,1,-1,-1,-1
246,1,594,890,50,50,1,-1,-1,-1
246,2,513,760,50,50,1,-1,-1,-1
246,3,426,1048,50,50,1,-1,-1,-1
246,4,368,641,50,50,1,-1,-1,-1
247,1,599,928,50,50,1,-1,-1,-1
247,2,516,736,50,50,1,-1,-1,-1
247,3,432,964,50,50,1,-1,-1,-1
247,4,363,703,50,50,1,-1,-1,-1
248,1,599,963,50,50,1,-1,-1,-1
248,2,518,717,50,50,1,-1,-1,-1
248,3,435,883,50,50,1,-1,-1,-1
248,4,357,770,50,50,1,-1,-1,-1
249,1,594,989,50,50,1,-1,-1,-1
249,2,521,703,50,50,1,-1,-1,-1
249,3,445,799,50,50,1,-1,-1,-1
249,4,352,841,50,50,1,-1,-1,-1
250,1,580,1020,50,50,1,-1,-1,-1
250,2,523,694,50,50,1,-1,-1,-1
250,3,452,730,50,50,1,-1,-1,-1
250,4,347,917,50,50,1,-1,-1,-1
251,1,559,1068,50,50,1,-1,-1,-1
251,2,525,691,50,50,1,-1,-1,-1
251,3,458,662,50,50,1,-1,-1,-1
251,4,342,973,50,50,1,-1,-1,-1
252,1,537,1120,50,50,1,-1,-1,-1
252,2,528,692,50,50,1,-1,-1,-1
252,3,465,599,50,50,1,-1,-1,-1
252,4,327,986,50,50,1,-1,-1,-1
253,1,517,1156,50,50,1,-1,-1,-1
253,2,530,699,50,50,1,-1,-1,-1
253,3,473,541,50,50,1,-1,-1,-1
253,4,331,1003,50,50,1,-1,-1,-1
254,1,505,1162,50,50,1,-1,-1,-1
254,2,532,711,50,50,1,-1,-1,-1
254,3,478,487,50,50,1,-1,-1,-1
254,4,335,1011,50,50,1,-1,-1,-1
255,1,498,1143,50,50,1,-1,-1,-1
255,2,534,728,50,50,1,-1,-1,-1
255,3,485,441,50,50,1,-1,-1,-1
255,4,341,1023,50,50,1,-1,-1,-1
256,1,490,1103,50,50,1,-1,-1,-1
256,2,536,750,50,50,1,-1,-1,-1
256,3,492,399,50,50,1,-1,-1,-1
256,4,345,1037,50,50,1,-1,-1,-1
257,1,482,1051,50,50,1,-1,-1,-1
257,2,538,777,50,50,1,-1,-1,-1
257,3,498,363,50,50,1,-1,-1,-1
257,4,349,1055,50,50,1,-1,-1,-1
258,1,476,1001,50,50,1,-1,-1,-1
258,2,540,808,50,50,1,-1,-1,-1
258,3,505,332,50,50,1,-1,-1,-1
258,4,356,1075,50,50,1,-1,-1,-1
259,1,469,957,50,50,1,-1,-1,-1
259,2,542,845,50,50,1,-1,-1,-1
259,3,512,306,50,50,1,-1,-1,-1
259,4,363,1101,50,50,1,-1,-1,-1
260,1,463,917,50,50,1,-1,-1,-1
260,2,545,887,50,50,1,-1,-1,-1
260,3,518,285,50,50,1,-1,-1,-1
260,4,372,1130,50,50,1,-1,-1,-1
261,1,456,880,50,50,1,-1,-1,-1
261,2,547,933,50,50,1,-1,-1,-1
261,3,525,269,50,50,1,-1,-1,-1
261,4,381,1159,50,50,1,-1,-1,-1
262,1,449,848,50,50,1,-1,-1,-1
262,2,546,980,50,50,1,-1,-1,-1
262,3,531,259,50,50,1,-1,-1,-1
262,4,391,1182,50,50,1,-1,-1,-1
263,1,442,822,50,50,1,-1,-1,-1
263,2,553,989,50,50,1,-1,-1,-1
263,3,538,254,50,50,1,-1,-1,-1
263,4,405,1199,50,50,1,-1,-1,-1
264,1,433,800,50,50,1,-1,-1,-1
264,2,556,1009,50,50,1,-1,-1,-1
264,3,544,253,50,50,1,-1,-1,-1
264,4,421,1207,50,50,1,-1,-1,-1
265,1,427,785,50,50,1,-1,-1,-1
265,2,556,1033,50,50,1,-1,-1,-1
265,3,551,259,50,50,1,-1,-1,-1
265,4,441,1202,50,50,1,-1,-1,-1
266,1,421,775,50,50,1,-1,-1,-1
266,2,556,1065,50,50,1,-1,-1,-1
266,3,557,268,50,50,1,-1,-1,-1
266,4,462,1180,50,50,1,-1,-1,-1
267,1,414,769,50,50,1,-1,-1,-1
267,2,556,1104,50,50,1,-1,-1,-1
267,3,564,283,50,50,1,-1,-1,-1
267,4,478,1133,50,50,1,-1,-1,-1
268,1,407,769,50,50,1,-1,-1,-1
268,2,554,1141,50,50,1,-1,-1,-1
268,3,570,303,50,50,1,-1,-1,-1
268,4,484,1068,50,50,1,-1,-1,-1
269,1,400,774,50,50,1,-1,-1,-1
269,2,552,1168,50,50,1,-1,-1,-1
269,3,577,328,50,50,1,-1,-1,-1
269,4,485,1001,50,50,1,-1,-1,-1
270,1,393,784,50,50,1,-1,-1,-1
270,2,548,1184,50,50,1,-1,-1,-1
270,3,583,358,50,50,1,-1,-1,-1
270,4,483,942,50,50,1,-1,-1,-1
271,1,386,799,50,50,1,-1,-1,-1
271,2,545,1189,50,50,1,-1,-1,-1
271,3,589,393,50,50,1,-1,-1,-1
271,4,482,880,50,50,1,-1,-1,-1
272,1,379,820,50,50,1,-1,-1,-1
272,2,544,1183,50,50,1,-1,-1,-1
272,3,595,434,50,50,1,-1,-1,-1
272,4,480,823,50,50,1,-1,-1,-1
273,1,372,845,50,50,1,-1,-1,-1
273,2,547,1165,50,50,1,-1,-1,-1
273,3,601,478,50,50,1,-1,-1,-1
273,4,476,774,50,50,1,-1,-1,-1
274,1,366,876,50,50,1,-1,-1,-1
274,2,549,1132,50,50,1,-1,-1,-1
274,3,607,529,50,50,1,-1,-1,-1
274,4,473,728,50,50,1,-1,-1,-1
275,1,359,912,50,50,1,-1,-1,-1
275,2,548,1075,50,50,1,-1,-1,-1
275,3,614,584,50,50,1,-1,-1,-1
275,4,471,687,50,50,1,-1,-1,-1
276,1,352,950,50,50,1,-1,-1,-1
276,2,544,1002,50,50,1,-1,-1,-1
276,3,619,643,50,50,1,-1,-1,-1
276,4,468,652,50,50,1,-1,-1,-1
277,1,347,987,50,50,1,-1,-1,-1
277,2,539,928,50,50,1,-1,-1,-1
277,3,625,708,50,50,1,-1,-1,-1
277,4,466,621,50,50,1,-1,-1,-1
278,1,352,1011,50,50,1,-1,-1,-1
278,2,533,857,50,50,1,-1,-1,-1
278,3,631,777,50,50,1,-1,-1,-1
278,4,464,596,50,50,1,-1,-1,-1
279,1,363,1038,50,50,1,-1,-1,-1
279,2,527,791,50,50,1,-1,-1,-1
279,3,637,849,50,50,1,-1,-1,-1
279,4,462,575,50,50,1,-1,-1,-1
280,1,378,1072,50,50,1,-1,-1,-1
280,2,520,729,50,50,1,-1,-1,-1
280,3,643,924,50,50,1,-1,-1,-1
280,4,460,561,50,50,1,-1,-1,-1
281,1,396,1120,50,50,1,-1,-1,-1
281,2,514,672,50,50,1,-1,-1,-1
281,3,657,969,50,50,1,-1,-1,-1
281,4,457,551,50,50,1,-1,-1,-1
282,1,415,1161,50,50,1,-1,-1,-1
282,2,507,620,50,50,1,-1,-1,-1
282,3,667,986,50,50,1,-1,-1,-1
282,4,455,547,50,50,1,-1,-1,-1
283,1,438,1181,50,50,1,-1,-1,-1
283,2,500,573,50,50,1,-1,-1,-1
283,3,662,1000,50,50,1,-1,-1,-1
283,4,453,548,50,50,1,-1,-1,-1
284,1,460,1172,50,50,1,-1,-1,-1
284,2,494,532,50,50,1,-1,-1,-1
284,3,655,1016,50,50,1,-1,-1,-1
284,4,451,555,50,50,1,-1,-1,-1
285,1,485,1133,50,50,1,-1,-1,-1
285,2,487,496,50,50,1,-1,-1,-1
285,3,649,1034,50,50,1,-1,-1,-1
285,4,449,568,50,50,1,-1,-1,-1
286,1,502,1077,50,50,1,-1,-1,-1
286,2,481,466,50,50,1,-1,-1,-1
286,3,641,1054,50,50,1,-1,-1,-1
286,4,446,585,50,50,1,-1,-1,-1
287,1,511,1013,50,50,1,-1,-1,-1
287,2,474,440,50,50,1,-1,-1,-1
287,3,633,1076,50,50,1,-1,-1,-1
287,4,444,608,50,50,1,-1,-1,-1
288,1,515,952,50,50,1,-1,-1,-1
288,2,467,420,50,50,1,-1,-1,-1
288,3,625,1099,50,50,1,-1,-1,-1
288,4,442,636,50,50,1,-1,-1,-1
289,1,520,897,50,50,1,-1,-1,-1
289,2,461,405,50,50,1,-1,-1,-1
289,3,616,1122,50,50,1,-1,-1,-1
289,4,440,670,50,50,1,-1,-1,-1
290,1,524,846,50,50,1,-1,-1,-1
290,2,454,395,50,50,1,-1,-1,-1
290,3,605,1142,50,50,1,-1,-1,-1
290,4,437,710,50,50,1,-1,-1,-1
291,1,528,799,50,50,1,-1,-1,-1
291,2,448,391,50,50,1,-1,-1,-1
291,3,593,1160,50,50,1,-1,-1,-1
291,4,435,754,50,50,1,-1,-1,-1
292,1,532,758,50,50,1,-1,-1,-1
292,2,442,392,50,50,1,-1,-1,-1
292,3,582,1174,50,50,1,-1,-1,-1
292,4,431,804,50,50,1,-1,-1,-1
293,1,536,722,50,50,1,-1,-1,-1
293,2,435,398,50,50,1,-1,-1,-1
293,3,570,1182,50,50,1,-1,-1,-1
293,4,429,861,50,50,1,-1,-1,-1
294,1,540,691,50,50,1,-1,-1,-1
294,2,428,409,50,50,1,-1,-1,-1
294,3,558,1186,50,50,1,-1,-1,-1
294,4,427,914,50,50,1,-1,-1,-1
295,1,544,666,50,50,1,-1,-1,-1
295,2,422,425,50,50,1,-1,-1,-1
295,3,550,1187,50,50,1,-1,-1,-1
295,4,427,944,50,50,1,-1,-1,-1
296,1,547,645,50,50,1,-1,-1,-1
296,2,415,447,50,50,1,-1,-1,-1
296,3,542,1184,50,50,1,-1,-1,-1
296,4,427,965,50,50,1,-1,-1,-1
297,1,552,630,50,50,1,-1,-1,-1
297,2,409,474,50,50,1,-1,-1,-1
297,3,539,1179,50,50,1,-1,-1,-1
297,4,426,986,50,50,1,-1,-1,-1
298,1,556,620,50,50,1,-1,-1,-1
298,2,403,506,50,50,1,-1,-1,-1
298,3,539,1171,50,50,1,-1,-1,-1
298,4,419,1006,50,50,1,-1,-1,-1
299,1,560,616,50,50,1,-1,-1,-1
299,2,396,543,50,50,1,-1,-1,-1
299,3,539,1158,50,50,1,-1,-1,-1
299,4,410,1017,50,50,1,-1,-1,-1
300,1,564,616,50,50,1,-1,-1,-1
300,2,389,585,50,50,1,-1,-1,-1
300,3,541,1141,50,50,1,-1,-1,-1
300,4,400,1026,50,50,1,-1,-1,-1
301,1,568,622,50,50,1,-1,-1,-1
301,2,383,632,50,50,1,-1,-1,-1
301,3,544,1122,50,50,1,-1,-1,-1
301,4,386,1031,50,50,1,-1,-1,-1
302,1,572,633,50,50,1,-1,-1,-1
302,2,377,685,50,50,1,-1,-1,-1
302,3,551,1103,50,50,1,-1,-1,-1
302,4,372,1033,50,50,1,-1,-1,-1
303,1,575,648,50,50,1,-1,-1,-1
303,2,371,742,50,50,1,-1,-1,-1
303,3,558,1083,50,50,1,-1,-1,-1
303,4,356,1032,50,50,1,-1,-1,-1
304,1,579,669,50,50,1,-1,-1,-1
304,2,365,804,50,50,1,-1,-1,-1
304,3,565,1067,50,50,1,-1,-1,-1
304,4,342,1032,50,50,1,-1,-1,-1
305,1,583,694,50,50,1,-1,-1,-1
305,2,359,870,50,50,1,-1,-1,-1
305,3,573,1055,50,50,1,-1,-1,-1
305,4,332,1032,50,50,1,-1,-1,-1
306,1,586,725,50,50,1,-1,-1,-1
306,2,353,942,50,50,1,-1,-1,-1
306,3,581,1045,50,50,1,-1,-1,-1
306,4,324,1033,50,50,1,-1,-1,-1
307,1,590,760,50,50,1,-1,-1,-1
307,2,337,1022,50,50,1,-1,-1,-1
307,3,589,1040,50,50,1,-1,-1,-1
308,1,594,800,50,50,1,-1,-1,-1
308,3,598,1040,50,50,1,-1,-1,-1
308,4,325,1046,50,50,1,-1,-1,-1
309,1,597,844,50,50,1,-1,-1,-1
309,3,606,1043,50,50,1,-1,-1,-1
309,4,312,1063,50,50,1,-1,-1,-1
310,1,601,893,50,50,1,-1,-1,-1
310,3,614,1048,50,50,1,-1,-1,-1
310,4,314,1073,50,50,1,-1,-1,-1
311,1,605,946,50,50,1,-1,-1,-1
311,3,622,1053,50,50,1,-1,-1,-1
311,4,329,1075,50,50,1,-1,-1,-1
312,1,609,1004,50,50,1,-1,-1,-1
312,3,631,1056,50,50,1,-1,-1,-1
312,4,333,1080,50,50,1,-1,-1,-1
313,3,637,1063,50,50,1,-1,-1,-1
313,4,338,1082,50,50,1,-1,-1,-1
314,3,641,1071,50,50,1,-1,-1,-1
314,4,341,1084,50,50,1,-1,-1,-1
315,3,642,1074,50,50,1,-1,-1,-1
315,4,345,1084,50,50,1,-1,-1,-1
316,3,640,1072,50,50,1,-1,-1,-1
316,4,348,1085,50,50,1,-1,-1,-1
317,3,629,1064,50,50,1,-1,-1,-1
317,4,350,1084,50,50,1,-1,-1,-1
318,3,627,1062,50,50,1,-1,-1,-1
318,4,352,1083,50,50,1,-1,-1,-1
319,3,623,1060,50,50,1,-1,-1,-1
319,4,353,1082,50,50,1,-1,-1,-1
320,3,622,1059,50,50,1,-1,-1,-1
320,4,354,1081,50,50,1,-1,-1,-1
321,3,629,1061,50,50,1,-1,-1,-1
321,4,354,1079,50,50,1,-1,-1,-1
322,3,629,1061,50,50,1,-1,-1,-1
322,4,354,1078,50,50,1,-1,-1,-1
323,3,621,1058,50,50,1,-1,-1,-1
323,4,355,1078,50,50,1,-1,-1,-1
324,3,621,1058,50,50,1,-1,-1,-1
324,4,355,1077,50,50,1,-1,-1,-1
325,3,621,1057,50,50,1,-1,-1,-1
325,4,356,1078,50,50,1,-1,-1,-1
326,3,629,1060,50,50,1,-1,-1,-1
326,4,356,1079,50,50,1,-1,-1,-1
327,3,629,1060,50,50,1,-1,-1,-1
327,4,356,1079,50,50,1,-1,-1,-1
