2,1,455,1575,50,50,1,-1,-1,-1
2,2,619,1418,50,50,1,-1,-1,-1
3,1,459,1590,50,50,1,-1,-1,-1
3,2,591,1291,50,50,1,-1,-1,-1
4,1,463,1600,50,50,1,-1,-1,-1
4,2,579,1167,50,50,1,-1,-1,-1
5,1,470,1606,50,50,1,-1,-1,-1
5,2,565,1075,50,50,1,-1,-1,-1
6,1,479,1608,50,50,1,-1,-1,-1
6,2,560,983,50,50,1,-1,-1,-1
7,1,492,1603,50,50,1,-1,-1,-1
7,2,547,884,50,50,1,-1,-1,-1
7,3,667,1394,50,50,1,-1,-1,-1
8,1,510,1574,50,50,1,-1,-1,-1
8,2,538,795,50,50,1,-1,-1,-1
8,3,671,1452,50,50,1,-1,-1,-1
9,1,532,1502,50,50,1,-1,-1,-1
9,2,530,728,50,50,1,-1,-1,-1
9,3,673,1499,50,50,1,-1,-1,-1
10,1,545,1400,50,50,1,-1,-1,-1
10,2,522,660,50,50,1,-1,-1,-1
10,3,673,1542,50,50,1,-1,-1,-1
11,1,554,1284,50,50,1,-1,-1,-1
11,2,514,597,50,50,1,-1,-1,-1
11,3,670,1576,50,50,1,-1,-1,-1
12,1,572,1148,50,50,1,-1,-1,-1
12,2,500,549,50,50,1,-1,-1,-1
12,3,660,1597,50,50,1,-1,-1,-1
12,4,536,1260,50,50,1,-1,-1,-1
13,1,586,1040,50,50,1,-1,-1,-1
13,2,491,513,50,50,1,-1,-1,-1
13,3,650,1607,50,50,1,-1,-1,-1
13,4,516,1259,50,50,1,-1,-1,-1
14,1,597,951,50,50,1,-1,-1,-1
14,2,480,472,50,50,1,-1,-1,-1
14,3,637,1605,50,50,1,-1,-1,-1
14,4,496,1287,50,50,1,-1,-1,-1
15,1,604,853,50,50,1,-1,-1,-1
15,2,471,444,50,50,1,-1,-1,-1
15,3,622,1597,50,50,1,-1,-1,-1
15,4,474,1331,50,50,1,-1,-1,-1
16,1,614,768,50,50,1,-1,-1,-1
16,2,461,427,50,50,1,-1,-1,-1
16,3,606,1576,50,50,1,-1,-1,-1
16,4,463,1380,50,50,1,-1,-1,-1
17,1,618,686,50,50,1,-1,-1,-1
17,2,452,416,50,50,1,-1,-1,-1
17,3,593,1529,50,50,1,-1,-1,-1
17,4,458,1429,50,50,1,-1,-1,-1
18,1,633,609,50,50,1,-1,-1,-1
18,2,440,415,50,50,1,-1,-1,-1
18,3,579,1429,50,50,1,-1,-1,-1
18,4,456,1473,50,50,1,-1,-1,-1
19,1,633,551,50,50,1,-1,-1,-1
19,2,429,419,50,50,1,-1,-1,-1
19,3,571,1307,50,50,1,-1,-1,-1
19,4,463,1509,50,50,1,-1,-1,-1
20,1,643,497,50,50,1,-1,-1,-1
20,2,415,432,50,50,1,-1,-1,-1
20,3,560,1191,50,50,1,-1,-1,-1
20,4,481,1528,50,50,1,-1,-1,-1
21,1,656,446,50,50,1,-1,-1,-1
21,2,405,456,50,50,1,-1,-1,-1
21,3,549,1094,50,50,1,-1,-1,-1
21,4,517,1523,50,50,1,-1,-1,-1
22,1,665,407,50,50,1,-1,-1,-1
22,2,398,490,50,50,1,-1,-1,-1
22,3,544,991,50,50,1,-1,-1,-1
22,4,563,1506,50,50,1,-1,-1,-1
23,1,668,377,50,50,1,-1,-1,-1
23,2,384,524,50,50,1,-1,-1,-1
23,3,533,900,50,50,1,-1,-1,-1
23,4,608,1498,50,50,1,-1,-1,-1
24,1,669,358,50,50,1,-1,-1,-1
24,2,372,572,50,50,1,-1,-1,-1
24,3,520,806,50,50,1,-1,-1,-1
25,1,677,344,50,50,1,-1,-1,-1
25,2,359,637,50,50,1,-1,-1,-1
25,3,514,733,50,50,1,-1,-1,-1
26,1,686,340,50,50,1,-1,-1,-1
26,2,347,704,50,50,1,-1,-1,-1
26,3,507,663,50,50,1,-1,-1,-1
26,4,624,1584,50,50,1,-1,-1,-1
27,1,692,343,50,50,1,-1,-1,-1
27,2,333,766,50,50,1,-1,-1,-1
27,3,501,600,50,50,1,-1,-1,-1
27,4,631,1607,50,50,1,-1,-1,-1
28,1,705,353,50,50,1,-1,-1,-1
28,2,324,853,50,50,1,-1,-1,-1
28,3,490,552,50,50,1,-1,-1,-1
28,4,637,1625,50,50,1,-1,-1,-1
29,1,705,371,50,50,1,-1,-1,-1
29,2,311,949,50,50,1,-1,-1,-1
29,3,487,505,50,50,1,-1,-1,-1
29,4,632,1640,50,50,1,-1,-1,-1
30,1,718,394,50,50,1,-1,-1,-1
30,2,298,1032,50,50,1,-1,-1,-1
30,3,477,471,50,50,1,-1,-1,-1
30,4,622,1643,50,50,1,-1,-1,-1
31,1,723,430,50,50,1,-1,-1,-1
31,2,284,1158,50,50,1,-1,-1,-1
31,3,472,442,50,50,1,-1,-1,-1
31,4,612,1634,50,50,1,-1,-1,-1
32,1,731,482,50,50,1,-1,-1,-1
32,2,271,1268,50,50,1,-1,-1,-1
32,3,463,420,50,50,1,-1,-1,-1
32,4,601,1609,50,50,1,-1,-1,-1
33,1,741,533,50,50,1,-1,-1,-1
33,2,276,1329,50,50,1,-1,-1,-1
33,3,457,411,50,50,1,-1,-1,-1
33,4,589,1548,50,50,1,-1,-1,-1
34,1,748,591,50,50,1,-1,-1,-1
34,2,276,1383,50,50,1,-1,-1,-1
34,3,448,407,50,50,1,-1,-1,-1
34,4,576,1446,50,50,1,-1,-1,-1
35,1,756,658,50,50,1,-1,-1,-1
35,2,286,1435,50,50,1,-1,-1,-1
35,3,441,413,50,50,1,-1,-1,-1
35,4,568,1318,50,50,1,-1,-1,-1
36,1,766,744,50,50,1,-1,-1,-1
36,2,306,1489,50,50,1,-1,-1,-1
36,3,431,425,50,50,1,-1,-1,-1
36,4,556,1177,50,50,1,-1,-1,-1
37,1,777,830,50,50,1,-1,-1,-1
37,2,336,1538,50,50,1,-1,-1,-1
37,3,422,448,50,50,1,-1,-1,-1
37,4,560,1064,50,50,1,-1,-1,-1
38,1,780,928,50,50,1,-1,-1,-1
38,2,367,1578,50,50,1,-1,-1,-1
38,3,413,476,50,50,1,-1,-1,-1
38,4,548,959,50,50,1,-1,-1,-1
39,1,788,1024,50,50,1,-1,-1,-1
39,2,399,1610,50,50,1,-1,-1,-1
39,3,404,521,50,50,1,-1,-1,-1
39,4,544,852,50,50,1,-1,-1,-1
40,1,799,1142,50,50,1,-1,-1,-1
40,2,427,1620,50,50,1,-1,-1,-1
40,3,393,562,50,50,1,-1,-1,-1
40,4,542,758,50,50,1,-1,-1,-1
41,1,805,1259,50,50,1,-1,-1,-1
41,2,454,1605,50,50,1,-1,-1,-1
41,3,384,623,50,50,1,-1,-1,-1
41,4,533,676,50,50,1,-1,-1,-1
42,1,799,1340,50,50,1,-1,-1,-1
42,2,480,1546,50,50,1,-1,-1,-1
42,3,374,687,50,50,1,-1,-1,-1
42,4,537,590,50,50,1,-1,-1,-1
43,1,796,1394,50,50,1,-1,-1,-1
43,2,499,1441,50,50,1,-1,-1,-1
43,3,357,754,50,50,1,-1,-1,-1
43,4,532,517,50,50,1,-1,-1,-1
44,1,781,1449,50,50,1,-1,-1,-1
44,2,511,1305,50,50,1,-1,-1,-1
44,3,356,836,50,50,1,-1,-1,-1
44,4,528,456,50,50,1,-1,-1,-1
45,1,749,1502,50,50,1,-1,-1,-1
45,2,527,1160,50,50,1,-1,-1,-1
45,3,346,931,50,50,1,-1,-1,-1
45,4,526,403,50,50,1,-1,-1,-1
46,1,722,1544,50,50,1,-1,-1,-1
46,2,539,1029,50,50,1,-1,-1,-1
46,3,333,1013,50,50,1,-1,-1,-1
46,4,522,359,50,50,1,-1,-1,-1
47,1,687,1573,50,50,1,-1,-1,-1
47,2,547,915,50,50,1,-1,-1,-1
47,3,322,1118,50,50,1,-1,-1,-1
47,4,518,324,50,50,1,-1,-1,-1
48,1,650,1597,50,50,1,-1,-1,-1
48,2,562,790,50,50,1,-1,-1,-1
48,3,311,1218,50,50,1,-1,-1,-1
48,4,517,295,50,50,1,-1,-1,-1
49,1,622,1609,50,50,1,-1,-1,-1
49,2,567,702,50,50,1,-1,-1,-1
49,3,299,1333,50,50,1,-1,-1,-1
49,4,515,274,50,50,1,-1,-1,-1
50,1,603,1610,50,50,1,-1,-1,-1
50,2,582,594,50,50,1,-1,-1,-1
50,3,311,1381,50,50,1,-1,-1,-1
50,4,511,264,50,50,1,-1,-1,-1
51,1,589,1593,50,50,1,-1,-1,-1
51,2,586,511,50,50,1,-1,-1,-1
51,3,323,1422,50,50,1,-1,-1,-1
51,4,510,258,50,50,1,-1,-1,-1
52,1,577,1539,50,50,1,-1,-1,-1
52,2,597,425,50,50,1,-1,-1,-1
52,3,336,1460,50,50,1,-1,-1,-1
52,4,506,262,50,50,1,-1,-1,-1
53,1,565,1442,50,50,1,-1,-1,-1
53,2,603,353,50,50,1,-1,-1,-1
53,3,358,1499,50,50,1,-1,-1,-1
53,4,498,276,50,50,1,-1,-1,-1
54,1,557,1306,50,50,1,-1,-1,-1
54,2,612,291,50,50,1,-1,-1,-1
54,3,381,1531,50,50,1,-1,-1,-1
54,4,495,294,50,50,1,-1,-1,-1
55,1,556,1164,50,50,1,-1,-1,-1
55,2,617,237,50,50,1,-1,-1,-1
55,3,410,1547,50,50,1,-1,-1,-1
55,4,490,322,50,50,1,-1,-1,-1
56,1,553,1050,50,50,1,-1,-1,-1
56,2,623,189,50,50,1,-1,-1,-1
56,3,443,1549,50,50,1,-1,-1,-1
56,4,485,357,50,50,1,-1,-1,-1
57,1,544,940,50,50,1,-1,-1,-1
57,2,630,151,50,50,1,-1,-1,-1
57,3,487,1526,50,50,1,-1,-1,-1
57,4,480,400,50,50,1,-1,-1,-1
58,1,541,822,50,50,1,-1,-1,-1
58,2,637,121,50,50,1,-1,-1,-1
58,3,536,1490,50,50,1,-1,-1,-1
58,4,474,452,50,50,1,-1,-1,-1
59,1,540,713,50,50,1,-1,-1,-1
59,2,643,98,50,50,1,-1,-1,-1
59,3,578,1458,50,50,1,-1,-1,-1
59,4,473,515,50,50,1,-1,-1,-1
60,1,537,625,50,50,1,-1,-1,-1
60,2,650,85,50,50,1,-1,-1,-1
60,3,599,1481,50,50,1,-1,-1,-1
60,4,470,583,50,50,1,-1,-1,-1
61,1,535,541,50,50,1,-1,-1,-1
61,2,660,79,50,50,1,-1,-1,-1
61,3,616,1520,50,50,1,-1,-1,-1
61,4,464,660,50,50,1,-1,-1,-1
62,1,533,462,50,50,1,-1,-1,-1
62,2,667,81,50,50,1,-1,-1,-1
62,3,629,1559,50,50,1,-1,-1,-1
62,4,459,740,50,50,1,-1,-1,-1
63,1,531,393,50,50,1,-1,-1,-1
63,2,674,91,50,50,1,-1,-1,-1
63,3,634,1594,50,50,1,-1,-1,-1
63,4,456,834,50,50,1,-1,-1,-1
64,1,529,334,50,50,1,-1,-1,-1
64,2,683,109,50,50,1,-1,-1,-1
64,3,639,1615,50,50,1,-1,-1,-1
64,4,449,932,50,50,1,-1,-1,-1
65,1,526,281,50,50,1,-1,-1,-1
65,2,690,134,50,50,1,-1,-1,-1
65,3,640,1631,50,50,1,-1,-1,-1
65,4,447,1042,50,50,1,-1,-1,-1
66,1,525,238,50,50,1,-1,-1,-1
66,2,697,167,50,50,1,-1,-1,-1
66,3,639,1638,50,50,1,-1,-1,-1
66,4,444,1162,50,50,1,-1,-1,-1
67,1,523,205,50,50,1,-1,-1,-1
67,2,704,209,50,50,1,-1,-1,-1
67,3,633,1639,50,50,1,-1,-1,-1
67,4,431,1274,50,50,1,-1,-1,-1
68,1,518,178,50,50,1,-1,-1,-1
68,2,715,258,50,50,1,-1,-1,-1
68,3,626,1632,50,50,1,-1,-1,-1
68,4,429,1396,50,50,1,-1,-1,-1
69,1,516,162,50,50,1,-1,-1,-1
69,2,719,322,50,50,1,-1,-1,-1
69,3,615,1601,50,50,1,-1,-1,-1
69,4,438,1439,50,50,1,-1,-1,-1
70,1,514,152,50,50,1,-1,-1,-1
70,2,728,388,50,50,1,-1,-1,-1
70,3,596,1530,50,50,1,-1,-1,-1
70,4,441,1473,50,50,1,-1,-1,-1
71,1,513,150,50,50,1,-1,-1,-1
71,2,740,469,50,50,1,-1,-1,-1
71,3,582,1416,50,50,1,-1,-1,-1
71,4,450,1506,50,50,1,-1,-1,-1
72,1,509,154,50,50,1,-1,-1,-1
72,2,743,552,50,50,1,-1,-1,-1
72,3,568,1285,50,50,1,-1,-1,-1
72,4,455,1541,50,50,1,-1,-1,-1
73,1,503,167,50,50,1,-1,-1,-1
73,2,753,642,50,50,1,-1,-1,-1
73,3,550,1148,50,50,1,-1,-1,-1
73,4,455,1574,50,50,1,-1,-1,-1
74,1,497,189,50,50,1,-1,-1,-1
74,2,763,747,50,50,1,-1,-1,-1
74,3,546,1040,50,50,1,-1,-1,-1
74,4,454,1602,50,50,1,-1,-1,-1
75,1,493,214,50,50,1,-1,-1,-1
75,2,767,854,50,50,1,-1,-1,-1
75,3,544,933,50,50,1,-1,-1,-1
75,4,456,1623,50,50,1,-1,-1,-1
76,1,490,252,50,50,1,-1,-1,-1
76,2,778,980,50,50,1,-1,-1,-1
76,3,537,824,50,50,1,-1,-1,-1
76,4,459,1637,50,50,1,-1,-1,-1
77,1,486,298,50,50,1,-1,-1,-1
77,2,783,1106,50,50,1,-1,-1,-1
77,3,531,732,50,50,1,-1,-1,-1
77,4,467,1640,50,50,1,-1,-1,-1
78,1,479,349,50,50,1,-1,-1,-1
78,2,795,1238,50,50,1,-1,-1,-1
78,3,527,637,50,50,1,-1,-1,-1
78,4,478,1633,50,50,1,-1,-1,-1
79,1,477,410,50,50,1,-1,-1,-1
79,2,791,1356,50,50,1,-1,-1,-1
79,3,522,561,50,50,1,-1,-1,-1
79,4,498,1601,50,50,1,-1,-1,-1
80,1,465,457,50,50,1,-1,-1,-1
80,2,788,1415,50,50,1,-1,-1,-1
80,3,491,491,50,50,1,-1,-1,-1
80,4,519,1540,50,50,1,-1,-1,-1
81,1,470,560,50,50,1,-1,-1,-1
81,2,777,1462,50,50,1,-1,-1,-1
81,3,499,428,50,50,1,-1,-1,-1
81,4,539,1439,50,50,1,-1,-1,-1
82,1,466,653,50,50,1,-1,-1,-1
82,2,749,1513,50,50,1,-1,-1,-1
82,3,493,373,50,50,1,-1,-1,-1
82,4,550,1314,50,50,1,-1,-1,-1
83,1,459,743,50,50,1,-1,-1,-1
83,2,730,1553,50,50,1,-1,-1,-1
83,3,484,328,50,50,1,-1,-1,-1
83,4,570,1182,50,50,1,-1,-1,-1
84,1,458,844,50,50,1,-1,-1,-1
84,2,712,1587,50,50,1,-1,-1,-1
84,3,475,289,50,50,1,-1,-1,-1
84,4,585,1061,50,50,1,-1,-1,-1
85,1,451,959,50,50,1,-1,-1,-1
85,2,694,1614,50,50,1,-1,-1,-1
85,3,472,260,50,50,1,-1,-1,-1
85,4,591,958,50,50,1,-1,-1,-1
86,1,451,1082,50,50,1,-1,-1,-1
86,2,682,1623,50,50,1,-1,-1,-1
86,3,468,243,50,50,1,-1,-1,-1
86,4,602,856,50,50,1,-1,-1,-1
87,1,440,1215,50,50,1,-1,-1,-1
87,2,670,1616,50,50,1,-1,-1,-1
87,3,448,225,50,50,1,-1,-1,-1
87,4,616,768,50,50,1,-1,-1,-1
88,1,434,1348,50,50,1,-1,-1,-1
88,2,654,1593,50,50,1,-1,-1,-1
88,3,443,221,50,50,1,-1,-1,-1
88,4,631,670,50,50,1,-1,-1,-1
89,1,442,1420,50,50,1,-1,-1,-1
89,2,640,1534,50,50,1,-1,-1,-1
89,3,435,222,50,50,1,-1,-1,-1
89,4,640,594,50,50,1,-1,-1,-1
90,1,448,1472,50,50,1,-1,-1,-1
90,2,625,1437,50,50,1,-1,-1,-1
90,3,425,234,50,50,1,-1,-1,-1
90,4,654,530,50,50,1,-1,-1,-1
91,1,454,1516,50,50,1,-1,-1,-1
91,2,613,1323,50,50,1,-1,-1,-1
91,3,418,256,50,50,1,-1,-1,-1
91,4,662,472,50,50,1,-1,-1,-1
92,1,477,1546,50,50,1,-1,-1,-1
92,2,603,1182,50,50,1,-1,-1,-1
92,3,410,284,50,50,1,-1,-1,-1
92,4,674,415,50,50,1,-1,-1,-1
93,1,517,1551,50,50,1,-1,-1,-1
93,2,590,1073,50,50,1,-1,-1,-1
93,3,402,321,50,50,1,-1,-1,-1
93,4,684,373,50,50,1,-1,-1,-1
94,1,562,1529,50,50,1,-1,-1,-1
94,2,575,977,50,50,1,-1,-1,-1
94,3,391,365,50,50,1,-1,-1,-1
94,4,694,342,50,50,1,-1,-1,-1
95,1,613,1503,50,50,1,-1,-1,-1
95,2,563,870,50,50,1,-1,-1,-1
95,3,384,420,50,50,1,-1,-1,-1
95,4,704,316,50,50,1,-1,-1,-1
96,2,553,777,50,50,1,-1,-1,-1
96,3,376,480,50,50,1,-1,-1,-1
96,4,714,299,50,50,1,-1,-1,-1
97,1,646,1545,50,50,1,-1,-1,-1
97,2,544,699,50,50,1,-1,-1,-1
97,3,370,554,50,50,1,-1,-1,-1
97,4,722,287,50,50,1,-1,-1,-1
98,1,663,1564,50,50,1,-1,-1,-1
98,2,537,622,50,50,1,-1,-1,-1
98,3,359,638,50,50,1,-1,-1,-1
98,4,734,286,50,50,1,-1,-1,-1
99,1,669,1584,50,50,1,-1,-1,-1
99,2,533,556,50,50,1,-1,-1,-1
99,3,348,729,50,50,1,-1,-1,-1
99,4,737,287,50,50,1,-1,-1,-1
100,1,668,1603,50,50,1,-1,-1,-1
100,2,519,495,50,50,1,-1,-1,-1
100,3,335,813,50,50,1,-1,-1,-1
100,4,749,299,50,50,1,-1,-1,-1
101,1,664,1618,50,50,1,-1,-1,-1
101,2,513,447,50,50,1,-1,-1,-1
101,3,323,936,50,50,1,-1,-1,-1
101,4,754,321,50,50,1,-1,-1,-1
102,1,653,1625,50,50,1,-1,-1,-1
102,2,500,406,50,50,1,-1,-1,-1
102,3,318,1088,50,50,1,-1,-1,-1
102,4,765,348,50,50,1,-1,-1,-1
103,1,642,1622,50,50,1,-1,-1,-1
103,2,491,374,50,50,1,-1,-1,-1
103,3,310,1173,50,50,1,-1,-1,-1
103,4,774,387,50,50,1,-1,-1,-1
104,1,633,1599,50,50,1,-1,-1,-1
104,2,475,347,50,50,1,-1,-1,-1
104,3,800,484,50,50,1,-1,-1,-1
104,4,783,436,50,50,1,-1,-1,-1
105,1,621,1543,50,50,1,-1,-1,-1
105,2,469,335,50,50,1,-1,-1,-1
105,4,793,497,50,50,1,-1,-1,-1
106,1,609,1447,50,50,1,-1,-1,-1
106,2,459,325,50,50,1,-1,-1,-1
106,4,806,552,50,50,1,-1,-1,-1
107,1,596,1330,50,50,1,-1,-1,-1
107,2,449,324,50,50,1,-1,-1,-1
107,3,323,1475,50,50,1,-1,-1,-1
107,4,812,617,50,50,1,-1,-1,-1
108,1,582,1192,50,50,1,-1,-1,-1
108,2,437,332,50,50,1,-1,-1,-1
108,3,349,1536,50,50,1,-1,-1,-1
108,4,821,706,50,50,1,-1,-1,-1
109,1,569,1083,50,50,1,-1,-1,-1
109,2,425,347,50,50,1,-1,-1,-1
109,3,374,1573,50,50,1,-1,-1,-1
109,4,833,790,50,50,1,-1,-1,-1
110,1,560,977,50,50,1,-1,-1,-1
110,2,414,371,50,50,1,-1,-1,-1
110,3,839,888,50,50,1,-1,-1,-1
110,4,400,1614,50,50,1,-1,-1,-1
111,1,544,875,50,50,1,-1,-1,-1
111,2,401,403,50,50,1,-1,-1,-1
111,3,847,992,50,50,1,-1,-1,-1
111,4,425,1632,50,50,1,-1,-1,-1
112,1,532,778,50,50,1,-1,-1,-1
112,2,389,443,50,50,1,-1,-1,-1
112,3,854,1098,50,50,1,-1,-1,-1
112,4,448,1628,50,50,1,-1,-1,-1
113,1,525,701,50,50,1,-1,-1,-1
113,2,380,493,50,50,1,-1,-1,-1
113,3,867,1221,50,50,1,-1,-1,-1
113,4,472,1597,50,50,1,-1,-1,-1
114,1,519,611,50,50,1,-1,-1,-1
114,2,371,550,50,50,1,-1,-1,-1
114,3,868,1309,50,50,1,-1,-1,-1
114,4,493,1530,50,50,1,-1,-1,-1
115,1,501,543,50,50,1,-1,-1,-1
115,2,356,617,50,50,1,-1,-1,-1
115,3,860,1368,50,50,1,-1,-1,-1
115,4,506,1422,50,50,1,-1,-1,-1
116,1,498,479,50,50,1,-1,-1,-1
116,2,344,697,50,50,1,-1,-1,-1
116,3,840,1418,50,50,1,-1,-1,-1
116,4,517,1298,50,50,1,-1,-1,-1
117,1,485,431,50,50,1,-1,-1,-1
117,2,332,771,50,50,1,-1,-1,-1
117,3,806,1480,50,50,1,-1,-1,-1
117,4,531,1157,50,50,1,-1,-1,-1
118,1,474,385,50,50,1,-1,-1,-1
118,2,324,861,50,50,1,-1,-1,-1
118,3,763,1528,50,50,1,-1,-1,-1
118,4,543,1039,50,50,1,-1,-1,-1
119,1,463,348,50,50,1,-1,-1,-1
119,2,308,960,50,50,1,-1,-1,-1
119,3,714,1573,50,50,1,-1,-1,-1
119,4,559,940,50,50,1,-1,-1,-1
120,1,451,324,50,50,1,-1,-1,-1
120,2,291,1065,50,50,1,-1,-1,-1
120,3,674,1604,50,50,1,-1,-1,-1
120,4,569,833,50,50,1,-1,-1,-1
121,1,439,307,50,50,1,-1,-1,-1
121,2,287,1187,50,50,1,-1,-1,-1
121,3,633,1627,50,50,1,-1,-1,-1
121,4,576,732,50,50,1,-1,-1,-1
122,1,430,297,50,50,1,-1,-1,-1
122,2,271,1299,50,50,1,-1,-1,-1
122,3,605,1627,50,50,1,-1,-1,-1
122,4,590,644,50,50,1,-1,-1,-1
123,1,418,292,50,50,1,-1,-1,-1
123,2,270,1407,50,50,1,-1,-1,-1
123,3,580,1603,50,50,1,-1,-1,-1
123,4,606,564,50,50,1,-1,-1,-1
124,1,406,297,50,50,1,-1,-1,-1
124,2,285,1460,50,50,1,-1,-1,-1
124,3,559,1539,50,50,1,-1,-1,-1
124,4,611,490,50,50,1,-1,-1,-1
125,1,396,308,50,50,1,-1,-1,-1
125,2,307,1504,50,50,1,-1,-1,-1
125,3,543,1431,50,50,1,-1,-1,-1
125,4,620,432,50,50,1,-1,-1,-1
126,1,384,329,50,50,1,-1,-1,-1
126,2,341,1546,50,50,1,-1,-1,-1
126,3,534,1303,50,50,1,-1,-1,-1
126,4,627,374,50,50,1,-1,-1,-1
127,1,365,364,50,50,1,-1,-1,-1
127,2,377,1566,50,50,1,-1,-1,-1
127,3,526,1178,50,50,1,-1,-1,-1
127,4,636,328,50,50,1,-1,-1,-1
128,1,359,401,50,50,1,-1,-1,-1
128,2,423,1569,50,50,1,-1,-1,-1
128,3,526,1025,50,50,1,-1,-1,-1
128,4,646,290,50,50,1,-1,-1,-1
129,1,346,447,50,50,1,-1,-1,-1
129,2,480,1549,50,50,1,-1,-1,-1
129,3,518,978,50,50,1,-1,-1,-1
129,4,656,260,50,50,1,-1,-1,-1
130,1,337,504,50,50,1,-1,-1,-1
130,2,538,1517,50,50,1,-1,-1,-1
130,3,509,865,50,50,1,-1,-1,-1
130,4,665,241,50,50,1,-1,-1,-1
131,1,316,566,50,50,1,-1,-1,-1
131,3,508,776,50,50,1,-1,-1,-1
131,4,671,228,50,50,1,-1,-1,-1
132,1,302,643,50,50,1,-1,-1,-1
132,2,584,1536,50,50,1,-1,-1,-1
132,3,504,698,50,50,1,-1,-1,-1
132,4,680,224,50,50,1,-1,-1,-1
133,1,293,727,50,50,1,-1,-1,-1
133,2,601,1574,50,50,1,-1,-1,-1
133,3,500,624,50,50,1,-1,-1,-1
133,4,689,225,50,50,1,-1,-1,-1
134,1,275,812,50,50,1,-1,-1,-1
134,2,611,1601,50,50,1,-1,-1,-1
134,3,501,558,50,50,1,-1,-1,-1
134,4,693,236,50,50,1,-1,-1,-1
135,1,266,922,50,50,1,-1,-1,-1
135,2,619,1625,50,50,1,-1,-1,-1
135,3,493,512,50,50,1,-1,-1,-1
135,4,708,256,50,50,1,-1,-1,-1
136,1,253,1024,50,50,1,-1,-1,-1
136,2,623,1644,50,50,1,-1,-1,-1
136,3,487,457,50,50,1,-1,-1,-1
136,4,714,281,50,50,1,-1,-1,-1
137,1,238,1148,50,50,1,-1,-1,-1
137,2,624,1650,50,50,1,-1,-1,-1
137,3,483,417,50,50,1,-1,-1,-1
137,4,724,315,50,50,1,-1,-1,-1
138,1,224,1261,50,50,1,-1,-1,-1
138,2,623,1638,50,50,1,-1,-1,-1
138,3,481,385,50,50,1,-1,-1,-1
138,4,729,361,50,50,1,-1,-1,-1
139,1,225,1313,50,50,1,-1,-1,-1
139,2,618,1597,50,50,1,-1,-1,-1
139,3,478,364,50,50,1,-1,-1,-1
139,4,742,415,50,50,1,-1,-1,-1
140,1,635,1478,50,50,1,-1,-1,-1
140,2,608,1514,50,50,1,-1,-1,-1
140,3,474,348,50,50,1,-1,-1,-1
140,4,749,480,50,50,1,-1,-1,-1
141,1,270,1422,50,50,1,-1,-1,-1
141,2,588,1395,50,50,1,-1,-1,-1
141,3,469,343,50,50,1,-1,-1,-1
141,4,760,556,50,50,1,-1,-1,-1
142,1,285,1472,50,50,1,-1,-1,-1
142,2,582,1264,50,50,1,-1,-1,-1
142,3,466,344,50,50,1,-1,-1,-1
142,4,764,627,50,50,1,-1,-1,-1
143,1,324,1528,50,50,1,-1,-1,-1
143,2,573,1147,50,50,1,-1,-1,-1
143,3,460,353,50,50,1,-1,-1,-1
143,4,773,719,50,50,1,-1,-1,-1
144,1,359,1573,50,50,1,-1,-1,-1
144,2,562,1035,50,50,1,-1,-1,-1
144,3,452,372,50,50,1,-1,-1,-1
144,4,784,819,50,50,1,-1,-1,-1
145,1,389,1609,50,50,1,-1,-1,-1
145,2,549,928,50,50,1,-1,-1,-1
145,3,444,398,50,50,1,-1,-1,-1
145,4,792,922,50,50,1,-1,-1,-1
146,1,417,1631,50,50,1,-1,-1,-1
146,2,536,815,50,50,1,-1,-1,-1
146,3,441,433,50,50,1,-1,-1,-1
146,4,802,1040,50,50,1,-1,-1,-1
147,1,452,1632,50,50,1,-1,-1,-1
147,2,525,731,50,50,1,-1,-1,-1
147,3,437,483,50,50,1,-1,-1,-1
147,4,812,1160,50,50,1,-1,-1,-1
148,1,477,1601,50,50,1,-1,-1,-1
148,2,520,642,50,50,1,-1,-1,-1
148,3,432,526,50,50,1,-1,-1,-1
148,4,809,1261,50,50,1,-1,-1,-1
149,1,498,1529,50,50,1,-1,-1,-1
149,2,515,568,50,50,1,-1,-1,-1
149,3,428,587,50,50,1,-1,-1,-1
149,4,807,1322,50,50,1,-1,-1,-1
150,1,515,1420,50,50,1,-1,-1,-1
150,2,508,502,50,50,1,-1,-1,-1
150,3,423,664,50,50,1,-1,-1,-1
150,4,802,1385,50,50,1,-1,-1,-1
151,1,527,1290,50,50,1,-1,-1,-1
151,2,491,436,50,50,1,-1,-1,-1
151,3,416,734,50,50,1,-1,-1,-1
151,4,804,1436,50,50,1,-1,-1,-1
152,1,544,1146,50,50,1,-1,-1,-1
152,2,483,387,50,50,1,-1,-1,-1
152,3,406,819,50,50,1,-1,-1,-1
152,4,737,1521,50,50,1,-1,-1,-1
153,1,562,1024,50,50,1,-1,-1,-1
153,2,472,344,50,50,1,-1,-1,-1
153,3,405,917,50,50,1,-1,-1,-1
153,4,710,1570,50,50,1,-1,-1,-1
154,1,564,909,50,50,1,-1,-1,-1
154,2,460,312,50,50,1,-1,-1,-1
154,3,400,1024,50,50,1,-1,-1,-1
154,4,682,1608,50,50,1,-1,-1,-1
155,1,570,785,50,50,1,-1,-1,-1
155,2,449,288,50,50,1,-1,-1,-1
155,3,389,1130,50,50,1,-1,-1,-1
155,4,655,1625,50,50,1,-1,-1,-1
156,1,573,694,50,50,1,-1,-1,-1
156,2,444,275,50,50,1,-1,-1,-1
156,3,387,1250,50,50,1,-1,-1,-1
156,4,635,1626,50,50,1,-1,-1,-1
157,1,585,597,50,50,1,-1,-1,-1
157,2,430,262,50,50,1,-1,-1,-1
157,3,381,1356,50,50,1,-1,-1,-1
157,4,622,1619,50,50,1,-1,-1,-1
158,1,591,516,50,50,1,-1,-1,-1
158,2,420,261,50,50,1,-1,-1,-1
158,3,388,1428,50,50,1,-1,-1,-1
158,4,608,1594,50,50,1,-1,-1,-1
159,1,595,433,50,50,1,-1,-1,-1
159,2,411,267,50,50,1,-1,-1,-1
159,3,390,1474,50,50,1,-1,-1,-1
159,4,591,1535,50,50,1,-1,-1,-1
160,1,604,368,50,50,1,-1,-1,-1
160,2,402,284,50,50,1,-1,-1,-1
160,3,408,1517,50,50,1,-1,-1,-1
160,4,568,1434,50,50,1,-1,-1,-1
161,1,610,311,50,50,1,-1,-1,-1
161,2,389,307,50,50,1,-1,-1,-1
161,3,428,1549,50,50,1,-1,-1,-1
161,4,550,1309,50,50,1,-1,-1,-1
162,1,620,260,50,50,1,-1,-1,-1
162,2,375,341,50,50,1,-1,-1,-1
162,3,462,1556,50,50,1,-1,-1,-1
162,4,537,1179,50,50,1,-1,-1,-1
163,1,626,218,50,50,1,-1,-1,-1
163,2,363,383,50,50,1,-1,-1,-1
163,3,503,1542,50,50,1,-1,-1,-1
163,4,516,1025,50,50,1,-1,-1,-1
164,1,633,186,50,50,1,-1,-1,-1
164,2,353,431,50,50,1,-1,-1,-1
164,3,548,1517,50,50,1,-1,-1,-1
164,4,501,968,50,50,1,-1,-1,-1
165,1,640,162,50,50,1,-1,-1,-1
165,2,344,491,50,50,1,-1,-1,-1
165,3,592,1484,50,50,1,-1,-1,-1
165,4,484,860,50,50,1,-1,-1,-1
166,1,648,143,50,50,1,-1,-1,-1
166,2,332,556,50,50,1,-1,-1,-1
166,3,608,1473,50,50,1,-1,-1,-1
166,4,475,768,50,50,1,-1,-1,-1
167,1,654,136,50,50,1,-1,-1,-1
167,2,319,639,50,50,1,-1,-1,-1
167,3,623,1518,50,50,1,-1,-1,-1
167,4,465,688,50,50,1,-1,-1,-1
168,1,662,133,50,50,1,-1,-1,-1
168,2,308,726,50,50,1,-1,-1,-1
168,3,631,1556,50,50,1,-1,-1,-1
168,4,445,607,50,50,1,-1,-1,-1
169,1,669,140,50,50,1,-1,-1,-1
169,2,292,803,50,50,1,-1,-1,-1
169,3,629,1583,50,50,1,-1,-1,-1
169,4,436,541,50,50,1,-1,-1,-1
170,1,675,155,50,50,1,-1,-1,-1
170,2,282,917,50,50,1,-1,-1,-1
170,3,627,1603,50,50,1,-1,-1,-1
170,4,425,486,50,50,1,-1,-1,-1
171,1,681,179,50,50,1,-1,-1,-1
171,2,270,1020,50,50,1,-1,-1,-1
171,3,621,1619,50,50,1,-1,-1,-1
171,4,411,430,50,50,1,-1,-1,-1
172,1,693,209,50,50,1,-1,-1,-1
172,2,259,1140,50,50,1,-1,-1,-1
172,3,612,1628,50,50,1,-1,-1,-1
172,4,394,390,50,50,1,-1,-1,-1
173,1,702,254,50,50,1,-1,-1,-1
173,2,238,1262,50,50,1,-1,-1,-1
173,3,595,1620,50,50,1,-1,-1,-1
173,4,379,357,50,50,1,-1,-1,-1
174,1,704,298,50,50,1,-1,-1,-1
174,2,236,1344,50,50,1,-1,-1,-1
174,3,574,1583,50,50,1,-1,-1,-1
174,4,361,333,50,50,1,-1,-1,-1
175,1,710,352,50,50,1,-1,-1,-1
175,2,238,1395,50,50,1,-1,-1,-1
175,3,557,1505,50,50,1,-1,-1,-1
175,4,350,311,50,50,1,-1,-1,-1
176,1,716,414,50,50,1,-1,-1,-1
176,2,251,1451,50,50,1,-1,-1,-1
176,3,539,1394,50,50,1,-1,-1,-1
176,4,336,305,50,50,1,-1,-1,-1
177,1,719,488,50,50,1,-1,-1,-1
177,2,276,1510,50,50,1,-1,-1,-1
177,3,521,1234,50,50,1,-1,-1,-1
177,4,322,304,50,50,1,-1,-1,-1
178,1,726,562,50,50,1,-1,-1,-1
178,2,291,1561,50,50,1,-1,-1,-1
178,3,507,1135,50,50,1,-1,-1,-1
178,4,304,309,50,50,1,-1,-1,-1
179,1,733,649,50,50,1,-1,-1,-1
179,2,312,1604,50,50,1,-1,-1,-1
179,3,498,1017,50,50,1,-1,-1,-1
179,4,289,324,50,50,1,-1,-1,-1
180,1,741,753,50,50,1,-1,-1,-1
180,2,332,1635,50,50,1,-1,-1,-1
180,3,485,920,50,50,1,-1,-1,-1
180,4,275,349,50,50,1,-1,-1,-1
181,1,747,853,50,50,1,-1,-1,-1
181,2,350,1651,50,50,1,-1,-1,-1
181,3,475,806,50,50,1,-1,-1,-1
181,4,260,381,50,50,1,-1,-1,-1
182,1,755,964,50,50,1,-1,-1,-1
182,2,366,1649,50,50,1,-1,-1,-1
182,3,469,727,50,50,1,-1,-1,-1
182,4,239,421,50,50,1,-1,-1,-1
183,1,760,1083,50,50,1,-1,-1,-1
183,2,383,1626,50,50,1,-1,-1,-1
183,3,452,629,50,50,1,-1,-1,-1
183,4,224,481,50,50,1,-1,-1,-1
184,1,767,1208,50,50,1,-1,-1,-1
184,2,395,1554,50,50,1,-1,-1,-1
184,3,444,555,50,50,1,-1,-1,-1
184,4,211,531,50,50,1,-1,-1,-1
185,1,765,1324,50,50,1,-1,-1,-1
185,2,412,1437,50,50,1,-1,-1,-1
185,3,431,488,50,50,1,-1,-1,-1
185,4,190,592,50,50,1,-1,-1,-1
186,1,761,1372,50,50,1,-1,-1,-1
186,2,422,1299,50,50,1,-1,-1,-1
186,3,416,425,50,50,1,-1,-1,-1
186,4,170,672,50,50,1,-1,-1,-1
187,1,736,1429,50,50,1,-1,-1,-1
187,2,437,1154,50,50,1,-1,-1,-1
187,3,406,374,50,50,1,-1,-1,-1
187,4,164,753,50,50,1,-1,-1,-1
188,1,698,1480,50,50,1,-1,-1,-1
188,2,457,1018,50,50,1,-1,-1,-1
188,3,397,330,50,50,1,-1,-1,-1
188,4,144,858,50,50,1,-1,-1,-1
189,1,662,1530,50,50,1,-1,-1,-1
189,2,470,899,50,50,1,-1,-1,-1
189,3,383,295,50,50,1,-1,-1,-1
189,4,130,942,50,50,1,-1,-1,-1
190,1,621,1570,50,50,1,-1,-1,-1
190,2,486,775,50,50,1,-1,-1,-1
190,3,372,264,50,50,1,-1,-1,-1
190,4,109,1059,50,50,1,-1,-1,-1
191,1,581,1597,50,50,1,-1,-1,-1
191,2,498,673,50,50,1,-1,-1,-1
191,3,363,245,50,50,1,-1,-1,-1
191,4,88,1180,50,50,1,-1,-1,-1
192,1,549,1610,50,50,1,-1,-1,-1
192,2,507,562,50,50,1,-1,-1,-1
192,3,351,233,50,50,1,-1,-1,-1
192,4,69,1282,50,50,1,-1,-1,-1
193,1,521,1614,50,50,1,-1,-1,-1
193,2,518,471,50,50,1,-1,-1,-1
193,3,339,230,50,50,1,-1,-1,-1
193,4,67,1333,50,50,1,-1,-1,-1
194,1,497,1599,50,50,1,-1,-1,-1
194,2,527,390,50,50,1,-1,-1,-1
194,3,327,235,50,50,1,-1,-1,-1
194,4,99,1372,50,50,1,-1,-1,-1
195,1,476,1547,50,50,1,-1,-1,-1
195,2,539,317,50,50,1,-1,-1,-1
195,3,315,247,50,50,1,-1,-1,-1
195,4,134,1410,50,50,1,-1,-1,-1
196,1,459,1452,50,50,1,-1,-1,-1
196,2,548,252,50,50,1,-1,-1,-1
196,3,302,269,50,50,1,-1,-1,-1
196,4,174,1452,50,50,1,-1,-1,-1
197,1,459,1316,50,50,1,-1,-1,-1
197,2,558,193,50,50,1,-1,-1,-1
197,3,290,300,50,50,1,-1,-1,-1
197,4,221,1497,50,50,1,-1,-1,-1
198,1,459,1204,50,50,1,-1,-1,-1
198,2,569,144,50,50,1,-1,-1,-1
198,3,277,339,50,50,1,-1,-1,-1
198,4,270,1539,50,50,1,-1,-1,-1
199,1,459,1096,50,50,1,-1,-1,-1
199,2,578,104,50,50,1,-1,-1,-1
199,3,265,386,50,50,1,-1,-1,-1
199,4,323,1567,50,50,1,-1,-1,-1
200,1,456,999,50,50,1,-1,-1,-1
200,2,589,70,50,50,1,-1,-1,-1
200,3,254,443,50,50,1,-1,-1,-1
200,4,375,1567,50,50,1,-1,-1,-1
201,1,456,898,50,50,1,-1,-1,-1
201,2,601,47,50,50,1,-1,-1,-1
201,3,236,508,50,50,1,-1,-1,-1
201,4,442,1540,50,50,1,-1,-1,-1
202,1,451,805,50,50,1,-1,-1,-1
202,2,607,35,50,50,1,-1,-1,-1
202,3,217,579,50,50,1,-1,-1,-1
202,4,498,1501,50,50,1,-1,-1,-1
203,1,454,731,50,50,1,-1,-1,-1
203,2,616,26,50,50,1,-1,-1,-1
203,3,202,662,50,50,1,-1,-1,-1
203,4,530,1515,50,50,1,-1,-1,-1
204,1,452,656,50,50,1,-1,-1,-1
204,2,627,27,50,50,1,-1,-1,-1
204,3,189,752,50,50,1,-1,-1,-1
204,4,557,1555,50,50,1,-1,-1,-1
205,1,450,596,50,50,1,-1,-1,-1
205,2,638,37,50,50,1,-1,-1,-1
205,3,179,853,50,50,1,-1,-1,-1
205,4,580,1580,50,50,1,-1,-1,-1
206,1,457,538,50,50,1,-1,-1,-1
206,2,646,54,50,50,1,-1,-1,-1
206,3,162,966,50,50,1,-1,-1,-1
206,4,588,1606,50,50,1,-1,-1,-1
207,1,458,496,50,50,1,-1,-1,-1
207,2,658,81,50,50,1,-1,-1,-1
207,3,149,1086,50,50,1,-1,-1,-1
207,4,600,1633,50,50,1,-1,-1,-1
208,1,454,458,50,50,1,-1,-1,-1
208,2,670,113,50,50,1,-1,-1,-1
208,3,135,1212,50,50,1,-1,-1,-1
208,4,604,1651,50,50,1,-1,-1,-1
209,1,454,430,50,50,1,-1,-1,-1
209,2,681,154,50,50,1,-1,-1,-1
209,3,126,1297,50,50,1,-1,-1,-1
209,4,600,1656,50,50,1,-1,-1,-1
210,1,455,409,50,50,1,-1,-1,-1
210,2,691,203,50,50,1,-1,-1,-1
210,3,121,1329,50,50,1,-1,-1,-1
210,4,592,1649,50,50,1,-1,-1,-1
211,1,452,396,50,50,1,-1,-1,-1
211,2,700,263,50,50,1,-1,-1,-1
211,3,136,1358,50,50,1,-1,-1,-1
211,4,583,1615,50,50,1,-1,-1,-1
212,1,451,395,50,50,1,-1,-1,-1
212,2,714,335,50,50,1,-1,-1,-1
212,3,168,1392,50,50,1,-1,-1,-1
212,4,574,1534,50,50,1,-1,-1,-1
213,1,451,397,50,50,1,-1,-1,-1
213,2,721,408,50,50,1,-1,-1,-1
213,3,203,1435,50,50,1,-1,-1,-1
213,4,565,1423,50,50,1,-1,-1,-1
214,1,452,409,50,50,1,-1,-1,-1
214,2,734,500,50,50,1,-1,-1,-1
214,3,240,1484,50,50,1,-1,-1,-1
214,4,555,1283,50,50,1,-1,-1,-1
215,1,453,430,50,50,1,-1,-1,-1
215,2,746,595,50,50,1,-1,-1,-1
215,3,285,1535,50,50,1,-1,-1,-1
215,4,547,1150,50,50,1,-1,-1,-1
216,1,452,458,50,50,1,-1,-1,-1
216,2,751,695,50,50,1,-1,-1,-1
216,3,328,1577,50,50,1,-1,-1,-1
216,4,544,1026,50,50,1,-1,-1,-1
217,1,453,495,50,50,1,-1,-1,-1
217,2,763,797,50,50,1,-1,-1,-1
217,3,378,1608,50,50,1,-1,-1,-1
217,4,539,912,50,50,1,-1,-1,-1
218,1,451,542,50,50,1,-1,-1,-1
218,2,774,929,50,50,1,-1,-1,-1
218,3,419,1618,50,50,1,-1,-1,-1
218,4,533,792,50,50,1,-1,-1,-1
219,1,450,596,50,50,1,-1,-1,-1
219,2,785,1053,50,50,1,-1,-1,-1
219,3,458,1605,50,50,1,-1,-1,-1
219,4,527,702,50,50,1,-1,-1,-1
220,1,445,665,50,50,1,-1,-1,-1
220,2,797,1190,50,50,1,-1,-1,-1
220,3,490,1558,50,50,1,-1,-1,-1
220,4,528,609,50,50,1,-1,-1,-1
221,1,449,734,50,50,1,-1,-1,-1
221,2,779,1259,50,50,1,-1,-1,-1
221,3,514,1472,50,50,1,-1,-1,-1
221,4,527,530,50,50,1,-1,-1,-1
222,1,445,798,50,50,1,-1,-1,-1
222,2,768,1308,50,50,1,-1,-1,-1
222,3,529,1346,50,50,1,-1,-1,-1
222,4,521,456,50,50,1,-1,-1,-1
223,1,443,891,50,50,1,-1,-1,-1
223,2,746,1378,50,50,1,-1,-1,-1
223,3,546,1191,50,50,1,-1,-1,-1
223,4,518,393,50,50,1,-1,-1,-1
224,1,437,990,50,50,1,-1,-1,-1
224,2,721,1439,50,50,1,-1,-1,-1
224,3,591,1047,50,50,1,-1,-1,-1
224,4,514,338,50,50,1,-1,-1,-1
225,1,438,1093,50,50,1,-1,-1,-1
225,2,703,1505,50,50,1,-1,-1,-1
225,3,584,955,50,50,1,-1,-1,-1
225,4,508,292,50,50,1,-1,-1,-1
226,1,439,1207,50,50,1,-1,-1,-1
226,2,684,1562,50,50,1,-1,-1,-1
226,3,593,841,50,50,1,-1,-1,-1
226,4,505,254,50,50,1,-1,-1,-1
227,1,425,1316,50,50,1,-1,-1,-1
227,2,669,1599,50,50,1,-1,-1,-1
227,3,611,728,50,50,1,-1,-1,-1
227,4,500,224,50,50,1,-1,-1,-1
228,1,422,1395,50,50,1,-1,-1,-1
228,2,661,1618,50,50,1,-1,-1,-1
228,3,622,634,50,50,1,-1,-1,-1
228,4,495,203,50,50,1,-1,-1,-1
229,1,439,1447,50,50,1,-1,-1,-1
229,2,655,1616,50,50,1,-1,-1,-1
229,3,641,547,50,50,1,-1,-1,-1
229,4,490,190,50,50,1,-1,-1,-1
230,1,460,1486,50,50,1,-1,-1,-1
230,2,649,1587,50,50,1,-1,-1,-1
230,3,649,466,50,50,1,-1,-1,-1
230,4,480,182,50,50,1,-1,-1,-1
231,1,473,1521,50,50,1,-1,-1,-1
231,2,640,1515,50,50,1,-1,-1,-1
231,3,664,397,50,50,1,-1,-1,-1
231,4,475,184,50,50,1,-1,-1,-1
232,1,484,1548,50,50,1,-1,-1,-1
232,2,632,1407,50,50,1,-1,-1,-1
232,3,674,335,50,50,1,-1,-1,-1
232,4,469,195,50,50,1,-1,-1,-1
233,1,499,1564,50,50,1,-1,-1,-1
233,2,617,1284,50,50,1,-1,-1,-1
233,3,692,278,50,50,1,-1,-1,-1
233,4,463,214,50,50,1,-1,-1,-1
234,1,522,1564,50,50,1,-1,-1,-1
234,2,598,1156,50,50,1,-1,-1,-1
234,3,697,232,50,50,1,-1,-1,-1
234,4,460,242,50,50,1,-1,-1,-1
235,1,554,1544,50,50,1,-1,-1,-1
235,2,583,1042,50,50,1,-1,-1,-1
235,3,709,195,50,50,1,-1,-1,-1
235,4,455,277,50,50,1,-1,-1,-1
236,1,593,1513,50,50,1,-1,-1,-1
236,2,568,947,50,50,1,-1,-1,-1
236,3,720,166,50,50,1,-1,-1,-1
236,4,449,320,50,50,1,-1,-1,-1
237,1,627,1485,50,50,1,-1,-1,-1
237,2,559,850,50,50,1,-1,-1,-1
237,3,733,145,50,50,1,-1,-1,-1
237,4,441,372,50,50,1,-1,-1,-1
238,2,542,762,50,50,1,-1,-1,-1
238,3,742,133,50,50,1,-1,-1,-1
238,4,434,432,50,50,1,-1,-1,-1
239,1,661,1520,50,50,1,-1,-1,-1
239,2,533,683,50,50,1,-1,-1,-1
239,3,754,129,50,50,1,-1,-1,-1
239,4,435,506,50,50,1,-1,-1,-1
240,1,667,1572,50,50,1,-1,-1,-1
240,2,528,611,50,50,1,-1,-1,-1
240,3,766,134,50,50,1,-1,-1,-1
240,4,428,574,50,50,1,-1,-1,-1
241,1,680,1607,50,50,1,-1,-1,-1
241,2,514,556,50,50,1,-1,-1,-1
241,3,778,146,50,50,1,-1,-1,-1
241,4,420,663,50,50,1,-1,-1,-1
242,1,687,1627,50,50,1,-1,-1,-1
242,2,498,497,50,50,1,-1,-1,-1
242,3,789,169,50,50,1,-1,-1,-1
242,4,412,756,50,50,1,-1,-1,-1
243,1,692,1642,50,50,1,-1,-1,-1
243,2,484,450,50,50,1,-1,-1,-1
243,3,799,194,50,50,1,-1,-1,-1
243,4,409,853,50,50,1,-1,-1,-1
244,1,691,1639,50,50,1,-1,-1,-1
244,2,471,413,50,50,1,-1,-1,-1
244,3,821,232,50,50,1,-1,-1,-1
244,4,405,968,50,50,1,-1,-1,-1
245,1,686,1608,50,50,1,-1,-1,-1
245,2,458,384,50,50,1,-1,-1,-1
245,3,824,274,50,50,1,-1,-1,-1
245,4,395,1087,50,50,1,-1,-1,-1
246,1,677,1539,50,50,1,-1,-1,-1
246,2,446,368,50,50,1,-1,-1,-1
246,3,828,336,50,50,1,-1,-1,-1
246,4,392,1215,50,50,1,-1,-1,-1
247,1,657,1433,50,50,1,-1,-1,-1
247,2,434,356,50,50,1,-1,-1,-1
247,3,857,406,50,50,1,-1,-1,-1
247,4,385,1340,50,50,1,-1,-1,-1
248,1,640,1306,50,50,1,-1,-1,-1
248,2,420,352,50,50,1,-1,-1,-1
248,3,867,477,50,50,1,-1,-1,-1
248,4,388,1407,50,50,1,-1,-1,-1
249,1,629,1170,50,50,1,-1,-1,-1
249,2,409,357,50,50,1,-1,-1,-1
249,3,882,559,50,50,1,-1,-1,-1
249,4,402,1457,50,50,1,-1,-1,-1
250,1,614,1057,50,50,1,-1,-1,-1
250,2,391,368,50,50,1,-1,-1,-1
250,3,888,645,50,50,1,-1,-1,-1
250,4,419,1507,50,50,1,-1,-1,-1
251,1,603,953,50,50,1,-1,-1,-1
251,2,384,391,50,50,1,-1,-1,-1
251,3,901,747,50,50,1,-1,-1,-1
251,4,437,1552,50,50,1,-1,-1,-1
252,1,586,846,50,50,1,-1,-1,-1
252,2,365,417,50,50,1,-1,-1,-1
252,3,914,851,50,50,1,-1,-1,-1
252,4,461,1586,50,50,1,-1,-1,-1
253,1,572,749,50,50,1,-1,-1,-1
253,2,349,451,50,50,1,-1,-1,-1
253,3,921,963,50,50,1,-1,-1,-1
253,4,481,1606,50,50,1,-1,-1,-1
254,1,563,664,50,50,1,-1,-1,-1
254,2,338,502,50,50,1,-1,-1,-1
254,3,936,1091,50,50,1,-1,-1,-1
254,4,496,1610,50,50,1,-1,-1,-1
255,1,553,591,50,50,1,-1,-1,-1
255,2,315,551,50,50,1,-1,-1,-1
255,3,946,1190,50,50,1,-1,-1,-1
255,4,512,1585,50,50,1,-1,-1,-1
256,1,540,528,50,50,1,-1,-1,-1
256,2,309,615,50,50,1,-1,-1,-1
256,3,922,1253,50,50,1,-1,-1,-1
256,4,522,1507,50,50,1,-1,-1,-1
257,1,531,457,50,50,1,-1,-1,-1
257,2,292,690,50,50,1,-1,-1,-1
257,3,906,1307,50,50,1,-1,-1,-1
257,4,532,1386,50,50,1,-1,-1,-1
258,1,520,406,50,50,1,-1,-1,-1
258,2,278,764,50,50,1,-1,-1,-1
258,3,866,1387,50,50,1,-1,-1,-1
258,4,532,1256,50,50,1,-1,-1,-1
259,1,508,362,50,50,1,-1,-1,-1
259,2,265,854,50,50,1,-1,-1,-1
259,3,825,1457,50,50,1,-1,-1,-1
259,4,555,1149,50,50,1,-1,-1,-1
260,1,496,327,50,50,1,-1,-1,-1
260,2,253,946,50,50,1,-1,-1,-1
260,3,788,1522,50,50,1,-1,-1,-1
260,4,578,1000,50,50,1,-1,-1,-1
261,1,485,301,50,50,1,-1,-1,-1
261,2,237,1051,50,50,1,-1,-1,-1
261,3,751,1571,50,50,1,-1,-1,-1
261,4,587,877,50,50,1,-1,-1,-1
262,1,472,283,50,50,1,-1,-1,-1
262,2,223,1165,50,50,1,-1,-1,-1
262,3,706,1615,50,50,1,-1,-1,-1
262,4,596,777,50,50,1,-1,-1,-1
263,1,459,272,50,50,1,-1,-1,-1
263,2,201,1266,50,50,1,-1,-1,-1
263,3,675,1632,50,50,1,-1,-1,-1
263,4,605,672,50,50,1,-1,-1,-1
264,1,445,270,50,50,1,-1,-1,-1
264,2,194,1328,50,50,1,-1,-1,-1
264,3,651,1632,50,50,1,-1,-1,-1
264,4,611,582,50,50,1,-1,-1,-1
265,1,431,276,50,50,1,-1,-1,-1
265,2,204,1381,50,50,1,-1,-1,-1
265,3,628,1613,50,50,1,-1,-1,-1
265,4,622,503,50,50,1,-1,-1,-1
266,1,418,290,50,50,1,-1,-1,-1
266,2,232,1437,50,50,1,-1,-1,-1
266,3,606,1562,50,50,1,-1,-1,-1
266,4,629,426,50,50,1,-1,-1,-1
267,1,406,313,50,50,1,-1,-1,-1
267,2,264,1478,50,50,1,-1,-1,-1
267,3,585,1465,50,50,1,-1,-1,-1
267,4,637,360,50,50,1,-1,-1,-1
268,1,393,343,50,50,1,-1,-1,-1
268,2,303,1520,50,50,1,-1,-1,-1
268,3,570,1335,50,50,1,-1,-1,-1
268,4,646,306,50,50,1,-1,-1,-1
269,1,384,387,50,50,1,-1,-1,-1
269,2,354,1553,50,50,1,-1,-1,-1
269,3,553,1199,50,50,1,-1,-1,-1
269,4,655,259,50,50,1,-1,-1,-1
270,1,366,429,50,50,1,-1,-1,-1
270,2,403,1560,50,50,1,-1,-1,-1
270,3,541,1086,50,50,1,-1,-1,-1
270,4,663,219,50,50,1,-1,-1,-1
271,1,354,491,50,50,1,-1,-1,-1
271,2,469,1547,50,50,1,-1,-1,-1
271,3,539,982,50,50,1,-1,-1,-1
271,4,670,189,50,50,1,-1,-1,-1
272,1,339,554,50,50,1,-1,-1,-1
272,2,542,1519,50,50,1,-1,-1,-1
272,3,529,871,50,50,1,-1,-1,-1
272,4,677,165,50,50,1,-1,-1,-1
273,1,327,625,50,50,1,-1,-1,-1
273,2,605,1495,50,50,1,-1,-1,-1
273,3,528,773,50,50,1,-1,-1,-1
273,4,685,152,50,50,1,-1,-1,-1
274,1,307,714,50,50,1,-1,-1,-1
274,2,638,1513,50,50,1,-1,-1,-1
274,3,516,691,50,50,1,-1,-1,-1
274,4,692,146,50,50,1,-1,-1,-1
275,1,296,789,50,50,1,-1,-1,-1
275,2,665,1547,50,50,1,-1,-1,-1
275,3,510,604,50,50,1,-1,-1,-1
275,4,704,147,50,50,1,-1,-1,-1
276,1,281,895,50,50,1,-1,-1,-1
276,2,676,1577,50,50,1,-1,-1,-1
276,3,501,543,50,50,1,-1,-1,-1
276,4,711,158,50,50,1,-1,-1,-1
277,1,268,1003,50,50,1,-1,-1,-1
277,2,682,1605,50,50,1,-1,-1,-1
277,3,496,479,50,50,1,-1,-1,-1
277,4,719,175,50,50,1,-1,-1,-1
278,1,253,1126,50,50,1,-1,-1,-1
278,2,678,1628,50,50,1,-1,-1,-1
278,3,490,427,50,50,1,-1,-1,-1
278,4,730,200,50,50,1,-1,-1,-1
279,1,238,1236,50,50,1,-1,-1,-1
279,2,667,1639,50,50,1,-1,-1,-1
279,3,480,383,50,50,1,-1,-1,-1
279,4,737,232,50,50,1,-1,-1,-1
280,1,230,1355,50,50,1,-1,-1,-1
280,2,649,1637,50,50,1,-1,-1,-1
280,3,472,347,50,50,1,-1,-1,-1
280,4,743,275,50,50,1,-1,-1,-1
281,1,234,1393,50,50,1,-1,-1,-1
281,2,627,1614,50,50,1,-1,-1,-1
281,3,463,319,50,50,1,-1,-1,-1
281,4,756,324,50,50,1,-1,-1,-1
282,1,245,1428,50,50,1,-1,-1,-1
282,2,604,1552,50,50,1,-1,-1,-1
282,3,453,302,50,50,1,-1,-1,-1
282,4,760,387,50,50,1,-1,-1,-1
283,1,268,1469,50,50,1,-1,-1,-1
283,2,583,1447,50,50,1,-1,-1,-1
283,3,449,291,50,50,1,-1,-1,-1
283,4,768,453,50,50,1,-1,-1,-1
284,1,289,1508,50,50,1,-1,-1,-1
284,2,569,1321,50,50,1,-1,-1,-1
284,3,442,289,50,50,1,-1,-1,-1
284,4,777,532,50,50,1,-1,-1,-1
285,1,321,1554,50,50,1,-1,-1,-1
285,2,556,1184,50,50,1,-1,-1,-1
285,3,432,293,50,50,1,-1,-1,-1
285,4,791,610,50,50,1,-1,-1,-1
286,1,351,1588,50,50,1,-1,-1,-1
286,2,542,1075,50,50,1,-1,-1,-1
286,3,423,306,50,50,1,-1,-1,-1
286,4,800,709,50,50,1,-1,-1,-1
287,1,373,1617,50,50,1,-1,-1,-1
287,2,530,972,50,50,1,-1,-1,-1
287,3,411,323,50,50,1,-1,-1,-1
287,4,806,802,50,50,1,-1,-1,-1
288,1,400,1630,50,50,1,-1,-1,-1
288,2,513,861,50,50,1,-1,-1,-1
288,3,403,352,50,50,1,-1,-1,-1
288,4,813,917,50,50,1,-1,-1,-1
289,1,421,1635,50,50,1,-1,-1,-1
289,2,501,763,50,50,1,-1,-1,-1
289,3,396,389,50,50,1,-1,-1,-1
289,4,823,1035,50,50,1,-1,-1,-1
290,1,439,1626,50,50,1,-1,-1,-1
290,2,490,678,50,50,1,-1,-1,-1
290,3,386,434,50,50,1,-1,-1,-1
290,4,831,1157,50,50,1,-1,-1,-1
291,1,457,1593,50,50,1,-1,-1,-1
291,2,480,599,50,50,1,-1,-1,-1
291,3,381,492,50,50,1,-1,-1,-1
291,4,833,1281,50,50,1,-1,-1,-1
292,1,471,1514,50,50,1,-1,-1,-1
292,2,471,530,50,50,1,-1,-1,-1
292,3,372,555,50,50,1,-1,-1,-1
292,4,820,1353,50,50,1,-1,-1,-1
293,1,480,1395,50,50,1,-1,-1,-1
293,2,456,466,50,50,1,-1,-1,-1
293,3,365,623,50,50,1,-1,-1,-1
293,4,807,1408,50,50,1,-1,-1,-1
294,1,497,1238,50,50,1,-1,-1,-1
294,2,442,411,50,50,1,-1,-1,-1
294,3,358,704,50,50,1,-1,-1,-1
294,4,769,1478,50,50,1,-1,-1,-1
295,1,492,1105,50,50,1,-1,-1,-1
295,2,432,365,50,50,1,-1,-1,-1
295,3,343,781,50,50,1,-1,-1,-1
295,4,729,1533,50,50,1,-1,-1,-1
296,1,519,1000,50,50,1,-1,-1,-1
296,2,422,329,50,50,1,-1,-1,-1
296,3,336,879,50,50,1,-1,-1,-1
296,4,693,1580,50,50,1,-1,-1,-1
297,1,527,873,50,50,1,-1,-1,-1
297,2,407,297,50,50,1,-1,-1,-1
297,3,327,983,50,50,1,-1,-1,-1
297,4,661,1612,50,50,1,-1,-1,-1
298,1,533,762,50,50,1,-1,-1,-1
298,2,395,277,50,50,1,-1,-1,-1
298,3,317,1100,50,50,1,-1,-1,-1
298,4,628,1628,50,50,1,-1,-1,-1
299,1,537,657,50,50,1,-1,-1,-1
299,2,382,263,50,50,1,-1,-1,-1
299,3,306,1214,50,50,1,-1,-1,-1
299,4,599,1628,50,50,1,-1,-1,-1
300,1,542,566,50,50,1,-1,-1,-1
300,2,368,261,50,50,1,-1,-1,-1
300,3,292,1335,50,50,1,-1,-1,-1
300,4,574,1612,50,50,1,-1,-1,-1
301,1,550,482,50,50,1,-1,-1,-1
301,2,355,264,50,50,1,-1,-1,-1
301,3,290,1389,50,50,1,-1,-1,-1
301,4,550,1567,50,50,1,-1,-1,-1
302,1,555,409,50,50,1,-1,-1,-1
302,2,339,280,50,50,1,-1,-1,-1
302,3,292,1436,50,50,1,-1,-1,-1
302,4,528,1478,50,50,1,-1,-1,-1
303,1,559,340,50,50,1,-1,-1,-1
303,2,322,299,50,50,1,-1,-1,-1
303,3,304,1481,50,50,1,-1,-1,-1
303,4,517,1361,50,50,1,-1,-1,-1
304,1,565,281,50,50,1,-1,-1,-1
304,2,308,327,50,50,1,-1,-1,-1
304,3,328,1519,50,50,1,-1,-1,-1
304,4,503,1236,50,50,1,-1,-1,-1
305,1,570,230,50,50,1,-1,-1,-1
305,2,296,368,50,50,1,-1,-1,-1
305,3,368,1543,50,50,1,-1,-1,-1
305,4,492,1124,50,50,1,-1,-1,-1
306,1,574,189,50,50,1,-1,-1,-1
306,2,277,413,50,50,1,-1,-1,-1
306,3,414,1537,50,50,1,-1,-1,-1
306,4,485,1018,50,50,1,-1,-1,-1
307,1,579,155,50,50,1,-1,-1,-1
307,2,265,471,50,50,1,-1,-1,-1
307,3,475,1511,50,50,1,-1,-1,-1
307,4,471,922,50,50,1,-1,-1,-1
308,1,587,128,50,50,1,-1,-1,-1
308,2,247,535,50,50,1,-1,-1,-1
308,3,521,1491,50,50,1,-1,-1,-1
308,4,464,820,50,50,1,-1,-1,-1
309,1,590,111,50,50,1,-1,-1,-1
309,2,234,604,50,50,1,-1,-1,-1
309,3,557,1502,50,50,1,-1,-1,-1
309,4,453,742,50,50,1,-1,-1,-1
310,1,596,101,50,50,1,-1,-1,-1
310,2,217,683,50,50,1,-1,-1,-1
310,3,593,1564,50,50,1,-1,-1,-1
310,4,441,670,50,50,1,-1,-1,-1
311,1,600,100,50,50,1,-1,-1,-1
311,2,198,775,50,50,1,-1,-1,-1
311,3,613,1595,50,50,1,-1,-1,-1
311,4,435,601,50,50,1,-1,-1,-1
312,1,605,106,50,50,1,-1,-1,-1
312,2,184,878,50,50,1,-1,-1,-1
312,3,618,1619,50,50,1,-1,-1,-1
312,4,424,549,50,50,1,-1,-1,-1
313,1,611,123,50,50,1,-1,-1,-1
313,2,170,991,50,50,1,-1,-1,-1
313,3,614,1635,50,50,1,-1,-1,-1
313,4,419,502,50,50,1,-1,-1,-1
314,1,615,146,50,50,1,-1,-1,-1
314,2,154,1102,50,50,1,-1,-1,-1
314,3,606,1643,50,50,1,-1,-1,-1
314,4,408,449,50,50,1,-1,-1,-1
315,1,618,178,50,50,1,-1,-1,-1
315,2,136,1222,50,50,1,-1,-1,-1
315,3,593,1645,50,50,1,-1,-1,-1
315,4,400,416,50,50,1,-1,-1,-1
316,1,625,218,50,50,1,-1,-1,-1
316,2,137,1289,50,50,1,-1,-1,-1
316,3,580,1643,50,50,1,-1,-1,-1
316,4,388,391,50,50,1,-1,-1,-1
317,1,633,266,50,50,1,-1,-1,-1
317,2,149,1320,50,50,1,-1,-1,-1
317,3,566,1624,50,50,1,-1,-1,-1
317,4,386,377,50,50,1,-1,-1,-1
318,1,640,323,50,50,1,-1,-1,-1
318,2,170,1357,50,50,1,-1,-1,-1
318,3,545,1574,50,50,1,-1,-1,-1
318,4,375,366,50,50,1,-1,-1,-1
319,1,646,388,50,50,1,-1,-1,-1
319,2,209,1406,50,50,1,-1,-1,-1
319,3,526,1483,50,50,1,-1,-1,-1
319,4,364,365,50,50,1,-1,-1,-1
320,1,646,457,50,50,1,-1,-1,-1
320,2,247,1454,50,50,1,-1,-1,-1
320,3,514,1351,50,50,1,-1,-1,-1
320,4,353,374,50,50,1,-1,-1,-1
321,1,657,541,50,50,1,-1,-1,-1
321,2,283,1511,50,50,1,-1,-1,-1
321,3,498,1216,50,50,1,-1,-1,-1
321,4,343,388,50,50,1,-1,-1,-1
322,1,659,627,50,50,1,-1,-1,-1
322,2,317,1563,50,50,1,-1,-1,-1
322,3,492,1099,50,50,1,-1,-1,-1
322,4,333,411,50,50,1,-1,-1,-1
323,1,667,730,50,50,1,-1,-1,-1
323,2,343,1601,50,50,1,-1,-1,-1
323,3,478,998,50,50,1,-1,-1,-1
323,4,322,448,50,50,1,-1,-1,-1
324,1,675,833,50,50,1,-1,-1,-1
324,2,363,1627,50,50,1,-1,-1,-1
324,3,468,877,50,50,1,-1,-1,-1
324,4,316,490,50,50,1,-1,-1,-1
325,1,676,954,50,50,1,-1,-1,-1
325,2,374,1626,50,50,1,-1,-1,-1
325,3,460,780,50,50,1,-1,-1,-1
325,4,306,537,50,50,1,-1,-1,-1
326,1,680,1085,50,50,1,-1,-1,-1
326,2,383,1599,50,50,1,-1,-1,-1
326,3,449,687,50,50,1,-1,-1,-1
326,4,295,590,50,50,1,-1,-1,-1
327,1,686,1217,50,50,1,-1,-1,-1
327,2,389,1535,50,50,1,-1,-1,-1
327,3,441,603,50,50,1,-1,-1,-1
327,4,276,661,50,50,1,-1,-1,-1
328,1,682,1326,50,50,1,-1,-1,-1
328,2,397,1432,50,50,1,-1,-1,-1
328,3,433,533,50,50,1,-1,-1,-1
328,4,270,736,50,50,1,-1,-1,-1
329,1,652,1406,50,50,1,-1,-1,-1
329,2,405,1299,50,50,1,-1,-1,-1
329,3,419,458,50,50,1,-1,-1,-1
329,4,252,813,50,50,1,-1,-1,-1
330,1,630,1476,50,50,1,-1,-1,-1
330,2,432,1168,50,50,1,-1,-1,-1
330,3,410,403,50,50,1,-1,-1,-1
330,4,248,905,50,50,1,-1,-1,-1
331,1,585,1578,50,50,1,-1,-1,-1
331,2,449,936,50,50,1,-1,-1,-1
331,3,395,314,50,50,1,-1,-1,-1
331,4,225,1118,50,50,1,-1,-1,-1
332,1,568,1608,50,50,1,-1,-1,-1
332,2,461,825,50,50,1,-1,-1,-1
332,3,380,282,50,50,1,-1,-1,-1
332,4,206,1232,50,50,1,-1,-1,-1
333,1,550,1629,50,50,1,-1,-1,-1
333,2,471,737,50,50,1,-1,-1,-1
333,3,369,258,50,50,1,-1,-1,-1
333,4,200,1330,50,50,1,-1,-1,-1
334,1,536,1638,50,50,1,-1,-1,-1
334,2,473,648,50,50,1,-1,-1,-1
334,3,363,243,50,50,1,-1,-1,-1
334,4,206,1401,50,50,1,-1,-1,-1
335,1,520,1622,50,50,1,-1,-1,-1
335,2,480,570,50,50,1,-1,-1,-1
335,3,350,234,50,50,1,-1,-1,-1
335,4,205,1449,50,50,1,-1,-1,-1
336,1,498,1565,50,50,1,-1,-1,-1
336,2,489,503,50,50,1,-1,-1,-1
336,3,337,236,50,50,1,-1,-1,-1
336,4,216,1503,50,50,1,-1,-1,-1
337,1,480,1462,50,50,1,-1,-1,-1
337,2,490,444,50,50,1,-1,-1,-1
337,3,324,244,50,50,1,-1,-1,-1
337,4,240,1547,50,50,1,-1,-1,-1
338,1,464,1332,50,50,1,-1,-1,-1
338,2,499,390,50,50,1,-1,-1,-1
338,3,313,260,50,50,1,-1,-1,-1
338,4,271,1569,50,50,1,-1,-1,-1
339,1,452,1194,50,50,1,-1,-1,-1
339,2,508,345,50,50,1,-1,-1,-1
339,3,304,287,50,50,1,-1,-1,-1
339,4,312,1576,50,50,1,-1,-1,-1
340,1,437,1086,50,50,1,-1,-1,-1
340,2,516,309,50,50,1,-1,-1,-1
340,3,291,322,50,50,1,-1,-1,-1
340,4,360,1562,50,50,1,-1,-1,-1
341,1,432,977,50,50,1,-1,-1,-1
341,2,523,281,50,50,1,-1,-1,-1
341,3,279,366,50,50,1,-1,-1,-1
341,4,420,1534,50,50,1,-1,-1,-1
342,1,420,863,50,50,1,-1,-1,-1
342,2,530,263,50,50,1,-1,-1,-1
342,3,269,413,50,50,1,-1,-1,-1
342,4,474,1492,50,50,1,-1,-1,-1
343,1,410,773,50,50,1,-1,-1,-1
343,2,539,252,50,50,1,-1,-1,-1
343,3,256,482,50,50,1,-1,-1,-1
343,4,512,1476,50,50,1,-1,-1,-1
344,1,402,690,50,50,1,-1,-1,-1
344,2,545,250,50,50,1,-1,-1,-1
344,3,239,550,50,50,1,-1,-1,-1
344,4,541,1517,50,50,1,-1,-1,-1
345,1,392,604,50,50,1,-1,-1,-1
345,2,554,256,50,50,1,-1,-1,-1
345,3,229,631,50,50,1,-1,-1,-1
345,4,558,1555,50,50,1,-1,-1,-1
346,1,389,538,50,50,1,-1,-1,-1
346,2,563,271,50,50,1,-1,-1,-1
346,3,214,718,50,50,1,-1,-1,-1
346,4,565,1592,50,50,1,-1,-1,-1
347,1,375,472,50,50,1,-1,-1,-1
347,2,571,293,50,50,1,-1,-1,-1
347,3,203,806,50,50,1,-1,-1,-1
347,4,562,1621,50,50,1,-1,-1,-1
348,1,366,416,50,50,1,-1,-1,-1
348,2,578,323,50,50,1,-1,-1,-1
348,3,196,919,50,50,1,-1,-1,-1
348,4,552,1637,50,50,1,-1,-1,-1
349,1,361,374,50,50,1,-1,-1,-1
349,2,588,361,50,50,1,-1,-1,-1
349,3,179,1035,50,50,1,-1,-1,-1
349,4,539,1641,50,50,1,-1,-1,-1
350,1,348,338,50,50,1,-1,-1,-1
350,2,595,407,50,50,1,-1,-1,-1
350,3,164,1151,50,50,1,-1,-1,-1
350,4,526,1634,50,50,1,-1,-1,-1
351,1,342,310,50,50,1,-1,-1,-1
351,2,604,463,50,50,1,-1,-1,-1
351,3,174,1215,50,50,1,-1,-1,-1
351,4,514,1612,50,50,1,-1,-1,-1
352,1,335,291,50,50,1,-1,-1,-1
352,2,612,527,50,50,1,-1,-1,-1
352,3,172,1250,50,50,1,-1,-1,-1
352,4,504,1563,50,50,1,-1,-1,-1
353,1,323,278,50,50,1,-1,-1,-1
353,2,618,599,50,50,1,-1,-1,-1
353,3,175,1296,50,50,1,-1,-1,-1
353,4,489,1476,50,50,1,-1,-1,-1
354,1,313,274,50,50,1,-1,-1,-1
354,2,620,677,50,50,1,-1,-1,-1
354,3,206,1370,50,50,1,-1,-1,-1
354,4,478,1355,50,50,1,-1,-1,-1
355,1,303,277,50,50,1,-1,-1,-1
355,2,632,776,50,50,1,-1,-1,-1
355,3,239,1446,50,50,1,-1,-1,-1
355,4,471,1227,50,50,1,-1,-1,-1
356,1,295,290,50,50,1,-1,-1,-1
356,2,643,869,50,50,1,-1,-1,-1
356,3,272,1510,50,50,1,-1,-1,-1
356,4,462,1122,50,50,1,-1,-1,-1
357,1,281,308,50,50,1,-1,-1,-1
357,2,648,978,50,50,1,-1,-1,-1
357,3,299,1573,50,50,1,-1,-1,-1
357,4,456,1012,50,50,1,-1,-1,-1
358,1,271,338,50,50,1,-1,-1,-1
358,2,652,1093,50,50,1,-1,-1,-1
358,3,327,1617,50,50,1,-1,-1,-1
358,4,453,925,50,50,1,-1,-1,-1
359,1,264,376,50,50,1,-1,-1,-1
359,2,662,1217,50,50,1,-1,-1,-1
359,3,355,1631,50,50,1,-1,-1,-1
359,4,441,820,50,50,1,-1,-1,-1
360,1,253,427,50,50,1,-1,-1,-1
360,2,662,1328,50,50,1,-1,-1,-1
360,3,381,1605,50,50,1,-1,-1,-1
360,4,442,743,50,50,1,-1,-1,-1
361,1,239,475,50,50,1,-1,-1,-1
361,2,663,1414,50,50,1,-1,-1,-1
361,3,403,1547,50,50,1,-1,-1,-1
361,4,440,666,50,50,1,-1,-1,-1
362,1,227,539,50,50,1,-1,-1,-1
362,2,644,1492,50,50,1,-1,-1,-1
362,3,416,1451,50,50,1,-1,-1,-1
362,4,433,596,50,50,1,-1,-1,-1
363,1,216,608,50,50,1,-1,-1,-1
363,2,634,1550,50,50,1,-1,-1,-1
363,3,431,1328,50,50,1,-1,-1,-1
363,4,432,538,50,50,1,-1,-1,-1
364,1,209,691,50,50,1,-1,-1,-1
364,2,626,1587,50,50,1,-1,-1,-1
364,3,446,1184,50,50,1,-1,-1,-1
364,4,427,487,50,50,1,-1,-1,-1
365,1,190,776,50,50,1,-1,-1,-1
365,2,613,1612,50,50,1,-1,-1,-1
365,3,458,1062,50,50,1,-1,-1,-1
365,4,420,446,50,50,1,-1,-1,-1
366,1,183,869,50,50,1,-1,-1,-1
366,2,604,1625,50,50,1,-1,-1,-1
366,3,470,957,50,50,1,-1,-1,-1
366,4,414,414,50,50,1,-1,-1,-1
367,1,167,978,50,50,1,-1,-1,-1
367,2,593,1632,50,50,1,-1,-1,-1
367,3,480,846,50,50,1,-1,-1,-1
367,4,407,392,50,50,1,-1,-1,-1
368,1,157,1087,50,50,1,-1,-1,-1
368,2,582,1633,50,50,1,-1,-1,-1
368,3,490,750,50,50,1,-1,-1,-1
368,4,407,377,50,50,1,-1,-1,-1
369,1,147,1204,50,50,1,-1,-1,-1
369,2,571,1629,50,50,1,-1,-1,-1
369,3,494,659,50,50,1,-1,-1,-1
369,4,401,371,50,50,1,-1,-1,-1
370,1,153,1298,50,50,1,-1,-1,-1
370,2,555,1612,50,50,1,-1,-1,-1
370,3,501,573,50,50,1,-1,-1,-1
370,4,396,379,50,50,1,-1,-1,-1
371,1,156,1352,50,50,1,-1,-1,-1
371,2,539,1567,50,50,1,-1,-1,-1
371,3,510,509,50,50,1,-1,-1,-1
371,4,389,385,50,50,1,-1,-1,-1
372,1,177,1397,50,50,1,-1,-1,-1
372,2,520,1483,50,50,1,-1,-1,-1
372,3,512,440,50,50,1,-1,-1,-1
372,4,382,403,50,50,1,-1,-1,-1
373,1,199,1429,50,50,1,-1,-1,-1
373,2,508,1368,50,50,1,-1,-1,-1
373,3,519,388,50,50,1,-1,-1,-1
373,4,373,424,50,50,1,-1,-1,-1
374,1,238,1464,50,50,1,-1,-1,-1
374,2,501,1235,50,50,1,-1,-1,-1
374,3,525,338,50,50,1,-1,-1,-1
374,4,365,458,50,50,1,-1,-1,-1
375,1,298,1497,50,50,1,-1,-1,-1
375,2,497,1132,50,50,1,-1,-1,-1
375,3,531,301,50,50,1,-1,-1,-1
375,4,360,504,50,50,1,-1,-1,-1
376,1,358,1517,50,50,1,-1,-1,-1
376,2,483,1023,50,50,1,-1,-1,-1
376,3,539,271,50,50,1,-1,-1,-1
376,4,354,557,50,50,1,-1,-1,-1
377,1,419,1523,50,50,1,-1,-1,-1
377,2,469,923,50,50,1,-1,-1,-1
377,3,547,249,50,50,1,-1,-1,-1
377,4,344,619,50,50,1,-1,-1,-1
378,1,483,1509,50,50,1,-1,-1,-1
378,2,468,821,50,50,1,-1,-1,-1
378,3,554,236,50,50,1,-1,-1,-1
378,4,337,687,50,50,1,-1,-1,-1
379,2,463,745,50,50,1,-1,-1,-1
379,3,562,232,50,50,1,-1,-1,-1
379,4,330,759,50,50,1,-1,-1,-1
380,1,542,1515,50,50,1,-1,-1,-1
380,2,454,680,50,50,1,-1,-1,-1
380,3,570,236,50,50,1,-1,-1,-1
380,4,323,837,50,50,1,-1,-1,-1
381,1,579,1556,50,50,1,-1,-1,-1
381,2,447,603,50,50,1,-1,-1,-1
381,3,578,248,50,50,1,-1,-1,-1
381,4,320,941,50,50,1,-1,-1,-1
382,1,600,1591,50,50,1,-1,-1,-1
382,2,450,555,50,50,1,-1,-1,-1
382,3,586,268,50,50,1,-1,-1,-1
382,4,312,1030,50,50,1,-1,-1,-1
383,1,603,1615,50,50,1,-1,-1,-1
383,2,434,500,50,50,1,-1,-1,-1
383,3,594,298,50,50,1,-1,-1,-1
383,4,272,1110,50,50,1,-1,-1,-1
384,1,614,1638,50,50,1,-1,-1,-1
384,2,429,458,50,50,1,-1,-1,-1
384,3,600,334,50,50,1,-1,-1,-1
384,4,291,1263,50,50,1,-1,-1,-1
385,1,610,1653,50,50,1,-1,-1,-1
385,2,422,427,50,50,1,-1,-1,-1
385,3,607,383,50,50,1,-1,-1,-1
385,4,276,1392,50,50,1,-1,-1,-1
386,1,596,1642,50,50,1,-1,-1,-1
386,2,413,404,50,50,1,-1,-1,-1
386,3,614,436,50,50,1,-1,-1,-1
386,4,287,1440,50,50,1,-1,-1,-1
387,1,571,1602,50,50,1,-1,-1,-1
387,2,407,389,50,50,1,-1,-1,-1
387,3,623,497,50,50,1,-1,-1,-1
387,4,298,1468,50,50,1,-1,-1,-1
388,1,546,1522,50,50,1,-1,-1,-1
388,2,400,382,50,50,1,-1,-1,-1
388,3,632,564,50,50,1,-1,-1,-1
388,4,310,1500,50,50,1,-1,-1,-1
389,1,537,1406,50,50,1,-1,-1,-1
389,2,392,384,50,50,1,-1,-1,-1
389,3,635,646,50,50,1,-1,-1,-1
389,4,318,1530,50,50,1,-1,-1,-1
390,1,522,1254,50,50,1,-1,-1,-1
390,2,384,394,50,50,1,-1,-1,-1
390,3,640,739,50,50,1,-1,-1,-1
390,4,322,1560,50,50,1,-1,-1,-1
391,1,516,1141,50,50,1,-1,-1,-1
391,2,375,410,50,50,1,-1,-1,-1
391,3,649,833,50,50,1,-1,-1,-1
391,4,336,1590,50,50,1,-1,-1,-1
392,1,504,1023,50,50,1,-1,-1,-1
392,2,365,432,50,50,1,-1,-1,-1
392,3,659,945,50,50,1,-1,-1,-1
392,4,350,1610,50,50,1,-1,-1,-1
393,1,497,907,50,50,1,-1,-1,-1
393,2,359,467,50,50,1,-1,-1,-1
393,3,662,1054,50,50,1,-1,-1,-1
393,4,368,1621,50,50,1,-1,-1,-1
394,1,487,797,50,50,1,-1,-1,-1
394,2,347,518,50,50,1,-1,-1,-1
394,3,671,1176,50,50,1,-1,-1,-1
394,4,383,1624,50,50,1,-1,-1,-1
395,1,485,713,50,50,1,-1,-1,-1
395,2,337,556,50,50,1,-1,-1,-1
395,3,670,1272,50,50,1,-1,-1,-1
395,4,399,1610,50,50,1,-1,-1,-1
396,1,477,620,50,50,1,-1,-1,-1
396,2,327,614,50,50,1,-1,-1,-1
396,3,661,1352,50,50,1,-1,-1,-1
396,4,416,1563,50,50,1,-1,-1,-1
397,1,469,548,50,50,1,-1,-1,-1
397,2,319,683,50,50,1,-1,-1,-1
397,3,654,1427,50,50,1,-1,-1,-1
397,4,432,1468,50,50,1,-1,-1,-1
398,1,464,475,50,50,1,-1,-1,-1
398,2,308,760,50,50,1,-1,-1,-1
398,3,642,1504,50,50,1,-1,-1,-1
398,4,439,1350,50,50,1,-1,-1,-1
399,1,455,412,50,50,1,-1,-1,-1
399,2,303,836,50,50,1,-1,-1,-1
399,3,634,1562,50,50,1,-1,-1,-1
399,4,456,1222,50,50,1,-1,-1,-1
400,1,454,361,50,50,1,-1,-1,-1
400,2,292,935,50,50,1,-1,-1,-1
400,3,625,1602,50,50,1,-1,-1,-1
400,4,477,1114,50,50,1,-1,-1,-1
401,1,444,317,50,50,1,-1,-1,-1
401,2,286,1023,50,50,1,-1,-1,-1
401,3,620,1626,50,50,1,-1,-1,-1
401,4,495,1002,50,50,1,-1,-1,-1
402,1,439,286,50,50,1,-1,-1,-1
402,2,276,1132,50,50,1,-1,-1,-1
402,3,616,1639,50,50,1,-1,-1,-1
402,4,502,896,50,50,1,-1,-1,-1
403,1,428,261,50,50,1,-1,-1,-1
403,2,268,1247,50,50,1,-1,-1,-1
403,3,609,1645,50,50,1,-1,-1,-1
403,4,518,801,50,50,1,-1,-1,-1
404,1,425,243,50,50,1,-1,-1,-1
404,2,263,1350,50,50,1,-1,-1,-1
404,3,598,1640,50,50,1,-1,-1,-1
404,4,532,724,50,50,1,-1,-1,-1
405,1,417,232,50,50,1,-1,-1,-1
405,2,277,1403,50,50,1,-1,-1,-1
405,3,581,1614,50,50,1,-1,-1,-1
405,4,543,646,50,50,1,-1,-1,-1
406,1,410,232,50,50,1,-1,-1,-1
406,2,291,1446,50,50,1,-1,-1,-1
406,3,556,1557,50,50,1,-1,-1,-1
406,4,557,578,50,50,1,-1,-1,-1
407,1,404,237,50,50,1,-1,-1,-1
407,2,314,1500,50,50,1,-1,-1,-1
407,3,537,1459,50,50,1,-1,-1,-1
407,4,568,524,50,50,1,-1,-1,-1
408,1,394,251,50,50,1,-1,-1,-1
408,2,344,1548,50,50,1,-1,-1,-1
408,3,527,1338,50,50,1,-1,-1,-1
408,4,578,470,50,50,1,-1,-1,-1
409,1,388,272,50,50,1,-1,-1,-1
409,2,369,1579,50,50,1,-1,-1,-1
409,3,520,1212,50,50,1,-1,-1,-1
409,4,590,426,50,50,1,-1,-1,-1
410,1,378,302,50,50,1,-1,-1,-1
410,2,402,1586,50,50,1,-1,-1,-1
410,3,509,1105,50,50,1,-1,-1,-1
410,4,598,393,50,50,1,-1,-1,-1
411,1,372,341,50,50,1,-1,-1,-1
411,2,449,1572,50,50,1,-1,-1,-1
411,3,509,1013,50,50,1,-1,-1,-1
411,4,610,366,50,50,1,-1,-1,-1
412,1,357,385,50,50,1,-1,-1,-1
412,2,499,1544,50,50,1,-1,-1,-1
412,3,505,917,50,50,1,-1,-1,-1
412,4,620,346,50,50,1,-1,-1,-1
413,1,354,442,50,50,1,-1,-1,-1
413,2,544,1522,50,50,1,-1,-1,-1
413,3,499,825,50,50,1,-1,-1,-1
413,4,630,336,50,50,1,-1,-1,-1
414,1,347,504,50,50,1,-1,-1,-1
414,2,581,1555,50,50,1,-1,-1,-1
414,3,498,748,50,50,1,-1,-1,-1
414,4,643,334,50,50,1,-1,-1,-1
415,1,333,581,50,50,1,-1,-1,-1
415,2,613,1595,50,50,1,-1,-1,-1
415,3,495,679,50,50,1,-1,-1,-1
415,4,653,342,50,50,1,-1,-1,-1
416,1,330,663,50,50,1,-1,-1,-1
416,2,631,1626,50,50,1,-1,-1,-1
416,3,490,616,50,50,1,-1,-1,-1
416,4,664,356,50,50,1,-1,-1,-1
417,1,321,747,50,50,1,-1,-1,-1
417,2,636,1642,50,50,1,-1,-1,-1
417,3,487,566,50,50,1,-1,-1,-1
417,4,680,381,50,50,1,-1,-1,-1
418,1,312,845,50,50,1,-1,-1,-1
418,2,634,1645,50,50,1,-1,-1,-1
418,3,486,523,50,50,1,-1,-1,-1
418,4,685,412,50,50,1,-1,-1,-1
419,1,303,949,50,50,1,-1,-1,-1
419,2,625,1637,50,50,1,-1,-1,-1
419,3,480,487,50,50,1,-1,-1,-1
419,4,699,452,50,50,1,-1,-1,-1
420,1,296,1050,50,50,1,-1,-1,-1
420,2,615,1614,50,50,1,-1,-1,-1
420,3,478,460,50,50,1,-1,-1,-1
420,4,716,501,50,50,1,-1,-1,-1
421,1,303,1131,50,50,1,-1,-1,-1
421,2,601,1556,50,50,1,-1,-1,-1
421,3,473,444,50,50,1,-1,-1,-1
421,4,725,559,50,50,1,-1,-1,-1
422,1,278,1299,50,50,1,-1,-1,-1
422,2,584,1453,50,50,1,-1,-1,-1
422,3,469,432,50,50,1,-1,-1,-1
422,4,731,622,50,50,1,-1,-1,-1
423,1,292,1348,50,50,1,-1,-1,-1
423,2,573,1330,50,50,1,-1,-1,-1
423,3,465,430,50,50,1,-1,-1,-1
423,4,746,699,50,50,1,-1,-1,-1
424,1,303,1397,50,50,1,-1,-1,-1
424,2,557,1201,50,50,1,-1,-1,-1
424,3,461,435,50,50,1,-1,-1,-1
424,4,761,784,50,50,1,-1,-1,-1
425,1,331,1457,50,50,1,-1,-1,-1
425,2,543,1095,50,50,1,-1,-1,-1
425,3,456,447,50,50,1,-1,-1,-1
425,4,775,879,50,50,1,-1,-1,-1
426,1,367,1517,50,50,1,-1,-1,-1
426,2,546,997,50,50,1,-1,-1,-1
426,3,452,467,50,50,1,-1,-1,-1
426,4,781,980,50,50,1,-1,-1,-1
427,1,401,1567,50,50,1,-1,-1,-1
427,2,543,892,50,50,1,-1,-1,-1
427,3,447,500,50,50,1,-1,-1,-1
427,4,794,1090,50,50,1,-1,-1,-1
428,1,431,1604,50,50,1,-1,-1,-1
428,2,532,801,50,50,1,-1,-1,-1
428,3,442,535,50,50,1,-1,-1,-1
428,4,806,1206,50,50,1,-1,-1,-1
429,1,459,1609,50,50,1,-1,-1,-1
429,2,533,726,50,50,1,-1,-1,-1
429,3,438,579,50,50,1,-1,-1,-1
429,4,801,1301,50,50,1,-1,-1,-1
430,1,480,1574,50,50,1,-1,-1,-1
430,2,525,649,50,50,1,-1,-1,-1
430,3,435,631,50,50,1,-1,-1,-1
430,4,793,1380,50,50,1,-1,-1,-1
431,1,463,1520,50,50,1,-1,-1,-1
431,2,517,584,50,50,1,-1,-1,-1
431,3,429,706,50,50,1,-1,-1,-1
431,4,795,1439,50,50,1,-1,-1,-1
432,1,502,1368,50,50,1,-1,-1,-1
432,2,514,536,50,50,1,-1,-1,-1
432,3,428,764,50,50,1,-1,-1,-1
432,4,775,1506,50,50,1,-1,-1,-1
433,1,513,1229,50,50,1,-1,-1,-1
433,2,500,482,50,50,1,-1,-1,-1
433,3,415,838,50,50,1,-1,-1,-1
433,4,753,1551,50,50,1,-1,-1,-1
434,1,531,1116,50,50,1,-1,-1,-1
434,2,494,447,50,50,1,-1,-1,-1
434,3,412,927,50,50,1,-1,-1,-1
434,4,737,1585,50,50,1,-1,-1,-1
435,1,540,1000,50,50,1,-1,-1,-1
435,2,487,416,50,50,1,-1,-1,-1
435,3,408,1018,50,50,1,-1,-1,-1
435,4,717,1610,50,50,1,-1,-1,-1
436,1,554,876,50,50,1,-1,-1,-1
436,2,477,395,50,50,1,-1,-1,-1
436,3,405,1126,50,50,1,-1,-1,-1
436,4,697,1622,50,50,1,-1,-1,-1
437,1,560,786,50,50,1,-1,-1,-1
437,2,468,380,50,50,1,-1,-1,-1
437,3,399,1235,50,50,1,-1,-1,-1
437,4,680,1625,50,50,1,-1,-1,-1
438,1,569,691,50,50,1,-1,-1,-1
438,2,459,377,50,50,1,-1,-1,-1
438,3,393,1348,50,50,1,-1,-1,-1
438,4,666,1621,50,50,1,-1,-1,-1
439,1,581,608,50,50,1,-1,-1,-1
439,2,447,381,50,50,1,-1,-1,-1
439,3,393,1431,50,50,1,-1,-1,-1
439,4,651,1604,50,50,1,-1,-1,-1
440,1,586,531,50,50,1,-1,-1,-1
440,2,436,389,50,50,1,-1,-1,-1
440,3,390,1469,50,50,1,-1,-1,-1
440,4,632,1562,50,50,1,-1,-1,-1
441,1,595,464,50,50,1,-1,-1,-1
441,2,428,407,50,50,1,-1,-1,-1
441,3,399,1499,50,50,1,-1,-1,-1
441,4,607,1478,50,50,1,-1,-1,-1
442,1,603,406,50,50,1,-1,-1,-1
442,2,424,435,50,50,1,-1,-1,-1
442,3,410,1531,50,50,1,-1,-1,-1
442,4,590,1359,50,50,1,-1,-1,-1
443,1,609,357,50,50,1,-1,-1,-1
443,2,417,471,50,50,1,-1,-1,-1
443,3,433,1558,50,50,1,-1,-1,-1
443,4,570,1219,50,50,1,-1,-1,-1
444,1,617,315,50,50,1,-1,-1,-1
444,2,406,521,50,50,1,-1,-1,-1
444,3,463,1561,50,50,1,-1,-1,-1
444,4,562,1104,50,50,1,-1,-1,-1
445,1,625,283,50,50,1,-1,-1,-1
445,2,403,569,50,50,1,-1,-1,-1
445,3,477,1559,50,50,1,-1,-1,-1
445,4,547,1007,50,50,1,-1,-1,-1
446,1,633,257,50,50,1,-1,-1,-1
446,2,393,631,50,50,1,-1,-1,-1
446,3,571,1485,50,50,1,-1,-1,-1
446,4,532,895,50,50,1,-1,-1,-1
447,1,639,241,50,50,1,-1,-1,-1
447,2,383,700,50,50,1,-1,-1,-1
447,3,609,1451,50,50,1,-1,-1,-1
447,4,518,796,50,50,1,-1,-1,-1
448,1,645,233,50,50,1,-1,-1,-1
448,2,375,775,50,50,1,-1,-1,-1
448,3,634,1467,50,50,1,-1,-1,-1
448,4,507,719,50,50,1,-1,-1,-1
449,1,654,230,50,50,1,-1,-1,-1
449,2,362,864,50,50,1,-1,-1,-1
449,3,649,1498,50,50,1,-1,-1,-1
449,4,495,630,50,50,1,-1,-1,-1
450,1,661,238,50,50,1,-1,-1,-1
450,2,356,961,50,50,1,-1,-1,-1
450,3,666,1523,50,50,1,-1,-1,-1
450,4,481,563,50,50,1,-1,-1,-1
451,1,670,253,50,50,1,-1,-1,-1
451,2,343,1051,50,50,1,-1,-1,-1
451,3,676,1548,50,50,1,-1,-1,-1
451,4,469,500,50,50,1,-1,-1,-1
452,1,677,276,50,50,1,-1,-1,-1
452,2,332,1170,50,50,1,-1,-1,-1
452,3,685,1567,50,50,1,-1,-1,-1
452,4,455,446,50,50,1,-1,-1,-1
453,1,687,312,50,50,1,-1,-1,-1
453,2,319,1299,50,50,1,-1,-1,-1
453,3,687,1574,50,50,1,-1,-1,-1
453,4,441,399,50,50,1,-1,-1,-1
454,1,692,349,50,50,1,-1,-1,-1
454,2,307,1405,50,50,1,-1,-1,-1
454,3,692,1573,50,50,1,-1,-1,-1
454,4,430,363,50,50,1,-1,-1,-1
455,1,695,394,50,50,1,-1,-1,-1
455,2,314,1433,50,50,1,-1,-1,-1
455,3,701,1566,50,50,1,-1,-1,-1
455,4,422,336,50,50,1,-1,-1,-1
456,1,703,448,50,50,1,-1,-1,-1
456,2,319,1454,50,50,1,-1,-1,-1
456,3,717,1556,50,50,1,-1,-1,-1
456,4,403,313,50,50,1,-1,-1,-1
457,1,715,511,50,50,1,-1,-1,-1
457,2,330,1462,50,50,1,-1,-1,-1
457,3,739,1540,50,50,1,-1,-1,-1
457,4,390,300,50,50,1,-1,-1,-1
458,1,719,578,50,50,1,-1,-1,-1
458,2,337,1460,50,50,1,-1,-1,-1
458,3,764,1518,50,50,1,-1,-1,-1
458,4,377,295,50,50,1,-1,-1,-1
459,1,726,656,50,50,1,-1,-1,-1
459,2,342,1457,50,50,1,-1,-1,-1
459,3,786,1504,50,50,1,-1,-1,-1
459,4,364,299,50,50,1,-1,-1,-1
460,1,739,749,50,50,1,-1,-1,-1
460,2,338,1452,50,50,1,-1,-1,-1
460,3,801,1492,50,50,1,-1,-1,-1
460,4,351,312,50,50,1,-1,-1,-1
461,1,744,838,50,50,1,-1,-1,-1
461,2,330,1445,50,50,1,-1,-1,-1
461,3,815,1482,50,50,1,-1,-1,-1
461,4,333,334,50,50,1,-1,-1,-1
462,1,751,944,50,50,1,-1,-1,-1
462,2,319,1435,50,50,1,-1,-1,-1
462,3,828,1476,50,50,1,-1,-1,-1
462,4,317,364,50,50,1,-1,-1,-1
463,1,760,1051,50,50,1,-1,-1,-1
463,2,304,1421,50,50,1,-1,-1,-1
463,3,837,1476,50,50,1,-1,-1,-1
463,4,311,395,50,50,1,-1,-1,-1
464,1,765,1169,50,50,1,-1,-1,-1
464,2,289,1404,50,50,1,-1,-1,-1
464,3,846,1478,50,50,1,-1,-1,-1
464,4,296,445,50,50,1,-1,-1,-1
465,1,776,1293,50,50,1,-1,-1,-1
465,2,272,1383,50,50,1,-1,-1,-1
465,3,850,1482,50,50,1,-1,-1,-1
465,4,268,503,50,50,1,-1,-1,-1
466,1,784,1419,50,50,1,-1,-1,-1
466,2,263,1364,50,50,1,-1,-1,-1
466,3,853,1486,50,50,1,-1,-1,-1
466,4,262,566,50,50,1,-1,-1,-1
467,1,775,1488,50,50,1,-1,-1,-1
467,2,253,1343,50,50,1,-1,-1,-1
467,3,851,1491,50,50,1,-1,-1,-1
467,4,250,642,50,50,1,-1,-1,-1
468,1,767,1503,50,50,1,-1,-1,-1
468,2,244,1320,50,50,1,-1,-1,-1
468,3,842,1514,50,50,1,-1,-1,-1
468,4,228,718,50,50,1,-1,-1,-1
469,1,756,1511,50,50,1,-1,-1,-1
469,2,244,1305,50,50,1,-1,-1,-1
469,3,828,1526,50,50,1,-1,-1,-1
469,4,215,800,50,50,1,-1,-1,-1
470,1,737,1511,50,50,1,-1,-1,-1
470,2,206,1281,50,50,1,-1,-1,-1
470,3,804,1529,50,50,1,-1,-1,-1
470,4,200,896,50,50,1,-1,-1,-1
471,2,190,1270,50,50,1,-1,-1,-1
471,3,744,1526,50,50,1,-1,-1,-1
471,4,183,1012,50,50,1,-1,-1,-1
472,1,701,1529,50,50,1,-1,-1,-1
472,2,175,1261,50,50,1,-1,-1,-1
472,3,742,1533,50,50,1,-1,-1,-1
472,4,163,1128,50,50,1,-1,-1,-1
473,1,673,1530,50,50,1,-1,-1,-1
473,4,151,1233,50,50,1,-1,-1,-1
474,1,652,1529,50,50,1,-1,-1,-1
474,2,147,1247,50,50,1,-1,-1,-1
474,4,205,1289,50,50,1,-1,-1,-1
475,1,642,1529,50,50,1,-1,-1,-1
475,2,154,1253,50,50,1,-1,-1,-1
476,1,639,1529,50,50,1,-1,-1,-1
476,2,175,1269,50,50,1,-1,-1,-1
477,1,641,1529,50,50,1,-1,-1,-1
477,2,192,1285,50,50,1,-1,-1,-1
477,4,231,1294,50,50,1,-1,-1,-1
478,1,643,1531,50,50,1,-1,-1,-1
478,2,213,1313,50,50,1,-1,-1,-1
479,1,644,1538,50,50,1,-1,-1,-1
479,2,228,1349,50,50,1,-1,-1,-1
480,1,645,1547,50,50,1,-1,-1,-1
480,2,248,1389,50,50,1,-1,-1,-1
481,1,647,1559,50,50,1,-1,-1,-1
481,2,270,1434,50,50,1,-1,-1,-1
482,1,650,1571,50,50,1,-1,-1,-1
482,2,291,1478,50,50,1,-1,-1,-1
482,4,308,1437,50,50,1,-1,-1,-1
483,1,655,1583,50,50,1,-1,-1,-1
483,2,305,1525,50,50,1,-1,-1,-1
483,4,333,1436,50,50,1,-1,-1,-1
484,1,659,1595,50,50,1,-1,-1,-1
484,2,322,1563,50,50,1,-1,-1,-1
485,1,664,1606,50,50,1,-1,-1,-1
485,2,331,1598,50,50,1,-1,-1,-1
486,1,668,1616,50,50,1,-1,-1,-1
486,2,335,1624,50,50,1,-1,-1,-1
486,4,376,1591,50,50,1,-1,-1,-1
487,1,673,1625,50,50,1,-1,-1,-1
487,2,333,1645,50,50,1,-1,-1,-1
488,1,677,1633,50,50,1,-1,-1,-1
488,2,331,1659,50,50,1,-1,-1,-1
488,3,700,1666,50,50,1,-1,-1,-1
489,1,681,1640,50,50,1,-1,-1,-1
489,2,329,1669,50,50,1,-1,-1,-1
490,1,683,1648,50,50,1,-1,-1,-1
490,2,329,1676,50,50,1,-1,-1,-1
491,1,685,1656,50,50,1,-1,-1,-1
491,2,328,1683,50,50,1,-1,-1,-1
492,1,685,1665,50,50,1,-1,-1,-1
492,2,316,1718,50,50,1,-1,-1,-1
492,3,341,1661,50,50,1,-1,-1,-1
493,1,685,1673,50,50,1,-1,-1,-1
493,2,310,1723,50,50,1,-1,-1,-1
493,3,347,1661,50,50,1,-1,-1,-1
494,1,682,1678,50,50,1,-1,-1,-1
494,2,320,1718,50,50,1,-1,-1,-1
494,3,358,1656,50,50,1,-1,-1,-1
495,1,676,1685,50,50,1,-1,-1,-1
495,2,331,1715,50,50,1,-1,-1,-1
496,1,671,1687,50,50,1,-1,-1,-1
496,2,339,1710,50,50,1,-1,-1,-1
497,1,666,1689,50,50,1,-1,-1,-1
497,2,346,1707,50,50,1,-1,-1,-1
498,1,661,1689,50,50,1,-1,-1,-1
498,2,354,1698,50,50,1,-1,-1,-1
498,3,682,1722,50,50,1,-1,-1,-1
499,1,655,1687,50,50,1,-1,-1,-1
499,2,354,1694,50,50,1,-1,-1,-1
500,1,649,1685,50,50,1,-1,-1,-1
500,2,355,1692,50,50,1,-1,-1,-1
501,1,643,1696,50,50,1,-1,-1,-1
501,2,355,1689,50,50,1,-1,-1,-1
501,3,635,1649,50,50,1,-1,-1,-1
502,1,635,1693,50,50,1,-1,-1,-1
502,2,352,1689,50,50,1,-1,-1,-1
502,3,630,1643,50,50,1,-1,-1,-1
503,1,625,1691,50,50,1,-1,-1,-1
503,2,346,1691,50,50,1,-1,-1,-1
504,1,616,1690,50,50,1,-1,-1,-1
504,2,335,1695,50,50,1,-1,-1,-1
505,1,608,1690,50,50,1,-1,-1,-1
505,2,324,1701,50,50,1,-1,-1,-1
506,1,602,1690,50,50,1,-1,-1,-1
506,2,313,1707,50,50,1,-1,-1,-1
506,4,354,1653,50,50,1,-1,-1,-1
507,1,596,1691,50,50,1,-1,-1,-1
507,2,307,1708,50,50,1,-1,-1,-1
507,4,350,1659,50,50,1,-1,-1,-1
508,1,592,1692,50,50,1,-1,-1,-1
508,2,306,1712,50,50,1,-1,-1,-1
508,4,348,1662,50,50,1,-1,-1,-1
509,1,591,1693,50,50,1,-1,-1,-1
509,2,309,1714,50,50,1,-1,-1,-1
509,4,348,1662,50,50,1,-1,-1,-1
510,1,591,1694,50,50,1,-1,-1,-1
510,2,315,1716,50,50,1,-1,-1,-1
510,4,352,1661,50,50,1,-1,-1,-1
511,1,591,1694,50,50,1,-1,-1,-1
511,2,318,1716,50,50,1,-1,-1,-1
511,4,355,1660,50,50,1,-1,-1,-1
512,1,595,1694,50,50,1,-1,-1,-1
512,2,322,1716,50,50,1,-1,-1,-1
512,4,354,1663,50,50,1,-1,-1,-1
513,1,600,1694,50,50,1,-1,-1,-1
513,2,324,1719,50,50,1,-1,-1,-1
514,1,607,1693,50,50,1,-1,-1,-1
514,2,325,1721,50,50,1,-1,-1,-1
515,1,616,1693,50,50,1,-1,-1,-1
515,2,324,1724,50,50,1,-1,-1,-1
516,1,627,1692,50,50,1,-1,-1,-1
516,2,323,1727,50,50,1,-1,-1,-1
517,1,641,1691,50,50,1,-1,-1,-1
517,2,323,1728,50,50,1,-1,-1,-1
517,4,370,1672,50,50,1,-1,-1,-1
518,1,655,1689,50,50,1,-1,-1,-1
518,2,326,1729,50,50,1,-1,-1,-1
518,4,367,1666,50,50,1,-1,-1,-1
519,1,655,1689,50,50,1,-1,-1,-1
519,2,326,1729,50,50,1,-1,-1,-1
519,4,367,1666,50,50,1,-1,-1,-1
