2,1,432,1191,50,50,1,-1,-1,-1
2,2,560,979,50,50,1,-1,-1,-1
3,1,545,1005,50,50,1,-1,-1,-1
3,2,565,970,50,50,1,-1,-1,-1
3,3,434,1212,50,50,1,-1,-1,-1
4,2,569,971,50,50,1,-1,-1,-1
4,3,438,1220,50,50,1,-1,-1,-1
5,2,571,987,50,50,1,-1,-1,-1
5,3,449,1209,50,50,1,-1,-1,-1
6,2,578,1008,50,50,1,-1,-1,-1
6,3,465,1171,50,50,1,-1,-1,-1
7,2,576,1043,50,50,1,-1,-1,-1
7,3,478,1116,50,50,1,-1,-1,-1
8,2,572,1083,50,50,1,-1,-1,-1
8,3,488,1043,50,50,1,-1,-1,-1
9,2,566,1124,50,50,1,-1,-1,-1
9,3,495,975,50,50,1,-1,-1,-1
10,2,557,1159,50,50,1,-1,-1,-1
10,3,504,911,50,50,1,-1,-1,-1
11,2,543,1181,50,50,1,-1,-1,-1
11,3,510,848,50,50,1,-1,-1,-1
11,4,486,966,50,50,1,-1,-1,-1
12,2,533,1189,50,50,1,-1,-1,-1
12,3,516,791,50,50,1,-1,-1,-1
12,4,468,963,50,50,1,-1,-1,-1
13,2,526,1181,50,50,1,-1,-1,-1
13,3,522,741,50,50,1,-1,-1,-1
13,4,479,989,50,50,1,-1,-1,-1
14,2,522,1154,50,50,1,-1,-1,-1
14,3,529,696,50,50,1,-1,-1,-1
15,2,522,1106,50,50,1,-1,-1,-1
15,3,535,656,50,50,1,-1,-1,-1
15,4,460,1063,50,50,1,-1,-1,-1
16,2,524,1046,50,50,1,-1,-1,-1
16,3,542,622,50,50,1,-1,-1,-1
16,4,454,1123,50,50,1,-1,-1,-1
17,2,520,982,50,50,1,-1,-1,-1
17,3,548,593,50,50,1,-1,-1,-1
17,4,452,1178,50,50,1,-1,-1,-1
18,1,506,969,50,50,1,-1,-1,-1
18,2,516,927,50,50,1,-1,-1,-1
18,3,555,570,50,50,1,-1,-1,-1
18,4,457,1208,50,50,1,-1,-1,-1
19,1,500,966,50,50,1,-1,-1,-1
19,2,508,870,50,50,1,-1,-1,-1
19,3,561,552,50,50,1,-1,-1,-1
19,4,466,1211,50,50,1,-1,-1,-1
20,1,498,956,50,50,1,-1,-1,-1
20,2,502,818,50,50,1,-1,-1,-1
20,3,568,540,50,50,1,-1,-1,-1
20,4,479,1184,50,50,1,-1,-1,-1
21,1,495,958,50,50,1,-1,-1,-1
21,2,493,773,50,50,1,-1,-1,-1
21,3,574,533,50,50,1,-1,-1,-1
21,4,488,1125,50,50,1,-1,-1,-1
22,1,489,963,50,50,1,-1,-1,-1
22,2,486,733,50,50,1,-1,-1,-1
22,3,581,531,50,50,1,-1,-1,-1
22,4,489,1042,50,50,1,-1,-1,-1
23,1,445,1002,50,50,1,-1,-1,-1
23,2,479,698,50,50,1,-1,-1,-1
23,3,587,534,50,50,1,-1,-1,-1
23,4,487,965,50,50,1,-1,-1,-1
24,1,489,990,50,50,1,-1,-1,-1
24,2,471,669,50,50,1,-1,-1,-1
24,3,593,543,50,50,1,-1,-1,-1
24,4,485,885,50,50,1,-1,-1,-1
25,1,488,1000,50,50,1,-1,-1,-1
25,2,464,645,50,50,1,-1,-1,-1
25,3,600,557,50,50,1,-1,-1,-1
25,4,483,809,50,50,1,-1,-1,-1
26,1,488,1025,50,50,1,-1,-1,-1
26,2,456,626,50,50,1,-1,-1,-1
26,3,607,576,50,50,1,-1,-1,-1
26,4,481,740,50,50,1,-1,-1,-1
27,2,450,613,50,50,1,-1,-1,-1
27,3,613,601,50,50,1,-1,-1,-1
27,4,479,676,50,50,1,-1,-1,-1
28,3,619,630,50,50,1,-1,-1,-1
28,4,461,611,50,50,1,-1,-1,-1
29,1,473,1118,50,50,1,-1,-1,-1
29,2,434,603,50,50,1,-1,-1,-1
29,3,625,665,50,50,1,-1,-1,-1
29,4,473,562,50,50,1,-1,-1,-1
30,1,456,1165,50,50,1,-1,-1,-1
30,2,427,607,50,50,1,-1,-1,-1
30,3,631,704,50,50,1,-1,-1,-1
30,4,471,513,50,50,1,-1,-1,-1
31,1,443,1200,50,50,1,-1,-1,-1
31,2,420,616,50,50,1,-1,-1,-1
31,3,637,749,50,50,1,-1,-1,-1
31,4,468,469,50,50,1,-1,-1,-1
32,1,440,1213,50,50,1,-1,-1,-1
32,2,413,630,50,50,1,-1,-1,-1
32,3,643,798,50,50,1,-1,-1,-1
32,4,466,432,50,50,1,-1,-1,-1
33,1,443,1206,50,50,1,-1,-1,-1
33,2,406,650,50,50,1,-1,-1,-1
33,3,649,852,50,50,1,-1,-1,-1
33,4,463,399,50,50,1,-1,-1,-1
34,1,449,1172,50,50,1,-1,-1,-1
34,2,398,676,50,50,1,-1,-1,-1
34,3,652,902,50,50,1,-1,-1,-1
34,4,461,372,50,50,1,-1,-1,-1
35,1,458,1110,50,50,1,-1,-1,-1
35,2,391,707,50,50,1,-1,-1,-1
35,3,646,918,50,50,1,-1,-1,-1
35,4,459,351,50,50,1,-1,-1,-1
36,1,466,1031,50,50,1,-1,-1,-1
36,2,383,743,50,50,1,-1,-1,-1
36,3,636,939,50,50,1,-1,-1,-1
36,4,457,335,50,50,1,-1,-1,-1
37,1,472,958,50,50,1,-1,-1,-1
37,2,376,785,50,50,1,-1,-1,-1
37,3,629,965,50,50,1,-1,-1,-1
37,4,454,324,50,50,1,-1,-1,-1
38,1,479,885,50,50,1,-1,-1,-1
38,2,369,833,50,50,1,-1,-1,-1
38,3,617,1002,50,50,1,-1,-1,-1
38,4,452,320,50,50,1,-1,-1,-1
39,1,486,820,50,50,1,-1,-1,-1
39,2,362,886,50,50,1,-1,-1,-1
39,3,600,1053,50,50,1,-1,-1,-1
39,4,449,320,50,50,1,-1,-1,-1
40,1,494,757,50,50,1,-1,-1,-1
40,2,355,944,50,50,1,-1,-1,-1
40,3,577,1113,50,50,1,-1,-1,-1
40,4,447,327,50,50,1,-1,-1,-1
41,1,501,701,50,50,1,-1,-1,-1
41,2,343,990,50,50,1,-1,-1,-1
41,3,553,1158,50,50,1,-1,-1,-1
41,4,444,339,50,50,1,-1,-1,-1
42,1,507,650,50,50,1,-1,-1,-1
42,2,339,996,50,50,1,-1,-1,-1
42,3,540,1176,50,50,1,-1,-1,-1
42,4,442,356,50,50,1,-1,-1,-1
43,1,514,605,50,50,1,-1,-1,-1
43,2,356,988,50,50,1,-1,-1,-1
43,3,538,1161,50,50,1,-1,-1,-1
43,4,440,380,50,50,1,-1,-1,-1
44,1,522,566,50,50,1,-1,-1,-1
44,2,389,978,50,50,1,-1,-1,-1
44,3,541,1112,50,50,1,-1,-1,-1
44,4,437,409,50,50,1,-1,-1,-1
45,1,528,531,50,50,1,-1,-1,-1
45,2,430,966,50,50,1,-1,-1,-1
45,3,545,1033,50,50,1,-1,-1,-1
45,4,435,443,50,50,1,-1,-1,-1
46,1,535,503,50,50,1,-1,-1,-1
46,2,463,958,50,50,1,-1,-1,-1
46,3,549,957,50,50,1,-1,-1,-1
46,4,432,484,50,50,1,-1,-1,-1
47,1,541,480,50,50,1,-1,-1,-1
47,2,498,954,50,50,1,-1,-1,-1
47,3,550,885,50,50,1,-1,-1,-1
47,4,429,530,50,50,1,-1,-1,-1
48,1,548,462,50,50,1,-1,-1,-1
48,2,530,953,50,50,1,-1,-1,-1
48,3,552,816,50,50,1,-1,-1,-1
48,4,427,582,50,50,1,-1,-1,-1
49,1,555,450,50,50,1,-1,-1,-1
49,2,549,959,50,50,1,-1,-1,-1
49,3,554,751,50,50,1,-1,-1,-1
49,4,425,639,50,50,1,-1,-1,-1
50,1,562,443,50,50,1,-1,-1,-1
50,2,556,979,50,50,1,-1,-1,-1
50,3,556,694,50,50,1,-1,-1,-1
50,4,423,702,50,50,1,-1,-1,-1
51,1,568,442,50,50,1,-1,-1,-1
51,2,564,1006,50,50,1,-1,-1,-1
51,3,557,641,50,50,1,-1,-1,-1
51,4,420,771,50,50,1,-1,-1,-1
52,1,576,445,50,50,1,-1,-1,-1
52,2,572,1042,50,50,1,-1,-1,-1
52,3,559,593,50,50,1,-1,-1,-1
52,4,418,844,50,50,1,-1,-1,-1
53,1,581,454,50,50,1,-1,-1,-1
53,2,577,1089,50,50,1,-1,-1,-1
53,3,561,550,50,50,1,-1,-1,-1
53,4,415,916,50,50,1,-1,-1,-1
54,1,588,468,50,50,1,-1,-1,-1
54,2,578,1135,50,50,1,-1,-1,-1
54,3,562,513,50,50,1,-1,-1,-1
54,4,410,955,50,50,1,-1,-1,-1
55,2,577,1158,50,50,1,-1,-1,-1
55,3,578,484,50,50,1,-1,-1,-1
55,4,420,962,50,50,1,-1,-1,-1
56,1,601,511,50,50,1,-1,-1,-1
56,2,580,1147,50,50,1,-1,-1,-1
56,3,565,455,50,50,1,-1,-1,-1
56,4,440,994,50,50,1,-1,-1,-1
57,1,607,540,50,50,1,-1,-1,-1
57,2,583,1102,50,50,1,-1,-1,-1
57,3,567,435,50,50,1,-1,-1,-1
57,4,439,1018,50,50,1,-1,-1,-1
58,1,614,574,50,50,1,-1,-1,-1
58,2,578,1035,50,50,1,-1,-1,-1
58,3,568,420,50,50,1,-1,-1,-1
58,4,449,1056,50,50,1,-1,-1,-1
59,1,619,612,50,50,1,-1,-1,-1
59,2,565,965,50,50,1,-1,-1,-1
59,3,569,410,50,50,1,-1,-1,-1
59,4,452,1097,50,50,1,-1,-1,-1
60,1,625,655,50,50,1,-1,-1,-1
60,2,551,901,50,50,1,-1,-1,-1
60,3,571,406,50,50,1,-1,-1,-1
60,4,458,1144,50,50,1,-1,-1,-1
61,1,631,704,50,50,1,-1,-1,-1
61,2,538,839,50,50,1,-1,-1,-1
61,3,572,407,50,50,1,-1,-1,-1
61,4,463,1186,50,50,1,-1,-1,-1
62,1,637,756,50,50,1,-1,-1,-1
62,2,523,784,50,50,1,-1,-1,-1
62,3,574,413,50,50,1,-1,-1,-1
62,4,468,1209,50,50,1,-1,-1,-1
63,1,643,813,50,50,1,-1,-1,-1
63,2,508,733,50,50,1,-1,-1,-1
63,3,575,425,50,50,1,-1,-1,-1
63,4,476,1216,50,50,1,-1,-1,-1
64,1,648,873,50,50,1,-1,-1,-1
64,2,493,688,50,50,1,-1,-1,-1
64,3,577,442,50,50,1,-1,-1,-1
64,4,485,1206,50,50,1,-1,-1,-1
65,1,653,900,50,50,1,-1,-1,-1
65,2,478,648,50,50,1,-1,-1,-1
65,3,578,464,50,50,1,-1,-1,-1
65,4,494,1175,50,50,1,-1,-1,-1
66,1,631,910,50,50,1,-1,-1,-1
66,2,464,614,50,50,1,-1,-1,-1
66,3,579,492,50,50,1,-1,-1,-1
66,4,499,1113,50,50,1,-1,-1,-1
67,1,603,914,50,50,1,-1,-1,-1
67,2,449,584,50,50,1,-1,-1,-1
67,3,581,525,50,50,1,-1,-1,-1
67,4,496,1036,50,50,1,-1,-1,-1
68,1,559,937,50,50,1,-1,-1,-1
68,2,434,561,50,50,1,-1,-1,-1
68,3,582,563,50,50,1,-1,-1,-1
68,4,492,960,50,50,1,-1,-1,-1
69,1,529,959,50,50,1,-1,-1,-1
69,2,420,542,50,50,1,-1,-1,-1
69,3,583,607,50,50,1,-1,-1,-1
69,4,486,887,50,50,1,-1,-1,-1
70,1,492,982,50,50,1,-1,-1,-1
70,2,404,529,50,50,1,-1,-1,-1
70,3,584,656,50,50,1,-1,-1,-1
70,4,482,819,50,50,1,-1,-1,-1
71,1,482,1007,50,50,1,-1,-1,-1
71,2,390,522,50,50,1,-1,-1,-1
71,3,586,710,50,50,1,-1,-1,-1
71,4,477,754,50,50,1,-1,-1,-1
72,1,480,1042,50,50,1,-1,-1,-1
72,2,375,520,50,50,1,-1,-1,-1
72,3,587,769,50,50,1,-1,-1,-1
72,4,472,695,50,50,1,-1,-1,-1
73,1,472,1079,50,50,1,-1,-1,-1
73,2,360,524,50,50,1,-1,-1,-1
73,3,588,832,50,50,1,-1,-1,-1
73,4,467,642,50,50,1,-1,-1,-1
74,1,450,1125,50,50,1,-1,-1,-1
74,2,345,533,50,50,1,-1,-1,-1
74,3,589,901,50,50,1,-1,-1,-1
74,4,461,593,50,50,1,-1,-1,-1
75,1,427,1177,50,50,1,-1,-1,-1
75,2,331,548,50,50,1,-1,-1,-1
75,3,589,964,50,50,1,-1,-1,-1
75,4,457,549,50,50,1,-1,-1,-1
76,1,418,1190,50,50,1,-1,-1,-1
76,2,316,568,50,50,1,-1,-1,-1
76,3,581,997,50,50,1,-1,-1,-1
76,4,452,512,50,50,1,-1,-1,-1
77,1,419,1168,50,50,1,-1,-1,-1
77,2,302,593,50,50,1,-1,-1,-1
77,3,571,1004,50,50,1,-1,-1,-1
77,4,447,480,50,50,1,-1,-1,-1
78,1,423,1117,50,50,1,-1,-1,-1
78,2,287,625,50,50,1,-1,-1,-1
78,3,561,1028,50,50,1,-1,-1,-1
78,4,441,453,50,50,1,-1,-1,-1
79,1,429,1038,50,50,1,-1,-1,-1
79,2,273,661,50,50,1,-1,-1,-1
79,3,551,1059,50,50,1,-1,-1,-1
79,4,437,431,50,50,1,-1,-1,-1
80,1,435,968,50,50,1,-1,-1,-1
80,2,258,702,50,50,1,-1,-1,-1
80,3,539,1097,50,50,1,-1,-1,-1
80,4,431,415,50,50,1,-1,-1,-1
81,1,440,899,50,50,1,-1,-1,-1
81,2,244,750,50,50,1,-1,-1,-1
81,3,526,1141,50,50,1,-1,-1,-1
81,4,426,405,50,50,1,-1,-1,-1
82,1,450,833,50,50,1,-1,-1,-1
82,2,229,804,50,50,1,-1,-1,-1
82,3,515,1174,50,50,1,-1,-1,-1
82,4,422,400,50,50,1,-1,-1,-1
83,1,459,772,50,50,1,-1,-1,-1
83,2,216,861,50,50,1,-1,-1,-1
83,3,506,1195,50,50,1,-1,-1,-1
83,4,417,400,50,50,1,-1,-1,-1
84,1,466,718,50,50,1,-1,-1,-1
84,2,201,923,50,50,1,-1,-1,-1
84,3,499,1203,50,50,1,-1,-1,-1
84,4,412,406,50,50,1,-1,-1,-1
85,1,474,668,50,50,1,-1,-1,-1
85,2,193,960,50,50,1,-1,-1,-1
85,3,495,1195,50,50,1,-1,-1,-1
85,4,407,417,50,50,1,-1,-1,-1
86,1,482,624,50,50,1,-1,-1,-1
86,2,194,959,50,50,1,-1,-1,-1
86,3,494,1170,50,50,1,-1,-1,-1
86,4,402,434,50,50,1,-1,-1,-1
87,1,490,585,50,50,1,-1,-1,-1
87,2,236,943,50,50,1,-1,-1,-1
87,3,496,1121,50,50,1,-1,-1,-1
87,4,397,456,50,50,1,-1,-1,-1
88,1,498,551,50,50,1,-1,-1,-1
88,2,303,936,50,50,1,-1,-1,-1
88,3,499,1043,50,50,1,-1,-1,-1
88,4,392,484,50,50,1,-1,-1,-1
89,1,505,524,50,50,1,-1,-1,-1
89,2,359,946,50,50,1,-1,-1,-1
89,3,499,964,50,50,1,-1,-1,-1
89,4,387,517,50,50,1,-1,-1,-1
90,1,513,501,50,50,1,-1,-1,-1
90,2,415,955,50,50,1,-1,-1,-1
90,3,501,888,50,50,1,-1,-1,-1
90,4,382,556,50,50,1,-1,-1,-1
91,1,521,484,50,50,1,-1,-1,-1
91,2,471,967,50,50,1,-1,-1,-1
91,3,499,814,50,50,1,-1,-1,-1
91,4,377,600,50,50,1,-1,-1,-1
92,1,529,473,50,50,1,-1,-1,-1
92,2,501,978,50,50,1,-1,-1,-1
92,3,497,748,50,50,1,-1,-1,-1
92,4,373,649,50,50,1,-1,-1,-1
93,1,536,466,50,50,1,-1,-1,-1
93,2,504,993,50,50,1,-1,-1,-1
93,3,496,685,50,50,1,-1,-1,-1
93,4,368,704,50,50,1,-1,-1,-1
94,1,544,465,50,50,1,-1,-1,-1
94,2,511,1017,50,50,1,-1,-1,-1
94,3,495,627,50,50,1,-1,-1,-1
94,4,363,764,50,50,1,-1,-1,-1
95,1,551,469,50,50,1,-1,-1,-1
95,2,518,1051,50,50,1,-1,-1,-1
95,3,493,575,50,50,1,-1,-1,-1
95,4,358,829,50,50,1,-1,-1,-1
96,1,559,479,50,50,1,-1,-1,-1
96,2,523,1092,50,50,1,-1,-1,-1
96,3,493,527,50,50,1,-1,-1,-1
96,4,354,899,50,50,1,-1,-1,-1
97,1,567,493,50,50,1,-1,-1,-1
97,2,526,1135,50,50,1,-1,-1,-1
97,3,492,486,50,50,1,-1,-1,-1
97,4,348,967,50,50,1,-1,-1,-1
98,1,574,512,50,50,1,-1,-1,-1
98,2,529,1166,50,50,1,-1,-1,-1
98,3,491,450,50,50,1,-1,-1,-1
98,4,351,993,50,50,1,-1,-1,-1
99,1,582,538,50,50,1,-1,-1,-1
99,2,532,1170,50,50,1,-1,-1,-1
99,3,490,419,50,50,1,-1,-1,-1
99,4,360,1005,50,50,1,-1,-1,-1
100,1,589,568,50,50,1,-1,-1,-1
100,2,533,1146,50,50,1,-1,-1,-1
100,3,489,394,50,50,1,-1,-1,-1
100,4,368,1021,50,50,1,-1,-1,-1
101,1,596,603,50,50,1,-1,-1,-1
101,2,529,1096,50,50,1,-1,-1,-1
101,3,488,374,50,50,1,-1,-1,-1
101,4,378,1038,50,50,1,-1,-1,-1
102,1,604,643,50,50,1,-1,-1,-1
102,2,522,1023,50,50,1,-1,-1,-1
102,3,487,360,50,50,1,-1,-1,-1
102,4,390,1060,50,50,1,-1,-1,-1
103,1,611,688,50,50,1,-1,-1,-1
103,2,510,956,50,50,1,-1,-1,-1
103,3,486,351,50,50,1,-1,-1,-1
103,4,398,1096,50,50,1,-1,-1,-1
104,1,618,737,50,50,1,-1,-1,-1
104,2,499,890,50,50,1,-1,-1,-1
104,3,485,348,50,50,1,-1,-1,-1
104,4,404,1138,50,50,1,-1,-1,-1
105,1,624,792,50,50,1,-1,-1,-1
105,2,485,830,50,50,1,-1,-1,-1
105,3,485,350,50,50,1,-1,-1,-1
105,4,411,1176,50,50,1,-1,-1,-1
106,1,632,851,50,50,1,-1,-1,-1
106,2,472,771,50,50,1,-1,-1,-1
106,3,484,358,50,50,1,-1,-1,-1
106,4,422,1200,50,50,1,-1,-1,-1
107,1,637,908,50,50,1,-1,-1,-1
107,2,459,720,50,50,1,-1,-1,-1
107,3,483,371,50,50,1,-1,-1,-1
107,4,430,1202,50,50,1,-1,-1,-1
108,1,643,925,50,50,1,-1,-1,-1
108,2,446,674,50,50,1,-1,-1,-1
108,3,482,390,50,50,1,-1,-1,-1
108,4,437,1177,50,50,1,-1,-1,-1
109,1,618,921,50,50,1,-1,-1,-1
109,2,432,633,50,50,1,-1,-1,-1
109,3,480,414,50,50,1,-1,-1,-1
109,4,441,1117,50,50,1,-1,-1,-1
110,1,578,924,50,50,1,-1,-1,-1
110,2,420,597,50,50,1,-1,-1,-1
110,3,480,444,50,50,1,-1,-1,-1
110,4,439,1034,50,50,1,-1,-1,-1
111,1,527,943,50,50,1,-1,-1,-1
111,2,406,567,50,50,1,-1,-1,-1
111,3,479,480,50,50,1,-1,-1,-1
111,4,437,956,50,50,1,-1,-1,-1
112,1,485,956,50,50,1,-1,-1,-1
112,2,393,542,50,50,1,-1,-1,-1
112,3,477,521,50,50,1,-1,-1,-1
112,4,433,879,50,50,1,-1,-1,-1
113,1,440,974,50,50,1,-1,-1,-1
113,2,380,523,50,50,1,-1,-1,-1
113,3,477,568,50,50,1,-1,-1,-1
113,4,432,804,50,50,1,-1,-1,-1
114,1,417,996,50,50,1,-1,-1,-1
114,2,367,509,50,50,1,-1,-1,-1
114,3,476,621,50,50,1,-1,-1,-1
114,4,433,737,50,50,1,-1,-1,-1
115,1,407,1018,50,50,1,-1,-1,-1
115,2,354,501,50,50,1,-1,-1,-1
115,3,474,678,50,50,1,-1,-1,-1
115,4,431,675,50,50,1,-1,-1,-1
116,1,399,1048,50,50,1,-1,-1,-1
116,2,340,499,50,50,1,-1,-1,-1
116,3,474,742,50,50,1,-1,-1,-1
116,4,429,618,50,50,1,-1,-1,-1
117,1,383,1091,50,50,1,-1,-1,-1
117,2,327,502,50,50,1,-1,-1,-1
117,3,475,807,50,50,1,-1,-1,-1
117,4,428,567,50,50,1,-1,-1,-1
118,1,371,1145,50,50,1,-1,-1,-1
118,2,314,510,50,50,1,-1,-1,-1
118,3,473,884,50,50,1,-1,-1,-1
118,4,426,521,50,50,1,-1,-1,-1
119,1,369,1182,50,50,1,-1,-1,-1
119,2,300,525,50,50,1,-1,-1,-1
119,3,471,962,50,50,1,-1,-1,-1
119,4,425,480,50,50,1,-1,-1,-1
120,1,366,1184,50,50,1,-1,-1,-1
120,2,287,545,50,50,1,-1,-1,-1
120,3,477,1009,50,50,1,-1,-1,-1
120,4,424,445,50,50,1,-1,-1,-1
121,1,369,1154,50,50,1,-1,-1,-1
121,2,273,572,50,50,1,-1,-1,-1
121,3,483,1019,50,50,1,-1,-1,-1
121,4,423,416,50,50,1,-1,-1,-1
122,1,375,1093,50,50,1,-1,-1,-1
122,2,260,603,50,50,1,-1,-1,-1
122,3,483,1043,50,50,1,-1,-1,-1
122,4,421,392,50,50,1,-1,-1,-1
123,1,387,1016,50,50,1,-1,-1,-1
123,2,247,641,50,50,1,-1,-1,-1
123,3,479,1072,50,50,1,-1,-1,-1
123,4,420,374,50,50,1,-1,-1,-1
124,1,398,951,50,50,1,-1,-1,-1
124,2,233,684,50,50,1,-1,-1,-1
124,3,477,1110,50,50,1,-1,-1,-1
124,4,418,361,50,50,1,-1,-1,-1
125,1,412,885,50,50,1,-1,-1,-1
125,2,219,734,50,50,1,-1,-1,-1
125,3,475,1155,50,50,1,-1,-1,-1
125,4,417,353,50,50,1,-1,-1,-1
126,1,428,823,50,50,1,-1,-1,-1
126,2,207,788,50,50,1,-1,-1,-1
126,3,475,1190,50,50,1,-1,-1,-1
126,4,416,351,50,50,1,-1,-1,-1
127,1,444,767,50,50,1,-1,-1,-1
127,2,193,849,50,50,1,-1,-1,-1
127,3,476,1206,50,50,1,-1,-1,-1
127,4,415,354,50,50,1,-1,-1,-1
128,1,458,718,50,50,1,-1,-1,-1
128,2,181,910,50,50,1,-1,-1,-1
128,3,480,1206,50,50,1,-1,-1,-1
128,4,414,362,50,50,1,-1,-1,-1
129,1,472,674,50,50,1,-1,-1,-1
129,2,168,938,50,50,1,-1,-1,-1
129,3,488,1187,50,50,1,-1,-1,-1
129,4,413,376,50,50,1,-1,-1,-1
130,1,487,636,50,50,1,-1,-1,-1
130,2,188,934,50,50,1,-1,-1,-1
130,3,497,1146,50,50,1,-1,-1,-1
130,4,411,395,50,50,1,-1,-1,-1
131,1,501,603,50,50,1,-1,-1,-1
131,2,229,924,50,50,1,-1,-1,-1
131,3,509,1079,50,50,1,-1,-1,-1
131,4,410,420,50,50,1,-1,-1,-1
132,1,516,575,50,50,1,-1,-1,-1
132,2,281,923,50,50,1,-1,-1,-1
132,3,516,1001,50,50,1,-1,-1,-1
132,4,409,449,50,50,1,-1,-1,-1
133,1,530,553,50,50,1,-1,-1,-1
133,2,340,940,50,50,1,-1,-1,-1
133,3,518,928,50,50,1,-1,-1,-1
133,4,407,485,50,50,1,-1,-1,-1
134,1,544,537,50,50,1,-1,-1,-1
134,2,393,953,50,50,1,-1,-1,-1
134,3,521,856,50,50,1,-1,-1,-1
134,4,406,525,50,50,1,-1,-1,-1
135,1,558,526,50,50,1,-1,-1,-1
135,2,450,970,50,50,1,-1,-1,-1
135,3,524,789,50,50,1,-1,-1,-1
135,4,405,570,50,50,1,-1,-1,-1
136,1,572,520,50,50,1,-1,-1,-1
136,2,490,990,50,50,1,-1,-1,-1
136,3,528,727,50,50,1,-1,-1,-1
136,4,404,621,50,50,1,-1,-1,-1
137,1,585,520,50,50,1,-1,-1,-1
137,2,505,1017,50,50,1,-1,-1,-1
137,3,531,670,50,50,1,-1,-1,-1
137,4,403,677,50,50,1,-1,-1,-1
138,1,599,524,50,50,1,-1,-1,-1
138,2,508,1033,50,50,1,-1,-1,-1
138,3,534,619,50,50,1,-1,-1,-1
138,4,402,737,50,50,1,-1,-1,-1
139,1,613,534,50,50,1,-1,-1,-1
139,2,525,1067,50,50,1,-1,-1,-1
139,3,537,573,50,50,1,-1,-1,-1
139,4,401,802,50,50,1,-1,-1,-1
140,1,625,549,50,50,1,-1,-1,-1
140,2,546,1110,50,50,1,-1,-1,-1
140,3,540,533,50,50,1,-1,-1,-1
140,4,401,871,50,50,1,-1,-1,-1
141,1,639,569,50,50,1,-1,-1,-1
141,2,564,1145,50,50,1,-1,-1,-1
141,3,543,497,50,50,1,-1,-1,-1
141,4,399,947,50,50,1,-1,-1,-1
142,1,652,594,50,50,1,-1,-1,-1
142,2,572,1139,50,50,1,-1,-1,-1
142,3,545,468,50,50,1,-1,-1,-1
142,4,398,1015,50,50,1,-1,-1,-1
143,1,665,624,50,50,1,-1,-1,-1
143,2,577,1096,50,50,1,-1,-1,-1
143,3,548,445,50,50,1,-1,-1,-1
143,4,396,1041,50,50,1,-1,-1,-1
144,1,678,659,50,50,1,-1,-1,-1
144,2,569,1031,50,50,1,-1,-1,-1
144,3,551,426,50,50,1,-1,-1,-1
144,4,400,1061,50,50,1,-1,-1,-1
145,1,691,698,50,50,1,-1,-1,-1
145,2,560,965,50,50,1,-1,-1,-1
145,3,555,413,50,50,1,-1,-1,-1
145,4,408,1082,50,50,1,-1,-1,-1
146,1,703,742,50,50,1,-1,-1,-1
146,2,548,900,50,50,1,-1,-1,-1
146,3,558,406,50,50,1,-1,-1,-1
146,4,419,1116,50,50,1,-1,-1,-1
147,1,715,790,50,50,1,-1,-1,-1
147,2,537,841,50,50,1,-1,-1,-1
147,3,561,404,50,50,1,-1,-1,-1
147,4,429,1154,50,50,1,-1,-1,-1
148,1,728,842,50,50,1,-1,-1,-1
148,2,525,785,50,50,1,-1,-1,-1
148,3,564,407,50,50,1,-1,-1,-1
148,4,440,1184,50,50,1,-1,-1,-1
149,1,740,900,50,50,1,-1,-1,-1
149,2,512,736,50,50,1,-1,-1,-1
149,3,567,416,50,50,1,-1,-1,-1
149,4,450,1203,50,50,1,-1,-1,-1
150,1,750,954,50,50,1,-1,-1,-1
150,2,500,691,50,50,1,-1,-1,-1
150,3,570,430,50,50,1,-1,-1,-1
150,4,466,1206,50,50,1,-1,-1,-1
151,1,758,975,50,50,1,-1,-1,-1
151,2,488,652,50,50,1,-1,-1,-1
151,3,573,450,50,50,1,-1,-1,-1
151,4,483,1185,50,50,1,-1,-1,-1
152,1,734,959,50,50,1,-1,-1,-1
152,2,476,618,50,50,1,-1,-1,-1
152,3,576,476,50,50,1,-1,-1,-1
152,4,500,1135,50,50,1,-1,-1,-1
153,1,688,946,50,50,1,-1,-1,-1
153,2,463,590,50,50,1,-1,-1,-1
153,3,579,506,50,50,1,-1,-1,-1
153,4,504,1061,50,50,1,-1,-1,-1
154,1,629,944,50,50,1,-1,-1,-1
154,2,451,567,50,50,1,-1,-1,-1
154,3,581,542,50,50,1,-1,-1,-1
154,4,502,985,50,50,1,-1,-1,-1
155,1,569,953,50,50,1,-1,-1,-1
155,2,439,549,50,50,1,-1,-1,-1
155,3,584,583,50,50,1,-1,-1,-1
155,4,498,913,50,50,1,-1,-1,-1
156,1,511,964,50,50,1,-1,-1,-1
156,2,427,537,50,50,1,-1,-1,-1
156,3,586,630,50,50,1,-1,-1,-1
156,4,494,842,50,50,1,-1,-1,-1
157,1,470,977,50,50,1,-1,-1,-1
157,2,414,530,50,50,1,-1,-1,-1
157,3,589,682,50,50,1,-1,-1,-1
157,4,490,776,50,50,1,-1,-1,-1
158,1,459,997,50,50,1,-1,-1,-1
158,2,402,528,50,50,1,-1,-1,-1
158,3,592,739,50,50,1,-1,-1,-1
158,4,486,717,50,50,1,-1,-1,-1
159,1,450,1037,50,50,1,-1,-1,-1
159,2,390,532,50,50,1,-1,-1,-1
159,3,594,801,50,50,1,-1,-1,-1
159,4,481,662,50,50,1,-1,-1,-1
160,1,436,1077,50,50,1,-1,-1,-1
160,2,378,541,50,50,1,-1,-1,-1
160,3,597,867,50,50,1,-1,-1,-1
160,4,478,611,50,50,1,-1,-1,-1
161,1,421,1129,50,50,1,-1,-1,-1
161,2,366,556,50,50,1,-1,-1,-1
161,3,600,938,50,50,1,-1,-1,-1
161,4,473,566,50,50,1,-1,-1,-1
162,1,412,1175,50,50,1,-1,-1,-1
162,2,353,576,50,50,1,-1,-1,-1
162,3,597,989,50,50,1,-1,-1,-1
162,4,469,526,50,50,1,-1,-1,-1
163,1,410,1182,50,50,1,-1,-1,-1
163,2,342,601,50,50,1,-1,-1,-1
163,3,588,1015,50,50,1,-1,-1,-1
163,4,464,492,50,50,1,-1,-1,-1
164,1,413,1154,50,50,1,-1,-1,-1
164,2,330,633,50,50,1,-1,-1,-1
164,3,580,1031,50,50,1,-1,-1,-1
164,4,460,463,50,50,1,-1,-1,-1
165,1,422,1092,50,50,1,-1,-1,-1
165,2,318,669,50,50,1,-1,-1,-1
165,3,571,1058,50,50,1,-1,-1,-1
165,4,456,439,50,50,1,-1,-1,-1
166,1,429,1016,50,50,1,-1,-1,-1
166,2,306,710,50,50,1,-1,-1,-1
166,3,554,1091,50,50,1,-1,-1,-1
166,4,452,421,50,50,1,-1,-1,-1
167,1,438,947,50,50,1,-1,-1,-1
167,2,295,756,50,50,1,-1,-1,-1
167,3,536,1128,50,50,1,-1,-1,-1
167,4,448,409,50,50,1,-1,-1,-1
168,1,447,879,50,50,1,-1,-1,-1
168,2,283,807,50,50,1,-1,-1,-1
168,3,523,1165,50,50,1,-1,-1,-1
168,4,444,402,50,50,1,-1,-1,-1
169,1,459,814,50,50,1,-1,-1,-1
169,2,271,864,50,50,1,-1,-1,-1
169,3,512,1189,50,50,1,-1,-1,-1
169,4,440,400,50,50,1,-1,-1,-1
170,1,471,758,50,50,1,-1,-1,-1
170,2,259,926,50,50,1,-1,-1,-1
170,3,504,1198,50,50,1,-1,-1,-1
170,4,435,404,50,50,1,-1,-1,-1
171,1,481,705,50,50,1,-1,-1,-1
171,2,258,973,50,50,1,-1,-1,-1
171,3,500,1192,50,50,1,-1,-1,-1
171,4,431,413,50,50,1,-1,-1,-1
172,1,492,659,50,50,1,-1,-1,-1
172,2,246,966,50,50,1,-1,-1,-1
172,3,500,1166,50,50,1,-1,-1,-1
172,4,427,428,50,50,1,-1,-1,-1
173,1,502,616,50,50,1,-1,-1,-1
173,2,278,961,50,50,1,-1,-1,-1
173,3,504,1110,50,50,1,-1,-1,-1
173,4,422,448,50,50,1,-1,-1,-1
174,1,513,580,50,50,1,-1,-1,-1
174,2,333,959,50,50,1,-1,-1,-1
174,3,509,1028,50,50,1,-1,-1,-1
174,4,418,475,50,50,1,-1,-1,-1
175,1,524,549,50,50,1,-1,-1,-1
175,2,377,958,50,50,1,-1,-1,-1
175,3,513,950,50,50,1,-1,-1,-1
175,4,414,507,50,50,1,-1,-1,-1
176,1,534,523,50,50,1,-1,-1,-1
176,2,421,962,50,50,1,-1,-1,-1
176,3,518,877,50,50,1,-1,-1,-1
176,4,410,544,50,50,1,-1,-1,-1
177,1,543,502,50,50,1,-1,-1,-1
177,2,468,969,50,50,1,-1,-1,-1
177,3,520,803,50,50,1,-1,-1,-1
177,4,406,587,50,50,1,-1,-1,-1
178,1,555,488,50,50,1,-1,-1,-1
178,2,498,978,50,50,1,-1,-1,-1
178,3,523,734,50,50,1,-1,-1,-1
178,4,402,636,50,50,1,-1,-1,-1
179,1,565,477,50,50,1,-1,-1,-1
179,2,504,1003,50,50,1,-1,-1,-1
179,3,527,672,50,50,1,-1,-1,-1
179,4,397,691,50,50,1,-1,-1,-1
180,1,575,473,50,50,1,-1,-1,-1
180,2,514,1031,50,50,1,-1,-1,-1
180,3,530,614,50,50,1,-1,-1,-1
180,4,393,749,50,50,1,-1,-1,-1
181,1,585,473,50,50,1,-1,-1,-1
181,2,525,1061,50,50,1,-1,-1,-1
181,3,533,562,50,50,1,-1,-1,-1
181,4,389,815,50,50,1,-1,-1,-1
182,1,595,479,50,50,1,-1,-1,-1
182,2,539,1103,50,50,1,-1,-1,-1
182,3,536,516,50,50,1,-1,-1,-1
182,4,385,885,50,50,1,-1,-1,-1
183,1,606,490,50,50,1,-1,-1,-1
183,2,555,1147,50,50,1,-1,-1,-1
183,3,539,475,50,50,1,-1,-1,-1
183,4,381,952,50,50,1,-1,-1,-1
184,1,616,506,50,50,1,-1,-1,-1
184,2,567,1163,50,50,1,-1,-1,-1
184,3,542,440,50,50,1,-1,-1,-1
184,4,382,974,50,50,1,-1,-1,-1
185,1,625,527,50,50,1,-1,-1,-1
185,2,573,1146,50,50,1,-1,-1,-1
185,3,545,410,50,50,1,-1,-1,-1
185,4,389,994,50,50,1,-1,-1,-1
186,1,635,553,50,50,1,-1,-1,-1
186,2,578,1102,50,50,1,-1,-1,-1
186,3,548,386,50,50,1,-1,-1,-1
186,4,402,1011,50,50,1,-1,-1,-1
187,1,646,584,50,50,1,-1,-1,-1
187,2,577,1036,50,50,1,-1,-1,-1
187,3,551,367,50,50,1,-1,-1,-1
187,4,413,1042,50,50,1,-1,-1,-1
188,1,655,621,50,50,1,-1,-1,-1
188,2,569,970,50,50,1,-1,-1,-1
188,3,554,353,50,50,1,-1,-1,-1
188,4,423,1077,50,50,1,-1,-1,-1
189,1,665,662,50,50,1,-1,-1,-1
189,2,559,904,50,50,1,-1,-1,-1
189,3,557,345,50,50,1,-1,-1,-1
189,4,432,1123,50,50,1,-1,-1,-1
190,1,674,708,50,50,1,-1,-1,-1
190,2,549,842,50,50,1,-1,-1,-1
190,3,560,342,50,50,1,-1,-1,-1
190,4,441,1166,50,50,1,-1,-1,-1
191,1,684,758,50,50,1,-1,-1,-1
191,2,538,785,50,50,1,-1,-1,-1
191,3,563,344,50,50,1,-1,-1,-1
191,4,452,1196,50,50,1,-1,-1,-1
192,1,694,813,50,50,1,-1,-1,-1
192,2,528,733,50,50,1,-1,-1,-1
192,3,566,351,50,50,1,-1,-1,-1
192,4,463,1209,50,50,1,-1,-1,-1
193,1,702,873,50,50,1,-1,-1,-1
193,2,517,686,50,50,1,-1,-1,-1
193,3,570,364,50,50,1,-1,-1,-1
193,4,476,1207,50,50,1,-1,-1,-1
194,1,712,909,50,50,1,-1,-1,-1
194,2,506,644,50,50,1,-1,-1,-1
194,3,572,381,50,50,1,-1,-1,-1
194,4,492,1182,50,50,1,-1,-1,-1
195,1,693,909,50,50,1,-1,-1,-1
195,2,495,608,50,50,1,-1,-1,-1
195,3,575,404,50,50,1,-1,-1,-1
195,4,504,1126,50,50,1,-1,-1,-1
196,1,656,908,50,50,1,-1,-1,-1
196,2,484,577,50,50,1,-1,-1,-1
196,3,578,431,50,50,1,-1,-1,-1
196,4,507,1049,50,50,1,-1,-1,-1
197,1,608,920,50,50,1,-1,-1,-1
197,2,473,552,50,50,1,-1,-1,-1
197,3,581,464,50,50,1,-1,-1,-1
197,4,504,972,50,50,1,-1,-1,-1
198,1,551,946,50,50,1,-1,-1,-1
198,2,462,532,50,50,1,-1,-1,-1
198,3,583,501,50,50,1,-1,-1,-1
198,4,500,897,50,50,1,-1,-1,-1
199,1,502,973,50,50,1,-1,-1,-1
199,2,451,518,50,50,1,-1,-1,-1
199,3,586,544,50,50,1,-1,-1,-1
199,4,496,825,50,50,1,-1,-1,-1
200,1,480,997,50,50,1,-1,-1,-1
200,2,440,508,50,50,1,-1,-1,-1
200,3,589,593,50,50,1,-1,-1,-1
200,4,492,758,50,50,1,-1,-1,-1
201,1,467,1017,50,50,1,-1,-1,-1
201,2,429,505,50,50,1,-1,-1,-1
201,3,592,644,50,50,1,-1,-1,-1
201,4,487,697,50,50,1,-1,-1,-1
202,1,460,1054,50,50,1,-1,-1,-1
202,2,418,506,50,50,1,-1,-1,-1
202,3,594,701,50,50,1,-1,-1,-1
202,4,483,641,50,50,1,-1,-1,-1
203,1,447,1089,50,50,1,-1,-1,-1
203,2,407,514,50,50,1,-1,-1,-1
203,3,596,762,50,50,1,-1,-1,-1
203,4,479,590,50,50,1,-1,-1,-1
204,1,435,1134,50,50,1,-1,-1,-1
204,2,396,526,50,50,1,-1,-1,-1
204,3,599,827,50,50,1,-1,-1,-1
204,4,474,544,50,50,1,-1,-1,-1
205,1,431,1172,50,50,1,-1,-1,-1
205,2,385,544,50,50,1,-1,-1,-1
205,3,602,897,50,50,1,-1,-1,-1
205,4,470,505,50,50,1,-1,-1,-1
206,1,430,1186,50,50,1,-1,-1,-1
206,2,375,568,50,50,1,-1,-1,-1
206,3,592,956,50,50,1,-1,-1,-1
206,4,466,471,50,50,1,-1,-1,-1
207,1,432,1173,50,50,1,-1,-1,-1
207,2,364,597,50,50,1,-1,-1,-1
207,3,583,966,50,50,1,-1,-1,-1
207,4,462,441,50,50,1,-1,-1,-1
208,1,436,1134,50,50,1,-1,-1,-1
208,2,353,632,50,50,1,-1,-1,-1
208,3,579,982,50,50,1,-1,-1,-1
208,4,458,418,50,50,1,-1,-1,-1
209,1,444,1066,50,50,1,-1,-1,-1
209,2,342,671,50,50,1,-1,-1,-1
209,3,577,1008,50,50,1,-1,-1,-1
209,4,453,400,50,50,1,-1,-1,-1
210,1,453,994,50,50,1,-1,-1,-1
210,2,332,716,50,50,1,-1,-1,-1
210,3,574,1045,50,50,1,-1,-1,-1
210,4,449,387,50,50,1,-1,-1,-1
211,1,459,931,50,50,1,-1,-1,-1
211,2,321,766,50,50,1,-1,-1,-1
211,3,569,1097,50,50,1,-1,-1,-1
211,4,445,380,50,50,1,-1,-1,-1
212,1,467,867,50,50,1,-1,-1,-1
212,2,310,822,50,50,1,-1,-1,-1
212,3,564,1149,50,50,1,-1,-1,-1
212,4,441,378,50,50,1,-1,-1,-1
213,1,478,803,50,50,1,-1,-1,-1
213,2,300,883,50,50,1,-1,-1,-1
213,3,559,1186,50,50,1,-1,-1,-1
213,4,437,381,50,50,1,-1,-1,-1
214,1,488,752,50,50,1,-1,-1,-1
214,2,289,946,50,50,1,-1,-1,-1
214,3,549,1204,50,50,1,-1,-1,-1
214,4,432,390,50,50,1,-1,-1,-1
215,1,497,703,50,50,1,-1,-1,-1
215,2,278,988,50,50,1,-1,-1,-1
215,3,540,1201,50,50,1,-1,-1,-1
215,4,428,404,50,50,1,-1,-1,-1
216,1,506,660,50,50,1,-1,-1,-1
216,2,280,996,50,50,1,-1,-1,-1
216,3,534,1175,50,50,1,-1,-1,-1
216,4,424,423,50,50,1,-1,-1,-1
217,1,515,621,50,50,1,-1,-1,-1
217,2,304,989,50,50,1,-1,-1,-1
217,3,532,1122,50,50,1,-1,-1,-1
217,4,420,447,50,50,1,-1,-1,-1
218,1,524,589,50,50,1,-1,-1,-1
218,2,340,979,50,50,1,-1,-1,-1
218,3,534,1045,50,50,1,-1,-1,-1
218,4,415,477,50,50,1,-1,-1,-1
219,1,533,561,50,50,1,-1,-1,-1
219,2,387,974,50,50,1,-1,-1,-1
219,3,533,967,50,50,1,-1,-1,-1
219,4,412,512,50,50,1,-1,-1,-1
220,1,542,540,50,50,1,-1,-1,-1
220,2,436,972,50,50,1,-1,-1,-1
220,3,533,892,50,50,1,-1,-1,-1
220,4,408,552,50,50,1,-1,-1,-1
221,1,550,523,50,50,1,-1,-1,-1
221,2,485,974,50,50,1,-1,-1,-1
221,3,532,820,50,50,1,-1,-1,-1
221,4,404,597,50,50,1,-1,-1,-1
222,1,560,512,50,50,1,-1,-1,-1
222,2,515,979,50,50,1,-1,-1,-1
222,3,531,752,50,50,1,-1,-1,-1
222,4,400,648,50,50,1,-1,-1,-1
223,1,569,506,50,50,1,-1,-1,-1
223,2,530,1001,50,50,1,-1,-1,-1
223,3,530,689,50,50,1,-1,-1,-1
223,4,396,703,50,50,1,-1,-1,-1
224,1,578,505,50,50,1,-1,-1,-1
224,2,542,1030,50,50,1,-1,-1,-1
224,3,529,631,50,50,1,-1,-1,-1
224,4,392,763,50,50,1,-1,-1,-1
225,1,586,510,50,50,1,-1,-1,-1
225,2,554,1064,50,50,1,-1,-1,-1
225,3,528,578,50,50,1,-1,-1,-1
225,4,388,829,50,50,1,-1,-1,-1
226,1,595,520,50,50,1,-1,-1,-1
226,2,563,1107,50,50,1,-1,-1,-1
226,3,527,530,50,50,1,-1,-1,-1
226,4,384,898,50,50,1,-1,-1,-1
227,1,604,535,50,50,1,-1,-1,-1
227,2,568,1153,50,50,1,-1,-1,-1
227,3,526,487,50,50,1,-1,-1,-1
227,4,381,971,50,50,1,-1,-1,-1
228,1,613,556,50,50,1,-1,-1,-1
228,2,568,1175,50,50,1,-1,-1,-1
228,3,525,451,50,50,1,-1,-1,-1
228,4,380,1005,50,50,1,-1,-1,-1
229,1,622,582,50,50,1,-1,-1,-1
229,2,567,1162,50,50,1,-1,-1,-1
229,3,524,419,50,50,1,-1,-1,-1
229,4,383,1022,50,50,1,-1,-1,-1
230,1,630,613,50,50,1,-1,-1,-1
230,2,566,1119,50,50,1,-1,-1,-1
230,3,522,393,50,50,1,-1,-1,-1
230,4,388,1039,50,50,1,-1,-1,-1
231,1,639,649,50,50,1,-1,-1,-1
231,2,560,1055,50,50,1,-1,-1,-1
231,3,521,373,50,50,1,-1,-1,-1
231,4,394,1061,50,50,1,-1,-1,-1
232,1,648,690,50,50,1,-1,-1,-1
232,2,548,988,50,50,1,-1,-1,-1
232,3,520,358,50,50,1,-1,-1,-1
232,4,399,1091,50,50,1,-1,-1,-1
233,1,656,736,50,50,1,-1,-1,-1
233,2,537,925,50,50,1,-1,-1,-1
233,3,519,348,50,50,1,-1,-1,-1
233,4,405,1129,50,50,1,-1,-1,-1
234,1,664,788,50,50,1,-1,-1,-1
234,2,528,864,50,50,1,-1,-1,-1
234,3,518,344,50,50,1,-1,-1,-1
234,4,412,1163,50,50,1,-1,-1,-1
235,1,672,843,50,50,1,-1,-1,-1
235,2,513,805,50,50,1,-1,-1,-1
235,3,517,345,50,50,1,-1,-1,-1
235,4,421,1189,50,50,1,-1,-1,-1
236,1,681,904,50,50,1,-1,-1,-1
236,2,500,755,50,50,1,-1,-1,-1
236,3,516,353,50,50,1,-1,-1,-1
236,4,432,1200,50,50,1,-1,-1,-1
237,1,688,949,50,50,1,-1,-1,-1
237,2,488,710,50,50,1,-1,-1,-1
237,3,515,365,50,50,1,-1,-1,-1
237,4,441,1190,50,50,1,-1,-1,-1
238,1,671,951,50,50,1,-1,-1,-1
238,2,475,669,50,50,1,-1,-1,-1
238,3,514,384,50,50,1,-1,-1,-1
238,4,451,1145,50,50,1,-1,-1,-1
239,1,629,945,50,50,1,-1,-1,-1
239,2,462,634,50,50,1,-1,-1,-1
239,3,513,408,50,50,1,-1,-1,-1
239,4,454,1067,50,50,1,-1,-1,-1
240,1,573,949,50,50,1,-1,-1,-1
240,2,449,604,50,50,1,-1,-1,-1
240,3,512,438,50,50,1,-1,-1,-1
240,4,454,987,50,50,1,-1,-1,-1
241,1,528,963,50,50,1,-1,-1,-1
241,2,436,580,50,50,1,-1,-1,-1
241,3,510,474,50,50,1,-1,-1,-1
241,4,451,914,50,50,1,-1,-1,-1
242,1,478,979,50,50,1,-1,-1,-1
242,2,423,561,50,50,1,-1,-1,-1
242,3,509,516,50,50,1,-1,-1,-1
242,4,451,838,50,50,1,-1,-1,-1
243,1,446,997,50,50,1,-1,-1,-1
243,2,410,547,50,50,1,-1,-1,-1
243,3,508,564,50,50,1,-1,-1,-1
243,4,452,771,50,50,1,-1,-1,-1
244,1,430,1007,50,50,1,-1,-1,-1
244,2,397,539,50,50,1,-1,-1,-1
244,3,507,618,50,50,1,-1,-1,-1
244,4,451,709,50,50,1,-1,-1,-1
245,1,424,1027,50,50,1,-1,-1,-1
245,2,384,537,50,50,1,-1,-1,-1
245,3,506,677,50,50,1,-1,-1,-1
245,4,450,652,50,50,1,-1,-1,-1
246,1,417,1053,50,50,1,-1,-1,-1
246,2,372,540,50,50,1,-1,-1,-1
246,3,505,743,50,50,1,-1,-1,-1
246,4,450,599,50,50,1,-1,-1,-1
247,1,407,1094,50,50,1,-1,-1,-1
247,2,358,549,50,50,1,-1,-1,-1
247,3,505,811,50,50,1,-1,-1,-1
247,4,449,553,50,50,1,-1,-1,-1
248,1,399,1140,50,50,1,-1,-1,-1
248,2,345,564,50,50,1,-1,-1,-1
248,3,505,888,50,50,1,-1,-1,-1
248,4,448,512,50,50,1,-1,-1,-1
249,1,397,1171,50,50,1,-1,-1,-1
249,2,332,584,50,50,1,-1,-1,-1
249,3,500,967,50,50,1,-1,-1,-1
249,4,447,476,50,50,1,-1,-1,-1
250,1,398,1167,50,50,1,-1,-1,-1
250,2,320,610,50,50,1,-1,-1,-1
250,3,506,997,50,50,1,-1,-1,-1
250,4,446,445,50,50,1,-1,-1,-1
251,1,402,1127,50,50,1,-1,-1,-1
251,2,306,641,50,50,1,-1,-1,-1
251,3,504,1015,50,50,1,-1,-1,-1
251,4,445,421,50,50,1,-1,-1,-1
252,1,408,1059,50,50,1,-1,-1,-1
252,2,294,678,50,50,1,-1,-1,-1
252,3,500,1038,50,50,1,-1,-1,-1
252,4,445,401,50,50,1,-1,-1,-1
253,1,418,985,50,50,1,-1,-1,-1
253,2,281,721,50,50,1,-1,-1,-1
253,3,498,1066,50,50,1,-1,-1,-1
253,4,444,387,50,50,1,-1,-1,-1
254,1,427,920,50,50,1,-1,-1,-1
254,2,268,768,50,50,1,-1,-1,-1
254,3,495,1103,50,50,1,-1,-1,-1
254,4,444,378,50,50,1,-1,-1,-1
255,1,438,858,50,50,1,-1,-1,-1
255,2,256,822,50,50,1,-1,-1,-1
255,3,493,1143,50,50,1,-1,-1,-1
255,4,443,376,50,50,1,-1,-1,-1
256,1,452,792,50,50,1,-1,-1,-1
256,2,244,882,50,50,1,-1,-1,-1
256,3,495,1180,50,50,1,-1,-1,-1
256,4,442,378,50,50,1,-1,-1,-1
257,1,463,742,50,50,1,-1,-1,-1
257,2,229,947,50,50,1,-1,-1,-1
257,3,500,1206,50,50,1,-1,-1,-1
257,4,441,385,50,50,1,-1,-1,-1
258,1,474,694,50,50,1,-1,-1,-1
258,2,222,990,50,50,1,-1,-1,-1
258,3,511,1217,50,50,1,-1,-1,-1
258,4,441,399,50,50,1,-1,-1,-1
259,1,487,651,50,50,1,-1,-1,-1
259,2,235,989,50,50,1,-1,-1,-1
259,3,524,1205,50,50,1,-1,-1,-1
259,4,440,417,50,50,1,-1,-1,-1
260,1,498,614,50,50,1,-1,-1,-1
260,2,270,978,50,50,1,-1,-1,-1
260,3,533,1167,50,50,1,-1,-1,-1
260,4,439,441,50,50,1,-1,-1,-1
261,1,509,582,50,50,1,-1,-1,-1
261,2,316,976,50,50,1,-1,-1,-1
261,3,543,1101,50,50,1,-1,-1,-1
261,4,438,471,50,50,1,-1,-1,-1
262,1,521,556,50,50,1,-1,-1,-1
262,2,371,975,50,50,1,-1,-1,-1
262,3,547,1015,50,50,1,-1,-1,-1
262,4,438,506,50,50,1,-1,-1,-1
263,1,531,536,50,50,1,-1,-1,-1
263,2,425,975,50,50,1,-1,-1,-1
263,3,548,936,50,50,1,-1,-1,-1
263,4,437,546,50,50,1,-1,-1,-1
264,1,542,521,50,50,1,-1,-1,-1
264,2,476,981,50,50,1,-1,-1,-1
264,3,549,859,50,50,1,-1,-1,-1
264,4,437,592,50,50,1,-1,-1,-1
265,1,553,511,50,50,1,-1,-1,-1
265,2,522,991,50,50,1,-1,-1,-1
265,3,550,786,50,50,1,-1,-1,-1
265,4,436,644,50,50,1,-1,-1,-1
266,1,565,507,50,50,1,-1,-1,-1
266,2,532,1005,50,50,1,-1,-1,-1
266,3,551,719,50,50,1,-1,-1,-1
266,4,436,700,50,50,1,-1,-1,-1
267,1,576,508,50,50,1,-1,-1,-1
267,2,539,1030,50,50,1,-1,-1,-1
267,3,552,656,50,50,1,-1,-1,-1
267,4,435,761,50,50,1,-1,-1,-1
268,1,586,514,50,50,1,-1,-1,-1
268,2,553,1062,50,50,1,-1,-1,-1
268,3,553,600,50,50,1,-1,-1,-1
268,4,432,827,50,50,1,-1,-1,-1
269,1,597,525,50,50,1,-1,-1,-1
269,2,563,1100,50,50,1,-1,-1,-1
269,3,554,548,50,50,1,-1,-1,-1
269,4,433,899,50,50,1,-1,-1,-1
270,1,608,542,50,50,1,-1,-1,-1
270,2,572,1144,50,50,1,-1,-1,-1
270,3,555,502,50,50,1,-1,-1,-1
270,4,432,973,50,50,1,-1,-1,-1
271,1,619,564,50,50,1,-1,-1,-1
271,2,578,1176,50,50,1,-1,-1,-1
271,3,556,463,50,50,1,-1,-1,-1
271,4,432,1012,50,50,1,-1,-1,-1
272,1,629,590,50,50,1,-1,-1,-1
272,2,581,1176,50,50,1,-1,-1,-1
272,3,557,428,50,50,1,-1,-1,-1
272,4,433,1033,50,50,1,-1,-1,-1
273,1,640,623,50,50,1,-1,-1,-1
273,2,583,1147,50,50,1,-1,-1,-1
273,3,558,399,50,50,1,-1,-1,-1
273,4,434,1053,50,50,1,-1,-1,-1
274,1,650,659,50,50,1,-1,-1,-1
274,2,584,1090,50,50,1,-1,-1,-1
274,3,558,376,50,50,1,-1,-1,-1
274,4,437,1077,50,50,1,-1,-1,-1
275,1,660,701,50,50,1,-1,-1,-1
275,2,578,1017,50,50,1,-1,-1,-1
275,3,559,358,50,50,1,-1,-1,-1
275,4,440,1109,50,50,1,-1,-1,-1
276,1,670,747,50,50,1,-1,-1,-1
276,2,569,945,50,50,1,-1,-1,-1
276,3,560,346,50,50,1,-1,-1,-1
276,4,443,1146,50,50,1,-1,-1,-1
277,1,681,798,50,50,1,-1,-1,-1
277,2,558,875,50,50,1,-1,-1,-1
277,3,560,339,50,50,1,-1,-1,-1
277,4,449,1176,50,50,1,-1,-1,-1
278,1,691,853,50,50,1,-1,-1,-1
278,2,547,810,50,50,1,-1,-1,-1
278,3,561,338,50,50,1,-1,-1,-1
278,4,455,1198,50,50,1,-1,-1,-1
279,1,701,914,50,50,1,-1,-1,-1
279,2,536,748,50,50,1,-1,-1,-1
279,3,563,342,50,50,1,-1,-1,-1
279,4,463,1209,50,50,1,-1,-1,-1
280,1,716,957,50,50,1,-1,-1,-1
280,2,524,693,50,50,1,-1,-1,-1
280,3,563,351,50,50,1,-1,-1,-1
280,4,475,1208,50,50,1,-1,-1,-1
281,1,714,958,50,50,1,-1,-1,-1
281,2,512,642,50,50,1,-1,-1,-1
281,3,564,366,50,50,1,-1,-1,-1
281,4,491,1185,50,50,1,-1,-1,-1
282,1,684,948,50,50,1,-1,-1,-1
282,2,501,597,50,50,1,-1,-1,-1
282,3,565,386,50,50,1,-1,-1,-1
282,4,505,1130,50,50,1,-1,-1,-1
283,1,645,944,50,50,1,-1,-1,-1
283,2,490,556,50,50,1,-1,-1,-1
283,3,566,412,50,50,1,-1,-1,-1
283,4,509,1048,50,50,1,-1,-1,-1
284,1,596,953,50,50,1,-1,-1,-1
284,2,478,522,50,50,1,-1,-1,-1
284,3,566,443,50,50,1,-1,-1,-1
284,4,506,964,50,50,1,-1,-1,-1
285,1,554,961,50,50,1,-1,-1,-1
285,2,465,493,50,50,1,-1,-1,-1
285,3,567,479,50,50,1,-1,-1,-1
285,4,500,885,50,50,1,-1,-1,-1
286,1,509,972,50,50,1,-1,-1,-1
286,2,454,470,50,50,1,-1,-1,-1
286,3,568,520,50,50,1,-1,-1,-1
286,4,496,805,50,50,1,-1,-1,-1
287,1,475,985,50,50,1,-1,-1,-1
287,2,442,452,50,50,1,-1,-1,-1
287,3,569,567,50,50,1,-1,-1,-1
287,4,492,737,50,50,1,-1,-1,-1
288,1,463,1003,50,50,1,-1,-1,-1
288,2,430,439,50,50,1,-1,-1,-1
288,3,569,619,50,50,1,-1,-1,-1
288,4,488,671,50,50,1,-1,-1,-1
289,1,452,1028,50,50,1,-1,-1,-1
289,2,418,432,50,50,1,-1,-1,-1
289,3,570,676,50,50,1,-1,-1,-1
289,4,484,610,50,50,1,-1,-1,-1
290,1,439,1058,50,50,1,-1,-1,-1
290,2,407,431,50,50,1,-1,-1,-1
290,3,570,737,50,50,1,-1,-1,-1
290,4,479,554,50,50,1,-1,-1,-1
291,1,425,1101,50,50,1,-1,-1,-1
291,2,395,435,50,50,1,-1,-1,-1
291,3,571,805,50,50,1,-1,-1,-1
291,4,474,504,50,50,1,-1,-1,-1
292,1,416,1146,50,50,1,-1,-1,-1
292,2,383,444,50,50,1,-1,-1,-1
292,3,571,876,50,50,1,-1,-1,-1
292,4,470,459,50,50,1,-1,-1,-1
293,1,417,1176,50,50,1,-1,-1,-1
293,2,372,460,50,50,1,-1,-1,-1
293,3,571,946,50,50,1,-1,-1,-1
293,4,466,420,50,50,1,-1,-1,-1
294,1,422,1160,50,50,1,-1,-1,-1
294,2,347,507,50,50,1,-1,-1,-1
294,3,556,1019,50,50,1,-1,-1,-1
294,4,458,358,50,50,1,-1,-1,-1
295,1,429,1108,50,50,1,-1,-1,-1
295,2,336,539,50,50,1,-1,-1,-1
295,3,557,1043,50,50,1,-1,-1,-1
295,4,453,335,50,50,1,-1,-1,-1
296,1,438,1036,50,50,1,-1,-1,-1
296,2,324,576,50,50,1,-1,-1,-1
296,3,553,1083,50,50,1,-1,-1,-1
296,4,449,318,50,50,1,-1,-1,-1
297,1,447,965,50,50,1,-1,-1,-1
297,2,313,620,50,50,1,-1,-1,-1
297,3,547,1134,50,50,1,-1,-1,-1
297,4,445,306,50,50,1,-1,-1,-1
298,1,455,899,50,50,1,-1,-1,-1
298,2,301,668,50,50,1,-1,-1,-1
298,3,540,1177,50,50,1,-1,-1,-1
298,4,441,299,50,50,1,-1,-1,-1
299,1,467,838,50,50,1,-1,-1,-1
299,2,290,723,50,50,1,-1,-1,-1
299,3,531,1203,50,50,1,-1,-1,-1
299,4,437,299,50,50,1,-1,-1,-1
300,1,477,779,50,50,1,-1,-1,-1
300,2,278,782,50,50,1,-1,-1,-1
300,3,522,1216,50,50,1,-1,-1,-1
300,4,432,303,50,50,1,-1,-1,-1
301,1,487,729,50,50,1,-1,-1,-1
301,2,266,847,50,50,1,-1,-1,-1
301,3,515,1220,50,50,1,-1,-1,-1
301,4,428,312,50,50,1,-1,-1,-1
302,1,498,684,50,50,1,-1,-1,-1
302,2,256,912,50,50,1,-1,-1,-1
302,3,513,1213,50,50,1,-1,-1,-1
302,4,424,327,50,50,1,-1,-1,-1
303,1,507,643,50,50,1,-1,-1,-1
303,2,252,931,50,50,1,-1,-1,-1
303,3,515,1186,50,50,1,-1,-1,-1
303,4,420,347,50,50,1,-1,-1,-1
304,1,518,608,50,50,1,-1,-1,-1
304,2,280,927,50,50,1,-1,-1,-1
304,3,515,1132,50,50,1,-1,-1,-1
304,4,416,373,50,50,1,-1,-1,-1
305,1,528,579,50,50,1,-1,-1,-1
305,2,321,929,50,50,1,-1,-1,-1
305,3,519,1051,50,50,1,-1,-1,-1
305,4,412,404,50,50,1,-1,-1,-1
306,1,538,555,50,50,1,-1,-1,-1
306,2,372,934,50,50,1,-1,-1,-1
306,3,521,969,50,50,1,-1,-1,-1
306,4,407,440,50,50,1,-1,-1,-1
307,1,548,537,50,50,1,-1,-1,-1
307,2,416,944,50,50,1,-1,-1,-1
307,3,525,893,50,50,1,-1,-1,-1
307,4,403,482,50,50,1,-1,-1,-1
308,1,558,524,50,50,1,-1,-1,-1
308,2,464,957,50,50,1,-1,-1,-1
308,3,528,818,50,50,1,-1,-1,-1
308,4,399,529,50,50,1,-1,-1,-1
309,1,568,516,50,50,1,-1,-1,-1
309,2,503,969,50,50,1,-1,-1,-1
309,3,530,748,50,50,1,-1,-1,-1
309,4,395,580,50,50,1,-1,-1,-1
310,1,578,513,50,50,1,-1,-1,-1
310,2,512,985,50,50,1,-1,-1,-1
310,3,533,683,50,50,1,-1,-1,-1
310,4,391,638,50,50,1,-1,-1,-1
311,1,587,516,50,50,1,-1,-1,-1
311,2,513,1009,50,50,1,-1,-1,-1
311,3,536,624,50,50,1,-1,-1,-1
311,4,387,699,50,50,1,-1,-1,-1
312,1,597,523,50,50,1,-1,-1,-1
312,2,522,1036,50,50,1,-1,-1,-1
312,3,539,570,50,50,1,-1,-1,-1
312,4,383,766,50,50,1,-1,-1,-1
313,1,606,536,50,50,1,-1,-1,-1
313,2,534,1076,50,50,1,-1,-1,-1
313,3,542,522,50,50,1,-1,-1,-1
313,4,380,837,50,50,1,-1,-1,-1
314,1,616,554,50,50,1,-1,-1,-1
314,2,546,1121,50,50,1,-1,-1,-1
314,3,544,479,50,50,1,-1,-1,-1
314,4,376,914,50,50,1,-1,-1,-1
315,1,625,577,50,50,1,-1,-1,-1
315,2,558,1152,50,50,1,-1,-1,-1
315,3,547,441,50,50,1,-1,-1,-1
315,4,373,985,50,50,1,-1,-1,-1
316,1,634,605,50,50,1,-1,-1,-1
316,2,562,1147,50,50,1,-1,-1,-1
316,3,550,410,50,50,1,-1,-1,-1
316,4,373,1008,50,50,1,-1,-1,-1
317,1,643,637,50,50,1,-1,-1,-1
317,2,563,1111,50,50,1,-1,-1,-1
317,3,553,383,50,50,1,-1,-1,-1
317,4,381,1027,50,50,1,-1,-1,-1
318,1,652,675,50,50,1,-1,-1,-1
318,2,560,1046,50,50,1,-1,-1,-1
318,3,555,363,50,50,1,-1,-1,-1
318,4,394,1048,50,50,1,-1,-1,-1
319,1,661,717,50,50,1,-1,-1,-1
319,2,552,980,50,50,1,-1,-1,-1
319,3,558,348,50,50,1,-1,-1,-1
319,4,403,1084,50,50,1,-1,-1,-1
320,1,670,763,50,50,1,-1,-1,-1
320,2,542,916,50,50,1,-1,-1,-1
320,3,561,338,50,50,1,-1,-1,-1
320,4,411,1130,50,50,1,-1,-1,-1
321,1,679,813,50,50,1,-1,-1,-1
321,2,534,855,50,50,1,-1,-1,-1
321,3,564,333,50,50,1,-1,-1,-1
321,4,420,1171,50,50,1,-1,-1,-1
322,1,687,869,50,50,1,-1,-1,-1
322,2,522,799,50,50,1,-1,-1,-1
322,3,566,333,50,50,1,-1,-1,-1
322,4,432,1196,50,50,1,-1,-1,-1
323,1,695,925,50,50,1,-1,-1,-1
323,2,512,747,50,50,1,-1,-1,-1
323,3,569,339,50,50,1,-1,-1,-1
323,4,448,1209,50,50,1,-1,-1,-1
324,1,699,956,50,50,1,-1,-1,-1
324,2,501,702,50,50,1,-1,-1,-1
324,3,572,350,50,50,1,-1,-1,-1
324,4,464,1209,50,50,1,-1,-1,-1
325,1,701,952,50,50,1,-1,-1,-1
325,2,491,662,50,50,1,-1,-1,-1
325,3,574,366,50,50,1,-1,-1,-1
325,4,482,1187,50,50,1,-1,-1,-1
326,1,676,942,50,50,1,-1,-1,-1
326,2,481,627,50,50,1,-1,-1,-1
326,3,577,387,50,50,1,-1,-1,-1
326,4,498,1134,50,50,1,-1,-1,-1
327,1,643,935,50,50,1,-1,-1,-1
327,2,470,598,50,50,1,-1,-1,-1
327,3,580,414,50,50,1,-1,-1,-1
327,4,504,1057,50,50,1,-1,-1,-1
328,1,595,945,50,50,1,-1,-1,-1
328,2,459,574,50,50,1,-1,-1,-1
328,3,582,446,50,50,1,-1,-1,-1
328,4,501,977,50,50,1,-1,-1,-1
329,1,554,953,50,50,1,-1,-1,-1
329,2,449,555,50,50,1,-1,-1,-1
329,3,585,483,50,50,1,-1,-1,-1
329,4,496,904,50,50,1,-1,-1,-1
330,1,512,965,50,50,1,-1,-1,-1
330,2,439,542,50,50,1,-1,-1,-1
330,3,587,525,50,50,1,-1,-1,-1
330,4,492,832,50,50,1,-1,-1,-1
331,1,478,977,50,50,1,-1,-1,-1
331,2,429,534,50,50,1,-1,-1,-1
331,3,590,572,50,50,1,-1,-1,-1
331,4,488,762,50,50,1,-1,-1,-1
332,1,470,1004,50,50,1,-1,-1,-1
332,2,418,531,50,50,1,-1,-1,-1
332,3,592,624,50,50,1,-1,-1,-1
332,4,484,700,50,50,1,-1,-1,-1
333,1,465,1031,50,50,1,-1,-1,-1
333,2,408,534,50,50,1,-1,-1,-1
333,3,594,681,50,50,1,-1,-1,-1
333,4,479,643,50,50,1,-1,-1,-1
334,1,450,1066,50,50,1,-1,-1,-1
334,2,399,542,50,50,1,-1,-1,-1
334,3,597,742,50,50,1,-1,-1,-1
334,4,475,590,50,50,1,-1,-1,-1
335,1,434,1114,50,50,1,-1,-1,-1
335,2,388,555,50,50,1,-1,-1,-1
335,3,599,808,50,50,1,-1,-1,-1
335,4,470,544,50,50,1,-1,-1,-1
336,1,428,1162,50,50,1,-1,-1,-1
336,2,378,573,50,50,1,-1,-1,-1
336,3,602,879,50,50,1,-1,-1,-1
336,4,466,503,50,50,1,-1,-1,-1
337,1,427,1180,50,50,1,-1,-1,-1
337,2,368,596,50,50,1,-1,-1,-1
337,3,604,943,50,50,1,-1,-1,-1
337,4,462,467,50,50,1,-1,-1,-1
338,1,428,1171,50,50,1,-1,-1,-1
338,2,359,625,50,50,1,-1,-1,-1
338,3,600,973,50,50,1,-1,-1,-1
338,4,458,437,50,50,1,-1,-1,-1
339,1,431,1135,50,50,1,-1,-1,-1
339,2,348,659,50,50,1,-1,-1,-1
339,3,593,997,50,50,1,-1,-1,-1
339,4,453,412,50,50,1,-1,-1,-1
340,1,438,1069,50,50,1,-1,-1,-1
340,2,339,697,50,50,1,-1,-1,-1
340,3,586,1024,50,50,1,-1,-1,-1
340,4,449,393,50,50,1,-1,-1,-1
341,1,445,999,50,50,1,-1,-1,-1
341,2,330,741,50,50,1,-1,-1,-1
341,3,580,1061,50,50,1,-1,-1,-1
341,4,444,378,50,50,1,-1,-1,-1
342,1,453,932,50,50,1,-1,-1,-1
342,2,321,789,50,50,1,-1,-1,-1
342,3,572,1109,50,50,1,-1,-1,-1
342,4,440,370,50,50,1,-1,-1,-1
343,1,461,871,50,50,1,-1,-1,-1
343,2,311,842,50,50,1,-1,-1,-1
343,3,562,1157,50,50,1,-1,-1,-1
343,4,436,366,50,50,1,-1,-1,-1
344,1,471,806,50,50,1,-1,-1,-1
344,2,301,900,50,50,1,-1,-1,-1
344,3,555,1191,50,50,1,-1,-1,-1
344,4,432,368,50,50,1,-1,-1,-1
345,1,482,754,50,50,1,-1,-1,-1
345,2,293,957,50,50,1,-1,-1,-1
345,3,545,1206,50,50,1,-1,-1,-1
345,4,427,375,50,50,1,-1,-1,-1
346,1,491,705,50,50,1,-1,-1,-1
346,2,280,987,50,50,1,-1,-1,-1
346,3,539,1200,50,50,1,-1,-1,-1
346,4,423,387,50,50,1,-1,-1,-1
347,1,501,662,50,50,1,-1,-1,-1
347,2,288,988,50,50,1,-1,-1,-1
347,3,536,1171,50,50,1,-1,-1,-1
347,4,419,404,50,50,1,-1,-1,-1
348,1,510,623,50,50,1,-1,-1,-1
348,2,313,984,50,50,1,-1,-1,-1
348,3,539,1113,50,50,1,-1,-1,-1
348,4,415,426,50,50,1,-1,-1,-1
349,1,520,589,50,50,1,-1,-1,-1
349,2,355,978,50,50,1,-1,-1,-1
349,3,541,1028,50,50,1,-1,-1,-1
349,4,411,454,50,50,1,-1,-1,-1
350,1,529,560,50,50,1,-1,-1,-1
350,2,392,980,50,50,1,-1,-1,-1
350,3,541,948,50,50,1,-1,-1,-1
350,4,406,487,50,50,1,-1,-1,-1
351,1,539,537,50,50,1,-1,-1,-1
351,2,434,982,50,50,1,-1,-1,-1
351,3,543,869,50,50,1,-1,-1,-1
351,4,403,525,50,50,1,-1,-1,-1
352,1,548,519,50,50,1,-1,-1,-1
352,2,478,988,50,50,1,-1,-1,-1
352,3,543,794,50,50,1,-1,-1,-1
352,4,398,567,50,50,1,-1,-1,-1
353,1,558,506,50,50,1,-1,-1,-1
353,2,509,1002,50,50,1,-1,-1,-1
353,3,543,724,50,50,1,-1,-1,-1
353,4,395,615,50,50,1,-1,-1,-1
354,1,568,499,50,50,1,-1,-1,-1
354,2,508,1025,50,50,1,-1,-1,-1
354,3,544,660,50,50,1,-1,-1,-1
354,4,390,669,50,50,1,-1,-1,-1
355,1,577,497,50,50,1,-1,-1,-1
355,2,518,1040,50,50,1,-1,-1,-1
355,3,544,600,50,50,1,-1,-1,-1
355,4,387,726,50,50,1,-1,-1,-1
356,1,586,500,50,50,1,-1,-1,-1
356,2,533,1072,50,50,1,-1,-1,-1
356,3,544,547,50,50,1,-1,-1,-1
356,4,383,788,50,50,1,-1,-1,-1
357,1,596,508,50,50,1,-1,-1,-1
357,2,545,1110,50,50,1,-1,-1,-1
357,3,545,498,50,50,1,-1,-1,-1
357,4,379,855,50,50,1,-1,-1,-1
358,1,606,522,50,50,1,-1,-1,-1
358,2,556,1152,50,50,1,-1,-1,-1
358,3,546,455,50,50,1,-1,-1,-1
358,4,375,927,50,50,1,-1,-1,-1
359,1,615,540,50,50,1,-1,-1,-1
359,2,564,1178,50,50,1,-1,-1,-1
359,3,546,417,50,50,1,-1,-1,-1
359,4,364,991,50,50,1,-1,-1,-1
360,1,625,564,50,50,1,-1,-1,-1
360,2,571,1183,50,50,1,-1,-1,-1
360,3,546,385,50,50,1,-1,-1,-1
360,4,372,1006,50,50,1,-1,-1,-1
361,1,634,594,50,50,1,-1,-1,-1
361,2,573,1163,50,50,1,-1,-1,-1
361,3,547,358,50,50,1,-1,-1,-1
361,4,374,1019,50,50,1,-1,-1,-1
362,1,643,628,50,50,1,-1,-1,-1
362,2,573,1116,50,50,1,-1,-1,-1
362,3,547,337,50,50,1,-1,-1,-1
362,4,384,1035,50,50,1,-1,-1,-1
363,1,653,668,50,50,1,-1,-1,-1
363,2,567,1046,50,50,1,-1,-1,-1
363,3,548,321,50,50,1,-1,-1,-1
363,4,394,1058,50,50,1,-1,-1,-1
364,1,662,712,50,50,1,-1,-1,-1
364,2,557,978,50,50,1,-1,-1,-1
364,3,548,310,50,50,1,-1,-1,-1
364,4,408,1085,50,50,1,-1,-1,-1
365,1,671,762,50,50,1,-1,-1,-1
365,2,547,911,50,50,1,-1,-1,-1
365,3,548,304,50,50,1,-1,-1,-1
365,4,422,1118,50,50,1,-1,-1,-1
366,1,680,817,50,50,1,-1,-1,-1
366,2,538,848,50,50,1,-1,-1,-1
366,3,549,303,50,50,1,-1,-1,-1
366,4,434,1151,50,50,1,-1,-1,-1
367,1,689,876,50,50,1,-1,-1,-1
367,2,525,789,50,50,1,-1,-1,-1
367,3,549,308,50,50,1,-1,-1,-1
367,4,448,1176,50,50,1,-1,-1,-1
368,1,698,938,50,50,1,-1,-1,-1
368,2,513,736,50,50,1,-1,-1,-1
368,3,550,317,50,50,1,-1,-1,-1
368,4,463,1184,50,50,1,-1,-1,-1
369,1,707,967,50,50,1,-1,-1,-1
369,2,501,687,50,50,1,-1,-1,-1
369,3,550,332,50,50,1,-1,-1,-1
369,4,476,1165,50,50,1,-1,-1,-1
370,1,688,963,50,50,1,-1,-1,-1
370,2,489,644,50,50,1,-1,-1,-1
370,3,550,352,50,50,1,-1,-1,-1
370,4,486,1107,50,50,1,-1,-1,-1
371,1,652,955,50,50,1,-1,-1,-1
371,2,477,606,50,50,1,-1,-1,-1
371,3,551,377,50,50,1,-1,-1,-1
371,4,487,1031,50,50,1,-1,-1,-1
372,1,600,959,50,50,1,-1,-1,-1
372,2,465,573,50,50,1,-1,-1,-1
372,3,551,407,50,50,1,-1,-1,-1
372,4,485,957,50,50,1,-1,-1,-1
373,1,564,965,50,50,1,-1,-1,-1
373,2,454,546,50,50,1,-1,-1,-1
373,3,551,442,50,50,1,-1,-1,-1
373,4,481,883,50,50,1,-1,-1,-1
374,1,522,974,50,50,1,-1,-1,-1
374,2,442,524,50,50,1,-1,-1,-1
374,3,552,482,50,50,1,-1,-1,-1
374,4,479,815,50,50,1,-1,-1,-1
375,1,499,987,50,50,1,-1,-1,-1
375,2,430,507,50,50,1,-1,-1,-1
375,3,553,527,50,50,1,-1,-1,-1
375,4,475,748,50,50,1,-1,-1,-1
376,1,490,1017,50,50,1,-1,-1,-1
376,2,418,496,50,50,1,-1,-1,-1
376,3,553,577,50,50,1,-1,-1,-1
376,4,472,689,50,50,1,-1,-1,-1
377,1,491,1048,50,50,1,-1,-1,-1
377,2,406,491,50,50,1,-1,-1,-1
377,3,552,631,50,50,1,-1,-1,-1
377,4,468,635,50,50,1,-1,-1,-1
378,1,481,1077,50,50,1,-1,-1,-1
378,2,394,491,50,50,1,-1,-1,-1
378,3,553,690,50,50,1,-1,-1,-1
378,4,465,586,50,50,1,-1,-1,-1
379,1,458,1112,50,50,1,-1,-1,-1
379,2,382,496,50,50,1,-1,-1,-1
379,3,553,754,50,50,1,-1,-1,-1
379,4,462,542,50,50,1,-1,-1,-1
380,1,445,1159,50,50,1,-1,-1,-1
380,2,370,507,50,50,1,-1,-1,-1
380,3,553,823,50,50,1,-1,-1,-1
380,4,460,504,50,50,1,-1,-1,-1
381,1,433,1186,50,50,1,-1,-1,-1
381,2,357,523,50,50,1,-1,-1,-1
381,3,553,896,50,50,1,-1,-1,-1
381,4,456,471,50,50,1,-1,-1,-1
382,1,426,1186,50,50,1,-1,-1,-1
382,2,345,545,50,50,1,-1,-1,-1
382,3,547,961,50,50,1,-1,-1,-1
382,4,454,444,50,50,1,-1,-1,-1
383,1,426,1162,50,50,1,-1,-1,-1
383,2,333,572,50,50,1,-1,-1,-1
383,3,545,967,50,50,1,-1,-1,-1
383,4,451,422,50,50,1,-1,-1,-1
384,1,429,1109,50,50,1,-1,-1,-1
384,2,321,606,50,50,1,-1,-1,-1
384,3,541,986,50,50,1,-1,-1,-1
384,4,448,405,50,50,1,-1,-1,-1
385,1,439,1035,50,50,1,-1,-1,-1
385,2,310,644,50,50,1,-1,-1,-1
385,3,539,1016,50,50,1,-1,-1,-1
385,4,444,394,50,50,1,-1,-1,-1
386,1,448,967,50,50,1,-1,-1,-1
386,2,298,689,50,50,1,-1,-1,-1
386,3,537,1052,50,50,1,-1,-1,-1
386,4,442,388,50,50,1,-1,-1,-1
387,1,456,901,50,50,1,-1,-1,-1
387,2,286,737,50,50,1,-1,-1,-1
387,3,535,1098,50,50,1,-1,-1,-1
387,4,439,387,50,50,1,-1,-1,-1
388,1,469,839,50,50,1,-1,-1,-1
388,2,274,793,50,50,1,-1,-1,-1
388,3,535,1149,50,50,1,-1,-1,-1
388,4,435,392,50,50,1,-1,-1,-1
389,1,481,780,50,50,1,-1,-1,-1
389,2,262,853,50,50,1,-1,-1,-1
389,3,536,1186,50,50,1,-1,-1,-1
389,4,432,401,50,50,1,-1,-1,-1
390,1,491,731,50,50,1,-1,-1,-1
390,2,251,919,50,50,1,-1,-1,-1
390,3,532,1202,50,50,1,-1,-1,-1
390,4,429,416,50,50,1,-1,-1,-1
391,1,502,684,50,50,1,-1,-1,-1
391,2,234,962,50,50,1,-1,-1,-1
391,3,527,1197,50,50,1,-1,-1,-1
391,4,427,436,50,50,1,-1,-1,-1
392,1,513,644,50,50,1,-1,-1,-1
392,2,249,961,50,50,1,-1,-1,-1
392,3,528,1169,50,50,1,-1,-1,-1
392,4,424,461,50,50,1,-1,-1,-1
393,1,524,608,50,50,1,-1,-1,-1
393,2,282,954,50,50,1,-1,-1,-1
393,3,531,1114,50,50,1,-1,-1,-1
393,4,421,492,50,50,1,-1,-1,-1
394,1,535,577,50,50,1,-1,-1,-1
394,2,329,943,50,50,1,-1,-1,-1
394,3,533,1033,50,50,1,-1,-1,-1
394,4,418,527,50,50,1,-1,-1,-1
395,1,546,553,50,50,1,-1,-1,-1
395,2,380,949,50,50,1,-1,-1,-1
395,3,533,954,50,50,1,-1,-1,-1
395,4,416,567,50,50,1,-1,-1,-1
396,1,558,533,50,50,1,-1,-1,-1
396,2,426,956,50,50,1,-1,-1,-1
396,3,532,878,50,50,1,-1,-1,-1
396,4,413,613,50,50,1,-1,-1,-1
397,1,568,519,50,50,1,-1,-1,-1
397,2,477,965,50,50,1,-1,-1,-1
397,3,531,804,50,50,1,-1,-1,-1
397,4,410,663,50,50,1,-1,-1,-1
398,1,579,511,50,50,1,-1,-1,-1
398,2,507,982,50,50,1,-1,-1,-1
398,3,530,736,50,50,1,-1,-1,-1
398,4,408,718,50,50,1,-1,-1,-1
399,1,589,507,50,50,1,-1,-1,-1
399,2,514,1009,50,50,1,-1,-1,-1
399,3,528,672,50,50,1,-1,-1,-1
399,4,405,778,50,50,1,-1,-1,-1
400,1,601,509,50,50,1,-1,-1,-1
400,2,518,1033,50,50,1,-1,-1,-1
400,3,527,614,50,50,1,-1,-1,-1
400,4,402,842,50,50,1,-1,-1,-1
401,1,611,516,50,50,1,-1,-1,-1
401,2,531,1067,50,50,1,-1,-1,-1
401,3,526,561,50,50,1,-1,-1,-1
401,4,400,911,50,50,1,-1,-1,-1
402,1,622,528,50,50,1,-1,-1,-1
402,2,544,1110,50,50,1,-1,-1,-1
402,3,525,514,50,50,1,-1,-1,-1
402,4,397,981,50,50,1,-1,-1,-1
403,1,632,546,50,50,1,-1,-1,-1
403,2,558,1152,50,50,1,-1,-1,-1
403,3,523,472,50,50,1,-1,-1,-1
403,4,398,1001,50,50,1,-1,-1,-1
404,1,643,568,50,50,1,-1,-1,-1
404,2,566,1166,50,50,1,-1,-1,-1
404,3,522,435,50,50,1,-1,-1,-1
404,4,405,1018,50,50,1,-1,-1,-1
405,1,653,596,50,50,1,-1,-1,-1
405,2,571,1148,50,50,1,-1,-1,-1
405,3,520,404,50,50,1,-1,-1,-1
405,4,412,1034,50,50,1,-1,-1,-1
406,1,663,629,50,50,1,-1,-1,-1
406,2,571,1099,50,50,1,-1,-1,-1
406,3,519,378,50,50,1,-1,-1,-1
406,4,418,1056,50,50,1,-1,-1,-1
407,1,674,667,50,50,1,-1,-1,-1
407,2,565,1027,50,50,1,-1,-1,-1
407,3,517,358,50,50,1,-1,-1,-1
407,4,424,1084,50,50,1,-1,-1,-1
408,1,684,709,50,50,1,-1,-1,-1
408,2,556,959,50,50,1,-1,-1,-1
408,3,516,343,50,50,1,-1,-1,-1
408,4,430,1116,50,50,1,-1,-1,-1
409,1,694,757,50,50,1,-1,-1,-1
409,2,547,894,50,50,1,-1,-1,-1
409,3,515,333,50,50,1,-1,-1,-1
409,4,438,1148,50,50,1,-1,-1,-1
410,1,704,809,50,50,1,-1,-1,-1
410,2,537,832,50,50,1,-1,-1,-1
410,3,514,329,50,50,1,-1,-1,-1
410,4,445,1172,50,50,1,-1,-1,-1
411,1,714,866,50,50,1,-1,-1,-1
411,2,526,776,50,50,1,-1,-1,-1
411,3,512,330,50,50,1,-1,-1,-1
411,4,453,1191,50,50,1,-1,-1,-1
412,1,724,926,50,50,1,-1,-1,-1
412,2,517,725,50,50,1,-1,-1,-1
412,3,510,335,50,50,1,-1,-1,-1
412,4,462,1199,50,50,1,-1,-1,-1
413,1,726,952,50,50,1,-1,-1,-1
413,2,506,679,50,50,1,-1,-1,-1
413,3,509,347,50,50,1,-1,-1,-1
413,4,474,1187,50,50,1,-1,-1,-1
414,1,705,948,50,50,1,-1,-1,-1
414,2,496,639,50,50,1,-1,-1,-1
414,3,508,363,50,50,1,-1,-1,-1
414,4,489,1143,50,50,1,-1,-1,-1
415,1,668,942,50,50,1,-1,-1,-1
415,2,485,603,50,50,1,-1,-1,-1
415,3,507,385,50,50,1,-1,-1,-1
415,4,493,1068,50,50,1,-1,-1,-1
416,1,616,945,50,50,1,-1,-1,-1
416,2,475,573,50,50,1,-1,-1,-1
416,3,506,411,50,50,1,-1,-1,-1
416,4,490,987,50,50,1,-1,-1,-1
417,1,574,963,50,50,1,-1,-1,-1
417,2,464,548,50,50,1,-1,-1,-1
417,3,504,443,50,50,1,-1,-1,-1
417,4,484,914,50,50,1,-1,-1,-1
418,1,528,978,50,50,1,-1,-1,-1
418,2,454,529,50,50,1,-1,-1,-1
418,3,503,480,50,50,1,-1,-1,-1
418,4,480,835,50,50,1,-1,-1,-1
419,1,489,991,50,50,1,-1,-1,-1
419,2,443,515,50,50,1,-1,-1,-1
419,3,502,522,50,50,1,-1,-1,-1
419,4,474,764,50,50,1,-1,-1,-1
420,1,491,1011,50,50,1,-1,-1,-1
420,2,432,507,50,50,1,-1,-1,-1
420,3,500,570,50,50,1,-1,-1,-1
420,4,468,699,50,50,1,-1,-1,-1
421,1,483,1029,50,50,1,-1,-1,-1
421,2,422,504,50,50,1,-1,-1,-1
421,3,499,623,50,50,1,-1,-1,-1
421,4,463,639,50,50,1,-1,-1,-1
422,1,479,1037,50,50,1,-1,-1,-1
422,2,411,507,50,50,1,-1,-1,-1
422,3,498,680,50,50,1,-1,-1,-1
422,4,457,583,50,50,1,-1,-1,-1
423,1,461,1046,50,50,1,-1,-1,-1
423,2,401,516,50,50,1,-1,-1,-1
423,3,497,742,50,50,1,-1,-1,-1
423,4,451,534,50,50,1,-1,-1,-1
424,1,448,1059,50,50,1,-1,-1,-1
424,2,389,530,50,50,1,-1,-1,-1
424,3,496,805,50,50,1,-1,-1,-1
424,4,446,490,50,50,1,-1,-1,-1
425,1,436,1066,50,50,1,-1,-1,-1
425,2,379,550,50,50,1,-1,-1,-1
425,3,493,879,50,50,1,-1,-1,-1
425,4,440,451,50,50,1,-1,-1,-1
426,1,423,1067,50,50,1,-1,-1,-1
426,2,368,575,50,50,1,-1,-1,-1
426,3,491,945,50,50,1,-1,-1,-1
426,4,435,417,50,50,1,-1,-1,-1
427,1,406,1059,50,50,1,-1,-1,-1
427,2,357,606,50,50,1,-1,-1,-1
427,3,500,972,50,50,1,-1,-1,-1
427,4,429,390,50,50,1,-1,-1,-1
428,1,384,1047,50,50,1,-1,-1,-1
428,2,346,643,50,50,1,-1,-1,-1
428,3,505,989,50,50,1,-1,-1,-1
428,4,424,368,50,50,1,-1,-1,-1
429,1,364,1034,50,50,1,-1,-1,-1
429,2,336,685,50,50,1,-1,-1,-1
429,3,511,1008,50,50,1,-1,-1,-1
429,4,419,351,50,50,1,-1,-1,-1
430,1,341,1025,50,50,1,-1,-1,-1
430,2,326,733,50,50,1,-1,-1,-1
430,3,519,1025,50,50,1,-1,-1,-1
430,4,413,339,50,50,1,-1,-1,-1
431,1,317,1022,50,50,1,-1,-1,-1
431,2,315,787,50,50,1,-1,-1,-1
431,3,530,1040,50,50,1,-1,-1,-1
431,4,408,332,50,50,1,-1,-1,-1
432,1,294,1022,50,50,1,-1,-1,-1
432,2,305,846,50,50,1,-1,-1,-1
432,3,542,1052,50,50,1,-1,-1,-1
432,4,403,331,50,50,1,-1,-1,-1
433,1,274,1025,50,50,1,-1,-1,-1
433,2,294,911,50,50,1,-1,-1,-1
433,3,553,1060,50,50,1,-1,-1,-1
433,4,398,335,50,50,1,-1,-1,-1
434,1,260,1028,50,50,1,-1,-1,-1
434,2,284,982,50,50,1,-1,-1,-1
434,3,563,1064,50,50,1,-1,-1,-1
434,4,392,345,50,50,1,-1,-1,-1
435,1,249,1045,50,50,1,-1,-1,-1
435,3,572,1066,50,50,1,-1,-1,-1
435,4,386,360,50,50,1,-1,-1,-1
436,1,249,1047,50,50,1,-1,-1,-1
436,3,580,1067,50,50,1,-1,-1,-1
436,4,381,380,50,50,1,-1,-1,-1
437,1,253,1041,50,50,1,-1,-1,-1
437,2,290,1027,50,50,1,-1,-1,-1
437,3,588,1068,50,50,1,-1,-1,-1
437,4,376,406,50,50,1,-1,-1,-1
438,1,261,1033,50,50,1,-1,-1,-1
438,3,595,1068,50,50,1,-1,-1,-1
438,4,370,436,50,50,1,-1,-1,-1
439,1,268,1028,50,50,1,-1,-1,-1
439,2,310,1027,50,50,1,-1,-1,-1
439,3,602,1068,50,50,1,-1,-1,-1
439,4,365,473,50,50,1,-1,-1,-1
440,1,273,1026,50,50,1,-1,-1,-1
440,2,314,1025,50,50,1,-1,-1,-1
440,3,607,1068,50,50,1,-1,-1,-1
440,4,360,514,50,50,1,-1,-1,-1
441,1,276,1025,50,50,1,-1,-1,-1
441,3,612,1068,50,50,1,-1,-1,-1
441,4,354,561,50,50,1,-1,-1,-1
442,1,279,1024,50,50,1,-1,-1,-1
442,3,614,1068,50,50,1,-1,-1,-1
442,4,348,612,50,50,1,-1,-1,-1
443,1,277,1021,50,50,1,-1,-1,-1
443,3,616,1068,50,50,1,-1,-1,-1
443,4,344,670,50,50,1,-1,-1,-1
444,1,292,1018,50,50,1,-1,-1,-1
444,3,617,1068,50,50,1,-1,-1,-1
444,4,339,732,50,50,1,-1,-1,-1
445,1,296,1017,50,50,1,-1,-1,-1
445,3,618,1068,50,50,1,-1,-1,-1
445,4,335,798,50,50,1,-1,-1,-1
446,1,302,1014,50,50,1,-1,-1,-1
446,3,619,1070,50,50,1,-1,-1,-1
446,4,329,870,50,50,1,-1,-1,-1
447,1,310,1008,50,50,1,-1,-1,-1
447,3,620,1072,50,50,1,-1,-1,-1
447,4,324,946,50,50,1,-1,-1,-1
448,1,319,1005,50,50,1,-1,-1,-1
448,3,621,1073,50,50,1,-1,-1,-1
449,1,328,1011,50,50,1,-1,-1,-1
449,3,622,1076,50,50,1,-1,-1,-1
450,1,332,1014,50,50,1,-1,-1,-1
450,3,623,1077,50,50,1,-1,-1,-1
451,1,333,1015,50,50,1,-1,-1,-1
451,3,624,1079,50,50,1,-1,-1,-1
452,1,331,1017,50,50,1,-1,-1,-1
452,3,626,1079,50,50,1,-1,-1,-1
453,1,327,1018,50,50,1,-1,-1,-1
453,3,628,1078,50,50,1,-1,-1,-1
454,1,325,1021,50,50,1,-1,-1,-1
454,3,630,1077,50,50,1,-1,-1,-1
455,1,322,1024,50,50,1,-1,-1,-1
455,3,631,1075,50,50,1,-1,-1,-1
456,1,320,1027,50,50,1,-1,-1,-1
456,3,632,1073,50,50,1,-1,-1,-1
457,1,320,1031,50,50,1,-1,-1,-1
457,3,634,1071,50,50,1,-1,-1,-1
458,1,320,1034,50,50,1,-1,-1,-1
458,3,636,1068,50,50,1,-1,-1,-1
459,1,322,1038,50,50,1,-1,-1,-1
459,3,637,1067,50,50,1,-1,-1,-1
460,1,324,1041,50,50,1,-1,-1,-1
460,3,638,1066,50,50,1,-1,-1,-1
461,1,326,1045,50,50,1,-1,-1,-1
461,3,640,1066,50,50,1,-1,-1,-1
462,1,327,1049,50,50,1,-1,-1,-1
462,3,641,1067,50,50,1,-1,-1,-1
463,1,328,1053,50,50,1,-1,-1,-1
463,3,642,1069,50,50,1,-1,-1,-1
464,1,329,1058,50,50,1,-1,-1,-1
464,3,643,1071,50,50,1,-1,-1,-1
465,1,331,1062,50,50,1,-1,-1,-1
465,3,645,1072,50,50,1,-1,-1,-1
466,1,333,1066,50,50,1,-1,-1,-1
466,3,645,1073,50,50,1,-1,-1,-1
467,1,336,1069,50,50,1,-1,-1,-1
467,3,646,1074,50,50,1,-1,-1,-1
468,1,339,1071,50,50,1,-1,-1,-1
468,3,646,1075,50,50,1,-1,-1,-1
469,1,344,1072,50,50,1,-1,-1,-1
469,3,647,1076,50,50,1,-1,-1,-1
470,1,350,1073,50,50,1,-1,-1,-1
470,3,647,1077,50,50,1,-1,-1,-1
471,1,355,1072,50,50,1,-1,-1,-1
471,3,646,1078,50,50,1,-1,-1,-1
472,1,360,1072,50,50,1,-1,-1,-1
472,3,645,1080,50,50,1,-1,-1,-1
473,1,366,1073,50,50,1,-1,-1,-1
473,3,644,1080,50,50,1,-1,-1,-1
474,1,369,1074,50,50,1,-1,-1,-1
474,3,643,1081,50,50,1,-1,-1,-1
475,1,373,1077,50,50,1,-1,-1,-1
475,3,642,1082,50,50,1,-1,-1,-1
476,1,375,1078,50,50,1,-1,-1,-1
476,3,641,1082,50,50,1,-1,-1,-1
477,1,377,1080,50,50,1,-1,-1,-1
477,3,640,1082,50,50,1,-1,-1,-1
478,1,380,1081,50,50,1,-1,-1,-1
478,3,640,1083,50,50,1,-1,-1,-1
