17,1,474,1353,50,50,1,-1,-1,-1
18,1,474,1353,50,50,1,-1,-1,-1
19,1,474,1353,50,50,1,-1,-1,-1
20,1,474,1353,50,50,1,-1,-1,-1
21,1,474,1353,50,50,1,-1,-1,-1
22,1,474,1353,50,50,1,-1,-1,-1
23,1,474,1353,50,50,1,-1,-1,-1
24,1,474,1353,50,50,1,-1,-1,-1
25,1,546,867,50,50,1,-1,-1,-1
26,1,551,818,50,50,1,-1,-1,-1
27,1,555,775,50,50,1,-1,-1,-1
28,1,560,737,50,50,1,-1,-1,-1
28,2,486,1211,50,50,1,-1,-1,-1
29,1,566,707,50,50,1,-1,-1,-1
30,1,572,680,50,50,1,-1,-1,-1
31,1,578,660,50,50,1,-1,-1,-1
32,1,583,645,50,50,1,-1,-1,-1
33,1,588,635,50,50,1,-1,-1,-1
33,2,486,913,50,50,1,-1,-1,-1
34,1,594,630,50,50,1,-1,-1,-1
34,2,482,873,50,50,1,-1,-1,-1
35,1,600,628,50,50,1,-1,-1,-1
35,2,476,837,50,50,1,-1,-1,-1
36,1,608,632,50,50,1,-1,-1,-1
36,2,471,807,50,50,1,-1,-1,-1
37,1,614,641,50,50,1,-1,-1,-1
37,2,467,781,50,50,1,-1,-1,-1
38,1,621,656,50,50,1,-1,-1,-1
38,2,462,761,50,50,1,-1,-1,-1
39,1,628,673,50,50,1,-1,-1,-1
39,2,457,747,50,50,1,-1,-1,-1
40,1,635,698,50,50,1,-1,-1,-1
40,2,453,738,50,50,1,-1,-1,-1
40,3,544,833,50,50,1,-1,-1,-1
41,1,651,761,50,50,1,-1,-1,-1
41,2,445,733,50,50,1,-1,-1,-1
41,3,555,756,50,50,1,-1,-1,-1
42,1,659,801,50,50,1,-1,-1,-1
42,2,442,739,50,50,1,-1,-1,-1
42,3,561,726,50,50,1,-1,-1,-1
43,1,667,845,50,50,1,-1,-1,-1
43,2,436,749,50,50,1,-1,-1,-1
43,3,568,702,50,50,1,-1,-1,-1
44,1,674,895,50,50,1,-1,-1,-1
44,2,433,765,50,50,1,-1,-1,-1
44,3,576,682,50,50,1,-1,-1,-1
45,1,684,951,50,50,1,-1,-1,-1
45,2,430,785,50,50,1,-1,-1,-1
45,3,583,669,50,50,1,-1,-1,-1
46,2,426,811,50,50,1,-1,-1,-1
46,3,590,660,50,50,1,-1,-1,-1
46,4,532,833,50,50,1,-1,-1,-1
47,2,422,840,50,50,1,-1,-1,-1
47,3,597,655,50,50,1,-1,-1,-1
47,4,524,793,50,50,1,-1,-1,-1
48,2,419,876,50,50,1,-1,-1,-1
48,3,605,656,50,50,1,-1,-1,-1
48,4,520,759,50,50,1,-1,-1,-1
49,2,416,917,50,50,1,-1,-1,-1
49,3,613,661,50,50,1,-1,-1,-1
49,4,514,731,50,50,1,-1,-1,-1
50,1,688,1199,50,50,1,-1,-1,-1
50,2,414,965,50,50,1,-1,-1,-1
50,3,622,671,50,50,1,-1,-1,-1
50,4,508,707,50,50,1,-1,-1,-1
51,1,431,1118,50,50,1,-1,-1,-1
51,2,411,1018,50,50,1,-1,-1,-1
51,3,629,685,50,50,1,-1,-1,-1
51,4,502,690,50,50,1,-1,-1,-1
52,2,538,873,50,50,1,-1,-1,-1
52,3,638,707,50,50,1,-1,-1,-1
52,4,498,678,50,50,1,-1,-1,-1
53,2,543,830,50,50,1,-1,-1,-1
53,3,646,733,50,50,1,-1,-1,-1
53,4,493,670,50,50,1,-1,-1,-1
54,2,548,792,50,50,1,-1,-1,-1
54,3,655,763,50,50,1,-1,-1,-1
54,4,487,668,50,50,1,-1,-1,-1
55,1,407,1216,50,50,1,-1,-1,-1
55,2,553,760,50,50,1,-1,-1,-1
55,3,663,799,50,50,1,-1,-1,-1
55,4,483,670,50,50,1,-1,-1,-1
56,1,424,1253,50,50,1,-1,-1,-1
56,2,558,733,50,50,1,-1,-1,-1
56,3,673,839,50,50,1,-1,-1,-1
56,4,478,677,50,50,1,-1,-1,-1
57,1,442,1282,50,50,1,-1,-1,-1
57,2,564,711,50,50,1,-1,-1,-1
57,3,682,886,50,50,1,-1,-1,-1
57,4,474,689,50,50,1,-1,-1,-1
58,2,569,695,50,50,1,-1,-1,-1
58,3,693,938,50,50,1,-1,-1,-1
58,4,470,707,50,50,1,-1,-1,-1
59,2,575,684,50,50,1,-1,-1,-1
59,3,704,996,50,50,1,-1,-1,-1
59,4,465,731,50,50,1,-1,-1,-1
60,2,581,678,50,50,1,-1,-1,-1
60,4,462,759,50,50,1,-1,-1,-1
61,2,586,677,50,50,1,-1,-1,-1
61,3,555,866,50,50,1,-1,-1,-1
61,4,457,792,50,50,1,-1,-1,-1
62,2,594,680,50,50,1,-1,-1,-1
62,3,545,825,50,50,1,-1,-1,-1
62,4,455,831,50,50,1,-1,-1,-1
63,2,601,688,50,50,1,-1,-1,-1
63,3,535,790,50,50,1,-1,-1,-1
63,4,451,875,50,50,1,-1,-1,-1
64,1,693,1195,50,50,1,-1,-1,-1
64,2,608,700,50,50,1,-1,-1,-1
64,3,525,760,50,50,1,-1,-1,-1
64,4,447,925,50,50,1,-1,-1,-1
65,1,677,1230,50,50,1,-1,-1,-1
65,2,615,718,50,50,1,-1,-1,-1
65,3,517,736,50,50,1,-1,-1,-1
65,4,443,981,50,50,1,-1,-1,-1
66,2,622,741,50,50,1,-1,-1,-1
66,3,507,716,50,50,1,-1,-1,-1
66,4,653,1262,50,50,1,-1,-1,-1
67,1,541,883,50,50,1,-1,-1,-1
67,2,629,769,50,50,1,-1,-1,-1
67,3,497,702,50,50,1,-1,-1,-1
67,4,437,1121,50,50,1,-1,-1,-1
68,2,638,803,50,50,1,-1,-1,-1
68,3,489,693,50,50,1,-1,-1,-1
68,4,545,840,50,50,1,-1,-1,-1
69,1,441,1242,50,50,1,-1,-1,-1
69,2,654,885,50,50,1,-1,-1,-1
69,3,471,692,50,50,1,-1,-1,-1
69,4,554,770,50,50,1,-1,-1,-1
70,1,451,1279,50,50,1,-1,-1,-1
70,2,662,935,50,50,1,-1,-1,-1
70,3,462,698,50,50,1,-1,-1,-1
70,4,559,744,50,50,1,-1,-1,-1
71,2,670,988,50,50,1,-1,-1,-1
71,3,453,709,50,50,1,-1,-1,-1
71,4,564,723,50,50,1,-1,-1,-1
72,3,446,726,50,50,1,-1,-1,-1
72,4,569,707,50,50,1,-1,-1,-1
73,2,678,1121,50,50,1,-1,-1,-1
73,3,438,748,50,50,1,-1,-1,-1
73,4,574,696,50,50,1,-1,-1,-1
74,2,691,1147,50,50,1,-1,-1,-1
74,3,429,775,50,50,1,-1,-1,-1
74,4,580,690,50,50,1,-1,-1,-1
75,2,537,837,50,50,1,-1,-1,-1
75,3,421,808,50,50,1,-1,-1,-1
75,4,585,689,50,50,1,-1,-1,-1
76,2,527,803,50,50,1,-1,-1,-1
76,3,414,847,50,50,1,-1,-1,-1
76,4,591,692,50,50,1,-1,-1,-1
77,2,518,774,50,50,1,-1,-1,-1
77,3,404,893,50,50,1,-1,-1,-1
77,4,598,701,50,50,1,-1,-1,-1
77,5,662,1216,50,50,1,-1,-1,-1
78,2,510,752,50,50,1,-1,-1,-1
78,3,398,942,50,50,1,-1,-1,-1
78,4,605,715,50,50,1,-1,-1,-1
78,5,640,1247,50,50,1,-1,-1,-1
79,2,500,734,50,50,1,-1,-1,-1
79,3,391,998,50,50,1,-1,-1,-1
79,4,611,732,50,50,1,-1,-1,-1
79,5,621,1268,50,50,1,-1,-1,-1
79,6,518,907,50,50,1,-1,-1,-1
80,2,492,722,50,50,1,-1,-1,-1
80,4,617,756,50,50,1,-1,-1,-1
80,6,523,861,50,50,1,-1,-1,-1
81,2,483,715,50,50,1,-1,-1,-1
81,3,381,1136,50,50,1,-1,-1,-1
81,4,625,785,50,50,1,-1,-1,-1
81,6,528,817,50,50,1,-1,-1,-1
82,2,475,712,50,50,1,-1,-1,-1
82,3,381,1176,50,50,1,-1,-1,-1
82,4,631,820,50,50,1,-1,-1,-1
82,5,587,1205,50,50,1,-1,-1,-1
82,6,532,779,50,50,1,-1,-1,-1
83,2,464,713,50,50,1,-1,-1,-1
83,3,393,1219,50,50,1,-1,-1,-1
83,4,640,859,50,50,1,-1,-1,-1
83,6,537,747,50,50,1,-1,-1,-1
84,2,457,722,50,50,1,-1,-1,-1
84,3,412,1262,50,50,1,-1,-1,-1
84,4,648,904,50,50,1,-1,-1,-1
84,6,542,719,50,50,1,-1,-1,-1
85,2,450,735,50,50,1,-1,-1,-1
85,4,655,954,50,50,1,-1,-1,-1
85,6,546,697,50,50,1,-1,-1,-1
86,2,441,754,50,50,1,-1,-1,-1
86,6,552,681,50,50,1,-1,-1,-1
87,2,434,778,50,50,1,-1,-1,-1
87,3,465,1307,50,50,1,-1,-1,-1
87,5,545,907,50,50,1,-1,-1,-1
87,6,557,668,50,50,1,-1,-1,-1
88,2,426,806,50,50,1,-1,-1,-1
88,4,675,1130,50,50,1,-1,-1,-1
88,5,535,867,50,50,1,-1,-1,-1
88,6,564,662,50,50,1,-1,-1,-1
89,2,418,842,50,50,1,-1,-1,-1
89,4,680,1160,50,50,1,-1,-1,-1
89,5,527,831,50,50,1,-1,-1,-1
89,6,569,659,50,50,1,-1,-1,-1
90,2,410,883,50,50,1,-1,-1,-1
90,5,519,799,50,50,1,-1,-1,-1
90,6,575,662,50,50,1,-1,-1,-1
91,2,402,929,50,50,1,-1,-1,-1
91,4,658,1235,50,50,1,-1,-1,-1
91,5,511,774,50,50,1,-1,-1,-1
91,6,580,669,50,50,1,-1,-1,-1
92,2,395,981,50,50,1,-1,-1,-1
92,4,635,1274,50,50,1,-1,-1,-1
92,5,503,755,50,50,1,-1,-1,-1
92,6,587,683,50,50,1,-1,-1,-1
93,4,614,1290,50,50,1,-1,-1,-1
93,5,496,740,50,50,1,-1,-1,-1
93,6,593,701,50,50,1,-1,-1,-1
94,2,498,888,50,50,1,-1,-1,-1
94,4,601,1288,50,50,1,-1,-1,-1
94,5,489,731,50,50,1,-1,-1,-1
94,6,599,724,50,50,1,-1,-1,-1
95,2,502,839,50,50,1,-1,-1,-1
95,4,374,1157,50,50,1,-1,-1,-1
95,5,482,726,50,50,1,-1,-1,-1
95,6,607,752,50,50,1,-1,-1,-1
96,2,507,797,50,50,1,-1,-1,-1
96,5,474,727,50,50,1,-1,-1,-1
96,6,613,786,50,50,1,-1,-1,-1
97,6,629,869,50,50,1,-1,-1,-1
98,2,521,702,50,50,1,-1,-1,-1
98,3,412,1291,50,50,1,-1,-1,-1
98,5,455,755,50,50,1,-1,-1,-1
98,6,637,920,50,50,1,-1,-1,-1
99,2,525,680,50,50,1,-1,-1,-1
99,5,448,776,50,50,1,-1,-1,-1
99,6,644,975,50,50,1,-1,-1,-1
100,2,530,665,50,50,1,-1,-1,-1
100,5,442,801,50,50,1,-1,-1,-1
100,6,536,902,50,50,1,-1,-1,-1
101,2,535,655,50,50,1,-1,-1,-1
101,5,436,830,50,50,1,-1,-1,-1
101,6,530,860,50,50,1,-1,-1,-1
102,2,541,650,50,50,1,-1,-1,-1
102,3,448,1226,50,50,1,-1,-1,-1
102,4,665,1153,50,50,1,-1,-1,-1
102,5,430,865,50,50,1,-1,-1,-1
102,6,522,819,50,50,1,-1,-1,-1
103,2,546,649,50,50,1,-1,-1,-1
103,3,450,1168,50,50,1,-1,-1,-1
103,4,660,1189,50,50,1,-1,-1,-1
103,5,424,906,50,50,1,-1,-1,-1
103,6,517,784,50,50,1,-1,-1,-1
104,2,551,654,50,50,1,-1,-1,-1
104,3,647,1235,50,50,1,-1,-1,-1
104,5,419,950,50,50,1,-1,-1,-1
104,6,511,755,50,50,1,-1,-1,-1
105,2,558,663,50,50,1,-1,-1,-1
105,3,627,1274,50,50,1,-1,-1,-1
105,5,441,1013,50,50,1,-1,-1,-1
105,6,506,731,50,50,1,-1,-1,-1
106,2,558,663,50,50,1,-1,-1,-1
106,3,627,1274,50,50,1,-1,-1,-1
106,5,441,1013,50,50,1,-1,-1,-1
106,6,506,731,50,50,1,-1,-1,-1
107,2,571,698,50,50,1,-1,-1,-1
107,5,484,916,50,50,1,-1,-1,-1
107,6,495,699,50,50,1,-1,-1,-1
108,2,577,724,50,50,1,-1,-1,-1
108,5,492,873,50,50,1,-1,-1,-1
108,6,491,691,50,50,1,-1,-1,-1
109,2,584,756,50,50,1,-1,-1,-1
109,3,560,1223,50,50,1,-1,-1,-1
109,5,499,833,50,50,1,-1,-1,-1
109,6,486,689,50,50,1,-1,-1,-1
110,2,592,791,50,50,1,-1,-1,-1
110,5,509,801,50,50,1,-1,-1,-1
110,6,481,690,50,50,1,-1,-1,-1
111,2,598,832,50,50,1,-1,-1,-1
111,5,517,772,50,50,1,-1,-1,-1
111,6,476,697,50,50,1,-1,-1,-1
111,7,416,1265,50,50,1,-1,-1,-1
112,2,606,880,50,50,1,-1,-1,-1
112,5,525,749,50,50,1,-1,-1,-1
112,6,473,709,50,50,1,-1,-1,-1
112,7,425,1298,50,50,1,-1,-1,-1
113,2,615,932,50,50,1,-1,-1,-1
113,5,534,732,50,50,1,-1,-1,-1
113,6,468,727,50,50,1,-1,-1,-1
114,2,622,992,50,50,1,-1,-1,-1
114,3,528,905,50,50,1,-1,-1,-1
114,5,542,720,50,50,1,-1,-1,-1
114,6,464,749,50,50,1,-1,-1,-1
115,3,524,866,50,50,1,-1,-1,-1
115,5,549,712,50,50,1,-1,-1,-1
115,6,459,777,50,50,1,-1,-1,-1
115,7,467,1313,50,50,1,-1,-1,-1
116,2,644,1134,50,50,1,-1,-1,-1
116,3,519,827,50,50,1,-1,-1,-1
116,5,559,709,50,50,1,-1,-1,-1
116,6,455,810,50,50,1,-1,-1,-1
117,2,648,1169,50,50,1,-1,-1,-1
117,3,515,794,50,50,1,-1,-1,-1
117,5,567,711,50,50,1,-1,-1,-1
117,6,452,847,50,50,1,-1,-1,-1
117,7,487,1211,50,50,1,-1,-1,-1
118,2,645,1207,50,50,1,-1,-1,-1
118,3,512,765,50,50,1,-1,-1,-1
118,5,576,718,50,50,1,-1,-1,-1
118,6,449,892,50,50,1,-1,-1,-1
119,3,508,744,50,50,1,-1,-1,-1
119,5,586,730,50,50,1,-1,-1,-1
119,6,445,941,50,50,1,-1,-1,-1
120,3,505,727,50,50,1,-1,-1,-1
120,5,596,747,50,50,1,-1,-1,-1
120,6,442,997,50,50,1,-1,-1,-1
121,3,502,714,50,50,1,-1,-1,-1
121,5,606,769,50,50,1,-1,-1,-1
121,7,516,923,50,50,1,-1,-1,-1
122,3,499,709,50,50,1,-1,-1,-1
122,5,615,797,50,50,1,-1,-1,-1
122,7,521,884,50,50,1,-1,-1,-1
123,2,604,1212,50,50,1,-1,-1,-1
123,3,496,707,50,50,1,-1,-1,-1
123,5,624,828,50,50,1,-1,-1,-1
123,6,436,1174,50,50,1,-1,-1,-1
123,7,527,839,50,50,1,-1,-1,-1
124,3,493,711,50,50,1,-1,-1,-1
124,5,636,865,50,50,1,-1,-1,-1
124,6,441,1217,50,50,1,-1,-1,-1
124,7,533,797,50,50,1,-1,-1,-1
125,5,658,956,50,50,1,-1,-1,-1
126,3,485,751,50,50,1,-1,-1,-1
126,7,550,709,50,50,1,-1,-1,-1
127,2,552,912,50,50,1,-1,-1,-1
127,3,483,775,50,50,1,-1,-1,-1
127,7,556,690,50,50,1,-1,-1,-1
128,2,542,871,50,50,1,-1,-1,-1
128,3,481,805,50,50,1,-1,-1,-1
128,5,685,1137,50,50,1,-1,-1,-1
128,7,563,676,50,50,1,-1,-1,-1
129,3,506,836,50,50,1,-1,-1,-1
129,5,691,1165,50,50,1,-1,-1,-1
129,7,569,667,50,50,1,-1,-1,-1
130,2,525,803,50,50,1,-1,-1,-1
130,3,478,878,50,50,1,-1,-1,-1
130,5,688,1197,50,50,1,-1,-1,-1
130,7,575,663,50,50,1,-1,-1,-1
131,2,517,776,50,50,1,-1,-1,-1
131,3,475,922,50,50,1,-1,-1,-1
131,5,679,1234,50,50,1,-1,-1,-1
131,7,582,663,50,50,1,-1,-1,-1
132,2,508,756,50,50,1,-1,-1,-1
132,7,589,669,50,50,1,-1,-1,-1
133,2,500,740,50,50,1,-1,-1,-1
133,5,644,1285,50,50,1,-1,-1,-1
133,7,597,680,50,50,1,-1,-1,-1
134,2,493,730,50,50,1,-1,-1,-1
134,3,527,908,50,50,1,-1,-1,-1
134,7,605,695,50,50,1,-1,-1,-1
135,2,484,725,50,50,1,-1,-1,-1
135,3,532,865,50,50,1,-1,-1,-1
135,7,613,716,50,50,1,-1,-1,-1
136,2,477,724,50,50,1,-1,-1,-1
136,3,535,822,50,50,1,-1,-1,-1
136,5,610,1220,50,50,1,-1,-1,-1
136,7,619,742,50,50,1,-1,-1,-1
137,2,469,728,50,50,1,-1,-1,-1
137,3,541,783,50,50,1,-1,-1,-1
137,5,599,1163,50,50,1,-1,-1,-1
137,6,466,1231,50,50,1,-1,-1,-1
137,7,628,772,50,50,1,-1,-1,-1
138,2,461,739,50,50,1,-1,-1,-1
138,3,545,752,50,50,1,-1,-1,-1
138,7,636,809,50,50,1,-1,-1,-1
139,2,455,753,50,50,1,-1,-1,-1
139,3,550,725,50,50,1,-1,-1,-1
139,7,645,850,50,50,1,-1,-1,-1
140,2,448,773,50,50,1,-1,-1,-1
140,3,555,703,50,50,1,-1,-1,-1
140,7,653,898,50,50,1,-1,-1,-1
141,2,441,799,50,50,1,-1,-1,-1
141,3,560,688,50,50,1,-1,-1,-1
141,7,663,951,50,50,1,-1,-1,-1
142,2,433,829,50,50,1,-1,-1,-1
142,3,565,676,50,50,1,-1,-1,-1
142,7,554,881,50,50,1,-1,-1,-1
143,2,427,865,50,50,1,-1,-1,-1
143,3,571,670,50,50,1,-1,-1,-1
143,7,546,843,50,50,1,-1,-1,-1
144,2,420,906,50,50,1,-1,-1,-1
144,3,576,668,50,50,1,-1,-1,-1
144,7,537,812,50,50,1,-1,-1,-1
145,2,415,953,50,50,1,-1,-1,-1
145,3,583,671,50,50,1,-1,-1,-1
145,7,530,786,50,50,1,-1,-1,-1
146,2,409,1007,50,50,1,-1,-1,-1
146,3,589,679,50,50,1,-1,-1,-1
146,5,663,1188,50,50,1,-1,-1,-1
146,7,522,765,50,50,1,-1,-1,-1
147,2,645,1244,50,50,1,-1,-1,-1
147,3,596,693,50,50,1,-1,-1,-1
147,5,514,916,50,50,1,-1,-1,-1
147,7,515,751,50,50,1,-1,-1,-1
148,3,601,710,50,50,1,-1,-1,-1
148,5,520,876,50,50,1,-1,-1,-1
148,7,508,742,50,50,1,-1,-1,-1
149,2,613,1281,50,50,1,-1,-1,-1
149,3,608,734,50,50,1,-1,-1,-1
149,5,525,833,50,50,1,-1,-1,-1
149,6,391,1197,50,50,1,-1,-1,-1
149,7,500,737,50,50,1,-1,-1,-1
150,3,615,763,50,50,1,-1,-1,-1
150,5,529,795,50,50,1,-1,-1,-1
150,7,493,737,50,50,1,-1,-1,-1
151,3,621,797,50,50,1,-1,-1,-1
151,5,513,754,50,50,1,-1,-1,-1
151,6,398,1269,50,50,1,-1,-1,-1
151,7,590,1216,50,50,1,-1,-1,-1
152,3,628,837,50,50,1,-1,-1,-1
152,7,413,1296,50,50,1,-1,-1,-1
153,3,637,882,50,50,1,-1,-1,-1
153,5,543,716,50,50,1,-1,-1,-1
153,7,473,767,50,50,1,-1,-1,-1
154,2,462,1317,50,50,1,-1,-1,-1
154,3,653,987,50,50,1,-1,-1,-1
154,5,552,689,50,50,1,-1,-1,-1
154,7,461,814,50,50,1,-1,-1,-1
155,3,541,904,50,50,1,-1,-1,-1
155,5,558,682,50,50,1,-1,-1,-1
155,7,455,844,50,50,1,-1,-1,-1
156,5,564,682,50,50,1,-1,-1,-1
156,7,672,1118,50,50,1,-1,-1,-1
157,2,483,1175,50,50,1,-1,-1,-1
157,3,442,921,50,50,1,-1,-1,-1
157,5,570,685,50,50,1,-1,-1,-1
157,7,677,1149,50,50,1,-1,-1,-1
158,3,435,968,50,50,1,-1,-1,-1
158,5,575,695,50,50,1,-1,-1,-1
158,7,671,1184,50,50,1,-1,-1,-1
158,8,515,794,50,50,1,-1,-1,-1
159,3,432,1020,50,50,1,-1,-1,-1
159,5,582,709,50,50,1,-1,-1,-1
159,7,656,1229,50,50,1,-1,-1,-1
159,8,507,766,50,50,1,-1,-1,-1
160,5,588,726,50,50,1,-1,-1,-1
160,8,499,746,50,50,1,-1,-1,-1
161,3,497,897,50,50,1,-1,-1,-1
161,5,595,750,50,50,1,-1,-1,-1
161,7,622,1288,50,50,1,-1,-1,-1
161,8,492,729,50,50,1,-1,-1,-1
162,3,501,849,50,50,1,-1,-1,-1
162,5,602,781,50,50,1,-1,-1,-1
162,7,419,1197,50,50,1,-1,-1,-1
162,8,483,719,50,50,1,-1,-1,-1
163,3,505,806,50,50,1,-1,-1,-1
163,5,609,816,50,50,1,-1,-1,-1
163,7,420,1235,50,50,1,-1,-1,-1
163,8,476,713,50,50,1,-1,-1,-1
164,3,508,768,50,50,1,-1,-1,-1
164,5,616,857,50,50,1,-1,-1,-1
164,7,423,1269,50,50,1,-1,-1,-1
164,8,470,712,50,50,1,-1,-1,-1
165,5,624,903,50,50,1,-1,-1,-1
165,7,431,1298,50,50,1,-1,-1,-1
166,3,516,708,50,50,1,-1,-1,-1
166,5,633,956,50,50,1,-1,-1,-1
166,8,456,725,50,50,1,-1,-1,-1
167,3,520,687,50,50,1,-1,-1,-1
167,5,641,1013,50,50,1,-1,-1,-1
167,8,449,740,50,50,1,-1,-1,-1
168,3,524,670,50,50,1,-1,-1,-1
168,8,443,759,50,50,1,-1,-1,-1
169,2,542,889,50,50,1,-1,-1,-1
169,3,529,660,50,50,1,-1,-1,-1
169,5,660,1145,50,50,1,-1,-1,-1
169,7,457,1315,50,50,1,-1,-1,-1
169,8,436,784,50,50,1,-1,-1,-1
170,2,534,843,50,50,1,-1,-1,-1
170,3,533,653,50,50,1,-1,-1,-1
170,5,664,1178,50,50,1,-1,-1,-1
170,7,465,1270,50,50,1,-1,-1,-1
170,8,429,813,50,50,1,-1,-1,-1
171,2,525,803,50,50,1,-1,-1,-1
171,3,538,651,50,50,1,-1,-1,-1
171,5,660,1208,50,50,1,-1,-1,-1
171,7,468,1203,50,50,1,-1,-1,-1
171,8,423,848,50,50,1,-1,-1,-1
172,2,519,769,50,50,1,-1,-1,-1
172,3,542,654,50,50,1,-1,-1,-1
172,5,648,1249,50,50,1,-1,-1,-1
172,8,417,888,50,50,1,-1,-1,-1
173,2,512,739,50,50,1,-1,-1,-1
173,3,548,662,50,50,1,-1,-1,-1
173,5,631,1281,50,50,1,-1,-1,-1
173,7,475,1051,50,50,1,-1,-1,-1
173,8,412,933,50,50,1,-1,-1,-1
174,8,408,986,50,50,1,-1,-1,-1
175,2,498,696,50,50,1,-1,-1,-1
175,3,558,694,50,50,1,-1,-1,-1
175,7,483,927,50,50,1,-1,-1,-1
175,8,400,1042,50,50,1,-1,-1,-1
176,2,492,682,50,50,1,-1,-1,-1
176,3,564,718,50,50,1,-1,-1,-1
176,7,488,876,50,50,1,-1,-1,-1
177,2,485,675,50,50,1,-1,-1,-1
177,3,570,746,50,50,1,-1,-1,-1
177,7,492,830,50,50,1,-1,-1,-1
177,8,388,1182,50,50,1,-1,-1,-1
178,2,479,671,50,50,1,-1,-1,-1
178,3,576,781,50,50,1,-1,-1,-1
178,7,496,789,50,50,1,-1,-1,-1
178,8,384,1225,50,50,1,-1,-1,-1
179,2,473,673,50,50,1,-1,-1,-1
179,3,583,821,50,50,1,-1,-1,-1
179,7,501,754,50,50,1,-1,-1,-1
179,8,394,1259,50,50,1,-1,-1,-1
180,3,590,866,50,50,1,-1,-1,-1
181,2,455,708,50,50,1,-1,-1,-1
181,3,605,972,50,50,1,-1,-1,-1
181,7,514,677,50,50,1,-1,-1,-1
182,2,450,730,50,50,1,-1,-1,-1
182,3,536,917,50,50,1,-1,-1,-1
182,7,519,665,50,50,1,-1,-1,-1
182,8,449,1320,50,50,1,-1,-1,-1
183,2,445,757,50,50,1,-1,-1,-1
183,3,530,884,50,50,1,-1,-1,-1
183,7,525,655,50,50,1,-1,-1,-1
184,2,439,791,50,50,1,-1,-1,-1
184,3,524,845,50,50,1,-1,-1,-1
184,5,621,1153,50,50,1,-1,-1,-1
184,7,531,650,50,50,1,-1,-1,-1
184,8,474,1249,50,50,1,-1,-1,-1
185,2,434,829,50,50,1,-1,-1,-1
185,3,517,812,50,50,1,-1,-1,-1
185,5,621,1187,50,50,1,-1,-1,-1
185,7,534,650,50,50,1,-1,-1,-1
185,8,476,1186,50,50,1,-1,-1,-1
186,2,429,873,50,50,1,-1,-1,-1
186,3,513,785,50,50,1,-1,-1,-1
186,7,541,655,50,50,1,-1,-1,-1
186,8,618,1231,50,50,1,-1,-1,-1
187,2,424,922,50,50,1,-1,-1,-1
187,3,509,764,50,50,1,-1,-1,-1
187,7,547,665,50,50,1,-1,-1,-1
188,2,419,977,50,50,1,-1,-1,-1
188,3,505,748,50,50,1,-1,-1,-1
188,7,552,681,50,50,1,-1,-1,-1
188,8,606,1297,50,50,1,-1,-1,-1
189,3,500,736,50,50,1,-1,-1,-1
189,7,559,700,50,50,1,-1,-1,-1
190,2,511,878,50,50,1,-1,-1,-1
190,3,497,731,50,50,1,-1,-1,-1
190,7,565,726,50,50,1,-1,-1,-1
191,2,518,836,50,50,1,-1,-1,-1
191,3,492,730,50,50,1,-1,-1,-1
191,7,572,757,50,50,1,-1,-1,-1
191,8,407,1166,50,50,1,-1,-1,-1
192,2,570,1196,50,50,1,-1,-1,-1
192,3,488,734,50,50,1,-1,-1,-1
192,7,553,796,50,50,1,-1,-1,-1
192,8,409,1209,50,50,1,-1,-1,-1
193,7,586,834,50,50,1,-1,-1,-1
193,8,418,1254,50,50,1,-1,-1,-1
194,2,539,744,50,50,1,-1,-1,-1
194,3,480,757,50,50,1,-1,-1,-1
194,7,593,881,50,50,1,-1,-1,-1
194,8,438,1291,50,50,1,-1,-1,-1
195,2,547,724,50,50,1,-1,-1,-1
195,3,477,776,50,50,1,-1,-1,-1
195,7,600,932,50,50,1,-1,-1,-1
195,8,457,1313,50,50,1,-1,-1,-1
196,2,553,709,50,50,1,-1,-1,-1
196,3,474,800,50,50,1,-1,-1,-1
196,7,609,991,50,50,1,-1,-1,-1
197,2,561,700,50,50,1,-1,-1,-1
197,3,470,831,50,50,1,-1,-1,-1
197,7,522,889,50,50,1,-1,-1,-1
198,2,570,694,50,50,1,-1,-1,-1
198,3,491,856,50,50,1,-1,-1,-1
198,8,494,1244,50,50,1,-1,-1,-1
199,2,576,694,50,50,1,-1,-1,-1
199,3,464,905,50,50,1,-1,-1,-1
199,7,505,812,50,50,1,-1,-1,-1
199,8,625,1172,50,50,1,-1,-1,-1
200,2,584,698,50,50,1,-1,-1,-1
200,3,461,951,50,50,1,-1,-1,-1
200,7,498,781,50,50,1,-1,-1,-1
200,8,626,1214,50,50,1,-1,-1,-1
201,2,592,709,50,50,1,-1,-1,-1
201,3,458,1003,50,50,1,-1,-1,-1
201,7,490,756,50,50,1,-1,-1,-1
202,2,601,723,50,50,1,-1,-1,-1
202,7,482,736,50,50,1,-1,-1,-1
203,2,609,743,50,50,1,-1,-1,-1
203,3,513,912,50,50,1,-1,-1,-1
203,7,474,720,50,50,1,-1,-1,-1
204,2,618,768,50,50,1,-1,-1,-1
204,3,517,872,50,50,1,-1,-1,-1
204,7,466,710,50,50,1,-1,-1,-1
204,8,612,1273,50,50,1,-1,-1,-1
205,2,626,798,50,50,1,-1,-1,-1
205,3,520,829,50,50,1,-1,-1,-1
205,7,458,706,50,50,1,-1,-1,-1
205,8,603,1225,50,50,1,-1,-1,-1
206,2,635,834,50,50,1,-1,-1,-1
206,3,523,793,50,50,1,-1,-1,-1
206,7,451,707,50,50,1,-1,-1,-1
206,8,593,1165,50,50,1,-1,-1,-1
206,9,458,1267,50,50,1,-1,-1,-1
207,2,646,874,50,50,1,-1,-1,-1
207,3,526,763,50,50,1,-1,-1,-1
207,7,446,712,50,50,1,-1,-1,-1
207,9,462,1301,50,50,1,-1,-1,-1
208,2,654,920,50,50,1,-1,-1,-1
208,3,529,737,50,50,1,-1,-1,-1
208,7,439,723,50,50,1,-1,-1,-1
208,9,464,1319,50,50,1,-1,-1,-1
209,2,664,972,50,50,1,-1,-1,-1
209,3,532,716,50,50,1,-1,-1,-1
209,7,431,739,50,50,1,-1,-1,-1
209,9,466,1318,50,50,1,-1,-1,-1
210,3,539,691,50,50,1,-1,-1,-1
210,7,420,786,50,50,1,-1,-1,-1
210,8,534,875,50,50,1,-1,-1,-1
210,9,479,1260,50,50,1,-1,-1,-1
211,3,542,686,50,50,1,-1,-1,-1
211,7,413,817,50,50,1,-1,-1,-1
211,8,523,837,50,50,1,-1,-1,-1
211,9,481,1198,50,50,1,-1,-1,-1
212,2,685,1190,50,50,1,-1,-1,-1
212,3,546,685,50,50,1,-1,-1,-1
212,7,407,854,50,50,1,-1,-1,-1
212,8,512,805,50,50,1,-1,-1,-1
213,2,671,1231,50,50,1,-1,-1,-1
213,3,550,690,50,50,1,-1,-1,-1
213,7,399,896,50,50,1,-1,-1,-1
213,8,502,777,50,50,1,-1,-1,-1
214,2,649,1273,50,50,1,-1,-1,-1
214,3,554,700,50,50,1,-1,-1,-1
214,7,395,945,50,50,1,-1,-1,-1
214,8,491,756,50,50,1,-1,-1,-1
215,3,559,714,50,50,1,-1,-1,-1
215,7,387,997,50,50,1,-1,-1,-1
215,8,481,739,50,50,1,-1,-1,-1
215,9,502,933,50,50,1,-1,-1,-1
216,3,563,734,50,50,1,-1,-1,-1
216,8,472,728,50,50,1,-1,-1,-1
216,9,510,891,50,50,1,-1,-1,-1
217,2,594,1291,50,50,1,-1,-1,-1
217,3,568,758,50,50,1,-1,-1,-1
217,7,381,1137,50,50,1,-1,-1,-1
217,8,462,723,50,50,1,-1,-1,-1
217,9,517,849,50,50,1,-1,-1,-1
218,8,452,721,50,50,1,-1,-1,-1
219,7,385,1221,50,50,1,-1,-1,-1
219,8,444,725,50,50,1,-1,-1,-1
220,3,584,864,50,50,1,-1,-1,-1
220,7,402,1263,50,50,1,-1,-1,-1
220,8,433,735,50,50,1,-1,-1,-1
220,9,535,755,50,50,1,-1,-1,-1
221,7,425,1296,50,50,1,-1,-1,-1
221,8,425,749,50,50,1,-1,-1,-1
221,9,542,735,50,50,1,-1,-1,-1
222,8,414,768,50,50,1,-1,-1,-1
222,9,549,720,50,50,1,-1,-1,-1
223,2,456,1305,50,50,1,-1,-1,-1
223,8,408,793,50,50,1,-1,-1,-1
223,9,556,709,50,50,1,-1,-1,-1
224,3,524,900,50,50,1,-1,-1,-1
224,8,399,823,50,50,1,-1,-1,-1
224,9,562,704,50,50,1,-1,-1,-1
225,2,471,1217,50,50,1,-1,-1,-1
225,3,517,861,50,50,1,-1,-1,-1
225,8,389,859,50,50,1,-1,-1,-1
225,9,569,704,50,50,1,-1,-1,-1
226,3,511,824,50,50,1,-1,-1,-1
226,8,381,900,50,50,1,-1,-1,-1
226,9,577,708,50,50,1,-1,-1,-1
227,2,614,1213,50,50,1,-1,-1,-1
227,3,504,793,50,50,1,-1,-1,-1
227,8,372,947,50,50,1,-1,-1,-1
227,9,583,717,50,50,1,-1,-1,-1
228,2,611,1266,50,50,1,-1,-1,-1
228,3,498,766,50,50,1,-1,-1,-1
228,7,476,1015,50,50,1,-1,-1,-1
228,8,362,998,50,50,1,-1,-1,-1
228,9,591,731,50,50,1,-1,-1,-1
229,2,610,1289,50,50,1,-1,-1,-1
229,3,491,746,50,50,1,-1,-1,-1
229,7,477,959,50,50,1,-1,-1,-1
229,9,598,750,50,50,1,-1,-1,-1
230,2,602,1287,50,50,1,-1,-1,-1
230,3,484,731,50,50,1,-1,-1,-1
230,7,481,909,50,50,1,-1,-1,-1
230,8,361,1146,50,50,1,-1,-1,-1
230,9,606,773,50,50,1,-1,-1,-1
231,3,478,720,50,50,1,-1,-1,-1
231,7,484,866,50,50,1,-1,-1,-1
231,9,614,803,50,50,1,-1,-1,-1
232,3,473,716,50,50,1,-1,-1,-1
232,7,486,828,50,50,1,-1,-1,-1
232,9,622,838,50,50,1,-1,-1,-1
233,3,467,716,50,50,1,-1,-1,-1
233,7,488,794,50,50,1,-1,-1,-1
233,9,632,877,50,50,1,-1,-1,-1
234,8,379,1284,50,50,1,-1,-1,-1
234,9,641,922,50,50,1,-1,-1,-1
235,7,475,737,50,50,1,-1,-1,-1
235,9,649,972,50,50,1,-1,-1,-1
236,7,475,737,50,50,1,-1,-1,-1
236,9,649,972,50,50,1,-1,-1,-1
237,2,521,874,50,50,1,-1,-1,-1
237,3,441,790,50,50,1,-1,-1,-1
237,7,504,709,50,50,1,-1,-1,-1
237,9,670,1144,50,50,1,-1,-1,-1
238,2,512,836,50,50,1,-1,-1,-1
238,3,437,821,50,50,1,-1,-1,-1
238,7,507,708,50,50,1,-1,-1,-1
238,8,454,1260,50,50,1,-1,-1,-1
239,2,504,805,50,50,1,-1,-1,-1
239,3,432,855,50,50,1,-1,-1,-1
239,7,510,711,50,50,1,-1,-1,-1
239,8,460,1197,50,50,1,-1,-1,-1
239,9,658,1204,50,50,1,-1,-1,-1
240,2,496,779,50,50,1,-1,-1,-1
240,3,428,897,50,50,1,-1,-1,-1
240,7,515,719,50,50,1,-1,-1,-1
240,9,636,1250,50,50,1,-1,-1,-1
241,3,423,944,50,50,1,-1,-1,-1
241,7,503,746,50,50,1,-1,-1,-1
241,9,608,1286,50,50,1,-1,-1,-1
242,3,426,1120,50,50,1,-1,-1,-1
242,7,502,748,50,50,1,-1,-1,-1
243,2,471,733,50,50,1,-1,-1,-1
243,7,526,775,50,50,1,-1,-1,-1
244,2,463,726,50,50,1,-1,-1,-1
244,7,531,806,50,50,1,-1,-1,-1
244,8,493,894,50,50,1,-1,-1,-1
245,2,456,725,50,50,1,-1,-1,-1
245,7,516,847,50,50,1,-1,-1,-1
245,8,405,1167,50,50,1,-1,-1,-1
245,9,528,1233,50,50,1,-1,-1,-1
246,2,449,730,50,50,1,-1,-1,-1
246,7,539,879,50,50,1,-1,-1,-1
246,8,506,817,50,50,1,-1,-1,-1
246,9,408,1204,50,50,1,-1,-1,-1
247,2,443,740,50,50,1,-1,-1,-1
247,7,547,918,50,50,1,-1,-1,-1
247,8,513,787,50,50,1,-1,-1,-1
247,9,419,1249,50,50,1,-1,-1,-1
248,2,437,755,50,50,1,-1,-1,-1
248,7,544,1126,50,50,1,-1,-1,-1
248,8,522,762,50,50,1,-1,-1,-1
249,2,429,775,50,50,1,-1,-1,-1
249,8,530,741,50,50,1,-1,-1,-1
250,2,421,799,50,50,1,-1,-1,-1
250,8,536,727,50,50,1,-1,-1,-1
251,2,415,829,50,50,1,-1,-1,-1
251,8,543,718,50,50,1,-1,-1,-1
251,9,486,882,50,50,1,-1,-1,-1
252,2,408,865,50,50,1,-1,-1,-1
252,7,588,1198,50,50,1,-1,-1,-1
252,8,551,712,50,50,1,-1,-1,-1
252,9,481,844,50,50,1,-1,-1,-1
253,2,402,907,50,50,1,-1,-1,-1
253,7,585,1237,50,50,1,-1,-1,-1
253,8,558,712,50,50,1,-1,-1,-1
253,9,477,812,50,50,1,-1,-1,-1
254,2,395,953,50,50,1,-1,-1,-1
254,8,566,716,50,50,1,-1,-1,-1
254,9,473,785,50,50,1,-1,-1,-1
255,2,390,1006,50,50,1,-1,-1,-1
255,8,574,726,50,50,1,-1,-1,-1
255,9,468,764,50,50,1,-1,-1,-1
256,8,583,740,50,50,1,-1,-1,-1
256,9,465,747,50,50,1,-1,-1,-1
257,2,488,873,50,50,1,-1,-1,-1
257,8,592,761,50,50,1,-1,-1,-1
257,9,460,736,50,50,1,-1,-1,-1
258,2,493,831,50,50,1,-1,-1,-1
258,7,572,1241,50,50,1,-1,-1,-1
258,8,601,787,50,50,1,-1,-1,-1
258,9,456,730,50,50,1,-1,-1,-1
259,7,499,795,50,50,1,-1,-1,-1
259,8,610,817,50,50,1,-1,-1,-1
259,9,453,729,50,50,1,-1,-1,-1
260,2,504,764,50,50,1,-1,-1,-1
260,7,386,1264,50,50,1,-1,-1,-1
260,8,619,853,50,50,1,-1,-1,-1
260,9,449,733,50,50,1,-1,-1,-1
261,2,510,738,50,50,1,-1,-1,-1
261,7,409,1293,50,50,1,-1,-1,-1
261,8,628,894,50,50,1,-1,-1,-1
261,9,446,742,50,50,1,-1,-1,-1
262,2,515,717,50,50,1,-1,-1,-1
262,8,638,940,50,50,1,-1,-1,-1
262,9,443,757,50,50,1,-1,-1,-1
263,2,520,702,50,50,1,-1,-1,-1
263,7,525,918,50,50,1,-1,-1,-1
263,8,648,991,50,50,1,-1,-1,-1
263,9,440,775,50,50,1,-1,-1,-1
264,2,527,692,50,50,1,-1,-1,-1
264,7,516,884,50,50,1,-1,-1,-1
264,9,436,800,50,50,1,-1,-1,-1
265,2,532,687,50,50,1,-1,-1,-1
265,7,509,843,50,50,1,-1,-1,-1
265,8,471,1247,50,50,1,-1,-1,-1
265,9,435,829,50,50,1,-1,-1,-1
266,2,545,691,50,50,1,-1,-1,-1
266,7,497,779,50,50,1,-1,-1,-1
266,8,663,1198,50,50,1,-1,-1,-1
266,9,429,904,50,50,1,-1,-1,-1
267,2,551,700,50,50,1,-1,-1,-1
267,7,491,757,50,50,1,-1,-1,-1
267,8,651,1246,50,50,1,-1,-1,-1
267,9,427,950,50,50,1,-1,-1,-1
268,2,559,713,50,50,1,-1,-1,-1
268,7,484,738,50,50,1,-1,-1,-1
268,8,633,1283,50,50,1,-1,-1,-1
268,9,426,1000,50,50,1,-1,-1,-1
269,2,566,733,50,50,1,-1,-1,-1
269,7,479,723,50,50,1,-1,-1,-1
269,9,495,918,50,50,1,-1,-1,-1
270,2,573,757,50,50,1,-1,-1,-1
270,7,473,715,50,50,1,-1,-1,-1
270,8,598,1290,50,50,1,-1,-1,-1
270,9,501,875,50,50,1,-1,-1,-1
271,2,580,788,50,50,1,-1,-1,-1
271,7,465,711,50,50,1,-1,-1,-1
271,8,413,1184,50,50,1,-1,-1,-1
271,9,507,833,50,50,1,-1,-1,-1
272,2,587,823,50,50,1,-1,-1,-1
272,7,459,714,50,50,1,-1,-1,-1
272,8,417,1232,50,50,1,-1,-1,-1
272,9,512,795,50,50,1,-1,-1,-1
273,2,594,862,50,50,1,-1,-1,-1
273,3,566,1156,50,50,1,-1,-1,-1
273,7,453,722,50,50,1,-1,-1,-1
273,8,424,1276,50,50,1,-1,-1,-1
273,9,518,765,50,50,1,-1,-1,-1
274,2,603,907,50,50,1,-1,-1,-1
274,7,449,735,50,50,1,-1,-1,-1
274,9,524,739,50,50,1,-1,-1,-1
275,2,611,958,50,50,1,-1,-1,-1
275,7,443,753,50,50,1,-1,-1,-1
275,9,530,717,50,50,1,-1,-1,-1
276,2,621,1016,50,50,1,-1,-1,-1
276,7,438,774,50,50,1,-1,-1,-1
276,9,535,702,50,50,1,-1,-1,-1
277,2,523,907,50,50,1,-1,-1,-1
277,7,432,802,50,50,1,-1,-1,-1
277,8,462,1292,50,50,1,-1,-1,-1
277,9,541,690,50,50,1,-1,-1,-1
278,2,514,870,50,50,1,-1,-1,-1
278,7,427,835,50,50,1,-1,-1,-1
278,9,548,685,50,50,1,-1,-1,-1
279,2,506,832,50,50,1,-1,-1,-1
279,7,422,875,50,50,1,-1,-1,-1
279,8,473,1176,50,50,1,-1,-1,-1
279,9,553,685,50,50,1,-1,-1,-1
280,2,499,801,50,50,1,-1,-1,-1
280,7,419,918,50,50,1,-1,-1,-1
280,9,561,689,50,50,1,-1,-1,-1
280,10,631,1211,50,50,1,-1,-1,-1
281,2,492,775,50,50,1,-1,-1,-1
281,7,414,968,50,50,1,-1,-1,-1
281,9,568,698,50,50,1,-1,-1,-1
281,10,623,1260,50,50,1,-1,-1,-1
282,2,484,755,50,50,1,-1,-1,-1
282,9,574,713,50,50,1,-1,-1,-1
282,10,613,1286,50,50,1,-1,-1,-1
283,2,476,739,50,50,1,-1,-1,-1
283,8,499,901,50,50,1,-1,-1,-1
283,9,581,732,50,50,1,-1,-1,-1
284,2,469,728,50,50,1,-1,-1,-1
284,8,503,852,50,50,1,-1,-1,-1
284,9,589,758,50,50,1,-1,-1,-1
285,2,462,722,50,50,1,-1,-1,-1
285,7,394,1199,50,50,1,-1,-1,-1
285,8,510,807,50,50,1,-1,-1,-1
285,9,596,787,50,50,1,-1,-1,-1
285,10,585,1244,50,50,1,-1,-1,-1
286,2,455,723,50,50,1,-1,-1,-1
286,7,395,1240,50,50,1,-1,-1,-1
286,8,516,768,50,50,1,-1,-1,-1
286,9,604,823,50,50,1,-1,-1,-1
287,2,448,728,50,50,1,-1,-1,-1
287,7,409,1278,50,50,1,-1,-1,-1
287,8,522,733,50,50,1,-1,-1,-1
287,9,612,864,50,50,1,-1,-1,-1
288,2,442,739,50,50,1,-1,-1,-1
288,8,527,704,50,50,1,-1,-1,-1
288,9,621,911,50,50,1,-1,-1,-1
289,2,436,755,50,50,1,-1,-1,-1
289,8,534,680,50,50,1,-1,-1,-1
289,9,629,963,50,50,1,-1,-1,-1
290,2,429,775,50,50,1,-1,-1,-1
290,7,449,1313,50,50,1,-1,-1,-1
290,8,540,662,50,50,1,-1,-1,-1
290,9,542,922,50,50,1,-1,-1,-1
291,2,422,800,50,50,1,-1,-1,-1
291,8,546,649,50,50,1,-1,-1,-1
291,9,532,886,50,50,1,-1,-1,-1
292,2,417,831,50,50,1,-1,-1,-1
292,7,470,1230,50,50,1,-1,-1,-1
292,8,552,641,50,50,1,-1,-1,-1
292,9,525,846,50,50,1,-1,-1,-1
293,2,404,911,50,50,1,-1,-1,-1
293,7,462,1132,50,50,1,-1,-1,-1
293,8,566,638,50,50,1,-1,-1,-1
293,9,512,781,50,50,1,-1,-1,-1
293,10,643,1222,50,50,1,-1,-1,-1
294,2,399,957,50,50,1,-1,-1,-1
294,7,482,1010,50,50,1,-1,-1,-1
294,8,573,645,50,50,1,-1,-1,-1
294,9,506,757,50,50,1,-1,-1,-1
294,10,627,1266,50,50,1,-1,-1,-1
295,2,394,1011,50,50,1,-1,-1,-1
295,8,579,657,50,50,1,-1,-1,-1
295,9,500,738,50,50,1,-1,-1,-1
296,7,496,886,50,50,1,-1,-1,-1
296,8,588,673,50,50,1,-1,-1,-1
296,9,494,724,50,50,1,-1,-1,-1
297,2,380,1153,50,50,1,-1,-1,-1
297,7,500,835,50,50,1,-1,-1,-1
297,8,596,696,50,50,1,-1,-1,-1
297,9,488,716,50,50,1,-1,-1,-1
298,2,379,1193,50,50,1,-1,-1,-1
298,7,505,789,50,50,1,-1,-1,-1
298,8,603,723,50,50,1,-1,-1,-1
298,9,482,712,50,50,1,-1,-1,-1
299,2,383,1233,50,50,1,-1,-1,-1
299,8,612,754,50,50,1,-1,-1,-1
300,2,397,1271,50,50,1,-1,-1,-1
300,7,498,715,50,50,1,-1,-1,-1
300,8,619,793,50,50,1,-1,-1,-1
301,7,521,682,50,50,1,-1,-1,-1
301,8,628,836,50,50,1,-1,-1,-1
301,9,465,733,50,50,1,-1,-1,-1
302,7,525,658,50,50,1,-1,-1,-1
302,8,638,885,50,50,1,-1,-1,-1
302,9,459,749,50,50,1,-1,-1,-1
303,2,444,1320,50,50,1,-1,-1,-1
303,7,532,639,50,50,1,-1,-1,-1
303,8,647,940,50,50,1,-1,-1,-1
303,9,455,771,50,50,1,-1,-1,-1
303,10,550,915,50,50,1,-1,-1,-1
304,7,537,624,50,50,1,-1,-1,-1
304,8,541,869,50,50,1,-1,-1,-1
304,9,450,797,50,50,1,-1,-1,-1
305,2,468,1254,50,50,1,-1,-1,-1
305,7,543,614,50,50,1,-1,-1,-1
305,8,535,820,50,50,1,-1,-1,-1
305,9,446,829,50,50,1,-1,-1,-1
306,2,469,1188,50,50,1,-1,-1,-1
306,7,550,611,50,50,1,-1,-1,-1
306,8,530,778,50,50,1,-1,-1,-1
306,9,442,866,50,50,1,-1,-1,-1
307,2,672,1184,50,50,1,-1,-1,-1
307,7,557,612,50,50,1,-1,-1,-1
307,8,525,742,50,50,1,-1,-1,-1
307,9,437,909,50,50,1,-1,-1,-1
308,2,480,1033,50,50,1,-1,-1,-1
308,7,563,615,50,50,1,-1,-1,-1
308,8,520,710,50,50,1,-1,-1,-1
308,9,432,956,50,50,1,-1,-1,-1
309,2,639,1270,50,50,1,-1,-1,-1
309,7,570,626,50,50,1,-1,-1,-1
309,8,515,683,50,50,1,-1,-1,-1
309,9,429,1008,50,50,1,-1,-1,-1
310,7,578,644,50,50,1,-1,-1,-1
310,8,510,664,50,50,1,-1,-1,-1
310,9,492,912,50,50,1,-1,-1,-1
311,2,416,1146,50,50,1,-1,-1,-1
311,7,585,666,50,50,1,-1,-1,-1
311,8,505,649,50,50,1,-1,-1,-1
311,9,498,864,50,50,1,-1,-1,-1
312,2,411,1183,50,50,1,-1,-1,-1
312,7,593,694,50,50,1,-1,-1,-1
312,8,501,639,50,50,1,-1,-1,-1
312,9,503,818,50,50,1,-1,-1,-1
313,2,411,1215,50,50,1,-1,-1,-1
313,7,602,727,50,50,1,-1,-1,-1
313,8,497,635,50,50,1,-1,-1,-1
313,9,509,780,50,50,1,-1,-1,-1
314,2,420,1253,50,50,1,-1,-1,-1
314,7,610,766,50,50,1,-1,-1,-1
314,8,493,634,50,50,1,-1,-1,-1
314,9,515,745,50,50,1,-1,-1,-1
315,2,430,1286,50,50,1,-1,-1,-1
315,7,617,810,50,50,1,-1,-1,-1
315,8,490,639,50,50,1,-1,-1,-1
315,9,521,715,50,50,1,-1,-1,-1
316,2,441,1310,50,50,1,-1,-1,-1
316,7,626,859,50,50,1,-1,-1,-1
317,2,450,1322,50,50,1,-1,-1,-1
317,7,636,916,50,50,1,-1,-1,-1
317,8,505,669,50,50,1,-1,-1,-1
318,7,646,979,50,50,1,-1,-1,-1
319,7,522,857,50,50,1,-1,-1,-1
319,8,476,710,50,50,1,-1,-1,-1
319,9,543,653,50,50,1,-1,-1,-1
320,7,515,815,50,50,1,-1,-1,-1
320,8,472,743,50,50,1,-1,-1,-1
320,9,550,650,50,50,1,-1,-1,-1
321,7,500,752,50,50,1,-1,-1,-1
321,8,468,823,50,50,1,-1,-1,-1
321,9,564,657,50,50,1,-1,-1,-1
322,7,492,727,50,50,1,-1,-1,-1
322,8,465,870,50,50,1,-1,-1,-1
322,9,570,669,50,50,1,-1,-1,-1
323,7,484,707,50,50,1,-1,-1,-1
323,8,462,923,50,50,1,-1,-1,-1
323,9,577,684,50,50,1,-1,-1,-1
323,11,645,1258,50,50,1,-1,-1,-1
324,2,523,908,50,50,1,-1,-1,-1
324,7,478,694,50,50,1,-1,-1,-1
324,8,459,983,50,50,1,-1,-1,-1
324,9,583,706,50,50,1,-1,-1,-1
324,11,635,1272,50,50,1,-1,-1,-1
325,2,531,865,50,50,1,-1,-1,-1
325,7,470,685,50,50,1,-1,-1,-1
325,9,591,733,50,50,1,-1,-1,-1
325,11,625,1270,50,50,1,-1,-1,-1
326,2,539,819,50,50,1,-1,-1,-1
326,7,464,683,50,50,1,-1,-1,-1
326,8,448,1136,50,50,1,-1,-1,-1
326,9,598,765,50,50,1,-1,-1,-1
327,7,457,686,50,50,1,-1,-1,-1
327,8,450,1182,50,50,1,-1,-1,-1
328,2,552,746,50,50,1,-1,-1,-1
328,7,451,692,50,50,1,-1,-1,-1
328,8,456,1226,50,50,1,-1,-1,-1
328,9,615,844,50,50,1,-1,-1,-1
329,2,559,717,50,50,1,-1,-1,-1
329,7,445,705,50,50,1,-1,-1,-1
329,9,624,890,50,50,1,-1,-1,-1
330,2,567,694,50,50,1,-1,-1,-1
330,7,439,723,50,50,1,-1,-1,-1
330,9,632,944,50,50,1,-1,-1,-1
331,2,575,676,50,50,1,-1,-1,-1
331,7,432,747,50,50,1,-1,-1,-1
332,2,583,663,50,50,1,-1,-1,-1
332,7,426,775,50,50,1,-1,-1,-1
333,2,591,655,50,50,1,-1,-1,-1
333,7,420,810,50,50,1,-1,-1,-1
333,9,524,841,50,50,1,-1,-1,-1
333,11,488,1218,50,50,1,-1,-1,-1
334,2,598,652,50,50,1,-1,-1,-1
334,7,415,849,50,50,1,-1,-1,-1
334,9,513,802,50,50,1,-1,-1,-1
334,11,666,1165,50,50,1,-1,-1,-1
335,2,607,655,50,50,1,-1,-1,-1
335,7,409,894,50,50,1,-1,-1,-1
335,9,503,769,50,50,1,-1,-1,-1
335,11,662,1204,50,50,1,-1,-1,-1
336,2,614,662,50,50,1,-1,-1,-1
336,7,403,946,50,50,1,-1,-1,-1
336,9,493,741,50,50,1,-1,-1,-1
336,11,650,1254,50,50,1,-1,-1,-1
337,2,624,672,50,50,1,-1,-1,-1
337,7,399,1003,50,50,1,-1,-1,-1
337,9,482,719,50,50,1,-1,-1,-1
337,11,515,925,50,50,1,-1,-1,-1
338,2,632,690,50,50,1,-1,-1,-1
338,7,521,882,50,50,1,-1,-1,-1
338,8,634,1289,50,50,1,-1,-1,-1
338,9,473,701,50,50,1,-1,-1,-1
339,2,641,712,50,50,1,-1,-1,-1
339,7,526,833,50,50,1,-1,-1,-1
339,8,625,1273,50,50,1,-1,-1,-1
339,9,462,690,50,50,1,-1,-1,-1
339,11,390,1149,50,50,1,-1,-1,-1
340,2,651,739,50,50,1,-1,-1,-1
340,7,532,790,50,50,1,-1,-1,-1
340,8,614,1226,50,50,1,-1,-1,-1
340,9,453,684,50,50,1,-1,-1,-1
340,11,390,1189,50,50,1,-1,-1,-1
341,2,661,771,50,50,1,-1,-1,-1
341,7,538,752,50,50,1,-1,-1,-1
341,9,445,683,50,50,1,-1,-1,-1
342,2,670,809,50,50,1,-1,-1,-1
342,7,544,721,50,50,1,-1,-1,-1
342,8,412,1270,50,50,1,-1,-1,-1
342,9,435,685,50,50,1,-1,-1,-1
343,2,681,851,50,50,1,-1,-1,-1
343,7,550,694,50,50,1,-1,-1,-1
343,9,426,693,50,50,1,-1,-1,-1
344,2,693,900,50,50,1,-1,-1,-1
344,7,556,672,50,50,1,-1,-1,-1
344,9,418,708,50,50,1,-1,-1,-1
345,2,702,953,50,50,1,-1,-1,-1
345,7,563,657,50,50,1,-1,-1,-1
345,8,453,1293,50,50,1,-1,-1,-1
345,9,408,727,50,50,1,-1,-1,-1
346,2,555,872,50,50,1,-1,-1,-1
346,7,569,645,50,50,1,-1,-1,-1
346,9,399,750,50,50,1,-1,-1,-1
347,2,545,833,50,50,1,-1,-1,-1
347,7,575,639,50,50,1,-1,-1,-1
347,9,390,780,50,50,1,-1,-1,-1
348,2,536,801,50,50,1,-1,-1,-1
348,7,583,638,50,50,1,-1,-1,-1
348,8,473,1166,50,50,1,-1,-1,-1
348,9,383,815,50,50,1,-1,-1,-1
349,2,518,751,50,50,1,-1,-1,-1
349,7,596,651,50,50,1,-1,-1,-1
349,8,698,1219,50,50,1,-1,-1,-1
349,9,366,898,50,50,1,-1,-1,-1
350,2,510,735,50,50,1,-1,-1,-1
350,7,605,665,50,50,1,-1,-1,-1
350,8,675,1259,50,50,1,-1,-1,-1
350,9,358,948,50,50,1,-1,-1,-1
351,2,501,723,50,50,1,-1,-1,-1
351,7,612,685,50,50,1,-1,-1,-1
351,8,651,1286,50,50,1,-1,-1,-1
351,9,349,1003,50,50,1,-1,-1,-1
352,2,493,717,50,50,1,-1,-1,-1
352,7,620,709,50,50,1,-1,-1,-1
352,8,637,1288,50,50,1,-1,-1,-1
352,12,521,844,50,50,1,-1,-1,-1
353,2,484,716,50,50,1,-1,-1,-1
353,7,628,739,50,50,1,-1,-1,-1
353,12,529,801,50,50,1,-1,-1,-1
354,2,477,720,50,50,1,-1,-1,-1
354,7,636,773,50,50,1,-1,-1,-1
354,8,606,1226,50,50,1,-1,-1,-1
354,12,538,764,50,50,1,-1,-1,-1
355,2,468,729,50,50,1,-1,-1,-1
355,7,645,813,50,50,1,-1,-1,-1
355,8,597,1166,50,50,1,-1,-1,-1
355,12,547,731,50,50,1,-1,-1,-1
356,2,460,743,50,50,1,-1,-1,-1
356,7,654,859,50,50,1,-1,-1,-1
356,9,379,1257,50,50,1,-1,-1,-1
356,12,556,706,50,50,1,-1,-1,-1
357,2,453,763,50,50,1,-1,-1,-1
357,7,662,911,50,50,1,-1,-1,-1
357,9,409,1292,50,50,1,-1,-1,-1
357,12,565,684,50,50,1,-1,-1,-1
358,2,446,787,50,50,1,-1,-1,-1
358,7,673,968,50,50,1,-1,-1,-1
358,9,437,1308,50,50,1,-1,-1,-1
358,12,574,667,50,50,1,-1,-1,-1
359,2,439,817,50,50,1,-1,-1,-1
359,8,557,915,50,50,1,-1,-1,-1
359,9,458,1299,50,50,1,-1,-1,-1
359,12,582,656,50,50,1,-1,-1,-1
360,2,431,851,50,50,1,-1,-1,-1
360,8,546,876,50,50,1,-1,-1,-1
360,12,591,649,50,50,1,-1,-1,-1
361,2,424,892,50,50,1,-1,-1,-1
361,7,692,1149,50,50,1,-1,-1,-1
361,8,536,837,50,50,1,-1,-1,-1
361,12,601,647,50,50,1,-1,-1,-1
362,2,418,940,50,50,1,-1,-1,-1
362,7,688,1187,50,50,1,-1,-1,-1
362,8,527,805,50,50,1,-1,-1,-1
362,12,611,650,50,50,1,-1,-1,-1
363,2,411,992,50,50,1,-1,-1,-1
363,7,678,1231,50,50,1,-1,-1,-1
363,8,518,777,50,50,1,-1,-1,-1
363,9,456,1135,50,50,1,-1,-1,-1
363,12,620,659,50,50,1,-1,-1,-1
364,8,510,756,50,50,1,-1,-1,-1
364,12,630,672,50,50,1,-1,-1,-1
365,2,397,1140,50,50,1,-1,-1,-1
365,8,502,740,50,50,1,-1,-1,-1
365,12,640,690,50,50,1,-1,-1,-1
366,2,383,1188,50,50,1,-1,-1,-1
366,8,493,729,50,50,1,-1,-1,-1
366,9,500,881,50,50,1,-1,-1,-1
366,12,651,713,50,50,1,-1,-1,-1
367,2,379,1233,50,50,1,-1,-1,-1
367,8,485,723,50,50,1,-1,-1,-1
367,9,505,836,50,50,1,-1,-1,-1
367,12,662,741,50,50,1,-1,-1,-1
368,2,385,1268,50,50,1,-1,-1,-1
368,8,478,723,50,50,1,-1,-1,-1
368,9,510,796,50,50,1,-1,-1,-1
368,12,672,774,50,50,1,-1,-1,-1
368,14,617,1181,50,50,1,-1,-1,-1
369,2,402,1299,50,50,1,-1,-1,-1
369,12,684,812,50,50,1,-1,-1,-1
370,12,694,855,50,50,1,-1,-1,-1
371,8,454,751,50,50,1,-1,-1,-1
371,9,524,708,50,50,1,-1,-1,-1
371,12,706,903,50,50,1,-1,-1,-1
372,8,447,770,50,50,1,-1,-1,-1
372,9,529,690,50,50,1,-1,-1,-1
372,12,717,958,50,50,1,-1,-1,-1
373,8,439,795,50,50,1,-1,-1,-1
373,9,534,677,50,50,1,-1,-1,-1
373,13,562,881,50,50,1,-1,-1,-1
374,2,467,1266,50,50,1,-1,-1,-1
374,8,433,826,50,50,1,-1,-1,-1
374,9,540,668,50,50,1,-1,-1,-1
374,13,550,839,50,50,1,-1,-1,-1
375,2,471,1201,50,50,1,-1,-1,-1
375,8,425,863,50,50,1,-1,-1,-1
375,9,545,665,50,50,1,-1,-1,-1
375,13,538,804,50,50,1,-1,-1,-1
376,8,418,904,50,50,1,-1,-1,-1
376,9,550,667,50,50,1,-1,-1,-1
376,13,528,774,50,50,1,-1,-1,-1
377,2,486,994,50,50,1,-1,-1,-1
377,8,407,1004,50,50,1,-1,-1,-1
377,9,563,685,50,50,1,-1,-1,-1
377,12,681,1247,50,50,1,-1,-1,-1
377,13,509,729,50,50,1,-1,-1,-1
378,2,494,931,50,50,1,-1,-1,-1
378,9,569,703,50,50,1,-1,-1,-1
378,12,648,1286,50,50,1,-1,-1,-1
378,13,499,715,50,50,1,-1,-1,-1
379,2,503,886,50,50,1,-1,-1,-1
379,8,388,1147,50,50,1,-1,-1,-1
379,9,575,724,50,50,1,-1,-1,-1
379,12,620,1298,50,50,1,-1,-1,-1
379,13,488,704,50,50,1,-1,-1,-1
380,2,509,843,50,50,1,-1,-1,-1
380,8,385,1186,50,50,1,-1,-1,-1
380,9,582,753,50,50,1,-1,-1,-1
380,13,478,701,50,50,1,-1,-1,-1
381,2,516,805,50,50,1,-1,-1,-1
381,9,588,786,50,50,1,-1,-1,-1
381,12,581,1248,50,50,1,-1,-1,-1
381,13,469,702,50,50,1,-1,-1,-1
382,2,523,772,50,50,1,-1,-1,-1
382,8,404,1267,50,50,1,-1,-1,-1
382,9,596,824,50,50,1,-1,-1,-1
382,13,458,709,50,50,1,-1,-1,-1
383,2,530,745,50,50,1,-1,-1,-1
383,9,604,868,50,50,1,-1,-1,-1
383,13,450,721,50,50,1,-1,-1,-1
384,2,536,723,50,50,1,-1,-1,-1
384,9,612,917,50,50,1,-1,-1,-1
384,13,441,738,50,50,1,-1,-1,-1
385,2,543,706,50,50,1,-1,-1,-1
385,8,450,1296,50,50,1,-1,-1,-1
385,9,620,974,50,50,1,-1,-1,-1
385,13,433,760,50,50,1,-1,-1,-1
386,2,551,695,50,50,1,-1,-1,-1
386,9,522,906,50,50,1,-1,-1,-1
386,13,423,786,50,50,1,-1,-1,-1
387,2,558,688,50,50,1,-1,-1,-1
387,9,515,859,50,50,1,-1,-1,-1
387,12,463,1246,50,50,1,-1,-1,-1
387,13,415,819,50,50,1,-1,-1,-1
388,2,565,687,50,50,1,-1,-1,-1
388,9,505,813,50,50,1,-1,-1,-1
388,12,464,1181,50,50,1,-1,-1,-1
388,13,406,857,50,50,1,-1,-1,-1
389,2,573,689,50,50,1,-1,-1,-1
389,9,498,772,50,50,1,-1,-1,-1
389,12,461,1132,50,50,1,-1,-1,-1
389,13,397,901,50,50,1,-1,-1,-1
390,2,581,697,50,50,1,-1,-1,-1
390,8,631,1227,50,50,1,-1,-1,-1
390,9,490,737,50,50,1,-1,-1,-1
390,13,389,949,50,50,1,-1,-1,-1
391,2,588,709,50,50,1,-1,-1,-1
391,9,482,706,50,50,1,-1,-1,-1
392,2,597,729,50,50,1,-1,-1,-1
392,9,473,682,50,50,1,-1,-1,-1
393,2,605,754,50,50,1,-1,-1,-1
393,9,465,662,50,50,1,-1,-1,-1
393,12,508,877,50,50,1,-1,-1,-1
394,2,614,781,50,50,1,-1,-1,-1
394,9,458,648,50,50,1,-1,-1,-1
394,12,515,834,50,50,1,-1,-1,-1
394,13,350,1188,50,50,1,-1,-1,-1
395,2,623,816,50,50,1,-1,-1,-1
395,9,449,640,50,50,1,-1,-1,-1
395,12,524,798,50,50,1,-1,-1,-1
396,2,632,855,50,50,1,-1,-1,-1
396,9,443,636,50,50,1,-1,-1,-1
396,12,533,767,50,50,1,-1,-1,-1
396,13,374,1260,50,50,1,-1,-1,-1
397,2,642,901,50,50,1,-1,-1,-1
397,9,435,637,50,50,1,-1,-1,-1
397,12,542,741,50,50,1,-1,-1,-1
398,2,651,953,50,50,1,-1,-1,-1
398,9,430,643,50,50,1,-1,-1,-1
398,12,550,721,50,50,1,-1,-1,-1
399,2,662,1010,50,50,1,-1,-1,-1
399,9,423,657,50,50,1,-1,-1,-1
399,12,559,706,50,50,1,-1,-1,-1
399,13,541,930,50,50,1,-1,-1,-1
400,2,449,1297,50,50,1,-1,-1,-1
400,9,416,674,50,50,1,-1,-1,-1
400,12,567,696,50,50,1,-1,-1,-1
400,13,530,891,50,50,1,-1,-1,-1
401,2,681,1140,50,50,1,-1,-1,-1
401,9,410,697,50,50,1,-1,-1,-1
401,12,576,690,50,50,1,-1,-1,-1
401,13,523,847,50,50,1,-1,-1,-1
402,2,463,1226,50,50,1,-1,-1,-1
402,9,403,726,50,50,1,-1,-1,-1
402,12,586,690,50,50,1,-1,-1,-1
402,13,515,807,50,50,1,-1,-1,-1
403,2,676,1209,50,50,1,-1,-1,-1
403,9,397,759,50,50,1,-1,-1,-1
403,12,596,695,50,50,1,-1,-1,-1
403,13,508,773,50,50,1,-1,-1,-1
404,2,662,1249,50,50,1,-1,-1,-1
404,7,458,1128,50,50,1,-1,-1,-1
404,9,390,799,50,50,1,-1,-1,-1
404,12,606,704,50,50,1,-1,-1,-1
404,13,501,744,50,50,1,-1,-1,-1
405,9,383,844,50,50,1,-1,-1,-1
405,12,616,719,50,50,1,-1,-1,-1
405,13,494,720,50,50,1,-1,-1,-1
406,2,622,1275,50,50,1,-1,-1,-1
406,7,372,951,50,50,1,-1,-1,-1
406,9,502,880,50,50,1,-1,-1,-1
406,12,636,765,50,50,1,-1,-1,-1
406,13,480,688,50,50,1,-1,-1,-1
407,2,605,1233,50,50,1,-1,-1,-1
407,9,510,829,50,50,1,-1,-1,-1
407,12,647,797,50,50,1,-1,-1,-1
407,13,474,681,50,50,1,-1,-1,-1
408,2,596,1171,50,50,1,-1,-1,-1
408,7,352,1098,50,50,1,-1,-1,-1
408,9,518,783,50,50,1,-1,-1,-1
408,12,659,834,50,50,1,-1,-1,-1
408,13,468,680,50,50,1,-1,-1,-1
409,9,526,743,50,50,1,-1,-1,-1
409,12,670,877,50,50,1,-1,-1,-1
409,13,463,681,50,50,1,-1,-1,-1
410,9,534,709,50,50,1,-1,-1,-1
410,12,683,925,50,50,1,-1,-1,-1
410,13,456,689,50,50,1,-1,-1,-1
411,2,378,1217,50,50,1,-1,-1,-1
411,9,541,680,50,50,1,-1,-1,-1
411,12,696,978,50,50,1,-1,-1,-1
411,13,449,702,50,50,1,-1,-1,-1
412,2,398,1262,50,50,1,-1,-1,-1
412,9,550,656,50,50,1,-1,-1,-1
412,12,554,916,50,50,1,-1,-1,-1
412,13,443,721,50,50,1,-1,-1,-1
413,9,559,637,50,50,1,-1,-1,-1
413,12,542,876,50,50,1,-1,-1,-1
413,13,439,744,50,50,1,-1,-1,-1
414,9,568,623,50,50,1,-1,-1,-1
414,12,532,836,50,50,1,-1,-1,-1
414,13,433,774,50,50,1,-1,-1,-1
415,2,460,1268,50,50,1,-1,-1,-1
415,9,576,614,50,50,1,-1,-1,-1
415,12,522,802,50,50,1,-1,-1,-1
415,13,427,809,50,50,1,-1,-1,-1
416,2,698,1218,50,50,1,-1,-1,-1
416,9,585,611,50,50,1,-1,-1,-1
416,12,514,774,50,50,1,-1,-1,-1
416,13,421,849,50,50,1,-1,-1,-1
417,2,676,1255,50,50,1,-1,-1,-1
417,9,594,612,50,50,1,-1,-1,-1
417,12,505,752,50,50,1,-1,-1,-1
417,13,416,896,50,50,1,-1,-1,-1
418,2,458,1128,50,50,1,-1,-1,-1
418,9,603,619,50,50,1,-1,-1,-1
418,12,497,734,50,50,1,-1,-1,-1
418,13,412,949,50,50,1,-1,-1,-1
419,9,613,632,50,50,1,-1,-1,-1
419,12,488,722,50,50,1,-1,-1,-1
419,13,407,1006,50,50,1,-1,-1,-1
420,9,623,650,50,50,1,-1,-1,-1
420,12,480,716,50,50,1,-1,-1,-1
421,2,504,871,50,50,1,-1,-1,-1
421,9,633,673,50,50,1,-1,-1,-1
421,12,471,713,50,50,1,-1,-1,-1
421,13,391,1152,50,50,1,-1,-1,-1
421,14,608,1276,50,50,1,-1,-1,-1
422,2,510,823,50,50,1,-1,-1,-1
422,9,643,700,50,50,1,-1,-1,-1
422,12,463,717,50,50,1,-1,-1,-1
422,13,391,1200,50,50,1,-1,-1,-1
423,2,518,780,50,50,1,-1,-1,-1
423,9,654,733,50,50,1,-1,-1,-1
423,12,455,727,50,50,1,-1,-1,-1
423,13,588,1163,50,50,1,-1,-1,-1
423,14,398,1246,50,50,1,-1,-1,-1
424,2,526,743,50,50,1,-1,-1,-1
424,9,665,773,50,50,1,-1,-1,-1
424,12,448,740,50,50,1,-1,-1,-1
424,14,416,1290,50,50,1,-1,-1,-1
425,2,533,711,50,50,1,-1,-1,-1
425,9,676,818,50,50,1,-1,-1,-1
425,12,441,759,50,50,1,-1,-1,-1
426,2,540,685,50,50,1,-1,-1,-1
426,9,689,867,50,50,1,-1,-1,-1
426,12,433,784,50,50,1,-1,-1,-1
427,2,548,664,50,50,1,-1,-1,-1
427,9,701,924,50,50,1,-1,-1,-1
427,12,425,815,50,50,1,-1,-1,-1
427,14,538,889,50,50,1,-1,-1,-1
428,2,555,647,50,50,1,-1,-1,-1
428,9,461,1260,50,50,1,-1,-1,-1
428,12,420,849,50,50,1,-1,-1,-1
428,14,527,839,50,50,1,-1,-1,-1
429,2,564,637,50,50,1,-1,-1,-1
429,12,411,890,50,50,1,-1,-1,-1
429,14,517,796,50,50,1,-1,-1,-1
430,2,571,631,50,50,1,-1,-1,-1
430,12,405,937,50,50,1,-1,-1,-1
430,14,508,758,50,50,1,-1,-1,-1
431,2,580,632,50,50,1,-1,-1,-1
431,12,400,991,50,50,1,-1,-1,-1
431,14,499,726,50,50,1,-1,-1,-1
432,2,588,636,50,50,1,-1,-1,-1
432,7,407,1150,50,50,1,-1,-1,-1
432,8,692,1189,50,50,1,-1,-1,-1
432,12,392,1050,50,50,1,-1,-1,-1
432,14,489,699,50,50,1,-1,-1,-1
433,2,606,661,50,50,1,-1,-1,-1
433,7,491,860,50,50,1,-1,-1,-1
433,8,647,1271,50,50,1,-1,-1,-1
433,12,378,1200,50,50,1,-1,-1,-1
433,14,471,664,50,50,1,-1,-1,-1
434,2,615,682,50,50,1,-1,-1,-1
434,7,633,1281,50,50,1,-1,-1,-1
434,8,496,815,50,50,1,-1,-1,-1
434,12,377,1246,50,50,1,-1,-1,-1
434,14,462,653,50,50,1,-1,-1,-1
435,2,625,707,50,50,1,-1,-1,-1
435,8,502,775,50,50,1,-1,-1,-1
435,12,608,1262,50,50,1,-1,-1,-1
435,14,455,649,50,50,1,-1,-1,-1
436,2,634,739,50,50,1,-1,-1,-1
436,8,509,739,50,50,1,-1,-1,-1
436,12,403,1303,50,50,1,-1,-1,-1
436,14,447,649,50,50,1,-1,-1,-1
437,2,644,775,50,50,1,-1,-1,-1
437,8,514,709,50,50,1,-1,-1,-1
437,14,440,654,50,50,1,-1,-1,-1
438,2,655,818,50,50,1,-1,-1,-1
438,8,520,685,50,50,1,-1,-1,-1
438,14,433,663,50,50,1,-1,-1,-1
439,2,665,866,50,50,1,-1,-1,-1
439,8,526,666,50,50,1,-1,-1,-1
439,14,424,681,50,50,1,-1,-1,-1
440,2,676,921,50,50,1,-1,-1,-1
440,8,532,653,50,50,1,-1,-1,-1
440,12,448,1302,50,50,1,-1,-1,-1
440,14,416,700,50,50,1,-1,-1,-1
441,2,689,982,50,50,1,-1,-1,-1
441,8,539,644,50,50,1,-1,-1,-1
441,14,410,726,50,50,1,-1,-1,-1
441,15,532,878,50,50,1,-1,-1,-1
442,8,546,641,50,50,1,-1,-1,-1
442,14,403,758,50,50,1,-1,-1,-1
442,15,518,830,50,50,1,-1,-1,-1
443,8,552,643,50,50,1,-1,-1,-1
443,14,396,794,50,50,1,-1,-1,-1
443,15,506,787,50,50,1,-1,-1,-1
444,8,559,648,50,50,1,-1,-1,-1
444,14,388,836,50,50,1,-1,-1,-1
444,15,496,751,50,50,1,-1,-1,-1
445,2,681,1201,50,50,1,-1,-1,-1
445,8,566,661,50,50,1,-1,-1,-1
445,12,460,1005,50,50,1,-1,-1,-1
445,14,382,883,50,50,1,-1,-1,-1
445,15,484,719,50,50,1,-1,-1,-1
446,2,656,1241,50,50,1,-1,-1,-1
446,8,574,679,50,50,1,-1,-1,-1
446,12,466,942,50,50,1,-1,-1,-1
446,14,376,935,50,50,1,-1,-1,-1
446,15,472,694,50,50,1,-1,-1,-1
447,2,627,1271,50,50,1,-1,-1,-1
447,8,582,701,50,50,1,-1,-1,-1
447,12,470,888,50,50,1,-1,-1,-1
447,14,368,995,50,50,1,-1,-1,-1
447,15,461,673,50,50,1,-1,-1,-1
448,2,603,1275,50,50,1,-1,-1,-1
448,8,590,729,50,50,1,-1,-1,-1
448,12,475,838,50,50,1,-1,-1,-1
448,15,451,659,50,50,1,-1,-1,-1
449,8,598,763,50,50,1,-1,-1,-1
449,12,480,797,50,50,1,-1,-1,-1
449,15,440,650,50,50,1,-1,-1,-1
450,2,580,1209,50,50,1,-1,-1,-1
450,8,606,803,50,50,1,-1,-1,-1
450,12,485,759,50,50,1,-1,-1,-1
450,15,429,646,50,50,1,-1,-1,-1
451,8,615,847,50,50,1,-1,-1,-1
451,12,489,726,50,50,1,-1,-1,-1
451,15,419,645,50,50,1,-1,-1,-1
452,8,625,898,50,50,1,-1,-1,-1
452,12,494,699,50,50,1,-1,-1,-1
452,15,411,653,50,50,1,-1,-1,-1
453,8,635,956,50,50,1,-1,-1,-1
453,12,500,678,50,50,1,-1,-1,-1
453,15,401,664,50,50,1,-1,-1,-1
454,8,545,928,50,50,1,-1,-1,-1
454,12,506,663,50,50,1,-1,-1,-1
454,15,390,683,50,50,1,-1,-1,-1
455,8,534,892,50,50,1,-1,-1,-1
455,12,510,653,50,50,1,-1,-1,-1
455,15,381,706,50,50,1,-1,-1,-1
456,8,529,849,50,50,1,-1,-1,-1
456,12,516,646,50,50,1,-1,-1,-1
456,15,370,734,50,50,1,-1,-1,-1
457,8,522,810,50,50,1,-1,-1,-1
457,12,521,646,50,50,1,-1,-1,-1
457,15,360,767,50,50,1,-1,-1,-1
458,2,653,1214,50,50,1,-1,-1,-1
458,8,518,777,50,50,1,-1,-1,-1
458,12,528,650,50,50,1,-1,-1,-1
458,15,351,808,50,50,1,-1,-1,-1
459,2,636,1250,50,50,1,-1,-1,-1
459,8,513,749,50,50,1,-1,-1,-1
459,12,533,659,50,50,1,-1,-1,-1
459,15,342,854,50,50,1,-1,-1,-1
460,2,614,1276,50,50,1,-1,-1,-1
460,8,508,726,50,50,1,-1,-1,-1
460,12,540,674,50,50,1,-1,-1,-1
460,15,331,904,50,50,1,-1,-1,-1
461,8,525,700,50,50,1,-1,-1,-1
462,8,494,692,50,50,1,-1,-1,-1
462,12,560,746,50,50,1,-1,-1,-1
462,15,500,823,50,50,1,-1,-1,-1
463,2,572,1221,50,50,1,-1,-1,-1
463,8,489,691,50,50,1,-1,-1,-1
463,12,539,784,50,50,1,-1,-1,-1
464,8,485,696,50,50,1,-1,-1,-1
464,12,576,821,50,50,1,-1,-1,-1
464,15,519,758,50,50,1,-1,-1,-1
465,8,481,704,50,50,1,-1,-1,-1
465,12,583,869,50,50,1,-1,-1,-1
465,15,527,732,50,50,1,-1,-1,-1
466,8,477,718,50,50,1,-1,-1,-1
466,12,589,917,50,50,1,-1,-1,-1
466,15,536,713,50,50,1,-1,-1,-1
467,8,472,738,50,50,1,-1,-1,-1
467,12,600,975,50,50,1,-1,-1,-1
467,15,546,700,50,50,1,-1,-1,-1
468,8,467,762,50,50,1,-1,-1,-1
468,15,555,692,50,50,1,-1,-1,-1
469,2,523,876,50,50,1,-1,-1,-1
469,8,465,791,50,50,1,-1,-1,-1
469,15,565,688,50,50,1,-1,-1,-1
470,2,488,832,50,50,1,-1,-1,-1
470,12,612,1163,50,50,1,-1,-1,-1
470,15,574,689,50,50,1,-1,-1,-1
471,2,508,809,50,50,1,-1,-1,-1
471,8,459,865,50,50,1,-1,-1,-1
471,12,612,1204,50,50,1,-1,-1,-1
471,14,467,1201,50,50,1,-1,-1,-1
471,15,584,694,50,50,1,-1,-1,-1
472,2,503,783,50,50,1,-1,-1,-1
472,8,456,911,50,50,1,-1,-1,-1
472,12,613,1258,50,50,1,-1,-1,-1
472,15,594,705,50,50,1,-1,-1,-1
473,2,497,764,50,50,1,-1,-1,-1
473,14,457,1132,50,50,1,-1,-1,-1
473,15,605,721,50,50,1,-1,-1,-1
474,2,491,751,50,50,1,-1,-1,-1
474,12,610,1287,50,50,1,-1,-1,-1
474,15,614,742,50,50,1,-1,-1,-1
475,2,486,742,50,50,1,-1,-1,-1
475,12,603,1265,50,50,1,-1,-1,-1
475,14,507,914,50,50,1,-1,-1,-1
475,15,626,767,50,50,1,-1,-1,-1
476,2,480,739,50,50,1,-1,-1,-1
476,8,448,1165,50,50,1,-1,-1,-1
476,14,517,872,50,50,1,-1,-1,-1
476,15,636,799,50,50,1,-1,-1,-1
477,2,474,740,50,50,1,-1,-1,-1
477,14,527,825,50,50,1,-1,-1,-1
477,15,647,834,50,50,1,-1,-1,-1
478,2,469,747,50,50,1,-1,-1,-1
478,8,455,1247,50,50,1,-1,-1,-1
478,14,535,785,50,50,1,-1,-1,-1
478,15,657,875,50,50,1,-1,-1,-1
479,2,463,758,50,50,1,-1,-1,-1
479,14,545,749,50,50,1,-1,-1,-1
479,15,670,922,50,50,1,-1,-1,-1
480,2,459,772,50,50,1,-1,-1,-1
480,14,554,720,50,50,1,-1,-1,-1
480,15,682,973,50,50,1,-1,-1,-1
481,2,455,795,50,50,1,-1,-1,-1
481,14,564,695,50,50,1,-1,-1,-1
482,2,450,821,50,50,1,-1,-1,-1
482,12,541,873,50,50,1,-1,-1,-1
482,14,574,676,50,50,1,-1,-1,-1
483,2,446,852,50,50,1,-1,-1,-1
483,12,533,837,50,50,1,-1,-1,-1
483,14,584,663,50,50,1,-1,-1,-1
483,15,484,1227,50,50,1,-1,-1,-1
484,2,439,889,50,50,1,-1,-1,-1
484,12,526,806,50,50,1,-1,-1,-1
484,14,595,653,50,50,1,-1,-1,-1
485,2,435,931,50,50,1,-1,-1,-1
485,12,518,780,50,50,1,-1,-1,-1
485,14,604,649,50,50,1,-1,-1,-1
485,15,695,1212,50,50,1,-1,-1,-1
486,2,432,978,50,50,1,-1,-1,-1
486,12,510,760,50,50,1,-1,-1,-1
486,14,614,649,50,50,1,-1,-1,-1
486,15,677,1250,50,50,1,-1,-1,-1
487,2,428,1030,50,50,1,-1,-1,-1
487,12,503,746,50,50,1,-1,-1,-1
487,14,625,656,50,50,1,-1,-1,-1
487,15,656,1279,50,50,1,-1,-1,-1
488,12,496,736,50,50,1,-1,-1,-1
488,14,635,666,50,50,1,-1,-1,-1
489,2,424,1196,50,50,1,-1,-1,-1
489,12,481,733,50,50,1,-1,-1,-1
489,14,657,701,50,50,1,-1,-1,-1
489,15,525,822,50,50,1,-1,-1,-1
490,2,430,1233,50,50,1,-1,-1,-1
490,12,474,739,50,50,1,-1,-1,-1
490,14,669,727,50,50,1,-1,-1,-1
490,15,530,787,50,50,1,-1,-1,-1
491,2,439,1270,50,50,1,-1,-1,-1
491,12,468,750,50,50,1,-1,-1,-1
491,14,679,757,50,50,1,-1,-1,-1
491,15,537,757,50,50,1,-1,-1,-1
492,12,461,766,50,50,1,-1,-1,-1
492,14,692,793,50,50,1,-1,-1,-1
492,15,543,732,50,50,1,-1,-1,-1
493,12,455,787,50,50,1,-1,-1,-1
493,14,705,836,50,50,1,-1,-1,-1
493,15,549,713,50,50,1,-1,-1,-1
494,12,448,815,50,50,1,-1,-1,-1
494,14,717,882,50,50,1,-1,-1,-1
494,15,555,699,50,50,1,-1,-1,-1
495,2,546,886,50,50,1,-1,-1,-1
495,12,442,848,50,50,1,-1,-1,-1
495,14,730,933,50,50,1,-1,-1,-1
495,15,561,690,50,50,1,-1,-1,-1
496,2,534,851,50,50,1,-1,-1,-1
496,12,436,886,50,50,1,-1,-1,-1
496,14,481,1195,50,50,1,-1,-1,-1
496,15,567,687,50,50,1,-1,-1,-1
497,2,525,822,50,50,1,-1,-1,-1
497,12,430,929,50,50,1,-1,-1,-1
497,15,574,686,50,50,1,-1,-1,-1
498,2,514,799,50,50,1,-1,-1,-1
498,12,425,980,50,50,1,-1,-1,-1
498,15,581,692,50,50,1,-1,-1,-1
499,2,504,780,50,50,1,-1,-1,-1
499,15,588,701,50,50,1,-1,-1,-1
500,2,495,767,50,50,1,-1,-1,-1
500,15,596,716,50,50,1,-1,-1,-1
501,2,485,760,50,50,1,-1,-1,-1
501,8,679,1230,50,50,1,-1,-1,-1
501,12,402,1171,50,50,1,-1,-1,-1
501,14,537,871,50,50,1,-1,-1,-1
501,15,602,736,50,50,1,-1,-1,-1
502,2,475,757,50,50,1,-1,-1,-1
502,8,651,1267,50,50,1,-1,-1,-1
502,12,401,1205,50,50,1,-1,-1,-1
502,14,546,826,50,50,1,-1,-1,-1
502,15,610,762,50,50,1,-1,-1,-1
503,2,466,759,50,50,1,-1,-1,-1
503,8,556,786,50,50,1,-1,-1,-1
503,12,407,1238,50,50,1,-1,-1,-1
503,14,632,1263,50,50,1,-1,-1,-1
503,15,619,793,50,50,1,-1,-1,-1
504,2,458,766,50,50,1,-1,-1,-1
504,8,565,752,50,50,1,-1,-1,-1
504,12,421,1272,50,50,1,-1,-1,-1
504,14,611,1231,50,50,1,-1,-1,-1
504,15,627,829,50,50,1,-1,-1,-1
505,2,448,779,50,50,1,-1,-1,-1
505,8,575,722,50,50,1,-1,-1,-1
505,15,636,871,50,50,1,-1,-1,-1
506,2,438,796,50,50,1,-1,-1,-1
506,8,585,698,50,50,1,-1,-1,-1
506,15,644,917,50,50,1,-1,-1,-1
507,2,429,818,50,50,1,-1,-1,-1
507,8,595,680,50,50,1,-1,-1,-1
507,15,652,968,50,50,1,-1,-1,-1
508,2,420,848,50,50,1,-1,-1,-1
508,8,606,665,50,50,1,-1,-1,-1
509,2,412,881,50,50,1,-1,-1,-1
509,8,616,656,50,50,1,-1,-1,-1
509,12,474,1236,50,50,1,-1,-1,-1
509,15,562,901,50,50,1,-1,-1,-1
510,2,403,919,50,50,1,-1,-1,-1
510,8,626,653,50,50,1,-1,-1,-1
510,12,474,1170,50,50,1,-1,-1,-1
510,14,677,1145,50,50,1,-1,-1,-1
510,15,553,851,50,50,1,-1,-1,-1
511,2,396,965,50,50,1,-1,-1,-1
511,8,637,653,50,50,1,-1,-1,-1
511,15,545,807,50,50,1,-1,-1,-1
512,2,387,1016,50,50,1,-1,-1,-1
512,8,648,661,50,50,1,-1,-1,-1
512,14,669,1215,50,50,1,-1,-1,-1
512,15,538,767,50,50,1,-1,-1,-1
513,2,656,1258,50,50,1,-1,-1,-1
513,8,659,671,50,50,1,-1,-1,-1
513,15,529,733,50,50,1,-1,-1,-1
514,2,645,1273,50,50,1,-1,-1,-1
514,8,670,688,50,50,1,-1,-1,-1
514,12,503,890,50,50,1,-1,-1,-1
514,14,373,1167,50,50,1,-1,-1,-1
514,15,522,704,50,50,1,-1,-1,-1
515,2,636,1263,50,50,1,-1,-1,-1
515,8,682,709,50,50,1,-1,-1,-1
515,12,369,1214,50,50,1,-1,-1,-1
515,14,509,839,50,50,1,-1,-1,-1
515,15,515,681,50,50,1,-1,-1,-1
516,2,626,1223,50,50,1,-1,-1,-1
516,8,695,736,50,50,1,-1,-1,-1
516,12,373,1254,50,50,1,-1,-1,-1
516,14,514,793,50,50,1,-1,-1,-1
516,15,507,663,50,50,1,-1,-1,-1
517,8,708,768,50,50,1,-1,-1,-1
517,12,382,1282,50,50,1,-1,-1,-1
517,14,521,752,50,50,1,-1,-1,-1
517,15,501,650,50,50,1,-1,-1,-1
518,8,733,846,50,50,1,-1,-1,-1
518,14,532,686,50,50,1,-1,-1,-1
518,15,488,640,50,50,1,-1,-1,-1
519,8,746,895,50,50,1,-1,-1,-1
520,8,760,948,50,50,1,-1,-1,-1
520,12,442,1331,50,50,1,-1,-1,-1
520,14,546,642,50,50,1,-1,-1,-1
520,15,475,649,50,50,1,-1,-1,-1
521,2,566,862,50,50,1,-1,-1,-1
521,14,551,626,50,50,1,-1,-1,-1
521,15,468,663,50,50,1,-1,-1,-1
522,2,556,822,50,50,1,-1,-1,-1
522,14,558,620,50,50,1,-1,-1,-1
522,15,462,682,50,50,1,-1,-1,-1
523,2,547,787,50,50,1,-1,-1,-1
523,14,567,615,50,50,1,-1,-1,-1
523,15,456,706,50,50,1,-1,-1,-1
524,2,538,758,50,50,1,-1,-1,-1
524,12,475,1172,50,50,1,-1,-1,-1
524,14,574,616,50,50,1,-1,-1,-1
524,15,451,735,50,50,1,-1,-1,-1
525,2,528,735,50,50,1,-1,-1,-1
525,14,580,622,50,50,1,-1,-1,-1
525,15,444,771,50,50,1,-1,-1,-1
526,2,520,718,50,50,1,-1,-1,-1
526,14,589,633,50,50,1,-1,-1,-1
526,15,439,813,50,50,1,-1,-1,-1
527,2,511,704,50,50,1,-1,-1,-1
527,8,702,1264,50,50,1,-1,-1,-1
527,14,597,649,50,50,1,-1,-1,-1
527,15,433,860,50,50,1,-1,-1,-1
528,2,503,697,50,50,1,-1,-1,-1
528,12,510,895,50,50,1,-1,-1,-1
528,14,605,671,50,50,1,-1,-1,-1
528,15,428,913,50,50,1,-1,-1,-1
529,2,495,694,50,50,1,-1,-1,-1
529,12,519,847,50,50,1,-1,-1,-1
529,14,614,697,50,50,1,-1,-1,-1
529,15,423,974,50,50,1,-1,-1,-1
530,2,488,697,50,50,1,-1,-1,-1
530,8,625,1269,50,50,1,-1,-1,-1
530,12,527,803,50,50,1,-1,-1,-1
530,14,622,730,50,50,1,-1,-1,-1
531,2,479,704,50,50,1,-1,-1,-1
531,8,603,1213,50,50,1,-1,-1,-1
531,12,536,766,50,50,1,-1,-1,-1
531,14,630,766,50,50,1,-1,-1,-1
531,15,420,1119,50,50,1,-1,-1,-1
532,2,471,717,50,50,1,-1,-1,-1
532,12,545,734,50,50,1,-1,-1,-1
532,14,640,810,50,50,1,-1,-1,-1
533,2,463,736,50,50,1,-1,-1,-1
533,12,552,707,50,50,1,-1,-1,-1
533,14,649,859,50,50,1,-1,-1,-1
534,2,456,758,50,50,1,-1,-1,-1
534,12,561,685,50,50,1,-1,-1,-1
534,14,658,913,50,50,1,-1,-1,-1
534,15,446,1261,50,50,1,-1,-1,-1
535,2,449,785,50,50,1,-1,-1,-1
535,12,569,669,50,50,1,-1,-1,-1
535,14,669,974,50,50,1,-1,-1,-1
536,2,442,820,50,50,1,-1,-1,-1
536,12,577,658,50,50,1,-1,-1,-1
537,2,434,858,50,50,1,-1,-1,-1
537,8,532,832,50,50,1,-1,-1,-1
537,12,586,651,50,50,1,-1,-1,-1
538,2,428,903,50,50,1,-1,-1,-1
538,8,523,791,50,50,1,-1,-1,-1
538,12,595,650,50,50,1,-1,-1,-1
538,14,690,1155,50,50,1,-1,-1,-1
538,15,475,1176,50,50,1,-1,-1,-1
539,2,421,952,50,50,1,-1,-1,-1
539,8,514,754,50,50,1,-1,-1,-1
539,12,605,654,50,50,1,-1,-1,-1
539,14,683,1192,50,50,1,-1,-1,-1
540,2,416,1008,50,50,1,-1,-1,-1
540,8,504,722,50,50,1,-1,-1,-1
540,12,614,662,50,50,1,-1,-1,-1
540,14,670,1236,50,50,1,-1,-1,-1
541,8,495,697,50,50,1,-1,-1,-1
541,12,624,676,50,50,1,-1,-1,-1
541,14,655,1270,50,50,1,-1,-1,-1
542,8,486,677,50,50,1,-1,-1,-1
542,12,633,694,50,50,1,-1,-1,-1
542,14,645,1275,50,50,1,-1,-1,-1
542,15,503,885,50,50,1,-1,-1,-1
543,2,403,1203,50,50,1,-1,-1,-1
543,8,477,662,50,50,1,-1,-1,-1
543,12,644,718,50,50,1,-1,-1,-1
543,14,633,1256,50,50,1,-1,-1,-1
543,15,509,831,50,50,1,-1,-1,-1
544,2,408,1234,50,50,1,-1,-1,-1
544,8,469,653,50,50,1,-1,-1,-1
544,12,653,747,50,50,1,-1,-1,-1
544,15,515,783,50,50,1,-1,-1,-1
545,2,429,1302,50,50,1,-1,-1,-1
545,8,453,649,50,50,1,-1,-1,-1
545,12,675,821,50,50,1,-1,-1,-1
545,15,528,701,50,50,1,-1,-1,-1
546,8,446,654,50,50,1,-1,-1,-1
546,12,685,865,50,50,1,-1,-1,-1
546,15,534,670,50,50,1,-1,-1,-1
547,2,451,1324,50,50,1,-1,-1,-1
547,8,438,667,50,50,1,-1,-1,-1
547,12,697,914,50,50,1,-1,-1,-1
547,15,541,643,50,50,1,-1,-1,-1
548,8,431,683,50,50,1,-1,-1,-1
548,12,709,971,50,50,1,-1,-1,-1
548,14,565,887,50,50,1,-1,-1,-1
548,15,547,621,50,50,1,-1,-1,-1
549,8,422,705,50,50,1,-1,-1,-1
549,14,554,841,50,50,1,-1,-1,-1
549,15,554,606,50,50,1,-1,-1,-1
550,2,473,1211,50,50,1,-1,-1,-1
550,8,414,733,50,50,1,-1,-1,-1
550,14,543,803,50,50,1,-1,-1,-1
550,15,560,593,50,50,1,-1,-1,-1
551,8,408,766,50,50,1,-1,-1,-1
551,14,533,770,50,50,1,-1,-1,-1
551,15,567,588,50,50,1,-1,-1,-1
552,8,400,804,50,50,1,-1,-1,-1
552,14,523,742,50,50,1,-1,-1,-1
552,15,575,587,50,50,1,-1,-1,-1
553,8,394,848,50,50,1,-1,-1,-1
553,12,709,1225,50,50,1,-1,-1,-1
553,14,513,721,50,50,1,-1,-1,-1
553,15,583,591,50,50,1,-1,-1,-1
554,8,386,898,50,50,1,-1,-1,-1
554,14,504,705,50,50,1,-1,-1,-1
554,15,590,598,50,50,1,-1,-1,-1
555,2,505,867,50,50,1,-1,-1,-1
555,8,379,955,50,50,1,-1,-1,-1
555,12,662,1288,50,50,1,-1,-1,-1
555,14,495,693,50,50,1,-1,-1,-1
555,15,598,613,50,50,1,-1,-1,-1
556,2,511,816,50,50,1,-1,-1,-1
556,12,644,1291,50,50,1,-1,-1,-1
556,14,486,688,50,50,1,-1,-1,-1
556,15,606,631,50,50,1,-1,-1,-1
557,2,517,771,50,50,1,-1,-1,-1
557,12,626,1272,50,50,1,-1,-1,-1
557,14,478,687,50,50,1,-1,-1,-1
557,15,615,656,50,50,1,-1,-1,-1
558,2,524,732,50,50,1,-1,-1,-1
558,8,371,1141,50,50,1,-1,-1,-1
558,14,468,691,50,50,1,-1,-1,-1
558,15,624,684,50,50,1,-1,-1,-1
559,2,530,698,50,50,1,-1,-1,-1
559,8,379,1176,50,50,1,-1,-1,-1
559,14,461,700,50,50,1,-1,-1,-1
559,15,633,718,50,50,1,-1,-1,-1
560,2,537,671,50,50,1,-1,-1,-1
560,8,396,1217,50,50,1,-1,-1,-1
560,14,452,712,50,50,1,-1,-1,-1
560,15,642,758,50,50,1,-1,-1,-1
561,2,543,648,50,50,1,-1,-1,-1
561,8,420,1264,50,50,1,-1,-1,-1
561,14,444,732,50,50,1,-1,-1,-1
561,15,650,804,50,50,1,-1,-1,-1
562,2,550,631,50,50,1,-1,-1,-1
562,8,435,1294,50,50,1,-1,-1,-1
562,14,437,756,50,50,1,-1,-1,-1
562,15,660,854,50,50,1,-1,-1,-1
563,2,557,617,50,50,1,-1,-1,-1
563,8,445,1297,50,50,1,-1,-1,-1
563,12,538,892,50,50,1,-1,-1,-1
563,14,429,785,50,50,1,-1,-1,-1
563,15,670,910,50,50,1,-1,-1,-1
564,2,565,611,50,50,1,-1,-1,-1
564,12,526,847,50,50,1,-1,-1,-1
564,14,421,819,50,50,1,-1,-1,-1
564,15,681,972,50,50,1,-1,-1,-1
565,2,573,609,50,50,1,-1,-1,-1
565,8,456,1212,50,50,1,-1,-1,-1
565,12,513,806,50,50,1,-1,-1,-1
565,14,414,857,50,50,1,-1,-1,-1
566,2,580,611,50,50,1,-1,-1,-1
566,8,452,1148,50,50,1,-1,-1,-1
566,12,502,771,50,50,1,-1,-1,-1
566,14,406,901,50,50,1,-1,-1,-1
566,15,693,1123,50,50,1,-1,-1,-1
567,2,588,619,50,50,1,-1,-1,-1
567,12,490,740,50,50,1,-1,-1,-1
567,14,400,950,50,50,1,-1,-1,-1
567,15,691,1167,50,50,1,-1,-1,-1
568,2,596,633,50,50,1,-1,-1,-1
568,12,478,715,50,50,1,-1,-1,-1
568,14,396,1005,50,50,1,-1,-1,-1
568,15,678,1220,50,50,1,-1,-1,-1
569,2,605,651,50,50,1,-1,-1,-1
569,8,479,926,50,50,1,-1,-1,-1
569,12,467,696,50,50,1,-1,-1,-1
569,15,657,1271,50,50,1,-1,-1,-1
570,2,614,675,50,50,1,-1,-1,-1
570,8,486,870,50,50,1,-1,-1,-1
570,12,456,682,50,50,1,-1,-1,-1
570,14,378,1146,50,50,1,-1,-1,-1
571,2,622,704,50,50,1,-1,-1,-1
571,8,491,820,50,50,1,-1,-1,-1
571,12,445,674,50,50,1,-1,-1,-1
571,14,376,1186,50,50,1,-1,-1,-1
572,2,631,738,50,50,1,-1,-1,-1
572,8,498,775,50,50,1,-1,-1,-1
572,12,435,669,50,50,1,-1,-1,-1
572,14,379,1219,50,50,1,-1,-1,-1
572,15,604,1262,50,50,1,-1,-1,-1
573,2,650,826,50,50,1,-1,-1,-1
573,8,510,703,50,50,1,-1,-1,-1
573,12,414,678,50,50,1,-1,-1,-1
573,14,406,1285,50,50,1,-1,-1,-1
574,2,660,877,50,50,1,-1,-1,-1
574,8,516,673,50,50,1,-1,-1,-1
574,12,405,689,50,50,1,-1,-1,-1
574,14,420,1308,50,50,1,-1,-1,-1
575,2,671,935,50,50,1,-1,-1,-1
575,8,523,652,50,50,1,-1,-1,-1
575,12,394,706,50,50,1,-1,-1,-1
576,8,529,633,50,50,1,-1,-1,-1
576,12,384,729,50,50,1,-1,-1,-1
577,2,691,1089,50,50,1,-1,-1,-1
577,8,536,619,50,50,1,-1,-1,-1
577,12,374,757,50,50,1,-1,-1,-1
577,15,549,878,50,50,1,-1,-1,-1
578,8,543,612,50,50,1,-1,-1,-1
578,12,365,789,50,50,1,-1,-1,-1
578,14,461,1205,50,50,1,-1,-1,-1
578,15,540,832,50,50,1,-1,-1,-1
579,8,551,609,50,50,1,-1,-1,-1
579,12,355,828,50,50,1,-1,-1,-1
579,15,533,791,50,50,1,-1,-1,-1
580,8,558,610,50,50,1,-1,-1,-1
580,12,346,871,50,50,1,-1,-1,-1
580,15,525,756,50,50,1,-1,-1,-1
581,2,671,1212,50,50,1,-1,-1,-1
581,8,566,616,50,50,1,-1,-1,-1
581,12,336,921,50,50,1,-1,-1,-1
581,15,518,727,50,50,1,-1,-1,-1
582,2,648,1255,50,50,1,-1,-1,-1
582,8,574,629,50,50,1,-1,-1,-1
582,12,327,977,50,50,1,-1,-1,-1
582,14,484,921,50,50,1,-1,-1,-1
582,15,510,703,50,50,1,-1,-1,-1
583,8,581,645,50,50,1,-1,-1,-1
583,14,492,867,50,50,1,-1,-1,-1
583,15,503,684,50,50,1,-1,-1,-1
584,8,590,667,50,50,1,-1,-1,-1
584,12,316,1124,50,50,1,-1,-1,-1
584,14,498,818,50,50,1,-1,-1,-1
584,15,498,671,50,50,1,-1,-1,-1
585,8,598,695,50,50,1,-1,-1,-1
585,14,505,774,50,50,1,-1,-1,-1
585,15,491,663,50,50,1,-1,-1,-1
586,2,590,1244,50,50,1,-1,-1,-1
586,8,608,727,50,50,1,-1,-1,-1
586,14,512,736,50,50,1,-1,-1,-1
586,15,482,659,50,50,1,-1,-1,-1
587,8,616,764,50,50,1,-1,-1,-1
588,8,625,808,50,50,1,-1,-1,-1
588,14,501,672,50,50,1,-1,-1,-1
589,8,635,857,50,50,1,-1,-1,-1
589,14,532,654,50,50,1,-1,-1,-1
589,15,467,681,50,50,1,-1,-1,-1
590,8,645,911,50,50,1,-1,-1,-1
590,14,540,637,50,50,1,-1,-1,-1
590,15,460,699,50,50,1,-1,-1,-1
591,2,538,902,50,50,1,-1,-1,-1
591,8,654,972,50,50,1,-1,-1,-1
591,14,549,624,50,50,1,-1,-1,-1
591,15,454,721,50,50,1,-1,-1,-1
592,2,532,855,50,50,1,-1,-1,-1
592,14,555,617,50,50,1,-1,-1,-1
592,15,449,750,50,50,1,-1,-1,-1
593,2,523,809,50,50,1,-1,-1,-1
593,8,670,1116,50,50,1,-1,-1,-1
593,14,564,615,50,50,1,-1,-1,-1
593,15,445,783,50,50,1,-1,-1,-1
594,2,515,769,50,50,1,-1,-1,-1
594,8,671,1155,50,50,1,-1,-1,-1
594,12,479,1181,50,50,1,-1,-1,-1
594,14,571,619,50,50,1,-1,-1,-1
594,15,440,821,50,50,1,-1,-1,-1
595,2,510,735,50,50,1,-1,-1,-1
595,8,667,1196,50,50,1,-1,-1,-1
595,14,579,625,50,50,1,-1,-1,-1
595,15,434,865,50,50,1,-1,-1,-1
596,2,502,706,50,50,1,-1,-1,-1
596,8,654,1248,50,50,1,-1,-1,-1
596,14,587,640,50,50,1,-1,-1,-1
596,15,430,915,50,50,1,-1,-1,-1
597,2,495,683,50,50,1,-1,-1,-1
597,14,596,658,50,50,1,-1,-1,-1
597,15,426,971,50,50,1,-1,-1,-1
598,2,488,664,50,50,1,-1,-1,-1
598,14,607,681,50,50,1,-1,-1,-1
598,15,505,907,50,50,1,-1,-1,-1
599,2,481,652,50,50,1,-1,-1,-1
599,14,615,710,50,50,1,-1,-1,-1
599,15,511,862,50,50,1,-1,-1,-1
600,2,475,645,50,50,1,-1,-1,-1
600,8,601,1233,50,50,1,-1,-1,-1
600,12,412,1148,50,50,1,-1,-1,-1
600,14,624,744,50,50,1,-1,-1,-1
600,15,516,817,50,50,1,-1,-1,-1
601,2,464,646,50,50,1,-1,-1,-1
601,8,424,1195,50,50,1,-1,-1,-1
601,14,644,829,50,50,1,-1,-1,-1
601,15,529,746,50,50,1,-1,-1,-1
602,2,458,654,50,50,1,-1,-1,-1
602,12,434,1212,50,50,1,-1,-1,-1
602,14,654,879,50,50,1,-1,-1,-1
602,15,534,718,50,50,1,-1,-1,-1
603,2,452,665,50,50,1,-1,-1,-1
603,12,437,1215,50,50,1,-1,-1,-1
603,14,665,936,50,50,1,-1,-1,-1
603,15,540,696,50,50,1,-1,-1,-1
604,2,447,685,50,50,1,-1,-1,-1
604,12,436,1210,50,50,1,-1,-1,-1
604,15,546,679,50,50,1,-1,-1,-1
605,2,442,708,50,50,1,-1,-1,-1
605,12,427,1196,50,50,1,-1,-1,-1
605,14,541,853,50,50,1,-1,-1,-1
605,15,552,668,50,50,1,-1,-1,-1
606,2,437,737,50,50,1,-1,-1,-1
606,8,694,1121,50,50,1,-1,-1,-1
606,12,424,1180,50,50,1,-1,-1,-1
606,14,531,809,50,50,1,-1,-1,-1
606,15,558,661,50,50,1,-1,-1,-1
607,2,432,771,50,50,1,-1,-1,-1
607,8,691,1139,50,50,1,-1,-1,-1
607,12,419,1168,50,50,1,-1,-1,-1
607,14,522,771,50,50,1,-1,-1,-1
607,15,566,659,50,50,1,-1,-1,-1
608,2,427,810,50,50,1,-1,-1,-1
608,12,414,1157,50,50,1,-1,-1,-1
608,14,513,739,50,50,1,-1,-1,-1
608,15,572,662,50,50,1,-1,-1,-1
609,2,421,855,50,50,1,-1,-1,-1
609,12,675,1162,50,50,1,-1,-1,-1
609,14,505,712,50,50,1,-1,-1,-1
609,15,578,671,50,50,1,-1,-1,-1
610,2,417,906,50,50,1,-1,-1,-1
610,12,401,1142,50,50,1,-1,-1,-1
610,14,497,691,50,50,1,-1,-1,-1
610,15,586,683,50,50,1,-1,-1,-1
611,2,413,961,50,50,1,-1,-1,-1
611,14,489,675,50,50,1,-1,-1,-1
611,15,593,702,50,50,1,-1,-1,-1
612,2,409,1024,50,50,1,-1,-1,-1
612,12,652,1169,50,50,1,-1,-1,-1
612,14,480,664,50,50,1,-1,-1,-1
612,15,602,726,50,50,1,-1,-1,-1
613,2,651,1162,50,50,1,-1,-1,-1
613,14,472,659,50,50,1,-1,-1,-1
613,15,609,757,50,50,1,-1,-1,-1
614,12,387,1137,50,50,1,-1,-1,-1
614,14,464,658,50,50,1,-1,-1,-1
614,15,617,790,50,50,1,-1,-1,-1
615,2,652,1146,50,50,1,-1,-1,-1
615,12,390,1146,50,50,1,-1,-1,-1
615,14,457,663,50,50,1,-1,-1,-1
615,15,625,831,50,50,1,-1,-1,-1
616,2,655,1139,50,50,1,-1,-1,-1
616,12,389,1157,50,50,1,-1,-1,-1
616,14,449,673,50,50,1,-1,-1,-1
616,15,635,877,50,50,1,-1,-1,-1
617,12,394,1164,50,50,1,-1,-1,-1
617,14,442,688,50,50,1,-1,-1,-1
617,15,645,930,50,50,1,-1,-1,-1
618,2,661,1136,50,50,1,-1,-1,-1
618,12,395,1170,50,50,1,-1,-1,-1
618,14,436,709,50,50,1,-1,-1,-1
618,15,653,988,50,50,1,-1,-1,-1
619,12,395,1176,50,50,1,-1,-1,-1
619,14,428,735,50,50,1,-1,-1,-1
620,12,395,1178,50,50,1,-1,-1,-1
620,14,422,765,50,50,1,-1,-1,-1
621,14,415,802,50,50,1,-1,-1,-1
622,14,407,844,50,50,1,-1,-1,-1
623,14,400,891,50,50,1,-1,-1,-1
624,14,395,945,50,50,1,-1,-1,-1
625,14,388,1004,50,50,1,-1,-1,-1
626,14,381,1072,50,50,1,-1,-1,-1
627,14,381,1072,50,50,1,-1,-1,-1
628,14,381,1072,50,50,1,-1,-1,-1
629,12,368,1190,50,50,1,-1,-1,-1
630,12,368,1190,50,50,1,-1,-1,-1
631,12,368,1190,50,50,1,-1,-1,-1
632,12,368,1190,50,50,1,-1,-1,-1
633,12,368,1190,50,50,1,-1,-1,-1
634,12,368,1190,50,50,1,-1,-1,-1
635,12,368,1190,50,50,1,-1,-1,-1
636,12,368,1190,50,50,1,-1,-1,-1
637,12,368,1190,50,50,1,-1,-1,-1
638,12,368,1190,50,50,1,-1,-1,-1
639,12,368,1190,50,50,1,-1,-1,-1
640,12,368,1190,50,50,1,-1,-1,-1
641,12,368,1190,50,50,1,-1,-1,-1
642,12,368,1190,50,50,1,-1,-1,-1
643,12,673,1227,50,50,1,-1,-1,-1
644,12,673,1252,50,50,1,-1,-1,-1
645,12,667,1276,50,50,1,-1,-1,-1
646,12,667,1276,50,50,1,-1,-1,-1
647,12,667,1276,50,50,1,-1,-1,-1
648,12,667,1276,50,50,1,-1,-1,-1
649,12,667,1276,50,50,1,-1,-1,-1
