16,1,524,1072,50,50,1,-1,-1,-1
17,1,529,1053,50,50,1,-1,-1,-1
17,2,430,1148,50,50,1,-1,-1,-1
18,1,531,1033,50,50,1,-1,-1,-1
18,2,427,1187,50,50,1,-1,-1,-1
19,1,535,1015,50,50,1,-1,-1,-1
19,2,422,1212,50,50,1,-1,-1,-1
20,1,541,1008,50,50,1,-1,-1,-1
21,2,431,1234,50,50,1,-1,-1,-1
22,2,446,1224,50,50,1,-1,-1,-1
23,1,560,1052,50,50,1,-1,-1,-1
23,2,462,1181,50,50,1,-1,-1,-1
24,1,560,1052,50,50,1,-1,-1,-1
24,2,462,1181,50,50,1,-1,-1,-1
25,1,478,1051,50,50,1,-1,-1,-1
25,2,560,1140,50,50,1,-1,-1,-1
26,2,542,1178,50,50,1,-1,-1,-1
27,1,513,871,50,50,1,-1,-1,-1
27,2,535,1200,50,50,1,-1,-1,-1
28,1,517,798,50,50,1,-1,-1,-1
28,2,528,1207,50,50,1,-1,-1,-1
29,1,520,735,50,50,1,-1,-1,-1
29,2,521,1204,50,50,1,-1,-1,-1
30,1,524,677,50,50,1,-1,-1,-1
30,2,514,1188,50,50,1,-1,-1,-1
31,1,529,623,50,50,1,-1,-1,-1
31,2,508,1156,50,50,1,-1,-1,-1
32,1,532,576,50,50,1,-1,-1,-1
33,1,537,534,50,50,1,-1,-1,-1
33,2,509,1053,50,50,1,-1,-1,-1
33,3,433,1145,50,50,1,-1,-1,-1
34,1,540,497,50,50,1,-1,-1,-1
34,3,430,1187,50,50,1,-1,-1,-1
35,1,545,467,50,50,1,-1,-1,-1
35,3,431,1211,50,50,1,-1,-1,-1
36,1,549,443,50,50,1,-1,-1,-1
36,2,544,1003,50,50,1,-1,-1,-1
36,3,436,1216,50,50,1,-1,-1,-1
37,1,553,424,50,50,1,-1,-1,-1
37,2,552,1027,50,50,1,-1,-1,-1
37,3,445,1201,50,50,1,-1,-1,-1
38,1,557,410,50,50,1,-1,-1,-1
38,2,489,744,50,50,1,-1,-1,-1
38,3,461,1163,50,50,1,-1,-1,-1
39,1,562,402,50,50,1,-1,-1,-1
39,2,483,704,50,50,1,-1,-1,-1
39,3,475,1098,50,50,1,-1,-1,-1
39,4,960,1848,50,50,1,-1,-1,-1
40,1,566,399,50,50,1,-1,-1,-1
40,2,476,670,50,50,1,-1,-1,-1
41,1,570,402,50,50,1,-1,-1,-1
41,2,470,641,50,50,1,-1,-1,-1
41,5,288,1864,50,50,1,-1,-1,-1
42,1,573,410,50,50,1,-1,-1,-1
42,2,463,618,50,50,1,-1,-1,-1
42,3,538,1199,50,50,1,-1,-1,-1
43,1,577,424,50,50,1,-1,-1,-1
43,2,457,601,50,50,1,-1,-1,-1
43,3,534,1195,50,50,1,-1,-1,-1
44,1,581,444,50,50,1,-1,-1,-1
44,2,451,589,50,50,1,-1,-1,-1
44,3,530,1177,50,50,1,-1,-1,-1
44,4,520,741,50,50,1,-1,-1,-1
45,1,584,468,50,50,1,-1,-1,-1
45,2,445,582,50,50,1,-1,-1,-1
45,3,535,1135,50,50,1,-1,-1,-1
45,4,526,687,50,50,1,-1,-1,-1
45,5,447,1059,50,50,1,-1,-1,-1
46,1,589,498,50,50,1,-1,-1,-1
46,2,439,582,50,50,1,-1,-1,-1
46,3,532,640,50,50,1,-1,-1,-1
47,1,593,533,50,50,1,-1,-1,-1
47,2,432,586,50,50,1,-1,-1,-1
47,5,538,598,50,50,1,-1,-1,-1
48,1,597,574,50,50,1,-1,-1,-1
48,2,426,597,50,50,1,-1,-1,-1
48,3,432,1200,50,50,1,-1,-1,-1
48,5,544,561,50,50,1,-1,-1,-1
49,1,600,620,50,50,1,-1,-1,-1
49,2,420,613,50,50,1,-1,-1,-1
49,3,431,1215,50,50,1,-1,-1,-1
49,5,552,530,50,50,1,-1,-1,-1
50,1,604,670,50,50,1,-1,-1,-1
50,2,414,634,50,50,1,-1,-1,-1
50,3,434,1210,50,50,1,-1,-1,-1
50,5,558,505,50,50,1,-1,-1,-1
51,1,607,726,50,50,1,-1,-1,-1
51,2,408,661,50,50,1,-1,-1,-1
51,3,442,1186,50,50,1,-1,-1,-1
51,5,564,485,50,50,1,-1,-1,-1
52,1,611,787,50,50,1,-1,-1,-1
52,2,402,693,50,50,1,-1,-1,-1
52,5,570,471,50,50,1,-1,-1,-1
52,6,510,663,50,50,1,-1,-1,-1
53,1,614,852,50,50,1,-1,-1,-1
53,2,396,731,50,50,1,-1,-1,-1
53,3,461,1070,50,50,1,-1,-1,-1
53,5,576,463,50,50,1,-1,-1,-1
53,6,506,613,50,50,1,-1,-1,-1
54,2,390,773,50,50,1,-1,-1,-1
54,5,582,460,50,50,1,-1,-1,-1
54,6,501,567,50,50,1,-1,-1,-1
55,1,431,999,50,50,1,-1,-1,-1
55,2,384,821,50,50,1,-1,-1,-1
55,3,490,917,50,50,1,-1,-1,-1
55,5,588,462,50,50,1,-1,-1,-1
55,6,497,528,50,50,1,-1,-1,-1
56,2,379,874,50,50,1,-1,-1,-1
56,5,595,470,50,50,1,-1,-1,-1
56,6,492,495,50,50,1,-1,-1,-1
57,2,373,931,50,50,1,-1,-1,-1
57,5,601,483,50,50,1,-1,-1,-1
57,6,488,466,50,50,1,-1,-1,-1
58,2,381,1015,50,50,1,-1,-1,-1
58,3,513,730,50,50,1,-1,-1,-1
58,5,608,503,50,50,1,-1,-1,-1
58,6,483,444,50,50,1,-1,-1,-1
59,2,372,1046,50,50,1,-1,-1,-1
59,3,520,681,50,50,1,-1,-1,-1
59,5,614,527,50,50,1,-1,-1,-1
59,6,479,427,50,50,1,-1,-1,-1
60,3,528,636,50,50,1,-1,-1,-1
60,5,620,557,50,50,1,-1,-1,-1
60,6,474,416,50,50,1,-1,-1,-1
61,3,536,597,50,50,1,-1,-1,-1
61,5,626,592,50,50,1,-1,-1,-1
61,6,469,411,50,50,1,-1,-1,-1
62,3,542,563,50,50,1,-1,-1,-1
62,5,632,633,50,50,1,-1,-1,-1
62,6,465,411,50,50,1,-1,-1,-1
63,3,550,535,50,50,1,-1,-1,-1
63,5,638,679,50,50,1,-1,-1,-1
63,6,461,417,50,50,1,-1,-1,-1
64,3,558,513,50,50,1,-1,-1,-1
64,5,643,730,50,50,1,-1,-1,-1
64,6,457,428,50,50,1,-1,-1,-1
65,3,565,496,50,50,1,-1,-1,-1
65,5,649,786,50,50,1,-1,-1,-1
65,6,451,446,50,50,1,-1,-1,-1
66,3,573,486,50,50,1,-1,-1,-1
66,5,655,847,50,50,1,-1,-1,-1
66,6,446,470,50,50,1,-1,-1,-1
67,2,531,752,50,50,1,-1,-1,-1
67,3,580,480,50,50,1,-1,-1,-1
67,5,660,913,50,50,1,-1,-1,-1
67,6,443,499,50,50,1,-1,-1,-1
68,2,525,701,50,50,1,-1,-1,-1
68,3,587,480,50,50,1,-1,-1,-1
68,6,438,534,50,50,1,-1,-1,-1
69,2,520,655,50,50,1,-1,-1,-1
69,3,595,486,50,50,1,-1,-1,-1
69,6,433,575,50,50,1,-1,-1,-1
70,2,514,614,50,50,1,-1,-1,-1
70,3,602,497,50,50,1,-1,-1,-1
70,5,470,1062,50,50,1,-1,-1,-1
70,6,428,622,50,50,1,-1,-1,-1
71,2,508,578,50,50,1,-1,-1,-1
71,3,610,514,50,50,1,-1,-1,-1
71,5,641,1112,50,50,1,-1,-1,-1
71,6,424,674,50,50,1,-1,-1,-1
72,1,498,901,50,50,1,-1,-1,-1
72,2,502,549,50,50,1,-1,-1,-1
72,3,617,536,50,50,1,-1,-1,-1
72,5,461,982,50,50,1,-1,-1,-1
72,6,419,733,50,50,1,-1,-1,-1
73,2,496,525,50,50,1,-1,-1,-1
73,3,624,564,50,50,1,-1,-1,-1
73,5,506,836,50,50,1,-1,-1,-1
73,6,416,797,50,50,1,-1,-1,-1
74,2,491,506,50,50,1,-1,-1,-1
74,3,631,598,50,50,1,-1,-1,-1
74,5,511,777,50,50,1,-1,-1,-1
74,6,411,866,50,50,1,-1,-1,-1
75,2,484,494,50,50,1,-1,-1,-1
75,3,638,636,50,50,1,-1,-1,-1
75,5,517,725,50,50,1,-1,-1,-1
76,2,478,486,50,50,1,-1,-1,-1
76,3,646,681,50,50,1,-1,-1,-1
76,5,524,676,50,50,1,-1,-1,-1
77,2,472,485,50,50,1,-1,-1,-1
77,3,653,731,50,50,1,-1,-1,-1
77,5,531,634,50,50,1,-1,-1,-1
78,2,466,489,50,50,1,-1,-1,-1
78,3,659,786,50,50,1,-1,-1,-1
78,5,537,598,50,50,1,-1,-1,-1
79,2,460,500,50,50,1,-1,-1,-1
79,3,666,846,50,50,1,-1,-1,-1
79,5,544,567,50,50,1,-1,-1,-1
79,6,563,884,50,50,1,-1,-1,-1
80,2,454,516,50,50,1,-1,-1,-1
80,3,674,912,50,50,1,-1,-1,-1
80,5,550,541,50,50,1,-1,-1,-1
81,2,448,538,50,50,1,-1,-1,-1
81,5,557,522,50,50,1,-1,-1,-1
81,6,546,768,50,50,1,-1,-1,-1
82,2,442,567,50,50,1,-1,-1,-1
82,5,563,509,50,50,1,-1,-1,-1
82,6,537,718,50,50,1,-1,-1,-1
83,2,436,600,50,50,1,-1,-1,-1
83,5,569,500,50,50,1,-1,-1,-1
83,6,529,673,50,50,1,-1,-1,-1
84,2,429,641,50,50,1,-1,-1,-1
84,5,575,497,50,50,1,-1,-1,-1
84,6,520,633,50,50,1,-1,-1,-1
85,2,423,687,50,50,1,-1,-1,-1
85,3,466,1031,50,50,1,-1,-1,-1
85,5,582,500,50,50,1,-1,-1,-1
85,6,511,599,50,50,1,-1,-1,-1
86,2,417,739,50,50,1,-1,-1,-1
86,5,588,508,50,50,1,-1,-1,-1
86,6,502,570,50,50,1,-1,-1,-1
87,2,411,798,50,50,1,-1,-1,-1
87,3,440,976,50,50,1,-1,-1,-1
87,5,594,521,50,50,1,-1,-1,-1
87,6,493,547,50,50,1,-1,-1,-1
88,2,405,861,50,50,1,-1,-1,-1
88,3,575,1180,50,50,1,-1,-1,-1
88,5,600,540,50,50,1,-1,-1,-1
88,6,484,530,50,50,1,-1,-1,-1
89,2,400,930,50,50,1,-1,-1,-1
89,3,505,748,50,50,1,-1,-1,-1
89,5,606,564,50,50,1,-1,-1,-1
89,6,475,519,50,50,1,-1,-1,-1
90,3,511,697,50,50,1,-1,-1,-1
90,5,612,593,50,50,1,-1,-1,-1
90,6,466,514,50,50,1,-1,-1,-1
91,3,517,651,50,50,1,-1,-1,-1
91,5,617,627,50,50,1,-1,-1,-1
91,6,456,514,50,50,1,-1,-1,-1
92,2,400,1096,50,50,1,-1,-1,-1
92,3,523,611,50,50,1,-1,-1,-1
92,5,623,667,50,50,1,-1,-1,-1
92,6,448,520,50,50,1,-1,-1,-1
93,2,410,1140,50,50,1,-1,-1,-1
93,3,529,577,50,50,1,-1,-1,-1
93,5,629,711,50,50,1,-1,-1,-1
93,6,439,532,50,50,1,-1,-1,-1
94,2,418,1176,50,50,1,-1,-1,-1
94,3,534,549,50,50,1,-1,-1,-1
94,5,635,760,50,50,1,-1,-1,-1
94,6,429,550,50,50,1,-1,-1,-1
95,3,539,526,50,50,1,-1,-1,-1
95,5,641,814,50,50,1,-1,-1,-1
95,6,419,574,50,50,1,-1,-1,-1
95,7,545,800,50,50,1,-1,-1,-1
96,3,545,510,50,50,1,-1,-1,-1
96,5,646,872,50,50,1,-1,-1,-1
96,6,410,605,50,50,1,-1,-1,-1
96,7,538,744,50,50,1,-1,-1,-1
97,2,442,1168,50,50,1,-1,-1,-1
97,3,551,498,50,50,1,-1,-1,-1
97,6,402,641,50,50,1,-1,-1,-1
97,7,531,693,50,50,1,-1,-1,-1
98,2,449,1115,50,50,1,-1,-1,-1
98,3,557,493,50,50,1,-1,-1,-1
98,6,391,683,50,50,1,-1,-1,-1
98,7,523,647,50,50,1,-1,-1,-1
99,2,447,1051,50,50,1,-1,-1,-1
99,3,562,492,50,50,1,-1,-1,-1
99,6,383,731,50,50,1,-1,-1,-1
99,7,516,607,50,50,1,-1,-1,-1
100,3,567,498,50,50,1,-1,-1,-1
100,5,635,1048,50,50,1,-1,-1,-1
100,6,374,786,50,50,1,-1,-1,-1
100,7,508,573,50,50,1,-1,-1,-1
101,3,573,508,50,50,1,-1,-1,-1
101,5,620,1093,50,50,1,-1,-1,-1
101,6,365,845,50,50,1,-1,-1,-1
101,7,501,544,50,50,1,-1,-1,-1
102,2,481,820,50,50,1,-1,-1,-1
102,3,578,524,50,50,1,-1,-1,-1
102,6,356,910,50,50,1,-1,-1,-1
102,7,493,521,50,50,1,-1,-1,-1
103,2,488,761,50,50,1,-1,-1,-1
103,3,583,546,50,50,1,-1,-1,-1
103,7,485,503,50,50,1,-1,-1,-1
104,2,493,707,50,50,1,-1,-1,-1
104,3,588,573,50,50,1,-1,-1,-1
104,7,479,492,50,50,1,-1,-1,-1
105,2,499,658,50,50,1,-1,-1,-1
105,3,594,605,50,50,1,-1,-1,-1
105,7,470,485,50,50,1,-1,-1,-1
106,2,505,615,50,50,1,-1,-1,-1
106,3,599,642,50,50,1,-1,-1,-1
106,5,548,1079,50,50,1,-1,-1,-1
106,6,363,1112,50,50,1,-1,-1,-1
106,7,462,484,50,50,1,-1,-1,-1
107,2,512,578,50,50,1,-1,-1,-1
107,3,604,684,50,50,1,-1,-1,-1
107,7,454,490,50,50,1,-1,-1,-1
108,2,518,547,50,50,1,-1,-1,-1
108,3,609,732,50,50,1,-1,-1,-1
108,5,529,932,50,50,1,-1,-1,-1
108,7,447,501,50,50,1,-1,-1,-1
109,2,524,521,50,50,1,-1,-1,-1
109,3,614,783,50,50,1,-1,-1,-1
109,6,403,1196,50,50,1,-1,-1,-1
109,7,439,518,50,50,1,-1,-1,-1
110,2,530,501,50,50,1,-1,-1,-1
110,3,619,840,50,50,1,-1,-1,-1
110,5,515,806,50,50,1,-1,-1,-1
110,7,431,542,50,50,1,-1,-1,-1
111,2,537,488,50,50,1,-1,-1,-1
111,5,505,752,50,50,1,-1,-1,-1
111,6,422,1202,50,50,1,-1,-1,-1
111,7,423,571,50,50,1,-1,-1,-1
112,2,542,479,50,50,1,-1,-1,-1
112,5,498,702,50,50,1,-1,-1,-1
112,6,432,1176,50,50,1,-1,-1,-1
112,7,415,606,50,50,1,-1,-1,-1
113,2,548,476,50,50,1,-1,-1,-1
113,5,489,658,50,50,1,-1,-1,-1
113,6,440,1125,50,50,1,-1,-1,-1
113,7,407,648,50,50,1,-1,-1,-1
114,2,554,479,50,50,1,-1,-1,-1
114,5,482,620,50,50,1,-1,-1,-1
114,6,442,1060,50,50,1,-1,-1,-1
114,7,399,695,50,50,1,-1,-1,-1
115,2,560,487,50,50,1,-1,-1,-1
115,3,614,1081,50,50,1,-1,-1,-1
115,5,474,586,50,50,1,-1,-1,-1
115,7,392,749,50,50,1,-1,-1,-1
116,2,566,501,50,50,1,-1,-1,-1
116,3,595,1128,50,50,1,-1,-1,-1
116,5,465,558,50,50,1,-1,-1,-1
116,6,461,901,50,50,1,-1,-1,-1
116,7,383,808,50,50,1,-1,-1,-1
117,2,572,520,50,50,1,-1,-1,-1
117,5,458,535,50,50,1,-1,-1,-1
117,6,470,836,50,50,1,-1,-1,-1
117,7,376,874,50,50,1,-1,-1,-1
118,2,578,545,50,50,1,-1,-1,-1
118,5,450,519,50,50,1,-1,-1,-1
118,6,476,774,50,50,1,-1,-1,-1
119,2,584,576,50,50,1,-1,-1,-1
119,3,544,1153,50,50,1,-1,-1,-1
119,5,442,507,50,50,1,-1,-1,-1
119,6,482,722,50,50,1,-1,-1,-1
120,2,589,612,50,50,1,-1,-1,-1
120,3,542,1113,50,50,1,-1,-1,-1
120,5,435,503,50,50,1,-1,-1,-1
120,6,489,674,50,50,1,-1,-1,-1
120,7,367,1033,50,50,1,-1,-1,-1
121,2,595,654,50,50,1,-1,-1,-1
121,3,531,1057,50,50,1,-1,-1,-1
121,5,426,503,50,50,1,-1,-1,-1
121,6,495,631,50,50,1,-1,-1,-1
122,2,601,700,50,50,1,-1,-1,-1
122,5,418,510,50,50,1,-1,-1,-1
122,6,500,593,50,50,1,-1,-1,-1
122,7,386,1094,50,50,1,-1,-1,-1
123,2,607,752,50,50,1,-1,-1,-1
123,5,410,521,50,50,1,-1,-1,-1
123,6,507,561,50,50,1,-1,-1,-1
123,7,395,1132,50,50,1,-1,-1,-1
124,2,612,809,50,50,1,-1,-1,-1
124,5,402,539,50,50,1,-1,-1,-1
124,6,513,535,50,50,1,-1,-1,-1
124,7,402,1166,50,50,1,-1,-1,-1
125,2,617,871,50,50,1,-1,-1,-1
125,5,394,563,50,50,1,-1,-1,-1
125,6,520,515,50,50,1,-1,-1,-1
126,3,492,743,50,50,1,-1,-1,-1
126,5,386,593,50,50,1,-1,-1,-1
126,6,526,500,50,50,1,-1,-1,-1
127,3,484,696,50,50,1,-1,-1,-1
127,5,378,628,50,50,1,-1,-1,-1
127,6,532,491,50,50,1,-1,-1,-1
128,2,623,1020,50,50,1,-1,-1,-1
128,3,476,656,50,50,1,-1,-1,-1
128,5,370,670,50,50,1,-1,-1,-1
128,6,538,488,50,50,1,-1,-1,-1
128,7,417,1123,50,50,1,-1,-1,-1
129,2,613,1056,50,50,1,-1,-1,-1
129,3,468,621,50,50,1,-1,-1,-1
129,5,363,717,50,50,1,-1,-1,-1
129,6,544,490,50,50,1,-1,-1,-1
129,7,417,1058,50,50,1,-1,-1,-1
130,2,596,1105,50,50,1,-1,-1,-1
130,3,459,592,50,50,1,-1,-1,-1
130,5,355,770,50,50,1,-1,-1,-1
130,6,550,499,50,50,1,-1,-1,-1
131,3,451,568,50,50,1,-1,-1,-1
131,5,347,829,50,50,1,-1,-1,-1
131,6,556,512,50,50,1,-1,-1,-1
132,3,444,551,50,50,1,-1,-1,-1
132,5,339,893,50,50,1,-1,-1,-1
132,6,563,532,50,50,1,-1,-1,-1
133,2,535,1173,50,50,1,-1,-1,-1
133,3,436,539,50,50,1,-1,-1,-1
133,6,569,559,50,50,1,-1,-1,-1
134,2,526,1149,50,50,1,-1,-1,-1
134,3,427,532,50,50,1,-1,-1,-1
134,5,464,729,50,50,1,-1,-1,-1
134,6,575,590,50,50,1,-1,-1,-1
135,3,419,531,50,50,1,-1,-1,-1
135,5,472,682,50,50,1,-1,-1,-1
135,6,581,627,50,50,1,-1,-1,-1
136,2,517,1041,50,50,1,-1,-1,-1
136,3,411,536,50,50,1,-1,-1,-1
136,5,480,640,50,50,1,-1,-1,-1
136,6,587,670,50,50,1,-1,-1,-1
136,7,342,1100,50,50,1,-1,-1,-1
137,3,403,547,50,50,1,-1,-1,-1
137,5,489,604,50,50,1,-1,-1,-1
137,6,593,718,50,50,1,-1,-1,-1
138,2,501,891,50,50,1,-1,-1,-1
138,3,395,563,50,50,1,-1,-1,-1
138,5,496,573,50,50,1,-1,-1,-1
138,6,599,772,50,50,1,-1,-1,-1
139,2,389,1188,50,50,1,-1,-1,-1
139,3,387,585,50,50,1,-1,-1,-1
139,5,504,548,50,50,1,-1,-1,-1
139,6,605,831,50,50,1,-1,-1,-1
140,2,397,1194,50,50,1,-1,-1,-1
140,3,379,611,50,50,1,-1,-1,-1
140,5,512,528,50,50,1,-1,-1,-1
140,6,610,896,50,50,1,-1,-1,-1
140,7,487,772,50,50,1,-1,-1,-1
141,3,372,645,50,50,1,-1,-1,-1
141,5,521,515,50,50,1,-1,-1,-1
141,6,481,724,50,50,1,-1,-1,-1
141,7,404,1177,50,50,1,-1,-1,-1
142,2,408,1137,50,50,1,-1,-1,-1
142,3,364,683,50,50,1,-1,-1,-1
142,5,529,507,50,50,1,-1,-1,-1
142,6,474,679,50,50,1,-1,-1,-1
143,2,412,1073,50,50,1,-1,-1,-1
143,3,357,726,50,50,1,-1,-1,-1
143,5,537,505,50,50,1,-1,-1,-1
143,6,467,640,50,50,1,-1,-1,-1
144,2,595,1116,50,50,1,-1,-1,-1
144,3,349,775,50,50,1,-1,-1,-1
144,5,545,508,50,50,1,-1,-1,-1
144,6,460,606,50,50,1,-1,-1,-1
145,3,341,829,50,50,1,-1,-1,-1
145,5,554,517,50,50,1,-1,-1,-1
145,6,453,579,50,50,1,-1,-1,-1
146,2,550,1178,50,50,1,-1,-1,-1
146,3,334,888,50,50,1,-1,-1,-1
146,5,562,532,50,50,1,-1,-1,-1
146,6,447,556,50,50,1,-1,-1,-1
147,2,534,1181,50,50,1,-1,-1,-1
147,5,571,553,50,50,1,-1,-1,-1
147,6,441,540,50,50,1,-1,-1,-1
148,2,525,1163,50,50,1,-1,-1,-1
148,3,330,1036,50,50,1,-1,-1,-1
148,5,578,580,50,50,1,-1,-1,-1
148,6,434,529,50,50,1,-1,-1,-1
148,7,462,747,50,50,1,-1,-1,-1
149,3,325,1077,50,50,1,-1,-1,-1
149,5,586,612,50,50,1,-1,-1,-1
149,6,427,525,50,50,1,-1,-1,-1
149,7,472,699,50,50,1,-1,-1,-1
150,2,519,1065,50,50,1,-1,-1,-1
150,3,331,1112,50,50,1,-1,-1,-1
150,5,595,651,50,50,1,-1,-1,-1
150,6,421,525,50,50,1,-1,-1,-1
150,7,481,656,50,50,1,-1,-1,-1
151,3,341,1142,50,50,1,-1,-1,-1
151,5,603,694,50,50,1,-1,-1,-1
151,6,415,531,50,50,1,-1,-1,-1
151,7,490,620,50,50,1,-1,-1,-1
152,2,514,920,50,50,1,-1,-1,-1
152,3,356,1168,50,50,1,-1,-1,-1
152,5,611,744,50,50,1,-1,-1,-1
152,6,408,543,50,50,1,-1,-1,-1
152,7,499,589,50,50,1,-1,-1,-1
153,3,374,1185,50,50,1,-1,-1,-1
153,5,619,798,50,50,1,-1,-1,-1
153,6,401,561,50,50,1,-1,-1,-1
153,7,508,562,50,50,1,-1,-1,-1
154,2,503,792,50,50,1,-1,-1,-1
154,3,390,1193,50,50,1,-1,-1,-1
154,5,627,860,50,50,1,-1,-1,-1
154,6,395,584,50,50,1,-1,-1,-1
154,7,517,542,50,50,1,-1,-1,-1
155,2,498,742,50,50,1,-1,-1,-1
155,6,388,613,50,50,1,-1,-1,-1
155,7,527,527,50,50,1,-1,-1,-1
156,2,493,695,50,50,1,-1,-1,-1
156,3,416,1154,50,50,1,-1,-1,-1
156,5,643,1003,50,50,1,-1,-1,-1
156,6,382,647,50,50,1,-1,-1,-1
156,7,535,519,50,50,1,-1,-1,-1
157,2,488,653,50,50,1,-1,-1,-1
157,3,427,1100,50,50,1,-1,-1,-1
157,5,638,1032,50,50,1,-1,-1,-1
157,6,375,687,50,50,1,-1,-1,-1
157,7,545,515,50,50,1,-1,-1,-1
158,2,483,617,50,50,1,-1,-1,-1
158,3,427,1040,50,50,1,-1,-1,-1
158,6,370,733,50,50,1,-1,-1,-1
158,7,554,518,50,50,1,-1,-1,-1
159,2,478,586,50,50,1,-1,-1,-1
159,3,450,949,50,50,1,-1,-1,-1
159,6,364,783,50,50,1,-1,-1,-1
159,7,563,525,50,50,1,-1,-1,-1
160,2,473,561,50,50,1,-1,-1,-1
160,3,457,882,50,50,1,-1,-1,-1
160,6,358,839,50,50,1,-1,-1,-1
160,7,571,539,50,50,1,-1,-1,-1
161,2,468,542,50,50,1,-1,-1,-1
161,3,468,821,50,50,1,-1,-1,-1
161,5,562,1166,50,50,1,-1,-1,-1
161,6,351,900,50,50,1,-1,-1,-1
161,7,580,558,50,50,1,-1,-1,-1
162,2,464,529,50,50,1,-1,-1,-1
162,3,479,763,50,50,1,-1,-1,-1
162,5,551,1174,50,50,1,-1,-1,-1
162,7,589,583,50,50,1,-1,-1,-1
163,2,459,522,50,50,1,-1,-1,-1
163,3,488,713,50,50,1,-1,-1,-1
163,5,547,1157,50,50,1,-1,-1,-1
163,6,350,1043,50,50,1,-1,-1,-1
163,7,599,613,50,50,1,-1,-1,-1
164,2,455,520,50,50,1,-1,-1,-1
164,3,497,668,50,50,1,-1,-1,-1
164,5,546,1114,50,50,1,-1,-1,-1
164,6,347,1084,50,50,1,-1,-1,-1
164,7,607,650,50,50,1,-1,-1,-1
165,2,450,525,50,50,1,-1,-1,-1
165,3,506,629,50,50,1,-1,-1,-1
165,5,544,1051,50,50,1,-1,-1,-1
165,6,355,1120,50,50,1,-1,-1,-1
165,7,616,690,50,50,1,-1,-1,-1
166,2,445,535,50,50,1,-1,-1,-1
166,3,516,595,50,50,1,-1,-1,-1
166,6,370,1151,50,50,1,-1,-1,-1
166,7,625,737,50,50,1,-1,-1,-1
167,2,441,551,50,50,1,-1,-1,-1
167,3,526,566,50,50,1,-1,-1,-1
167,5,532,897,50,50,1,-1,-1,-1
167,6,389,1175,50,50,1,-1,-1,-1
167,7,634,789,50,50,1,-1,-1,-1
168,2,435,573,50,50,1,-1,-1,-1
168,3,535,543,50,50,1,-1,-1,-1
168,5,527,830,50,50,1,-1,-1,-1
168,6,408,1184,50,50,1,-1,-1,-1
168,7,642,847,50,50,1,-1,-1,-1
169,2,430,600,50,50,1,-1,-1,-1
169,3,544,526,50,50,1,-1,-1,-1
169,5,519,768,50,50,1,-1,-1,-1
169,6,424,1170,50,50,1,-1,-1,-1
170,2,425,634,50,50,1,-1,-1,-1
170,3,553,515,50,50,1,-1,-1,-1
170,5,512,713,50,50,1,-1,-1,-1
170,6,441,1133,50,50,1,-1,-1,-1
171,2,421,672,50,50,1,-1,-1,-1
171,3,562,509,50,50,1,-1,-1,-1
171,5,505,662,50,50,1,-1,-1,-1
171,6,452,1076,50,50,1,-1,-1,-1
171,7,654,1020,50,50,1,-1,-1,-1
172,2,417,717,50,50,1,-1,-1,-1
172,3,572,508,50,50,1,-1,-1,-1
172,5,499,617,50,50,1,-1,-1,-1
172,7,650,1053,50,50,1,-1,-1,-1
173,2,413,767,50,50,1,-1,-1,-1
173,3,580,512,50,50,1,-1,-1,-1
173,5,492,577,50,50,1,-1,-1,-1
173,6,474,931,50,50,1,-1,-1,-1
173,7,636,1092,50,50,1,-1,-1,-1
174,2,409,823,50,50,1,-1,-1,-1
174,3,590,522,50,50,1,-1,-1,-1
174,5,486,543,50,50,1,-1,-1,-1
174,6,485,865,50,50,1,-1,-1,-1
174,7,613,1126,50,50,1,-1,-1,-1
175,3,599,538,50,50,1,-1,-1,-1
175,5,480,515,50,50,1,-1,-1,-1
175,6,494,802,50,50,1,-1,-1,-1
176,2,400,950,50,50,1,-1,-1,-1
176,3,608,559,50,50,1,-1,-1,-1
176,5,473,493,50,50,1,-1,-1,-1
176,6,501,754,50,50,1,-1,-1,-1
176,7,577,1157,50,50,1,-1,-1,-1
177,2,394,1035,50,50,1,-1,-1,-1
177,3,617,585,50,50,1,-1,-1,-1
177,5,466,476,50,50,1,-1,-1,-1
177,6,509,708,50,50,1,-1,-1,-1
177,7,574,1139,50,50,1,-1,-1,-1
178,2,395,1074,50,50,1,-1,-1,-1
178,3,626,617,50,50,1,-1,-1,-1
178,5,459,466,50,50,1,-1,-1,-1
178,6,518,667,50,50,1,-1,-1,-1
178,7,575,1096,50,50,1,-1,-1,-1
179,2,401,1113,50,50,1,-1,-1,-1
179,3,634,654,50,50,1,-1,-1,-1
179,5,453,461,50,50,1,-1,-1,-1
179,6,526,632,50,50,1,-1,-1,-1
180,2,408,1153,50,50,1,-1,-1,-1
180,3,643,695,50,50,1,-1,-1,-1
180,5,446,462,50,50,1,-1,-1,-1
180,6,534,603,50,50,1,-1,-1,-1
181,2,416,1181,50,50,1,-1,-1,-1
181,3,651,742,50,50,1,-1,-1,-1
181,5,439,468,50,50,1,-1,-1,-1
181,6,542,580,50,50,1,-1,-1,-1
181,7,558,885,50,50,1,-1,-1,-1
182,3,660,794,50,50,1,-1,-1,-1
182,5,433,480,50,50,1,-1,-1,-1
182,6,550,562,50,50,1,-1,-1,-1
182,7,549,821,50,50,1,-1,-1,-1
183,3,668,850,50,50,1,-1,-1,-1
183,5,426,499,50,50,1,-1,-1,-1
183,6,559,549,50,50,1,-1,-1,-1
183,7,540,762,50,50,1,-1,-1,-1
184,2,438,1189,50,50,1,-1,-1,-1
184,5,419,523,50,50,1,-1,-1,-1
184,6,567,542,50,50,1,-1,-1,-1
184,7,531,708,50,50,1,-1,-1,-1
185,2,450,1154,50,50,1,-1,-1,-1
185,5,413,553,50,50,1,-1,-1,-1
185,6,574,541,50,50,1,-1,-1,-1
185,7,523,660,50,50,1,-1,-1,-1
186,2,460,1097,50,50,1,-1,-1,-1
186,5,406,589,50,50,1,-1,-1,-1
186,6,582,545,50,50,1,-1,-1,-1
186,7,513,617,50,50,1,-1,-1,-1
187,2,459,1034,50,50,1,-1,-1,-1
187,5,400,631,50,50,1,-1,-1,-1
187,6,590,554,50,50,1,-1,-1,-1
187,7,504,580,50,50,1,-1,-1,-1
188,3,651,1068,50,50,1,-1,-1,-1
188,5,393,678,50,50,1,-1,-1,-1
188,6,598,569,50,50,1,-1,-1,-1
188,7,495,547,50,50,1,-1,-1,-1
189,3,628,1110,50,50,1,-1,-1,-1
189,5,387,732,50,50,1,-1,-1,-1
189,6,606,589,50,50,1,-1,-1,-1
189,7,486,522,50,50,1,-1,-1,-1
190,2,499,808,50,50,1,-1,-1,-1
190,3,608,1131,50,50,1,-1,-1,-1
190,5,380,791,50,50,1,-1,-1,-1
190,6,613,614,50,50,1,-1,-1,-1
190,7,476,501,50,50,1,-1,-1,-1
191,2,505,754,50,50,1,-1,-1,-1
191,3,597,1122,50,50,1,-1,-1,-1
191,5,374,856,50,50,1,-1,-1,-1
191,6,621,644,50,50,1,-1,-1,-1
191,7,467,487,50,50,1,-1,-1,-1
192,2,512,703,50,50,1,-1,-1,-1
192,3,592,1085,50,50,1,-1,-1,-1
192,6,628,679,50,50,1,-1,-1,-1
192,7,458,478,50,50,1,-1,-1,-1
193,2,519,656,50,50,1,-1,-1,-1
193,5,358,986,50,50,1,-1,-1,-1
193,6,636,719,50,50,1,-1,-1,-1
193,7,448,475,50,50,1,-1,-1,-1
194,2,526,616,50,50,1,-1,-1,-1
194,5,364,1019,50,50,1,-1,-1,-1
194,6,643,764,50,50,1,-1,-1,-1
194,7,439,477,50,50,1,-1,-1,-1
195,2,533,582,50,50,1,-1,-1,-1
195,3,572,890,50,50,1,-1,-1,-1
195,5,376,1057,50,50,1,-1,-1,-1
195,6,650,813,50,50,1,-1,-1,-1
195,7,430,486,50,50,1,-1,-1,-1
196,2,540,553,50,50,1,-1,-1,-1
196,3,563,833,50,50,1,-1,-1,-1
196,5,392,1102,50,50,1,-1,-1,-1
196,6,657,867,50,50,1,-1,-1,-1
196,7,420,500,50,50,1,-1,-1,-1
197,2,546,530,50,50,1,-1,-1,-1
197,3,555,781,50,50,1,-1,-1,-1
197,5,408,1145,50,50,1,-1,-1,-1
197,7,410,521,50,50,1,-1,-1,-1
198,2,554,513,50,50,1,-1,-1,-1
198,3,547,736,50,50,1,-1,-1,-1
198,5,421,1173,50,50,1,-1,-1,-1
198,7,401,547,50,50,1,-1,-1,-1
199,2,561,501,50,50,1,-1,-1,-1
199,3,538,693,50,50,1,-1,-1,-1
199,5,432,1175,50,50,1,-1,-1,-1
199,7,391,580,50,50,1,-1,-1,-1
200,2,568,495,50,50,1,-1,-1,-1
200,3,529,657,50,50,1,-1,-1,-1
200,5,445,1146,50,50,1,-1,-1,-1
200,7,382,618,50,50,1,-1,-1,-1
201,2,575,495,50,50,1,-1,-1,-1
201,3,520,628,50,50,1,-1,-1,-1
201,5,454,1089,50,50,1,-1,-1,-1
201,7,372,663,50,50,1,-1,-1,-1
202,2,581,499,50,50,1,-1,-1,-1
202,3,512,603,50,50,1,-1,-1,-1
202,5,448,1028,50,50,1,-1,-1,-1
202,6,642,1105,50,50,1,-1,-1,-1
202,7,363,713,50,50,1,-1,-1,-1
203,2,588,510,50,50,1,-1,-1,-1
203,3,503,584,50,50,1,-1,-1,-1
203,6,618,1141,50,50,1,-1,-1,-1
203,7,353,769,50,50,1,-1,-1,-1
204,2,595,526,50,50,1,-1,-1,-1
204,3,494,570,50,50,1,-1,-1,-1
204,5,479,873,50,50,1,-1,-1,-1
204,7,344,831,50,50,1,-1,-1,-1
205,2,602,547,50,50,1,-1,-1,-1
205,3,486,562,50,50,1,-1,-1,-1
205,5,485,812,50,50,1,-1,-1,-1
205,7,335,899,50,50,1,-1,-1,-1
206,2,608,575,50,50,1,-1,-1,-1
206,3,477,559,50,50,1,-1,-1,-1
206,5,490,757,50,50,1,-1,-1,-1
206,6,567,1141,50,50,1,-1,-1,-1
207,2,615,607,50,50,1,-1,-1,-1
207,3,468,562,50,50,1,-1,-1,-1
207,5,495,708,50,50,1,-1,-1,-1
207,6,563,1098,50,50,1,-1,-1,-1
208,2,621,644,50,50,1,-1,-1,-1
208,3,459,570,50,50,1,-1,-1,-1
208,5,500,664,50,50,1,-1,-1,-1
208,6,560,1038,50,50,1,-1,-1,-1
209,2,628,687,50,50,1,-1,-1,-1
209,3,450,584,50,50,1,-1,-1,-1
209,5,506,626,50,50,1,-1,-1,-1
209,7,342,1108,50,50,1,-1,-1,-1
210,2,634,735,50,50,1,-1,-1,-1
210,3,442,604,50,50,1,-1,-1,-1
210,5,512,593,50,50,1,-1,-1,-1
210,6,541,892,50,50,1,-1,-1,-1
210,7,360,1139,50,50,1,-1,-1,-1
211,2,641,787,50,50,1,-1,-1,-1
211,3,433,628,50,50,1,-1,-1,-1
211,5,517,566,50,50,1,-1,-1,-1
212,2,647,845,50,50,1,-1,-1,-1
212,3,425,658,50,50,1,-1,-1,-1
212,5,523,544,50,50,1,-1,-1,-1
212,6,524,775,50,50,1,-1,-1,-1
212,7,399,1187,50,50,1,-1,-1,-1
213,3,416,694,50,50,1,-1,-1,-1
213,5,528,529,50,50,1,-1,-1,-1
213,6,514,725,50,50,1,-1,-1,-1
214,3,408,735,50,50,1,-1,-1,-1
214,5,534,519,50,50,1,-1,-1,-1
214,6,504,679,50,50,1,-1,-1,-1
214,7,422,1155,50,50,1,-1,-1,-1
215,3,400,781,50,50,1,-1,-1,-1
215,5,539,515,50,50,1,-1,-1,-1
215,6,495,640,50,50,1,-1,-1,-1
215,7,429,1100,50,50,1,-1,-1,-1
216,2,622,1052,50,50,1,-1,-1,-1
216,3,391,832,50,50,1,-1,-1,-1
216,5,545,515,50,50,1,-1,-1,-1
216,6,486,606,50,50,1,-1,-1,-1
216,7,424,1041,50,50,1,-1,-1,-1
217,2,602,1101,50,50,1,-1,-1,-1
217,3,383,889,50,50,1,-1,-1,-1
217,5,550,522,50,50,1,-1,-1,-1
217,6,475,578,50,50,1,-1,-1,-1
217,7,445,948,50,50,1,-1,-1,-1
218,3,374,949,50,50,1,-1,-1,-1
218,5,556,535,50,50,1,-1,-1,-1
218,6,466,556,50,50,1,-1,-1,-1
218,7,449,880,50,50,1,-1,-1,-1
219,2,552,1166,50,50,1,-1,-1,-1
219,3,375,1032,50,50,1,-1,-1,-1
219,5,562,553,50,50,1,-1,-1,-1
219,6,457,538,50,50,1,-1,-1,-1
219,7,454,815,50,50,1,-1,-1,-1
220,2,537,1162,50,50,1,-1,-1,-1
220,3,365,1062,50,50,1,-1,-1,-1
220,5,567,577,50,50,1,-1,-1,-1
220,6,448,527,50,50,1,-1,-1,-1
220,7,461,758,50,50,1,-1,-1,-1
221,2,526,1133,50,50,1,-1,-1,-1
221,3,364,1093,50,50,1,-1,-1,-1
221,5,573,607,50,50,1,-1,-1,-1
221,6,439,522,50,50,1,-1,-1,-1
221,7,466,706,50,50,1,-1,-1,-1
222,3,368,1125,50,50,1,-1,-1,-1
222,5,578,642,50,50,1,-1,-1,-1
222,6,428,522,50,50,1,-1,-1,-1
222,7,472,659,50,50,1,-1,-1,-1
223,2,520,1024,50,50,1,-1,-1,-1
223,5,583,683,50,50,1,-1,-1,-1
223,6,419,528,50,50,1,-1,-1,-1
223,7,477,618,50,50,1,-1,-1,-1
224,3,385,1182,50,50,1,-1,-1,-1
224,5,588,729,50,50,1,-1,-1,-1
224,6,409,539,50,50,1,-1,-1,-1
224,7,483,581,50,50,1,-1,-1,-1
225,3,396,1193,50,50,1,-1,-1,-1
225,5,594,780,50,50,1,-1,-1,-1
225,6,400,557,50,50,1,-1,-1,-1
225,7,489,551,50,50,1,-1,-1,-1
226,2,490,814,50,50,1,-1,-1,-1
226,3,406,1185,50,50,1,-1,-1,-1
226,5,599,837,50,50,1,-1,-1,-1
226,6,390,580,50,50,1,-1,-1,-1
226,7,494,526,50,50,1,-1,-1,-1
227,2,481,760,50,50,1,-1,-1,-1
227,3,417,1156,50,50,1,-1,-1,-1
227,5,605,899,50,50,1,-1,-1,-1
227,6,381,609,50,50,1,-1,-1,-1
227,7,500,508,50,50,1,-1,-1,-1
228,2,472,712,50,50,1,-1,-1,-1
228,3,426,1106,50,50,1,-1,-1,-1
228,6,371,643,50,50,1,-1,-1,-1
228,7,505,493,50,50,1,-1,-1,-1
229,2,463,669,50,50,1,-1,-1,-1
229,3,427,1041,50,50,1,-1,-1,-1
229,5,605,1026,50,50,1,-1,-1,-1
229,6,362,684,50,50,1,-1,-1,-1
229,7,511,485,50,50,1,-1,-1,-1
230,2,454,631,50,50,1,-1,-1,-1
230,5,597,1063,50,50,1,-1,-1,-1
230,6,353,730,50,50,1,-1,-1,-1
230,7,516,483,50,50,1,-1,-1,-1
231,2,446,599,50,50,1,-1,-1,-1
231,5,581,1109,50,50,1,-1,-1,-1
231,6,343,781,50,50,1,-1,-1,-1
231,7,522,486,50,50,1,-1,-1,-1
232,2,436,573,50,50,1,-1,-1,-1
232,5,559,1147,50,50,1,-1,-1,-1
232,6,334,839,50,50,1,-1,-1,-1
232,7,527,495,50,50,1,-1,-1,-1
233,2,427,552,50,50,1,-1,-1,-1
233,6,325,901,50,50,1,-1,-1,-1
233,7,533,509,50,50,1,-1,-1,-1
234,2,419,537,50,50,1,-1,-1,-1
234,3,474,711,50,50,1,-1,-1,-1
234,7,538,529,50,50,1,-1,-1,-1
235,2,410,528,50,50,1,-1,-1,-1
235,3,482,665,50,50,1,-1,-1,-1
235,5,518,1161,50,50,1,-1,-1,-1
235,7,543,554,50,50,1,-1,-1,-1
236,2,401,525,50,50,1,-1,-1,-1
236,3,490,623,50,50,1,-1,-1,-1
236,5,509,1126,50,50,1,-1,-1,-1
236,6,317,1081,50,50,1,-1,-1,-1
236,7,549,585,50,50,1,-1,-1,-1
237,2,393,528,50,50,1,-1,-1,-1
237,3,497,587,50,50,1,-1,-1,-1
237,6,331,1119,50,50,1,-1,-1,-1
237,7,554,622,50,50,1,-1,-1,-1
238,2,383,535,50,50,1,-1,-1,-1
238,3,505,557,50,50,1,-1,-1,-1
238,7,560,664,50,50,1,-1,-1,-1
239,2,374,549,50,50,1,-1,-1,-1
239,3,512,532,50,50,1,-1,-1,-1
239,6,370,1182,50,50,1,-1,-1,-1
239,7,566,711,50,50,1,-1,-1,-1
240,2,366,569,50,50,1,-1,-1,-1
240,3,520,513,50,50,1,-1,-1,-1
240,6,387,1196,50,50,1,-1,-1,-1
240,7,570,764,50,50,1,-1,-1,-1
241,2,357,594,50,50,1,-1,-1,-1
241,3,528,500,50,50,1,-1,-1,-1
241,5,488,789,50,50,1,-1,-1,-1
241,7,575,822,50,50,1,-1,-1,-1
242,2,348,626,50,50,1,-1,-1,-1
242,3,535,492,50,50,1,-1,-1,-1
242,5,481,736,50,50,1,-1,-1,-1
242,6,409,1168,50,50,1,-1,-1,-1
242,7,580,885,50,50,1,-1,-1,-1
243,2,340,662,50,50,1,-1,-1,-1
243,3,542,490,50,50,1,-1,-1,-1
243,5,475,687,50,50,1,-1,-1,-1
243,6,418,1119,50,50,1,-1,-1,-1
244,2,331,706,50,50,1,-1,-1,-1
244,3,549,493,50,50,1,-1,-1,-1
244,5,469,642,50,50,1,-1,-1,-1
244,6,417,1053,50,50,1,-1,-1,-1
245,2,323,754,50,50,1,-1,-1,-1
245,3,557,502,50,50,1,-1,-1,-1
245,5,463,603,50,50,1,-1,-1,-1
246,2,314,808,50,50,1,-1,-1,-1
246,3,564,516,50,50,1,-1,-1,-1
246,5,457,570,50,50,1,-1,-1,-1
246,7,579,1089,50,50,1,-1,-1,-1
247,2,305,868,50,50,1,-1,-1,-1
247,3,572,536,50,50,1,-1,-1,-1
247,5,450,542,50,50,1,-1,-1,-1
247,7,566,1133,50,50,1,-1,-1,-1
248,2,297,933,50,50,1,-1,-1,-1
248,3,579,562,50,50,1,-1,-1,-1
248,5,444,520,50,50,1,-1,-1,-1
249,3,585,592,50,50,1,-1,-1,-1
249,5,438,504,50,50,1,-1,-1,-1
249,6,464,720,50,50,1,-1,-1,-1
250,2,287,1056,50,50,1,-1,-1,-1
250,3,593,629,50,50,1,-1,-1,-1
250,5,432,494,50,50,1,-1,-1,-1
250,6,472,671,50,50,1,-1,-1,-1
250,7,535,1129,50,50,1,-1,-1,-1
251,2,296,1089,50,50,1,-1,-1,-1
251,3,600,671,50,50,1,-1,-1,-1
251,5,425,489,50,50,1,-1,-1,-1
251,6,479,628,50,50,1,-1,-1,-1
252,2,313,1121,50,50,1,-1,-1,-1
252,3,607,717,50,50,1,-1,-1,-1
252,5,420,491,50,50,1,-1,-1,-1
252,6,487,591,50,50,1,-1,-1,-1
253,3,614,769,50,50,1,-1,-1,-1
253,5,413,498,50,50,1,-1,-1,-1
253,6,494,559,50,50,1,-1,-1,-1
254,2,359,1178,50,50,1,-1,-1,-1
254,3,621,826,50,50,1,-1,-1,-1
254,5,408,510,50,50,1,-1,-1,-1
254,6,502,533,50,50,1,-1,-1,-1
254,8,521,877,50,50,1,-1,-1,-1
255,2,378,1195,50,50,1,-1,-1,-1
255,3,628,888,50,50,1,-1,-1,-1
255,5,402,529,50,50,1,-1,-1,-1
255,6,509,512,50,50,1,-1,-1,-1
255,8,514,813,50,50,1,-1,-1,-1
256,2,394,1202,50,50,1,-1,-1,-1
256,5,395,553,50,50,1,-1,-1,-1
256,6,517,498,50,50,1,-1,-1,-1
256,8,505,758,50,50,1,-1,-1,-1
257,2,408,1190,50,50,1,-1,-1,-1
257,5,389,583,50,50,1,-1,-1,-1
257,6,525,489,50,50,1,-1,-1,-1
257,8,499,707,50,50,1,-1,-1,-1
258,2,420,1157,50,50,1,-1,-1,-1
258,5,383,619,50,50,1,-1,-1,-1
258,6,532,485,50,50,1,-1,-1,-1
258,8,492,662,50,50,1,-1,-1,-1
259,2,431,1102,50,50,1,-1,-1,-1
259,3,631,1069,50,50,1,-1,-1,-1
259,5,378,661,50,50,1,-1,-1,-1
259,6,539,487,50,50,1,-1,-1,-1
259,8,486,622,50,50,1,-1,-1,-1
260,2,431,1038,50,50,1,-1,-1,-1
260,3,617,1108,50,50,1,-1,-1,-1
260,5,372,708,50,50,1,-1,-1,-1
260,6,547,495,50,50,1,-1,-1,-1
260,8,479,588,50,50,1,-1,-1,-1
261,3,592,1142,50,50,1,-1,-1,-1
261,5,366,761,50,50,1,-1,-1,-1
261,6,555,508,50,50,1,-1,-1,-1
261,8,472,559,50,50,1,-1,-1,-1
262,2,459,881,50,50,1,-1,-1,-1
262,5,361,819,50,50,1,-1,-1,-1
262,6,562,528,50,50,1,-1,-1,-1
262,8,466,536,50,50,1,-1,-1,-1
263,2,468,819,50,50,1,-1,-1,-1
263,3,549,1172,50,50,1,-1,-1,-1
263,5,354,883,50,50,1,-1,-1,-1
263,6,570,553,50,50,1,-1,-1,-1
263,8,459,519,50,50,1,-1,-1,-1
264,2,477,760,50,50,1,-1,-1,-1
264,3,539,1159,50,50,1,-1,-1,-1
264,6,577,584,50,50,1,-1,-1,-1
264,8,452,507,50,50,1,-1,-1,-1
265,2,485,709,50,50,1,-1,-1,-1
265,3,533,1127,50,50,1,-1,-1,-1
265,5,350,1018,50,50,1,-1,-1,-1
265,6,584,620,50,50,1,-1,-1,-1
265,8,446,501,50,50,1,-1,-1,-1
266,2,494,662,50,50,1,-1,-1,-1
266,5,350,1053,50,50,1,-1,-1,-1
266,6,592,663,50,50,1,-1,-1,-1
266,8,439,501,50,50,1,-1,-1,-1
267,2,501,622,50,50,1,-1,-1,-1
267,5,356,1093,50,50,1,-1,-1,-1
267,6,600,711,50,50,1,-1,-1,-1
267,8,432,508,50,50,1,-1,-1,-1
268,2,510,587,50,50,1,-1,-1,-1
268,5,367,1134,50,50,1,-1,-1,-1
268,6,607,764,50,50,1,-1,-1,-1
268,8,424,520,50,50,1,-1,-1,-1
269,2,519,557,50,50,1,-1,-1,-1
269,3,524,864,50,50,1,-1,-1,-1
269,5,384,1167,50,50,1,-1,-1,-1
269,6,614,823,50,50,1,-1,-1,-1
269,8,417,538,50,50,1,-1,-1,-1
270,2,528,533,50,50,1,-1,-1,-1
270,3,517,802,50,50,1,-1,-1,-1
270,5,399,1184,50,50,1,-1,-1,-1
270,6,621,887,50,50,1,-1,-1,-1
270,8,411,561,50,50,1,-1,-1,-1
271,2,535,516,50,50,1,-1,-1,-1
271,3,509,749,50,50,1,-1,-1,-1
271,5,412,1174,50,50,1,-1,-1,-1
271,8,404,591,50,50,1,-1,-1,-1
272,2,544,503,50,50,1,-1,-1,-1
272,3,503,701,50,50,1,-1,-1,-1
272,5,424,1141,50,50,1,-1,-1,-1
272,6,631,1023,50,50,1,-1,-1,-1
272,8,397,627,50,50,1,-1,-1,-1
273,2,552,496,50,50,1,-1,-1,-1
273,3,497,659,50,50,1,-1,-1,-1
273,5,434,1086,50,50,1,-1,-1,-1
273,8,390,669,50,50,1,-1,-1,-1
274,2,561,495,50,50,1,-1,-1,-1
274,3,491,622,50,50,1,-1,-1,-1
274,5,433,1028,50,50,1,-1,-1,-1
274,8,384,717,50,50,1,-1,-1,-1
275,2,569,500,50,50,1,-1,-1,-1
275,3,486,590,50,50,1,-1,-1,-1
275,6,599,1131,50,50,1,-1,-1,-1
275,8,377,771,50,50,1,-1,-1,-1
276,2,577,510,50,50,1,-1,-1,-1
276,3,479,564,50,50,1,-1,-1,-1
276,8,370,831,50,50,1,-1,-1,-1
277,2,585,526,50,50,1,-1,-1,-1
277,3,474,544,50,50,1,-1,-1,-1
277,5,469,799,50,50,1,-1,-1,-1
277,6,561,1177,50,50,1,-1,-1,-1
277,8,364,897,50,50,1,-1,-1,-1
278,2,593,547,50,50,1,-1,-1,-1
278,3,467,530,50,50,1,-1,-1,-1
278,5,477,746,50,50,1,-1,-1,-1
278,6,552,1176,50,50,1,-1,-1,-1
278,8,352,999,50,50,1,-1,-1,-1
279,2,601,575,50,50,1,-1,-1,-1
279,3,461,523,50,50,1,-1,-1,-1
279,5,485,695,50,50,1,-1,-1,-1
280,2,609,607,50,50,1,-1,-1,-1
280,3,456,520,50,50,1,-1,-1,-1
280,5,492,649,50,50,1,-1,-1,-1
280,8,355,1070,50,50,1,-1,-1,-1
281,2,617,646,50,50,1,-1,-1,-1
281,3,450,523,50,50,1,-1,-1,-1
281,5,500,610,50,50,1,-1,-1,-1
281,8,367,1103,50,50,1,-1,-1,-1
282,2,625,689,50,50,1,-1,-1,-1
282,3,444,532,50,50,1,-1,-1,-1
282,5,507,575,50,50,1,-1,-1,-1
283,2,634,739,50,50,1,-1,-1,-1
283,3,438,546,50,50,1,-1,-1,-1
283,5,516,547,50,50,1,-1,-1,-1
283,7,540,895,50,50,1,-1,-1,-1
284,2,641,793,50,50,1,-1,-1,-1
284,3,432,567,50,50,1,-1,-1,-1
284,5,523,524,50,50,1,-1,-1,-1
284,6,406,1191,50,50,1,-1,-1,-1
284,7,536,832,50,50,1,-1,-1,-1
285,2,649,852,50,50,1,-1,-1,-1
285,3,426,592,50,50,1,-1,-1,-1
285,5,531,508,50,50,1,-1,-1,-1
285,6,415,1202,50,50,1,-1,-1,-1
285,7,529,773,50,50,1,-1,-1,-1
286,3,420,624,50,50,1,-1,-1,-1
286,5,538,497,50,50,1,-1,-1,-1
286,6,424,1194,50,50,1,-1,-1,-1
286,7,524,720,50,50,1,-1,-1,-1
287,3,415,662,50,50,1,-1,-1,-1
287,5,546,491,50,50,1,-1,-1,-1
287,6,434,1162,50,50,1,-1,-1,-1
287,7,518,673,50,50,1,-1,-1,-1
288,3,409,705,50,50,1,-1,-1,-1
288,5,554,492,50,50,1,-1,-1,-1
288,6,443,1108,50,50,1,-1,-1,-1
288,7,512,631,50,50,1,-1,-1,-1
289,2,637,1065,50,50,1,-1,-1,-1
289,3,403,754,50,50,1,-1,-1,-1
289,5,561,497,50,50,1,-1,-1,-1
289,6,442,1043,50,50,1,-1,-1,-1
289,7,507,595,50,50,1,-1,-1,-1
290,2,613,1111,50,50,1,-1,-1,-1
290,3,398,807,50,50,1,-1,-1,-1
290,5,569,509,50,50,1,-1,-1,-1
290,7,501,565,50,50,1,-1,-1,-1
291,2,416,995,50,50,1,-1,-1,-1
291,3,392,867,50,50,1,-1,-1,-1
291,5,577,527,50,50,1,-1,-1,-1
291,6,472,880,50,50,1,-1,-1,-1
291,7,495,541,50,50,1,-1,-1,-1
292,3,386,931,50,50,1,-1,-1,-1
292,5,584,550,50,50,1,-1,-1,-1
292,6,560,1174,50,50,1,-1,-1,-1
292,7,490,522,50,50,1,-1,-1,-1
293,3,384,1021,50,50,1,-1,-1,-1
293,5,591,579,50,50,1,-1,-1,-1
293,6,546,1176,50,50,1,-1,-1,-1
293,7,485,509,50,50,1,-1,-1,-1
293,8,490,756,50,50,1,-1,-1,-1
294,3,376,1060,50,50,1,-1,-1,-1
294,5,599,614,50,50,1,-1,-1,-1
294,6,538,1152,50,50,1,-1,-1,-1
294,7,479,501,50,50,1,-1,-1,-1
294,8,498,703,50,50,1,-1,-1,-1
295,3,375,1100,50,50,1,-1,-1,-1
295,5,606,654,50,50,1,-1,-1,-1
295,7,473,500,50,50,1,-1,-1,-1
295,8,507,655,50,50,1,-1,-1,-1
296,3,381,1137,50,50,1,-1,-1,-1
296,5,613,700,50,50,1,-1,-1,-1
296,7,468,504,50,50,1,-1,-1,-1
296,8,516,614,50,50,1,-1,-1,-1
297,3,392,1167,50,50,1,-1,-1,-1
297,5,620,751,50,50,1,-1,-1,-1
297,7,462,514,50,50,1,-1,-1,-1
297,8,525,577,50,50,1,-1,-1,-1
298,3,405,1189,50,50,1,-1,-1,-1
298,5,628,807,50,50,1,-1,-1,-1
298,7,456,530,50,50,1,-1,-1,-1
298,8,533,547,50,50,1,-1,-1,-1
299,5,635,869,50,50,1,-1,-1,-1
299,7,451,551,50,50,1,-1,-1,-1
299,8,541,522,50,50,1,-1,-1,-1
300,3,424,1198,50,50,1,-1,-1,-1
300,6,513,771,50,50,1,-1,-1,-1
300,7,445,579,50,50,1,-1,-1,-1
300,8,550,503,50,50,1,-1,-1,-1
301,3,435,1175,50,50,1,-1,-1,-1
301,6,507,719,50,50,1,-1,-1,-1
301,7,440,612,50,50,1,-1,-1,-1
301,8,559,490,50,50,1,-1,-1,-1
302,3,446,1132,50,50,1,-1,-1,-1
302,5,639,1038,50,50,1,-1,-1,-1
302,6,502,671,50,50,1,-1,-1,-1
302,7,434,651,50,50,1,-1,-1,-1
302,8,568,482,50,50,1,-1,-1,-1
303,3,453,1069,50,50,1,-1,-1,-1
303,6,497,630,50,50,1,-1,-1,-1
303,7,429,695,50,50,1,-1,-1,-1
303,8,576,479,50,50,1,-1,-1,-1
304,5,616,1119,50,50,1,-1,-1,-1
304,6,491,594,50,50,1,-1,-1,-1
304,7,424,745,50,50,1,-1,-1,-1
304,8,584,483,50,50,1,-1,-1,-1
305,3,477,918,50,50,1,-1,-1,-1
305,6,486,564,50,50,1,-1,-1,-1
305,7,418,800,50,50,1,-1,-1,-1
305,8,593,492,50,50,1,-1,-1,-1
306,6,481,539,50,50,1,-1,-1,-1
306,7,413,860,50,50,1,-1,-1,-1
306,8,601,507,50,50,1,-1,-1,-1
307,3,495,788,50,50,1,-1,-1,-1
307,6,475,521,50,50,1,-1,-1,-1
307,7,408,925,50,50,1,-1,-1,-1
307,8,609,527,50,50,1,-1,-1,-1
308,3,503,737,50,50,1,-1,-1,-1
308,5,566,1154,50,50,1,-1,-1,-1
308,6,469,508,50,50,1,-1,-1,-1
308,7,404,1014,50,50,1,-1,-1,-1
308,8,618,554,50,50,1,-1,-1,-1
309,3,510,689,50,50,1,-1,-1,-1
309,5,557,1112,50,50,1,-1,-1,-1
309,6,464,501,50,50,1,-1,-1,-1
309,7,399,1049,50,50,1,-1,-1,-1
309,8,627,585,50,50,1,-1,-1,-1
310,3,519,647,50,50,1,-1,-1,-1
310,5,564,1050,50,50,1,-1,-1,-1
310,6,458,500,50,50,1,-1,-1,-1
310,7,399,1087,50,50,1,-1,-1,-1
310,8,634,622,50,50,1,-1,-1,-1
311,3,527,610,50,50,1,-1,-1,-1
311,6,453,504,50,50,1,-1,-1,-1
311,7,405,1130,50,50,1,-1,-1,-1
311,8,643,665,50,50,1,-1,-1,-1
312,3,535,579,50,50,1,-1,-1,-1
312,5,552,894,50,50,1,-1,-1,-1
312,6,448,514,50,50,1,-1,-1,-1
312,8,651,714,50,50,1,-1,-1,-1
313,3,544,554,50,50,1,-1,-1,-1
313,6,442,531,50,50,1,-1,-1,-1
313,7,421,1187,50,50,1,-1,-1,-1
313,8,659,768,50,50,1,-1,-1,-1
314,3,551,534,50,50,1,-1,-1,-1
314,5,536,766,50,50,1,-1,-1,-1
314,6,436,553,50,50,1,-1,-1,-1
314,8,667,826,50,50,1,-1,-1,-1
315,3,560,520,50,50,1,-1,-1,-1
315,5,527,710,50,50,1,-1,-1,-1
315,6,431,582,50,50,1,-1,-1,-1
316,3,569,512,50,50,1,-1,-1,-1
316,5,518,659,50,50,1,-1,-1,-1
316,6,425,616,50,50,1,-1,-1,-1
316,7,452,1139,50,50,1,-1,-1,-1
317,3,576,509,50,50,1,-1,-1,-1
317,5,509,614,50,50,1,-1,-1,-1
317,6,420,655,50,50,1,-1,-1,-1
317,7,463,1081,50,50,1,-1,-1,-1
318,3,585,511,50,50,1,-1,-1,-1
318,5,501,575,50,50,1,-1,-1,-1
318,6,415,701,50,50,1,-1,-1,-1
318,7,461,1024,50,50,1,-1,-1,-1
319,3,593,519,50,50,1,-1,-1,-1
319,5,492,542,50,50,1,-1,-1,-1
319,6,410,752,50,50,1,-1,-1,-1
319,7,489,934,50,50,1,-1,-1,-1
319,8,647,1085,50,50,1,-1,-1,-1
320,3,600,533,50,50,1,-1,-1,-1
320,5,484,514,50,50,1,-1,-1,-1
320,6,405,809,50,50,1,-1,-1,-1
320,8,618,1126,50,50,1,-1,-1,-1
321,3,609,553,50,50,1,-1,-1,-1
321,5,475,493,50,50,1,-1,-1,-1
321,6,400,873,50,50,1,-1,-1,-1
321,7,509,800,50,50,1,-1,-1,-1
322,3,617,578,50,50,1,-1,-1,-1
322,5,467,477,50,50,1,-1,-1,-1
322,6,393,940,50,50,1,-1,-1,-1
322,7,517,749,50,50,1,-1,-1,-1
323,3,624,607,50,50,1,-1,-1,-1
323,5,458,466,50,50,1,-1,-1,-1
323,6,381,1028,50,50,1,-1,-1,-1
323,7,526,700,50,50,1,-1,-1,-1
323,8,566,1149,50,50,1,-1,-1,-1
324,3,632,643,50,50,1,-1,-1,-1
324,5,449,462,50,50,1,-1,-1,-1
324,6,383,1068,50,50,1,-1,-1,-1
324,7,535,656,50,50,1,-1,-1,-1
325,3,640,684,50,50,1,-1,-1,-1
325,5,441,463,50,50,1,-1,-1,-1
325,6,389,1108,50,50,1,-1,-1,-1
325,7,543,618,50,50,1,-1,-1,-1
325,9,563,1048,50,50,1,-1,-1,-1
326,3,648,731,50,50,1,-1,-1,-1
326,5,432,471,50,50,1,-1,-1,-1
326,6,398,1147,50,50,1,-1,-1,-1
326,7,553,586,50,50,1,-1,-1,-1
327,3,655,782,50,50,1,-1,-1,-1
327,5,422,483,50,50,1,-1,-1,-1
327,6,406,1177,50,50,1,-1,-1,-1
327,7,561,560,50,50,1,-1,-1,-1
327,9,546,899,50,50,1,-1,-1,-1
328,3,662,838,50,50,1,-1,-1,-1
328,5,414,502,50,50,1,-1,-1,-1
328,7,570,539,50,50,1,-1,-1,-1
329,3,670,899,50,50,1,-1,-1,-1
329,5,406,527,50,50,1,-1,-1,-1
329,6,423,1199,50,50,1,-1,-1,-1
329,7,579,524,50,50,1,-1,-1,-1
329,9,532,777,50,50,1,-1,-1,-1
330,5,397,557,50,50,1,-1,-1,-1
330,6,431,1181,50,50,1,-1,-1,-1
330,7,587,515,50,50,1,-1,-1,-1
330,9,525,724,50,50,1,-1,-1,-1
331,5,388,593,50,50,1,-1,-1,-1
331,6,440,1142,50,50,1,-1,-1,-1
331,7,596,511,50,50,1,-1,-1,-1
331,9,518,677,50,50,1,-1,-1,-1
332,5,380,635,50,50,1,-1,-1,-1
332,6,447,1081,50,50,1,-1,-1,-1
332,7,605,513,50,50,1,-1,-1,-1
332,9,510,635,50,50,1,-1,-1,-1
333,5,371,683,50,50,1,-1,-1,-1
333,6,442,1020,50,50,1,-1,-1,-1
333,7,614,520,50,50,1,-1,-1,-1
333,9,503,598,50,50,1,-1,-1,-1
334,5,364,736,50,50,1,-1,-1,-1
334,6,467,929,50,50,1,-1,-1,-1
334,7,623,532,50,50,1,-1,-1,-1
334,8,631,1129,50,50,1,-1,-1,-1
334,9,496,568,50,50,1,-1,-1,-1
335,5,355,795,50,50,1,-1,-1,-1
335,6,475,858,50,50,1,-1,-1,-1
335,7,631,550,50,50,1,-1,-1,-1
335,9,489,543,50,50,1,-1,-1,-1
336,5,347,859,50,50,1,-1,-1,-1
336,6,483,788,50,50,1,-1,-1,-1
336,7,640,575,50,50,1,-1,-1,-1
336,9,482,524,50,50,1,-1,-1,-1
337,6,490,734,50,50,1,-1,-1,-1
337,7,648,604,50,50,1,-1,-1,-1
337,8,588,1134,50,50,1,-1,-1,-1
337,9,474,511,50,50,1,-1,-1,-1
338,6,497,681,50,50,1,-1,-1,-1
338,7,657,639,50,50,1,-1,-1,-1
338,8,584,1091,50,50,1,-1,-1,-1
338,9,467,503,50,50,1,-1,-1,-1
339,5,330,1049,50,50,1,-1,-1,-1
339,6,504,635,50,50,1,-1,-1,-1
339,7,665,679,50,50,1,-1,-1,-1
339,9,459,501,50,50,1,-1,-1,-1
340,5,336,1092,50,50,1,-1,-1,-1
340,6,511,594,50,50,1,-1,-1,-1
340,7,673,725,50,50,1,-1,-1,-1
340,9,452,505,50,50,1,-1,-1,-1
341,5,351,1132,50,50,1,-1,-1,-1
341,6,518,558,50,50,1,-1,-1,-1
341,7,682,775,50,50,1,-1,-1,-1
341,8,560,888,50,50,1,-1,-1,-1
341,9,445,514,50,50,1,-1,-1,-1
342,6,525,529,50,50,1,-1,-1,-1
342,7,690,831,50,50,1,-1,-1,-1
342,9,438,530,50,50,1,-1,-1,-1
343,5,388,1188,50,50,1,-1,-1,-1
343,6,532,505,50,50,1,-1,-1,-1
343,7,698,892,50,50,1,-1,-1,-1
343,8,540,775,50,50,1,-1,-1,-1
343,9,430,550,50,50,1,-1,-1,-1
344,5,404,1192,50,50,1,-1,-1,-1
344,6,538,486,50,50,1,-1,-1,-1
344,8,529,728,50,50,1,-1,-1,-1
344,9,423,576,50,50,1,-1,-1,-1
345,5,418,1177,50,50,1,-1,-1,-1
345,6,546,474,50,50,1,-1,-1,-1
345,8,519,685,50,50,1,-1,-1,-1
345,9,415,608,50,50,1,-1,-1,-1
346,5,431,1140,50,50,1,-1,-1,-1
346,6,553,467,50,50,1,-1,-1,-1
346,8,508,647,50,50,1,-1,-1,-1
346,9,409,647,50,50,1,-1,-1,-1
347,5,439,1080,50,50,1,-1,-1,-1
347,6,560,465,50,50,1,-1,-1,-1
347,7,671,1083,50,50,1,-1,-1,-1
347,8,498,616,50,50,1,-1,-1,-1
347,9,402,690,50,50,1,-1,-1,-1
348,5,436,1023,50,50,1,-1,-1,-1
348,6,567,469,50,50,1,-1,-1,-1
348,7,646,1119,50,50,1,-1,-1,-1
348,8,488,591,50,50,1,-1,-1,-1
348,9,395,739,50,50,1,-1,-1,-1
349,5,460,932,50,50,1,-1,-1,-1
349,6,573,479,50,50,1,-1,-1,-1
349,8,477,571,50,50,1,-1,-1,-1
349,9,388,793,50,50,1,-1,-1,-1
350,6,580,494,50,50,1,-1,-1,-1
350,8,466,557,50,50,1,-1,-1,-1
350,9,381,852,50,50,1,-1,-1,-1
351,5,477,799,50,50,1,-1,-1,-1
351,6,586,515,50,50,1,-1,-1,-1
351,8,456,548,50,50,1,-1,-1,-1
351,9,374,917,50,50,1,-1,-1,-1
352,5,484,748,50,50,1,-1,-1,-1
352,6,594,541,50,50,1,-1,-1,-1
352,7,562,1152,50,50,1,-1,-1,-1
352,8,446,545,50,50,1,-1,-1,-1
352,9,372,1007,50,50,1,-1,-1,-1
353,5,492,699,50,50,1,-1,-1,-1
353,6,601,573,50,50,1,-1,-1,-1
353,7,547,1114,50,50,1,-1,-1,-1
353,8,436,548,50,50,1,-1,-1,-1
353,9,368,1044,50,50,1,-1,-1,-1
354,5,499,654,50,50,1,-1,-1,-1
354,6,607,609,50,50,1,-1,-1,-1
354,8,424,557,50,50,1,-1,-1,-1
354,9,370,1086,50,50,1,-1,-1,-1
355,5,507,615,50,50,1,-1,-1,-1
355,6,614,651,50,50,1,-1,-1,-1
355,8,414,570,50,50,1,-1,-1,-1
355,9,376,1129,50,50,1,-1,-1,-1
356,5,514,583,50,50,1,-1,-1,-1
356,6,620,699,50,50,1,-1,-1,-1
356,7,538,902,50,50,1,-1,-1,-1
356,8,404,590,50,50,1,-1,-1,-1
356,9,388,1166,50,50,1,-1,-1,-1
357,5,522,556,50,50,1,-1,-1,-1
357,6,626,752,50,50,1,-1,-1,-1
357,8,393,617,50,50,1,-1,-1,-1
358,5,530,534,50,50,1,-1,-1,-1
358,6,632,809,50,50,1,-1,-1,-1
358,7,520,781,50,50,1,-1,-1,-1
358,8,383,648,50,50,1,-1,-1,-1
359,5,537,518,50,50,1,-1,-1,-1
359,6,638,872,50,50,1,-1,-1,-1
359,7,510,728,50,50,1,-1,-1,-1
359,8,373,685,50,50,1,-1,-1,-1
359,9,419,1160,50,50,1,-1,-1,-1
360,5,544,508,50,50,1,-1,-1,-1
360,7,500,680,50,50,1,-1,-1,-1
360,8,363,727,50,50,1,-1,-1,-1
360,9,429,1113,50,50,1,-1,-1,-1
361,5,552,503,50,50,1,-1,-1,-1
361,7,492,638,50,50,1,-1,-1,-1
361,8,353,775,50,50,1,-1,-1,-1
361,9,427,1052,50,50,1,-1,-1,-1
362,5,560,504,50,50,1,-1,-1,-1
362,6,407,1024,50,50,1,-1,-1,-1
362,7,482,602,50,50,1,-1,-1,-1
362,8,343,828,50,50,1,-1,-1,-1
362,9,449,966,50,50,1,-1,-1,-1
363,3,612,1067,50,50,1,-1,-1,-1
363,5,568,511,50,50,1,-1,-1,-1
363,6,377,1017,50,50,1,-1,-1,-1
363,7,473,571,50,50,1,-1,-1,-1
363,8,332,887,50,50,1,-1,-1,-1
363,9,455,897,50,50,1,-1,-1,-1
364,3,588,1119,50,50,1,-1,-1,-1
364,5,574,523,50,50,1,-1,-1,-1
364,7,463,546,50,50,1,-1,-1,-1
364,8,323,951,50,50,1,-1,-1,-1
365,5,582,540,50,50,1,-1,-1,-1
365,7,453,526,50,50,1,-1,-1,-1
365,9,474,776,50,50,1,-1,-1,-1
366,3,549,1159,50,50,1,-1,-1,-1
366,5,589,564,50,50,1,-1,-1,-1
366,7,444,513,50,50,1,-1,-1,-1
366,8,315,1082,50,50,1,-1,-1,-1
366,9,482,726,50,50,1,-1,-1,-1
367,3,530,1142,50,50,1,-1,-1,-1
367,5,597,593,50,50,1,-1,-1,-1
367,7,434,506,50,50,1,-1,-1,-1
367,8,318,1115,50,50,1,-1,-1,-1
367,9,490,680,50,50,1,-1,-1,-1
368,5,604,627,50,50,1,-1,-1,-1
368,7,425,504,50,50,1,-1,-1,-1
368,8,524,1102,50,50,1,-1,-1,-1
368,9,498,639,50,50,1,-1,-1,-1
369,5,611,667,50,50,1,-1,-1,-1
369,7,415,507,50,50,1,-1,-1,-1
369,8,342,1174,50,50,1,-1,-1,-1
369,9,506,604,50,50,1,-1,-1,-1
370,5,618,713,50,50,1,-1,-1,-1
370,7,406,516,50,50,1,-1,-1,-1
370,9,515,574,50,50,1,-1,-1,-1
371,5,626,763,50,50,1,-1,-1,-1
371,7,396,532,50,50,1,-1,-1,-1
371,9,523,550,50,50,1,-1,-1,-1
372,5,632,819,50,50,1,-1,-1,-1
372,7,387,552,50,50,1,-1,-1,-1
372,9,532,531,50,50,1,-1,-1,-1
373,5,640,880,50,50,1,-1,-1,-1
373,6,507,768,50,50,1,-1,-1,-1
373,7,378,579,50,50,1,-1,-1,-1
373,8,396,1179,50,50,1,-1,-1,-1
373,9,540,518,50,50,1,-1,-1,-1
374,6,500,718,50,50,1,-1,-1,-1
374,7,368,612,50,50,1,-1,-1,-1
374,8,407,1137,50,50,1,-1,-1,-1
374,9,548,511,50,50,1,-1,-1,-1
375,5,641,1011,50,50,1,-1,-1,-1
375,6,493,671,50,50,1,-1,-1,-1
375,7,359,650,50,50,1,-1,-1,-1
375,8,415,1073,50,50,1,-1,-1,-1
375,9,557,509,50,50,1,-1,-1,-1
376,5,637,1043,50,50,1,-1,-1,-1
376,6,486,631,50,50,1,-1,-1,-1
376,7,350,693,50,50,1,-1,-1,-1
376,9,565,512,50,50,1,-1,-1,-1
377,5,625,1081,50,50,1,-1,-1,-1
377,6,479,596,50,50,1,-1,-1,-1
377,7,341,744,50,50,1,-1,-1,-1
377,9,573,521,50,50,1,-1,-1,-1
378,5,603,1120,50,50,1,-1,-1,-1
378,6,471,566,50,50,1,-1,-1,-1
378,7,331,798,50,50,1,-1,-1,-1
378,9,581,536,50,50,1,-1,-1,-1
379,6,463,542,50,50,1,-1,-1,-1
379,7,323,859,50,50,1,-1,-1,-1
379,9,589,556,50,50,1,-1,-1,-1
380,5,565,1159,50,50,1,-1,-1,-1
380,6,457,524,50,50,1,-1,-1,-1
380,8,468,719,50,50,1,-1,-1,-1
380,9,597,582,50,50,1,-1,-1,-1
381,5,555,1147,50,50,1,-1,-1,-1
381,6,450,512,50,50,1,-1,-1,-1
381,8,478,666,50,50,1,-1,-1,-1
381,9,606,614,50,50,1,-1,-1,-1
382,5,545,1116,50,50,1,-1,-1,-1
382,6,442,506,50,50,1,-1,-1,-1
382,8,488,619,50,50,1,-1,-1,-1
382,9,614,651,50,50,1,-1,-1,-1
383,6,435,505,50,50,1,-1,-1,-1
383,8,498,575,50,50,1,-1,-1,-1
383,9,621,694,50,50,1,-1,-1,-1
384,6,427,509,50,50,1,-1,-1,-1
384,7,334,1112,50,50,1,-1,-1,-1
384,8,507,539,50,50,1,-1,-1,-1
384,9,629,742,50,50,1,-1,-1,-1
385,5,542,923,50,50,1,-1,-1,-1
385,6,420,521,50,50,1,-1,-1,-1
385,8,518,509,50,50,1,-1,-1,-1
385,9,637,795,50,50,1,-1,-1,-1
386,6,412,537,50,50,1,-1,-1,-1
386,8,528,483,50,50,1,-1,-1,-1
386,9,645,853,50,50,1,-1,-1,-1
387,5,527,811,50,50,1,-1,-1,-1
387,6,405,559,50,50,1,-1,-1,-1
387,7,403,1191,50,50,1,-1,-1,-1
387,8,538,464,50,50,1,-1,-1,-1
388,5,517,763,50,50,1,-1,-1,-1
388,6,398,588,50,50,1,-1,-1,-1
388,7,420,1178,50,50,1,-1,-1,-1
388,8,546,450,50,50,1,-1,-1,-1
389,5,509,721,50,50,1,-1,-1,-1
389,6,390,622,50,50,1,-1,-1,-1
389,7,434,1142,50,50,1,-1,-1,-1
389,8,557,441,50,50,1,-1,-1,-1
390,5,500,683,50,50,1,-1,-1,-1
390,6,383,662,50,50,1,-1,-1,-1
390,7,443,1083,50,50,1,-1,-1,-1
390,8,566,439,50,50,1,-1,-1,-1
391,5,492,652,50,50,1,-1,-1,-1
391,6,376,707,50,50,1,-1,-1,-1
391,7,439,1023,50,50,1,-1,-1,-1
391,8,575,442,50,50,1,-1,-1,-1
391,9,640,1107,50,50,1,-1,-1,-1
392,5,483,626,50,50,1,-1,-1,-1
392,6,369,759,50,50,1,-1,-1,-1
392,7,420,994,50,50,1,-1,-1,-1
392,8,585,449,50,50,1,-1,-1,-1
393,5,475,606,50,50,1,-1,-1,-1
393,6,362,815,50,50,1,-1,-1,-1
393,8,595,463,50,50,1,-1,-1,-1
394,5,466,591,50,50,1,-1,-1,-1
394,6,355,878,50,50,1,-1,-1,-1
394,7,474,792,50,50,1,-1,-1,-1
394,8,604,483,50,50,1,-1,-1,-1
395,5,458,582,50,50,1,-1,-1,-1
395,6,348,946,50,50,1,-1,-1,-1
395,7,480,739,50,50,1,-1,-1,-1
395,8,614,508,50,50,1,-1,-1,-1
395,9,564,1165,50,50,1,-1,-1,-1
396,5,449,578,50,50,1,-1,-1,-1
396,6,340,1035,50,50,1,-1,-1,-1
396,7,485,687,50,50,1,-1,-1,-1
396,8,623,537,50,50,1,-1,-1,-1
396,9,556,1134,50,50,1,-1,-1,-1
397,5,441,581,50,50,1,-1,-1,-1
397,6,339,1080,50,50,1,-1,-1,-1
397,7,492,641,50,50,1,-1,-1,-1
397,8,633,574,50,50,1,-1,-1,-1
398,5,432,590,50,50,1,-1,-1,-1
398,6,347,1119,50,50,1,-1,-1,-1
398,7,498,601,50,50,1,-1,-1,-1
398,8,642,615,50,50,1,-1,-1,-1
399,5,423,603,50,50,1,-1,-1,-1
399,7,505,566,50,50,1,-1,-1,-1
399,8,651,661,50,50,1,-1,-1,-1
400,5,415,623,50,50,1,-1,-1,-1
400,7,511,536,50,50,1,-1,-1,-1
400,8,660,713,50,50,1,-1,-1,-1
400,9,541,872,50,50,1,-1,-1,-1
401,5,406,649,50,50,1,-1,-1,-1
401,6,397,1180,50,50,1,-1,-1,-1
401,7,517,512,50,50,1,-1,-1,-1
401,8,669,769,50,50,1,-1,-1,-1
401,9,532,811,50,50,1,-1,-1,-1
402,5,398,680,50,50,1,-1,-1,-1
402,6,410,1166,50,50,1,-1,-1,-1
402,7,524,495,50,50,1,-1,-1,-1
402,8,678,831,50,50,1,-1,-1,-1
402,9,522,756,50,50,1,-1,-1,-1
403,5,389,717,50,50,1,-1,-1,-1
403,6,421,1128,50,50,1,-1,-1,-1
403,7,530,483,50,50,1,-1,-1,-1
403,9,513,705,50,50,1,-1,-1,-1
404,5,381,759,50,50,1,-1,-1,-1
404,6,427,1068,50,50,1,-1,-1,-1
404,7,536,476,50,50,1,-1,-1,-1
404,9,503,661,50,50,1,-1,-1,-1
405,5,373,807,50,50,1,-1,-1,-1
405,6,423,1017,50,50,1,-1,-1,-1
405,7,542,475,50,50,1,-1,-1,-1
405,9,494,622,50,50,1,-1,-1,-1
406,5,365,861,50,50,1,-1,-1,-1
406,6,449,921,50,50,1,-1,-1,-1
406,7,548,479,50,50,1,-1,-1,-1
406,9,484,588,50,50,1,-1,-1,-1
407,5,357,919,50,50,1,-1,-1,-1
407,6,456,860,50,50,1,-1,-1,-1
407,7,555,490,50,50,1,-1,-1,-1
407,8,623,1083,50,50,1,-1,-1,-1
407,9,475,560,50,50,1,-1,-1,-1
408,6,465,800,50,50,1,-1,-1,-1
408,7,561,505,50,50,1,-1,-1,-1
408,8,585,1131,50,50,1,-1,-1,-1
408,9,465,537,50,50,1,-1,-1,-1
409,5,340,1059,50,50,1,-1,-1,-1
409,6,474,751,50,50,1,-1,-1,-1
409,7,567,527,50,50,1,-1,-1,-1
409,9,455,522,50,50,1,-1,-1,-1
410,5,337,1098,50,50,1,-1,-1,-1
410,6,482,706,50,50,1,-1,-1,-1
410,7,573,554,50,50,1,-1,-1,-1
410,8,527,1161,50,50,1,-1,-1,-1
410,9,446,511,50,50,1,-1,-1,-1
411,5,342,1133,50,50,1,-1,-1,-1
411,6,490,667,50,50,1,-1,-1,-1
411,7,579,588,50,50,1,-1,-1,-1
411,8,516,1141,50,50,1,-1,-1,-1
411,9,437,506,50,50,1,-1,-1,-1
412,6,498,633,50,50,1,-1,-1,-1
412,7,585,626,50,50,1,-1,-1,-1
412,9,427,507,50,50,1,-1,-1,-1
413,5,367,1186,50,50,1,-1,-1,-1
413,6,507,605,50,50,1,-1,-1,-1
413,7,591,670,50,50,1,-1,-1,-1
413,8,512,1044,50,50,1,-1,-1,-1
413,9,416,514,50,50,1,-1,-1,-1
414,5,381,1199,50,50,1,-1,-1,-1
414,6,515,582,50,50,1,-1,-1,-1
414,7,598,719,50,50,1,-1,-1,-1
414,9,407,527,50,50,1,-1,-1,-1
415,5,395,1203,50,50,1,-1,-1,-1
415,6,523,566,50,50,1,-1,-1,-1
415,7,603,773,50,50,1,-1,-1,-1
415,9,397,545,50,50,1,-1,-1,-1
416,5,409,1190,50,50,1,-1,-1,-1
416,6,531,554,50,50,1,-1,-1,-1
416,7,609,833,50,50,1,-1,-1,-1
416,9,387,570,50,50,1,-1,-1,-1
417,5,421,1158,50,50,1,-1,-1,-1
417,6,539,548,50,50,1,-1,-1,-1
417,7,500,773,50,50,1,-1,-1,-1
417,9,378,601,50,50,1,-1,-1,-1
418,5,432,1105,50,50,1,-1,-1,-1
418,6,547,548,50,50,1,-1,-1,-1
418,7,495,727,50,50,1,-1,-1,-1
418,9,368,638,50,50,1,-1,-1,-1
419,5,431,1043,50,50,1,-1,-1,-1
419,6,555,553,50,50,1,-1,-1,-1
419,7,490,684,50,50,1,-1,-1,-1
419,8,621,1012,50,50,1,-1,-1,-1
419,9,358,680,50,50,1,-1,-1,-1
420,6,562,563,50,50,1,-1,-1,-1
420,7,485,647,50,50,1,-1,-1,-1
420,8,619,1047,50,50,1,-1,-1,-1
420,9,348,729,50,50,1,-1,-1,-1
421,6,570,579,50,50,1,-1,-1,-1
421,7,480,615,50,50,1,-1,-1,-1
421,8,609,1090,50,50,1,-1,-1,-1
421,9,339,783,50,50,1,-1,-1,-1
422,5,464,820,50,50,1,-1,-1,-1
422,6,578,601,50,50,1,-1,-1,-1
422,7,475,589,50,50,1,-1,-1,-1
422,8,588,1128,50,50,1,-1,-1,-1
422,9,330,843,50,50,1,-1,-1,-1
423,5,473,761,50,50,1,-1,-1,-1
423,6,586,627,50,50,1,-1,-1,-1
423,7,469,570,50,50,1,-1,-1,-1
423,9,320,909,50,50,1,-1,-1,-1
424,5,481,709,50,50,1,-1,-1,-1
424,6,594,659,50,50,1,-1,-1,-1
424,7,464,555,50,50,1,-1,-1,-1
424,8,561,1137,50,50,1,-1,-1,-1
424,9,322,1003,50,50,1,-1,-1,-1
425,5,489,663,50,50,1,-1,-1,-1
425,6,602,697,50,50,1,-1,-1,-1
425,7,459,547,50,50,1,-1,-1,-1
425,8,545,1108,50,50,1,-1,-1,-1
426,5,497,622,50,50,1,-1,-1,-1
426,6,609,739,50,50,1,-1,-1,-1
426,7,454,544,50,50,1,-1,-1,-1
426,10,326,1068,50,50,1,-1,-1,-1
427,5,505,587,50,50,1,-1,-1,-1
427,6,616,787,50,50,1,-1,-1,-1
427,7,449,547,50,50,1,-1,-1,-1
427,10,343,1102,50,50,1,-1,-1,-1
428,5,513,557,50,50,1,-1,-1,-1
428,6,623,839,50,50,1,-1,-1,-1
428,7,444,556,50,50,1,-1,-1,-1
428,8,546,907,50,50,1,-1,-1,-1
428,10,363,1137,50,50,1,-1,-1,-1
429,5,521,534,50,50,1,-1,-1,-1
429,6,631,896,50,50,1,-1,-1,-1
429,7,439,570,50,50,1,-1,-1,-1
429,8,539,845,50,50,1,-1,-1,-1
430,5,529,516,50,50,1,-1,-1,-1
430,7,433,591,50,50,1,-1,-1,-1
430,8,533,789,50,50,1,-1,-1,-1
430,10,404,1192,50,50,1,-1,-1,-1
431,5,537,504,50,50,1,-1,-1,-1
431,7,427,617,50,50,1,-1,-1,-1
431,8,527,737,50,50,1,-1,-1,-1
431,10,417,1195,50,50,1,-1,-1,-1
432,5,544,497,50,50,1,-1,-1,-1
432,7,422,649,50,50,1,-1,-1,-1
432,8,521,692,50,50,1,-1,-1,-1
432,10,430,1171,50,50,1,-1,-1,-1
433,5,552,496,50,50,1,-1,-1,-1
433,6,633,1065,50,50,1,-1,-1,-1
433,7,417,687,50,50,1,-1,-1,-1
433,8,514,652,50,50,1,-1,-1,-1
433,10,440,1124,50,50,1,-1,-1,-1
434,5,560,500,50,50,1,-1,-1,-1
434,6,620,1106,50,50,1,-1,-1,-1
434,7,413,731,50,50,1,-1,-1,-1
434,8,507,617,50,50,1,-1,-1,-1
434,10,443,1056,50,50,1,-1,-1,-1
435,5,568,511,50,50,1,-1,-1,-1
435,7,408,780,50,50,1,-1,-1,-1
435,8,501,588,50,50,1,-1,-1,-1
436,5,575,526,50,50,1,-1,-1,-1
436,6,576,1167,50,50,1,-1,-1,-1
436,7,403,835,50,50,1,-1,-1,-1
436,8,495,565,50,50,1,-1,-1,-1
436,9,420,991,50,50,1,-1,-1,-1
436,10,465,892,50,50,1,-1,-1,-1
437,5,583,548,50,50,1,-1,-1,-1
437,7,398,897,50,50,1,-1,-1,-1
437,8,489,547,50,50,1,-1,-1,-1
437,10,472,826,50,50,1,-1,-1,-1
438,5,591,575,50,50,1,-1,-1,-1
438,7,392,993,50,50,1,-1,-1,-1
438,8,483,535,50,50,1,-1,-1,-1
438,10,481,764,50,50,1,-1,-1,-1
439,5,598,606,50,50,1,-1,-1,-1
439,6,538,1125,50,50,1,-1,-1,-1
439,7,386,1030,50,50,1,-1,-1,-1
439,8,476,528,50,50,1,-1,-1,-1
439,10,488,707,50,50,1,-1,-1,-1
440,5,606,644,50,50,1,-1,-1,-1
440,6,535,1076,50,50,1,-1,-1,-1
440,7,388,1063,50,50,1,-1,-1,-1
440,8,469,527,50,50,1,-1,-1,-1
440,10,495,656,50,50,1,-1,-1,-1
441,5,613,688,50,50,1,-1,-1,-1
441,7,393,1099,50,50,1,-1,-1,-1
441,8,463,532,50,50,1,-1,-1,-1
441,10,502,610,50,50,1,-1,-1,-1
442,5,621,736,50,50,1,-1,-1,-1
442,7,400,1136,50,50,1,-1,-1,-1
442,8,456,543,50,50,1,-1,-1,-1
442,10,510,571,50,50,1,-1,-1,-1
443,5,628,789,50,50,1,-1,-1,-1
443,7,407,1168,50,50,1,-1,-1,-1
443,8,450,559,50,50,1,-1,-1,-1
443,10,517,536,50,50,1,-1,-1,-1
444,5,635,848,50,50,1,-1,-1,-1
444,6,525,808,50,50,1,-1,-1,-1
444,7,413,1187,50,50,1,-1,-1,-1
444,8,444,581,50,50,1,-1,-1,-1
444,10,525,509,50,50,1,-1,-1,-1
445,6,515,758,50,50,1,-1,-1,-1
445,7,419,1187,50,50,1,-1,-1,-1
445,8,437,609,50,50,1,-1,-1,-1
445,10,532,486,50,50,1,-1,-1,-1
446,6,506,714,50,50,1,-1,-1,-1
446,7,428,1165,50,50,1,-1,-1,-1
446,8,431,642,50,50,1,-1,-1,-1
446,10,539,469,50,50,1,-1,-1,-1
447,6,498,675,50,50,1,-1,-1,-1
447,7,438,1118,50,50,1,-1,-1,-1
447,8,425,681,50,50,1,-1,-1,-1
447,10,546,458,50,50,1,-1,-1,-1
448,5,632,1051,50,50,1,-1,-1,-1
448,6,490,642,50,50,1,-1,-1,-1
448,7,441,1055,50,50,1,-1,-1,-1
448,8,418,726,50,50,1,-1,-1,-1
448,10,553,452,50,50,1,-1,-1,-1
449,5,614,1098,50,50,1,-1,-1,-1
449,6,482,614,50,50,1,-1,-1,-1
449,8,413,775,50,50,1,-1,-1,-1
449,10,561,451,50,50,1,-1,-1,-1
450,5,588,1140,50,50,1,-1,-1,-1
450,6,474,593,50,50,1,-1,-1,-1
450,7,466,896,50,50,1,-1,-1,-1
450,8,406,831,50,50,1,-1,-1,-1
450,10,568,457,50,50,1,-1,-1,-1
451,6,466,577,50,50,1,-1,-1,-1
451,8,401,892,50,50,1,-1,-1,-1
451,10,575,468,50,50,1,-1,-1,-1
452,5,541,1185,50,50,1,-1,-1,-1
452,6,458,566,50,50,1,-1,-1,-1
452,7,486,772,50,50,1,-1,-1,-1
452,10,583,486,50,50,1,-1,-1,-1
453,5,531,1166,50,50,1,-1,-1,-1
453,6,450,562,50,50,1,-1,-1,-1
453,7,493,721,50,50,1,-1,-1,-1
453,8,383,1033,50,50,1,-1,-1,-1
453,10,589,508,50,50,1,-1,-1,-1
454,5,524,1132,50,50,1,-1,-1,-1
454,6,442,563,50,50,1,-1,-1,-1
454,7,502,672,50,50,1,-1,-1,-1
454,8,382,1068,50,50,1,-1,-1,-1
454,10,597,537,50,50,1,-1,-1,-1
455,6,434,569,50,50,1,-1,-1,-1
455,7,511,630,50,50,1,-1,-1,-1
455,8,384,1104,50,50,1,-1,-1,-1
455,10,605,571,50,50,1,-1,-1,-1
456,6,426,580,50,50,1,-1,-1,-1
456,7,520,592,50,50,1,-1,-1,-1
456,8,388,1140,50,50,1,-1,-1,-1
456,10,611,610,50,50,1,-1,-1,-1
457,6,418,597,50,50,1,-1,-1,-1
457,7,528,561,50,50,1,-1,-1,-1
457,8,396,1165,50,50,1,-1,-1,-1
457,10,618,655,50,50,1,-1,-1,-1
458,6,411,620,50,50,1,-1,-1,-1
458,7,537,535,50,50,1,-1,-1,-1
458,8,402,1180,50,50,1,-1,-1,-1
458,10,625,706,50,50,1,-1,-1,-1
459,5,520,791,50,50,1,-1,-1,-1
459,6,404,648,50,50,1,-1,-1,-1
459,7,546,516,50,50,1,-1,-1,-1
459,8,407,1179,50,50,1,-1,-1,-1
459,10,632,762,50,50,1,-1,-1,-1
460,5,512,738,50,50,1,-1,-1,-1
460,6,396,682,50,50,1,-1,-1,-1
460,7,554,501,50,50,1,-1,-1,-1
460,8,414,1160,50,50,1,-1,-1,-1
460,10,639,823,50,50,1,-1,-1,-1
461,5,506,689,50,50,1,-1,-1,-1
461,6,388,720,50,50,1,-1,-1,-1
461,7,563,492,50,50,1,-1,-1,-1
461,8,419,1120,50,50,1,-1,-1,-1
462,5,500,646,50,50,1,-1,-1,-1
462,6,381,763,50,50,1,-1,-1,-1
462,7,572,489,50,50,1,-1,-1,-1
462,8,421,1060,50,50,1,-1,-1,-1
463,5,494,607,50,50,1,-1,-1,-1
463,6,374,812,50,50,1,-1,-1,-1
463,7,580,491,50,50,1,-1,-1,-1
464,5,488,575,50,50,1,-1,-1,-1
464,6,367,865,50,50,1,-1,-1,-1
464,7,588,499,50,50,1,-1,-1,-1
465,5,482,549,50,50,1,-1,-1,-1
465,6,360,923,50,50,1,-1,-1,-1
465,7,598,512,50,50,1,-1,-1,-1
465,8,452,842,50,50,1,-1,-1,-1
466,5,476,529,50,50,1,-1,-1,-1
466,7,606,531,50,50,1,-1,-1,-1
466,8,461,779,50,50,1,-1,-1,-1
467,5,469,515,50,50,1,-1,-1,-1
467,6,348,1045,50,50,1,-1,-1,-1
467,7,614,555,50,50,1,-1,-1,-1
467,8,470,728,50,50,1,-1,-1,-1
468,5,464,505,50,50,1,-1,-1,-1
468,6,343,1074,50,50,1,-1,-1,-1
468,7,623,585,50,50,1,-1,-1,-1
468,8,477,679,50,50,1,-1,-1,-1
469,5,458,501,50,50,1,-1,-1,-1
469,6,347,1102,50,50,1,-1,-1,-1
469,7,631,621,50,50,1,-1,-1,-1
469,8,486,636,50,50,1,-1,-1,-1
470,5,453,504,50,50,1,-1,-1,-1
470,6,353,1130,50,50,1,-1,-1,-1
470,7,639,662,50,50,1,-1,-1,-1
470,8,494,597,50,50,1,-1,-1,-1
470,10,520,1082,50,50,1,-1,-1,-1
471,5,446,511,50,50,1,-1,-1,-1
471,6,365,1156,50,50,1,-1,-1,-1
471,7,648,708,50,50,1,-1,-1,-1
471,8,501,564,50,50,1,-1,-1,-1
472,5,440,525,50,50,1,-1,-1,-1
472,7,656,760,50,50,1,-1,-1,-1
472,8,509,538,50,50,1,-1,-1,-1
473,5,434,544,50,50,1,-1,-1,-1
473,7,664,816,50,50,1,-1,-1,-1
473,8,518,515,50,50,1,-1,-1,-1
473,10,537,857,50,50,1,-1,-1,-1
474,5,428,569,50,50,1,-1,-1,-1
474,7,672,878,50,50,1,-1,-1,-1
474,8,526,499,50,50,1,-1,-1,-1
474,10,527,799,50,50,1,-1,-1,-1
475,5,422,599,50,50,1,-1,-1,-1
475,6,418,1179,50,50,1,-1,-1,-1
475,8,533,489,50,50,1,-1,-1,-1
475,10,517,749,50,50,1,-1,-1,-1
476,5,416,635,50,50,1,-1,-1,-1
476,6,432,1141,50,50,1,-1,-1,-1
476,8,541,483,50,50,1,-1,-1,-1
476,10,507,702,50,50,1,-1,-1,-1
477,5,411,676,50,50,1,-1,-1,-1
477,6,442,1081,50,50,1,-1,-1,-1
477,8,549,484,50,50,1,-1,-1,-1
477,10,498,662,50,50,1,-1,-1,-1
478,5,406,722,50,50,1,-1,-1,-1
478,6,438,1024,50,50,1,-1,-1,-1
478,8,558,489,50,50,1,-1,-1,-1
478,10,489,627,50,50,1,-1,-1,-1
479,5,400,773,50,50,1,-1,-1,-1
479,8,566,501,50,50,1,-1,-1,-1
479,10,479,598,50,50,1,-1,-1,-1
479,11,629,1105,50,50,1,-1,-1,-1
480,5,395,830,50,50,1,-1,-1,-1
480,6,473,865,50,50,1,-1,-1,-1
480,8,574,517,50,50,1,-1,-1,-1
480,10,469,575,50,50,1,-1,-1,-1
481,5,389,892,50,50,1,-1,-1,-1
481,6,483,798,50,50,1,-1,-1,-1
481,8,581,540,50,50,1,-1,-1,-1
481,10,460,558,50,50,1,-1,-1,-1
482,6,491,747,50,50,1,-1,-1,-1
482,8,589,568,50,50,1,-1,-1,-1
482,10,450,544,50,50,1,-1,-1,-1
483,5,374,1028,50,50,1,-1,-1,-1
483,6,499,698,50,50,1,-1,-1,-1
483,8,597,601,50,50,1,-1,-1,-1
483,10,441,539,50,50,1,-1,-1,-1
484,5,372,1067,50,50,1,-1,-1,-1
484,6,508,654,50,50,1,-1,-1,-1
484,8,605,640,50,50,1,-1,-1,-1
484,10,431,538,50,50,1,-1,-1,-1
485,5,379,1108,50,50,1,-1,-1,-1
485,6,517,615,50,50,1,-1,-1,-1
485,8,613,684,50,50,1,-1,-1,-1
485,10,422,543,50,50,1,-1,-1,-1
486,5,391,1144,50,50,1,-1,-1,-1
486,6,526,583,50,50,1,-1,-1,-1
486,8,620,734,50,50,1,-1,-1,-1
486,10,412,554,50,50,1,-1,-1,-1
487,5,400,1172,50,50,1,-1,-1,-1
487,6,534,555,50,50,1,-1,-1,-1
487,8,628,788,50,50,1,-1,-1,-1
487,10,402,572,50,50,1,-1,-1,-1
487,11,540,872,50,50,1,-1,-1,-1
488,5,409,1180,50,50,1,-1,-1,-1
488,6,542,532,50,50,1,-1,-1,-1
488,8,636,849,50,50,1,-1,-1,-1
488,10,392,595,50,50,1,-1,-1,-1
488,11,530,814,50,50,1,-1,-1,-1
489,5,422,1164,50,50,1,-1,-1,-1
489,6,550,516,50,50,1,-1,-1,-1
489,8,517,762,50,50,1,-1,-1,-1
489,10,383,623,50,50,1,-1,-1,-1
490,5,436,1125,50,50,1,-1,-1,-1
490,6,559,505,50,50,1,-1,-1,-1
490,8,505,716,50,50,1,-1,-1,-1
490,10,374,658,50,50,1,-1,-1,-1
491,5,443,1064,50,50,1,-1,-1,-1
491,6,567,500,50,50,1,-1,-1,-1
491,7,639,1015,50,50,1,-1,-1,-1
491,8,494,674,50,50,1,-1,-1,-1
491,10,364,699,50,50,1,-1,-1,-1
492,5,439,1011,50,50,1,-1,-1,-1
492,6,576,500,50,50,1,-1,-1,-1
492,7,634,1053,50,50,1,-1,-1,-1
492,8,482,638,50,50,1,-1,-1,-1
492,10,355,745,50,50,1,-1,-1,-1
493,5,468,916,50,50,1,-1,-1,-1
493,6,583,506,50,50,1,-1,-1,-1
493,7,620,1098,50,50,1,-1,-1,-1
493,8,471,609,50,50,1,-1,-1,-1
493,10,345,797,50,50,1,-1,-1,-1
494,5,477,848,50,50,1,-1,-1,-1
494,6,592,517,50,50,1,-1,-1,-1
494,7,595,1136,50,50,1,-1,-1,-1
494,8,459,585,50,50,1,-1,-1,-1
494,10,336,856,50,50,1,-1,-1,-1
495,5,486,785,50,50,1,-1,-1,-1
495,6,601,533,50,50,1,-1,-1,-1
495,7,576,1158,50,50,1,-1,-1,-1
495,8,447,566,50,50,1,-1,-1,-1
495,10,327,919,50,50,1,-1,-1,-1
496,5,493,735,50,50,1,-1,-1,-1
496,6,609,555,50,50,1,-1,-1,-1
496,8,436,553,50,50,1,-1,-1,-1
497,5,500,686,50,50,1,-1,-1,-1
497,6,617,582,50,50,1,-1,-1,-1
497,7,550,1139,50,50,1,-1,-1,-1
497,8,425,545,50,50,1,-1,-1,-1
498,5,508,644,50,50,1,-1,-1,-1
498,6,625,615,50,50,1,-1,-1,-1
498,8,413,544,50,50,1,-1,-1,-1
499,5,517,608,50,50,1,-1,-1,-1
499,6,633,653,50,50,1,-1,-1,-1
499,8,401,547,50,50,1,-1,-1,-1
499,10,340,1120,50,50,1,-1,-1,-1
500,5,524,576,50,50,1,-1,-1,-1
500,6,641,696,50,50,1,-1,-1,-1
500,8,390,557,50,50,1,-1,-1,-1
501,5,532,550,50,50,1,-1,-1,-1
501,6,649,745,50,50,1,-1,-1,-1
501,7,548,874,50,50,1,-1,-1,-1
501,8,379,572,50,50,1,-1,-1,-1
502,5,539,529,50,50,1,-1,-1,-1
502,6,657,798,50,50,1,-1,-1,-1
502,7,540,806,50,50,1,-1,-1,-1
502,8,368,592,50,50,1,-1,-1,-1
502,10,395,1188,50,50,1,-1,-1,-1
503,5,547,516,50,50,1,-1,-1,-1
503,6,665,857,50,50,1,-1,-1,-1
503,7,531,744,50,50,1,-1,-1,-1
503,8,356,619,50,50,1,-1,-1,-1
503,10,407,1181,50,50,1,-1,-1,-1
504,5,555,507,50,50,1,-1,-1,-1
504,7,523,687,50,50,1,-1,-1,-1
504,8,345,650,50,50,1,-1,-1,-1
504,10,416,1152,50,50,1,-1,-1,-1
505,5,563,504,50,50,1,-1,-1,-1
505,7,514,635,50,50,1,-1,-1,-1
505,8,335,687,50,50,1,-1,-1,-1
505,10,423,1100,50,50,1,-1,-1,-1
506,5,571,506,50,50,1,-1,-1,-1
506,7,506,589,50,50,1,-1,-1,-1
506,8,324,729,50,50,1,-1,-1,-1
506,10,420,1037,50,50,1,-1,-1,-1
507,5,578,513,50,50,1,-1,-1,-1
507,7,497,549,50,50,1,-1,-1,-1
507,8,313,776,50,50,1,-1,-1,-1
507,10,446,951,50,50,1,-1,-1,-1
508,5,585,527,50,50,1,-1,-1,-1
508,6,633,1086,50,50,1,-1,-1,-1
508,7,489,514,50,50,1,-1,-1,-1
508,8,303,829,50,50,1,-1,-1,-1
508,10,452,884,50,50,1,-1,-1,-1
509,5,593,546,50,50,1,-1,-1,-1
509,6,608,1126,50,50,1,-1,-1,-1
509,7,480,486,50,50,1,-1,-1,-1
509,8,292,888,50,50,1,-1,-1,-1
509,10,461,822,50,50,1,-1,-1,-1
510,5,601,570,50,50,1,-1,-1,-1
510,7,471,463,50,50,1,-1,-1,-1
510,10,470,766,50,50,1,-1,-1,-1
511,5,608,600,50,50,1,-1,-1,-1
511,6,571,1148,50,50,1,-1,-1,-1
511,7,463,445,50,50,1,-1,-1,-1
511,10,478,717,50,50,1,-1,-1,-1
512,5,616,636,50,50,1,-1,-1,-1
512,6,559,1118,50,50,1,-1,-1,-1
512,7,455,434,50,50,1,-1,-1,-1
512,10,486,672,50,50,1,-1,-1,-1
513,5,623,676,50,50,1,-1,-1,-1
513,7,446,428,50,50,1,-1,-1,-1
513,10,494,632,50,50,1,-1,-1,-1
514,5,630,722,50,50,1,-1,-1,-1
514,7,437,428,50,50,1,-1,-1,-1
514,8,305,1067,50,50,1,-1,-1,-1
514,10,502,598,50,50,1,-1,-1,-1
515,5,638,773,50,50,1,-1,-1,-1
515,6,559,915,50,50,1,-1,-1,-1
515,7,428,433,50,50,1,-1,-1,-1
515,8,318,1081,50,50,1,-1,-1,-1
515,10,511,569,50,50,1,-1,-1,-1
516,5,645,829,50,50,1,-1,-1,-1
516,6,552,850,50,50,1,-1,-1,-1
516,7,420,445,50,50,1,-1,-1,-1
516,8,331,1088,50,50,1,-1,-1,-1
516,10,519,547,50,50,1,-1,-1,-1
517,5,652,889,50,50,1,-1,-1,-1
517,6,546,789,50,50,1,-1,-1,-1
517,7,411,462,50,50,1,-1,-1,-1
517,8,342,1089,50,50,1,-1,-1,-1
517,10,527,529,50,50,1,-1,-1,-1
518,6,539,735,50,50,1,-1,-1,-1
518,7,402,485,50,50,1,-1,-1,-1
518,8,348,1082,50,50,1,-1,-1,-1
518,10,535,518,50,50,1,-1,-1,-1
519,6,533,685,50,50,1,-1,-1,-1
519,7,393,514,50,50,1,-1,-1,-1
519,8,351,1066,50,50,1,-1,-1,-1
519,10,543,512,50,50,1,-1,-1,-1
520,6,526,641,50,50,1,-1,-1,-1
520,7,385,549,50,50,1,-1,-1,-1
520,10,551,511,50,50,1,-1,-1,-1
521,6,520,602,50,50,1,-1,-1,-1
521,7,376,590,50,50,1,-1,-1,-1
521,10,559,516,50,50,1,-1,-1,-1
522,6,513,569,50,50,1,-1,-1,-1
522,7,368,636,50,50,1,-1,-1,-1
522,10,567,526,50,50,1,-1,-1,-1
523,6,506,542,50,50,1,-1,-1,-1
523,7,360,689,50,50,1,-1,-1,-1
523,10,575,542,50,50,1,-1,-1,-1
524,6,499,520,50,50,1,-1,-1,-1
524,7,351,747,50,50,1,-1,-1,-1
524,8,620,1054,50,50,1,-1,-1,-1
524,10,583,564,50,50,1,-1,-1,-1
525,6,492,504,50,50,1,-1,-1,-1
525,7,342,810,50,50,1,-1,-1,-1
525,10,591,591,50,50,1,-1,-1,-1
526,6,486,494,50,50,1,-1,-1,-1
526,7,334,880,50,50,1,-1,-1,-1
526,10,599,623,50,50,1,-1,-1,-1
527,6,479,489,50,50,1,-1,-1,-1
527,10,607,661,50,50,1,-1,-1,-1
528,6,473,490,50,50,1,-1,-1,-1
528,10,615,704,50,50,1,-1,-1,-1
529,6,466,497,50,50,1,-1,-1,-1
529,10,622,752,50,50,1,-1,-1,-1
530,6,459,509,50,50,1,-1,-1,-1
530,10,629,806,50,50,1,-1,-1,-1
531,6,452,527,50,50,1,-1,-1,-1
531,10,637,865,50,50,1,-1,-1,-1
532,6,445,551,50,50,1,-1,-1,-1
532,7,355,1023,50,50,1,-1,-1,-1
533,6,439,580,50,50,1,-1,-1,-1
533,7,360,1034,50,50,1,-1,-1,-1
534,6,432,616,50,50,1,-1,-1,-1
534,7,363,1044,50,50,1,-1,-1,-1
535,6,425,657,50,50,1,-1,-1,-1
535,7,365,1051,50,50,1,-1,-1,-1
536,6,419,703,50,50,1,-1,-1,-1
536,7,367,1056,50,50,1,-1,-1,-1
537,6,413,755,50,50,1,-1,-1,-1
537,7,368,1060,50,50,1,-1,-1,-1
538,6,406,813,50,50,1,-1,-1,-1
538,7,369,1062,50,50,1,-1,-1,-1
539,6,400,875,50,50,1,-1,-1,-1
540,6,394,943,50,50,1,-1,-1,-1
540,7,371,1058,50,50,1,-1,-1,-1
540,10,650,1071,50,50,1,-1,-1,-1
541,7,375,1045,50,50,1,-1,-1,-1
541,10,649,1074,50,50,1,-1,-1,-1
542,7,374,1052,50,50,1,-1,-1,-1
542,10,649,1074,50,50,1,-1,-1,-1
543,7,375,1055,50,50,1,-1,-1,-1
543,10,649,1074,50,50,1,-1,-1,-1
544,7,375,1057,50,50,1,-1,-1,-1
544,10,650,1072,50,50,1,-1,-1,-1
545,7,376,1057,50,50,1,-1,-1,-1
545,10,651,1070,50,50,1,-1,-1,-1
546,7,376,1057,50,50,1,-1,-1,-1
546,10,651,1070,50,50,1,-1,-1,-1
547,7,376,1056,50,50,1,-1,-1,-1
548,7,376,1056,50,50,1,-1,-1,-1
549,10,652,1064,50,50,1,-1,-1,-1
550,10,652,1064,50,50,1,-1,-1,-1
551,10,652,1064,50,50,1,-1,-1,-1
552,10,651,1062,50,50,1,-1,-1,-1
553,10,651,1062,50,50,1,-1,-1,-1
554,10,651,1062,50,50,1,-1,-1,-1
555,10,651,1062,50,50,1,-1,-1,-1
556,10,651,1062,50,50,1,-1,-1,-1
557,10,651,1062,50,50,1,-1,-1,-1
558,10,658,1064,50,50,1,-1,-1,-1
559,10,658,1064,50,50,1,-1,-1,-1
560,10,656,1088,50,50,1,-1,-1,-1
561,10,656,1088,50,50,1,-1,-1,-1
562,7,352,1117,50,50,1,-1,-1,-1
563,7,346,1143,50,50,1,-1,-1,-1
564,6,128,1274,50,50,1,-1,-1,-1
564,7,343,1174,50,50,1,-1,-1,-1
565,6,128,1274,50,50,1,-1,-1,-1
565,7,343,1174,50,50,1,-1,-1,-1
