2,1,567,1129,50,50,1,-1,-1,-1
2,2,479,938,50,50,1,-1,-1,-1
3,1,566,1130,50,50,1,-1,-1,-1
3,2,468,943,50,50,1,-1,-1,-1
4,1,563,1130,50,50,1,-1,-1,-1
4,2,465,939,50,50,1,-1,-1,-1
5,1,549,1114,50,50,1,-1,-1,-1
5,2,430,953,50,50,1,-1,-1,-1
6,1,546,1114,50,50,1,-1,-1,-1
6,2,461,937,50,50,1,-1,-1,-1
7,1,553,1132,50,50,1,-1,-1,-1
7,2,457,937,50,50,1,-1,-1,-1
8,1,550,1132,50,50,1,-1,-1,-1
8,2,455,938,50,50,1,-1,-1,-1
9,1,548,1133,50,50,1,-1,-1,-1
9,2,452,941,50,50,1,-1,-1,-1
10,1,545,1133,50,50,1,-1,-1,-1
10,2,459,937,50,50,1,-1,-1,-1
11,1,542,1131,50,50,1,-1,-1,-1
11,2,457,951,50,50,1,-1,-1,-1
12,1,538,1126,50,50,1,-1,-1,-1
12,2,460,972,50,50,1,-1,-1,-1
13,1,535,1117,50,50,1,-1,-1,-1
13,2,459,994,50,50,1,-1,-1,-1
14,1,534,1103,50,50,1,-1,-1,-1
14,2,448,1028,50,50,1,-1,-1,-1
15,2,448,1069,50,50,1,-1,-1,-1
16,2,447,1108,50,50,1,-1,-1,-1
17,1,538,1034,50,50,1,-1,-1,-1
17,2,446,1153,50,50,1,-1,-1,-1
18,1,549,1003,50,50,1,-1,-1,-1
18,2,442,1195,50,50,1,-1,-1,-1
19,1,551,980,50,50,1,-1,-1,-1
19,2,451,1235,50,50,1,-1,-1,-1
20,1,549,966,50,50,1,-1,-1,-1
20,2,412,1236,50,50,1,-1,-1,-1
21,1,554,981,50,50,1,-1,-1,-1
21,2,421,1239,50,50,1,-1,-1,-1
22,1,557,1004,50,50,1,-1,-1,-1
22,2,465,1197,50,50,1,-1,-1,-1
23,1,564,1042,50,50,1,-1,-1,-1
23,2,495,1193,50,50,1,-1,-1,-1
24,1,559,1088,50,50,1,-1,-1,-1
25,1,570,1125,50,50,1,-1,-1,-1
25,2,518,1018,50,50,1,-1,-1,-1
26,1,544,1165,50,50,1,-1,-1,-1
26,2,474,966,50,50,1,-1,-1,-1
27,1,536,1186,50,50,1,-1,-1,-1
27,2,526,871,50,50,1,-1,-1,-1
28,1,529,1197,50,50,1,-1,-1,-1
28,2,529,799,50,50,1,-1,-1,-1
29,1,462,928,50,50,1,-1,-1,-1
29,2,505,734,50,50,1,-1,-1,-1
29,3,522,1195,50,50,1,-1,-1,-1
30,1,464,957,50,50,1,-1,-1,-1
30,2,527,674,50,50,1,-1,-1,-1
30,3,517,1174,50,50,1,-1,-1,-1
31,1,450,1011,50,50,1,-1,-1,-1
31,2,531,622,50,50,1,-1,-1,-1
31,3,529,1160,50,50,1,-1,-1,-1
32,1,441,1078,50,50,1,-1,-1,-1
32,2,535,577,50,50,1,-1,-1,-1
33,1,436,1141,50,50,1,-1,-1,-1
33,2,539,532,50,50,1,-1,-1,-1
33,3,532,1026,50,50,1,-1,-1,-1
34,1,438,1187,50,50,1,-1,-1,-1
34,2,543,496,50,50,1,-1,-1,-1
34,3,516,959,50,50,1,-1,-1,-1
35,1,448,1206,50,50,1,-1,-1,-1
35,2,547,465,50,50,1,-1,-1,-1
35,3,509,895,50,50,1,-1,-1,-1
36,1,455,1210,50,50,1,-1,-1,-1
36,2,556,439,50,50,1,-1,-1,-1
36,3,503,840,50,50,1,-1,-1,-1
37,1,480,1183,50,50,1,-1,-1,-1
37,2,568,420,50,50,1,-1,-1,-1
37,3,510,789,50,50,1,-1,-1,-1
38,1,476,1161,50,50,1,-1,-1,-1
38,3,492,744,50,50,1,-1,-1,-1
38,4,560,406,50,50,1,-1,-1,-1
39,1,555,1099,50,50,1,-1,-1,-1
39,3,488,703,50,50,1,-1,-1,-1
39,4,572,394,50,50,1,-1,-1,-1
40,1,558,1156,50,50,1,-1,-1,-1
40,2,495,1008,50,50,1,-1,-1,-1
40,3,491,669,50,50,1,-1,-1,-1
40,4,571,395,50,50,1,-1,-1,-1
41,1,553,1195,50,50,1,-1,-1,-1
41,2,497,933,50,50,1,-1,-1,-1
41,3,484,640,50,50,1,-1,-1,-1
41,4,575,398,50,50,1,-1,-1,-1
42,1,547,1208,50,50,1,-1,-1,-1
42,2,509,862,50,50,1,-1,-1,-1
42,3,467,615,50,50,1,-1,-1,-1
42,4,580,408,50,50,1,-1,-1,-1
43,1,542,1204,50,50,1,-1,-1,-1
43,2,527,801,50,50,1,-1,-1,-1
43,3,460,599,50,50,1,-1,-1,-1
43,4,582,421,50,50,1,-1,-1,-1
43,5,495,957,50,50,1,-1,-1,-1
44,1,537,1184,50,50,1,-1,-1,-1
44,2,534,742,50,50,1,-1,-1,-1
44,3,460,588,50,50,1,-1,-1,-1
44,4,594,434,50,50,1,-1,-1,-1
45,1,535,1141,50,50,1,-1,-1,-1
45,2,540,687,50,50,1,-1,-1,-1
45,3,456,584,50,50,1,-1,-1,-1
45,4,599,467,50,50,1,-1,-1,-1
46,1,537,1070,50,50,1,-1,-1,-1
46,3,450,581,50,50,1,-1,-1,-1
46,4,603,497,50,50,1,-1,-1,-1
47,1,534,1000,50,50,1,-1,-1,-1
47,2,451,1160,50,50,1,-1,-1,-1
47,3,445,584,50,50,1,-1,-1,-1
47,4,605,536,50,50,1,-1,-1,-1
48,1,543,917,50,50,1,-1,-1,-1
48,2,448,1208,50,50,1,-1,-1,-1
48,3,438,597,50,50,1,-1,-1,-1
48,4,601,571,50,50,1,-1,-1,-1
49,1,537,847,50,50,1,-1,-1,-1
49,2,452,1220,50,50,1,-1,-1,-1
49,3,426,610,50,50,1,-1,-1,-1
49,4,614,617,50,50,1,-1,-1,-1
50,1,532,775,50,50,1,-1,-1,-1
50,2,447,1224,50,50,1,-1,-1,-1
50,3,421,631,50,50,1,-1,-1,-1
50,4,617,669,50,50,1,-1,-1,-1
51,2,458,1197,50,50,1,-1,-1,-1
51,3,417,659,50,50,1,-1,-1,-1
51,4,621,724,50,50,1,-1,-1,-1
51,6,578,482,50,50,1,-1,-1,-1
52,1,524,658,50,50,1,-1,-1,-1
52,2,467,1133,50,50,1,-1,-1,-1
52,3,407,692,50,50,1,-1,-1,-1
52,4,624,785,50,50,1,-1,-1,-1
52,6,584,468,50,50,1,-1,-1,-1
53,1,519,609,50,50,1,-1,-1,-1
53,2,484,1060,50,50,1,-1,-1,-1
53,3,409,729,50,50,1,-1,-1,-1
53,4,628,850,50,50,1,-1,-1,-1
53,6,591,459,50,50,1,-1,-1,-1
54,1,501,562,50,50,1,-1,-1,-1
54,2,496,989,50,50,1,-1,-1,-1
54,3,403,771,50,50,1,-1,-1,-1
54,4,623,917,50,50,1,-1,-1,-1
54,6,596,455,50,50,1,-1,-1,-1
55,1,496,530,50,50,1,-1,-1,-1
55,2,498,913,50,50,1,-1,-1,-1
55,3,398,818,50,50,1,-1,-1,-1
55,6,599,457,50,50,1,-1,-1,-1
55,7,617,953,50,50,1,-1,-1,-1
56,1,494,492,50,50,1,-1,-1,-1
56,2,505,843,50,50,1,-1,-1,-1
56,3,380,870,50,50,1,-1,-1,-1
56,6,601,454,50,50,1,-1,-1,-1
56,7,599,995,50,50,1,-1,-1,-1
57,1,490,463,50,50,1,-1,-1,-1
57,2,519,788,50,50,1,-1,-1,-1
57,3,388,934,50,50,1,-1,-1,-1
57,6,615,485,50,50,1,-1,-1,-1
57,7,602,1053,50,50,1,-1,-1,-1
58,1,498,444,50,50,1,-1,-1,-1
58,2,499,724,50,50,1,-1,-1,-1
58,3,376,991,50,50,1,-1,-1,-1
58,6,620,500,50,50,1,-1,-1,-1
58,7,582,1133,50,50,1,-1,-1,-1
59,1,487,425,50,50,1,-1,-1,-1
59,2,533,681,50,50,1,-1,-1,-1
59,3,362,1035,50,50,1,-1,-1,-1
59,6,628,527,50,50,1,-1,-1,-1
59,7,569,1179,50,50,1,-1,-1,-1
60,1,482,413,50,50,1,-1,-1,-1
60,2,512,635,50,50,1,-1,-1,-1
60,3,359,1071,50,50,1,-1,-1,-1
60,6,634,558,50,50,1,-1,-1,-1
60,7,562,1177,50,50,1,-1,-1,-1
61,1,477,408,50,50,1,-1,-1,-1
61,2,520,596,50,50,1,-1,-1,-1
61,3,349,1106,50,50,1,-1,-1,-1
61,6,640,590,50,50,1,-1,-1,-1
61,7,561,1145,50,50,1,-1,-1,-1
62,1,479,411,50,50,1,-1,-1,-1
62,2,557,564,50,50,1,-1,-1,-1
62,3,371,1143,50,50,1,-1,-1,-1
62,6,645,631,50,50,1,-1,-1,-1
62,7,562,1080,50,50,1,-1,-1,-1
63,1,468,416,50,50,1,-1,-1,-1
63,2,563,533,50,50,1,-1,-1,-1
63,3,378,1181,50,50,1,-1,-1,-1
63,6,624,679,50,50,1,-1,-1,-1
63,7,554,1012,50,50,1,-1,-1,-1
64,1,464,427,50,50,1,-1,-1,-1
64,2,571,513,50,50,1,-1,-1,-1
64,3,390,1214,50,50,1,-1,-1,-1
64,6,655,723,50,50,1,-1,-1,-1
64,7,561,935,50,50,1,-1,-1,-1
65,1,465,448,50,50,1,-1,-1,-1
65,2,579,495,50,50,1,-1,-1,-1
65,3,398,1233,50,50,1,-1,-1,-1
65,6,663,782,50,50,1,-1,-1,-1
65,7,528,870,50,50,1,-1,-1,-1
66,1,453,466,50,50,1,-1,-1,-1
66,2,574,484,50,50,1,-1,-1,-1
66,3,419,1235,50,50,1,-1,-1,-1
66,6,639,957,50,50,1,-1,-1,-1
66,7,550,807,50,50,1,-1,-1,-1
67,1,458,500,50,50,1,-1,-1,-1
67,2,595,480,50,50,1,-1,-1,-1
67,6,642,943,50,50,1,-1,-1,-1
67,7,545,751,50,50,1,-1,-1,-1
68,1,453,533,50,50,1,-1,-1,-1
68,2,600,477,50,50,1,-1,-1,-1
68,3,454,1193,50,50,1,-1,-1,-1
68,6,660,974,50,50,1,-1,-1,-1
68,7,541,700,50,50,1,-1,-1,-1
69,1,447,572,50,50,1,-1,-1,-1
69,2,607,481,50,50,1,-1,-1,-1
69,3,475,1120,50,50,1,-1,-1,-1
69,6,673,1023,50,50,1,-1,-1,-1
69,7,534,654,50,50,1,-1,-1,-1
70,2,615,493,50,50,1,-1,-1,-1
70,3,486,1050,50,50,1,-1,-1,-1
70,6,672,1064,50,50,1,-1,-1,-1
70,7,527,614,50,50,1,-1,-1,-1
71,1,438,675,50,50,1,-1,-1,-1
71,2,623,513,50,50,1,-1,-1,-1
71,3,497,974,50,50,1,-1,-1,-1
71,6,657,1120,50,50,1,-1,-1,-1
71,7,517,573,50,50,1,-1,-1,-1
72,1,420,732,50,50,1,-1,-1,-1
72,2,631,535,50,50,1,-1,-1,-1
72,3,500,902,50,50,1,-1,-1,-1
72,6,636,1160,50,50,1,-1,-1,-1
72,7,516,548,50,50,1,-1,-1,-1
73,2,637,563,50,50,1,-1,-1,-1
73,3,514,839,50,50,1,-1,-1,-1
73,6,616,1185,50,50,1,-1,-1,-1
73,7,510,520,50,50,1,-1,-1,-1
74,1,426,867,50,50,1,-1,-1,-1
74,2,646,599,50,50,1,-1,-1,-1
74,3,524,778,50,50,1,-1,-1,-1
74,7,499,508,50,50,1,-1,-1,-1
75,1,421,941,50,50,1,-1,-1,-1
75,2,651,635,50,50,1,-1,-1,-1
75,3,529,725,50,50,1,-1,-1,-1
75,6,590,1152,50,50,1,-1,-1,-1
75,7,491,490,50,50,1,-1,-1,-1
76,1,405,974,50,50,1,-1,-1,-1
76,2,661,680,50,50,1,-1,-1,-1
76,3,534,676,50,50,1,-1,-1,-1
76,6,586,1090,50,50,1,-1,-1,-1
76,7,490,487,50,50,1,-1,-1,-1
77,1,402,1012,50,50,1,-1,-1,-1
77,2,666,728,50,50,1,-1,-1,-1
77,3,545,633,50,50,1,-1,-1,-1
77,6,590,1019,50,50,1,-1,-1,-1
77,7,482,484,50,50,1,-1,-1,-1
78,1,414,1057,50,50,1,-1,-1,-1
78,2,675,785,50,50,1,-1,-1,-1
78,3,544,595,50,50,1,-1,-1,-1
78,6,587,947,50,50,1,-1,-1,-1
78,7,480,488,50,50,1,-1,-1,-1
79,1,432,1110,50,50,1,-1,-1,-1
79,3,558,566,50,50,1,-1,-1,-1
79,6,578,880,50,50,1,-1,-1,-1
79,7,471,496,50,50,1,-1,-1,-1
80,1,437,1168,50,50,1,-1,-1,-1
80,2,660,914,50,50,1,-1,-1,-1
80,3,557,540,50,50,1,-1,-1,-1
80,4,632,1032,50,50,1,-1,-1,-1
80,6,568,822,50,50,1,-1,-1,-1
80,7,456,506,50,50,1,-1,-1,-1
81,1,462,1187,50,50,1,-1,-1,-1
81,2,694,976,50,50,1,-1,-1,-1
81,3,568,520,50,50,1,-1,-1,-1
81,6,561,765,50,50,1,-1,-1,-1
81,7,462,540,50,50,1,-1,-1,-1
82,1,469,1189,50,50,1,-1,-1,-1
82,2,690,1025,50,50,1,-1,-1,-1
82,3,571,507,50,50,1,-1,-1,-1
82,6,553,718,50,50,1,-1,-1,-1
82,7,454,565,50,50,1,-1,-1,-1
83,1,469,1155,50,50,1,-1,-1,-1
83,3,581,499,50,50,1,-1,-1,-1
83,6,544,672,50,50,1,-1,-1,-1
83,7,448,600,50,50,1,-1,-1,-1
84,1,478,1090,50,50,1,-1,-1,-1
84,2,677,1088,50,50,1,-1,-1,-1
84,3,581,494,50,50,1,-1,-1,-1
84,6,535,633,50,50,1,-1,-1,-1
85,1,490,1006,50,50,1,-1,-1,-1
85,2,649,1127,50,50,1,-1,-1,-1
85,3,592,492,50,50,1,-1,-1,-1
85,6,526,598,50,50,1,-1,-1,-1
85,7,438,687,50,50,1,-1,-1,-1
86,1,501,936,50,50,1,-1,-1,-1
86,2,620,1165,50,50,1,-1,-1,-1
86,3,596,506,50,50,1,-1,-1,-1
86,6,517,569,50,50,1,-1,-1,-1
86,7,433,740,50,50,1,-1,-1,-1
87,1,502,864,50,50,1,-1,-1,-1
87,2,593,1191,50,50,1,-1,-1,-1
87,3,604,518,50,50,1,-1,-1,-1
87,7,413,940,50,50,1,-1,-1,-1
88,1,512,802,50,50,1,-1,-1,-1
88,2,579,1198,50,50,1,-1,-1,-1
88,3,614,538,50,50,1,-1,-1,-1
88,4,421,861,50,50,1,-1,-1,-1
88,6,468,529,50,50,1,-1,-1,-1
88,7,465,971,50,50,1,-1,-1,-1
89,1,519,751,50,50,1,-1,-1,-1
89,2,576,1178,50,50,1,-1,-1,-1
89,3,620,562,50,50,1,-1,-1,-1
89,6,490,516,50,50,1,-1,-1,-1
89,7,414,925,50,50,1,-1,-1,-1
90,1,526,694,50,50,1,-1,-1,-1
90,2,576,1136,50,50,1,-1,-1,-1
90,3,612,591,50,50,1,-1,-1,-1
90,6,479,511,50,50,1,-1,-1,-1
90,7,393,981,50,50,1,-1,-1,-1
91,1,532,650,50,50,1,-1,-1,-1
91,2,576,1069,50,50,1,-1,-1,-1
91,3,633,628,50,50,1,-1,-1,-1
91,6,469,509,50,50,1,-1,-1,-1
91,7,392,1043,50,50,1,-1,-1,-1
92,1,537,613,50,50,1,-1,-1,-1
92,2,551,995,50,50,1,-1,-1,-1
92,3,628,665,50,50,1,-1,-1,-1
92,6,462,522,50,50,1,-1,-1,-1
92,7,387,1070,50,50,1,-1,-1,-1
93,1,542,577,50,50,1,-1,-1,-1
93,2,574,924,50,50,1,-1,-1,-1
93,3,642,708,50,50,1,-1,-1,-1
93,6,452,533,50,50,1,-1,-1,-1
93,7,412,1134,50,50,1,-1,-1,-1
94,1,548,550,50,50,1,-1,-1,-1
94,2,537,860,50,50,1,-1,-1,-1
94,3,636,757,50,50,1,-1,-1,-1
94,6,444,552,50,50,1,-1,-1,-1
94,7,422,1185,50,50,1,-1,-1,-1
95,1,541,523,50,50,1,-1,-1,-1
95,2,639,952,50,50,1,-1,-1,-1
95,3,654,812,50,50,1,-1,-1,-1
95,6,435,575,50,50,1,-1,-1,-1
95,7,436,1213,50,50,1,-1,-1,-1
96,1,548,506,50,50,1,-1,-1,-1
96,2,522,743,50,50,1,-1,-1,-1
96,3,656,870,50,50,1,-1,-1,-1
96,6,427,603,50,50,1,-1,-1,-1
96,7,441,1216,50,50,1,-1,-1,-1
97,1,565,497,50,50,1,-1,-1,-1
97,2,515,691,50,50,1,-1,-1,-1
97,3,657,933,50,50,1,-1,-1,-1
97,6,418,636,50,50,1,-1,-1,-1
97,7,443,1181,50,50,1,-1,-1,-1
98,1,570,489,50,50,1,-1,-1,-1
98,2,538,645,50,50,1,-1,-1,-1
98,3,652,971,50,50,1,-1,-1,-1
98,6,408,682,50,50,1,-1,-1,-1
98,7,460,1117,50,50,1,-1,-1,-1
99,1,576,490,50,50,1,-1,-1,-1
99,2,531,606,50,50,1,-1,-1,-1
99,3,636,997,50,50,1,-1,-1,-1
99,6,399,730,50,50,1,-1,-1,-1
99,7,473,1032,50,50,1,-1,-1,-1
100,1,580,494,50,50,1,-1,-1,-1
100,3,639,1026,50,50,1,-1,-1,-1
100,6,391,783,50,50,1,-1,-1,-1
100,7,476,957,50,50,1,-1,-1,-1
101,1,587,504,50,50,1,-1,-1,-1
101,2,439,1000,50,50,1,-1,-1,-1
101,3,620,1082,50,50,1,-1,-1,-1
101,6,381,844,50,50,1,-1,-1,-1
101,7,481,883,50,50,1,-1,-1,-1
102,1,592,520,50,50,1,-1,-1,-1
102,3,596,1145,50,50,1,-1,-1,-1
102,6,371,906,50,50,1,-1,-1,-1
102,7,487,822,50,50,1,-1,-1,-1
103,1,590,542,50,50,1,-1,-1,-1
103,2,470,501,50,50,1,-1,-1,-1
103,3,581,1179,50,50,1,-1,-1,-1
103,6,331,976,50,50,1,-1,-1,-1
103,7,501,760,50,50,1,-1,-1,-1
104,1,591,570,50,50,1,-1,-1,-1
104,2,491,491,50,50,1,-1,-1,-1
104,3,562,1178,50,50,1,-1,-1,-1
104,6,338,1037,50,50,1,-1,-1,-1
104,7,508,705,50,50,1,-1,-1,-1
105,1,609,605,50,50,1,-1,-1,-1
105,2,483,485,50,50,1,-1,-1,-1
105,3,551,1137,50,50,1,-1,-1,-1
105,6,344,1076,50,50,1,-1,-1,-1
105,7,515,662,50,50,1,-1,-1,-1
106,1,614,643,50,50,1,-1,-1,-1
106,2,475,485,50,50,1,-1,-1,-1
106,3,545,1072,50,50,1,-1,-1,-1
106,6,371,1095,50,50,1,-1,-1,-1
107,1,590,685,50,50,1,-1,-1,-1
107,2,470,491,50,50,1,-1,-1,-1
107,3,537,1007,50,50,1,-1,-1,-1
107,6,388,1130,50,50,1,-1,-1,-1
108,1,624,731,50,50,1,-1,-1,-1
108,2,431,503,50,50,1,-1,-1,-1
108,3,541,932,50,50,1,-1,-1,-1
108,6,393,1182,50,50,1,-1,-1,-1
108,7,532,550,50,50,1,-1,-1,-1
109,1,629,781,50,50,1,-1,-1,-1
109,2,452,520,50,50,1,-1,-1,-1
109,3,527,866,50,50,1,-1,-1,-1
109,6,407,1210,50,50,1,-1,-1,-1
109,7,605,929,50,50,1,-1,-1,-1
110,1,634,840,50,50,1,-1,-1,-1
110,2,446,540,50,50,1,-1,-1,-1
110,3,526,805,50,50,1,-1,-1,-1
110,6,418,1227,50,50,1,-1,-1,-1
110,7,543,503,50,50,1,-1,-1,-1
111,1,638,902,50,50,1,-1,-1,-1
111,2,438,571,50,50,1,-1,-1,-1
111,3,519,750,50,50,1,-1,-1,-1
111,6,421,1232,50,50,1,-1,-1,-1
111,7,546,490,50,50,1,-1,-1,-1
112,1,635,953,50,50,1,-1,-1,-1
112,2,430,606,50,50,1,-1,-1,-1
112,3,511,700,50,50,1,-1,-1,-1
112,6,437,1189,50,50,1,-1,-1,-1
112,7,552,474,50,50,1,-1,-1,-1
113,1,631,981,50,50,1,-1,-1,-1
113,3,504,658,50,50,1,-1,-1,-1
113,6,457,1125,50,50,1,-1,-1,-1
113,7,561,475,50,50,1,-1,-1,-1
114,1,623,1018,50,50,1,-1,-1,-1
114,2,415,695,50,50,1,-1,-1,-1
114,3,494,619,50,50,1,-1,-1,-1
114,6,460,1047,50,50,1,-1,-1,-1
114,7,567,479,50,50,1,-1,-1,-1
115,1,623,1073,50,50,1,-1,-1,-1
115,2,408,749,50,50,1,-1,-1,-1
115,3,487,583,50,50,1,-1,-1,-1
115,6,473,967,50,50,1,-1,-1,-1
115,7,574,485,50,50,1,-1,-1,-1
116,1,607,1133,50,50,1,-1,-1,-1
116,2,400,805,50,50,1,-1,-1,-1
116,3,480,554,50,50,1,-1,-1,-1
116,6,469,892,50,50,1,-1,-1,-1
116,7,579,496,50,50,1,-1,-1,-1
117,1,586,1174,50,50,1,-1,-1,-1
117,2,393,870,50,50,1,-1,-1,-1
117,3,469,530,50,50,1,-1,-1,-1
117,7,585,516,50,50,1,-1,-1,-1
118,1,567,1186,50,50,1,-1,-1,-1
118,2,384,944,50,50,1,-1,-1,-1
118,3,455,517,50,50,1,-1,-1,-1
118,6,491,773,50,50,1,-1,-1,-1
118,7,588,550,50,50,1,-1,-1,-1
119,1,551,1166,50,50,1,-1,-1,-1
119,2,369,982,50,50,1,-1,-1,-1
119,3,451,505,50,50,1,-1,-1,-1
119,6,497,720,50,50,1,-1,-1,-1
119,7,593,575,50,50,1,-1,-1,-1
120,1,541,1119,50,50,1,-1,-1,-1
120,2,364,1009,50,50,1,-1,-1,-1
120,3,445,501,50,50,1,-1,-1,-1
120,6,472,672,50,50,1,-1,-1,-1
120,7,604,611,50,50,1,-1,-1,-1
121,1,534,1054,50,50,1,-1,-1,-1
121,2,379,1041,50,50,1,-1,-1,-1
121,3,438,501,50,50,1,-1,-1,-1
121,6,479,627,50,50,1,-1,-1,-1
121,7,610,654,50,50,1,-1,-1,-1
122,1,528,981,50,50,1,-1,-1,-1
122,2,392,1076,50,50,1,-1,-1,-1
122,3,430,507,50,50,1,-1,-1,-1
122,6,486,592,50,50,1,-1,-1,-1
122,7,616,702,50,50,1,-1,-1,-1
123,1,531,914,50,50,1,-1,-1,-1
123,2,399,1126,50,50,1,-1,-1,-1
123,3,423,518,50,50,1,-1,-1,-1
123,6,521,557,50,50,1,-1,-1,-1
123,7,619,751,50,50,1,-1,-1,-1
124,1,515,855,50,50,1,-1,-1,-1
124,2,409,1179,50,50,1,-1,-1,-1
124,3,415,537,50,50,1,-1,-1,-1
124,6,527,530,50,50,1,-1,-1,-1
124,7,627,807,50,50,1,-1,-1,-1
125,1,516,794,50,50,1,-1,-1,-1
125,2,410,1207,50,50,1,-1,-1,-1
125,3,407,562,50,50,1,-1,-1,-1
125,6,534,514,50,50,1,-1,-1,-1
125,7,632,868,50,50,1,-1,-1,-1
126,1,507,740,50,50,1,-1,-1,-1
126,2,412,1209,50,50,1,-1,-1,-1
126,3,398,591,50,50,1,-1,-1,-1
126,6,540,499,50,50,1,-1,-1,-1
126,7,637,929,50,50,1,-1,-1,-1
127,1,499,694,50,50,1,-1,-1,-1
127,2,416,1180,50,50,1,-1,-1,-1
127,3,388,627,50,50,1,-1,-1,-1
127,6,544,487,50,50,1,-1,-1,-1
127,7,636,962,50,50,1,-1,-1,-1
128,1,491,655,50,50,1,-1,-1,-1
128,2,425,1112,50,50,1,-1,-1,-1
128,3,380,670,50,50,1,-1,-1,-1
128,6,552,486,50,50,1,-1,-1,-1
128,7,621,993,50,50,1,-1,-1,-1
129,1,483,621,50,50,1,-1,-1,-1
129,2,439,1041,50,50,1,-1,-1,-1
129,3,375,716,50,50,1,-1,-1,-1
129,6,559,488,50,50,1,-1,-1,-1
129,7,616,1040,50,50,1,-1,-1,-1
130,1,474,592,50,50,1,-1,-1,-1
130,2,446,974,50,50,1,-1,-1,-1
130,3,340,767,50,50,1,-1,-1,-1
130,6,565,498,50,50,1,-1,-1,-1
130,7,595,1098,50,50,1,-1,-1,-1
131,1,466,566,50,50,1,-1,-1,-1
131,3,361,830,50,50,1,-1,-1,-1
131,6,571,511,50,50,1,-1,-1,-1
131,7,576,1153,50,50,1,-1,-1,-1
132,1,459,549,50,50,1,-1,-1,-1
132,2,432,839,50,50,1,-1,-1,-1
132,3,400,990,50,50,1,-1,-1,-1
132,6,578,536,50,50,1,-1,-1,-1
132,7,564,1190,50,50,1,-1,-1,-1
133,1,450,538,50,50,1,-1,-1,-1
133,2,440,780,50,50,1,-1,-1,-1
133,3,334,962,50,50,1,-1,-1,-1
133,6,553,559,50,50,1,-1,-1,-1
133,7,541,1189,50,50,1,-1,-1,-1
134,1,441,531,50,50,1,-1,-1,-1
134,2,478,730,50,50,1,-1,-1,-1
134,3,331,1007,50,50,1,-1,-1,-1
134,6,590,589,50,50,1,-1,-1,-1
134,7,530,1157,50,50,1,-1,-1,-1
135,1,433,529,50,50,1,-1,-1,-1
135,2,486,684,50,50,1,-1,-1,-1
135,6,596,626,50,50,1,-1,-1,-1
135,7,520,1099,50,50,1,-1,-1,-1
136,1,423,529,50,50,1,-1,-1,-1
136,2,495,641,50,50,1,-1,-1,-1
136,3,341,1077,50,50,1,-1,-1,-1
136,6,602,667,50,50,1,-1,-1,-1
136,7,501,1027,50,50,1,-1,-1,-1
137,1,413,543,50,50,1,-1,-1,-1
137,2,502,602,50,50,1,-1,-1,-1
137,3,360,1130,50,50,1,-1,-1,-1
137,6,608,718,50,50,1,-1,-1,-1
137,7,510,957,50,50,1,-1,-1,-1
138,1,403,560,50,50,1,-1,-1,-1
138,3,377,1173,50,50,1,-1,-1,-1
138,6,614,767,50,50,1,-1,-1,-1
138,7,509,890,50,50,1,-1,-1,-1
139,1,400,581,50,50,1,-1,-1,-1
139,2,519,547,50,50,1,-1,-1,-1
139,3,394,1201,50,50,1,-1,-1,-1
139,6,621,831,50,50,1,-1,-1,-1
139,7,501,828,50,50,1,-1,-1,-1
139,8,607,943,50,50,1,-1,-1,-1
140,1,365,612,50,50,1,-1,-1,-1
140,2,528,529,50,50,1,-1,-1,-1
140,3,403,1211,50,50,1,-1,-1,-1
140,6,627,897,50,50,1,-1,-1,-1
140,7,502,772,50,50,1,-1,-1,-1
141,1,387,646,50,50,1,-1,-1,-1
141,2,536,516,50,50,1,-1,-1,-1
141,3,410,1187,50,50,1,-1,-1,-1
141,6,625,971,50,50,1,-1,-1,-1
141,7,495,724,50,50,1,-1,-1,-1
142,1,350,680,50,50,1,-1,-1,-1
142,2,540,503,50,50,1,-1,-1,-1
142,3,414,1136,50,50,1,-1,-1,-1
142,6,592,1008,50,50,1,-1,-1,-1
142,7,488,676,50,50,1,-1,-1,-1
143,1,365,724,50,50,1,-1,-1,-1
143,2,549,503,50,50,1,-1,-1,-1
143,3,432,1059,50,50,1,-1,-1,-1
143,6,621,1059,50,50,1,-1,-1,-1
143,7,480,639,50,50,1,-1,-1,-1
144,1,364,773,50,50,1,-1,-1,-1
144,2,559,505,50,50,1,-1,-1,-1
144,3,431,991,50,50,1,-1,-1,-1
144,6,603,1108,50,50,1,-1,-1,-1
144,7,471,606,50,50,1,-1,-1,-1
145,1,356,828,50,50,1,-1,-1,-1
145,3,434,921,50,50,1,-1,-1,-1
145,6,583,1161,50,50,1,-1,-1,-1
145,7,468,577,50,50,1,-1,-1,-1
146,1,337,887,50,50,1,-1,-1,-1
146,3,446,857,50,50,1,-1,-1,-1
146,6,554,1196,50,50,1,-1,-1,-1
146,7,460,555,50,50,1,-1,-1,-1
146,8,404,999,50,50,1,-1,-1,-1
147,1,342,950,50,50,1,-1,-1,-1
147,2,586,553,50,50,1,-1,-1,-1
147,3,456,800,50,50,1,-1,-1,-1
147,6,552,1201,50,50,1,-1,-1,-1
147,7,452,536,50,50,1,-1,-1,-1
148,1,333,1017,50,50,1,-1,-1,-1
148,2,594,576,50,50,1,-1,-1,-1
148,3,478,746,50,50,1,-1,-1,-1
148,6,531,1176,50,50,1,-1,-1,-1
148,7,445,524,50,50,1,-1,-1,-1
149,1,316,1066,50,50,1,-1,-1,-1
149,2,601,610,50,50,1,-1,-1,-1
149,3,484,697,50,50,1,-1,-1,-1
149,6,534,1135,50,50,1,-1,-1,-1
149,7,438,521,50,50,1,-1,-1,-1
150,1,355,1090,50,50,1,-1,-1,-1
150,2,611,651,50,50,1,-1,-1,-1
150,3,495,657,50,50,1,-1,-1,-1
150,6,523,1070,50,50,1,-1,-1,-1
150,7,433,525,50,50,1,-1,-1,-1
151,2,619,694,50,50,1,-1,-1,-1
151,3,502,617,50,50,1,-1,-1,-1
151,6,524,990,50,50,1,-1,-1,-1
151,7,425,527,50,50,1,-1,-1,-1
152,1,349,1179,50,50,1,-1,-1,-1
152,2,626,744,50,50,1,-1,-1,-1
152,3,513,587,50,50,1,-1,-1,-1
152,6,528,918,50,50,1,-1,-1,-1
152,7,421,540,50,50,1,-1,-1,-1
153,1,373,1204,50,50,1,-1,-1,-1
153,2,635,797,50,50,1,-1,-1,-1
153,3,519,558,50,50,1,-1,-1,-1
153,6,521,849,50,50,1,-1,-1,-1
153,7,415,562,50,50,1,-1,-1,-1
153,8,593,929,50,50,1,-1,-1,-1
154,1,392,1215,50,50,1,-1,-1,-1
154,2,611,859,50,50,1,-1,-1,-1
154,3,526,539,50,50,1,-1,-1,-1
154,6,518,793,50,50,1,-1,-1,-1
154,7,404,583,50,50,1,-1,-1,-1
155,1,407,1202,50,50,1,-1,-1,-1
155,2,620,923,50,50,1,-1,-1,-1
155,3,537,524,50,50,1,-1,-1,-1
155,6,513,738,50,50,1,-1,-1,-1
155,7,402,615,50,50,1,-1,-1,-1
156,1,412,1170,50,50,1,-1,-1,-1
156,2,671,973,50,50,1,-1,-1,-1
156,3,544,518,50,50,1,-1,-1,-1
156,7,396,648,50,50,1,-1,-1,-1
157,1,423,1098,50,50,1,-1,-1,-1
157,2,639,1057,50,50,1,-1,-1,-1
157,3,550,512,50,50,1,-1,-1,-1
157,7,389,686,50,50,1,-1,-1,-1
158,1,455,1018,50,50,1,-1,-1,-1
158,2,615,1056,50,50,1,-1,-1,-1
158,3,553,515,50,50,1,-1,-1,-1
158,6,498,614,50,50,1,-1,-1,-1
158,7,384,734,50,50,1,-1,-1,-1
159,1,465,949,50,50,1,-1,-1,-1
159,2,604,1089,50,50,1,-1,-1,-1
159,3,568,521,50,50,1,-1,-1,-1
159,7,371,782,50,50,1,-1,-1,-1
160,1,463,890,50,50,1,-1,-1,-1
160,2,584,1136,50,50,1,-1,-1,-1
160,3,585,539,50,50,1,-1,-1,-1
160,7,373,837,50,50,1,-1,-1,-1
161,1,471,816,50,50,1,-1,-1,-1
161,2,564,1175,50,50,1,-1,-1,-1
161,3,594,555,50,50,1,-1,-1,-1
161,6,486,542,50,50,1,-1,-1,-1
161,7,365,898,50,50,1,-1,-1,-1
162,1,493,763,50,50,1,-1,-1,-1
162,2,554,1187,50,50,1,-1,-1,-1
162,3,603,580,50,50,1,-1,-1,-1
162,6,479,534,50,50,1,-1,-1,-1
162,7,331,960,50,50,1,-1,-1,-1
163,1,503,713,50,50,1,-1,-1,-1
163,2,550,1166,50,50,1,-1,-1,-1
163,3,611,610,50,50,1,-1,-1,-1
163,6,474,524,50,50,1,-1,-1,-1
163,7,340,1026,50,50,1,-1,-1,-1
164,1,512,668,50,50,1,-1,-1,-1
164,2,548,1116,50,50,1,-1,-1,-1
164,3,622,647,50,50,1,-1,-1,-1
164,6,470,522,50,50,1,-1,-1,-1
164,7,378,1095,50,50,1,-1,-1,-1
165,1,521,629,50,50,1,-1,-1,-1
165,2,548,1045,50,50,1,-1,-1,-1
165,3,628,688,50,50,1,-1,-1,-1
165,6,464,522,50,50,1,-1,-1,-1
165,7,345,1115,50,50,1,-1,-1,-1
166,1,531,594,50,50,1,-1,-1,-1
166,2,552,957,50,50,1,-1,-1,-1
166,3,640,738,50,50,1,-1,-1,-1
167,1,540,566,50,50,1,-1,-1,-1
167,2,545,894,50,50,1,-1,-1,-1
167,3,643,786,50,50,1,-1,-1,-1
167,7,387,1188,50,50,1,-1,-1,-1
168,1,549,544,50,50,1,-1,-1,-1
168,2,540,830,50,50,1,-1,-1,-1
168,3,657,842,50,50,1,-1,-1,-1
168,6,450,569,50,50,1,-1,-1,-1
168,7,410,1201,50,50,1,-1,-1,-1
168,9,599,1015,50,50,1,-1,-1,-1
169,1,559,527,50,50,1,-1,-1,-1
169,2,533,770,50,50,1,-1,-1,-1
169,3,652,907,50,50,1,-1,-1,-1
169,6,443,597,50,50,1,-1,-1,-1
169,7,429,1183,50,50,1,-1,-1,-1
170,1,567,516,50,50,1,-1,-1,-1
170,2,496,712,50,50,1,-1,-1,-1
170,3,658,961,50,50,1,-1,-1,-1
170,7,445,1139,50,50,1,-1,-1,-1
171,1,577,507,50,50,1,-1,-1,-1
171,2,521,660,50,50,1,-1,-1,-1
171,3,663,1002,50,50,1,-1,-1,-1
171,7,462,1048,50,50,1,-1,-1,-1
172,1,584,503,50,50,1,-1,-1,-1
172,2,483,616,50,50,1,-1,-1,-1
172,3,661,1035,50,50,1,-1,-1,-1
172,6,433,714,50,50,1,-1,-1,-1
172,7,472,996,50,50,1,-1,-1,-1
173,1,594,510,50,50,1,-1,-1,-1
173,2,508,575,50,50,1,-1,-1,-1
173,3,647,1079,50,50,1,-1,-1,-1
173,6,429,768,50,50,1,-1,-1,-1
173,7,480,921,50,50,1,-1,-1,-1
174,1,604,522,50,50,1,-1,-1,-1
174,2,499,541,50,50,1,-1,-1,-1
174,3,639,1123,50,50,1,-1,-1,-1
174,6,423,822,50,50,1,-1,-1,-1
175,1,613,537,50,50,1,-1,-1,-1
175,2,494,511,50,50,1,-1,-1,-1
175,6,406,880,50,50,1,-1,-1,-1
175,7,485,794,50,50,1,-1,-1,-1
176,1,622,558,50,50,1,-1,-1,-1
176,2,486,490,50,50,1,-1,-1,-1
176,3,557,1125,50,50,1,-1,-1,-1
176,6,415,948,50,50,1,-1,-1,-1
176,7,514,757,50,50,1,-1,-1,-1
177,1,630,580,50,50,1,-1,-1,-1
177,2,481,476,50,50,1,-1,-1,-1
177,3,584,1149,50,50,1,-1,-1,-1
177,6,398,1014,50,50,1,-1,-1,-1
177,7,494,704,50,50,1,-1,-1,-1
178,1,639,615,50,50,1,-1,-1,-1
178,2,472,463,50,50,1,-1,-1,-1
178,3,583,1098,50,50,1,-1,-1,-1
178,6,399,1047,50,50,1,-1,-1,-1
178,7,532,668,50,50,1,-1,-1,-1
179,1,648,649,50,50,1,-1,-1,-1
179,2,460,458,50,50,1,-1,-1,-1
179,3,578,1026,50,50,1,-1,-1,-1
179,6,403,1101,50,50,1,-1,-1,-1
179,7,540,631,50,50,1,-1,-1,-1
180,1,656,690,50,50,1,-1,-1,-1
180,2,459,459,50,50,1,-1,-1,-1
180,3,570,953,50,50,1,-1,-1,-1
180,6,421,1143,50,50,1,-1,-1,-1
180,7,545,600,50,50,1,-1,-1,-1
181,1,665,734,50,50,1,-1,-1,-1
181,2,453,468,50,50,1,-1,-1,-1
181,3,565,884,50,50,1,-1,-1,-1
181,6,422,1188,50,50,1,-1,-1,-1
181,7,556,578,50,50,1,-1,-1,-1
182,1,673,791,50,50,1,-1,-1,-1
182,2,441,479,50,50,1,-1,-1,-1
182,3,561,815,50,50,1,-1,-1,-1
182,6,433,1213,50,50,1,-1,-1,-1
182,7,538,560,50,50,1,-1,-1,-1
183,1,681,851,50,50,1,-1,-1,-1
183,2,440,501,50,50,1,-1,-1,-1
183,3,551,760,50,50,1,-1,-1,-1
183,6,452,1215,50,50,1,-1,-1,-1
183,7,565,545,50,50,1,-1,-1,-1
184,1,679,909,50,50,1,-1,-1,-1
184,2,433,524,50,50,1,-1,-1,-1
184,3,544,705,50,50,1,-1,-1,-1
184,6,449,1200,50,50,1,-1,-1,-1
184,7,577,532,50,50,1,-1,-1,-1
185,1,686,953,50,50,1,-1,-1,-1
185,2,427,558,50,50,1,-1,-1,-1
185,3,536,656,50,50,1,-1,-1,-1
185,6,472,1149,50,50,1,-1,-1,-1
185,7,585,536,50,50,1,-1,-1,-1
186,1,673,983,50,50,1,-1,-1,-1
186,2,391,584,50,50,1,-1,-1,-1
186,6,473,1091,50,50,1,-1,-1,-1
186,7,594,541,50,50,1,-1,-1,-1
187,1,669,1011,50,50,1,-1,-1,-1
187,2,414,633,50,50,1,-1,-1,-1
187,6,491,1010,50,50,1,-1,-1,-1
187,7,603,550,50,50,1,-1,-1,-1
188,2,407,678,50,50,1,-1,-1,-1
188,3,505,542,50,50,1,-1,-1,-1
188,6,498,944,50,50,1,-1,-1,-1
188,7,611,567,50,50,1,-1,-1,-1
189,1,637,1106,50,50,1,-1,-1,-1
189,2,401,730,50,50,1,-1,-1,-1
189,3,493,518,50,50,1,-1,-1,-1
189,6,497,867,50,50,1,-1,-1,-1
189,7,618,587,50,50,1,-1,-1,-1
190,1,615,1146,50,50,1,-1,-1,-1
190,2,365,786,50,50,1,-1,-1,-1
190,3,483,498,50,50,1,-1,-1,-1
190,6,498,799,50,50,1,-1,-1,-1
190,7,623,611,50,50,1,-1,-1,-1
190,9,432,917,50,50,1,-1,-1,-1
191,1,605,1128,50,50,1,-1,-1,-1
191,2,391,852,50,50,1,-1,-1,-1
191,3,478,486,50,50,1,-1,-1,-1
191,6,519,753,50,50,1,-1,-1,-1
191,7,635,643,50,50,1,-1,-1,-1
192,1,598,1085,50,50,1,-1,-1,-1
192,2,384,924,50,50,1,-1,-1,-1
192,3,468,472,50,50,1,-1,-1,-1
192,6,527,703,50,50,1,-1,-1,-1
192,7,642,676,50,50,1,-1,-1,-1
193,1,591,1020,50,50,1,-1,-1,-1
193,2,373,970,50,50,1,-1,-1,-1
193,3,458,471,50,50,1,-1,-1,-1
193,6,533,657,50,50,1,-1,-1,-1
193,7,648,717,50,50,1,-1,-1,-1
194,1,596,947,50,50,1,-1,-1,-1
194,2,383,993,50,50,1,-1,-1,-1
194,3,451,473,50,50,1,-1,-1,-1
194,6,541,618,50,50,1,-1,-1,-1
194,7,657,760,50,50,1,-1,-1,-1
195,1,558,891,50,50,1,-1,-1,-1
195,2,380,1025,50,50,1,-1,-1,-1
195,3,443,483,50,50,1,-1,-1,-1
195,6,548,584,50,50,1,-1,-1,-1
195,7,663,810,50,50,1,-1,-1,-1
196,1,578,831,50,50,1,-1,-1,-1
196,2,393,1087,50,50,1,-1,-1,-1
196,3,429,497,50,50,1,-1,-1,-1
196,6,555,555,50,50,1,-1,-1,-1
197,1,568,776,50,50,1,-1,-1,-1
197,2,413,1131,50,50,1,-1,-1,-1
197,3,410,516,50,50,1,-1,-1,-1
197,6,562,533,50,50,1,-1,-1,-1
197,7,677,923,50,50,1,-1,-1,-1
198,1,560,731,50,50,1,-1,-1,-1
198,2,425,1188,50,50,1,-1,-1,-1
198,3,406,545,50,50,1,-1,-1,-1
198,6,567,509,50,50,1,-1,-1,-1
198,7,683,965,50,50,1,-1,-1,-1
199,1,551,690,50,50,1,-1,-1,-1
199,2,442,1185,50,50,1,-1,-1,-1
199,3,398,578,50,50,1,-1,-1,-1
199,6,574,498,50,50,1,-1,-1,-1
199,7,676,984,50,50,1,-1,-1,-1
200,1,544,657,50,50,1,-1,-1,-1
200,2,465,1152,50,50,1,-1,-1,-1
200,3,394,619,50,50,1,-1,-1,-1
200,6,581,493,50,50,1,-1,-1,-1
200,7,667,1008,50,50,1,-1,-1,-1
201,1,534,626,50,50,1,-1,-1,-1
201,2,464,1062,50,50,1,-1,-1,-1
201,3,380,661,50,50,1,-1,-1,-1
201,6,587,491,50,50,1,-1,-1,-1
201,7,672,1054,50,50,1,-1,-1,-1
202,1,527,603,50,50,1,-1,-1,-1
202,2,481,1001,50,50,1,-1,-1,-1
202,3,374,713,50,50,1,-1,-1,-1
202,6,592,486,50,50,1,-1,-1,-1
202,7,658,1102,50,50,1,-1,-1,-1
203,1,518,584,50,50,1,-1,-1,-1
203,2,458,935,50,50,1,-1,-1,-1
203,3,368,769,50,50,1,-1,-1,-1
203,6,602,509,50,50,1,-1,-1,-1
203,7,632,1150,50,50,1,-1,-1,-1
204,1,508,568,50,50,1,-1,-1,-1
204,2,484,865,50,50,1,-1,-1,-1
204,3,329,828,50,50,1,-1,-1,-1
204,6,609,524,50,50,1,-1,-1,-1
204,7,602,1178,50,50,1,-1,-1,-1
205,1,499,561,50,50,1,-1,-1,-1
205,2,494,820,50,50,1,-1,-1,-1
205,3,319,897,50,50,1,-1,-1,-1
205,7,584,1181,50,50,1,-1,-1,-1
206,1,487,557,50,50,1,-1,-1,-1
206,2,504,757,50,50,1,-1,-1,-1
206,3,332,971,50,50,1,-1,-1,-1
206,6,623,575,50,50,1,-1,-1,-1
206,7,574,1147,50,50,1,-1,-1,-1
207,1,479,558,50,50,1,-1,-1,-1
207,2,479,707,50,50,1,-1,-1,-1
207,3,316,1019,50,50,1,-1,-1,-1
207,6,629,601,50,50,1,-1,-1,-1
207,7,569,1092,50,50,1,-1,-1,-1
208,1,473,567,50,50,1,-1,-1,-1
208,2,516,666,50,50,1,-1,-1,-1
208,3,349,1047,50,50,1,-1,-1,-1
208,6,637,642,50,50,1,-1,-1,-1
208,7,547,1025,50,50,1,-1,-1,-1
209,1,465,582,50,50,1,-1,-1,-1
209,3,346,1095,50,50,1,-1,-1,-1
209,6,614,690,50,50,1,-1,-1,-1
209,7,563,955,50,50,1,-1,-1,-1
210,2,526,594,50,50,1,-1,-1,-1
210,3,359,1139,50,50,1,-1,-1,-1
210,6,649,734,50,50,1,-1,-1,-1
210,7,556,888,50,50,1,-1,-1,-1
211,1,447,627,50,50,1,-1,-1,-1
211,2,532,566,50,50,1,-1,-1,-1
211,3,367,1178,50,50,1,-1,-1,-1
211,6,654,786,50,50,1,-1,-1,-1
211,7,545,828,50,50,1,-1,-1,-1
212,1,439,657,50,50,1,-1,-1,-1
212,2,538,543,50,50,1,-1,-1,-1
212,3,406,1207,50,50,1,-1,-1,-1
212,6,662,847,50,50,1,-1,-1,-1
212,7,538,774,50,50,1,-1,-1,-1
213,2,543,527,50,50,1,-1,-1,-1
213,3,415,1143,50,50,1,-1,-1,-1
213,6,668,907,50,50,1,-1,-1,-1
213,7,527,722,50,50,1,-1,-1,-1
214,2,547,516,50,50,1,-1,-1,-1
214,3,415,1159,50,50,1,-1,-1,-1
214,6,643,951,50,50,1,-1,-1,-1
214,7,516,677,50,50,1,-1,-1,-1
215,1,414,779,50,50,1,-1,-1,-1
215,2,552,510,50,50,1,-1,-1,-1
215,3,437,1102,50,50,1,-1,-1,-1
215,6,652,980,50,50,1,-1,-1,-1
215,7,509,639,50,50,1,-1,-1,-1
216,1,406,833,50,50,1,-1,-1,-1
216,2,557,511,50,50,1,-1,-1,-1
216,3,454,1017,50,50,1,-1,-1,-1
216,6,634,1033,50,50,1,-1,-1,-1
216,7,499,603,50,50,1,-1,-1,-1
217,1,398,888,50,50,1,-1,-1,-1
217,2,564,520,50,50,1,-1,-1,-1
217,6,610,1086,50,50,1,-1,-1,-1
218,1,388,950,50,50,1,-1,-1,-1
218,2,570,532,50,50,1,-1,-1,-1
218,3,462,879,50,50,1,-1,-1,-1
218,6,579,1157,50,50,1,-1,-1,-1
219,1,379,1010,50,50,1,-1,-1,-1
219,2,575,548,50,50,1,-1,-1,-1
219,3,459,813,50,50,1,-1,-1,-1
219,6,558,1181,50,50,1,-1,-1,-1
219,7,465,536,50,50,1,-1,-1,-1
220,2,581,572,50,50,1,-1,-1,-1
220,3,469,758,50,50,1,-1,-1,-1
220,6,542,1176,50,50,1,-1,-1,-1
220,7,459,526,50,50,1,-1,-1,-1
221,2,558,607,50,50,1,-1,-1,-1
221,3,475,705,50,50,1,-1,-1,-1
221,6,534,1140,50,50,1,-1,-1,-1
221,7,452,519,50,50,1,-1,-1,-1
222,1,364,1113,50,50,1,-1,-1,-1
222,3,479,659,50,50,1,-1,-1,-1
222,6,524,1082,50,50,1,-1,-1,-1
222,7,441,521,50,50,1,-1,-1,-1
223,1,374,1163,50,50,1,-1,-1,-1
223,2,598,682,50,50,1,-1,-1,-1
223,3,487,616,50,50,1,-1,-1,-1
223,6,517,1012,50,50,1,-1,-1,-1
223,7,426,522,50,50,1,-1,-1,-1
224,1,386,1201,50,50,1,-1,-1,-1
224,2,604,728,50,50,1,-1,-1,-1
224,3,491,579,50,50,1,-1,-1,-1
224,6,522,931,50,50,1,-1,-1,-1
225,1,402,1211,50,50,1,-1,-1,-1
225,2,607,780,50,50,1,-1,-1,-1
225,6,499,864,50,50,1,-1,-1,-1
225,7,415,556,50,50,1,-1,-1,-1
226,1,411,1201,50,50,1,-1,-1,-1
226,2,614,836,50,50,1,-1,-1,-1
226,3,495,525,50,50,1,-1,-1,-1
226,7,403,578,50,50,1,-1,-1,-1
227,1,421,1167,50,50,1,-1,-1,-1
227,2,619,894,50,50,1,-1,-1,-1
227,3,506,505,50,50,1,-1,-1,-1
227,6,496,759,50,50,1,-1,-1,-1
227,7,395,609,50,50,1,-1,-1,-1
228,1,439,1081,50,50,1,-1,-1,-1
228,2,608,962,50,50,1,-1,-1,-1
228,3,512,490,50,50,1,-1,-1,-1
228,6,487,712,50,50,1,-1,-1,-1
228,7,383,640,50,50,1,-1,-1,-1
229,1,438,1027,50,50,1,-1,-1,-1
229,2,616,1004,50,50,1,-1,-1,-1
229,3,514,484,50,50,1,-1,-1,-1
229,6,479,670,50,50,1,-1,-1,-1
229,7,371,682,50,50,1,-1,-1,-1
230,1,431,946,50,50,1,-1,-1,-1
230,3,522,481,50,50,1,-1,-1,-1
230,6,468,629,50,50,1,-1,-1,-1
230,7,360,727,50,50,1,-1,-1,-1
231,1,454,878,50,50,1,-1,-1,-1
231,2,589,1101,50,50,1,-1,-1,-1
231,3,528,485,50,50,1,-1,-1,-1
231,6,461,597,50,50,1,-1,-1,-1
231,7,347,779,50,50,1,-1,-1,-1
232,1,465,816,50,50,1,-1,-1,-1
232,2,567,1150,50,50,1,-1,-1,-1
232,3,530,493,50,50,1,-1,-1,-1
232,6,451,572,50,50,1,-1,-1,-1
232,7,350,837,50,50,1,-1,-1,-1
233,1,481,764,50,50,1,-1,-1,-1
233,2,545,1183,50,50,1,-1,-1,-1
233,3,547,507,50,50,1,-1,-1,-1
233,6,443,554,50,50,1,-1,-1,-1
233,7,340,896,50,50,1,-1,-1,-1
234,1,484,710,50,50,1,-1,-1,-1
234,2,543,1195,50,50,1,-1,-1,-1
234,3,551,526,50,50,1,-1,-1,-1
234,6,423,521,50,50,1,-1,-1,-1
234,7,331,966,50,50,1,-1,-1,-1
235,1,497,663,50,50,1,-1,-1,-1
235,2,524,1174,50,50,1,-1,-1,-1
235,3,542,554,50,50,1,-1,-1,-1
235,6,413,511,50,50,1,-1,-1,-1
235,7,304,1013,50,50,1,-1,-1,-1
236,1,504,624,50,50,1,-1,-1,-1
236,2,516,1130,50,50,1,-1,-1,-1
236,6,415,529,50,50,1,-1,-1,-1
236,7,314,1058,50,50,1,-1,-1,-1
237,1,511,588,50,50,1,-1,-1,-1
237,2,510,1070,50,50,1,-1,-1,-1
237,6,403,518,50,50,1,-1,-1,-1
237,7,324,1105,50,50,1,-1,-1,-1
238,1,520,556,50,50,1,-1,-1,-1
238,2,501,967,50,50,1,-1,-1,-1
238,3,564,663,50,50,1,-1,-1,-1
238,6,385,528,50,50,1,-1,-1,-1
238,7,361,1152,50,50,1,-1,-1,-1
239,1,527,530,50,50,1,-1,-1,-1
239,2,510,916,50,50,1,-1,-1,-1
239,3,577,710,50,50,1,-1,-1,-1
239,6,389,551,50,50,1,-1,-1,-1
239,7,370,1194,50,50,1,-1,-1,-1
240,1,534,514,50,50,1,-1,-1,-1
240,2,498,853,50,50,1,-1,-1,-1
240,3,574,763,50,50,1,-1,-1,-1
240,6,381,570,50,50,1,-1,-1,-1
241,1,541,501,50,50,1,-1,-1,-1
241,2,525,949,50,50,1,-1,-1,-1
241,3,585,823,50,50,1,-1,-1,-1
241,6,372,594,50,50,1,-1,-1,-1
241,7,408,1208,50,50,1,-1,-1,-1
242,1,544,486,50,50,1,-1,-1,-1
242,2,496,735,50,50,1,-1,-1,-1
242,3,566,884,50,50,1,-1,-1,-1
242,6,364,625,50,50,1,-1,-1,-1
242,7,421,1179,50,50,1,-1,-1,-1
243,1,553,486,50,50,1,-1,-1,-1
243,2,490,686,50,50,1,-1,-1,-1
243,3,587,957,50,50,1,-1,-1,-1
243,6,356,661,50,50,1,-1,-1,-1
243,7,421,1108,50,50,1,-1,-1,-1
244,1,563,490,50,50,1,-1,-1,-1
244,2,484,641,50,50,1,-1,-1,-1
244,6,347,705,50,50,1,-1,-1,-1
244,7,432,1038,50,50,1,-1,-1,-1
245,1,570,496,50,50,1,-1,-1,-1
245,2,479,603,50,50,1,-1,-1,-1
245,3,584,1026,50,50,1,-1,-1,-1
245,6,339,755,50,50,1,-1,-1,-1
245,7,449,972,50,50,1,-1,-1,-1
246,1,571,514,50,50,1,-1,-1,-1
246,2,470,569,50,50,1,-1,-1,-1
246,3,599,1069,50,50,1,-1,-1,-1
246,6,328,811,50,50,1,-1,-1,-1
246,7,446,898,50,50,1,-1,-1,-1
247,1,585,534,50,50,1,-1,-1,-1
247,2,466,542,50,50,1,-1,-1,-1
247,3,570,1135,50,50,1,-1,-1,-1
247,6,321,868,50,50,1,-1,-1,-1
247,7,455,829,50,50,1,-1,-1,-1
248,1,593,559,50,50,1,-1,-1,-1
248,2,460,518,50,50,1,-1,-1,-1
248,6,313,933,50,50,1,-1,-1,-1
248,7,470,772,50,50,1,-1,-1,-1
249,1,599,589,50,50,1,-1,-1,-1
249,2,451,501,50,50,1,-1,-1,-1
249,3,547,1165,50,50,1,-1,-1,-1
249,6,292,997,50,50,1,-1,-1,-1
249,7,478,725,50,50,1,-1,-1,-1
250,1,604,626,50,50,1,-1,-1,-1
250,2,446,494,50,50,1,-1,-1,-1
250,3,541,1135,50,50,1,-1,-1,-1
250,6,313,1052,50,50,1,-1,-1,-1
250,7,484,672,50,50,1,-1,-1,-1
251,1,615,670,50,50,1,-1,-1,-1
251,2,440,490,50,50,1,-1,-1,-1
251,3,529,1071,50,50,1,-1,-1,-1
251,6,320,1083,50,50,1,-1,-1,-1
251,7,494,627,50,50,1,-1,-1,-1
252,1,622,717,50,50,1,-1,-1,-1
252,2,432,483,50,50,1,-1,-1,-1
252,3,533,1011,50,50,1,-1,-1,-1
252,6,313,1108,50,50,1,-1,-1,-1
252,7,501,590,50,50,1,-1,-1,-1
253,1,629,767,50,50,1,-1,-1,-1
253,2,428,496,50,50,1,-1,-1,-1
253,3,527,939,50,50,1,-1,-1,-1
253,6,335,1149,50,50,1,-1,-1,-1
253,7,509,559,50,50,1,-1,-1,-1
254,1,637,824,50,50,1,-1,-1,-1
254,2,419,508,50,50,1,-1,-1,-1
254,3,525,875,50,50,1,-1,-1,-1
254,6,361,1186,50,50,1,-1,-1,-1
254,7,516,535,50,50,1,-1,-1,-1
255,1,632,887,50,50,1,-1,-1,-1
255,2,416,531,50,50,1,-1,-1,-1
255,3,527,813,50,50,1,-1,-1,-1
255,6,382,1210,50,50,1,-1,-1,-1
255,7,521,516,50,50,1,-1,-1,-1
256,1,622,944,50,50,1,-1,-1,-1
256,2,410,556,50,50,1,-1,-1,-1
256,3,491,758,50,50,1,-1,-1,-1
256,6,399,1218,50,50,1,-1,-1,-1
256,7,529,494,50,50,1,-1,-1,-1
257,1,658,980,50,50,1,-1,-1,-1
257,2,405,583,50,50,1,-1,-1,-1
257,3,503,701,50,50,1,-1,-1,-1
257,6,411,1207,50,50,1,-1,-1,-1
257,7,539,489,50,50,1,-1,-1,-1
258,1,642,1012,50,50,1,-1,-1,-1
258,2,399,618,50,50,1,-1,-1,-1
258,3,508,660,50,50,1,-1,-1,-1
258,6,434,1168,50,50,1,-1,-1,-1
258,7,548,484,50,50,1,-1,-1,-1
259,1,639,1040,50,50,1,-1,-1,-1
259,2,394,661,50,50,1,-1,-1,-1
259,3,499,621,50,50,1,-1,-1,-1
259,6,457,1084,50,50,1,-1,-1,-1
259,7,554,483,50,50,1,-1,-1,-1
260,1,627,1100,50,50,1,-1,-1,-1
260,2,388,707,50,50,1,-1,-1,-1
260,3,492,585,50,50,1,-1,-1,-1
260,6,445,1022,50,50,1,-1,-1,-1
260,7,558,490,50,50,1,-1,-1,-1
261,1,605,1145,50,50,1,-1,-1,-1
261,2,382,758,50,50,1,-1,-1,-1
261,3,484,557,50,50,1,-1,-1,-1
261,6,468,949,50,50,1,-1,-1,-1
262,1,572,1181,50,50,1,-1,-1,-1
262,2,375,816,50,50,1,-1,-1,-1
262,3,473,533,50,50,1,-1,-1,-1
262,7,575,526,50,50,1,-1,-1,-1
263,1,555,1189,50,50,1,-1,-1,-1
263,2,339,883,50,50,1,-1,-1,-1
263,3,467,516,50,50,1,-1,-1,-1
263,6,472,813,50,50,1,-1,-1,-1
263,7,585,551,50,50,1,-1,-1,-1
264,1,546,1174,50,50,1,-1,-1,-1
264,2,365,949,50,50,1,-1,-1,-1
264,3,465,507,50,50,1,-1,-1,-1
264,6,462,758,50,50,1,-1,-1,-1
264,7,592,583,50,50,1,-1,-1,-1
265,1,539,1137,50,50,1,-1,-1,-1
265,2,348,1005,50,50,1,-1,-1,-1
265,3,456,502,50,50,1,-1,-1,-1
265,6,471,705,50,50,1,-1,-1,-1
265,7,600,621,50,50,1,-1,-1,-1
266,1,539,1065,50,50,1,-1,-1,-1
266,2,344,1035,50,50,1,-1,-1,-1
266,3,450,499,50,50,1,-1,-1,-1
266,6,478,662,50,50,1,-1,-1,-1
266,7,607,662,50,50,1,-1,-1,-1
267,1,516,995,50,50,1,-1,-1,-1
267,2,352,1079,50,50,1,-1,-1,-1
267,3,437,504,50,50,1,-1,-1,-1
267,6,486,621,50,50,1,-1,-1,-1
267,7,614,708,50,50,1,-1,-1,-1
268,1,542,925,50,50,1,-1,-1,-1
268,2,364,1134,50,50,1,-1,-1,-1
268,3,434,516,50,50,1,-1,-1,-1
268,6,526,586,50,50,1,-1,-1,-1
268,7,623,762,50,50,1,-1,-1,-1
269,2,370,1177,50,50,1,-1,-1,-1
269,3,425,534,50,50,1,-1,-1,-1
269,6,532,558,50,50,1,-1,-1,-1
269,7,629,821,50,50,1,-1,-1,-1
270,1,530,801,50,50,1,-1,-1,-1
270,2,406,1202,50,50,1,-1,-1,-1
270,3,422,559,50,50,1,-1,-1,-1
270,6,541,533,50,50,1,-1,-1,-1
270,7,636,884,50,50,1,-1,-1,-1
271,1,524,748,50,50,1,-1,-1,-1
271,2,417,1190,50,50,1,-1,-1,-1
271,3,412,590,50,50,1,-1,-1,-1
271,6,550,519,50,50,1,-1,-1,-1
271,7,644,954,50,50,1,-1,-1,-1
272,1,487,699,50,50,1,-1,-1,-1
272,2,430,1148,50,50,1,-1,-1,-1
272,3,405,627,50,50,1,-1,-1,-1
272,6,558,503,50,50,1,-1,-1,-1
272,7,640,1001,50,50,1,-1,-1,-1
273,2,443,1084,50,50,1,-1,-1,-1
273,3,398,670,50,50,1,-1,-1,-1
273,6,565,493,50,50,1,-1,-1,-1
273,7,636,1052,50,50,1,-1,-1,-1
274,1,476,621,50,50,1,-1,-1,-1
274,2,458,998,50,50,1,-1,-1,-1
274,3,383,717,50,50,1,-1,-1,-1
274,6,574,490,50,50,1,-1,-1,-1
274,7,622,1090,50,50,1,-1,-1,-1
275,1,470,590,50,50,1,-1,-1,-1
275,2,464,929,50,50,1,-1,-1,-1
275,3,360,771,50,50,1,-1,-1,-1
275,6,581,490,50,50,1,-1,-1,-1
275,7,602,1133,50,50,1,-1,-1,-1
276,1,464,565,50,50,1,-1,-1,-1
276,2,469,856,50,50,1,-1,-1,-1
276,6,592,508,50,50,1,-1,-1,-1
276,7,583,1169,50,50,1,-1,-1,-1
277,1,488,543,50,50,1,-1,-1,-1
277,2,479,800,50,50,1,-1,-1,-1
277,3,366,892,50,50,1,-1,-1,-1
277,6,601,530,50,50,1,-1,-1,-1
277,7,567,1193,50,50,1,-1,-1,-1
278,1,481,527,50,50,1,-1,-1,-1
278,2,462,742,50,50,1,-1,-1,-1
278,3,373,964,50,50,1,-1,-1,-1
278,6,608,551,50,50,1,-1,-1,-1
278,7,560,1194,50,50,1,-1,-1,-1
279,1,476,521,50,50,1,-1,-1,-1
279,2,500,695,50,50,1,-1,-1,-1
279,3,343,1013,50,50,1,-1,-1,-1
279,6,616,578,50,50,1,-1,-1,-1
279,7,556,1164,50,50,1,-1,-1,-1
280,1,468,516,50,50,1,-1,-1,-1
280,2,507,648,50,50,1,-1,-1,-1
280,3,363,1050,50,50,1,-1,-1,-1
280,6,624,606,50,50,1,-1,-1,-1
280,7,554,1109,50,50,1,-1,-1,-1
281,1,434,520,50,50,1,-1,-1,-1
281,2,516,611,50,50,1,-1,-1,-1
281,3,373,1078,50,50,1,-1,-1,-1
281,6,632,641,50,50,1,-1,-1,-1
281,7,535,1031,50,50,1,-1,-1,-1
282,2,523,575,50,50,1,-1,-1,-1
282,3,387,1124,50,50,1,-1,-1,-1
282,6,639,689,50,50,1,-1,-1,-1
282,7,560,960,50,50,1,-1,-1,-1
283,2,530,548,50,50,1,-1,-1,-1
283,3,409,1157,50,50,1,-1,-1,-1
283,6,647,735,50,50,1,-1,-1,-1
283,7,554,892,50,50,1,-1,-1,-1
284,2,538,525,50,50,1,-1,-1,-1
284,3,639,923,50,50,1,-1,-1,-1
284,6,656,795,50,50,1,-1,-1,-1
284,7,547,829,50,50,1,-1,-1,-1
285,1,440,592,50,50,1,-1,-1,-1
285,2,545,508,50,50,1,-1,-1,-1
285,6,663,850,50,50,1,-1,-1,-1
285,7,513,771,50,50,1,-1,-1,-1
286,1,426,622,50,50,1,-1,-1,-1
286,2,554,495,50,50,1,-1,-1,-1
286,3,638,1032,50,50,1,-1,-1,-1
286,6,671,908,50,50,1,-1,-1,-1
286,7,537,721,50,50,1,-1,-1,-1
287,1,503,672,50,50,1,-1,-1,-1
287,2,556,479,50,50,1,-1,-1,-1
287,6,652,988,50,50,1,-1,-1,-1
287,7,400,664,50,50,1,-1,-1,-1
287,10,444,1170,50,50,1,-1,-1,-1
288,1,526,628,50,50,1,-1,-1,-1
288,2,562,481,50,50,1,-1,-1,-1
288,7,393,707,50,50,1,-1,-1,-1
288,10,449,1100,50,50,1,-1,-1,-1
289,1,521,591,50,50,1,-1,-1,-1
289,2,575,498,50,50,1,-1,-1,-1
289,7,418,755,50,50,1,-1,-1,-1
289,10,454,1026,50,50,1,-1,-1,-1
290,1,486,563,50,50,1,-1,-1,-1
290,2,583,507,50,50,1,-1,-1,-1
290,6,610,1104,50,50,1,-1,-1,-1
290,7,412,810,50,50,1,-1,-1,-1
290,10,450,945,50,50,1,-1,-1,-1
291,1,511,538,50,50,1,-1,-1,-1
291,6,585,1155,50,50,1,-1,-1,-1
291,7,377,866,50,50,1,-1,-1,-1
291,10,479,878,50,50,1,-1,-1,-1
292,1,492,520,50,50,1,-1,-1,-1
292,6,563,1189,50,50,1,-1,-1,-1
292,7,401,935,50,50,1,-1,-1,-1
292,10,486,814,50,50,1,-1,-1,-1
293,1,493,507,50,50,1,-1,-1,-1
293,2,606,578,50,50,1,-1,-1,-1
293,6,548,1191,50,50,1,-1,-1,-1
293,7,396,993,50,50,1,-1,-1,-1
293,10,505,756,50,50,1,-1,-1,-1
294,1,491,498,50,50,1,-1,-1,-1
294,2,613,610,50,50,1,-1,-1,-1
294,6,540,1160,50,50,1,-1,-1,-1
294,10,515,704,50,50,1,-1,-1,-1
295,1,483,496,50,50,1,-1,-1,-1
295,2,622,653,50,50,1,-1,-1,-1
295,6,539,1103,50,50,1,-1,-1,-1
295,7,378,1084,50,50,1,-1,-1,-1
295,10,519,654,50,50,1,-1,-1,-1
296,1,478,496,50,50,1,-1,-1,-1
296,2,629,699,50,50,1,-1,-1,-1
296,6,535,1037,50,50,1,-1,-1,-1
296,7,383,1132,50,50,1,-1,-1,-1
296,10,524,612,50,50,1,-1,-1,-1
297,2,635,750,50,50,1,-1,-1,-1
297,6,539,950,50,50,1,-1,-1,-1
297,7,394,1168,50,50,1,-1,-1,-1
297,10,531,575,50,50,1,-1,-1,-1
298,2,643,804,50,50,1,-1,-1,-1
298,6,535,895,50,50,1,-1,-1,-1
298,7,407,1200,50,50,1,-1,-1,-1
298,10,541,545,50,50,1,-1,-1,-1
299,1,607,989,50,50,1,-1,-1,-1
299,2,650,862,50,50,1,-1,-1,-1
299,6,516,827,50,50,1,-1,-1,-1
299,7,421,1217,50,50,1,-1,-1,-1
299,10,549,521,50,50,1,-1,-1,-1
300,1,460,579,50,50,1,-1,-1,-1
300,2,627,934,50,50,1,-1,-1,-1
300,6,528,769,50,50,1,-1,-1,-1
300,7,433,1214,50,50,1,-1,-1,-1
300,10,564,502,50,50,1,-1,-1,-1
301,1,454,611,50,50,1,-1,-1,-1
301,2,654,988,50,50,1,-1,-1,-1
301,6,492,719,50,50,1,-1,-1,-1
301,7,441,1189,50,50,1,-1,-1,-1
301,10,567,488,50,50,1,-1,-1,-1
302,2,662,1020,50,50,1,-1,-1,-1
302,6,441,648,50,50,1,-1,-1,-1
302,7,464,1132,50,50,1,-1,-1,-1
302,10,577,479,50,50,1,-1,-1,-1
303,2,642,1064,50,50,1,-1,-1,-1
303,6,444,693,50,50,1,-1,-1,-1
303,7,468,1057,50,50,1,-1,-1,-1
303,10,591,477,50,50,1,-1,-1,-1
304,1,475,595,50,50,1,-1,-1,-1
304,2,625,1112,50,50,1,-1,-1,-1
304,6,437,745,50,50,1,-1,-1,-1
304,7,483,981,50,50,1,-1,-1,-1
304,10,597,480,50,50,1,-1,-1,-1
305,1,500,562,50,50,1,-1,-1,-1
305,2,602,1165,50,50,1,-1,-1,-1
305,6,434,799,50,50,1,-1,-1,-1
305,7,482,912,50,50,1,-1,-1,-1
305,10,603,488,50,50,1,-1,-1,-1
306,1,496,539,50,50,1,-1,-1,-1
306,2,585,1194,50,50,1,-1,-1,-1
306,6,429,859,50,50,1,-1,-1,-1
306,10,613,504,50,50,1,-1,-1,-1
307,1,490,522,50,50,1,-1,-1,-1
307,2,588,1193,50,50,1,-1,-1,-1
307,6,424,923,50,50,1,-1,-1,-1
307,7,509,791,50,50,1,-1,-1,-1
307,10,618,525,50,50,1,-1,-1,-1
308,1,485,504,50,50,1,-1,-1,-1
308,2,585,1163,50,50,1,-1,-1,-1
308,6,409,990,50,50,1,-1,-1,-1
308,7,516,738,50,50,1,-1,-1,-1
308,10,626,551,50,50,1,-1,-1,-1
309,1,478,501,50,50,1,-1,-1,-1
309,2,570,1119,50,50,1,-1,-1,-1
309,6,399,1031,50,50,1,-1,-1,-1
309,7,525,688,50,50,1,-1,-1,-1
309,10,634,585,50,50,1,-1,-1,-1
310,1,472,498,50,50,1,-1,-1,-1
310,2,577,1044,50,50,1,-1,-1,-1
310,6,397,1063,50,50,1,-1,-1,-1
310,7,533,646,50,50,1,-1,-1,-1
311,1,467,510,50,50,1,-1,-1,-1
311,2,575,961,50,50,1,-1,-1,-1
311,6,405,1123,50,50,1,-1,-1,-1
311,7,541,610,50,50,1,-1,-1,-1
311,10,656,664,50,50,1,-1,-1,-1
312,1,462,519,50,50,1,-1,-1,-1
312,2,566,894,50,50,1,-1,-1,-1
312,7,549,577,50,50,1,-1,-1,-1
312,10,665,713,50,50,1,-1,-1,-1
313,1,623,913,50,50,1,-1,-1,-1
313,2,559,826,50,50,1,-1,-1,-1
313,6,426,1200,50,50,1,-1,-1,-1
313,7,555,552,50,50,1,-1,-1,-1
313,10,661,762,50,50,1,-1,-1,-1
314,1,451,555,50,50,1,-1,-1,-1
314,2,550,764,50,50,1,-1,-1,-1
314,6,437,1209,50,50,1,-1,-1,-1
314,7,560,531,50,50,1,-1,-1,-1
314,10,652,825,50,50,1,-1,-1,-1
315,1,445,580,50,50,1,-1,-1,-1
315,2,541,708,50,50,1,-1,-1,-1
315,6,447,1189,50,50,1,-1,-1,-1
315,7,573,519,50,50,1,-1,-1,-1
315,10,683,882,50,50,1,-1,-1,-1
316,1,441,618,50,50,1,-1,-1,-1
316,2,533,658,50,50,1,-1,-1,-1
316,6,467,1151,50,50,1,-1,-1,-1
316,7,582,509,50,50,1,-1,-1,-1
316,10,688,959,50,50,1,-1,-1,-1
317,1,435,658,50,50,1,-1,-1,-1
317,6,472,1078,50,50,1,-1,-1,-1
317,7,588,505,50,50,1,-1,-1,-1
317,10,684,997,50,50,1,-1,-1,-1
318,1,431,702,50,50,1,-1,-1,-1
318,2,515,573,50,50,1,-1,-1,-1
318,6,480,1002,50,50,1,-1,-1,-1
318,7,596,506,50,50,1,-1,-1,-1
318,10,659,1026,50,50,1,-1,-1,-1
319,1,424,755,50,50,1,-1,-1,-1
319,6,496,926,50,50,1,-1,-1,-1
319,7,605,515,50,50,1,-1,-1,-1
319,10,650,1075,50,50,1,-1,-1,-1
320,1,441,945,50,50,1,-1,-1,-1
320,2,468,517,50,50,1,-1,-1,-1
320,6,502,864,50,50,1,-1,-1,-1
320,7,613,531,50,50,1,-1,-1,-1
320,10,625,1124,50,50,1,-1,-1,-1
321,1,416,869,50,50,1,-1,-1,-1
321,2,488,490,50,50,1,-1,-1,-1
321,6,517,807,50,50,1,-1,-1,-1
321,7,620,546,50,50,1,-1,-1,-1
321,10,598,1164,50,50,1,-1,-1,-1
322,1,409,947,50,50,1,-1,-1,-1
322,2,481,476,50,50,1,-1,-1,-1
322,6,532,749,50,50,1,-1,-1,-1
322,7,630,574,50,50,1,-1,-1,-1
322,10,581,1178,50,50,1,-1,-1,-1
323,1,398,1006,50,50,1,-1,-1,-1
323,2,466,453,50,50,1,-1,-1,-1
323,6,540,698,50,50,1,-1,-1,-1
323,7,638,606,50,50,1,-1,-1,-1
323,10,572,1159,50,50,1,-1,-1,-1
324,1,385,1059,50,50,1,-1,-1,-1
324,2,459,457,50,50,1,-1,-1,-1
324,6,519,654,50,50,1,-1,-1,-1
324,7,646,641,50,50,1,-1,-1,-1
324,10,567,1111,50,50,1,-1,-1,-1
325,1,390,1098,50,50,1,-1,-1,-1
325,2,451,459,50,50,1,-1,-1,-1
325,6,558,618,50,50,1,-1,-1,-1
325,7,655,683,50,50,1,-1,-1,-1
325,10,565,1042,50,50,1,-1,-1,-1
326,1,407,1134,50,50,1,-1,-1,-1
326,2,444,468,50,50,1,-1,-1,-1
326,6,567,586,50,50,1,-1,-1,-1
326,7,661,727,50,50,1,-1,-1,-1
326,10,566,960,50,50,1,-1,-1,-1
327,1,411,1186,50,50,1,-1,-1,-1
327,2,438,484,50,50,1,-1,-1,-1
327,6,573,556,50,50,1,-1,-1,-1
327,7,668,778,50,50,1,-1,-1,-1
327,10,560,896,50,50,1,-1,-1,-1
328,1,420,1212,50,50,1,-1,-1,-1
328,2,425,501,50,50,1,-1,-1,-1
328,6,585,540,50,50,1,-1,-1,-1
328,7,676,831,50,50,1,-1,-1,-1
329,1,429,1215,50,50,1,-1,-1,-1
329,2,420,528,50,50,1,-1,-1,-1
329,6,583,520,50,50,1,-1,-1,-1
329,7,684,891,50,50,1,-1,-1,-1
329,10,546,775,50,50,1,-1,-1,-1
330,1,438,1194,50,50,1,-1,-1,-1
330,2,409,556,50,50,1,-1,-1,-1
330,6,599,512,50,50,1,-1,-1,-1
330,7,691,951,50,50,1,-1,-1,-1
330,10,539,723,50,50,1,-1,-1,-1
331,1,453,1153,50,50,1,-1,-1,-1
331,2,401,592,50,50,1,-1,-1,-1
331,6,603,509,50,50,1,-1,-1,-1
331,7,679,1003,50,50,1,-1,-1,-1
331,10,503,677,50,50,1,-1,-1,-1
332,1,462,1076,50,50,1,-1,-1,-1
332,2,395,637,50,50,1,-1,-1,-1
332,6,619,511,50,50,1,-1,-1,-1
332,10,525,634,50,50,1,-1,-1,-1
333,1,461,1007,50,50,1,-1,-1,-1
333,2,388,685,50,50,1,-1,-1,-1
333,6,625,515,50,50,1,-1,-1,-1
333,7,662,1078,50,50,1,-1,-1,-1
333,10,512,598,50,50,1,-1,-1,-1
334,1,472,923,50,50,1,-1,-1,-1
334,2,380,737,50,50,1,-1,-1,-1
334,6,634,526,50,50,1,-1,-1,-1
334,7,637,1133,50,50,1,-1,-1,-1
334,10,510,567,50,50,1,-1,-1,-1
335,1,480,848,50,50,1,-1,-1,-1
335,2,371,793,50,50,1,-1,-1,-1
335,6,645,548,50,50,1,-1,-1,-1
335,10,500,540,50,50,1,-1,-1,-1
336,1,486,804,50,50,1,-1,-1,-1
336,2,363,854,50,50,1,-1,-1,-1
336,6,654,571,50,50,1,-1,-1,-1
336,7,616,1169,50,50,1,-1,-1,-1
336,10,493,521,50,50,1,-1,-1,-1
337,1,504,734,50,50,1,-1,-1,-1
337,2,356,925,50,50,1,-1,-1,-1
337,6,664,602,50,50,1,-1,-1,-1
337,7,596,1142,50,50,1,-1,-1,-1
337,10,487,508,50,50,1,-1,-1,-1
338,1,512,681,50,50,1,-1,-1,-1
338,2,333,994,50,50,1,-1,-1,-1
338,6,671,638,50,50,1,-1,-1,-1
338,7,593,1084,50,50,1,-1,-1,-1
338,10,477,499,50,50,1,-1,-1,-1
339,1,517,636,50,50,1,-1,-1,-1
339,2,327,1040,50,50,1,-1,-1,-1
339,6,651,679,50,50,1,-1,-1,-1
339,7,590,1023,50,50,1,-1,-1,-1
339,10,471,497,50,50,1,-1,-1,-1
340,1,524,592,50,50,1,-1,-1,-1
340,2,333,1086,50,50,1,-1,-1,-1
340,6,685,720,50,50,1,-1,-1,-1
340,7,556,949,50,50,1,-1,-1,-1
340,10,466,502,50,50,1,-1,-1,-1
341,2,347,1137,50,50,1,-1,-1,-1
341,6,693,774,50,50,1,-1,-1,-1
341,7,575,888,50,50,1,-1,-1,-1
341,10,455,512,50,50,1,-1,-1,-1
342,6,689,832,50,50,1,-1,-1,-1
342,7,565,828,50,50,1,-1,-1,-1
342,10,444,527,50,50,1,-1,-1,-1
343,1,546,505,50,50,1,-1,-1,-1
343,2,391,1208,50,50,1,-1,-1,-1
343,6,712,890,50,50,1,-1,-1,-1
343,7,555,773,50,50,1,-1,-1,-1
343,10,440,548,50,50,1,-1,-1,-1
344,1,553,484,50,50,1,-1,-1,-1
344,2,409,1213,50,50,1,-1,-1,-1
344,6,719,955,50,50,1,-1,-1,-1
344,7,544,725,50,50,1,-1,-1,-1
344,10,433,576,50,50,1,-1,-1,-1
345,1,560,473,50,50,1,-1,-1,-1
345,2,424,1192,50,50,1,-1,-1,-1
345,6,710,1003,50,50,1,-1,-1,-1
345,7,534,682,50,50,1,-1,-1,-1
345,10,430,608,50,50,1,-1,-1,-1
346,1,566,460,50,50,1,-1,-1,-1
346,2,441,1141,50,50,1,-1,-1,-1
346,6,704,1031,50,50,1,-1,-1,-1
346,7,524,647,50,50,1,-1,-1,-1
346,10,423,646,50,50,1,-1,-1,-1
347,1,570,460,50,50,1,-1,-1,-1
347,2,451,1080,50,50,1,-1,-1,-1
347,6,686,1065,50,50,1,-1,-1,-1
347,7,514,614,50,50,1,-1,-1,-1
347,10,417,689,50,50,1,-1,-1,-1
348,1,577,469,50,50,1,-1,-1,-1
348,2,467,1007,50,50,1,-1,-1,-1
348,6,661,1117,50,50,1,-1,-1,-1
348,7,503,589,50,50,1,-1,-1,-1
348,10,406,734,50,50,1,-1,-1,-1
349,1,587,475,50,50,1,-1,-1,-1
349,2,476,937,50,50,1,-1,-1,-1
349,6,631,1160,50,50,1,-1,-1,-1
349,7,491,569,50,50,1,-1,-1,-1
349,10,396,790,50,50,1,-1,-1,-1
350,1,596,493,50,50,1,-1,-1,-1
350,6,602,1189,50,50,1,-1,-1,-1
350,7,479,553,50,50,1,-1,-1,-1
350,10,385,852,50,50,1,-1,-1,-1
351,1,602,514,50,50,1,-1,-1,-1
351,2,487,795,50,50,1,-1,-1,-1
351,6,593,1194,50,50,1,-1,-1,-1
351,7,470,547,50,50,1,-1,-1,-1
351,10,380,915,50,50,1,-1,-1,-1
352,1,608,540,50,50,1,-1,-1,-1
352,2,498,751,50,50,1,-1,-1,-1
352,6,579,1170,50,50,1,-1,-1,-1
352,7,459,544,50,50,1,-1,-1,-1
352,10,382,978,50,50,1,-1,-1,-1
353,1,613,567,50,50,1,-1,-1,-1
353,2,506,700,50,50,1,-1,-1,-1
353,6,562,1119,50,50,1,-1,-1,-1
353,7,448,547,50,50,1,-1,-1,-1
353,10,367,1027,50,50,1,-1,-1,-1
354,1,622,609,50,50,1,-1,-1,-1
354,2,484,651,50,50,1,-1,-1,-1
354,6,529,1044,50,50,1,-1,-1,-1
354,7,440,556,50,50,1,-1,-1,-1
354,10,370,1071,50,50,1,-1,-1,-1
355,2,519,615,50,50,1,-1,-1,-1
355,6,535,956,50,50,1,-1,-1,-1
355,7,429,571,50,50,1,-1,-1,-1
355,10,365,1120,50,50,1,-1,-1,-1
356,1,633,695,50,50,1,-1,-1,-1
356,2,528,584,50,50,1,-1,-1,-1
356,6,553,908,50,50,1,-1,-1,-1
356,7,419,592,50,50,1,-1,-1,-1
356,10,387,1182,50,50,1,-1,-1,-1
357,1,640,748,50,50,1,-1,-1,-1
357,2,535,559,50,50,1,-1,-1,-1
357,6,543,835,50,50,1,-1,-1,-1
357,7,408,616,50,50,1,-1,-1,-1
357,10,402,1207,50,50,1,-1,-1,-1
358,1,646,807,50,50,1,-1,-1,-1
358,2,543,535,50,50,1,-1,-1,-1
358,3,637,907,50,50,1,-1,-1,-1
358,6,533,777,50,50,1,-1,-1,-1
358,7,398,648,50,50,1,-1,-1,-1
358,10,412,1204,50,50,1,-1,-1,-1
359,1,653,870,50,50,1,-1,-1,-1
359,2,522,518,50,50,1,-1,-1,-1
359,6,525,725,50,50,1,-1,-1,-1
359,7,383,685,50,50,1,-1,-1,-1
359,10,424,1174,50,50,1,-1,-1,-1
360,1,637,923,50,50,1,-1,-1,-1
360,2,557,505,50,50,1,-1,-1,-1
360,6,515,679,50,50,1,-1,-1,-1
360,7,376,727,50,50,1,-1,-1,-1
360,10,436,1121,50,50,1,-1,-1,-1
361,1,651,952,50,50,1,-1,-1,-1
361,2,564,498,50,50,1,-1,-1,-1
361,6,500,639,50,50,1,-1,-1,-1
361,7,367,778,50,50,1,-1,-1,-1
361,10,440,1041,50,50,1,-1,-1,-1
362,1,634,990,50,50,1,-1,-1,-1
362,2,573,499,50,50,1,-1,-1,-1
362,6,495,599,50,50,1,-1,-1,-1
362,7,358,826,50,50,1,-1,-1,-1
362,10,463,960,50,50,1,-1,-1,-1
363,1,622,1054,50,50,1,-1,-1,-1
363,2,580,506,50,50,1,-1,-1,-1
363,3,348,985,50,50,1,-1,-1,-1
363,6,485,568,50,50,1,-1,-1,-1
363,7,349,885,50,50,1,-1,-1,-1
363,10,462,896,50,50,1,-1,-1,-1
364,1,598,1120,50,50,1,-1,-1,-1
364,2,588,518,50,50,1,-1,-1,-1
364,6,474,544,50,50,1,-1,-1,-1
364,7,325,949,50,50,1,-1,-1,-1
364,10,468,836,50,50,1,-1,-1,-1
365,1,569,1166,50,50,1,-1,-1,-1
365,2,596,536,50,50,1,-1,-1,-1
365,6,467,525,50,50,1,-1,-1,-1
365,7,327,1017,50,50,1,-1,-1,-1
365,10,488,779,50,50,1,-1,-1,-1
366,1,567,1176,50,50,1,-1,-1,-1
366,2,604,564,50,50,1,-1,-1,-1
366,6,454,513,50,50,1,-1,-1,-1
366,7,305,1074,50,50,1,-1,-1,-1
366,10,496,728,50,50,1,-1,-1,-1
367,1,548,1152,50,50,1,-1,-1,-1
367,2,611,588,50,50,1,-1,-1,-1
367,6,446,504,50,50,1,-1,-1,-1
367,7,311,1107,50,50,1,-1,-1,-1
367,10,504,681,50,50,1,-1,-1,-1
368,1,540,1095,50,50,1,-1,-1,-1
368,2,618,622,50,50,1,-1,-1,-1
368,6,435,496,50,50,1,-1,-1,-1
368,7,320,1151,50,50,1,-1,-1,-1
369,1,520,1025,50,50,1,-1,-1,-1
369,2,626,663,50,50,1,-1,-1,-1
369,6,422,495,50,50,1,-1,-1,-1
369,7,332,1186,50,50,1,-1,-1,-1
369,10,517,606,50,50,1,-1,-1,-1
370,1,543,949,50,50,1,-1,-1,-1
370,2,634,711,50,50,1,-1,-1,-1
370,6,419,513,50,50,1,-1,-1,-1
370,10,529,574,50,50,1,-1,-1,-1
371,1,535,888,50,50,1,-1,-1,-1
371,2,640,756,50,50,1,-1,-1,-1
371,6,408,529,50,50,1,-1,-1,-1
371,7,370,1229,50,50,1,-1,-1,-1
371,10,537,551,50,50,1,-1,-1,-1
372,1,530,826,50,50,1,-1,-1,-1
372,2,646,816,50,50,1,-1,-1,-1
372,6,399,551,50,50,1,-1,-1,-1
372,7,386,1223,50,50,1,-1,-1,-1
372,10,546,532,50,50,1,-1,-1,-1
373,1,523,771,50,50,1,-1,-1,-1
373,2,655,878,50,50,1,-1,-1,-1
373,6,392,578,50,50,1,-1,-1,-1
373,7,399,1195,50,50,1,-1,-1,-1
373,10,551,517,50,50,1,-1,-1,-1
374,1,484,716,50,50,1,-1,-1,-1
374,2,662,942,50,50,1,-1,-1,-1
374,6,383,611,50,50,1,-1,-1,-1
374,7,411,1144,50,50,1,-1,-1,-1
374,10,557,510,50,50,1,-1,-1,-1
375,1,478,672,50,50,1,-1,-1,-1
375,2,649,994,50,50,1,-1,-1,-1
375,6,371,648,50,50,1,-1,-1,-1
375,7,423,1067,50,50,1,-1,-1,-1
375,10,568,507,50,50,1,-1,-1,-1
376,1,501,630,50,50,1,-1,-1,-1
376,2,655,1020,50,50,1,-1,-1,-1
376,6,364,692,50,50,1,-1,-1,-1
376,7,429,993,50,50,1,-1,-1,-1
376,10,573,507,50,50,1,-1,-1,-1
377,1,493,594,50,50,1,-1,-1,-1
377,2,633,1068,50,50,1,-1,-1,-1
377,6,355,741,50,50,1,-1,-1,-1
377,7,423,914,50,50,1,-1,-1,-1
377,10,586,514,50,50,1,-1,-1,-1
378,1,486,565,50,50,1,-1,-1,-1
378,2,615,1118,50,50,1,-1,-1,-1
378,6,339,796,50,50,1,-1,-1,-1
378,7,451,841,50,50,1,-1,-1,-1
378,10,594,533,50,50,1,-1,-1,-1
379,2,589,1156,50,50,1,-1,-1,-1
379,6,339,858,50,50,1,-1,-1,-1
379,7,473,779,50,50,1,-1,-1,-1
379,10,600,555,50,50,1,-1,-1,-1
380,1,472,525,50,50,1,-1,-1,-1
380,2,576,1171,50,50,1,-1,-1,-1
380,6,300,921,50,50,1,-1,-1,-1
380,7,483,722,50,50,1,-1,-1,-1
380,10,611,582,50,50,1,-1,-1,-1
381,1,464,511,50,50,1,-1,-1,-1
381,2,565,1172,50,50,1,-1,-1,-1
381,6,306,987,50,50,1,-1,-1,-1
381,7,492,665,50,50,1,-1,-1,-1
381,10,619,612,50,50,1,-1,-1,-1
382,1,455,503,50,50,1,-1,-1,-1
382,2,563,1116,50,50,1,-1,-1,-1
382,6,315,1011,50,50,1,-1,-1,-1
382,7,501,618,50,50,1,-1,-1,-1
382,10,628,648,50,50,1,-1,-1,-1
383,1,448,502,50,50,1,-1,-1,-1
383,2,575,1038,50,50,1,-1,-1,-1
383,6,316,1052,50,50,1,-1,-1,-1
383,7,513,578,50,50,1,-1,-1,-1
383,10,636,692,50,50,1,-1,-1,-1
384,2,535,983,50,50,1,-1,-1,-1
384,6,351,1093,50,50,1,-1,-1,-1
384,7,494,537,50,50,1,-1,-1,-1
384,10,644,740,50,50,1,-1,-1,-1
385,2,557,925,50,50,1,-1,-1,-1
385,6,360,1157,50,50,1,-1,-1,-1
385,7,532,508,50,50,1,-1,-1,-1
385,10,644,792,50,50,1,-1,-1,-1
386,1,427,536,50,50,1,-1,-1,-1
386,6,395,1200,50,50,1,-1,-1,-1
386,7,542,484,50,50,1,-1,-1,-1
386,10,660,852,50,50,1,-1,-1,-1
387,1,421,558,50,50,1,-1,-1,-1
387,2,540,808,50,50,1,-1,-1,-1
387,6,409,1208,50,50,1,-1,-1,-1
387,7,539,461,50,50,1,-1,-1,-1
387,10,654,916,50,50,1,-1,-1,-1
388,1,414,588,50,50,1,-1,-1,-1
388,2,531,760,50,50,1,-1,-1,-1
388,6,430,1189,50,50,1,-1,-1,-1
388,7,561,452,50,50,1,-1,-1,-1
388,10,664,982,50,50,1,-1,-1,-1
389,1,406,624,50,50,1,-1,-1,-1
389,2,523,722,50,50,1,-1,-1,-1
389,6,452,1144,50,50,1,-1,-1,-1
389,7,570,439,50,50,1,-1,-1,-1
389,10,673,1021,50,50,1,-1,-1,-1
390,1,400,660,50,50,1,-1,-1,-1
390,2,514,680,50,50,1,-1,-1,-1
390,6,456,1072,50,50,1,-1,-1,-1
390,7,581,439,50,50,1,-1,-1,-1
390,10,669,1051,50,50,1,-1,-1,-1
391,1,391,708,50,50,1,-1,-1,-1
391,2,506,643,50,50,1,-1,-1,-1
391,6,454,1001,50,50,1,-1,-1,-1
391,7,590,442,50,50,1,-1,-1,-1
391,10,655,1092,50,50,1,-1,-1,-1
392,1,385,759,50,50,1,-1,-1,-1
392,2,498,624,50,50,1,-1,-1,-1
392,6,469,923,50,50,1,-1,-1,-1
392,7,599,446,50,50,1,-1,-1,-1
392,10,628,1144,50,50,1,-1,-1,-1
393,1,379,813,50,50,1,-1,-1,-1
393,2,489,604,50,50,1,-1,-1,-1
393,7,609,464,50,50,1,-1,-1,-1
394,1,371,878,50,50,1,-1,-1,-1
394,2,479,587,50,50,1,-1,-1,-1
394,6,485,795,50,50,1,-1,-1,-1
394,7,607,483,50,50,1,-1,-1,-1
394,10,580,1189,50,50,1,-1,-1,-1
395,1,364,945,50,50,1,-1,-1,-1
395,2,470,579,50,50,1,-1,-1,-1
395,6,491,738,50,50,1,-1,-1,-1
395,7,616,505,50,50,1,-1,-1,-1
395,10,570,1177,50,50,1,-1,-1,-1
396,1,357,1013,50,50,1,-1,-1,-1
396,2,461,575,50,50,1,-1,-1,-1
396,6,501,688,50,50,1,-1,-1,-1
396,7,631,535,50,50,1,-1,-1,-1
396,10,570,1144,50,50,1,-1,-1,-1
397,1,336,1074,50,50,1,-1,-1,-1
397,2,452,577,50,50,1,-1,-1,-1
397,7,646,574,50,50,1,-1,-1,-1
398,1,352,1113,50,50,1,-1,-1,-1
398,6,510,599,50,50,1,-1,-1,-1
398,7,656,611,50,50,1,-1,-1,-1
398,10,560,1012,50,50,1,-1,-1,-1
399,1,359,1157,50,50,1,-1,-1,-1
399,6,516,565,50,50,1,-1,-1,-1
399,7,659,658,50,50,1,-1,-1,-1
399,10,534,933,50,50,1,-1,-1,-1
400,1,392,1183,50,50,1,-1,-1,-1
400,2,429,623,50,50,1,-1,-1,-1
400,6,525,534,50,50,1,-1,-1,-1
400,7,675,710,50,50,1,-1,-1,-1
400,10,555,867,50,50,1,-1,-1,-1
401,1,400,1194,50,50,1,-1,-1,-1
401,2,421,648,50,50,1,-1,-1,-1
401,6,531,507,50,50,1,-1,-1,-1
401,7,672,767,50,50,1,-1,-1,-1
401,10,545,809,50,50,1,-1,-1,-1
402,1,411,1179,50,50,1,-1,-1,-1
402,2,412,680,50,50,1,-1,-1,-1
402,6,537,491,50,50,1,-1,-1,-1
402,7,663,831,50,50,1,-1,-1,-1
402,10,536,755,50,50,1,-1,-1,-1
403,1,426,1130,50,50,1,-1,-1,-1
403,2,405,717,50,50,1,-1,-1,-1
403,6,543,475,50,50,1,-1,-1,-1
403,7,690,896,50,50,1,-1,-1,-1
403,10,528,705,50,50,1,-1,-1,-1
404,1,439,1059,50,50,1,-1,-1,-1
404,2,393,757,50,50,1,-1,-1,-1
404,6,549,473,50,50,1,-1,-1,-1
404,7,703,942,50,50,1,-1,-1,-1
404,10,517,659,50,50,1,-1,-1,-1
405,1,457,987,50,50,1,-1,-1,-1
405,2,387,807,50,50,1,-1,-1,-1
405,6,556,474,50,50,1,-1,-1,-1
405,10,509,622,50,50,1,-1,-1,-1
406,2,380,860,50,50,1,-1,-1,-1
406,6,561,477,50,50,1,-1,-1,-1
406,7,653,1012,50,50,1,-1,-1,-1
406,10,498,585,50,50,1,-1,-1,-1
407,1,457,848,50,50,1,-1,-1,-1
407,2,371,917,50,50,1,-1,-1,-1
407,6,567,485,50,50,1,-1,-1,-1
407,7,638,1069,50,50,1,-1,-1,-1
407,10,488,558,50,50,1,-1,-1,-1
408,1,452,801,50,50,1,-1,-1,-1
408,2,361,983,50,50,1,-1,-1,-1
408,6,570,503,50,50,1,-1,-1,-1
408,7,589,1137,50,50,1,-1,-1,-1
409,1,488,758,50,50,1,-1,-1,-1
409,2,345,1045,50,50,1,-1,-1,-1
409,6,583,527,50,50,1,-1,-1,-1
410,1,496,707,50,50,1,-1,-1,-1
410,2,337,1085,50,50,1,-1,-1,-1
410,6,588,554,50,50,1,-1,-1,-1
410,7,543,1174,50,50,1,-1,-1,-1
410,10,460,510,50,50,1,-1,-1,-1
411,6,594,586,50,50,1,-1,-1,-1
411,7,534,1144,50,50,1,-1,-1,-1
411,10,448,503,50,50,1,-1,-1,-1
412,2,348,1168,50,50,1,-1,-1,-1
412,6,599,626,50,50,1,-1,-1,-1
412,7,524,1085,50,50,1,-1,-1,-1
412,10,434,505,50,50,1,-1,-1,-1
413,1,520,607,50,50,1,-1,-1,-1
413,2,362,1198,50,50,1,-1,-1,-1
413,6,607,669,50,50,1,-1,-1,-1
413,7,525,1027,50,50,1,-1,-1,-1
413,10,424,513,50,50,1,-1,-1,-1
414,1,528,583,50,50,1,-1,-1,-1
414,2,379,1218,50,50,1,-1,-1,-1
414,6,612,719,50,50,1,-1,-1,-1
414,7,500,949,50,50,1,-1,-1,-1
414,10,420,527,50,50,1,-1,-1,-1
415,1,536,566,50,50,1,-1,-1,-1
415,2,396,1223,50,50,1,-1,-1,-1
415,6,615,767,50,50,1,-1,-1,-1
415,7,525,885,50,50,1,-1,-1,-1
415,10,412,544,50,50,1,-1,-1,-1
416,1,546,553,50,50,1,-1,-1,-1
416,2,411,1206,50,50,1,-1,-1,-1
416,6,624,832,50,50,1,-1,-1,-1
416,7,520,826,50,50,1,-1,-1,-1
416,10,401,565,50,50,1,-1,-1,-1
417,1,553,543,50,50,1,-1,-1,-1
417,2,421,1168,50,50,1,-1,-1,-1
417,6,630,895,50,50,1,-1,-1,-1
417,7,516,774,50,50,1,-1,-1,-1
417,10,381,598,50,50,1,-1,-1,-1
418,1,557,543,50,50,1,-1,-1,-1
418,2,436,1097,50,50,1,-1,-1,-1
418,6,626,964,50,50,1,-1,-1,-1
418,7,509,725,50,50,1,-1,-1,-1
418,10,370,635,50,50,1,-1,-1,-1
419,1,568,553,50,50,1,-1,-1,-1
419,2,454,1024,50,50,1,-1,-1,-1
419,6,631,997,50,50,1,-1,-1,-1
419,7,506,683,50,50,1,-1,-1,-1
419,10,359,682,50,50,1,-1,-1,-1
420,1,575,563,50,50,1,-1,-1,-1
420,2,465,949,50,50,1,-1,-1,-1
420,6,634,1030,50,50,1,-1,-1,-1
420,7,470,645,50,50,1,-1,-1,-1
420,10,364,727,50,50,1,-1,-1,-1
421,1,439,993,50,50,1,-1,-1,-1
421,2,460,873,50,50,1,-1,-1,-1
421,6,621,1076,50,50,1,-1,-1,-1
421,7,494,615,50,50,1,-1,-1,-1
421,10,354,781,50,50,1,-1,-1,-1
422,1,409,981,50,50,1,-1,-1,-1
422,2,473,812,50,50,1,-1,-1,-1
422,6,604,1130,50,50,1,-1,-1,-1
422,7,490,590,50,50,1,-1,-1,-1
422,10,343,845,50,50,1,-1,-1,-1
423,2,487,763,50,50,1,-1,-1,-1
423,6,589,1158,50,50,1,-1,-1,-1
423,7,485,569,50,50,1,-1,-1,-1
423,10,335,908,50,50,1,-1,-1,-1
423,11,600,625,50,50,1,-1,-1,-1
424,2,496,709,50,50,1,-1,-1,-1
424,6,581,1152,50,50,1,-1,-1,-1
424,7,480,555,50,50,1,-1,-1,-1
424,10,314,980,50,50,1,-1,-1,-1
424,11,608,655,50,50,1,-1,-1,-1
425,2,503,664,50,50,1,-1,-1,-1
425,6,562,1115,50,50,1,-1,-1,-1
425,7,474,549,50,50,1,-1,-1,-1
425,10,311,1030,50,50,1,-1,-1,-1
425,11,614,694,50,50,1,-1,-1,-1
426,6,560,1047,50,50,1,-1,-1,-1
426,7,465,541,50,50,1,-1,-1,-1
426,10,328,1046,50,50,1,-1,-1,-1
426,11,623,734,50,50,1,-1,-1,-1
427,2,519,585,50,50,1,-1,-1,-1
427,6,559,972,50,50,1,-1,-1,-1
427,10,346,1079,50,50,1,-1,-1,-1
427,11,630,783,50,50,1,-1,-1,-1
428,2,527,558,50,50,1,-1,-1,-1
428,6,532,908,50,50,1,-1,-1,-1
428,10,355,1127,50,50,1,-1,-1,-1
428,11,638,835,50,50,1,-1,-1,-1
429,6,554,845,50,50,1,-1,-1,-1
429,7,452,572,50,50,1,-1,-1,-1
429,10,386,1182,50,50,1,-1,-1,-1
430,2,543,517,50,50,1,-1,-1,-1
430,6,548,788,50,50,1,-1,-1,-1
430,7,448,592,50,50,1,-1,-1,-1
430,10,408,1210,50,50,1,-1,-1,-1
430,11,642,954,50,50,1,-1,-1,-1
431,2,550,505,50,50,1,-1,-1,-1
431,6,542,735,50,50,1,-1,-1,-1
431,7,443,618,50,50,1,-1,-1,-1
431,10,420,1211,50,50,1,-1,-1,-1
431,11,660,975,50,50,1,-1,-1,-1
432,2,558,496,50,50,1,-1,-1,-1
432,6,534,690,50,50,1,-1,-1,-1
432,7,439,650,50,50,1,-1,-1,-1
432,10,435,1179,50,50,1,-1,-1,-1
432,11,654,1005,50,50,1,-1,-1,-1
433,2,565,492,50,50,1,-1,-1,-1
433,6,529,650,50,50,1,-1,-1,-1
433,7,434,688,50,50,1,-1,-1,-1
433,10,450,1103,50,50,1,-1,-1,-1
433,11,649,1052,50,50,1,-1,-1,-1
434,2,572,497,50,50,1,-1,-1,-1
434,6,522,615,50,50,1,-1,-1,-1
434,7,429,731,50,50,1,-1,-1,-1
434,10,457,1043,50,50,1,-1,-1,-1
434,11,636,1099,50,50,1,-1,-1,-1
435,2,581,506,50,50,1,-1,-1,-1
435,6,516,587,50,50,1,-1,-1,-1
435,7,423,782,50,50,1,-1,-1,-1
435,10,473,968,50,50,1,-1,-1,-1
435,11,616,1148,50,50,1,-1,-1,-1
436,2,589,524,50,50,1,-1,-1,-1
436,10,467,892,50,50,1,-1,-1,-1
436,11,585,1184,50,50,1,-1,-1,-1
437,6,500,545,50,50,1,-1,-1,-1
437,10,477,829,50,50,1,-1,-1,-1
437,11,572,1189,50,50,1,-1,-1,-1
438,2,606,573,50,50,1,-1,-1,-1
438,6,495,531,50,50,1,-1,-1,-1
438,7,409,962,50,50,1,-1,-1,-1
438,10,491,764,50,50,1,-1,-1,-1
438,11,562,1171,50,50,1,-1,-1,-1
439,2,612,603,50,50,1,-1,-1,-1
439,6,480,526,50,50,1,-1,-1,-1
439,7,393,1004,50,50,1,-1,-1,-1
439,10,494,706,50,50,1,-1,-1,-1
439,11,559,1125,50,50,1,-1,-1,-1
440,2,620,644,50,50,1,-1,-1,-1
440,6,479,525,50,50,1,-1,-1,-1
440,7,395,1037,50,50,1,-1,-1,-1
440,10,499,654,50,50,1,-1,-1,-1
440,11,554,1060,50,50,1,-1,-1,-1
441,2,628,685,50,50,1,-1,-1,-1
441,7,393,1073,50,50,1,-1,-1,-1
441,10,513,610,50,50,1,-1,-1,-1
441,11,559,994,50,50,1,-1,-1,-1
442,2,634,734,50,50,1,-1,-1,-1
442,7,410,1130,50,50,1,-1,-1,-1
442,10,522,569,50,50,1,-1,-1,-1
442,11,554,921,50,50,1,-1,-1,-1
443,2,643,786,50,50,1,-1,-1,-1
443,6,464,559,50,50,1,-1,-1,-1
443,11,546,861,50,50,1,-1,-1,-1
444,2,650,844,50,50,1,-1,-1,-1
444,6,457,581,50,50,1,-1,-1,-1
444,7,420,1199,50,50,1,-1,-1,-1
444,10,536,507,50,50,1,-1,-1,-1
444,11,538,807,50,50,1,-1,-1,-1
445,2,657,909,50,50,1,-1,-1,-1
445,6,450,607,50,50,1,-1,-1,-1
445,7,426,1199,50,50,1,-1,-1,-1
445,10,536,480,50,50,1,-1,-1,-1
445,11,529,756,50,50,1,-1,-1,-1
446,2,649,967,50,50,1,-1,-1,-1
446,6,444,640,50,50,1,-1,-1,-1
446,7,436,1171,50,50,1,-1,-1,-1
446,10,551,466,50,50,1,-1,-1,-1
446,11,521,713,50,50,1,-1,-1,-1
447,2,659,981,50,50,1,-1,-1,-1
447,6,410,678,50,50,1,-1,-1,-1
447,7,433,1094,50,50,1,-1,-1,-1
447,10,554,453,50,50,1,-1,-1,-1
447,11,513,676,50,50,1,-1,-1,-1
448,6,435,724,50,50,1,-1,-1,-1
448,7,455,1043,50,50,1,-1,-1,-1
448,10,559,448,50,50,1,-1,-1,-1
448,11,506,646,50,50,1,-1,-1,-1
449,2,617,1090,50,50,1,-1,-1,-1
449,6,428,775,50,50,1,-1,-1,-1
449,7,475,962,50,50,1,-1,-1,-1
449,10,565,445,50,50,1,-1,-1,-1
449,11,496,617,50,50,1,-1,-1,-1
450,2,596,1147,50,50,1,-1,-1,-1
450,7,466,896,50,50,1,-1,-1,-1
450,10,574,451,50,50,1,-1,-1,-1
450,11,487,594,50,50,1,-1,-1,-1
451,2,569,1184,50,50,1,-1,-1,-1
451,7,480,830,50,50,1,-1,-1,-1
451,10,585,463,50,50,1,-1,-1,-1
451,11,479,571,50,50,1,-1,-1,-1
452,2,557,1193,50,50,1,-1,-1,-1
452,6,380,957,50,50,1,-1,-1,-1
452,7,499,774,50,50,1,-1,-1,-1
452,10,590,483,50,50,1,-1,-1,-1
452,11,443,569,50,50,1,-1,-1,-1
453,2,549,1177,50,50,1,-1,-1,-1
453,6,389,1023,50,50,1,-1,-1,-1
453,7,509,717,50,50,1,-1,-1,-1
453,10,604,507,50,50,1,-1,-1,-1
453,11,464,557,50,50,1,-1,-1,-1
454,2,542,1133,50,50,1,-1,-1,-1
454,6,386,1052,50,50,1,-1,-1,-1
454,7,515,672,50,50,1,-1,-1,-1
454,10,611,535,50,50,1,-1,-1,-1
454,11,456,560,50,50,1,-1,-1,-1
455,2,541,1061,50,50,1,-1,-1,-1
455,6,392,1083,50,50,1,-1,-1,-1
455,7,526,630,50,50,1,-1,-1,-1
455,10,618,569,50,50,1,-1,-1,-1
455,11,447,568,50,50,1,-1,-1,-1
456,2,521,990,50,50,1,-1,-1,-1
456,6,391,1137,50,50,1,-1,-1,-1
456,10,625,606,50,50,1,-1,-1,-1
456,11,439,580,50,50,1,-1,-1,-1
457,2,546,918,50,50,1,-1,-1,-1
457,6,408,1178,50,50,1,-1,-1,-1
457,7,543,561,50,50,1,-1,-1,-1
457,10,630,652,50,50,1,-1,-1,-1
458,2,527,854,50,50,1,-1,-1,-1
458,6,408,1195,50,50,1,-1,-1,-1
458,7,522,536,50,50,1,-1,-1,-1
458,10,632,705,50,50,1,-1,-1,-1
458,11,426,621,50,50,1,-1,-1,-1
459,6,411,1195,50,50,1,-1,-1,-1
459,7,560,515,50,50,1,-1,-1,-1
459,10,639,759,50,50,1,-1,-1,-1
459,11,389,651,50,50,1,-1,-1,-1
460,2,527,736,50,50,1,-1,-1,-1
460,6,419,1172,50,50,1,-1,-1,-1
460,7,569,501,50,50,1,-1,-1,-1
460,10,646,822,50,50,1,-1,-1,-1
460,11,409,681,50,50,1,-1,-1,-1
461,2,520,688,50,50,1,-1,-1,-1
461,6,427,1113,50,50,1,-1,-1,-1
461,7,575,485,50,50,1,-1,-1,-1
461,10,631,891,50,50,1,-1,-1,-1
461,11,403,715,50,50,1,-1,-1,-1
462,2,515,643,50,50,1,-1,-1,-1
462,6,431,1059,50,50,1,-1,-1,-1
462,7,573,482,50,50,1,-1,-1,-1
462,11,367,762,50,50,1,-1,-1,-1
463,2,479,608,50,50,1,-1,-1,-1
463,6,451,979,50,50,1,-1,-1,-1
463,7,583,489,50,50,1,-1,-1,-1
463,11,360,810,50,50,1,-1,-1,-1
464,2,502,573,50,50,1,-1,-1,-1
464,7,603,496,50,50,1,-1,-1,-1
464,11,353,863,50,50,1,-1,-1,-1
465,2,497,549,50,50,1,-1,-1,-1
465,6,457,833,50,50,1,-1,-1,-1
465,7,609,508,50,50,1,-1,-1,-1
465,10,610,1039,50,50,1,-1,-1,-1
465,11,373,922,50,50,1,-1,-1,-1
466,2,490,526,50,50,1,-1,-1,-1
466,6,477,780,50,50,1,-1,-1,-1
466,7,610,522,50,50,1,-1,-1,-1
466,10,595,1095,50,50,1,-1,-1,-1
466,11,339,982,50,50,1,-1,-1,-1
467,2,455,515,50,50,1,-1,-1,-1
467,6,456,723,50,50,1,-1,-1,-1
467,7,629,556,50,50,1,-1,-1,-1
467,10,586,1155,50,50,1,-1,-1,-1
467,11,342,1036,50,50,1,-1,-1,-1
468,2,477,502,50,50,1,-1,-1,-1
468,6,490,679,50,50,1,-1,-1,-1
468,7,638,585,50,50,1,-1,-1,-1
468,10,579,1155,50,50,1,-1,-1,-1
468,11,318,1064,50,50,1,-1,-1,-1
469,2,470,499,50,50,1,-1,-1,-1
469,6,499,636,50,50,1,-1,-1,-1
469,7,645,614,50,50,1,-1,-1,-1
469,11,333,1098,50,50,1,-1,-1,-1
470,2,466,502,50,50,1,-1,-1,-1
470,6,507,596,50,50,1,-1,-1,-1
470,7,655,662,50,50,1,-1,-1,-1
470,10,565,1051,50,50,1,-1,-1,-1
470,11,345,1129,50,50,1,-1,-1,-1
471,2,459,508,50,50,1,-1,-1,-1
471,7,662,705,50,50,1,-1,-1,-1
471,10,556,986,50,50,1,-1,-1,-1
471,11,357,1163,50,50,1,-1,-1,-1
472,6,524,538,50,50,1,-1,-1,-1
472,7,670,755,50,50,1,-1,-1,-1
472,10,558,914,50,50,1,-1,-1,-1
472,11,373,1197,50,50,1,-1,-1,-1
473,2,448,541,50,50,1,-1,-1,-1
473,7,678,814,50,50,1,-1,-1,-1
473,10,546,856,50,50,1,-1,-1,-1
473,11,391,1215,50,50,1,-1,-1,-1
474,6,539,499,50,50,1,-1,-1,-1
474,7,687,874,50,50,1,-1,-1,-1
474,10,540,799,50,50,1,-1,-1,-1
474,11,407,1216,50,50,1,-1,-1,-1
475,2,438,600,50,50,1,-1,-1,-1
475,6,546,490,50,50,1,-1,-1,-1
475,7,694,942,50,50,1,-1,-1,-1
475,10,531,747,50,50,1,-1,-1,-1
475,11,423,1194,50,50,1,-1,-1,-1
476,2,427,634,50,50,1,-1,-1,-1
476,6,552,473,50,50,1,-1,-1,-1
476,7,703,981,50,50,1,-1,-1,-1
476,10,520,706,50,50,1,-1,-1,-1
476,11,448,1167,50,50,1,-1,-1,-1
477,6,559,482,50,50,1,-1,-1,-1
477,7,685,1012,50,50,1,-1,-1,-1
477,10,513,660,50,50,1,-1,-1,-1
477,11,453,1077,50,50,1,-1,-1,-1
478,2,391,720,50,50,1,-1,-1,-1
478,6,569,484,50,50,1,-1,-1,-1
478,7,672,1043,50,50,1,-1,-1,-1
478,10,503,624,50,50,1,-1,-1,-1
478,11,457,1003,50,50,1,-1,-1,-1
479,2,414,773,50,50,1,-1,-1,-1
479,6,574,493,50,50,1,-1,-1,-1
479,7,638,1096,50,50,1,-1,-1,-1
479,10,490,598,50,50,1,-1,-1,-1
479,11,479,936,50,50,1,-1,-1,-1
480,2,380,827,50,50,1,-1,-1,-1
480,6,586,510,50,50,1,-1,-1,-1
480,7,612,1146,50,50,1,-1,-1,-1
480,10,483,572,50,50,1,-1,-1,-1
480,11,484,862,50,50,1,-1,-1,-1
481,2,403,896,50,50,1,-1,-1,-1
481,6,594,538,50,50,1,-1,-1,-1
481,7,590,1170,50,50,1,-1,-1,-1
481,10,474,556,50,50,1,-1,-1,-1
481,11,493,798,50,50,1,-1,-1,-1
482,2,399,954,50,50,1,-1,-1,-1
482,6,602,564,50,50,1,-1,-1,-1
482,7,580,1164,50,50,1,-1,-1,-1
482,10,462,540,50,50,1,-1,-1,-1
482,11,477,744,50,50,1,-1,-1,-1
483,2,378,1015,50,50,1,-1,-1,-1
483,6,610,598,50,50,1,-1,-1,-1
483,7,574,1132,50,50,1,-1,-1,-1
483,10,451,537,50,50,1,-1,-1,-1
483,11,515,698,50,50,1,-1,-1,-1
484,2,370,1058,50,50,1,-1,-1,-1
484,7,571,1064,50,50,1,-1,-1,-1
484,10,443,536,50,50,1,-1,-1,-1
484,11,523,656,50,50,1,-1,-1,-1
485,2,398,1087,50,50,1,-1,-1,-1
485,7,573,996,50,50,1,-1,-1,-1
485,10,433,543,50,50,1,-1,-1,-1
485,11,532,613,50,50,1,-1,-1,-1
486,2,391,1152,50,50,1,-1,-1,-1
486,6,634,731,50,50,1,-1,-1,-1
486,7,565,933,50,50,1,-1,-1,-1
486,10,424,553,50,50,1,-1,-1,-1
486,11,541,582,50,50,1,-1,-1,-1
487,2,403,1186,50,50,1,-1,-1,-1
487,6,643,784,50,50,1,-1,-1,-1
487,7,525,870,50,50,1,-1,-1,-1
487,10,417,572,50,50,1,-1,-1,-1
487,11,549,553,50,50,1,-1,-1,-1
488,1,623,952,50,50,1,-1,-1,-1
488,2,414,1198,50,50,1,-1,-1,-1
488,6,648,844,50,50,1,-1,-1,-1
488,7,543,812,50,50,1,-1,-1,-1
488,10,405,597,50,50,1,-1,-1,-1
488,11,557,531,50,50,1,-1,-1,-1
489,2,427,1177,50,50,1,-1,-1,-1
489,6,658,906,50,50,1,-1,-1,-1
489,7,502,760,50,50,1,-1,-1,-1
489,10,396,626,50,50,1,-1,-1,-1
489,11,562,516,50,50,1,-1,-1,-1
490,2,438,1131,50,50,1,-1,-1,-1
490,6,650,966,50,50,1,-1,-1,-1
490,7,517,713,50,50,1,-1,-1,-1
490,10,388,657,50,50,1,-1,-1,-1
490,11,572,501,50,50,1,-1,-1,-1
491,2,462,1058,50,50,1,-1,-1,-1
491,6,658,992,50,50,1,-1,-1,-1
491,7,478,673,50,50,1,-1,-1,-1
491,10,379,698,50,50,1,-1,-1,-1
491,11,580,497,50,50,1,-1,-1,-1
492,2,454,989,50,50,1,-1,-1,-1
492,6,649,1034,50,50,1,-1,-1,-1
492,7,496,632,50,50,1,-1,-1,-1
492,10,366,745,50,50,1,-1,-1,-1
492,11,584,488,50,50,1,-1,-1,-1
493,2,468,907,50,50,1,-1,-1,-1
493,6,629,1085,50,50,1,-1,-1,-1
493,7,484,610,50,50,1,-1,-1,-1
493,10,352,796,50,50,1,-1,-1,-1
493,11,595,500,50,50,1,-1,-1,-1
494,2,488,841,50,50,1,-1,-1,-1
494,6,610,1143,50,50,1,-1,-1,-1
494,7,469,582,50,50,1,-1,-1,-1
494,10,339,853,50,50,1,-1,-1,-1
494,11,605,515,50,50,1,-1,-1,-1
495,2,471,783,50,50,1,-1,-1,-1
495,6,586,1175,50,50,1,-1,-1,-1
495,7,461,562,50,50,1,-1,-1,-1
495,10,340,917,50,50,1,-1,-1,-1
495,11,615,532,50,50,1,-1,-1,-1
496,2,476,735,50,50,1,-1,-1,-1
496,6,575,1177,50,50,1,-1,-1,-1
496,7,447,550,50,50,1,-1,-1,-1
496,10,330,984,50,50,1,-1,-1,-1
496,11,624,554,50,50,1,-1,-1,-1
497,2,515,687,50,50,1,-1,-1,-1
497,6,568,1150,50,50,1,-1,-1,-1
497,7,436,543,50,50,1,-1,-1,-1
497,10,313,1043,50,50,1,-1,-1,-1
497,11,632,580,50,50,1,-1,-1,-1
498,2,523,645,50,50,1,-1,-1,-1
498,6,569,1097,50,50,1,-1,-1,-1
498,7,425,543,50,50,1,-1,-1,-1
498,10,319,1083,50,50,1,-1,-1,-1
498,11,640,617,50,50,1,-1,-1,-1
499,2,531,607,50,50,1,-1,-1,-1
499,6,571,1014,50,50,1,-1,-1,-1
499,7,414,544,50,50,1,-1,-1,-1
499,10,337,1122,50,50,1,-1,-1,-1
499,11,647,653,50,50,1,-1,-1,-1
500,2,510,574,50,50,1,-1,-1,-1
500,6,541,943,50,50,1,-1,-1,-1
500,7,402,557,50,50,1,-1,-1,-1
500,10,358,1160,50,50,1,-1,-1,-1
500,11,656,695,50,50,1,-1,-1,-1
501,2,546,551,50,50,1,-1,-1,-1
501,6,563,874,50,50,1,-1,-1,-1
501,7,392,571,50,50,1,-1,-1,-1
501,10,379,1191,50,50,1,-1,-1,-1
501,11,662,741,50,50,1,-1,-1,-1
502,2,554,530,50,50,1,-1,-1,-1
502,6,524,806,50,50,1,-1,-1,-1
502,7,383,593,50,50,1,-1,-1,-1
502,10,399,1208,50,50,1,-1,-1,-1
502,11,671,797,50,50,1,-1,-1,-1
503,2,562,513,50,50,1,-1,-1,-1
503,6,546,742,50,50,1,-1,-1,-1
503,7,371,617,50,50,1,-1,-1,-1
503,10,412,1200,50,50,1,-1,-1,-1
503,11,650,855,50,50,1,-1,-1,-1
504,2,570,506,50,50,1,-1,-1,-1
504,6,538,688,50,50,1,-1,-1,-1
504,7,355,649,50,50,1,-1,-1,-1
504,10,424,1160,50,50,1,-1,-1,-1
504,11,686,915,50,50,1,-1,-1,-1
505,2,577,502,50,50,1,-1,-1,-1
505,6,529,636,50,50,1,-1,-1,-1
505,7,350,687,50,50,1,-1,-1,-1
505,10,433,1102,50,50,1,-1,-1,-1
505,11,669,948,50,50,1,-1,-1,-1
506,2,584,505,50,50,1,-1,-1,-1
506,6,520,589,50,50,1,-1,-1,-1
506,7,332,728,50,50,1,-1,-1,-1
506,10,453,1020,50,50,1,-1,-1,-1
506,11,667,981,50,50,1,-1,-1,-1
507,2,593,513,50,50,1,-1,-1,-1
507,7,322,774,50,50,1,-1,-1,-1
507,10,448,947,50,50,1,-1,-1,-1
507,11,669,1009,50,50,1,-1,-1,-1
508,2,600,526,50,50,1,-1,-1,-1
508,6,490,517,50,50,1,-1,-1,-1
508,7,305,827,50,50,1,-1,-1,-1
508,10,438,885,50,50,1,-1,-1,-1
508,11,641,1074,50,50,1,-1,-1,-1
509,2,607,544,50,50,1,-1,-1,-1
509,6,493,485,50,50,1,-1,-1,-1
509,7,308,885,50,50,1,-1,-1,-1
509,10,471,823,50,50,1,-1,-1,-1
509,11,615,1129,50,50,1,-1,-1,-1
510,2,616,569,50,50,1,-1,-1,-1
510,6,479,461,50,50,1,-1,-1,-1
510,7,295,948,50,50,1,-1,-1,-1
510,10,455,766,50,50,1,-1,-1,-1
510,11,597,1160,50,50,1,-1,-1,-1
511,2,623,597,50,50,1,-1,-1,-1
511,6,473,444,50,50,1,-1,-1,-1
511,7,273,996,50,50,1,-1,-1,-1
511,10,493,717,50,50,1,-1,-1,-1
511,11,578,1157,50,50,1,-1,-1,-1
512,2,631,634,50,50,1,-1,-1,-1
512,6,467,431,50,50,1,-1,-1,-1
512,7,270,1021,50,50,1,-1,-1,-1
512,10,502,672,50,50,1,-1,-1,-1
512,11,575,1118,50,50,1,-1,-1,-1
513,2,639,675,50,50,1,-1,-1,-1
513,6,459,426,50,50,1,-1,-1,-1
513,7,277,1040,50,50,1,-1,-1,-1
513,10,510,632,50,50,1,-1,-1,-1
513,11,575,1058,50,50,1,-1,-1,-1
514,2,644,720,50,50,1,-1,-1,-1
514,6,446,425,50,50,1,-1,-1,-1
514,7,288,1059,50,50,1,-1,-1,-1
514,10,517,602,50,50,1,-1,-1,-1
514,11,550,983,50,50,1,-1,-1,-1
515,2,653,774,50,50,1,-1,-1,-1
515,6,438,427,50,50,1,-1,-1,-1
515,7,305,1076,50,50,1,-1,-1,-1
515,10,525,570,50,50,1,-1,-1,-1
515,11,543,913,50,50,1,-1,-1,-1
516,6,429,443,50,50,1,-1,-1,-1
516,7,318,1087,50,50,1,-1,-1,-1
516,10,526,544,50,50,1,-1,-1,-1
516,11,537,850,50,50,1,-1,-1,-1
517,2,667,888,50,50,1,-1,-1,-1
517,6,419,462,50,50,1,-1,-1,-1
517,7,332,1085,50,50,1,-1,-1,-1
517,10,540,529,50,50,1,-1,-1,-1
517,11,560,790,50,50,1,-1,-1,-1
518,2,675,953,50,50,1,-1,-1,-1
518,6,416,485,50,50,1,-1,-1,-1
518,7,339,1075,50,50,1,-1,-1,-1
518,10,548,518,50,50,1,-1,-1,-1
518,11,555,734,50,50,1,-1,-1,-1
519,6,408,518,50,50,1,-1,-1,-1
519,7,344,1058,50,50,1,-1,-1,-1
519,10,553,506,50,50,1,-1,-1,-1
519,11,547,684,50,50,1,-1,-1,-1
520,2,651,1031,50,50,1,-1,-1,-1
520,6,396,547,50,50,1,-1,-1,-1
520,7,343,1034,50,50,1,-1,-1,-1
520,10,561,506,50,50,1,-1,-1,-1
520,11,540,639,50,50,1,-1,-1,-1
521,2,659,1028,50,50,1,-1,-1,-1
521,6,377,585,50,50,1,-1,-1,-1
521,7,338,1011,50,50,1,-1,-1,-1
521,10,570,511,50,50,1,-1,-1,-1
522,2,642,1033,50,50,1,-1,-1,-1
522,6,378,635,50,50,1,-1,-1,-1
522,7,341,983,50,50,1,-1,-1,-1
522,10,581,525,50,50,1,-1,-1,-1
523,2,634,1032,50,50,1,-1,-1,-1
523,6,374,687,50,50,1,-1,-1,-1
523,7,332,968,50,50,1,-1,-1,-1
523,10,588,540,50,50,1,-1,-1,-1
524,2,619,1047,50,50,1,-1,-1,-1
524,6,366,745,50,50,1,-1,-1,-1
524,7,322,955,50,50,1,-1,-1,-1
524,10,597,562,50,50,1,-1,-1,-1
525,2,617,1037,50,50,1,-1,-1,-1
525,6,347,810,50,50,1,-1,-1,-1
525,7,318,948,50,50,1,-1,-1,-1
525,10,605,589,50,50,1,-1,-1,-1
525,11,508,503,50,50,1,-1,-1,-1
526,6,351,879,50,50,1,-1,-1,-1
526,10,613,620,50,50,1,-1,-1,-1
526,11,495,485,50,50,1,-1,-1,-1
527,7,327,937,50,50,1,-1,-1,-1
527,10,622,662,50,50,1,-1,-1,-1
527,11,492,484,50,50,1,-1,-1,-1
528,7,295,960,50,50,1,-1,-1,-1
528,10,628,701,50,50,1,-1,-1,-1
528,11,485,488,50,50,1,-1,-1,-1
529,7,300,980,50,50,1,-1,-1,-1
529,10,637,750,50,50,1,-1,-1,-1
529,11,479,493,50,50,1,-1,-1,-1
530,2,669,967,50,50,1,-1,-1,-1
530,7,310,987,50,50,1,-1,-1,-1
530,10,635,804,50,50,1,-1,-1,-1
530,11,474,506,50,50,1,-1,-1,-1
531,2,623,965,50,50,1,-1,-1,-1
531,7,323,993,50,50,1,-1,-1,-1
531,10,652,863,50,50,1,-1,-1,-1
531,11,437,528,50,50,1,-1,-1,-1
532,7,319,999,50,50,1,-1,-1,-1
532,10,659,925,50,50,1,-1,-1,-1
532,11,431,549,50,50,1,-1,-1,-1
533,7,336,1019,50,50,1,-1,-1,-1
533,10,662,960,50,50,1,-1,-1,-1
533,11,424,579,50,50,1,-1,-1,-1
534,7,340,1029,50,50,1,-1,-1,-1
534,10,669,970,50,50,1,-1,-1,-1
534,11,417,615,50,50,1,-1,-1,-1
535,7,343,1037,50,50,1,-1,-1,-1
535,10,673,985,50,50,1,-1,-1,-1
535,11,439,655,50,50,1,-1,-1,-1
536,7,344,1042,50,50,1,-1,-1,-1
536,10,679,1002,50,50,1,-1,-1,-1
536,11,404,701,50,50,1,-1,-1,-1
537,7,358,1038,50,50,1,-1,-1,-1
537,10,683,1021,50,50,1,-1,-1,-1
537,11,398,752,50,50,1,-1,-1,-1
538,7,361,1043,50,50,1,-1,-1,-1
538,10,682,1034,50,50,1,-1,-1,-1
538,11,391,811,50,50,1,-1,-1,-1
539,7,357,1038,50,50,1,-1,-1,-1
539,10,679,1042,50,50,1,-1,-1,-1
539,11,415,876,50,50,1,-1,-1,-1
540,7,354,1035,50,50,1,-1,-1,-1
540,10,677,1048,50,50,1,-1,-1,-1
540,11,409,944,50,50,1,-1,-1,-1
541,10,676,1052,50,50,1,-1,-1,-1
541,11,402,1007,50,50,1,-1,-1,-1
542,7,368,1024,50,50,1,-1,-1,-1
542,10,676,1056,50,50,1,-1,-1,-1
543,10,675,1054,50,50,1,-1,-1,-1
543,12,403,1041,50,50,1,-1,-1,-1
544,10,675,1050,50,50,1,-1,-1,-1
544,12,404,1042,50,50,1,-1,-1,-1
545,10,674,1043,50,50,1,-1,-1,-1
545,12,402,1037,50,50,1,-1,-1,-1
546,10,671,1039,50,50,1,-1,-1,-1
546,12,402,1037,50,50,1,-1,-1,-1
547,10,678,1042,50,50,1,-1,-1,-1
547,12,402,1037,50,50,1,-1,-1,-1
548,10,680,1044,50,50,1,-1,-1,-1
548,12,403,1042,50,50,1,-1,-1,-1
549,10,681,1046,50,50,1,-1,-1,-1
549,12,400,1038,50,50,1,-1,-1,-1
550,10,675,1036,50,50,1,-1,-1,-1
550,12,402,1043,50,50,1,-1,-1,-1
551,10,677,1040,50,50,1,-1,-1,-1
551,12,399,1035,50,50,1,-1,-1,-1
552,10,677,1043,50,50,1,-1,-1,-1
552,12,399,1037,50,50,1,-1,-1,-1
553,10,674,1038,50,50,1,-1,-1,-1
553,12,397,1035,50,50,1,-1,-1,-1
554,10,677,1041,50,50,1,-1,-1,-1
554,12,398,1035,50,50,1,-1,-1,-1
555,10,674,1036,50,50,1,-1,-1,-1
555,12,396,1035,50,50,1,-1,-1,-1
556,10,676,1036,50,50,1,-1,-1,-1
556,12,395,1035,50,50,1,-1,-1,-1
557,10,678,1043,50,50,1,-1,-1,-1
557,12,390,1030,50,50,1,-1,-1,-1
558,10,677,1044,50,50,1,-1,-1,-1
558,12,391,1039,50,50,1,-1,-1,-1
559,10,678,1049,50,50,1,-1,-1,-1
559,12,386,1047,50,50,1,-1,-1,-1
560,10,684,1065,50,50,1,-1,-1,-1
560,12,383,1062,50,50,1,-1,-1,-1
561,10,688,1092,50,50,1,-1,-1,-1
561,12,347,1076,50,50,1,-1,-1,-1
562,10,681,1129,50,50,1,-1,-1,-1
562,12,340,1102,50,50,1,-1,-1,-1
563,10,682,1163,50,50,1,-1,-1,-1
563,12,334,1131,50,50,1,-1,-1,-1
564,10,678,1197,50,50,1,-1,-1,-1
564,12,326,1163,50,50,1,-1,-1,-1
565,10,671,1229,50,50,1,-1,-1,-1
565,12,348,1225,50,50,1,-1,-1,-1
