2,1,454,1399,50,50,1,-1,-1,-1
2,2,507,1309,50,50,1,-1,-1,-1
3,1,462,1334,50,50,1,-1,-1,-1
3,2,508,1319,50,50,1,-1,-1,-1
4,1,463,1249,50,50,1,-1,-1,-1
4,2,506,1332,50,50,1,-1,-1,-1
5,1,457,1161,50,50,1,-1,-1,-1
5,2,504,1343,50,50,1,-1,-1,-1
6,1,451,1066,50,50,1,-1,-1,-1
6,2,502,1351,50,50,1,-1,-1,-1
7,1,445,979,50,50,1,-1,-1,-1
7,2,501,1358,50,50,1,-1,-1,-1
8,1,440,900,50,50,1,-1,-1,-1
8,2,500,1364,50,50,1,-1,-1,-1
9,1,435,825,50,50,1,-1,-1,-1
9,2,498,1368,50,50,1,-1,-1,-1
10,1,429,755,50,50,1,-1,-1,-1
10,2,497,1368,50,50,1,-1,-1,-1
10,3,411,1137,50,50,1,-1,-1,-1
11,1,424,691,50,50,1,-1,-1,-1
11,2,496,1360,50,50,1,-1,-1,-1
12,1,419,631,50,50,1,-1,-1,-1
12,2,495,1343,50,50,1,-1,-1,-1
12,3,395,1205,50,50,1,-1,-1,-1
13,1,415,577,50,50,1,-1,-1,-1
13,2,492,1312,50,50,1,-1,-1,-1
13,3,398,1255,50,50,1,-1,-1,-1
14,1,410,528,50,50,1,-1,-1,-1
14,2,489,1277,50,50,1,-1,-1,-1
14,3,407,1310,50,50,1,-1,-1,-1
15,1,406,483,50,50,1,-1,-1,-1
15,2,485,1241,50,50,1,-1,-1,-1
15,3,415,1358,50,50,1,-1,-1,-1
16,1,402,444,50,50,1,-1,-1,-1
16,2,479,1210,50,50,1,-1,-1,-1
16,3,424,1386,50,50,1,-1,-1,-1
17,1,398,409,50,50,1,-1,-1,-1
17,2,472,1181,50,50,1,-1,-1,-1
17,3,437,1397,50,50,1,-1,-1,-1
18,1,394,379,50,50,1,-1,-1,-1
18,2,466,1160,50,50,1,-1,-1,-1
18,3,448,1393,50,50,1,-1,-1,-1
19,1,390,353,50,50,1,-1,-1,-1
19,2,460,1140,50,50,1,-1,-1,-1
19,3,459,1371,50,50,1,-1,-1,-1
20,1,386,333,50,50,1,-1,-1,-1
20,2,453,1126,50,50,1,-1,-1,-1
20,3,466,1334,50,50,1,-1,-1,-1
21,1,383,316,50,50,1,-1,-1,-1
21,2,447,1117,50,50,1,-1,-1,-1
21,3,471,1288,50,50,1,-1,-1,-1
22,1,379,304,50,50,1,-1,-1,-1
22,2,441,1113,50,50,1,-1,-1,-1
22,3,474,1239,50,50,1,-1,-1,-1
22,4,524,1288,50,50,1,-1,-1,-1
23,1,376,297,50,50,1,-1,-1,-1
23,2,435,1114,50,50,1,-1,-1,-1
23,3,476,1195,50,50,1,-1,-1,-1
23,4,525,1322,50,50,1,-1,-1,-1
24,1,373,293,50,50,1,-1,-1,-1
24,2,431,1119,50,50,1,-1,-1,-1
24,3,478,1158,50,50,1,-1,-1,-1
24,4,527,1354,50,50,1,-1,-1,-1
25,1,370,294,50,50,1,-1,-1,-1
25,2,426,1129,50,50,1,-1,-1,-1
25,3,481,1118,50,50,1,-1,-1,-1
25,4,525,1385,50,50,1,-1,-1,-1
26,1,369,299,50,50,1,-1,-1,-1
26,2,420,1144,50,50,1,-1,-1,-1
26,3,485,1087,50,50,1,-1,-1,-1
26,4,522,1408,50,50,1,-1,-1,-1
27,1,364,309,50,50,1,-1,-1,-1
27,2,415,1161,50,50,1,-1,-1,-1
27,3,489,1059,50,50,1,-1,-1,-1
27,4,516,1422,50,50,1,-1,-1,-1
28,1,361,323,50,50,1,-1,-1,-1
28,2,407,1172,50,50,1,-1,-1,-1
28,3,492,1037,50,50,1,-1,-1,-1
28,4,509,1427,50,50,1,-1,-1,-1
29,1,359,341,50,50,1,-1,-1,-1
29,2,403,1182,50,50,1,-1,-1,-1
29,3,494,1021,50,50,1,-1,-1,-1
29,4,503,1425,50,50,1,-1,-1,-1
30,1,356,364,50,50,1,-1,-1,-1
30,2,404,1197,50,50,1,-1,-1,-1
30,3,498,1008,50,50,1,-1,-1,-1
30,4,493,1407,50,50,1,-1,-1,-1
31,1,354,391,50,50,1,-1,-1,-1
31,2,407,1216,50,50,1,-1,-1,-1
31,3,501,1001,50,50,1,-1,-1,-1
31,4,482,1369,50,50,1,-1,-1,-1
32,1,351,422,50,50,1,-1,-1,-1
32,2,412,1239,50,50,1,-1,-1,-1
32,3,505,997,50,50,1,-1,-1,-1
32,4,473,1296,50,50,1,-1,-1,-1
33,1,349,458,50,50,1,-1,-1,-1
33,2,417,1271,50,50,1,-1,-1,-1
33,3,509,999,50,50,1,-1,-1,-1
33,4,469,1207,50,50,1,-1,-1,-1
34,1,346,498,50,50,1,-1,-1,-1
34,2,422,1308,50,50,1,-1,-1,-1
34,3,513,1005,50,50,1,-1,-1,-1
34,4,469,1120,50,50,1,-1,-1,-1
35,1,345,544,50,50,1,-1,-1,-1
35,2,426,1341,50,50,1,-1,-1,-1
35,3,516,1015,50,50,1,-1,-1,-1
35,4,469,1029,50,50,1,-1,-1,-1
36,1,342,593,50,50,1,-1,-1,-1
36,2,426,1353,50,50,1,-1,-1,-1
36,3,521,1030,50,50,1,-1,-1,-1
36,4,470,952,50,50,1,-1,-1,-1
37,1,340,648,50,50,1,-1,-1,-1
37,2,429,1343,50,50,1,-1,-1,-1
37,3,525,1051,50,50,1,-1,-1,-1
37,4,471,876,50,50,1,-1,-1,-1
38,1,338,707,50,50,1,-1,-1,-1
38,2,434,1314,50,50,1,-1,-1,-1
38,3,530,1075,50,50,1,-1,-1,-1
38,4,471,805,50,50,1,-1,-1,-1
39,1,337,770,50,50,1,-1,-1,-1
39,2,438,1270,50,50,1,-1,-1,-1
39,3,535,1099,50,50,1,-1,-1,-1
39,4,471,739,50,50,1,-1,-1,-1
40,1,336,839,50,50,1,-1,-1,-1
40,2,443,1226,50,50,1,-1,-1,-1
40,3,529,1136,50,50,1,-1,-1,-1
40,4,471,679,50,50,1,-1,-1,-1
41,1,334,911,50,50,1,-1,-1,-1
41,2,447,1188,50,50,1,-1,-1,-1
41,3,539,1147,50,50,1,-1,-1,-1
41,4,472,624,50,50,1,-1,-1,-1
42,1,332,990,50,50,1,-1,-1,-1
42,2,452,1155,50,50,1,-1,-1,-1
42,3,535,1179,50,50,1,-1,-1,-1
42,4,473,573,50,50,1,-1,-1,-1
43,1,332,1072,50,50,1,-1,-1,-1
43,2,458,1121,50,50,1,-1,-1,-1
43,3,522,1198,50,50,1,-1,-1,-1
43,4,474,527,50,50,1,-1,-1,-1
44,1,329,1154,50,50,1,-1,-1,-1
44,2,463,1098,50,50,1,-1,-1,-1
44,3,511,1241,50,50,1,-1,-1,-1
44,4,475,487,50,50,1,-1,-1,-1
45,1,330,1180,50,50,1,-1,-1,-1
45,2,470,1076,50,50,1,-1,-1,-1
45,3,498,1292,50,50,1,-1,-1,-1
45,4,476,451,50,50,1,-1,-1,-1
46,1,327,1191,50,50,1,-1,-1,-1
46,2,475,1060,50,50,1,-1,-1,-1
46,3,487,1335,50,50,1,-1,-1,-1
46,4,478,420,50,50,1,-1,-1,-1
47,1,331,1200,50,50,1,-1,-1,-1
47,2,482,1048,50,50,1,-1,-1,-1
47,3,481,1353,50,50,1,-1,-1,-1
47,4,479,393,50,50,1,-1,-1,-1
48,1,333,1208,50,50,1,-1,-1,-1
48,2,488,1042,50,50,1,-1,-1,-1
48,3,472,1345,50,50,1,-1,-1,-1
48,4,480,371,50,50,1,-1,-1,-1
49,1,337,1221,50,50,1,-1,-1,-1
49,2,494,1041,50,50,1,-1,-1,-1
49,3,463,1314,50,50,1,-1,-1,-1
49,4,482,354,50,50,1,-1,-1,-1
50,1,342,1240,50,50,1,-1,-1,-1
50,2,500,1043,50,50,1,-1,-1,-1
50,3,455,1269,50,50,1,-1,-1,-1
50,4,484,341,50,50,1,-1,-1,-1
51,1,348,1266,50,50,1,-1,-1,-1
51,2,506,1051,50,50,1,-1,-1,-1
51,3,449,1218,50,50,1,-1,-1,-1
51,4,485,333,50,50,1,-1,-1,-1
52,1,355,1296,50,50,1,-1,-1,-1
52,2,512,1063,50,50,1,-1,-1,-1
52,3,442,1173,50,50,1,-1,-1,-1
52,4,487,329,50,50,1,-1,-1,-1
53,1,364,1334,50,50,1,-1,-1,-1
53,2,518,1079,50,50,1,-1,-1,-1
53,3,433,1130,50,50,1,-1,-1,-1
53,4,489,330,50,50,1,-1,-1,-1
54,1,377,1371,50,50,1,-1,-1,-1
54,2,526,1100,50,50,1,-1,-1,-1
54,3,426,1093,50,50,1,-1,-1,-1
54,4,492,334,50,50,1,-1,-1,-1
55,1,390,1405,50,50,1,-1,-1,-1
55,2,533,1126,50,50,1,-1,-1,-1
55,3,420,1059,50,50,1,-1,-1,-1
55,4,494,344,50,50,1,-1,-1,-1
56,1,405,1429,50,50,1,-1,-1,-1
56,2,540,1156,50,50,1,-1,-1,-1
56,3,415,1032,50,50,1,-1,-1,-1
56,4,497,358,50,50,1,-1,-1,-1
57,1,426,1436,50,50,1,-1,-1,-1
57,2,546,1182,50,50,1,-1,-1,-1
57,3,408,1009,50,50,1,-1,-1,-1
57,4,499,377,50,50,1,-1,-1,-1
58,1,445,1428,50,50,1,-1,-1,-1
58,2,552,1202,50,50,1,-1,-1,-1
58,3,402,991,50,50,1,-1,-1,-1
58,4,502,400,50,50,1,-1,-1,-1
59,1,463,1389,50,50,1,-1,-1,-1
59,2,548,1223,50,50,1,-1,-1,-1
59,3,395,978,50,50,1,-1,-1,-1
59,4,505,427,50,50,1,-1,-1,-1
60,1,471,1313,50,50,1,-1,-1,-1
60,2,540,1251,50,50,1,-1,-1,-1
60,3,389,970,50,50,1,-1,-1,-1
60,4,509,459,50,50,1,-1,-1,-1
61,1,468,1220,50,50,1,-1,-1,-1
61,2,533,1287,50,50,1,-1,-1,-1
61,3,384,966,50,50,1,-1,-1,-1
61,4,511,497,50,50,1,-1,-1,-1
62,1,461,1134,50,50,1,-1,-1,-1
62,2,527,1323,50,50,1,-1,-1,-1
62,3,378,967,50,50,1,-1,-1,-1
62,4,515,538,50,50,1,-1,-1,-1
63,1,453,1037,50,50,1,-1,-1,-1
63,2,520,1339,50,50,1,-1,-1,-1
63,3,373,972,50,50,1,-1,-1,-1
63,4,518,585,50,50,1,-1,-1,-1
64,1,446,959,50,50,1,-1,-1,-1
64,2,512,1332,50,50,1,-1,-1,-1
64,3,366,982,50,50,1,-1,-1,-1
64,4,522,637,50,50,1,-1,-1,-1
65,1,438,882,50,50,1,-1,-1,-1
65,2,506,1308,50,50,1,-1,-1,-1
65,3,361,998,50,50,1,-1,-1,-1
65,4,526,693,50,50,1,-1,-1,-1
66,1,431,807,50,50,1,-1,-1,-1
66,2,498,1264,50,50,1,-1,-1,-1
66,3,356,1017,50,50,1,-1,-1,-1
66,4,530,754,50,50,1,-1,-1,-1
67,1,423,739,50,50,1,-1,-1,-1
67,2,489,1219,50,50,1,-1,-1,-1
67,3,350,1040,50,50,1,-1,-1,-1
67,4,534,820,50,50,1,-1,-1,-1
68,1,416,675,50,50,1,-1,-1,-1
68,2,481,1176,50,50,1,-1,-1,-1
68,3,344,1065,50,50,1,-1,-1,-1
68,4,539,891,50,50,1,-1,-1,-1
69,1,410,617,50,50,1,-1,-1,-1
69,2,474,1139,50,50,1,-1,-1,-1
69,3,339,1093,50,50,1,-1,-1,-1
69,4,543,966,50,50,1,-1,-1,-1
70,1,403,563,50,50,1,-1,-1,-1
70,2,466,1102,50,50,1,-1,-1,-1
70,3,344,1114,50,50,1,-1,-1,-1
70,4,548,1048,50,50,1,-1,-1,-1
71,1,397,515,50,50,1,-1,-1,-1
71,2,458,1071,50,50,1,-1,-1,-1
71,3,353,1138,50,50,1,-1,-1,-1
71,4,553,1134,50,50,1,-1,-1,-1
72,1,390,472,50,50,1,-1,-1,-1
72,2,449,1045,50,50,1,-1,-1,-1
72,3,361,1175,50,50,1,-1,-1,-1
72,4,564,1175,50,50,1,-1,-1,-1
73,1,384,433,50,50,1,-1,-1,-1
73,2,442,1025,50,50,1,-1,-1,-1
73,3,364,1220,50,50,1,-1,-1,-1
73,4,573,1193,50,50,1,-1,-1,-1
74,1,378,399,50,50,1,-1,-1,-1
74,2,435,1010,50,50,1,-1,-1,-1
74,3,376,1278,50,50,1,-1,-1,-1
74,4,575,1204,50,50,1,-1,-1,-1
75,1,372,369,50,50,1,-1,-1,-1
75,2,428,999,50,50,1,-1,-1,-1
75,3,398,1329,50,50,1,-1,-1,-1
75,4,574,1222,50,50,1,-1,-1,-1
76,1,366,345,50,50,1,-1,-1,-1
76,2,421,993,50,50,1,-1,-1,-1
76,3,416,1347,50,50,1,-1,-1,-1
76,4,570,1242,50,50,1,-1,-1,-1
77,1,361,325,50,50,1,-1,-1,-1
77,2,414,991,50,50,1,-1,-1,-1
77,3,429,1335,50,50,1,-1,-1,-1
77,4,564,1263,50,50,1,-1,-1,-1
78,1,355,309,50,50,1,-1,-1,-1
78,2,407,995,50,50,1,-1,-1,-1
78,3,440,1293,50,50,1,-1,-1,-1
78,4,558,1284,50,50,1,-1,-1,-1
79,1,350,298,50,50,1,-1,-1,-1
79,2,400,1003,50,50,1,-1,-1,-1
79,3,446,1243,50,50,1,-1,-1,-1
79,4,551,1308,50,50,1,-1,-1,-1
80,1,344,292,50,50,1,-1,-1,-1
80,2,393,1016,50,50,1,-1,-1,-1
80,3,452,1195,50,50,1,-1,-1,-1
80,4,546,1333,50,50,1,-1,-1,-1
81,1,339,290,50,50,1,-1,-1,-1
81,2,387,1033,50,50,1,-1,-1,-1
81,3,457,1157,50,50,1,-1,-1,-1
81,4,538,1360,50,50,1,-1,-1,-1
82,1,334,292,50,50,1,-1,-1,-1
82,2,381,1056,50,50,1,-1,-1,-1
82,3,464,1114,50,50,1,-1,-1,-1
82,4,530,1384,50,50,1,-1,-1,-1
83,1,329,299,50,50,1,-1,-1,-1
83,2,374,1083,50,50,1,-1,-1,-1
83,3,470,1082,50,50,1,-1,-1,-1
83,4,523,1407,50,50,1,-1,-1,-1
84,1,324,311,50,50,1,-1,-1,-1
84,2,368,1116,50,50,1,-1,-1,-1
84,3,477,1051,50,50,1,-1,-1,-1
84,4,514,1425,50,50,1,-1,-1,-1
85,1,319,327,50,50,1,-1,-1,-1
85,2,361,1144,50,50,1,-1,-1,-1
85,3,484,1026,50,50,1,-1,-1,-1
85,4,505,1435,50,50,1,-1,-1,-1
86,1,314,348,50,50,1,-1,-1,-1
86,2,360,1164,50,50,1,-1,-1,-1
86,3,490,1008,50,50,1,-1,-1,-1
86,4,498,1439,50,50,1,-1,-1,-1
87,1,309,374,50,50,1,-1,-1,-1
87,2,374,1193,50,50,1,-1,-1,-1
87,3,497,994,50,50,1,-1,-1,-1
87,4,489,1435,50,50,1,-1,-1,-1
88,1,304,403,50,50,1,-1,-1,-1
88,2,376,1204,50,50,1,-1,-1,-1
88,3,503,984,50,50,1,-1,-1,-1
88,4,479,1416,50,50,1,-1,-1,-1
89,1,299,439,50,50,1,-1,-1,-1
89,2,384,1242,50,50,1,-1,-1,-1
89,3,510,979,50,50,1,-1,-1,-1
89,4,470,1371,50,50,1,-1,-1,-1
90,1,295,479,50,50,1,-1,-1,-1
90,2,392,1284,50,50,1,-1,-1,-1
90,3,516,978,50,50,1,-1,-1,-1
90,4,464,1290,50,50,1,-1,-1,-1
91,1,290,524,50,50,1,-1,-1,-1
91,2,402,1325,50,50,1,-1,-1,-1
91,3,523,982,50,50,1,-1,-1,-1
91,4,463,1199,50,50,1,-1,-1,-1
92,1,286,573,50,50,1,-1,-1,-1
92,2,413,1338,50,50,1,-1,-1,-1
92,3,531,990,50,50,1,-1,-1,-1
92,4,466,1111,50,50,1,-1,-1,-1
93,1,282,629,50,50,1,-1,-1,-1
93,2,423,1318,50,50,1,-1,-1,-1
93,3,538,1003,50,50,1,-1,-1,-1
93,4,466,1023,50,50,1,-1,-1,-1
94,1,277,689,50,50,1,-1,-1,-1
94,2,430,1276,50,50,1,-1,-1,-1
94,3,545,1020,50,50,1,-1,-1,-1
94,4,467,949,50,50,1,-1,-1,-1
95,1,273,755,50,50,1,-1,-1,-1
95,2,438,1229,50,50,1,-1,-1,-1
95,3,552,1042,50,50,1,-1,-1,-1
95,4,468,876,50,50,1,-1,-1,-1
96,1,268,826,50,50,1,-1,-1,-1
96,2,441,1191,50,50,1,-1,-1,-1
96,3,559,1069,50,50,1,-1,-1,-1
96,4,469,809,50,50,1,-1,-1,-1
97,1,265,902,50,50,1,-1,-1,-1
97,2,445,1156,50,50,1,-1,-1,-1
97,3,565,1096,50,50,1,-1,-1,-1
97,4,471,746,50,50,1,-1,-1,-1
98,1,261,984,50,50,1,-1,-1,-1
98,2,449,1120,50,50,1,-1,-1,-1
98,3,570,1124,50,50,1,-1,-1,-1
98,4,472,688,50,50,1,-1,-1,-1
99,1,256,1071,50,50,1,-1,-1,-1
99,2,456,1093,50,50,1,-1,-1,-1
99,3,568,1141,50,50,1,-1,-1,-1
99,4,474,635,50,50,1,-1,-1,-1
100,1,247,1158,50,50,1,-1,-1,-1
100,2,461,1068,50,50,1,-1,-1,-1
100,3,564,1162,50,50,1,-1,-1,-1
100,4,476,587,50,50,1,-1,-1,-1
101,1,232,1171,50,50,1,-1,-1,-1
101,2,467,1049,50,50,1,-1,-1,-1
101,3,557,1194,50,50,1,-1,-1,-1
101,4,478,544,50,50,1,-1,-1,-1
102,1,241,1168,50,50,1,-1,-1,-1
102,2,473,1035,50,50,1,-1,-1,-1
102,3,543,1241,50,50,1,-1,-1,-1
102,4,480,506,50,50,1,-1,-1,-1
103,1,255,1175,50,50,1,-1,-1,-1
103,2,478,1027,50,50,1,-1,-1,-1
103,3,527,1298,50,50,1,-1,-1,-1
103,4,482,473,50,50,1,-1,-1,-1
104,1,270,1184,50,50,1,-1,-1,-1
104,2,484,1022,50,50,1,-1,-1,-1
104,3,510,1339,50,50,1,-1,-1,-1
104,4,484,444,50,50,1,-1,-1,-1
105,1,288,1197,50,50,1,-1,-1,-1
105,2,490,1023,50,50,1,-1,-1,-1
105,3,498,1351,50,50,1,-1,-1,-1
105,4,487,421,50,50,1,-1,-1,-1
106,1,304,1215,50,50,1,-1,-1,-1
106,2,496,1027,50,50,1,-1,-1,-1
106,3,487,1333,50,50,1,-1,-1,-1
106,4,489,401,50,50,1,-1,-1,-1
107,1,315,1239,50,50,1,-1,-1,-1
107,2,503,1037,50,50,1,-1,-1,-1
107,3,475,1291,50,50,1,-1,-1,-1
107,4,492,387,50,50,1,-1,-1,-1
108,1,328,1268,50,50,1,-1,-1,-1
108,2,509,1051,50,50,1,-1,-1,-1
108,3,466,1241,50,50,1,-1,-1,-1
108,4,495,376,50,50,1,-1,-1,-1
109,1,341,1300,50,50,1,-1,-1,-1
109,2,515,1070,50,50,1,-1,-1,-1
109,3,458,1196,50,50,1,-1,-1,-1
109,4,497,371,50,50,1,-1,-1,-1
110,1,355,1335,50,50,1,-1,-1,-1
110,2,522,1094,50,50,1,-1,-1,-1
110,3,449,1156,50,50,1,-1,-1,-1
110,4,500,370,50,50,1,-1,-1,-1
111,1,372,1373,50,50,1,-1,-1,-1
111,2,529,1122,50,50,1,-1,-1,-1
111,3,439,1115,50,50,1,-1,-1,-1
111,4,503,373,50,50,1,-1,-1,-1
112,1,388,1402,50,50,1,-1,-1,-1
112,2,536,1156,50,50,1,-1,-1,-1
112,3,430,1083,50,50,1,-1,-1,-1
112,4,506,380,50,50,1,-1,-1,-1
113,1,405,1427,50,50,1,-1,-1,-1
113,2,543,1189,50,50,1,-1,-1,-1
113,3,422,1054,50,50,1,-1,-1,-1
113,4,510,392,50,50,1,-1,-1,-1
114,1,422,1438,50,50,1,-1,-1,-1
114,2,554,1202,50,50,1,-1,-1,-1
114,3,415,1031,50,50,1,-1,-1,-1
114,4,514,409,50,50,1,-1,-1,-1
115,1,442,1432,50,50,1,-1,-1,-1
115,2,556,1219,50,50,1,-1,-1,-1
115,3,407,1013,50,50,1,-1,-1,-1
115,4,517,430,50,50,1,-1,-1,-1
116,1,458,1400,50,50,1,-1,-1,-1
116,2,553,1244,50,50,1,-1,-1,-1
116,3,398,1000,50,50,1,-1,-1,-1
116,4,521,455,50,50,1,-1,-1,-1
117,1,465,1331,50,50,1,-1,-1,-1
117,2,551,1277,50,50,1,-1,-1,-1
117,3,390,991,50,50,1,-1,-1,-1
117,4,525,485,50,50,1,-1,-1,-1
118,1,461,1234,50,50,1,-1,-1,-1
118,2,545,1316,50,50,1,-1,-1,-1
118,3,383,987,50,50,1,-1,-1,-1
118,4,529,520,50,50,1,-1,-1,-1
119,1,452,1152,50,50,1,-1,-1,-1
119,2,538,1351,50,50,1,-1,-1,-1
119,3,375,988,50,50,1,-1,-1,-1
119,4,533,559,50,50,1,-1,-1,-1
120,1,445,1058,50,50,1,-1,-1,-1
120,2,531,1364,50,50,1,-1,-1,-1
120,3,367,993,50,50,1,-1,-1,-1
120,4,538,603,50,50,1,-1,-1,-1
121,1,437,975,50,50,1,-1,-1,-1
121,2,524,1359,50,50,1,-1,-1,-1
121,3,359,1004,50,50,1,-1,-1,-1
121,4,542,652,50,50,1,-1,-1,-1
122,1,430,897,50,50,1,-1,-1,-1
122,2,516,1337,50,50,1,-1,-1,-1
122,3,352,1019,50,50,1,-1,-1,-1
122,4,546,705,50,50,1,-1,-1,-1
123,1,423,825,50,50,1,-1,-1,-1
123,2,510,1300,50,50,1,-1,-1,-1
123,3,344,1039,50,50,1,-1,-1,-1
123,4,551,762,50,50,1,-1,-1,-1
124,1,416,758,50,50,1,-1,-1,-1
124,2,503,1251,50,50,1,-1,-1,-1
124,3,337,1061,50,50,1,-1,-1,-1
124,4,556,825,50,50,1,-1,-1,-1
125,1,409,696,50,50,1,-1,-1,-1
125,2,495,1203,50,50,1,-1,-1,-1
125,3,323,1087,50,50,1,-1,-1,-1
125,4,561,892,50,50,1,-1,-1,-1
126,1,401,639,50,50,1,-1,-1,-1
126,2,489,1164,50,50,1,-1,-1,-1
126,3,336,1120,50,50,1,-1,-1,-1
126,4,567,964,50,50,1,-1,-1,-1
127,1,395,589,50,50,1,-1,-1,-1
127,2,481,1122,50,50,1,-1,-1,-1
127,3,339,1145,50,50,1,-1,-1,-1
127,4,573,1040,50,50,1,-1,-1,-1
128,1,388,543,50,50,1,-1,-1,-1
128,2,474,1089,50,50,1,-1,-1,-1
128,3,339,1165,50,50,1,-1,-1,-1
128,4,578,1123,50,50,1,-1,-1,-1
129,1,383,502,50,50,1,-1,-1,-1
129,2,465,1060,50,50,1,-1,-1,-1
129,3,345,1206,50,50,1,-1,-1,-1
129,4,593,1184,50,50,1,-1,-1,-1
130,1,377,467,50,50,1,-1,-1,-1
130,2,458,1034,50,50,1,-1,-1,-1
130,3,358,1255,50,50,1,-1,-1,-1
130,4,595,1196,50,50,1,-1,-1,-1
131,1,371,436,50,50,1,-1,-1,-1
131,2,452,1016,50,50,1,-1,-1,-1
131,3,372,1312,50,50,1,-1,-1,-1
131,4,596,1205,50,50,1,-1,-1,-1
132,1,366,410,50,50,1,-1,-1,-1
132,2,445,1002,50,50,1,-1,-1,-1
132,3,393,1355,50,50,1,-1,-1,-1
132,4,583,1219,50,50,1,-1,-1,-1
133,1,360,388,50,50,1,-1,-1,-1
133,2,438,992,50,50,1,-1,-1,-1
133,3,413,1371,50,50,1,-1,-1,-1
133,4,573,1229,50,50,1,-1,-1,-1
134,1,355,371,50,50,1,-1,-1,-1
134,2,432,987,50,50,1,-1,-1,-1
134,3,429,1360,50,50,1,-1,-1,-1
134,4,566,1240,50,50,1,-1,-1,-1
135,1,349,358,50,50,1,-1,-1,-1
135,2,426,988,50,50,1,-1,-1,-1
135,3,440,1328,50,50,1,-1,-1,-1
135,4,562,1257,50,50,1,-1,-1,-1
136,1,345,350,50,50,1,-1,-1,-1
136,2,419,992,50,50,1,-1,-1,-1
136,3,447,1280,50,50,1,-1,-1,-1
136,4,556,1278,50,50,1,-1,-1,-1
137,1,339,346,50,50,1,-1,-1,-1
137,2,413,1001,50,50,1,-1,-1,-1
137,3,449,1229,50,50,1,-1,-1,-1
137,4,551,1301,50,50,1,-1,-1,-1
138,1,335,347,50,50,1,-1,-1,-1
138,2,408,1015,50,50,1,-1,-1,-1
138,3,451,1186,50,50,1,-1,-1,-1
138,4,544,1326,50,50,1,-1,-1,-1
139,1,331,351,50,50,1,-1,-1,-1
139,2,402,1034,50,50,1,-1,-1,-1
139,3,451,1147,50,50,1,-1,-1,-1
139,4,540,1351,50,50,1,-1,-1,-1
140,1,326,360,50,50,1,-1,-1,-1
140,2,396,1057,50,50,1,-1,-1,-1
140,3,454,1108,50,50,1,-1,-1,-1
140,4,534,1374,50,50,1,-1,-1,-1
141,1,321,373,50,50,1,-1,-1,-1
141,2,390,1085,50,50,1,-1,-1,-1
141,3,457,1076,50,50,1,-1,-1,-1
141,4,524,1394,50,50,1,-1,-1,-1
142,1,317,391,50,50,1,-1,-1,-1
142,2,385,1118,50,50,1,-1,-1,-1
142,3,459,1050,50,50,1,-1,-1,-1
142,4,513,1412,50,50,1,-1,-1,-1
143,1,313,412,50,50,1,-1,-1,-1
143,2,379,1150,50,50,1,-1,-1,-1
143,3,463,1025,50,50,1,-1,-1,-1
143,4,503,1425,50,50,1,-1,-1,-1
144,1,308,438,50,50,1,-1,-1,-1
144,2,382,1182,50,50,1,-1,-1,-1
144,3,465,1010,50,50,1,-1,-1,-1
144,4,490,1429,50,50,1,-1,-1,-1
145,1,304,468,50,50,1,-1,-1,-1
145,2,384,1205,50,50,1,-1,-1,-1
145,3,468,997,50,50,1,-1,-1,-1
145,4,477,1426,50,50,1,-1,-1,-1
146,1,300,502,50,50,1,-1,-1,-1
146,2,386,1231,50,50,1,-1,-1,-1
146,3,471,989,50,50,1,-1,-1,-1
146,4,465,1409,50,50,1,-1,-1,-1
147,1,296,541,50,50,1,-1,-1,-1
147,2,387,1270,50,50,1,-1,-1,-1
147,3,474,986,50,50,1,-1,-1,-1
147,4,449,1370,50,50,1,-1,-1,-1
148,1,293,583,50,50,1,-1,-1,-1
148,2,393,1313,50,50,1,-1,-1,-1
148,3,477,987,50,50,1,-1,-1,-1
148,4,440,1300,50,50,1,-1,-1,-1
149,1,289,631,50,50,1,-1,-1,-1
149,2,402,1344,50,50,1,-1,-1,-1
149,3,481,993,50,50,1,-1,-1,-1
149,4,433,1217,50,50,1,-1,-1,-1
150,1,286,682,50,50,1,-1,-1,-1
150,2,409,1342,50,50,1,-1,-1,-1
150,3,484,1004,50,50,1,-1,-1,-1
150,4,432,1134,50,50,1,-1,-1,-1
151,1,282,738,50,50,1,-1,-1,-1
151,2,415,1312,50,50,1,-1,-1,-1
151,3,488,1019,50,50,1,-1,-1,-1
151,4,430,1052,50,50,1,-1,-1,-1
152,1,279,799,50,50,1,-1,-1,-1
152,2,420,1264,50,50,1,-1,-1,-1
152,3,492,1039,50,50,1,-1,-1,-1
152,4,430,978,50,50,1,-1,-1,-1
153,1,275,863,50,50,1,-1,-1,-1
153,2,422,1219,50,50,1,-1,-1,-1
153,3,497,1064,50,50,1,-1,-1,-1
153,4,428,908,50,50,1,-1,-1,-1
154,1,272,931,50,50,1,-1,-1,-1
154,2,425,1176,50,50,1,-1,-1,-1
154,3,501,1096,50,50,1,-1,-1,-1
154,4,427,844,50,50,1,-1,-1,-1
155,1,269,1005,50,50,1,-1,-1,-1
155,2,430,1138,50,50,1,-1,-1,-1
155,3,505,1130,50,50,1,-1,-1,-1
155,4,426,784,50,50,1,-1,-1,-1
156,1,266,1083,50,50,1,-1,-1,-1
156,2,433,1106,50,50,1,-1,-1,-1
156,3,509,1160,50,50,1,-1,-1,-1
156,4,425,728,50,50,1,-1,-1,-1
157,1,263,1165,50,50,1,-1,-1,-1
157,2,437,1077,50,50,1,-1,-1,-1
157,3,522,1193,50,50,1,-1,-1,-1
157,4,424,678,50,50,1,-1,-1,-1
158,1,253,1209,50,50,1,-1,-1,-1
158,2,441,1053,50,50,1,-1,-1,-1
158,3,514,1205,50,50,1,-1,-1,-1
158,4,423,632,50,50,1,-1,-1,-1
159,1,256,1214,50,50,1,-1,-1,-1
159,2,447,1033,50,50,1,-1,-1,-1
159,3,505,1238,50,50,1,-1,-1,-1
159,4,422,592,50,50,1,-1,-1,-1
160,1,262,1225,50,50,1,-1,-1,-1
160,2,452,1019,50,50,1,-1,-1,-1
160,3,492,1279,50,50,1,-1,-1,-1
160,4,421,556,50,50,1,-1,-1,-1
161,1,266,1233,50,50,1,-1,-1,-1
161,2,457,1010,50,50,1,-1,-1,-1
161,3,481,1327,50,50,1,-1,-1,-1
161,4,421,525,50,50,1,-1,-1,-1
162,1,268,1246,50,50,1,-1,-1,-1
162,2,461,1004,50,50,1,-1,-1,-1
162,3,474,1363,50,50,1,-1,-1,-1
162,4,421,498,50,50,1,-1,-1,-1
163,1,271,1262,50,50,1,-1,-1,-1
163,2,466,1003,50,50,1,-1,-1,-1
163,3,467,1368,50,50,1,-1,-1,-1
163,4,420,476,50,50,1,-1,-1,-1
164,1,276,1280,50,50,1,-1,-1,-1
164,2,471,1007,50,50,1,-1,-1,-1
164,3,455,1346,50,50,1,-1,-1,-1
164,4,420,459,50,50,1,-1,-1,-1
165,1,282,1301,50,50,1,-1,-1,-1
165,2,476,1016,50,50,1,-1,-1,-1
165,3,444,1307,50,50,1,-1,-1,-1
165,4,420,446,50,50,1,-1,-1,-1
166,1,291,1324,50,50,1,-1,-1,-1
166,2,482,1028,50,50,1,-1,-1,-1
166,3,434,1255,50,50,1,-1,-1,-1
166,4,420,438,50,50,1,-1,-1,-1
167,1,304,1350,50,50,1,-1,-1,-1
167,2,488,1046,50,50,1,-1,-1,-1
167,3,427,1208,50,50,1,-1,-1,-1
167,4,420,434,50,50,1,-1,-1,-1
168,1,319,1378,50,50,1,-1,-1,-1
168,2,495,1068,50,50,1,-1,-1,-1
168,3,420,1163,50,50,1,-1,-1,-1
168,4,420,435,50,50,1,-1,-1,-1
169,1,335,1405,50,50,1,-1,-1,-1
169,2,500,1097,50,50,1,-1,-1,-1
169,3,411,1122,50,50,1,-1,-1,-1
169,4,421,440,50,50,1,-1,-1,-1
170,1,354,1426,50,50,1,-1,-1,-1
170,2,505,1128,50,50,1,-1,-1,-1
170,3,403,1086,50,50,1,-1,-1,-1
170,4,421,450,50,50,1,-1,-1,-1
171,1,377,1440,50,50,1,-1,-1,-1
171,2,510,1163,50,50,1,-1,-1,-1
171,3,395,1055,50,50,1,-1,-1,-1
171,4,422,464,50,50,1,-1,-1,-1
172,1,396,1441,50,50,1,-1,-1,-1
172,2,516,1197,50,50,1,-1,-1,-1
172,3,387,1029,50,50,1,-1,-1,-1
172,4,423,483,50,50,1,-1,-1,-1
173,1,409,1427,50,50,1,-1,-1,-1
173,2,518,1220,50,50,1,-1,-1,-1
173,3,380,1008,50,50,1,-1,-1,-1
173,4,424,507,50,50,1,-1,-1,-1
174,1,416,1385,50,50,1,-1,-1,-1
174,2,509,1249,50,50,1,-1,-1,-1
174,3,372,991,50,50,1,-1,-1,-1
174,4,425,535,50,50,1,-1,-1,-1
175,1,417,1302,50,50,1,-1,-1,-1
175,2,492,1296,50,50,1,-1,-1,-1
175,3,365,979,50,50,1,-1,-1,-1
175,4,426,569,50,50,1,-1,-1,-1
176,1,410,1207,50,50,1,-1,-1,-1
176,2,474,1335,50,50,1,-1,-1,-1
176,3,357,971,50,50,1,-1,-1,-1
176,4,427,607,50,50,1,-1,-1,-1
177,1,403,1121,50,50,1,-1,-1,-1
177,2,459,1356,50,50,1,-1,-1,-1
177,3,350,969,50,50,1,-1,-1,-1
177,4,429,649,50,50,1,-1,-1,-1
178,1,395,1035,50,50,1,-1,-1,-1
178,2,447,1357,50,50,1,-1,-1,-1
178,3,343,971,50,50,1,-1,-1,-1
178,4,431,697,50,50,1,-1,-1,-1
179,1,387,954,50,50,1,-1,-1,-1
179,2,435,1338,50,50,1,-1,-1,-1
179,3,336,978,50,50,1,-1,-1,-1
179,4,432,748,50,50,1,-1,-1,-1
180,1,380,878,50,50,1,-1,-1,-1
180,2,427,1305,50,50,1,-1,-1,-1
180,3,328,989,50,50,1,-1,-1,-1
180,4,434,807,50,50,1,-1,-1,-1
181,1,372,809,50,50,1,-1,-1,-1
181,2,423,1259,50,50,1,-1,-1,-1
181,3,322,1005,50,50,1,-1,-1,-1
181,4,436,869,50,50,1,-1,-1,-1
182,1,365,742,50,50,1,-1,-1,-1
182,2,420,1210,50,50,1,-1,-1,-1
182,3,315,1026,50,50,1,-1,-1,-1
182,4,439,936,50,50,1,-1,-1,-1
183,1,357,681,50,50,1,-1,-1,-1
183,2,418,1168,50,50,1,-1,-1,-1
183,3,308,1052,50,50,1,-1,-1,-1
183,4,441,1008,50,50,1,-1,-1,-1
184,1,350,626,50,50,1,-1,-1,-1
184,2,414,1129,50,50,1,-1,-1,-1
184,3,302,1078,50,50,1,-1,-1,-1
184,4,443,1088,50,50,1,-1,-1,-1
185,1,343,575,50,50,1,-1,-1,-1
185,2,410,1095,50,50,1,-1,-1,-1
185,3,304,1103,50,50,1,-1,-1,-1
185,4,447,1171,50,50,1,-1,-1,-1
186,1,336,528,50,50,1,-1,-1,-1
186,2,408,1064,50,50,1,-1,-1,-1
186,3,311,1124,50,50,1,-1,-1,-1
186,4,450,1210,50,50,1,-1,-1,-1
187,1,330,488,50,50,1,-1,-1,-1
187,2,406,1040,50,50,1,-1,-1,-1
187,3,321,1151,50,50,1,-1,-1,-1
187,4,460,1224,50,50,1,-1,-1,-1
188,1,323,451,50,50,1,-1,-1,-1
188,2,404,1021,50,50,1,-1,-1,-1
188,3,322,1179,50,50,1,-1,-1,-1
188,4,472,1235,50,50,1,-1,-1,-1
189,1,317,420,50,50,1,-1,-1,-1
189,2,401,1006,50,50,1,-1,-1,-1
189,3,334,1224,50,50,1,-1,-1,-1
189,4,477,1247,50,50,1,-1,-1,-1
190,1,311,393,50,50,1,-1,-1,-1
190,2,399,996,50,50,1,-1,-1,-1
190,3,346,1275,50,50,1,-1,-1,-1
190,4,481,1258,50,50,1,-1,-1,-1
191,1,304,370,50,50,1,-1,-1,-1
191,2,397,991,50,50,1,-1,-1,-1
191,3,365,1331,50,50,1,-1,-1,-1
191,4,485,1273,50,50,1,-1,-1,-1
192,1,298,352,50,50,1,-1,-1,-1
192,2,395,990,50,50,1,-1,-1,-1
192,3,390,1360,50,50,1,-1,-1,-1
192,4,489,1291,50,50,1,-1,-1,-1
193,1,292,339,50,50,1,-1,-1,-1
193,2,393,994,50,50,1,-1,-1,-1
193,3,410,1354,50,50,1,-1,-1,-1
193,4,494,1311,50,50,1,-1,-1,-1
194,1,287,330,50,50,1,-1,-1,-1
194,2,392,1002,50,50,1,-1,-1,-1
194,3,424,1320,50,50,1,-1,-1,-1
194,4,500,1330,50,50,1,-1,-1,-1
195,1,281,326,50,50,1,-1,-1,-1
195,2,390,1016,50,50,1,-1,-1,-1
195,3,429,1272,50,50,1,-1,-1,-1
195,4,504,1346,50,50,1,-1,-1,-1
196,1,275,326,50,50,1,-1,-1,-1
196,2,388,1034,50,50,1,-1,-1,-1
196,3,433,1221,50,50,1,-1,-1,-1
196,4,508,1362,50,50,1,-1,-1,-1
197,1,269,331,50,50,1,-1,-1,-1
197,2,387,1056,50,50,1,-1,-1,-1
197,3,433,1177,50,50,1,-1,-1,-1
197,4,510,1378,50,50,1,-1,-1,-1
198,1,264,341,50,50,1,-1,-1,-1
198,2,386,1083,50,50,1,-1,-1,-1
198,3,433,1133,50,50,1,-1,-1,-1
198,4,511,1397,50,50,1,-1,-1,-1
199,1,258,355,50,50,1,-1,-1,-1
199,2,384,1115,50,50,1,-1,-1,-1
199,3,436,1095,50,50,1,-1,-1,-1
199,4,511,1414,50,50,1,-1,-1,-1
200,1,253,374,50,50,1,-1,-1,-1
200,2,383,1152,50,50,1,-1,-1,-1
200,3,439,1060,50,50,1,-1,-1,-1
200,4,509,1430,50,50,1,-1,-1,-1
201,1,247,398,50,50,1,-1,-1,-1
201,2,384,1187,50,50,1,-1,-1,-1
201,3,441,1029,50,50,1,-1,-1,-1
201,4,503,1442,50,50,1,-1,-1,-1
202,1,241,426,50,50,1,-1,-1,-1
202,2,382,1218,50,50,1,-1,-1,-1
202,3,444,1006,50,50,1,-1,-1,-1
202,4,496,1451,50,50,1,-1,-1,-1
203,1,236,459,50,50,1,-1,-1,-1
203,2,381,1246,50,50,1,-1,-1,-1
203,3,447,987,50,50,1,-1,-1,-1
203,4,486,1453,50,50,1,-1,-1,-1
204,1,232,496,50,50,1,-1,-1,-1
204,2,383,1283,50,50,1,-1,-1,-1
204,3,449,972,50,50,1,-1,-1,-1
204,4,474,1448,50,50,1,-1,-1,-1
205,1,226,540,50,50,1,-1,-1,-1
205,2,382,1326,50,50,1,-1,-1,-1
205,3,452,962,50,50,1,-1,-1,-1
205,4,456,1429,50,50,1,-1,-1,-1
206,1,220,588,50,50,1,-1,-1,-1
206,2,385,1351,50,50,1,-1,-1,-1
206,3,455,957,50,50,1,-1,-1,-1
206,4,438,1390,50,50,1,-1,-1,-1
207,1,215,642,50,50,1,-1,-1,-1
207,2,381,1343,50,50,1,-1,-1,-1
207,3,457,956,50,50,1,-1,-1,-1
207,4,426,1324,50,50,1,-1,-1,-1
208,1,210,700,50,50,1,-1,-1,-1
208,2,389,1301,50,50,1,-1,-1,-1
208,3,461,960,50,50,1,-1,-1,-1
208,4,421,1237,50,50,1,-1,-1,-1
209,1,204,764,50,50,1,-1,-1,-1
209,2,391,1245,50,50,1,-1,-1,-1
209,3,463,969,50,50,1,-1,-1,-1
209,4,419,1157,50,50,1,-1,-1,-1
210,1,200,834,50,50,1,-1,-1,-1
210,2,391,1197,50,50,1,-1,-1,-1
210,3,467,983,50,50,1,-1,-1,-1
210,4,420,1077,50,50,1,-1,-1,-1
211,1,194,908,50,50,1,-1,-1,-1
211,2,392,1150,50,50,1,-1,-1,-1
211,3,470,1001,50,50,1,-1,-1,-1
211,4,423,1001,50,50,1,-1,-1,-1
212,1,189,989,50,50,1,-1,-1,-1
212,2,393,1108,50,50,1,-1,-1,-1
212,3,474,1023,50,50,1,-1,-1,-1
212,4,423,933,50,50,1,-1,-1,-1
213,1,184,1075,50,50,1,-1,-1,-1
213,2,393,1071,50,50,1,-1,-1,-1
213,3,478,1052,50,50,1,-1,-1,-1
213,4,423,870,50,50,1,-1,-1,-1
214,1,178,1165,50,50,1,-1,-1,-1
214,2,395,1039,50,50,1,-1,-1,-1
214,3,482,1084,50,50,1,-1,-1,-1
214,4,423,811,50,50,1,-1,-1,-1
215,1,174,1215,50,50,1,-1,-1,-1
215,2,397,1012,50,50,1,-1,-1,-1
215,3,485,1122,50,50,1,-1,-1,-1
215,4,424,759,50,50,1,-1,-1,-1
216,1,182,1218,50,50,1,-1,-1,-1
216,2,398,990,50,50,1,-1,-1,-1
216,3,491,1160,50,50,1,-1,-1,-1
216,4,425,711,50,50,1,-1,-1,-1
217,1,200,1217,50,50,1,-1,-1,-1
217,2,400,972,50,50,1,-1,-1,-1
217,3,496,1191,50,50,1,-1,-1,-1
217,4,426,668,50,50,1,-1,-1,-1
218,1,215,1218,50,50,1,-1,-1,-1
218,2,401,959,50,50,1,-1,-1,-1
218,3,498,1219,50,50,1,-1,-1,-1
218,4,426,631,50,50,1,-1,-1,-1
219,1,231,1224,50,50,1,-1,-1,-1
219,2,404,951,50,50,1,-1,-1,-1
219,3,492,1258,50,50,1,-1,-1,-1
219,4,428,598,50,50,1,-1,-1,-1
220,1,244,1233,50,50,1,-1,-1,-1
220,2,406,948,50,50,1,-1,-1,-1
220,3,480,1304,50,50,1,-1,-1,-1
220,4,428,570,50,50,1,-1,-1,-1
221,1,256,1248,50,50,1,-1,-1,-1
221,2,408,949,50,50,1,-1,-1,-1
221,3,462,1352,50,50,1,-1,-1,-1
221,4,430,547,50,50,1,-1,-1,-1
222,1,264,1264,50,50,1,-1,-1,-1
222,2,410,955,50,50,1,-1,-1,-1
222,3,445,1380,50,50,1,-1,-1,-1
222,4,432,530,50,50,1,-1,-1,-1
223,1,270,1282,50,50,1,-1,-1,-1
223,2,412,966,50,50,1,-1,-1,-1
223,3,429,1383,50,50,1,-1,-1,-1
223,4,433,516,50,50,1,-1,-1,-1
224,1,273,1300,50,50,1,-1,-1,-1
224,2,415,981,50,50,1,-1,-1,-1
224,3,414,1363,50,50,1,-1,-1,-1
224,4,434,507,50,50,1,-1,-1,-1
225,1,275,1320,50,50,1,-1,-1,-1
225,2,417,1001,50,50,1,-1,-1,-1
225,3,401,1324,50,50,1,-1,-1,-1
225,4,436,503,50,50,1,-1,-1,-1
226,1,279,1339,50,50,1,-1,-1,-1
226,2,420,1025,50,50,1,-1,-1,-1
226,3,393,1271,50,50,1,-1,-1,-1
226,4,438,503,50,50,1,-1,-1,-1
227,1,285,1353,50,50,1,-1,-1,-1
227,2,422,1057,50,50,1,-1,-1,-1
227,3,389,1220,50,50,1,-1,-1,-1
227,4,440,507,50,50,1,-1,-1,-1
228,1,292,1362,50,50,1,-1,-1,-1
228,2,426,1094,50,50,1,-1,-1,-1
228,3,386,1176,50,50,1,-1,-1,-1
228,4,442,516,50,50,1,-1,-1,-1
229,1,299,1368,50,50,1,-1,-1,-1
229,2,428,1133,50,50,1,-1,-1,-1
229,3,383,1133,50,50,1,-1,-1,-1
229,4,445,530,50,50,1,-1,-1,-1
230,1,307,1373,50,50,1,-1,-1,-1
230,2,431,1178,50,50,1,-1,-1,-1
230,3,379,1096,50,50,1,-1,-1,-1
230,4,447,547,50,50,1,-1,-1,-1
231,1,314,1375,50,50,1,-1,-1,-1
231,2,443,1221,50,50,1,-1,-1,-1
231,3,377,1064,50,50,1,-1,-1,-1
231,4,449,569,50,50,1,-1,-1,-1
232,1,321,1374,50,50,1,-1,-1,-1
232,2,450,1225,50,50,1,-1,-1,-1
232,3,374,1037,50,50,1,-1,-1,-1
232,4,452,596,50,50,1,-1,-1,-1
233,1,329,1372,50,50,1,-1,-1,-1
233,2,449,1231,50,50,1,-1,-1,-1
233,3,371,1015,50,50,1,-1,-1,-1
233,4,454,627,50,50,1,-1,-1,-1
234,1,334,1369,50,50,1,-1,-1,-1
234,2,460,1244,50,50,1,-1,-1,-1
234,3,367,997,50,50,1,-1,-1,-1
234,4,457,663,50,50,1,-1,-1,-1
235,1,337,1365,50,50,1,-1,-1,-1
235,2,474,1254,50,50,1,-1,-1,-1
235,3,365,984,50,50,1,-1,-1,-1
235,4,460,703,50,50,1,-1,-1,-1
236,1,340,1361,50,50,1,-1,-1,-1
236,2,480,1257,50,50,1,-1,-1,-1
236,3,362,976,50,50,1,-1,-1,-1
236,4,463,747,50,50,1,-1,-1,-1
237,1,342,1353,50,50,1,-1,-1,-1
237,2,484,1257,50,50,1,-1,-1,-1
237,3,359,973,50,50,1,-1,-1,-1
237,4,466,796,50,50,1,-1,-1,-1
238,1,343,1343,50,50,1,-1,-1,-1
238,2,486,1253,50,50,1,-1,-1,-1
238,3,357,974,50,50,1,-1,-1,-1
238,4,470,849,50,50,1,-1,-1,-1
239,1,343,1335,50,50,1,-1,-1,-1
239,3,354,981,50,50,1,-1,-1,-1
239,4,473,906,50,50,1,-1,-1,-1
240,1,342,1327,50,50,1,-1,-1,-1
240,2,487,1249,50,50,1,-1,-1,-1
240,3,352,992,50,50,1,-1,-1,-1
240,4,477,968,50,50,1,-1,-1,-1
241,1,340,1320,50,50,1,-1,-1,-1
241,2,490,1247,50,50,1,-1,-1,-1
241,3,350,1008,50,50,1,-1,-1,-1
241,4,480,1033,50,50,1,-1,-1,-1
242,1,337,1316,50,50,1,-1,-1,-1
242,2,493,1241,50,50,1,-1,-1,-1
242,3,348,1028,50,50,1,-1,-1,-1
242,4,484,1105,50,50,1,-1,-1,-1
243,1,332,1314,50,50,1,-1,-1,-1
243,2,494,1235,50,50,1,-1,-1,-1
243,3,346,1054,50,50,1,-1,-1,-1
243,4,487,1180,50,50,1,-1,-1,-1
244,1,328,1312,50,50,1,-1,-1,-1
244,2,489,1237,50,50,1,-1,-1,-1
244,3,344,1084,50,50,1,-1,-1,-1
245,1,322,1312,50,50,1,-1,-1,-1
245,2,491,1241,50,50,1,-1,-1,-1
245,3,342,1120,50,50,1,-1,-1,-1
246,1,316,1312,50,50,1,-1,-1,-1
246,2,491,1245,50,50,1,-1,-1,-1
246,3,340,1160,50,50,1,-1,-1,-1
247,1,310,1314,50,50,1,-1,-1,-1
247,2,492,1249,50,50,1,-1,-1,-1
247,3,339,1205,50,50,1,-1,-1,-1
248,1,305,1315,50,50,1,-1,-1,-1
248,2,493,1252,50,50,1,-1,-1,-1
248,3,337,1256,50,50,1,-1,-1,-1
249,1,302,1313,50,50,1,-1,-1,-1
249,2,494,1253,50,50,1,-1,-1,-1
250,1,315,1309,50,50,1,-1,-1,-1
250,2,495,1254,50,50,1,-1,-1,-1
251,1,318,1306,50,50,1,-1,-1,-1
251,2,497,1255,50,50,1,-1,-1,-1
252,1,325,1299,50,50,1,-1,-1,-1
252,2,500,1255,50,50,1,-1,-1,-1
253,1,330,1293,50,50,1,-1,-1,-1
253,2,503,1256,50,50,1,-1,-1,-1
254,1,334,1291,50,50,1,-1,-1,-1
254,2,506,1257,50,50,1,-1,-1,-1
255,1,337,1291,50,50,1,-1,-1,-1
255,2,509,1259,50,50,1,-1,-1,-1
256,1,340,1293,50,50,1,-1,-1,-1
256,2,511,1260,50,50,1,-1,-1,-1
257,1,342,1296,50,50,1,-1,-1,-1
257,2,513,1261,50,50,1,-1,-1,-1
258,1,344,1299,50,50,1,-1,-1,-1
258,2,515,1261,50,50,1,-1,-1,-1
259,1,346,1303,50,50,1,-1,-1,-1
259,2,516,1261,50,50,1,-1,-1,-1
260,1,348,1305,50,50,1,-1,-1,-1
260,2,517,1261,50,50,1,-1,-1,-1
261,1,349,1307,50,50,1,-1,-1,-1
261,2,519,1262,50,50,1,-1,-1,-1
262,1,349,1308,50,50,1,-1,-1,-1
262,2,520,1263,50,50,1,-1,-1,-1
263,1,350,1309,50,50,1,-1,-1,-1
263,2,521,1263,50,50,1,-1,-1,-1
264,1,350,1309,50,50,1,-1,-1,-1
264,2,522,1263,50,50,1,-1,-1,-1
265,1,351,1308,50,50,1,-1,-1,-1
265,2,523,1264,50,50,1,-1,-1,-1
266,1,351,1307,50,50,1,-1,-1,-1
266,2,523,1265,50,50,1,-1,-1,-1
267,1,351,1305,50,50,1,-1,-1,-1
267,2,524,1264,50,50,1,-1,-1,-1
268,1,352,1304,50,50,1,-1,-1,-1
268,2,524,1264,50,50,1,-1,-1,-1
269,1,352,1303,50,50,1,-1,-1,-1
269,2,524,1263,50,50,1,-1,-1,-1
270,1,352,1302,50,50,1,-1,-1,-1
270,2,525,1263,50,50,1,-1,-1,-1
270,3,481,1097,50,50,1,-1,-1,-1
271,1,352,1302,50,50,1,-1,-1,-1
271,2,525,1262,50,50,1,-1,-1,-1
271,3,481,1097,50,50,1,-1,-1,-1
272,1,352,1301,50,50,1,-1,-1,-1
272,2,525,1262,50,50,1,-1,-1,-1
273,1,352,1301,50,50,1,-1,-1,-1
273,2,525,1263,50,50,1,-1,-1,-1
274,1,352,1301,50,50,1,-1,-1,-1
274,2,526,1263,50,50,1,-1,-1,-1
275,1,352,1301,50,50,1,-1,-1,-1
275,2,526,1263,50,50,1,-1,-1,-1
276,1,352,1300,50,50,1,-1,-1,-1
276,2,527,1264,50,50,1,-1,-1,-1
277,1,352,1300,50,50,1,-1,-1,-1
277,2,527,1264,50,50,1,-1,-1,-1
278,1,353,1300,50,50,1,-1,-1,-1
278,2,528,1266,50,50,1,-1,-1,-1
279,1,354,1300,50,50,1,-1,-1,-1
279,2,529,1266,50,50,1,-1,-1,-1
280,1,356,1300,50,50,1,-1,-1,-1
280,2,531,1269,50,50,1,-1,-1,-1
