2,1,543,1266,50,50,1,-1,-1,-1
2,2,497,1174,50,50,1,-1,-1,-1
3,1,541,1262,50,50,1,-1,-1,-1
3,2,494,1185,50,50,1,-1,-1,-1
4,1,549,1250,50,50,1,-1,-1,-1
4,2,493,1201,50,50,1,-1,-1,-1
5,1,536,1244,50,50,1,-1,-1,-1
5,2,490,1223,50,50,1,-1,-1,-1
6,1,536,1228,50,50,1,-1,-1,-1
6,2,488,1249,50,50,1,-1,-1,-1
7,1,550,1204,50,50,1,-1,-1,-1
7,2,485,1279,50,50,1,-1,-1,-1
8,1,553,1182,50,50,1,-1,-1,-1
8,2,482,1310,50,50,1,-1,-1,-1
9,1,558,1164,50,50,1,-1,-1,-1
9,2,481,1335,50,50,1,-1,-1,-1
10,1,563,1156,50,50,1,-1,-1,-1
10,2,483,1350,50,50,1,-1,-1,-1
11,1,569,1162,50,50,1,-1,-1,-1
11,2,489,1345,50,50,1,-1,-1,-1
12,1,575,1182,50,50,1,-1,-1,-1
12,2,497,1315,50,50,1,-1,-1,-1
13,1,578,1213,50,50,1,-1,-1,-1
13,2,505,1259,50,50,1,-1,-1,-1
14,1,575,1254,50,50,1,-1,-1,-1
14,2,502,1191,50,50,1,-1,-1,-1
15,1,571,1294,50,50,1,-1,-1,-1
15,2,510,1107,50,50,1,-1,-1,-1
16,1,564,1322,50,50,1,-1,-1,-1
16,2,516,1035,50,50,1,-1,-1,-1
16,3,482,1110,50,50,1,-1,-1,-1
17,1,558,1335,50,50,1,-1,-1,-1
17,2,518,969,50,50,1,-1,-1,-1
17,3,475,1099,50,50,1,-1,-1,-1
18,2,523,907,50,50,1,-1,-1,-1
18,3,490,1106,50,50,1,-1,-1,-1
18,4,551,1332,50,50,1,-1,-1,-1
19,2,527,849,50,50,1,-1,-1,-1
19,3,465,1140,50,50,1,-1,-1,-1
19,4,543,1303,50,50,1,-1,-1,-1
20,2,531,796,50,50,1,-1,-1,-1
20,3,481,1186,50,50,1,-1,-1,-1
20,4,540,1252,50,50,1,-1,-1,-1
21,2,535,746,50,50,1,-1,-1,-1
21,3,477,1240,50,50,1,-1,-1,-1
21,4,536,1183,50,50,1,-1,-1,-1
22,2,539,700,50,50,1,-1,-1,-1
22,3,476,1287,50,50,1,-1,-1,-1
22,4,520,1110,50,50,1,-1,-1,-1
23,1,550,1100,50,50,1,-1,-1,-1
23,2,543,661,50,50,1,-1,-1,-1
23,3,479,1307,50,50,1,-1,-1,-1
23,4,517,1038,50,50,1,-1,-1,-1
24,1,557,1099,50,50,1,-1,-1,-1
24,2,547,625,50,50,1,-1,-1,-1
24,3,484,1294,50,50,1,-1,-1,-1
24,4,511,973,50,50,1,-1,-1,-1
25,1,565,1123,50,50,1,-1,-1,-1
25,2,552,592,50,50,1,-1,-1,-1
25,3,487,1251,50,50,1,-1,-1,-1
25,4,508,912,50,50,1,-1,-1,-1
26,1,571,1172,50,50,1,-1,-1,-1
26,2,556,564,50,50,1,-1,-1,-1
26,3,505,1184,50,50,1,-1,-1,-1
26,4,504,854,50,50,1,-1,-1,-1
27,1,574,1237,50,50,1,-1,-1,-1
27,2,561,540,50,50,1,-1,-1,-1
27,3,508,1117,50,50,1,-1,-1,-1
27,4,500,802,50,50,1,-1,-1,-1
28,1,569,1296,50,50,1,-1,-1,-1
28,2,566,521,50,50,1,-1,-1,-1
28,3,510,1051,50,50,1,-1,-1,-1
28,4,497,753,50,50,1,-1,-1,-1
29,1,564,1330,50,50,1,-1,-1,-1
29,2,571,506,50,50,1,-1,-1,-1
29,3,513,987,50,50,1,-1,-1,-1
29,4,493,710,50,50,1,-1,-1,-1
29,5,490,1077,50,50,1,-1,-1,-1
30,1,561,1341,50,50,1,-1,-1,-1
30,2,576,496,50,50,1,-1,-1,-1
30,3,516,929,50,50,1,-1,-1,-1
30,4,490,670,50,50,1,-1,-1,-1
30,5,485,1095,50,50,1,-1,-1,-1
31,1,551,1322,50,50,1,-1,-1,-1
31,2,581,489,50,50,1,-1,-1,-1
31,3,520,875,50,50,1,-1,-1,-1
31,4,486,635,50,50,1,-1,-1,-1
31,5,482,1137,50,50,1,-1,-1,-1
32,1,547,1276,50,50,1,-1,-1,-1
32,2,586,487,50,50,1,-1,-1,-1
32,3,524,827,50,50,1,-1,-1,-1
32,4,482,604,50,50,1,-1,-1,-1
32,5,482,1197,50,50,1,-1,-1,-1
33,1,548,1209,50,50,1,-1,-1,-1
33,2,591,490,50,50,1,-1,-1,-1
33,3,528,783,50,50,1,-1,-1,-1
33,4,479,577,50,50,1,-1,-1,-1
33,5,486,1263,50,50,1,-1,-1,-1
34,1,546,1138,50,50,1,-1,-1,-1
34,2,596,496,50,50,1,-1,-1,-1
34,3,531,744,50,50,1,-1,-1,-1
34,4,475,554,50,50,1,-1,-1,-1
34,5,490,1318,50,50,1,-1,-1,-1
35,1,540,1066,50,50,1,-1,-1,-1
35,2,601,507,50,50,1,-1,-1,-1
35,3,534,708,50,50,1,-1,-1,-1
35,4,472,536,50,50,1,-1,-1,-1
35,5,495,1344,50,50,1,-1,-1,-1
36,1,538,996,50,50,1,-1,-1,-1
36,2,607,522,50,50,1,-1,-1,-1
36,3,538,677,50,50,1,-1,-1,-1
36,4,468,522,50,50,1,-1,-1,-1
36,5,506,1335,50,50,1,-1,-1,-1
37,1,536,935,50,50,1,-1,-1,-1
37,2,613,541,50,50,1,-1,-1,-1
37,3,541,650,50,50,1,-1,-1,-1
37,4,465,512,50,50,1,-1,-1,-1
37,5,516,1291,50,50,1,-1,-1,-1
38,1,533,877,50,50,1,-1,-1,-1
38,2,618,565,50,50,1,-1,-1,-1
38,3,545,628,50,50,1,-1,-1,-1
38,4,461,507,50,50,1,-1,-1,-1
38,5,517,1219,50,50,1,-1,-1,-1
38,6,559,1224,50,50,1,-1,-1,-1
39,1,530,824,50,50,1,-1,-1,-1
39,2,624,594,50,50,1,-1,-1,-1
39,3,549,609,50,50,1,-1,-1,-1
39,4,458,506,50,50,1,-1,-1,-1
39,5,518,1149,50,50,1,-1,-1,-1
39,6,576,1281,50,50,1,-1,-1,-1
40,1,527,775,50,50,1,-1,-1,-1
40,2,629,628,50,50,1,-1,-1,-1
40,3,552,595,50,50,1,-1,-1,-1
40,4,455,510,50,50,1,-1,-1,-1
40,5,519,1078,50,50,1,-1,-1,-1
40,6,585,1333,50,50,1,-1,-1,-1
41,1,524,731,50,50,1,-1,-1,-1
41,2,635,666,50,50,1,-1,-1,-1
41,3,556,586,50,50,1,-1,-1,-1
41,4,452,518,50,50,1,-1,-1,-1
41,5,522,1009,50,50,1,-1,-1,-1
41,6,584,1350,50,50,1,-1,-1,-1
42,1,521,690,50,50,1,-1,-1,-1
42,2,641,709,50,50,1,-1,-1,-1
42,3,560,580,50,50,1,-1,-1,-1
42,4,449,530,50,50,1,-1,-1,-1
42,5,523,944,50,50,1,-1,-1,-1
42,6,575,1327,50,50,1,-1,-1,-1
43,1,519,654,50,50,1,-1,-1,-1
43,2,648,756,50,50,1,-1,-1,-1
43,3,564,579,50,50,1,-1,-1,-1
43,4,446,547,50,50,1,-1,-1,-1
43,5,526,886,50,50,1,-1,-1,-1
43,6,565,1269,50,50,1,-1,-1,-1
44,1,515,623,50,50,1,-1,-1,-1
44,2,654,808,50,50,1,-1,-1,-1
44,3,569,582,50,50,1,-1,-1,-1
44,4,443,569,50,50,1,-1,-1,-1
44,5,528,832,50,50,1,-1,-1,-1
44,6,561,1191,50,50,1,-1,-1,-1
45,1,513,596,50,50,1,-1,-1,-1
45,2,660,864,50,50,1,-1,-1,-1
45,3,573,589,50,50,1,-1,-1,-1
45,4,440,596,50,50,1,-1,-1,-1
45,5,530,782,50,50,1,-1,-1,-1
45,6,559,1112,50,50,1,-1,-1,-1
45,7,508,1324,50,50,1,-1,-1,-1
46,1,510,573,50,50,1,-1,-1,-1
46,2,666,927,50,50,1,-1,-1,-1
46,3,577,601,50,50,1,-1,-1,-1
46,4,437,627,50,50,1,-1,-1,-1
46,5,532,736,50,50,1,-1,-1,-1
46,6,555,1035,50,50,1,-1,-1,-1
46,7,509,1359,50,50,1,-1,-1,-1
47,1,507,554,50,50,1,-1,-1,-1
47,2,673,994,50,50,1,-1,-1,-1
47,3,581,617,50,50,1,-1,-1,-1
47,4,434,663,50,50,1,-1,-1,-1
47,5,535,695,50,50,1,-1,-1,-1
47,6,551,962,50,50,1,-1,-1,-1
47,7,518,1349,50,50,1,-1,-1,-1
48,1,505,540,50,50,1,-1,-1,-1
48,2,680,1066,50,50,1,-1,-1,-1
48,3,586,637,50,50,1,-1,-1,-1
48,4,431,704,50,50,1,-1,-1,-1
48,5,536,658,50,50,1,-1,-1,-1
48,6,548,894,50,50,1,-1,-1,-1
48,7,528,1302,50,50,1,-1,-1,-1
49,1,503,530,50,50,1,-1,-1,-1
49,2,688,1144,50,50,1,-1,-1,-1
49,3,590,662,50,50,1,-1,-1,-1
49,4,428,750,50,50,1,-1,-1,-1
49,5,539,626,50,50,1,-1,-1,-1
49,6,545,831,50,50,1,-1,-1,-1
49,7,532,1230,50,50,1,-1,-1,-1
50,1,500,524,50,50,1,-1,-1,-1
50,2,693,1214,50,50,1,-1,-1,-1
50,3,595,690,50,50,1,-1,-1,-1
50,4,425,801,50,50,1,-1,-1,-1
50,5,541,598,50,50,1,-1,-1,-1
50,6,542,774,50,50,1,-1,-1,-1
50,7,535,1153,50,50,1,-1,-1,-1
51,1,498,523,50,50,1,-1,-1,-1
51,2,687,1246,50,50,1,-1,-1,-1
51,3,599,724,50,50,1,-1,-1,-1
51,4,422,857,50,50,1,-1,-1,-1
51,5,544,574,50,50,1,-1,-1,-1
51,6,539,720,50,50,1,-1,-1,-1
51,7,538,1085,50,50,1,-1,-1,-1
52,1,496,526,50,50,1,-1,-1,-1
52,2,668,1273,50,50,1,-1,-1,-1
52,3,604,762,50,50,1,-1,-1,-1
52,4,420,918,50,50,1,-1,-1,-1
52,5,546,554,50,50,1,-1,-1,-1
52,6,537,671,50,50,1,-1,-1,-1
52,7,537,1013,50,50,1,-1,-1,-1
53,1,494,534,50,50,1,-1,-1,-1
53,2,648,1305,50,50,1,-1,-1,-1
53,3,609,804,50,50,1,-1,-1,-1
53,4,418,984,50,50,1,-1,-1,-1
53,5,548,539,50,50,1,-1,-1,-1
53,6,533,627,50,50,1,-1,-1,-1
53,7,539,950,50,50,1,-1,-1,-1
54,1,491,546,50,50,1,-1,-1,-1
54,2,633,1328,50,50,1,-1,-1,-1
54,3,614,851,50,50,1,-1,-1,-1
54,4,415,1055,50,50,1,-1,-1,-1
54,5,551,529,50,50,1,-1,-1,-1
54,6,531,587,50,50,1,-1,-1,-1
54,7,541,891,50,50,1,-1,-1,-1
55,1,489,562,50,50,1,-1,-1,-1
55,2,626,1307,50,50,1,-1,-1,-1
55,3,618,902,50,50,1,-1,-1,-1
55,4,411,1106,50,50,1,-1,-1,-1
55,5,554,522,50,50,1,-1,-1,-1
55,6,529,552,50,50,1,-1,-1,-1
55,7,544,837,50,50,1,-1,-1,-1
56,1,487,584,50,50,1,-1,-1,-1
56,2,619,1246,50,50,1,-1,-1,-1
56,3,623,958,50,50,1,-1,-1,-1
56,4,422,1124,50,50,1,-1,-1,-1
56,6,526,522,50,50,1,-1,-1,-1
56,7,545,788,50,50,1,-1,-1,-1
57,1,485,609,50,50,1,-1,-1,-1
57,2,611,1164,50,50,1,-1,-1,-1
57,3,629,1019,50,50,1,-1,-1,-1
57,4,453,1165,50,50,1,-1,-1,-1
57,5,560,522,50,50,1,-1,-1,-1
57,6,523,496,50,50,1,-1,-1,-1
57,7,548,743,50,50,1,-1,-1,-1
58,1,483,639,50,50,1,-1,-1,-1
58,2,604,1087,50,50,1,-1,-1,-1
58,4,468,1214,50,50,1,-1,-1,-1
58,5,563,529,50,50,1,-1,-1,-1
58,6,521,475,50,50,1,-1,-1,-1
58,7,550,703,50,50,1,-1,-1,-1
59,1,481,674,50,50,1,-1,-1,-1
59,2,595,1012,50,50,1,-1,-1,-1
59,3,639,1142,50,50,1,-1,-1,-1
59,4,483,1276,50,50,1,-1,-1,-1
59,5,566,541,50,50,1,-1,-1,-1
59,6,518,458,50,50,1,-1,-1,-1
59,7,552,667,50,50,1,-1,-1,-1
60,1,479,714,50,50,1,-1,-1,-1
60,2,588,942,50,50,1,-1,-1,-1
60,3,643,1191,50,50,1,-1,-1,-1
60,4,496,1336,50,50,1,-1,-1,-1
60,5,569,556,50,50,1,-1,-1,-1
60,6,515,446,50,50,1,-1,-1,-1
60,7,555,636,50,50,1,-1,-1,-1
61,1,478,758,50,50,1,-1,-1,-1
61,2,580,877,50,50,1,-1,-1,-1
61,3,649,1221,50,50,1,-1,-1,-1
61,4,510,1353,50,50,1,-1,-1,-1
61,5,573,577,50,50,1,-1,-1,-1
61,6,513,438,50,50,1,-1,-1,-1
62,1,476,807,50,50,1,-1,-1,-1
62,2,573,817,50,50,1,-1,-1,-1
62,3,641,1253,50,50,1,-1,-1,-1
62,4,525,1321,50,50,1,-1,-1,-1
62,5,569,595,50,50,1,-1,-1,-1
62,6,511,434,50,50,1,-1,-1,-1
63,1,474,861,50,50,1,-1,-1,-1
63,2,565,761,50,50,1,-1,-1,-1
63,3,628,1283,50,50,1,-1,-1,-1
63,4,536,1249,50,50,1,-1,-1,-1
63,5,579,632,50,50,1,-1,-1,-1
63,6,509,435,50,50,1,-1,-1,-1
63,7,563,571,50,50,1,-1,-1,-1
64,1,473,919,50,50,1,-1,-1,-1
64,2,558,709,50,50,1,-1,-1,-1
64,3,615,1320,50,50,1,-1,-1,-1
64,4,540,1166,50,50,1,-1,-1,-1
64,5,583,665,50,50,1,-1,-1,-1
64,6,507,440,50,50,1,-1,-1,-1
64,7,565,559,50,50,1,-1,-1,-1
65,1,472,982,50,50,1,-1,-1,-1
65,2,550,663,50,50,1,-1,-1,-1
65,3,605,1353,50,50,1,-1,-1,-1
65,4,543,1090,50,50,1,-1,-1,-1
65,5,586,704,50,50,1,-1,-1,-1
65,6,504,449,50,50,1,-1,-1,-1
65,7,568,550,50,50,1,-1,-1,-1
66,1,470,1051,50,50,1,-1,-1,-1
66,2,543,621,50,50,1,-1,-1,-1
66,3,597,1362,50,50,1,-1,-1,-1
66,4,545,1016,50,50,1,-1,-1,-1
66,5,590,748,50,50,1,-1,-1,-1
66,6,503,463,50,50,1,-1,-1,-1
66,7,571,546,50,50,1,-1,-1,-1
67,1,468,1123,50,50,1,-1,-1,-1
67,2,536,583,50,50,1,-1,-1,-1
67,3,591,1341,50,50,1,-1,-1,-1
67,4,548,952,50,50,1,-1,-1,-1
67,5,593,797,50,50,1,-1,-1,-1
67,6,501,482,50,50,1,-1,-1,-1
67,7,574,547,50,50,1,-1,-1,-1
68,1,464,1178,50,50,1,-1,-1,-1
68,2,529,550,50,50,1,-1,-1,-1
68,3,591,1287,50,50,1,-1,-1,-1
68,4,551,889,50,50,1,-1,-1,-1
68,5,597,850,50,50,1,-1,-1,-1
68,6,499,505,50,50,1,-1,-1,-1
68,7,576,551,50,50,1,-1,-1,-1
69,1,462,1218,50,50,1,-1,-1,-1
69,2,512,524,50,50,1,-1,-1,-1
69,3,587,1208,50,50,1,-1,-1,-1
69,4,554,831,50,50,1,-1,-1,-1
69,5,601,908,50,50,1,-1,-1,-1
69,7,579,560,50,50,1,-1,-1,-1
70,1,475,1261,50,50,1,-1,-1,-1
70,2,514,499,50,50,1,-1,-1,-1
70,3,583,1128,50,50,1,-1,-1,-1
70,4,557,779,50,50,1,-1,-1,-1
70,5,605,971,50,50,1,-1,-1,-1
70,6,496,565,50,50,1,-1,-1,-1
70,7,583,573,50,50,1,-1,-1,-1
71,1,487,1315,50,50,1,-1,-1,-1
71,2,506,480,50,50,1,-1,-1,-1
71,4,560,732,50,50,1,-1,-1,-1
71,5,596,1045,50,50,1,-1,-1,-1
71,6,494,602,50,50,1,-1,-1,-1
71,7,586,591,50,50,1,-1,-1,-1
72,1,509,1358,50,50,1,-1,-1,-1
72,2,499,465,50,50,1,-1,-1,-1
72,3,576,975,50,50,1,-1,-1,-1
72,4,564,689,50,50,1,-1,-1,-1
72,5,614,1115,50,50,1,-1,-1,-1
72,6,493,644,50,50,1,-1,-1,-1
72,7,589,613,50,50,1,-1,-1,-1
73,1,527,1367,50,50,1,-1,-1,-1
73,2,492,455,50,50,1,-1,-1,-1
73,3,573,905,50,50,1,-1,-1,-1
73,4,579,646,50,50,1,-1,-1,-1
73,5,620,1187,50,50,1,-1,-1,-1
73,6,491,689,50,50,1,-1,-1,-1
74,1,544,1332,50,50,1,-1,-1,-1
74,2,485,450,50,50,1,-1,-1,-1
74,3,570,840,50,50,1,-1,-1,-1
74,4,570,618,50,50,1,-1,-1,-1
74,5,641,1240,50,50,1,-1,-1,-1
74,6,489,740,50,50,1,-1,-1,-1
74,7,595,670,50,50,1,-1,-1,-1
75,1,556,1256,50,50,1,-1,-1,-1
75,2,478,449,50,50,1,-1,-1,-1
75,3,567,779,50,50,1,-1,-1,-1
75,4,575,589,50,50,1,-1,-1,-1
75,5,645,1278,50,50,1,-1,-1,-1
75,6,488,795,50,50,1,-1,-1,-1
75,7,599,705,50,50,1,-1,-1,-1
76,1,559,1170,50,50,1,-1,-1,-1
76,2,471,453,50,50,1,-1,-1,-1
76,3,563,723,50,50,1,-1,-1,-1
76,4,577,565,50,50,1,-1,-1,-1
76,5,641,1304,50,50,1,-1,-1,-1
76,6,487,855,50,50,1,-1,-1,-1
76,7,602,744,50,50,1,-1,-1,-1
77,1,565,1090,50,50,1,-1,-1,-1
77,2,463,462,50,50,1,-1,-1,-1
77,3,560,672,50,50,1,-1,-1,-1
77,4,581,545,50,50,1,-1,-1,-1
77,5,633,1326,50,50,1,-1,-1,-1
77,6,485,920,50,50,1,-1,-1,-1
77,7,605,788,50,50,1,-1,-1,-1
78,1,564,1009,50,50,1,-1,-1,-1
78,2,456,475,50,50,1,-1,-1,-1
78,3,557,624,50,50,1,-1,-1,-1
78,4,585,530,50,50,1,-1,-1,-1
78,5,625,1347,50,50,1,-1,-1,-1
78,6,484,990,50,50,1,-1,-1,-1
78,7,609,835,50,50,1,-1,-1,-1
79,1,565,935,50,50,1,-1,-1,-1
79,2,449,493,50,50,1,-1,-1,-1
79,3,554,582,50,50,1,-1,-1,-1
79,4,588,520,50,50,1,-1,-1,-1
79,5,621,1350,50,50,1,-1,-1,-1
79,6,481,1065,50,50,1,-1,-1,-1
79,7,612,887,50,50,1,-1,-1,-1
80,1,568,866,50,50,1,-1,-1,-1
80,2,442,517,50,50,1,-1,-1,-1
80,3,551,544,50,50,1,-1,-1,-1
80,4,592,513,50,50,1,-1,-1,-1
80,5,620,1316,50,50,1,-1,-1,-1
80,6,481,1139,50,50,1,-1,-1,-1
80,7,616,944,50,50,1,-1,-1,-1
81,1,569,802,50,50,1,-1,-1,-1
81,2,435,544,50,50,1,-1,-1,-1
81,3,548,511,50,50,1,-1,-1,-1
81,4,596,512,50,50,1,-1,-1,-1
81,5,618,1245,50,50,1,-1,-1,-1
81,6,473,1181,50,50,1,-1,-1,-1
81,7,620,1006,50,50,1,-1,-1,-1
82,1,572,743,50,50,1,-1,-1,-1
82,2,428,578,50,50,1,-1,-1,-1
82,3,545,482,50,50,1,-1,-1,-1
82,4,600,514,50,50,1,-1,-1,-1
82,5,612,1165,50,50,1,-1,-1,-1
82,6,486,1222,50,50,1,-1,-1,-1
82,7,624,1069,50,50,1,-1,-1,-1
83,1,574,690,50,50,1,-1,-1,-1
83,2,421,617,50,50,1,-1,-1,-1
83,3,543,458,50,50,1,-1,-1,-1
83,4,604,520,50,50,1,-1,-1,-1
83,5,608,1089,50,50,1,-1,-1,-1
83,6,508,1270,50,50,1,-1,-1,-1
83,7,627,1138,50,50,1,-1,-1,-1
84,1,577,640,50,50,1,-1,-1,-1
84,2,414,661,50,50,1,-1,-1,-1
84,3,540,439,50,50,1,-1,-1,-1
84,4,608,531,50,50,1,-1,-1,-1
84,5,601,1016,50,50,1,-1,-1,-1
84,6,520,1322,50,50,1,-1,-1,-1
84,7,628,1195,50,50,1,-1,-1,-1
85,1,579,596,50,50,1,-1,-1,-1
85,2,407,710,50,50,1,-1,-1,-1
85,3,538,424,50,50,1,-1,-1,-1
85,4,612,546,50,50,1,-1,-1,-1
85,5,596,948,50,50,1,-1,-1,-1
85,6,525,1354,50,50,1,-1,-1,-1
85,7,634,1207,50,50,1,-1,-1,-1
86,1,582,556,50,50,1,-1,-1,-1
86,2,400,765,50,50,1,-1,-1,-1
86,3,535,414,50,50,1,-1,-1,-1
86,5,591,884,50,50,1,-1,-1,-1
86,6,539,1322,50,50,1,-1,-1,-1
86,7,629,1234,50,50,1,-1,-1,-1
87,1,584,521,50,50,1,-1,-1,-1
87,2,393,824,50,50,1,-1,-1,-1
87,3,532,408,50,50,1,-1,-1,-1
87,4,619,589,50,50,1,-1,-1,-1
87,5,586,826,50,50,1,-1,-1,-1
87,6,546,1237,50,50,1,-1,-1,-1
87,7,623,1260,50,50,1,-1,-1,-1
88,1,587,490,50,50,1,-1,-1,-1
88,2,386,889,50,50,1,-1,-1,-1
88,3,530,406,50,50,1,-1,-1,-1
88,4,624,617,50,50,1,-1,-1,-1
88,5,581,771,50,50,1,-1,-1,-1
88,6,546,1152,50,50,1,-1,-1,-1
88,7,617,1290,50,50,1,-1,-1,-1
89,1,589,464,50,50,1,-1,-1,-1
89,2,379,961,50,50,1,-1,-1,-1
89,3,528,410,50,50,1,-1,-1,-1
89,4,628,650,50,50,1,-1,-1,-1
89,5,577,721,50,50,1,-1,-1,-1
89,6,546,1069,50,50,1,-1,-1,-1
89,7,612,1324,50,50,1,-1,-1,-1
90,1,592,443,50,50,1,-1,-1,-1
90,2,372,1038,50,50,1,-1,-1,-1
90,3,525,418,50,50,1,-1,-1,-1
90,4,632,686,50,50,1,-1,-1,-1
90,5,572,676,50,50,1,-1,-1,-1
90,6,543,991,50,50,1,-1,-1,-1
90,7,608,1359,50,50,1,-1,-1,-1
91,1,595,426,50,50,1,-1,-1,-1
91,2,365,1121,50,50,1,-1,-1,-1
91,3,523,431,50,50,1,-1,-1,-1
91,4,636,726,50,50,1,-1,-1,-1
91,5,568,635,50,50,1,-1,-1,-1
91,6,543,917,50,50,1,-1,-1,-1
91,7,610,1374,50,50,1,-1,-1,-1
92,1,598,413,50,50,1,-1,-1,-1
92,2,357,1202,50,50,1,-1,-1,-1
92,3,521,449,50,50,1,-1,-1,-1
92,4,641,771,50,50,1,-1,-1,-1
92,5,563,599,50,50,1,-1,-1,-1
92,6,542,849,50,50,1,-1,-1,-1
92,7,621,1360,50,50,1,-1,-1,-1
93,1,601,406,50,50,1,-1,-1,-1
93,2,375,1220,50,50,1,-1,-1,-1
93,3,519,472,50,50,1,-1,-1,-1
93,4,645,820,50,50,1,-1,-1,-1
93,5,558,567,50,50,1,-1,-1,-1
93,6,542,785,50,50,1,-1,-1,-1
93,7,634,1301,50,50,1,-1,-1,-1
94,1,604,402,50,50,1,-1,-1,-1
94,2,411,1239,50,50,1,-1,-1,-1
94,3,517,500,50,50,1,-1,-1,-1
94,4,649,873,50,50,1,-1,-1,-1
94,5,553,541,50,50,1,-1,-1,-1
94,6,541,727,50,50,1,-1,-1,-1
94,7,635,1221,50,50,1,-1,-1,-1
95,1,608,402,50,50,1,-1,-1,-1
95,2,437,1274,50,50,1,-1,-1,-1
95,3,514,532,50,50,1,-1,-1,-1
95,4,654,931,50,50,1,-1,-1,-1
95,6,541,673,50,50,1,-1,-1,-1
95,7,630,1139,50,50,1,-1,-1,-1
96,1,610,406,50,50,1,-1,-1,-1
96,2,461,1315,50,50,1,-1,-1,-1
96,3,512,571,50,50,1,-1,-1,-1
96,4,659,992,50,50,1,-1,-1,-1
96,5,544,500,50,50,1,-1,-1,-1
96,6,540,625,50,50,1,-1,-1,-1
96,7,626,1054,50,50,1,-1,-1,-1
97,1,614,416,50,50,1,-1,-1,-1
97,2,480,1351,50,50,1,-1,-1,-1
97,3,511,615,50,50,1,-1,-1,-1
97,4,663,1058,50,50,1,-1,-1,-1
97,5,539,487,50,50,1,-1,-1,-1
97,6,540,583,50,50,1,-1,-1,-1
97,7,623,976,50,50,1,-1,-1,-1
98,1,617,430,50,50,1,-1,-1,-1
98,2,495,1380,50,50,1,-1,-1,-1
98,3,508,663,50,50,1,-1,-1,-1
98,4,668,1128,50,50,1,-1,-1,-1
98,5,535,479,50,50,1,-1,-1,-1
98,6,540,544,50,50,1,-1,-1,-1
98,7,620,903,50,50,1,-1,-1,-1
99,1,621,447,50,50,1,-1,-1,-1
99,2,510,1390,50,50,1,-1,-1,-1
99,3,506,718,50,50,1,-1,-1,-1
99,4,672,1190,50,50,1,-1,-1,-1
99,6,540,510,50,50,1,-1,-1,-1
99,7,617,834,50,50,1,-1,-1,-1
100,1,624,469,50,50,1,-1,-1,-1
100,2,531,1352,50,50,1,-1,-1,-1
100,3,505,777,50,50,1,-1,-1,-1
100,4,664,1212,50,50,1,-1,-1,-1
100,6,534,478,50,50,1,-1,-1,-1
100,7,614,769,50,50,1,-1,-1,-1
101,1,628,496,50,50,1,-1,-1,-1
101,2,545,1262,50,50,1,-1,-1,-1
101,3,503,843,50,50,1,-1,-1,-1
101,4,661,1233,50,50,1,-1,-1,-1
101,5,531,468,50,50,1,-1,-1,-1
101,6,491,1293,50,50,1,-1,-1,-1
101,7,612,709,50,50,1,-1,-1,-1
102,1,632,526,50,50,1,-1,-1,-1
102,2,547,1172,50,50,1,-1,-1,-1
102,3,502,914,50,50,1,-1,-1,-1
102,4,657,1259,50,50,1,-1,-1,-1
102,5,540,436,50,50,1,-1,-1,-1
102,6,519,490,50,50,1,-1,-1,-1
102,7,609,653,50,50,1,-1,-1,-1
103,1,635,562,50,50,1,-1,-1,-1
103,2,549,1085,50,50,1,-1,-1,-1
103,3,500,990,50,50,1,-1,-1,-1
103,4,649,1291,50,50,1,-1,-1,-1
103,5,541,420,50,50,1,-1,-1,-1
103,6,515,505,50,50,1,-1,-1,-1
103,7,606,602,50,50,1,-1,-1,-1
104,1,639,601,50,50,1,-1,-1,-1
104,2,550,999,50,50,1,-1,-1,-1
104,3,501,1077,50,50,1,-1,-1,-1
104,4,637,1327,50,50,1,-1,-1,-1
104,5,542,409,50,50,1,-1,-1,-1
104,6,511,524,50,50,1,-1,-1,-1
104,7,603,554,50,50,1,-1,-1,-1
105,1,643,646,50,50,1,-1,-1,-1
105,2,552,921,50,50,1,-1,-1,-1
105,3,498,1164,50,50,1,-1,-1,-1
105,4,625,1345,50,50,1,-1,-1,-1
105,5,542,403,50,50,1,-1,-1,-1
105,6,506,548,50,50,1,-1,-1,-1
105,7,601,513,50,50,1,-1,-1,-1
106,1,647,694,50,50,1,-1,-1,-1
106,2,554,847,50,50,1,-1,-1,-1
106,3,505,1211,50,50,1,-1,-1,-1
106,4,632,1320,50,50,1,-1,-1,-1
106,5,542,400,50,50,1,-1,-1,-1
106,6,502,578,50,50,1,-1,-1,-1
106,7,598,475,50,50,1,-1,-1,-1
107,1,651,748,50,50,1,-1,-1,-1
107,2,556,779,50,50,1,-1,-1,-1
107,3,529,1219,50,50,1,-1,-1,-1
107,4,641,1247,50,50,1,-1,-1,-1
107,5,543,402,50,50,1,-1,-1,-1
107,6,498,613,50,50,1,-1,-1,-1
107,7,595,441,50,50,1,-1,-1,-1
108,1,655,805,50,50,1,-1,-1,-1
108,2,558,716,50,50,1,-1,-1,-1
108,3,536,1237,50,50,1,-1,-1,-1
108,4,639,1159,50,50,1,-1,-1,-1
108,5,544,408,50,50,1,-1,-1,-1
108,6,494,652,50,50,1,-1,-1,-1
108,7,593,412,50,50,1,-1,-1,-1
109,1,659,867,50,50,1,-1,-1,-1
109,2,560,658,50,50,1,-1,-1,-1
109,3,536,1272,50,50,1,-1,-1,-1
109,4,632,1071,50,50,1,-1,-1,-1
109,5,553,422,50,50,1,-1,-1,-1
109,6,491,697,50,50,1,-1,-1,-1
109,7,590,388,50,50,1,-1,-1,-1
110,1,663,933,50,50,1,-1,-1,-1
110,2,562,605,50,50,1,-1,-1,-1
110,3,527,1327,50,50,1,-1,-1,-1
110,4,625,986,50,50,1,-1,-1,-1
110,5,545,434,50,50,1,-1,-1,-1
110,6,487,747,50,50,1,-1,-1,-1
110,7,588,368,50,50,1,-1,-1,-1
111,1,667,1005,50,50,1,-1,-1,-1
111,2,565,556,50,50,1,-1,-1,-1
111,3,524,1372,50,50,1,-1,-1,-1
111,4,618,905,50,50,1,-1,-1,-1
111,5,546,453,50,50,1,-1,-1,-1
111,6,483,803,50,50,1,-1,-1,-1
111,7,586,353,50,50,1,-1,-1,-1
112,1,672,1080,50,50,1,-1,-1,-1
112,2,567,513,50,50,1,-1,-1,-1
112,3,533,1354,50,50,1,-1,-1,-1
112,4,611,831,50,50,1,-1,-1,-1
112,5,546,477,50,50,1,-1,-1,-1
112,6,479,863,50,50,1,-1,-1,-1
112,7,583,342,50,50,1,-1,-1,-1
113,1,675,1145,50,50,1,-1,-1,-1
113,2,559,489,50,50,1,-1,-1,-1
113,3,543,1283,50,50,1,-1,-1,-1
113,4,604,760,50,50,1,-1,-1,-1
113,6,475,929,50,50,1,-1,-1,-1
113,7,582,336,50,50,1,-1,-1,-1
114,1,680,1194,50,50,1,-1,-1,-1
114,2,571,443,50,50,1,-1,-1,-1
114,3,538,1196,50,50,1,-1,-1,-1
114,4,598,695,50,50,1,-1,-1,-1
114,5,549,537,50,50,1,-1,-1,-1
114,6,472,998,50,50,1,-1,-1,-1
114,7,580,335,50,50,1,-1,-1,-1
115,1,682,1248,50,50,1,-1,-1,-1
115,2,573,415,50,50,1,-1,-1,-1
115,3,534,1116,50,50,1,-1,-1,-1
115,4,591,636,50,50,1,-1,-1,-1
115,5,549,574,50,50,1,-1,-1,-1
115,6,468,1081,50,50,1,-1,-1,-1
115,7,577,339,50,50,1,-1,-1,-1
116,1,683,1305,50,50,1,-1,-1,-1
116,2,576,391,50,50,1,-1,-1,-1
116,3,531,1035,50,50,1,-1,-1,-1
116,4,585,580,50,50,1,-1,-1,-1
116,5,550,618,50,50,1,-1,-1,-1
116,6,465,1163,50,50,1,-1,-1,-1
116,7,575,347,50,50,1,-1,-1,-1
117,1,684,1367,50,50,1,-1,-1,-1
117,2,576,365,50,50,1,-1,-1,-1
117,3,527,960,50,50,1,-1,-1,-1
117,4,579,529,50,50,1,-1,-1,-1
117,5,552,661,50,50,1,-1,-1,-1
117,6,458,1237,50,50,1,-1,-1,-1
118,1,686,1437,50,50,1,-1,-1,-1
118,3,523,893,50,50,1,-1,-1,-1
118,4,573,485,50,50,1,-1,-1,-1
118,5,553,711,50,50,1,-1,-1,-1
118,6,450,1276,50,50,1,-1,-1,-1
118,7,576,369,50,50,1,-1,-1,-1
119,1,688,1511,50,50,1,-1,-1,-1
119,2,584,348,50,50,1,-1,-1,-1
119,3,520,831,50,50,1,-1,-1,-1
119,4,567,445,50,50,1,-1,-1,-1
119,5,554,765,50,50,1,-1,-1,-1
119,6,456,1293,50,50,1,-1,-1,-1
119,7,570,402,50,50,1,-1,-1,-1
120,1,690,1591,50,50,1,-1,-1,-1
120,2,587,344,50,50,1,-1,-1,-1
120,3,516,771,50,50,1,-1,-1,-1
120,4,565,420,50,50,1,-1,-1,-1
120,5,555,824,50,50,1,-1,-1,-1
120,6,471,1313,50,50,1,-1,-1,-1
121,1,690,1677,50,50,1,-1,-1,-1
121,2,589,343,50,50,1,-1,-1,-1
121,3,513,719,50,50,1,-1,-1,-1
121,4,554,381,50,50,1,-1,-1,-1
121,5,556,886,50,50,1,-1,-1,-1
121,6,482,1340,50,50,1,-1,-1,-1
121,7,567,464,50,50,1,-1,-1,-1
122,1,694,1769,50,50,1,-1,-1,-1
122,2,593,347,50,50,1,-1,-1,-1
122,3,510,672,50,50,1,-1,-1,-1
122,4,547,348,50,50,1,-1,-1,-1
122,5,558,954,50,50,1,-1,-1,-1
122,6,487,1368,50,50,1,-1,-1,-1
122,7,565,504,50,50,1,-1,-1,-1
123,1,697,1772,50,50,1,-1,-1,-1
123,2,595,357,50,50,1,-1,-1,-1
123,3,508,629,50,50,1,-1,-1,-1
123,4,544,329,50,50,1,-1,-1,-1
123,5,559,1025,50,50,1,-1,-1,-1
123,6,491,1404,50,50,1,-1,-1,-1
123,7,564,550,50,50,1,-1,-1,-1
124,1,702,1761,50,50,1,-1,-1,-1
124,2,599,370,50,50,1,-1,-1,-1
124,3,505,592,50,50,1,-1,-1,-1
124,4,538,312,50,50,1,-1,-1,-1
124,5,561,1102,50,50,1,-1,-1,-1
124,6,493,1423,50,50,1,-1,-1,-1
124,7,562,602,50,50,1,-1,-1,-1
125,1,707,1754,50,50,1,-1,-1,-1
125,2,603,389,50,50,1,-1,-1,-1
125,3,502,560,50,50,1,-1,-1,-1
125,4,533,299,50,50,1,-1,-1,-1
125,5,563,1154,50,50,1,-1,-1,-1
125,6,500,1417,50,50,1,-1,-1,-1
125,7,560,659,50,50,1,-1,-1,-1
126,1,712,1752,50,50,1,-1,-1,-1
126,2,606,412,50,50,1,-1,-1,-1
126,3,500,533,50,50,1,-1,-1,-1
126,4,527,290,50,50,1,-1,-1,-1
126,5,565,1166,50,50,1,-1,-1,-1
126,6,513,1391,50,50,1,-1,-1,-1
126,7,559,723,50,50,1,-1,-1,-1
127,1,718,1755,50,50,1,-1,-1,-1
127,2,609,440,50,50,1,-1,-1,-1
127,3,497,510,50,50,1,-1,-1,-1
127,4,522,286,50,50,1,-1,-1,-1
127,5,566,1184,50,50,1,-1,-1,-1
127,6,522,1342,50,50,1,-1,-1,-1
127,7,558,793,50,50,1,-1,-1,-1
128,1,724,1763,50,50,1,-1,-1,-1
128,2,613,473,50,50,1,-1,-1,-1
128,3,495,493,50,50,1,-1,-1,-1
128,4,517,286,50,50,1,-1,-1,-1
128,5,572,1210,50,50,1,-1,-1,-1
128,6,529,1279,50,50,1,-1,-1,-1
128,7,556,868,50,50,1,-1,-1,-1
129,1,729,1777,50,50,1,-1,-1,-1
129,2,616,510,50,50,1,-1,-1,-1
129,3,492,480,50,50,1,-1,-1,-1
129,4,511,291,50,50,1,-1,-1,-1
129,5,579,1245,50,50,1,-1,-1,-1
129,6,533,1206,50,50,1,-1,-1,-1
129,7,555,951,50,50,1,-1,-1,-1
130,1,735,1795,50,50,1,-1,-1,-1
130,2,620,553,50,50,1,-1,-1,-1
130,3,490,471,50,50,1,-1,-1,-1
130,4,506,300,50,50,1,-1,-1,-1
130,5,583,1285,50,50,1,-1,-1,-1
130,6,535,1143,50,50,1,-1,-1,-1
130,7,554,1041,50,50,1,-1,-1,-1
131,1,740,1802,50,50,1,-1,-1,-1
131,2,623,600,50,50,1,-1,-1,-1
131,3,488,467,50,50,1,-1,-1,-1
131,4,501,314,50,50,1,-1,-1,-1
131,5,582,1326,50,50,1,-1,-1,-1
131,6,539,1081,50,50,1,-1,-1,-1
131,7,553,1137,50,50,1,-1,-1,-1
132,1,743,1803,50,50,1,-1,-1,-1
132,2,627,653,50,50,1,-1,-1,-1
132,3,485,468,50,50,1,-1,-1,-1
132,4,496,332,50,50,1,-1,-1,-1
132,5,578,1362,50,50,1,-1,-1,-1
132,6,542,1023,50,50,1,-1,-1,-1
132,7,551,1241,50,50,1,-1,-1,-1
133,1,748,1808,50,50,1,-1,-1,-1
133,2,631,711,50,50,1,-1,-1,-1
133,3,483,473,50,50,1,-1,-1,-1
133,4,491,355,50,50,1,-1,-1,-1
133,5,573,1393,50,50,1,-1,-1,-1
133,6,545,972,50,50,1,-1,-1,-1
133,7,554,1353,50,50,1,-1,-1,-1
134,1,751,1808,50,50,1,-1,-1,-1
134,2,635,773,50,50,1,-1,-1,-1
134,3,481,483,50,50,1,-1,-1,-1
134,4,486,382,50,50,1,-1,-1,-1
134,5,566,1418,50,50,1,-1,-1,-1
134,6,549,924,50,50,1,-1,-1,-1
134,7,549,1475,50,50,1,-1,-1,-1
135,1,756,1810,50,50,1,-1,-1,-1
135,2,639,841,50,50,1,-1,-1,-1
135,3,479,498,50,50,1,-1,-1,-1
135,4,481,413,50,50,1,-1,-1,-1
135,5,560,1433,50,50,1,-1,-1,-1
135,6,553,883,50,50,1,-1,-1,-1
135,7,549,1600,50,50,1,-1,-1,-1
136,1,759,1813,50,50,1,-1,-1,-1
136,2,643,914,50,50,1,-1,-1,-1
136,3,477,516,50,50,1,-1,-1,-1
136,4,476,450,50,50,1,-1,-1,-1
136,5,556,1439,50,50,1,-1,-1,-1
136,6,556,845,50,50,1,-1,-1,-1
136,7,547,1729,50,50,1,-1,-1,-1
137,1,762,1815,50,50,1,-1,-1,-1
137,2,648,992,50,50,1,-1,-1,-1
137,3,475,539,50,50,1,-1,-1,-1
137,4,471,491,50,50,1,-1,-1,-1
137,5,552,1438,50,50,1,-1,-1,-1
137,6,561,813,50,50,1,-1,-1,-1
137,7,548,1875,50,50,1,-1,-1,-1
138,1,765,1816,50,50,1,-1,-1,-1
138,2,652,1075,50,50,1,-1,-1,-1
138,3,469,552,50,50,1,-1,-1,-1
138,5,548,1437,50,50,1,-1,-1,-1
138,6,564,784,50,50,1,-1,-1,-1
139,1,768,1818,50,50,1,-1,-1,-1
139,2,657,1164,50,50,1,-1,-1,-1
139,4,466,594,50,50,1,-1,-1,-1
139,5,547,1434,50,50,1,-1,-1,-1
139,6,568,761,50,50,1,-1,-1,-1
140,1,770,1819,50,50,1,-1,-1,-1
140,2,661,1260,50,50,1,-1,-1,-1
140,4,462,641,50,50,1,-1,-1,-1
140,5,551,1430,50,50,1,-1,-1,-1
140,6,573,743,50,50,1,-1,-1,-1
140,7,541,1891,50,50,1,-1,-1,-1
141,1,772,1821,50,50,1,-1,-1,-1
141,2,666,1360,50,50,1,-1,-1,-1
141,4,459,693,50,50,1,-1,-1,-1
141,5,557,1425,50,50,1,-1,-1,-1
141,6,576,729,50,50,1,-1,-1,-1
141,7,540,1886,50,50,1,-1,-1,-1
142,1,775,1822,50,50,1,-1,-1,-1
142,2,671,1467,50,50,1,-1,-1,-1
142,4,456,750,50,50,1,-1,-1,-1
142,5,562,1415,50,50,1,-1,-1,-1
142,6,581,721,50,50,1,-1,-1,-1
142,7,538,1885,50,50,1,-1,-1,-1
143,1,777,1824,50,50,1,-1,-1,-1
143,2,676,1581,50,50,1,-1,-1,-1
143,3,464,780,50,50,1,-1,-1,-1
143,4,443,837,50,50,1,-1,-1,-1
143,5,565,1401,50,50,1,-1,-1,-1
143,6,585,717,50,50,1,-1,-1,-1
143,7,536,1885,50,50,1,-1,-1,-1
144,1,778,1825,50,50,1,-1,-1,-1
144,2,681,1700,50,50,1,-1,-1,-1
144,3,463,836,50,50,1,-1,-1,-1
144,4,439,911,50,50,1,-1,-1,-1
144,5,570,1380,50,50,1,-1,-1,-1
144,6,589,718,50,50,1,-1,-1,-1
144,7,534,1889,50,50,1,-1,-1,-1
145,1,782,1826,50,50,1,-1,-1,-1
145,2,687,1825,50,50,1,-1,-1,-1
145,3,461,896,50,50,1,-1,-1,-1
145,4,434,990,50,50,1,-1,-1,-1
145,5,574,1350,50,50,1,-1,-1,-1
145,6,594,724,50,50,1,-1,-1,-1
146,1,783,1826,50,50,1,-1,-1,-1
146,2,685,1818,50,50,1,-1,-1,-1
146,3,459,960,50,50,1,-1,-1,-1
146,4,430,1075,50,50,1,-1,-1,-1
146,5,578,1312,50,50,1,-1,-1,-1
146,6,599,735,50,50,1,-1,-1,-1
147,1,785,1827,50,50,1,-1,-1,-1
147,2,684,1799,50,50,1,-1,-1,-1
147,3,455,1026,50,50,1,-1,-1,-1
147,4,425,1166,50,50,1,-1,-1,-1
147,5,579,1270,50,50,1,-1,-1,-1
147,6,604,751,50,50,1,-1,-1,-1
148,1,786,1828,50,50,1,-1,-1,-1
148,2,683,1785,50,50,1,-1,-1,-1
148,3,454,1105,50,50,1,-1,-1,-1
148,4,420,1264,50,50,1,-1,-1,-1
148,5,579,1228,50,50,1,-1,-1,-1
148,6,609,772,50,50,1,-1,-1,-1
149,1,786,1828,50,50,1,-1,-1,-1
149,2,682,1777,50,50,1,-1,-1,-1
149,3,453,1180,50,50,1,-1,-1,-1
149,4,416,1365,50,50,1,-1,-1,-1
149,5,580,1194,50,50,1,-1,-1,-1
149,6,614,799,50,50,1,-1,-1,-1
150,1,787,1828,50,50,1,-1,-1,-1
150,2,681,1775,50,50,1,-1,-1,-1
150,3,452,1265,50,50,1,-1,-1,-1
150,4,413,1476,50,50,1,-1,-1,-1
150,5,581,1163,50,50,1,-1,-1,-1
150,6,619,831,50,50,1,-1,-1,-1
151,1,787,1829,50,50,1,-1,-1,-1
151,2,680,1776,50,50,1,-1,-1,-1
151,3,451,1354,50,50,1,-1,-1,-1
151,4,408,1590,50,50,1,-1,-1,-1
151,5,582,1136,50,50,1,-1,-1,-1
151,6,624,868,50,50,1,-1,-1,-1
152,1,787,1829,50,50,1,-1,-1,-1
152,2,679,1784,50,50,1,-1,-1,-1
152,3,450,1446,50,50,1,-1,-1,-1
152,4,403,1707,50,50,1,-1,-1,-1
152,5,584,1114,50,50,1,-1,-1,-1
152,6,629,911,50,50,1,-1,-1,-1
153,1,788,1829,50,50,1,-1,-1,-1
153,2,678,1796,50,50,1,-1,-1,-1
153,3,448,1543,50,50,1,-1,-1,-1
153,4,398,1810,50,50,1,-1,-1,-1
153,5,585,1096,50,50,1,-1,-1,-1
153,6,635,959,50,50,1,-1,-1,-1
154,1,788,1829,50,50,1,-1,-1,-1
154,2,678,1814,50,50,1,-1,-1,-1
154,3,447,1644,50,50,1,-1,-1,-1
154,4,397,1786,50,50,1,-1,-1,-1
154,5,587,1084,50,50,1,-1,-1,-1
154,6,641,1012,50,50,1,-1,-1,-1
155,1,787,1829,50,50,1,-1,-1,-1
155,2,678,1833,50,50,1,-1,-1,-1
155,3,444,1750,50,50,1,-1,-1,-1
155,4,395,1768,50,50,1,-1,-1,-1
155,5,588,1076,50,50,1,-1,-1,-1
155,6,647,1072,50,50,1,-1,-1,-1
156,1,787,1829,50,50,1,-1,-1,-1
156,2,678,1828,50,50,1,-1,-1,-1
156,4,394,1755,50,50,1,-1,-1,-1
156,5,590,1073,50,50,1,-1,-1,-1
156,6,654,1136,50,50,1,-1,-1,-1
157,1,787,1829,50,50,1,-1,-1,-1
157,2,677,1828,50,50,1,-1,-1,-1
157,4,400,1750,50,50,1,-1,-1,-1
157,5,592,1074,50,50,1,-1,-1,-1
157,6,659,1209,50,50,1,-1,-1,-1
158,1,786,1829,50,50,1,-1,-1,-1
158,2,677,1832,50,50,1,-1,-1,-1
158,4,391,1749,50,50,1,-1,-1,-1
158,5,594,1080,50,50,1,-1,-1,-1
158,6,666,1287,50,50,1,-1,-1,-1
159,1,786,1829,50,50,1,-1,-1,-1
159,2,677,1832,50,50,1,-1,-1,-1
159,4,380,1756,50,50,1,-1,-1,-1
159,5,596,1091,50,50,1,-1,-1,-1
159,6,672,1371,50,50,1,-1,-1,-1
160,1,786,1829,50,50,1,-1,-1,-1
160,2,677,1833,50,50,1,-1,-1,-1
160,4,388,1752,50,50,1,-1,-1,-1
160,5,598,1107,50,50,1,-1,-1,-1
160,6,679,1463,50,50,1,-1,-1,-1
160,7,346,1783,50,50,1,-1,-1,-1
161,1,786,1829,50,50,1,-1,-1,-1
161,2,677,1833,50,50,1,-1,-1,-1
161,4,386,1765,50,50,1,-1,-1,-1
161,5,600,1129,50,50,1,-1,-1,-1
161,6,686,1560,50,50,1,-1,-1,-1
161,7,326,1805,50,50,1,-1,-1,-1
162,1,786,1829,50,50,1,-1,-1,-1
162,2,678,1833,50,50,1,-1,-1,-1
162,4,385,1783,50,50,1,-1,-1,-1
162,5,603,1156,50,50,1,-1,-1,-1
162,6,692,1664,50,50,1,-1,-1,-1
162,7,301,1833,50,50,1,-1,-1,-1
163,1,786,1829,50,50,1,-1,-1,-1
163,2,678,1833,50,50,1,-1,-1,-1
163,4,384,1805,50,50,1,-1,-1,-1
163,5,605,1187,50,50,1,-1,-1,-1
163,6,701,1772,50,50,1,-1,-1,-1
163,7,281,1848,50,50,1,-1,-1,-1
164,1,786,1829,50,50,1,-1,-1,-1
164,2,678,1833,50,50,1,-1,-1,-1
164,4,383,1820,50,50,1,-1,-1,-1
164,5,608,1224,50,50,1,-1,-1,-1
164,6,707,1886,50,50,1,-1,-1,-1
164,7,261,1855,50,50,1,-1,-1,-1
165,1,786,1829,50,50,1,-1,-1,-1
165,2,678,1834,50,50,1,-1,-1,-1
165,4,384,1817,50,50,1,-1,-1,-1
165,5,611,1268,50,50,1,-1,-1,-1
165,6,708,1880,50,50,1,-1,-1,-1
165,7,240,1867,50,50,1,-1,-1,-1
166,1,786,1829,50,50,1,-1,-1,-1
166,2,678,1834,50,50,1,-1,-1,-1
166,4,384,1818,50,50,1,-1,-1,-1
166,5,613,1315,50,50,1,-1,-1,-1
166,6,707,1866,50,50,1,-1,-1,-1
166,7,219,1882,50,50,1,-1,-1,-1
167,1,786,1829,50,50,1,-1,-1,-1
167,2,693,1844,50,50,1,-1,-1,-1
167,4,384,1821,50,50,1,-1,-1,-1
167,5,617,1368,50,50,1,-1,-1,-1
167,7,197,1886,50,50,1,-1,-1,-1
168,1,786,1829,50,50,1,-1,-1,-1
168,4,385,1822,50,50,1,-1,-1,-1
168,5,619,1427,50,50,1,-1,-1,-1
168,6,694,1841,50,50,1,-1,-1,-1
168,7,177,1891,50,50,1,-1,-1,-1
169,1,786,1829,50,50,1,-1,-1,-1
169,4,386,1822,50,50,1,-1,-1,-1
169,5,622,1493,50,50,1,-1,-1,-1
169,6,695,1841,50,50,1,-1,-1,-1
170,1,786,1829,50,50,1,-1,-1,-1
170,4,386,1822,50,50,1,-1,-1,-1
170,5,625,1566,50,50,1,-1,-1,-1
170,6,695,1844,50,50,1,-1,-1,-1
171,1,786,1829,50,50,1,-1,-1,-1
171,2,679,1833,50,50,1,-1,-1,-1
171,4,386,1823,50,50,1,-1,-1,-1
171,5,629,1641,50,50,1,-1,-1,-1
171,6,710,1866,50,50,1,-1,-1,-1
172,1,786,1828,50,50,1,-1,-1,-1
172,2,678,1833,50,50,1,-1,-1,-1
172,4,387,1823,50,50,1,-1,-1,-1
172,5,632,1724,50,50,1,-1,-1,-1
172,6,712,1881,50,50,1,-1,-1,-1
173,1,786,1828,50,50,1,-1,-1,-1
173,2,679,1833,50,50,1,-1,-1,-1
173,4,387,1823,50,50,1,-1,-1,-1
173,5,637,1813,50,50,1,-1,-1,-1
173,6,712,1892,50,50,1,-1,-1,-1
174,1,787,1828,50,50,1,-1,-1,-1
174,2,678,1833,50,50,1,-1,-1,-1
174,4,387,1823,50,50,1,-1,-1,-1
174,6,713,1893,50,50,1,-1,-1,-1
175,1,786,1828,50,50,1,-1,-1,-1
175,2,641,1828,50,50,1,-1,-1,-1
175,4,387,1822,50,50,1,-1,-1,-1
175,6,713,1893,50,50,1,-1,-1,-1
176,1,787,1828,50,50,1,-1,-1,-1
176,2,643,1819,50,50,1,-1,-1,-1
176,4,387,1823,50,50,1,-1,-1,-1
177,1,787,1828,50,50,1,-1,-1,-1
177,2,645,1816,50,50,1,-1,-1,-1
177,4,388,1822,50,50,1,-1,-1,-1
178,1,787,1828,50,50,1,-1,-1,-1
178,2,663,1825,50,50,1,-1,-1,-1
178,4,388,1822,50,50,1,-1,-1,-1
179,1,787,1828,50,50,1,-1,-1,-1
179,2,663,1829,50,50,1,-1,-1,-1
179,4,388,1822,50,50,1,-1,-1,-1
180,1,788,1828,50,50,1,-1,-1,-1
180,2,664,1835,50,50,1,-1,-1,-1
180,4,388,1822,50,50,1,-1,-1,-1
181,1,788,1828,50,50,1,-1,-1,-1
181,2,653,1857,50,50,1,-1,-1,-1
181,4,387,1822,50,50,1,-1,-1,-1
182,1,786,1828,50,50,1,-1,-1,-1
182,2,655,1858,50,50,1,-1,-1,-1
182,4,388,1822,50,50,1,-1,-1,-1
183,1,786,1828,50,50,1,-1,-1,-1
183,2,658,1859,50,50,1,-1,-1,-1
183,4,388,1821,50,50,1,-1,-1,-1
184,1,788,1829,50,50,1,-1,-1,-1
184,2,660,1861,50,50,1,-1,-1,-1
184,4,388,1822,50,50,1,-1,-1,-1
185,1,789,1829,50,50,1,-1,-1,-1
185,2,661,1862,50,50,1,-1,-1,-1
185,4,388,1822,50,50,1,-1,-1,-1
186,1,787,1828,50,50,1,-1,-1,-1
186,2,670,1848,50,50,1,-1,-1,-1
186,4,388,1822,50,50,1,-1,-1,-1
187,1,786,1828,50,50,1,-1,-1,-1
187,2,669,1848,50,50,1,-1,-1,-1
187,4,387,1822,50,50,1,-1,-1,-1
188,1,788,1830,50,50,1,-1,-1,-1
188,2,670,1848,50,50,1,-1,-1,-1
188,4,388,1822,50,50,1,-1,-1,-1
189,1,788,1830,50,50,1,-1,-1,-1
189,2,670,1848,50,50,1,-1,-1,-1
189,4,389,1822,50,50,1,-1,-1,-1
190,1,787,1829,50,50,1,-1,-1,-1
190,2,674,1845,50,50,1,-1,-1,-1
190,4,388,1822,50,50,1,-1,-1,-1
191,1,789,1830,50,50,1,-1,-1,-1
191,2,680,1832,50,50,1,-1,-1,-1
191,4,387,1824,50,50,1,-1,-1,-1
192,1,790,1830,50,50,1,-1,-1,-1
192,2,681,1833,50,50,1,-1,-1,-1
192,4,387,1824,50,50,1,-1,-1,-1
193,1,790,1831,50,50,1,-1,-1,-1
193,2,683,1835,50,50,1,-1,-1,-1
193,4,392,1830,50,50,1,-1,-1,-1
194,1,790,1831,50,50,1,-1,-1,-1
194,2,663,1860,50,50,1,-1,-1,-1
194,4,390,1823,50,50,1,-1,-1,-1
195,1,790,1829,50,50,1,-1,-1,-1
195,2,666,1864,50,50,1,-1,-1,-1
195,4,387,1823,50,50,1,-1,-1,-1
196,1,789,1829,50,50,1,-1,-1,-1
196,2,662,1861,50,50,1,-1,-1,-1
196,4,385,1821,50,50,1,-1,-1,-1
197,1,788,1829,50,50,1,-1,-1,-1
197,2,662,1861,50,50,1,-1,-1,-1
197,4,385,1821,50,50,1,-1,-1,-1
198,1,788,1829,50,50,1,-1,-1,-1
198,2,662,1861,50,50,1,-1,-1,-1
198,4,387,1823,50,50,1,-1,-1,-1
199,1,788,1829,50,50,1,-1,-1,-1
199,2,662,1861,50,50,1,-1,-1,-1
199,4,388,1822,50,50,1,-1,-1,-1
200,1,788,1829,50,50,1,-1,-1,-1
200,2,662,1861,50,50,1,-1,-1,-1
200,4,389,1823,50,50,1,-1,-1,-1
201,1,790,1830,50,50,1,-1,-1,-1
201,2,662,1862,50,50,1,-1,-1,-1
201,4,389,1823,50,50,1,-1,-1,-1
202,1,789,1828,50,50,1,-1,-1,-1
202,2,663,1862,50,50,1,-1,-1,-1
202,4,388,1823,50,50,1,-1,-1,-1
203,1,792,1829,50,50,1,-1,-1,-1
203,2,665,1863,50,50,1,-1,-1,-1
203,4,388,1822,50,50,1,-1,-1,-1
204,1,790,1828,50,50,1,-1,-1,-1
204,2,665,1863,50,50,1,-1,-1,-1
204,4,388,1823,50,50,1,-1,-1,-1
204,6,533,1088,50,50,1,-1,-1,-1
205,1,790,1829,50,50,1,-1,-1,-1
205,2,665,1862,50,50,1,-1,-1,-1
205,4,388,1824,50,50,1,-1,-1,-1
206,1,787,1837,50,50,1,-1,-1,-1
206,2,679,1832,50,50,1,-1,-1,-1
206,4,388,1824,50,50,1,-1,-1,-1
207,1,792,1830,50,50,1,-1,-1,-1
207,2,666,1857,50,50,1,-1,-1,-1
207,4,388,1823,50,50,1,-1,-1,-1
208,1,791,1831,50,50,1,-1,-1,-1
208,2,666,1860,50,50,1,-1,-1,-1
208,4,385,1822,50,50,1,-1,-1,-1
208,7,669,1821,50,50,1,-1,-1,-1
209,1,791,1831,50,50,1,-1,-1,-1
209,2,665,1861,50,50,1,-1,-1,-1
209,4,391,1821,50,50,1,-1,-1,-1
