2,1,315,1611,50,50,1,-1,-1,-1
2,3,730,995,50,50,1,-1,-1,-1
3,1,322,1604,50,50,1,-1,-1,-1
3,2,421,1538,50,50,1,-1,-1,-1
3,3,730,996,50,50,1,-1,-1,-1
4,1,536,1713,50,50,1,-1,-1,-1
4,2,403,1540,50,50,1,-1,-1,-1
4,3,729,996,50,50,1,-1,-1,-1
4,4,320,1596,50,50,1,-1,-1,-1
4,5,619,1448,50,50,1,-1,-1,-1
5,2,425,1538,50,50,1,-1,-1,-1
5,3,729,996,50,50,1,-1,-1,-1
5,4,526,1712,50,50,1,-1,-1,-1
5,6,357,1582,50,50,1,-1,-1,-1
6,2,424,1539,50,50,1,-1,-1,-1
6,3,729,996,50,50,1,-1,-1,-1
6,4,522,1709,50,50,1,-1,-1,-1
6,6,358,1585,50,50,1,-1,-1,-1
7,2,422,1539,50,50,1,-1,-1,-1
7,3,729,996,50,50,1,-1,-1,-1
7,4,516,1706,50,50,1,-1,-1,-1
7,5,595,1447,50,50,1,-1,-1,-1
7,6,353,1583,50,50,1,-1,-1,-1
8,2,430,1540,50,50,1,-1,-1,-1
8,3,729,996,50,50,1,-1,-1,-1
8,4,510,1706,50,50,1,-1,-1,-1
8,6,352,1579,50,50,1,-1,-1,-1
9,2,435,1537,50,50,1,-1,-1,-1
9,3,730,996,50,50,1,-1,-1,-1
9,4,501,1707,50,50,1,-1,-1,-1
9,5,298,1638,50,50,1,-1,-1,-1
9,6,349,1576,50,50,1,-1,-1,-1
10,2,441,1535,50,50,1,-1,-1,-1
10,3,730,996,50,50,1,-1,-1,-1
10,4,497,1709,50,50,1,-1,-1,-1
10,6,342,1575,50,50,1,-1,-1,-1
11,2,444,1534,50,50,1,-1,-1,-1
11,3,730,996,50,50,1,-1,-1,-1
11,4,489,1709,50,50,1,-1,-1,-1
11,5,575,1455,50,50,1,-1,-1,-1
11,6,337,1574,50,50,1,-1,-1,-1
12,2,443,1533,50,50,1,-1,-1,-1
12,3,730,996,50,50,1,-1,-1,-1
12,4,573,1457,50,50,1,-1,-1,-1
12,5,280,1552,50,50,1,-1,-1,-1
12,6,332,1574,50,50,1,-1,-1,-1
13,2,436,1536,50,50,1,-1,-1,-1
13,3,730,996,50,50,1,-1,-1,-1
13,4,468,1709,50,50,1,-1,-1,-1
13,5,274,1550,50,50,1,-1,-1,-1
13,6,328,1574,50,50,1,-1,-1,-1
14,2,429,1541,50,50,1,-1,-1,-1
14,3,729,995,50,50,1,-1,-1,-1
14,6,323,1573,50,50,1,-1,-1,-1
15,2,430,1548,50,50,1,-1,-1,-1
15,3,729,995,50,50,1,-1,-1,-1
15,6,319,1572,50,50,1,-1,-1,-1
16,2,419,1548,50,50,1,-1,-1,-1
16,3,730,996,50,50,1,-1,-1,-1
16,6,314,1573,50,50,1,-1,-1,-1
17,2,419,1548,50,50,1,-1,-1,-1
17,3,730,995,50,50,1,-1,-1,-1
17,6,307,1574,50,50,1,-1,-1,-1
17,7,449,1715,50,50,1,-1,-1,-1
18,2,411,1545,50,50,1,-1,-1,-1
18,3,729,995,50,50,1,-1,-1,-1
18,6,308,1576,50,50,1,-1,-1,-1
18,7,447,1715,50,50,1,-1,-1,-1
19,2,405,1546,50,50,1,-1,-1,-1
19,3,729,995,50,50,1,-1,-1,-1
19,6,306,1575,50,50,1,-1,-1,-1
19,7,579,1471,50,50,1,-1,-1,-1
20,2,399,1546,50,50,1,-1,-1,-1
20,3,729,995,50,50,1,-1,-1,-1
20,6,302,1575,50,50,1,-1,-1,-1
20,7,579,1473,50,50,1,-1,-1,-1
21,2,390,1545,50,50,1,-1,-1,-1
21,3,729,995,50,50,1,-1,-1,-1
21,6,300,1576,50,50,1,-1,-1,-1
21,7,578,1474,50,50,1,-1,-1,-1
22,2,382,1548,50,50,1,-1,-1,-1
22,3,729,995,50,50,1,-1,-1,-1
22,6,299,1578,50,50,1,-1,-1,-1
22,7,578,1474,50,50,1,-1,-1,-1
23,2,378,1549,50,50,1,-1,-1,-1
23,3,729,995,50,50,1,-1,-1,-1
23,6,293,1555,50,50,1,-1,-1,-1
23,7,578,1475,50,50,1,-1,-1,-1
24,2,374,1549,50,50,1,-1,-1,-1
24,3,729,995,50,50,1,-1,-1,-1
24,5,455,1719,50,50,1,-1,-1,-1
24,6,293,1555,50,50,1,-1,-1,-1
24,7,579,1473,50,50,1,-1,-1,-1
25,2,375,1547,50,50,1,-1,-1,-1
25,3,730,995,50,50,1,-1,-1,-1
25,5,454,1717,50,50,1,-1,-1,-1
25,6,291,1555,50,50,1,-1,-1,-1
25,7,577,1472,50,50,1,-1,-1,-1
26,2,376,1548,50,50,1,-1,-1,-1
26,3,730,995,50,50,1,-1,-1,-1
26,6,293,1554,50,50,1,-1,-1,-1
26,7,573,1470,50,50,1,-1,-1,-1
27,2,376,1549,50,50,1,-1,-1,-1
27,3,730,995,50,50,1,-1,-1,-1
27,6,291,1551,50,50,1,-1,-1,-1
27,7,550,1469,50,50,1,-1,-1,-1
28,2,378,1551,50,50,1,-1,-1,-1
28,3,730,995,50,50,1,-1,-1,-1
28,6,291,1549,50,50,1,-1,-1,-1
28,7,571,1466,50,50,1,-1,-1,-1
29,2,383,1555,50,50,1,-1,-1,-1
29,3,730,995,50,50,1,-1,-1,-1
29,6,290,1545,50,50,1,-1,-1,-1
29,7,571,1465,50,50,1,-1,-1,-1
30,2,382,1557,50,50,1,-1,-1,-1
30,3,730,995,50,50,1,-1,-1,-1
30,6,288,1543,50,50,1,-1,-1,-1
30,7,569,1464,50,50,1,-1,-1,-1
31,2,384,1556,50,50,1,-1,-1,-1
31,3,730,995,50,50,1,-1,-1,-1
31,5,443,1715,50,50,1,-1,-1,-1
31,6,285,1537,50,50,1,-1,-1,-1
31,7,566,1464,50,50,1,-1,-1,-1
32,2,383,1557,50,50,1,-1,-1,-1
32,3,730,995,50,50,1,-1,-1,-1
32,6,284,1531,50,50,1,-1,-1,-1
32,7,559,1465,50,50,1,-1,-1,-1
33,2,392,1556,50,50,1,-1,-1,-1
33,3,730,995,50,50,1,-1,-1,-1
33,5,228,1525,50,50,1,-1,-1,-1
33,6,282,1522,50,50,1,-1,-1,-1
33,7,546,1469,50,50,1,-1,-1,-1
34,2,393,1551,50,50,1,-1,-1,-1
34,3,730,995,50,50,1,-1,-1,-1
34,6,287,1535,50,50,1,-1,-1,-1
34,7,546,1469,50,50,1,-1,-1,-1
35,2,393,1544,50,50,1,-1,-1,-1
35,3,730,995,50,50,1,-1,-1,-1
35,6,285,1520,50,50,1,-1,-1,-1
35,7,539,1471,50,50,1,-1,-1,-1
36,2,390,1538,50,50,1,-1,-1,-1
36,3,730,995,50,50,1,-1,-1,-1
36,6,272,1503,50,50,1,-1,-1,-1
36,7,533,1473,50,50,1,-1,-1,-1
37,2,392,1533,50,50,1,-1,-1,-1
37,3,730,995,50,50,1,-1,-1,-1
37,6,279,1483,50,50,1,-1,-1,-1
37,7,527,1475,50,50,1,-1,-1,-1
38,2,390,1526,50,50,1,-1,-1,-1
38,3,730,995,50,50,1,-1,-1,-1
38,6,266,1464,50,50,1,-1,-1,-1
38,8,597,992,50,50,1,-1,-1,-1
39,2,389,1521,50,50,1,-1,-1,-1
39,3,730,995,50,50,1,-1,-1,-1
39,6,257,1447,50,50,1,-1,-1,-1
39,7,512,1478,50,50,1,-1,-1,-1
39,8,597,992,50,50,1,-1,-1,-1
40,2,385,1518,50,50,1,-1,-1,-1
40,3,730,995,50,50,1,-1,-1,-1
40,5,175,1429,50,50,1,-1,-1,-1
40,6,254,1431,50,50,1,-1,-1,-1
40,7,506,1479,50,50,1,-1,-1,-1
40,8,597,992,50,50,1,-1,-1,-1
41,2,383,1517,50,50,1,-1,-1,-1
41,3,730,995,50,50,1,-1,-1,-1
41,6,253,1414,50,50,1,-1,-1,-1
41,7,503,1480,50,50,1,-1,-1,-1
41,8,597,992,50,50,1,-1,-1,-1
42,2,379,1515,50,50,1,-1,-1,-1
42,3,730,995,50,50,1,-1,-1,-1
42,6,245,1404,50,50,1,-1,-1,-1
42,7,499,1481,50,50,1,-1,-1,-1
42,8,597,992,50,50,1,-1,-1,-1
43,2,375,1517,50,50,1,-1,-1,-1
43,3,730,995,50,50,1,-1,-1,-1
43,5,381,1711,50,50,1,-1,-1,-1
43,6,241,1396,50,50,1,-1,-1,-1
43,7,495,1482,50,50,1,-1,-1,-1
43,8,597,992,50,50,1,-1,-1,-1
44,2,371,1517,50,50,1,-1,-1,-1
44,3,730,995,50,50,1,-1,-1,-1
44,6,239,1391,50,50,1,-1,-1,-1
44,7,493,1482,50,50,1,-1,-1,-1
44,8,598,992,50,50,1,-1,-1,-1
45,1,186,1407,50,50,1,-1,-1,-1
45,2,368,1517,50,50,1,-1,-1,-1
45,3,730,995,50,50,1,-1,-1,-1
45,5,392,1712,50,50,1,-1,-1,-1
45,6,236,1389,50,50,1,-1,-1,-1
45,7,490,1482,50,50,1,-1,-1,-1
45,8,598,992,50,50,1,-1,-1,-1
46,2,364,1513,50,50,1,-1,-1,-1
46,3,730,995,50,50,1,-1,-1,-1
46,5,378,1711,50,50,1,-1,-1,-1
46,6,232,1393,50,50,1,-1,-1,-1
46,7,490,1482,50,50,1,-1,-1,-1
46,8,598,992,50,50,1,-1,-1,-1
47,1,392,1712,50,50,1,-1,-1,-1
47,2,361,1503,50,50,1,-1,-1,-1
47,3,730,995,50,50,1,-1,-1,-1
47,5,187,1409,50,50,1,-1,-1,-1
47,6,231,1400,50,50,1,-1,-1,-1
47,7,490,1481,50,50,1,-1,-1,-1
47,8,598,992,50,50,1,-1,-1,-1
48,2,366,1489,50,50,1,-1,-1,-1
48,3,730,995,50,50,1,-1,-1,-1
48,5,393,1715,50,50,1,-1,-1,-1
48,6,229,1411,50,50,1,-1,-1,-1
48,7,491,1480,50,50,1,-1,-1,-1
48,8,598,992,50,50,1,-1,-1,-1
49,2,370,1473,50,50,1,-1,-1,-1
49,3,730,995,50,50,1,-1,-1,-1
49,5,392,1715,50,50,1,-1,-1,-1
49,6,226,1427,50,50,1,-1,-1,-1
49,7,490,1480,50,50,1,-1,-1,-1
49,8,598,992,50,50,1,-1,-1,-1
50,2,385,1454,50,50,1,-1,-1,-1
50,3,730,995,50,50,1,-1,-1,-1
50,5,349,1473,50,50,1,-1,-1,-1
50,6,232,1453,50,50,1,-1,-1,-1
50,7,487,1479,50,50,1,-1,-1,-1
50,8,598,992,50,50,1,-1,-1,-1
51,2,392,1432,50,50,1,-1,-1,-1
51,3,730,995,50,50,1,-1,-1,-1
51,4,394,1716,50,50,1,-1,-1,-1
51,5,357,1453,50,50,1,-1,-1,-1
51,6,233,1474,50,50,1,-1,-1,-1
51,7,488,1479,50,50,1,-1,-1,-1
51,8,597,992,50,50,1,-1,-1,-1
52,2,400,1414,50,50,1,-1,-1,-1
52,3,730,995,50,50,1,-1,-1,-1
52,5,199,1445,50,50,1,-1,-1,-1
52,6,233,1507,50,50,1,-1,-1,-1
52,7,489,1480,50,50,1,-1,-1,-1
52,8,598,992,50,50,1,-1,-1,-1
53,2,407,1390,50,50,1,-1,-1,-1
53,3,730,996,50,50,1,-1,-1,-1
53,4,402,1722,50,50,1,-1,-1,-1
53,5,163,1455,50,50,1,-1,-1,-1
53,6,237,1545,50,50,1,-1,-1,-1
53,7,462,1471,50,50,1,-1,-1,-1
53,8,598,992,50,50,1,-1,-1,-1
54,2,433,1401,50,50,1,-1,-1,-1
54,3,730,996,50,50,1,-1,-1,-1
54,5,405,1725,50,50,1,-1,-1,-1
54,6,241,1579,50,50,1,-1,-1,-1
54,7,463,1471,50,50,1,-1,-1,-1
54,8,598,992,50,50,1,-1,-1,-1
55,2,441,1399,50,50,1,-1,-1,-1
55,3,730,996,50,50,1,-1,-1,-1
55,6,244,1618,50,50,1,-1,-1,-1
55,8,597,992,50,50,1,-1,-1,-1
56,2,431,1382,50,50,1,-1,-1,-1
56,3,730,996,50,50,1,-1,-1,-1
56,6,248,1658,50,50,1,-1,-1,-1
56,8,597,992,50,50,1,-1,-1,-1
57,2,467,1411,50,50,1,-1,-1,-1
57,3,730,996,50,50,1,-1,-1,-1
57,6,253,1689,50,50,1,-1,-1,-1
57,7,202,1714,50,50,1,-1,-1,-1
57,8,597,992,50,50,1,-1,-1,-1
58,2,479,1472,50,50,1,-1,-1,-1
58,3,730,996,50,50,1,-1,-1,-1
58,5,442,1419,50,50,1,-1,-1,-1
58,6,259,1692,50,50,1,-1,-1,-1
58,7,205,1714,50,50,1,-1,-1,-1
58,8,597,992,50,50,1,-1,-1,-1
59,2,465,1480,50,50,1,-1,-1,-1
59,3,730,996,50,50,1,-1,-1,-1
59,6,274,1657,50,50,1,-1,-1,-1
59,7,235,1670,50,50,1,-1,-1,-1
59,8,597,992,50,50,1,-1,-1,-1
60,2,435,1507,50,50,1,-1,-1,-1
60,3,730,996,50,50,1,-1,-1,-1
60,6,492,1478,50,50,1,-1,-1,-1
60,7,293,1572,50,50,1,-1,-1,-1
60,8,597,992,50,50,1,-1,-1,-1
61,2,431,1567,50,50,1,-1,-1,-1
61,3,730,996,50,50,1,-1,-1,-1
61,5,269,1469,50,50,1,-1,-1,-1
61,6,494,1484,50,50,1,-1,-1,-1
61,7,303,1449,50,50,1,-1,-1,-1
61,8,597,992,50,50,1,-1,-1,-1
62,2,420,1632,50,50,1,-1,-1,-1
62,3,730,996,50,50,1,-1,-1,-1
62,6,447,1600,50,50,1,-1,-1,-1
62,7,302,1315,50,50,1,-1,-1,-1
62,8,597,992,50,50,1,-1,-1,-1
63,2,409,1711,50,50,1,-1,-1,-1
63,3,730,996,50,50,1,-1,-1,-1
63,5,265,1235,50,50,1,-1,-1,-1
63,6,401,1671,50,50,1,-1,-1,-1
63,7,317,1156,50,50,1,-1,-1,-1
63,8,597,992,50,50,1,-1,-1,-1
64,3,730,996,50,50,1,-1,-1,-1
64,5,248,1209,50,50,1,-1,-1,-1
64,6,393,1673,50,50,1,-1,-1,-1
64,7,313,1031,50,50,1,-1,-1,-1
64,8,597,992,50,50,1,-1,-1,-1
65,1,215,1517,50,50,1,-1,-1,-1
65,2,401,1703,50,50,1,-1,-1,-1
65,3,730,996,50,50,1,-1,-1,-1
65,4,431,1556,50,50,1,-1,-1,-1
65,5,259,1232,50,50,1,-1,-1,-1
65,6,385,1653,50,50,1,-1,-1,-1
65,7,311,915,50,50,1,-1,-1,-1
65,8,597,992,50,50,1,-1,-1,-1
66,1,409,1569,50,50,1,-1,-1,-1
66,2,422,1618,50,50,1,-1,-1,-1
66,3,730,996,50,50,1,-1,-1,-1
66,5,280,1292,50,50,1,-1,-1,-1
66,6,370,1587,50,50,1,-1,-1,-1
66,7,311,808,50,50,1,-1,-1,-1
66,8,597,992,50,50,1,-1,-1,-1
67,1,421,1629,50,50,1,-1,-1,-1
67,2,498,1478,50,50,1,-1,-1,-1
67,3,730,996,50,50,1,-1,-1,-1
67,5,269,1386,50,50,1,-1,-1,-1
67,6,387,1485,50,50,1,-1,-1,-1
67,7,314,697,50,50,1,-1,-1,-1
67,8,597,992,50,50,1,-1,-1,-1
68,2,381,1307,50,50,1,-1,-1,-1
68,3,730,996,50,50,1,-1,-1,-1
68,5,276,1481,50,50,1,-1,-1,-1
68,6,383,1350,50,50,1,-1,-1,-1
68,7,310,600,50,50,1,-1,-1,-1
68,8,597,992,50,50,1,-1,-1,-1
69,2,394,1167,50,50,1,-1,-1,-1
69,3,730,996,50,50,1,-1,-1,-1
69,5,287,1566,50,50,1,-1,-1,-1
69,6,374,1216,50,50,1,-1,-1,-1
69,7,436,1246,50,50,1,-1,-1,-1
69,8,597,992,50,50,1,-1,-1,-1
70,2,423,1181,50,50,1,-1,-1,-1
70,3,730,996,50,50,1,-1,-1,-1
70,5,289,1606,50,50,1,-1,-1,-1
70,6,403,1071,50,50,1,-1,-1,-1
70,7,463,1189,50,50,1,-1,-1,-1
70,8,597,992,50,50,1,-1,-1,-1
71,2,465,1184,50,50,1,-1,-1,-1
71,3,730,996,50,50,1,-1,-1,-1
71,5,296,1602,50,50,1,-1,-1,-1
71,6,424,957,50,50,1,-1,-1,-1
71,7,314,349,50,50,1,-1,-1,-1
71,8,597,992,50,50,1,-1,-1,-1
72,2,496,1215,50,50,1,-1,-1,-1
72,3,730,996,50,50,1,-1,-1,-1
72,5,306,1544,50,50,1,-1,-1,-1
72,6,426,861,50,50,1,-1,-1,-1
72,7,297,278,50,50,1,-1,-1,-1
72,8,597,992,50,50,1,-1,-1,-1
73,2,492,1295,50,50,1,-1,-1,-1
73,3,730,996,50,50,1,-1,-1,-1
73,5,314,1444,50,50,1,-1,-1,-1
73,6,442,747,50,50,1,-1,-1,-1
73,7,311,219,50,50,1,-1,-1,-1
73,8,597,992,50,50,1,-1,-1,-1
74,1,340,1299,50,50,1,-1,-1,-1
74,2,471,1420,50,50,1,-1,-1,-1
74,3,730,996,50,50,1,-1,-1,-1
74,5,310,1334,50,50,1,-1,-1,-1
74,6,452,655,50,50,1,-1,-1,-1
74,7,301,163,50,50,1,-1,-1,-1
74,8,597,992,50,50,1,-1,-1,-1
75,1,421,1517,50,50,1,-1,-1,-1
75,2,460,1511,50,50,1,-1,-1,-1
75,3,730,996,50,50,1,-1,-1,-1
75,5,284,1243,50,50,1,-1,-1,-1
75,6,465,563,50,50,1,-1,-1,-1
75,7,325,1191,50,50,1,-1,-1,-1
75,8,598,992,50,50,1,-1,-1,-1
76,1,331,1050,50,50,1,-1,-1,-1
76,2,425,1571,50,50,1,-1,-1,-1
76,3,730,996,50,50,1,-1,-1,-1
76,5,270,1213,50,50,1,-1,-1,-1
76,6,474,498,50,50,1,-1,-1,-1
76,7,495,1513,50,50,1,-1,-1,-1
76,8,598,992,50,50,1,-1,-1,-1
77,2,404,1598,50,50,1,-1,-1,-1
77,3,730,996,50,50,1,-1,-1,-1
77,5,250,1233,50,50,1,-1,-1,-1
77,6,483,426,50,50,1,-1,-1,-1
77,7,338,949,50,50,1,-1,-1,-1
77,8,598,992,50,50,1,-1,-1,-1
78,1,339,848,50,50,1,-1,-1,-1
78,2,388,1573,50,50,1,-1,-1,-1
78,3,730,996,50,50,1,-1,-1,-1
78,4,229,1669,50,50,1,-1,-1,-1
78,5,238,1296,50,50,1,-1,-1,-1
78,6,497,359,50,50,1,-1,-1,-1
78,7,273,2,50,50,1,-1,-1,-1
78,8,598,992,50,50,1,-1,-1,-1
79,2,386,1488,50,50,1,-1,-1,-1
79,3,731,996,50,50,1,-1,-1,-1
79,5,224,1361,50,50,1,-1,-1,-1
79,6,266,-22,50,50,1,-1,-1,-1
79,7,245,1483,50,50,1,-1,-1,-1
79,8,598,992,50,50,1,-1,-1,-1
80,2,364,1381,50,50,1,-1,-1,-1
80,3,730,996,50,50,1,-1,-1,-1
80,5,257,1461,50,50,1,-1,-1,-1
80,6,339,654,50,50,1,-1,-1,-1
80,8,598,992,50,50,1,-1,-1,-1
81,1,332,560,50,50,1,-1,-1,-1
81,2,370,1238,50,50,1,-1,-1,-1
81,3,730,995,50,50,1,-1,-1,-1
81,5,284,1540,50,50,1,-1,-1,-1
81,6,243,1425,50,50,1,-1,-1,-1
81,7,439,1275,50,50,1,-1,-1,-1
81,8,598,992,50,50,1,-1,-1,-1
82,1,333,478,50,50,1,-1,-1,-1
82,2,387,1111,50,50,1,-1,-1,-1
82,3,731,995,50,50,1,-1,-1,-1
82,4,535,161,50,50,1,-1,-1,-1
82,5,289,1573,50,50,1,-1,-1,-1
82,6,229,1680,50,50,1,-1,-1,-1
82,7,470,1222,50,50,1,-1,-1,-1
82,8,598,992,50,50,1,-1,-1,-1
83,1,326,408,50,50,1,-1,-1,-1
83,2,406,1000,50,50,1,-1,-1,-1
83,3,730,995,50,50,1,-1,-1,-1
83,5,314,1568,50,50,1,-1,-1,-1
83,6,502,1225,50,50,1,-1,-1,-1
83,7,541,130,50,50,1,-1,-1,-1
83,8,598,992,50,50,1,-1,-1,-1
84,1,502,1262,50,50,1,-1,-1,-1
84,2,426,896,50,50,1,-1,-1,-1
84,3,731,995,50,50,1,-1,-1,-1
84,5,328,1527,50,50,1,-1,-1,-1
84,6,324,335,50,50,1,-1,-1,-1
84,7,546,104,50,50,1,-1,-1,-1
84,8,598,992,50,50,1,-1,-1,-1
85,1,502,1350,50,50,1,-1,-1,-1
85,2,441,795,50,50,1,-1,-1,-1
85,3,731,995,50,50,1,-1,-1,-1
85,4,323,271,50,50,1,-1,-1,-1
85,5,332,1419,50,50,1,-1,-1,-1
85,6,218,-23,50,50,1,-1,-1,-1
85,7,549,85,50,50,1,-1,-1,-1
85,8,598,992,50,50,1,-1,-1,-1
86,1,444,1453,50,50,1,-1,-1,-1
86,2,452,690,50,50,1,-1,-1,-1
86,3,731,995,50,50,1,-1,-1,-1
86,4,499,1456,50,50,1,-1,-1,-1
86,5,335,1304,50,50,1,-1,-1,-1
86,6,216,-7,50,50,1,-1,-1,-1
86,7,558,72,50,50,1,-1,-1,-1
86,8,598,992,50,50,1,-1,-1,-1
87,1,457,1550,50,50,1,-1,-1,-1
87,2,454,607,50,50,1,-1,-1,-1
87,3,731,995,50,50,1,-1,-1,-1
87,4,316,179,50,50,1,-1,-1,-1
87,5,335,1178,50,50,1,-1,-1,-1
87,6,206,20,50,50,1,-1,-1,-1
87,7,567,63,50,50,1,-1,-1,-1
87,8,598,992,50,50,1,-1,-1,-1
88,1,430,1616,50,50,1,-1,-1,-1
88,2,468,526,50,50,1,-1,-1,-1
88,3,731,995,50,50,1,-1,-1,-1
88,4,402,1588,50,50,1,-1,-1,-1
88,5,339,1038,50,50,1,-1,-1,-1
88,6,201,53,50,50,1,-1,-1,-1
88,7,573,62,50,50,1,-1,-1,-1
88,8,598,992,50,50,1,-1,-1,-1
89,1,385,1614,50,50,1,-1,-1,-1
89,2,491,463,50,50,1,-1,-1,-1
89,3,731,995,50,50,1,-1,-1,-1
89,4,315,98,50,50,1,-1,-1,-1
89,5,338,936,50,50,1,-1,-1,-1
89,6,191,94,50,50,1,-1,-1,-1
89,7,575,69,50,50,1,-1,-1,-1
89,8,598,992,50,50,1,-1,-1,-1
90,1,377,1587,50,50,1,-1,-1,-1
90,2,492,391,50,50,1,-1,-1,-1
90,3,731,995,50,50,1,-1,-1,-1
90,4,297,82,50,50,1,-1,-1,-1
90,5,339,818,50,50,1,-1,-1,-1
90,6,189,144,50,50,1,-1,-1,-1
90,7,581,81,50,50,1,-1,-1,-1
90,8,598,992,50,50,1,-1,-1,-1
91,1,361,1483,50,50,1,-1,-1,-1
91,2,485,338,50,50,1,-1,-1,-1
91,3,731,995,50,50,1,-1,-1,-1
91,4,361,1125,50,50,1,-1,-1,-1
91,5,337,725,50,50,1,-1,-1,-1
91,6,178,195,50,50,1,-1,-1,-1
91,7,588,98,50,50,1,-1,-1,-1
91,8,598,992,50,50,1,-1,-1,-1
92,1,372,1333,50,50,1,-1,-1,-1
92,2,523,266,50,50,1,-1,-1,-1
92,3,731,995,50,50,1,-1,-1,-1
92,4,192,1425,50,50,1,-1,-1,-1
92,5,289,45,50,50,1,-1,-1,-1
92,6,162,254,50,50,1,-1,-1,-1
92,7,592,122,50,50,1,-1,-1,-1
92,8,598,992,50,50,1,-1,-1,-1
93,1,375,1201,50,50,1,-1,-1,-1
93,2,531,216,50,50,1,-1,-1,-1
93,3,731,995,50,50,1,-1,-1,-1
93,4,191,1431,50,50,1,-1,-1,-1
93,5,337,552,50,50,1,-1,-1,-1
93,6,156,316,50,50,1,-1,-1,-1
93,7,283,39,50,50,1,-1,-1,-1
93,8,598,992,50,50,1,-1,-1,-1
94,1,391,1073,50,50,1,-1,-1,-1
94,2,538,185,50,50,1,-1,-1,-1
94,3,731,995,50,50,1,-1,-1,-1
94,4,198,1435,50,50,1,-1,-1,-1
94,5,267,1616,50,50,1,-1,-1,-1
94,6,139,392,50,50,1,-1,-1,-1
94,7,276,38,50,50,1,-1,-1,-1
94,8,598,992,50,50,1,-1,-1,-1
95,1,404,954,50,50,1,-1,-1,-1
95,2,547,152,50,50,1,-1,-1,-1
95,3,731,995,50,50,1,-1,-1,-1
95,4,196,1434,50,50,1,-1,-1,-1
95,5,323,1688,50,50,1,-1,-1,-1
95,6,333,394,50,50,1,-1,-1,-1
95,7,268,43,50,50,1,-1,-1,-1
95,8,598,992,50,50,1,-1,-1,-1
96,1,410,848,50,50,1,-1,-1,-1
96,2,550,132,50,50,1,-1,-1,-1
96,3,731,995,50,50,1,-1,-1,-1
96,4,204,1430,50,50,1,-1,-1,-1
96,5,303,1509,50,50,1,-1,-1,-1
96,6,619,285,50,50,1,-1,-1,-1
96,7,262,55,50,50,1,-1,-1,-1
96,8,598,992,50,50,1,-1,-1,-1
97,1,422,740,50,50,1,-1,-1,-1
97,2,554,110,50,50,1,-1,-1,-1
97,3,731,995,50,50,1,-1,-1,-1
97,4,101,652,50,50,1,-1,-1,-1
97,5,312,1370,50,50,1,-1,-1,-1
97,6,620,345,50,50,1,-1,-1,-1
97,7,255,72,50,50,1,-1,-1,-1
97,8,598,992,50,50,1,-1,-1,-1
98,1,438,652,50,50,1,-1,-1,-1
98,2,569,94,50,50,1,-1,-1,-1
98,3,731,996,50,50,1,-1,-1,-1
98,4,327,225,50,50,1,-1,-1,-1
98,5,313,1234,50,50,1,-1,-1,-1
98,6,620,406,50,50,1,-1,-1,-1
98,7,249,95,50,50,1,-1,-1,-1
98,8,598,991,50,50,1,-1,-1,-1
99,1,441,570,50,50,1,-1,-1,-1
99,2,576,87,50,50,1,-1,-1,-1
99,3,731,995,50,50,1,-1,-1,-1
99,4,324,179,50,50,1,-1,-1,-1
99,5,315,1103,50,50,1,-1,-1,-1
99,6,623,475,50,50,1,-1,-1,-1
99,7,242,126,50,50,1,-1,-1,-1
99,8,598,991,50,50,1,-1,-1,-1
100,1,450,479,50,50,1,-1,-1,-1
100,2,583,86,50,50,1,-1,-1,-1
100,3,731,995,50,50,1,-1,-1,-1
100,4,318,143,50,50,1,-1,-1,-1
100,5,315,989,50,50,1,-1,-1,-1
100,6,625,546,50,50,1,-1,-1,-1
100,7,235,162,50,50,1,-1,-1,-1
100,8,598,991,50,50,1,-1,-1,-1
101,1,462,401,50,50,1,-1,-1,-1
101,2,589,91,50,50,1,-1,-1,-1
101,3,731,995,50,50,1,-1,-1,-1
101,4,314,113,50,50,1,-1,-1,-1
101,5,316,874,50,50,1,-1,-1,-1
101,6,628,627,50,50,1,-1,-1,-1
101,7,209,211,50,50,1,-1,-1,-1
101,8,598,991,50,50,1,-1,-1,-1
102,1,471,332,50,50,1,-1,-1,-1
102,2,598,101,50,50,1,-1,-1,-1
102,3,731,995,50,50,1,-1,-1,-1
102,4,307,84,50,50,1,-1,-1,-1
102,5,315,770,50,50,1,-1,-1,-1
102,6,629,716,50,50,1,-1,-1,-1
102,7,197,264,50,50,1,-1,-1,-1
102,8,598,991,50,50,1,-1,-1,-1
103,1,481,277,50,50,1,-1,-1,-1
103,2,18,1307,50,50,1,-1,-1,-1
103,3,731,995,50,50,1,-1,-1,-1
103,4,306,66,50,50,1,-1,-1,-1
103,5,321,682,50,50,1,-1,-1,-1
103,6,628,809,50,50,1,-1,-1,-1
103,7,206,310,50,50,1,-1,-1,-1
103,8,598,991,50,50,1,-1,-1,-1
104,1,492,225,50,50,1,-1,-1,-1
104,2,528,1468,50,50,1,-1,-1,-1
104,3,731,995,50,50,1,-1,-1,-1
104,4,302,54,50,50,1,-1,-1,-1
104,5,321,590,50,50,1,-1,-1,-1
104,6,626,911,50,50,1,-1,-1,-1
104,7,192,369,50,50,1,-1,-1,-1
104,8,597,991,50,50,1,-1,-1,-1
105,1,354,1240,50,50,1,-1,-1,-1
105,2,529,1465,50,50,1,-1,-1,-1
105,3,731,995,50,50,1,-1,-1,-1
105,4,296,47,50,50,1,-1,-1,-1
105,5,321,500,50,50,1,-1,-1,-1
105,6,630,1021,50,50,1,-1,-1,-1
105,7,184,442,50,50,1,-1,-1,-1
105,8,597,991,50,50,1,-1,-1,-1
106,1,154,1571,50,50,1,-1,-1,-1
106,2,230,1554,50,50,1,-1,-1,-1
106,3,731,995,50,50,1,-1,-1,-1
106,4,288,48,50,50,1,-1,-1,-1
106,5,322,423,50,50,1,-1,-1,-1
106,6,630,1149,50,50,1,-1,-1,-1
106,7,500,129,50,50,1,-1,-1,-1
106,8,598,992,50,50,1,-1,-1,-1
107,1,204,1615,50,50,1,-1,-1,-1
107,2,199,1540,50,50,1,-1,-1,-1
107,3,731,995,50,50,1,-1,-1,-1
107,4,283,53,50,50,1,-1,-1,-1
107,5,318,357,50,50,1,-1,-1,-1
107,6,631,1263,50,50,1,-1,-1,-1
107,7,504,92,50,50,1,-1,-1,-1
107,8,598,992,50,50,1,-1,-1,-1
108,1,250,1594,50,50,1,-1,-1,-1
108,2,525,1456,50,50,1,-1,-1,-1
108,3,731,995,50,50,1,-1,-1,-1
108,4,274,69,50,50,1,-1,-1,-1
108,5,315,294,50,50,1,-1,-1,-1
108,6,635,1389,50,50,1,-1,-1,-1
108,7,512,66,50,50,1,-1,-1,-1
108,8,598,991,50,50,1,-1,-1,-1
109,1,545,1499,50,50,1,-1,-1,-1
109,2,386,798,50,50,1,-1,-1,-1
109,3,731,995,50,50,1,-1,-1,-1
109,4,137,788,50,50,1,-1,-1,-1
109,5,316,240,50,50,1,-1,-1,-1
109,6,630,1489,50,50,1,-1,-1,-1
109,7,638,354,50,50,1,-1,-1,-1
109,8,598,991,50,50,1,-1,-1,-1
110,1,529,1476,50,50,1,-1,-1,-1
110,2,526,26,50,50,1,-1,-1,-1
110,3,731,995,50,50,1,-1,-1,-1
110,4,319,1367,50,50,1,-1,-1,-1
110,5,252,113,50,50,1,-1,-1,-1
110,6,588,1581,50,50,1,-1,-1,-1
110,7,641,415,50,50,1,-1,-1,-1
110,8,598,991,50,50,1,-1,-1,-1
111,1,322,1250,50,50,1,-1,-1,-1
111,2,531,15,50,50,1,-1,-1,-1
111,3,731,995,50,50,1,-1,-1,-1
111,4,106,991,50,50,1,-1,-1,-1
111,5,249,144,50,50,1,-1,-1,-1
111,6,517,1591,50,50,1,-1,-1,-1
111,7,634,493,50,50,1,-1,-1,-1
111,8,598,991,50,50,1,-1,-1,-1
112,1,92,1105,50,50,1,-1,-1,-1
112,2,304,108,50,50,1,-1,-1,-1
112,3,731,995,50,50,1,-1,-1,-1
112,4,407,532,50,50,1,-1,-1,-1
112,5,241,182,50,50,1,-1,-1,-1
112,6,482,1621,50,50,1,-1,-1,-1
112,7,647,554,50,50,1,-1,-1,-1
112,8,598,991,50,50,1,-1,-1,-1
113,1,77,1235,50,50,1,-1,-1,-1
113,2,301,75,50,50,1,-1,-1,-1
113,3,731,995,50,50,1,-1,-1,-1
113,4,538,13,50,50,1,-1,-1,-1
113,5,230,227,50,50,1,-1,-1,-1
113,6,403,1690,50,50,1,-1,-1,-1
113,7,648,633,50,50,1,-1,-1,-1
113,8,598,991,50,50,1,-1,-1,-1
114,1,72,1348,50,50,1,-1,-1,-1
114,2,299,51,50,50,1,-1,-1,-1
114,3,731,995,50,50,1,-1,-1,-1
114,4,540,24,50,50,1,-1,-1,-1
114,5,227,270,50,50,1,-1,-1,-1
114,6,420,1700,50,50,1,-1,-1,-1
114,7,652,720,50,50,1,-1,-1,-1
114,8,598,991,50,50,1,-1,-1,-1
115,1,62,1446,50,50,1,-1,-1,-1
115,2,295,32,50,50,1,-1,-1,-1
115,3,731,995,50,50,1,-1,-1,-1
115,4,424,338,50,50,1,-1,-1,-1
115,5,543,38,50,50,1,-1,-1,-1
115,6,319,1564,50,50,1,-1,-1,-1
115,7,653,818,50,50,1,-1,-1,-1
115,8,598,991,50,50,1,-1,-1,-1
116,1,78,1517,50,50,1,-1,-1,-1
116,2,290,20,50,50,1,-1,-1,-1
116,3,731,995,50,50,1,-1,-1,-1
116,4,313,698,50,50,1,-1,-1,-1
116,5,546,59,50,50,1,-1,-1,-1
116,6,313,1441,50,50,1,-1,-1,-1
116,7,660,919,50,50,1,-1,-1,-1
116,8,597,991,50,50,1,-1,-1,-1
117,1,125,1596,50,50,1,-1,-1,-1
117,2,277,16,50,50,1,-1,-1,-1
117,3,731,995,50,50,1,-1,-1,-1
117,4,335,604,50,50,1,-1,-1,-1
117,5,442,235,50,50,1,-1,-1,-1
117,6,320,1309,50,50,1,-1,-1,-1
117,7,660,1022,50,50,1,-1,-1,-1
117,8,597,991,50,50,1,-1,-1,-1
118,1,180,1652,50,50,1,-1,-1,-1
118,2,273,18,50,50,1,-1,-1,-1
118,3,731,995,50,50,1,-1,-1,-1
118,4,443,190,50,50,1,-1,-1,-1
118,5,329,533,50,50,1,-1,-1,-1
118,6,334,1180,50,50,1,-1,-1,-1
118,7,663,1149,50,50,1,-1,-1,-1
118,8,597,991,50,50,1,-1,-1,-1
119,2,268,24,50,50,1,-1,-1,-1
119,3,731,995,50,50,1,-1,-1,-1
119,4,451,157,50,50,1,-1,-1,-1
119,5,327,459,50,50,1,-1,-1,-1
119,6,359,1071,50,50,1,-1,-1,-1
119,7,665,1261,50,50,1,-1,-1,-1
119,8,598,991,50,50,1,-1,-1,-1
120,1,233,1538,50,50,1,-1,-1,-1
120,2,262,37,50,50,1,-1,-1,-1
120,3,731,995,50,50,1,-1,-1,-1
120,4,453,128,50,50,1,-1,-1,-1
120,5,319,394,50,50,1,-1,-1,-1
120,6,368,959,50,50,1,-1,-1,-1
120,7,666,1377,50,50,1,-1,-1,-1
120,8,598,991,50,50,1,-1,-1,-1
121,1,296,1557,50,50,1,-1,-1,-1
121,2,252,58,50,50,1,-1,-1,-1
121,3,731,995,50,50,1,-1,-1,-1
121,4,458,104,50,50,1,-1,-1,-1
121,5,326,331,50,50,1,-1,-1,-1
121,6,384,860,50,50,1,-1,-1,-1
121,7,663,1476,50,50,1,-1,-1,-1
121,8,597,991,50,50,1,-1,-1,-1
122,1,302,1418,50,50,1,-1,-1,-1
122,2,549,321,50,50,1,-1,-1,-1
122,3,731,995,50,50,1,-1,-1,-1
122,4,463,88,50,50,1,-1,-1,-1
122,5,325,278,50,50,1,-1,-1,-1
122,6,403,760,50,50,1,-1,-1,-1
122,7,653,1543,50,50,1,-1,-1,-1
122,8,598,991,50,50,1,-1,-1,-1
123,1,295,1261,50,50,1,-1,-1,-1
123,2,553,383,50,50,1,-1,-1,-1
123,3,731,995,50,50,1,-1,-1,-1
123,4,466,78,50,50,1,-1,-1,-1
123,5,255,117,50,50,1,-1,-1,-1
123,6,412,669,50,50,1,-1,-1,-1
123,7,541,1545,50,50,1,-1,-1,-1
123,8,598,992,50,50,1,-1,-1,-1
124,1,296,1156,50,50,1,-1,-1,-1
124,2,551,455,50,50,1,-1,-1,-1
124,3,731,995,50,50,1,-1,-1,-1
124,4,470,74,50,50,1,-1,-1,-1
124,5,242,154,50,50,1,-1,-1,-1
124,6,424,587,50,50,1,-1,-1,-1
124,7,510,1667,50,50,1,-1,-1,-1
124,8,598,992,50,50,1,-1,-1,-1
125,1,96,1244,50,50,1,-1,-1,-1
125,2,555,533,50,50,1,-1,-1,-1
125,3,731,995,50,50,1,-1,-1,-1
125,4,472,76,50,50,1,-1,-1,-1
125,5,238,197,50,50,1,-1,-1,-1
125,6,316,154,50,50,1,-1,-1,-1
125,7,399,1718,50,50,1,-1,-1,-1
125,8,598,992,50,50,1,-1,-1,-1
126,1,84,1365,50,50,1,-1,-1,-1
126,2,557,606,50,50,1,-1,-1,-1
126,3,731,995,50,50,1,-1,-1,-1
126,4,473,85,50,50,1,-1,-1,-1
126,5,228,246,50,50,1,-1,-1,-1
126,6,313,126,50,50,1,-1,-1,-1
126,7,378,1672,50,50,1,-1,-1,-1
126,8,598,992,50,50,1,-1,-1,-1
127,1,73,1487,50,50,1,-1,-1,-1
127,2,557,694,50,50,1,-1,-1,-1
127,3,731,995,50,50,1,-1,-1,-1
127,4,477,100,50,50,1,-1,-1,-1
127,5,219,304,50,50,1,-1,-1,-1
127,6,309,105,50,50,1,-1,-1,-1
127,7,436,1544,50,50,1,-1,-1,-1
127,8,598,992,50,50,1,-1,-1,-1
128,1,81,1561,50,50,1,-1,-1,-1
128,2,557,788,50,50,1,-1,-1,-1
128,3,731,995,50,50,1,-1,-1,-1
128,4,477,122,50,50,1,-1,-1,-1
128,5,194,376,50,50,1,-1,-1,-1
128,6,460,330,50,50,1,-1,-1,-1
128,7,288,732,50,50,1,-1,-1,-1
128,8,598,992,50,50,1,-1,-1,-1
129,1,117,1628,50,50,1,-1,-1,-1
129,2,557,892,50,50,1,-1,-1,-1
129,3,732,995,50,50,1,-1,-1,-1
129,4,482,153,50,50,1,-1,-1,-1
129,5,203,444,50,50,1,-1,-1,-1
129,6,464,279,50,50,1,-1,-1,-1
129,7,291,82,50,50,1,-1,-1,-1
129,8,598,992,50,50,1,-1,-1,-1
130,1,156,1663,50,50,1,-1,-1,-1
130,2,553,998,50,50,1,-1,-1,-1
130,3,732,995,50,50,1,-1,-1,-1
130,4,472,184,50,50,1,-1,-1,-1
130,5,189,519,50,50,1,-1,-1,-1
130,6,287,78,50,50,1,-1,-1,-1
130,7,471,235,50,50,1,-1,-1,-1
130,8,598,992,50,50,1,-1,-1,-1
131,1,174,1671,50,50,1,-1,-1,-1
131,2,556,1119,50,50,1,-1,-1,-1
131,3,732,995,50,50,1,-1,-1,-1
131,4,476,213,50,50,1,-1,-1,-1
131,5,188,607,50,50,1,-1,-1,-1
131,6,284,81,50,50,1,-1,-1,-1
131,7,349,1127,50,50,1,-1,-1,-1
131,8,598,991,50,50,1,-1,-1,-1
132,1,200,1683,50,50,1,-1,-1,-1
132,2,553,1240,50,50,1,-1,-1,-1
132,3,732,995,50,50,1,-1,-1,-1
132,4,472,271,50,50,1,-1,-1,-1
132,5,167,684,50,50,1,-1,-1,-1
132,6,280,89,50,50,1,-1,-1,-1
132,7,377,1143,50,50,1,-1,-1,-1
132,8,598,991,50,50,1,-1,-1,-1
133,1,194,1677,50,50,1,-1,-1,-1
133,2,551,1370,50,50,1,-1,-1,-1
133,3,732,995,50,50,1,-1,-1,-1
133,4,472,326,50,50,1,-1,-1,-1
133,5,155,781,50,50,1,-1,-1,-1
133,6,274,105,50,50,1,-1,-1,-1
133,7,380,912,50,50,1,-1,-1,-1
133,8,597,992,50,50,1,-1,-1,-1
134,1,192,1681,50,50,1,-1,-1,-1
134,2,547,1473,50,50,1,-1,-1,-1
134,3,732,995,50,50,1,-1,-1,-1
134,4,480,384,50,50,1,-1,-1,-1
134,5,143,876,50,50,1,-1,-1,-1
134,6,288,123,50,50,1,-1,-1,-1
134,7,398,815,50,50,1,-1,-1,-1
134,8,597,992,50,50,1,-1,-1,-1
135,1,185,1675,50,50,1,-1,-1,-1
135,2,489,1495,50,50,1,-1,-1,-1
135,3,732,995,50,50,1,-1,-1,-1
135,4,483,457,50,50,1,-1,-1,-1
135,5,131,994,50,50,1,-1,-1,-1
135,6,284,149,50,50,1,-1,-1,-1
135,7,413,719,50,50,1,-1,-1,-1
135,8,597,992,50,50,1,-1,-1,-1
136,1,518,108,50,50,1,-1,-1,-1
136,2,450,1642,50,50,1,-1,-1,-1
136,3,732,995,50,50,1,-1,-1,-1
136,4,471,521,50,50,1,-1,-1,-1
136,5,119,1112,50,50,1,-1,-1,-1
136,6,274,191,50,50,1,-1,-1,-1
136,7,426,642,50,50,1,-1,-1,-1
136,8,597,992,50,50,1,-1,-1,-1
137,1,491,1495,50,50,1,-1,-1,-1
137,2,398,1681,50,50,1,-1,-1,-1
137,3,732,995,50,50,1,-1,-1,-1
137,4,469,599,50,50,1,-1,-1,-1
137,5,106,1241,50,50,1,-1,-1,-1
137,6,262,217,50,50,1,-1,-1,-1
137,7,526,108,50,50,1,-1,-1,-1
137,8,597,992,50,50,1,-1,-1,-1
138,1,169,1372,50,50,1,-1,-1,-1
138,2,401,1561,50,50,1,-1,-1,-1
138,3,732,995,50,50,1,-1,-1,-1
138,4,474,688,50,50,1,-1,-1,-1
138,5,95,1346,50,50,1,-1,-1,-1
138,6,258,260,50,50,1,-1,-1,-1
138,7,529,116,50,50,1,-1,-1,-1
138,8,597,992,50,50,1,-1,-1,-1
139,1,249,99,50,50,1,-1,-1,-1
139,2,393,1175,50,50,1,-1,-1,-1
139,3,732,996,50,50,1,-1,-1,-1
139,4,466,772,50,50,1,-1,-1,-1
139,5,94,1416,50,50,1,-1,-1,-1
139,6,252,306,50,50,1,-1,-1,-1
139,7,450,431,50,50,1,-1,-1,-1
139,8,597,992,50,50,1,-1,-1,-1
140,1,244,79,50,50,1,-1,-1,-1
140,2,468,373,50,50,1,-1,-1,-1
140,3,731,995,50,50,1,-1,-1,-1
140,4,464,877,50,50,1,-1,-1,-1
140,5,126,1475,50,50,1,-1,-1,-1
140,6,239,365,50,50,1,-1,-1,-1
140,7,251,743,50,50,1,-1,-1,-1
140,8,597,992,50,50,1,-1,-1,-1
141,1,252,658,50,50,1,-1,-1,-1
141,2,240,66,50,50,1,-1,-1,-1
141,3,731,995,50,50,1,-1,-1,-1
141,4,460,982,50,50,1,-1,-1,-1
141,5,146,1528,50,50,1,-1,-1,-1
141,6,233,428,50,50,1,-1,-1,-1
141,7,399,1174,50,50,1,-1,-1,-1
141,8,597,992,50,50,1,-1,-1,-1
142,1,333,1201,50,50,1,-1,-1,-1
142,2,234,58,50,50,1,-1,-1,-1
142,3,731,995,50,50,1,-1,-1,-1
142,4,459,1090,50,50,1,-1,-1,-1
142,5,163,1625,50,50,1,-1,-1,-1
142,6,222,495,50,50,1,-1,-1,-1
142,7,485,1496,50,50,1,-1,-1,-1
142,8,400,1174,50,50,1,-1,-1,-1
143,1,485,1494,50,50,1,-1,-1,-1
143,2,226,57,50,50,1,-1,-1,-1
143,3,732,995,50,50,1,-1,-1,-1
143,4,455,1209,50,50,1,-1,-1,-1
143,5,191,1660,50,50,1,-1,-1,-1
143,6,218,570,50,50,1,-1,-1,-1
143,7,354,1089,50,50,1,-1,-1,-1
143,8,401,1176,50,50,1,-1,-1,-1
144,1,481,1495,50,50,1,-1,-1,-1
144,2,218,61,50,50,1,-1,-1,-1
144,3,732,995,50,50,1,-1,-1,-1
144,4,453,1311,50,50,1,-1,-1,-1
144,5,379,1147,50,50,1,-1,-1,-1
144,6,204,646,50,50,1,-1,-1,-1
144,7,256,452,50,50,1,-1,-1,-1
144,8,403,1178,50,50,1,-1,-1,-1
145,1,442,1453,50,50,1,-1,-1,-1
145,2,211,71,50,50,1,-1,-1,-1
145,3,731,996,50,50,1,-1,-1,-1
145,5,535,174,50,50,1,-1,-1,-1
145,6,376,870,50,50,1,-1,-1,-1
145,7,256,391,50,50,1,-1,-1,-1
145,8,382,1149,50,50,1,-1,-1,-1
146,2,203,88,50,50,1,-1,-1,-1
146,3,731,995,50,50,1,-1,-1,-1
146,4,443,1519,50,50,1,-1,-1,-1
146,5,541,154,50,50,1,-1,-1,-1
146,6,184,824,50,50,1,-1,-1,-1
146,7,254,336,50,50,1,-1,-1,-1
146,8,392,777,50,50,1,-1,-1,-1
147,1,254,1375,50,50,1,-1,-1,-1
147,2,192,111,50,50,1,-1,-1,-1
147,3,731,995,50,50,1,-1,-1,-1
147,4,423,1592,50,50,1,-1,-1,-1
147,5,568,438,50,50,1,-1,-1,-1
147,6,410,690,50,50,1,-1,-1,-1
147,7,252,292,50,50,1,-1,-1,-1
147,8,547,139,50,50,1,-1,-1,-1
148,1,254,1250,50,50,1,-1,-1,-1
148,2,182,139,50,50,1,-1,-1,-1
148,3,731,995,50,50,1,-1,-1,-1
148,4,420,1650,50,50,1,-1,-1,-1
148,5,163,1024,50,50,1,-1,-1,-1
148,6,571,504,50,50,1,-1,-1,-1
148,7,259,251,50,50,1,-1,-1,-1
148,8,557,131,50,50,1,-1,-1,-1
149,1,260,1131,50,50,1,-1,-1,-1
149,2,171,174,50,50,1,-1,-1,-1
149,3,731,995,50,50,1,-1,-1,-1
149,4,401,1700,50,50,1,-1,-1,-1
149,5,437,1605,50,50,1,-1,-1,-1
149,6,564,128,50,50,1,-1,-1,-1
149,7,263,219,50,50,1,-1,-1,-1
149,8,439,524,50,50,1,-1,-1,-1
150,1,268,1027,50,50,1,-1,-1,-1
150,2,166,213,50,50,1,-1,-1,-1
150,3,731,995,50,50,1,-1,-1,-1
150,4,394,1703,50,50,1,-1,-1,-1
150,5,455,1556,50,50,1,-1,-1,-1
150,6,573,132,50,50,1,-1,-1,-1
150,7,259,192,50,50,1,-1,-1,-1
150,8,143,1245,50,50,1,-1,-1,-1
151,1,267,925,50,50,1,-1,-1,-1
151,2,461,393,50,50,1,-1,-1,-1
151,3,732,996,50,50,1,-1,-1,-1
151,4,425,1578,50,50,1,-1,-1,-1
151,5,404,1156,50,50,1,-1,-1,-1
151,6,591,145,50,50,1,-1,-1,-1
151,7,243,171,50,50,1,-1,-1,-1
151,8,132,1363,50,50,1,-1,-1,-1
152,1,269,818,50,50,1,-1,-1,-1
152,2,472,337,50,50,1,-1,-1,-1
152,3,732,996,50,50,1,-1,-1,-1
152,4,357,1554,50,50,1,-1,-1,-1
152,5,574,831,50,50,1,-1,-1,-1
152,6,592,160,50,50,1,-1,-1,-1
152,7,240,157,50,50,1,-1,-1,-1
152,8,125,1441,50,50,1,-1,-1,-1
153,1,277,737,50,50,1,-1,-1,-1
153,2,492,291,50,50,1,-1,-1,-1
153,3,732,996,50,50,1,-1,-1,-1
153,4,511,1483,50,50,1,-1,-1,-1
153,5,574,931,50,50,1,-1,-1,-1
153,6,600,183,50,50,1,-1,-1,-1
153,7,236,149,50,50,1,-1,-1,-1
153,8,136,1490,50,50,1,-1,-1,-1
154,1,285,650,50,50,1,-1,-1,-1
154,2,503,249,50,50,1,-1,-1,-1
154,3,732,996,50,50,1,-1,-1,-1
154,4,539,1478,50,50,1,-1,-1,-1
154,5,579,1033,50,50,1,-1,-1,-1
154,6,602,205,50,50,1,-1,-1,-1
154,7,234,146,50,50,1,-1,-1,-1
154,8,379,1305,50,50,1,-1,-1,-1
155,1,276,575,50,50,1,-1,-1,-1
155,2,503,209,50,50,1,-1,-1,-1
155,3,732,996,50,50,1,-1,-1,-1
155,5,579,1151,50,50,1,-1,-1,-1
155,6,613,238,50,50,1,-1,-1,-1
155,7,230,148,50,50,1,-1,-1,-1
155,8,389,1163,50,50,1,-1,-1,-1
156,1,280,505,50,50,1,-1,-1,-1
156,2,515,174,50,50,1,-1,-1,-1
156,3,732,996,50,50,1,-1,-1,-1
156,4,237,1654,50,50,1,-1,-1,-1
156,5,580,1260,50,50,1,-1,-1,-1
156,6,619,272,50,50,1,-1,-1,-1
156,7,224,158,50,50,1,-1,-1,-1
156,8,404,1158,50,50,1,-1,-1,-1
157,1,90,661,50,50,1,-1,-1,-1
157,2,527,147,50,50,1,-1,-1,-1
157,3,732,996,50,50,1,-1,-1,-1
157,4,252,1620,50,50,1,-1,-1,-1
157,5,581,1377,50,50,1,-1,-1,-1
157,6,625,316,50,50,1,-1,-1,-1
157,7,220,172,50,50,1,-1,-1,-1
157,8,401,1157,50,50,1,-1,-1,-1
158,1,440,874,50,50,1,-1,-1,-1
158,2,283,385,50,50,1,-1,-1,-1
158,3,732,996,50,50,1,-1,-1,-1
158,5,584,1472,50,50,1,-1,-1,-1
158,6,629,374,50,50,1,-1,-1,-1
158,7,223,192,50,50,1,-1,-1,-1
158,8,403,1157,50,50,1,-1,-1,-1
159,1,442,775,50,50,1,-1,-1,-1
159,2,63,828,50,50,1,-1,-1,-1
159,3,732,996,50,50,1,-1,-1,-1
159,4,277,1394,50,50,1,-1,-1,-1
159,5,549,119,50,50,1,-1,-1,-1
159,6,635,430,50,50,1,-1,-1,-1
159,7,228,217,50,50,1,-1,-1,-1
159,8,407,1163,50,50,1,-1,-1,-1
160,1,457,684,50,50,1,-1,-1,-1
160,2,46,942,50,50,1,-1,-1,-1
160,3,733,996,50,50,1,-1,-1,-1
160,4,534,1598,50,50,1,-1,-1,-1
160,5,556,108,50,50,1,-1,-1,-1
160,6,639,491,50,50,1,-1,-1,-1
160,7,221,249,50,50,1,-1,-1,-1
160,8,280,1271,50,50,1,-1,-1,-1
161,1,273,253,50,50,1,-1,-1,-1
161,2,38,1034,50,50,1,-1,-1,-1
161,3,733,996,50,50,1,-1,-1,-1
161,5,566,107,50,50,1,-1,-1,-1
161,6,642,555,50,50,1,-1,-1,-1
161,7,207,289,50,50,1,-1,-1,-1
161,8,206,1417,50,50,1,-1,-1,-1
162,1,274,221,50,50,1,-1,-1,-1
162,2,19,1161,50,50,1,-1,-1,-1
162,3,733,996,50,50,1,-1,-1,-1
162,4,436,1692,50,50,1,-1,-1,-1
162,5,575,111,50,50,1,-1,-1,-1
162,6,645,629,50,50,1,-1,-1,-1
162,7,206,336,50,50,1,-1,-1,-1
162,8,165,1427,50,50,1,-1,-1,-1
163,1,281,194,50,50,1,-1,-1,-1
163,2,2,1282,50,50,1,-1,-1,-1
163,3,733,996,50,50,1,-1,-1,-1
163,5,577,123,50,50,1,-1,-1,-1
163,6,648,709,50,50,1,-1,-1,-1
163,7,495,468,50,50,1,-1,-1,-1
163,8,295,926,50,50,1,-1,-1,-1
164,1,282,171,50,50,1,-1,-1,-1
164,2,-10,1384,50,50,1,-1,-1,-1
164,3,733,996,50,50,1,-1,-1,-1
164,4,447,1536,50,50,1,-1,-1,-1
164,5,585,139,50,50,1,-1,-1,-1
164,6,651,797,50,50,1,-1,-1,-1
164,7,640,721,50,50,1,-1,-1,-1
164,8,506,405,50,50,1,-1,-1,-1
165,1,281,157,50,50,1,-1,-1,-1
165,2,21,1455,50,50,1,-1,-1,-1
165,3,733,996,50,50,1,-1,-1,-1
165,4,467,1625,50,50,1,-1,-1,-1
165,5,600,161,50,50,1,-1,-1,-1
165,6,659,891,50,50,1,-1,-1,-1
165,7,312,744,50,50,1,-1,-1,-1
165,8,505,354,50,50,1,-1,-1,-1
