2,1,419,1425,50,50,1,-1,-1,-1
2,2,512,1464,50,50,1,-1,-1,-1
3,1,412,1410,50,50,1,-1,-1,-1
3,2,512,1466,50,50,1,-1,-1,-1
4,1,403,1396,50,50,1,-1,-1,-1
4,2,512,1464,50,50,1,-1,-1,-1
5,1,395,1386,50,50,1,-1,-1,-1
5,2,512,1459,50,50,1,-1,-1,-1
6,1,389,1377,50,50,1,-1,-1,-1
6,2,513,1450,50,50,1,-1,-1,-1
7,1,390,1369,50,50,1,-1,-1,-1
7,2,514,1437,50,50,1,-1,-1,-1
8,1,382,1366,50,50,1,-1,-1,-1
8,2,514,1423,50,50,1,-1,-1,-1
9,1,375,1367,50,50,1,-1,-1,-1
9,2,514,1409,50,50,1,-1,-1,-1
10,1,362,1373,50,50,1,-1,-1,-1
10,2,514,1397,50,50,1,-1,-1,-1
11,1,361,1380,50,50,1,-1,-1,-1
11,2,515,1388,50,50,1,-1,-1,-1
12,1,350,1392,50,50,1,-1,-1,-1
12,2,515,1384,50,50,1,-1,-1,-1
13,1,345,1406,50,50,1,-1,-1,-1
13,2,516,1384,50,50,1,-1,-1,-1
14,1,340,1426,50,50,1,-1,-1,-1
14,2,532,1392,50,50,1,-1,-1,-1
15,1,337,1448,50,50,1,-1,-1,-1
15,2,532,1400,50,50,1,-1,-1,-1
16,1,336,1474,50,50,1,-1,-1,-1
16,2,518,1410,50,50,1,-1,-1,-1
17,1,335,1503,50,50,1,-1,-1,-1
17,2,518,1425,50,50,1,-1,-1,-1
18,1,336,1536,50,50,1,-1,-1,-1
18,2,519,1442,50,50,1,-1,-1,-1
19,1,338,1568,50,50,1,-1,-1,-1
19,2,520,1458,50,50,1,-1,-1,-1
20,1,343,1599,50,50,1,-1,-1,-1
20,2,520,1473,50,50,1,-1,-1,-1
21,1,348,1627,50,50,1,-1,-1,-1
21,2,535,1485,50,50,1,-1,-1,-1
22,1,353,1644,50,50,1,-1,-1,-1
22,2,536,1495,50,50,1,-1,-1,-1
23,1,359,1650,50,50,1,-1,-1,-1
23,2,524,1506,50,50,1,-1,-1,-1
24,1,363,1632,50,50,1,-1,-1,-1
24,2,526,1513,50,50,1,-1,-1,-1
25,1,372,1585,50,50,1,-1,-1,-1
25,2,528,1519,50,50,1,-1,-1,-1
26,1,378,1507,50,50,1,-1,-1,-1
26,2,529,1522,50,50,1,-1,-1,-1
27,1,397,1402,50,50,1,-1,-1,-1
27,2,532,1525,50,50,1,-1,-1,-1
28,1,412,1307,50,50,1,-1,-1,-1
28,2,534,1529,50,50,1,-1,-1,-1
29,1,422,1223,50,50,1,-1,-1,-1
29,2,533,1532,50,50,1,-1,-1,-1
30,1,436,1148,50,50,1,-1,-1,-1
30,2,534,1537,50,50,1,-1,-1,-1
31,1,442,1085,50,50,1,-1,-1,-1
31,2,533,1543,50,50,1,-1,-1,-1
31,3,389,1267,50,50,1,-1,-1,-1
32,1,449,1022,50,50,1,-1,-1,-1
32,2,530,1552,50,50,1,-1,-1,-1
32,3,373,1321,50,50,1,-1,-1,-1
33,1,459,972,50,50,1,-1,-1,-1
33,2,527,1557,50,50,1,-1,-1,-1
33,3,345,1389,50,50,1,-1,-1,-1
34,1,465,926,50,50,1,-1,-1,-1
34,2,523,1556,50,50,1,-1,-1,-1
34,3,332,1458,50,50,1,-1,-1,-1
35,1,471,885,50,50,1,-1,-1,-1
35,2,518,1540,50,50,1,-1,-1,-1
35,3,328,1497,50,50,1,-1,-1,-1
36,1,478,846,50,50,1,-1,-1,-1
36,2,514,1503,50,50,1,-1,-1,-1
36,3,329,1486,50,50,1,-1,-1,-1
37,1,485,814,50,50,1,-1,-1,-1
37,2,512,1440,50,50,1,-1,-1,-1
37,3,336,1431,50,50,1,-1,-1,-1
38,1,492,787,50,50,1,-1,-1,-1
38,2,493,1363,50,50,1,-1,-1,-1
38,3,350,1342,50,50,1,-1,-1,-1
39,1,498,762,50,50,1,-1,-1,-1
39,2,488,1297,50,50,1,-1,-1,-1
39,3,368,1262,50,50,1,-1,-1,-1
40,1,505,741,50,50,1,-1,-1,-1
40,2,484,1235,50,50,1,-1,-1,-1
40,3,382,1182,50,50,1,-1,-1,-1
41,1,511,724,50,50,1,-1,-1,-1
41,2,479,1183,50,50,1,-1,-1,-1
41,3,394,1111,50,50,1,-1,-1,-1
41,4,528,1308,50,50,1,-1,-1,-1
41,5,360,1272,50,50,1,-1,-1,-1
42,1,517,712,50,50,1,-1,-1,-1
42,2,477,1137,50,50,1,-1,-1,-1
42,3,401,1054,50,50,1,-1,-1,-1
42,4,537,1346,50,50,1,-1,-1,-1
42,5,344,1309,50,50,1,-1,-1,-1
43,1,524,701,50,50,1,-1,-1,-1
43,2,475,1095,50,50,1,-1,-1,-1
43,3,414,1000,50,50,1,-1,-1,-1
43,4,545,1398,50,50,1,-1,-1,-1
43,5,323,1371,50,50,1,-1,-1,-1
44,1,530,694,50,50,1,-1,-1,-1
44,2,472,1058,50,50,1,-1,-1,-1
44,3,422,956,50,50,1,-1,-1,-1
44,4,548,1444,50,50,1,-1,-1,-1
44,5,313,1438,50,50,1,-1,-1,-1
45,1,536,691,50,50,1,-1,-1,-1
45,2,470,1027,50,50,1,-1,-1,-1
45,3,430,914,50,50,1,-1,-1,-1
45,4,548,1475,50,50,1,-1,-1,-1
45,5,320,1486,50,50,1,-1,-1,-1
46,1,542,691,50,50,1,-1,-1,-1
46,2,468,999,50,50,1,-1,-1,-1
46,3,439,877,50,50,1,-1,-1,-1
46,4,548,1481,50,50,1,-1,-1,-1
46,5,321,1494,50,50,1,-1,-1,-1
47,1,550,694,50,50,1,-1,-1,-1
47,2,465,977,50,50,1,-1,-1,-1
47,3,448,845,50,50,1,-1,-1,-1
47,4,547,1454,50,50,1,-1,-1,-1
47,5,312,1460,50,50,1,-1,-1,-1
48,1,556,701,50,50,1,-1,-1,-1
48,2,462,958,50,50,1,-1,-1,-1
48,3,456,817,50,50,1,-1,-1,-1
48,4,550,1392,50,50,1,-1,-1,-1
48,5,308,1387,50,50,1,-1,-1,-1
49,1,563,712,50,50,1,-1,-1,-1
49,2,460,945,50,50,1,-1,-1,-1
49,3,464,794,50,50,1,-1,-1,-1
49,4,541,1317,50,50,1,-1,-1,-1
49,5,336,1292,50,50,1,-1,-1,-1
50,1,571,726,50,50,1,-1,-1,-1
50,2,457,936,50,50,1,-1,-1,-1
50,3,472,775,50,50,1,-1,-1,-1
50,4,534,1245,50,50,1,-1,-1,-1
50,5,349,1217,50,50,1,-1,-1,-1
51,1,577,744,50,50,1,-1,-1,-1
51,2,453,930,50,50,1,-1,-1,-1
51,3,480,758,50,50,1,-1,-1,-1
51,4,529,1186,50,50,1,-1,-1,-1
51,5,364,1146,50,50,1,-1,-1,-1
52,1,585,764,50,50,1,-1,-1,-1
52,2,449,929,50,50,1,-1,-1,-1
52,3,488,745,50,50,1,-1,-1,-1
52,4,525,1133,50,50,1,-1,-1,-1
52,5,375,1089,50,50,1,-1,-1,-1
52,6,556,1360,50,50,1,-1,-1,-1
53,1,592,791,50,50,1,-1,-1,-1
53,2,446,931,50,50,1,-1,-1,-1
53,3,495,736,50,50,1,-1,-1,-1
53,4,521,1085,50,50,1,-1,-1,-1
53,5,387,1034,50,50,1,-1,-1,-1
53,6,569,1397,50,50,1,-1,-1,-1
54,1,601,821,50,50,1,-1,-1,-1
54,2,442,937,50,50,1,-1,-1,-1
54,3,502,731,50,50,1,-1,-1,-1
54,4,516,1041,50,50,1,-1,-1,-1
54,5,395,986,50,50,1,-1,-1,-1
54,6,574,1443,50,50,1,-1,-1,-1
55,1,609,854,50,50,1,-1,-1,-1
55,2,438,947,50,50,1,-1,-1,-1
55,3,510,729,50,50,1,-1,-1,-1
55,4,512,1004,50,50,1,-1,-1,-1
55,5,346,1449,50,50,1,-1,-1,-1
55,6,577,1469,50,50,1,-1,-1,-1
56,1,618,894,50,50,1,-1,-1,-1
56,2,434,962,50,50,1,-1,-1,-1
56,3,519,730,50,50,1,-1,-1,-1
56,4,508,972,50,50,1,-1,-1,-1
56,5,339,1493,50,50,1,-1,-1,-1
56,6,576,1467,50,50,1,-1,-1,-1
57,1,628,939,50,50,1,-1,-1,-1
57,2,430,981,50,50,1,-1,-1,-1
57,3,526,733,50,50,1,-1,-1,-1
57,4,503,945,50,50,1,-1,-1,-1
57,5,338,1498,50,50,1,-1,-1,-1
57,6,426,872,50,50,1,-1,-1,-1
57,7,575,1431,50,50,1,-1,-1,-1
58,1,637,990,50,50,1,-1,-1,-1
58,2,425,1004,50,50,1,-1,-1,-1
58,3,533,741,50,50,1,-1,-1,-1
58,4,498,922,50,50,1,-1,-1,-1
58,5,333,1457,50,50,1,-1,-1,-1
58,6,435,844,50,50,1,-1,-1,-1
58,7,568,1363,50,50,1,-1,-1,-1
59,1,651,1047,50,50,1,-1,-1,-1
59,2,421,1032,50,50,1,-1,-1,-1
59,3,541,753,50,50,1,-1,-1,-1
59,4,493,903,50,50,1,-1,-1,-1
59,5,334,1373,50,50,1,-1,-1,-1
59,6,444,816,50,50,1,-1,-1,-1
59,7,561,1288,50,50,1,-1,-1,-1
60,1,660,1111,50,50,1,-1,-1,-1
60,2,416,1064,50,50,1,-1,-1,-1
60,3,549,769,50,50,1,-1,-1,-1
60,4,489,888,50,50,1,-1,-1,-1
60,5,347,1288,50,50,1,-1,-1,-1
60,6,452,797,50,50,1,-1,-1,-1
60,7,556,1226,50,50,1,-1,-1,-1
61,1,668,1185,50,50,1,-1,-1,-1
61,2,414,1099,50,50,1,-1,-1,-1
61,3,558,787,50,50,1,-1,-1,-1
61,4,485,878,50,50,1,-1,-1,-1
61,6,462,780,50,50,1,-1,-1,-1
61,7,547,1168,50,50,1,-1,-1,-1
62,1,685,1264,50,50,1,-1,-1,-1
62,2,408,1143,50,50,1,-1,-1,-1
62,3,565,810,50,50,1,-1,-1,-1
62,4,481,872,50,50,1,-1,-1,-1
62,6,470,767,50,50,1,-1,-1,-1
62,7,541,1115,50,50,1,-1,-1,-1
63,1,698,1348,50,50,1,-1,-1,-1
63,2,401,1192,50,50,1,-1,-1,-1
63,3,574,836,50,50,1,-1,-1,-1
63,4,476,869,50,50,1,-1,-1,-1
63,6,479,757,50,50,1,-1,-1,-1
63,7,536,1070,50,50,1,-1,-1,-1
64,1,703,1402,50,50,1,-1,-1,-1
64,2,395,1251,50,50,1,-1,-1,-1
64,3,583,868,50,50,1,-1,-1,-1
64,4,473,870,50,50,1,-1,-1,-1
64,5,394,1019,50,50,1,-1,-1,-1
64,6,487,751,50,50,1,-1,-1,-1
64,7,531,1031,50,50,1,-1,-1,-1
65,1,693,1438,50,50,1,-1,-1,-1
65,2,390,1310,50,50,1,-1,-1,-1
65,3,592,904,50,50,1,-1,-1,-1
65,4,468,876,50,50,1,-1,-1,-1
65,5,404,971,50,50,1,-1,-1,-1
65,6,496,749,50,50,1,-1,-1,-1
65,7,526,995,50,50,1,-1,-1,-1
66,1,674,1457,50,50,1,-1,-1,-1
66,2,384,1381,50,50,1,-1,-1,-1
66,3,601,946,50,50,1,-1,-1,-1
66,4,464,886,50,50,1,-1,-1,-1
66,5,414,926,50,50,1,-1,-1,-1
66,6,504,750,50,50,1,-1,-1,-1
66,7,522,965,50,50,1,-1,-1,-1
67,1,658,1444,50,50,1,-1,-1,-1
67,2,373,1434,50,50,1,-1,-1,-1
67,3,611,993,50,50,1,-1,-1,-1
67,4,459,899,50,50,1,-1,-1,-1
67,6,512,754,50,50,1,-1,-1,-1
67,7,517,939,50,50,1,-1,-1,-1
68,1,646,1393,50,50,1,-1,-1,-1
68,2,364,1455,50,50,1,-1,-1,-1
68,3,620,1047,50,50,1,-1,-1,-1
68,4,454,918,50,50,1,-1,-1,-1
68,5,433,853,50,50,1,-1,-1,-1
68,6,519,763,50,50,1,-1,-1,-1
68,7,512,917,50,50,1,-1,-1,-1
69,1,631,1319,50,50,1,-1,-1,-1
69,2,352,1449,50,50,1,-1,-1,-1
69,3,632,1105,50,50,1,-1,-1,-1
69,4,449,940,50,50,1,-1,-1,-1
69,5,442,824,50,50,1,-1,-1,-1
69,6,527,775,50,50,1,-1,-1,-1
69,7,508,899,50,50,1,-1,-1,-1
70,1,618,1251,50,50,1,-1,-1,-1
70,2,341,1400,50,50,1,-1,-1,-1
70,3,645,1168,50,50,1,-1,-1,-1
70,4,444,967,50,50,1,-1,-1,-1
70,5,450,799,50,50,1,-1,-1,-1
70,6,535,790,50,50,1,-1,-1,-1
70,7,503,887,50,50,1,-1,-1,-1
71,1,606,1184,50,50,1,-1,-1,-1
71,2,343,1312,50,50,1,-1,-1,-1
71,3,651,1245,50,50,1,-1,-1,-1
71,4,439,999,50,50,1,-1,-1,-1
71,5,459,777,50,50,1,-1,-1,-1
71,6,544,809,50,50,1,-1,-1,-1
71,7,499,877,50,50,1,-1,-1,-1
72,1,592,1125,50,50,1,-1,-1,-1
72,2,352,1237,50,50,1,-1,-1,-1
72,3,665,1317,50,50,1,-1,-1,-1
72,4,433,1037,50,50,1,-1,-1,-1
72,5,467,760,50,50,1,-1,-1,-1
72,6,553,833,50,50,1,-1,-1,-1
72,7,495,872,50,50,1,-1,-1,-1
73,1,583,1075,50,50,1,-1,-1,-1
73,2,367,1157,50,50,1,-1,-1,-1
73,3,674,1357,50,50,1,-1,-1,-1
73,4,427,1081,50,50,1,-1,-1,-1
73,5,475,746,50,50,1,-1,-1,-1
73,6,560,860,50,50,1,-1,-1,-1
73,7,490,870,50,50,1,-1,-1,-1
74,1,573,1032,50,50,1,-1,-1,-1
74,2,375,1092,50,50,1,-1,-1,-1
74,3,678,1391,50,50,1,-1,-1,-1
74,4,420,1131,50,50,1,-1,-1,-1
74,5,482,736,50,50,1,-1,-1,-1
74,6,569,892,50,50,1,-1,-1,-1
74,7,484,873,50,50,1,-1,-1,-1
75,1,562,992,50,50,1,-1,-1,-1
75,2,386,1029,50,50,1,-1,-1,-1
75,3,676,1424,50,50,1,-1,-1,-1
75,4,414,1186,50,50,1,-1,-1,-1
75,5,489,728,50,50,1,-1,-1,-1
75,6,581,928,50,50,1,-1,-1,-1
75,7,480,880,50,50,1,-1,-1,-1
76,1,552,958,50,50,1,-1,-1,-1
76,2,397,976,50,50,1,-1,-1,-1
76,3,666,1448,50,50,1,-1,-1,-1
76,4,406,1255,50,50,1,-1,-1,-1
76,5,498,724,50,50,1,-1,-1,-1
76,7,474,891,50,50,1,-1,-1,-1
77,1,544,929,50,50,1,-1,-1,-1
77,2,407,930,50,50,1,-1,-1,-1
77,3,651,1449,50,50,1,-1,-1,-1
77,4,397,1324,50,50,1,-1,-1,-1
77,5,505,724,50,50,1,-1,-1,-1
77,6,599,1015,50,50,1,-1,-1,-1
77,7,469,906,50,50,1,-1,-1,-1
78,1,535,905,50,50,1,-1,-1,-1
78,2,416,888,50,50,1,-1,-1,-1
78,3,640,1412,50,50,1,-1,-1,-1
78,4,391,1391,50,50,1,-1,-1,-1
78,5,511,728,50,50,1,-1,-1,-1
78,6,609,1068,50,50,1,-1,-1,-1
78,7,463,926,50,50,1,-1,-1,-1
79,1,527,885,50,50,1,-1,-1,-1
79,2,425,852,50,50,1,-1,-1,-1
79,3,626,1341,50,50,1,-1,-1,-1
79,4,377,1435,50,50,1,-1,-1,-1
79,5,519,735,50,50,1,-1,-1,-1
79,6,618,1122,50,50,1,-1,-1,-1
79,7,458,950,50,50,1,-1,-1,-1
80,1,518,869,50,50,1,-1,-1,-1
80,2,434,821,50,50,1,-1,-1,-1
80,3,613,1270,50,50,1,-1,-1,-1
80,4,359,1459,50,50,1,-1,-1,-1
80,5,526,745,50,50,1,-1,-1,-1
80,6,633,1189,50,50,1,-1,-1,-1
80,7,452,980,50,50,1,-1,-1,-1
81,1,511,858,50,50,1,-1,-1,-1
81,2,443,793,50,50,1,-1,-1,-1
81,3,600,1202,50,50,1,-1,-1,-1
81,4,341,1430,50,50,1,-1,-1,-1
81,5,534,758,50,50,1,-1,-1,-1
81,6,650,1269,50,50,1,-1,-1,-1
81,7,446,1015,50,50,1,-1,-1,-1
82,1,502,850,50,50,1,-1,-1,-1
82,2,452,770,50,50,1,-1,-1,-1
82,3,587,1140,50,50,1,-1,-1,-1
82,4,337,1340,50,50,1,-1,-1,-1
82,5,541,776,50,50,1,-1,-1,-1
82,7,440,1056,50,50,1,-1,-1,-1
83,1,494,846,50,50,1,-1,-1,-1
83,2,459,750,50,50,1,-1,-1,-1
83,3,578,1093,50,50,1,-1,-1,-1
83,4,348,1254,50,50,1,-1,-1,-1
83,5,549,798,50,50,1,-1,-1,-1
83,6,665,1369,50,50,1,-1,-1,-1
83,7,434,1100,50,50,1,-1,-1,-1
84,1,487,847,50,50,1,-1,-1,-1
84,2,467,734,50,50,1,-1,-1,-1
84,3,567,1045,50,50,1,-1,-1,-1
84,4,360,1163,50,50,1,-1,-1,-1
84,5,557,821,50,50,1,-1,-1,-1
84,6,661,1396,50,50,1,-1,-1,-1
84,7,426,1156,50,50,1,-1,-1,-1
85,1,478,851,50,50,1,-1,-1,-1
85,2,474,722,50,50,1,-1,-1,-1
85,3,560,1006,50,50,1,-1,-1,-1
85,4,372,1091,50,50,1,-1,-1,-1
85,5,565,851,50,50,1,-1,-1,-1
85,7,418,1217,50,50,1,-1,-1,-1
86,1,470,860,50,50,1,-1,-1,-1
86,2,481,712,50,50,1,-1,-1,-1
86,3,550,972,50,50,1,-1,-1,-1
86,4,382,1022,50,50,1,-1,-1,-1
86,5,574,885,50,50,1,-1,-1,-1
86,6,653,1472,50,50,1,-1,-1,-1
86,7,410,1284,50,50,1,-1,-1,-1
87,1,461,872,50,50,1,-1,-1,-1
87,2,489,707,50,50,1,-1,-1,-1
87,3,541,943,50,50,1,-1,-1,-1
87,4,392,963,50,50,1,-1,-1,-1
87,5,584,923,50,50,1,-1,-1,-1
87,6,643,1487,50,50,1,-1,-1,-1
87,7,401,1362,50,50,1,-1,-1,-1
88,1,452,889,50,50,1,-1,-1,-1
88,2,495,705,50,50,1,-1,-1,-1
88,3,534,919,50,50,1,-1,-1,-1
88,4,403,909,50,50,1,-1,-1,-1
88,5,593,966,50,50,1,-1,-1,-1
88,6,634,1474,50,50,1,-1,-1,-1
88,7,397,1425,50,50,1,-1,-1,-1
89,1,443,910,50,50,1,-1,-1,-1
89,2,503,707,50,50,1,-1,-1,-1
89,3,526,898,50,50,1,-1,-1,-1
89,4,413,861,50,50,1,-1,-1,-1
89,5,604,1015,50,50,1,-1,-1,-1
89,6,627,1429,50,50,1,-1,-1,-1
89,7,385,1461,50,50,1,-1,-1,-1
90,1,434,936,50,50,1,-1,-1,-1
90,2,509,711,50,50,1,-1,-1,-1
90,3,518,882,50,50,1,-1,-1,-1
90,4,423,820,50,50,1,-1,-1,-1
90,5,610,1069,50,50,1,-1,-1,-1
90,6,618,1359,50,50,1,-1,-1,-1
90,7,364,1469,50,50,1,-1,-1,-1
91,1,424,967,50,50,1,-1,-1,-1
91,2,516,719,50,50,1,-1,-1,-1
91,3,510,871,50,50,1,-1,-1,-1
91,4,432,782,50,50,1,-1,-1,-1
91,5,627,1133,50,50,1,-1,-1,-1
91,6,605,1287,50,50,1,-1,-1,-1
91,7,340,1440,50,50,1,-1,-1,-1
92,1,415,1003,50,50,1,-1,-1,-1
92,2,523,730,50,50,1,-1,-1,-1
92,3,500,863,50,50,1,-1,-1,-1
92,4,440,751,50,50,1,-1,-1,-1
92,5,636,1203,50,50,1,-1,-1,-1
92,6,592,1222,50,50,1,-1,-1,-1
92,7,323,1358,50,50,1,-1,-1,-1
93,1,404,1044,50,50,1,-1,-1,-1
93,2,530,745,50,50,1,-1,-1,-1
93,3,492,860,50,50,1,-1,-1,-1
93,4,447,722,50,50,1,-1,-1,-1
93,5,650,1277,50,50,1,-1,-1,-1
93,6,583,1164,50,50,1,-1,-1,-1
93,7,326,1267,50,50,1,-1,-1,-1
94,1,394,1092,50,50,1,-1,-1,-1
94,2,538,764,50,50,1,-1,-1,-1
94,3,483,860,50,50,1,-1,-1,-1
94,4,455,698,50,50,1,-1,-1,-1
94,5,665,1354,50,50,1,-1,-1,-1
94,6,573,1114,50,50,1,-1,-1,-1
94,7,344,1178,50,50,1,-1,-1,-1
95,1,380,1147,50,50,1,-1,-1,-1
95,2,544,785,50,50,1,-1,-1,-1
95,3,476,864,50,50,1,-1,-1,-1
95,4,462,679,50,50,1,-1,-1,-1
95,5,666,1392,50,50,1,-1,-1,-1
95,6,563,1068,50,50,1,-1,-1,-1
95,7,348,1096,50,50,1,-1,-1,-1
96,1,369,1210,50,50,1,-1,-1,-1
96,2,552,813,50,50,1,-1,-1,-1
96,3,466,873,50,50,1,-1,-1,-1
96,4,470,661,50,50,1,-1,-1,-1
96,5,659,1424,50,50,1,-1,-1,-1
96,6,556,1029,50,50,1,-1,-1,-1
96,7,354,1024,50,50,1,-1,-1,-1
97,1,355,1277,50,50,1,-1,-1,-1
97,2,560,843,50,50,1,-1,-1,-1
97,3,457,885,50,50,1,-1,-1,-1
97,4,477,649,50,50,1,-1,-1,-1
97,5,644,1460,50,50,1,-1,-1,-1
97,6,547,996,50,50,1,-1,-1,-1
97,7,363,964,50,50,1,-1,-1,-1
98,1,343,1348,50,50,1,-1,-1,-1
98,2,566,877,50,50,1,-1,-1,-1
98,3,448,902,50,50,1,-1,-1,-1
98,4,483,641,50,50,1,-1,-1,-1
98,5,631,1485,50,50,1,-1,-1,-1
98,6,538,968,50,50,1,-1,-1,-1
98,7,369,908,50,50,1,-1,-1,-1
99,1,327,1393,50,50,1,-1,-1,-1
99,2,575,917,50,50,1,-1,-1,-1
99,3,438,924,50,50,1,-1,-1,-1
99,4,491,635,50,50,1,-1,-1,-1
99,5,617,1485,50,50,1,-1,-1,-1
99,6,531,943,50,50,1,-1,-1,-1
99,7,375,859,50,50,1,-1,-1,-1
100,1,312,1433,50,50,1,-1,-1,-1
100,2,584,962,50,50,1,-1,-1,-1
100,3,429,949,50,50,1,-1,-1,-1
100,4,497,634,50,50,1,-1,-1,-1
100,5,608,1458,50,50,1,-1,-1,-1
100,6,523,924,50,50,1,-1,-1,-1
100,7,381,817,50,50,1,-1,-1,-1
101,1,304,1462,50,50,1,-1,-1,-1
101,2,592,1013,50,50,1,-1,-1,-1
101,3,419,980,50,50,1,-1,-1,-1
101,4,505,635,50,50,1,-1,-1,-1
101,5,598,1393,50,50,1,-1,-1,-1
101,6,515,910,50,50,1,-1,-1,-1
101,7,388,780,50,50,1,-1,-1,-1
102,1,294,1456,50,50,1,-1,-1,-1
102,2,604,1068,50,50,1,-1,-1,-1
102,3,408,1015,50,50,1,-1,-1,-1
102,4,513,640,50,50,1,-1,-1,-1
102,5,585,1316,50,50,1,-1,-1,-1
102,6,507,898,50,50,1,-1,-1,-1
102,7,392,748,50,50,1,-1,-1,-1
103,1,285,1391,50,50,1,-1,-1,-1
103,2,614,1133,50,50,1,-1,-1,-1
103,3,398,1059,50,50,1,-1,-1,-1
103,4,519,648,50,50,1,-1,-1,-1
103,5,570,1248,50,50,1,-1,-1,-1
103,6,500,892,50,50,1,-1,-1,-1
103,7,397,721,50,50,1,-1,-1,-1
104,1,291,1297,50,50,1,-1,-1,-1
104,2,624,1205,50,50,1,-1,-1,-1
104,3,389,1103,50,50,1,-1,-1,-1
104,4,526,660,50,50,1,-1,-1,-1
104,5,558,1184,50,50,1,-1,-1,-1
104,6,492,889,50,50,1,-1,-1,-1
104,7,402,697,50,50,1,-1,-1,-1
105,1,299,1211,50,50,1,-1,-1,-1
105,2,637,1280,50,50,1,-1,-1,-1
105,3,375,1160,50,50,1,-1,-1,-1
105,4,535,675,50,50,1,-1,-1,-1
105,5,546,1127,50,50,1,-1,-1,-1
105,6,484,890,50,50,1,-1,-1,-1
105,7,407,677,50,50,1,-1,-1,-1
106,1,318,1118,50,50,1,-1,-1,-1
106,2,644,1354,50,50,1,-1,-1,-1
106,3,364,1224,50,50,1,-1,-1,-1
106,4,542,695,50,50,1,-1,-1,-1
106,5,538,1078,50,50,1,-1,-1,-1
106,6,475,896,50,50,1,-1,-1,-1
106,7,411,662,50,50,1,-1,-1,-1
107,1,327,1046,50,50,1,-1,-1,-1
107,3,350,1290,50,50,1,-1,-1,-1
107,4,551,720,50,50,1,-1,-1,-1
107,5,528,1036,50,50,1,-1,-1,-1
107,6,467,906,50,50,1,-1,-1,-1
107,7,415,649,50,50,1,-1,-1,-1
108,1,338,981,50,50,1,-1,-1,-1
108,2,644,1420,50,50,1,-1,-1,-1
108,3,341,1353,50,50,1,-1,-1,-1
108,4,559,747,50,50,1,-1,-1,-1
108,5,519,996,50,50,1,-1,-1,-1
108,6,458,921,50,50,1,-1,-1,-1
108,7,418,641,50,50,1,-1,-1,-1
109,1,348,923,50,50,1,-1,-1,-1
109,2,624,1445,50,50,1,-1,-1,-1
109,3,329,1402,50,50,1,-1,-1,-1
109,4,567,778,50,50,1,-1,-1,-1
109,5,510,964,50,50,1,-1,-1,-1
109,6,449,940,50,50,1,-1,-1,-1
109,7,421,635,50,50,1,-1,-1,-1
110,1,356,873,50,50,1,-1,-1,-1
110,2,602,1457,50,50,1,-1,-1,-1
110,3,318,1436,50,50,1,-1,-1,-1
110,4,576,816,50,50,1,-1,-1,-1
110,5,500,935,50,50,1,-1,-1,-1
110,6,440,962,50,50,1,-1,-1,-1
110,7,425,633,50,50,1,-1,-1,-1
111,1,365,828,50,50,1,-1,-1,-1
111,2,585,1431,50,50,1,-1,-1,-1
111,3,307,1459,50,50,1,-1,-1,-1
111,4,585,858,50,50,1,-1,-1,-1
111,5,491,911,50,50,1,-1,-1,-1
111,6,430,991,50,50,1,-1,-1,-1
111,7,428,635,50,50,1,-1,-1,-1
112,1,373,788,50,50,1,-1,-1,-1
112,2,574,1363,50,50,1,-1,-1,-1
112,3,292,1451,50,50,1,-1,-1,-1
112,4,595,907,50,50,1,-1,-1,-1
112,5,482,892,50,50,1,-1,-1,-1
112,6,421,1025,50,50,1,-1,-1,-1
112,7,431,639,50,50,1,-1,-1,-1
113,1,381,755,50,50,1,-1,-1,-1
113,2,564,1286,50,50,1,-1,-1,-1
113,3,278,1388,50,50,1,-1,-1,-1
113,4,606,960,50,50,1,-1,-1,-1
113,5,473,877,50,50,1,-1,-1,-1
113,6,411,1064,50,50,1,-1,-1,-1
113,7,434,646,50,50,1,-1,-1,-1
114,1,389,725,50,50,1,-1,-1,-1
114,2,555,1219,50,50,1,-1,-1,-1
114,3,283,1289,50,50,1,-1,-1,-1
114,4,616,1022,50,50,1,-1,-1,-1
114,5,463,866,50,50,1,-1,-1,-1
114,6,400,1107,50,50,1,-1,-1,-1
114,7,437,658,50,50,1,-1,-1,-1
115,1,395,699,50,50,1,-1,-1,-1
115,2,548,1158,50,50,1,-1,-1,-1
115,3,291,1200,50,50,1,-1,-1,-1
115,4,629,1092,50,50,1,-1,-1,-1
115,5,453,860,50,50,1,-1,-1,-1
115,6,388,1162,50,50,1,-1,-1,-1
115,7,440,673,50,50,1,-1,-1,-1
116,1,402,679,50,50,1,-1,-1,-1
116,2,540,1101,50,50,1,-1,-1,-1
116,4,642,1171,50,50,1,-1,-1,-1
116,5,444,857,50,50,1,-1,-1,-1
116,6,376,1220,50,50,1,-1,-1,-1
116,7,443,690,50,50,1,-1,-1,-1
117,1,408,661,50,50,1,-1,-1,-1
117,2,533,1053,50,50,1,-1,-1,-1
117,3,320,1039,50,50,1,-1,-1,-1
117,4,656,1266,50,50,1,-1,-1,-1
117,5,434,858,50,50,1,-1,-1,-1
117,6,363,1286,50,50,1,-1,-1,-1
117,7,446,712,50,50,1,-1,-1,-1
118,1,413,647,50,50,1,-1,-1,-1
118,2,526,1009,50,50,1,-1,-1,-1
118,3,331,974,50,50,1,-1,-1,-1
118,4,661,1340,50,50,1,-1,-1,-1
118,5,424,864,50,50,1,-1,-1,-1
118,6,349,1356,50,50,1,-1,-1,-1
118,7,448,737,50,50,1,-1,-1,-1
119,1,419,637,50,50,1,-1,-1,-1
119,2,520,972,50,50,1,-1,-1,-1
119,3,342,920,50,50,1,-1,-1,-1
119,4,657,1379,50,50,1,-1,-1,-1
119,5,413,874,50,50,1,-1,-1,-1
119,6,332,1399,50,50,1,-1,-1,-1
119,7,452,768,50,50,1,-1,-1,-1
120,1,425,630,50,50,1,-1,-1,-1
120,2,514,941,50,50,1,-1,-1,-1
120,3,351,869,50,50,1,-1,-1,-1
120,4,639,1423,50,50,1,-1,-1,-1
120,5,403,888,50,50,1,-1,-1,-1
120,6,315,1435,50,50,1,-1,-1,-1
120,7,454,801,50,50,1,-1,-1,-1
121,1,429,627,50,50,1,-1,-1,-1
121,2,510,914,50,50,1,-1,-1,-1
121,3,360,824,50,50,1,-1,-1,-1
121,4,618,1453,50,50,1,-1,-1,-1
121,5,392,908,50,50,1,-1,-1,-1
121,6,297,1463,50,50,1,-1,-1,-1
121,7,457,838,50,50,1,-1,-1,-1
122,1,433,627,50,50,1,-1,-1,-1
122,2,503,893,50,50,1,-1,-1,-1
122,3,369,784,50,50,1,-1,-1,-1
122,4,594,1472,50,50,1,-1,-1,-1
122,5,380,932,50,50,1,-1,-1,-1
122,6,274,1480,50,50,1,-1,-1,-1
122,7,461,881,50,50,1,-1,-1,-1
123,1,438,630,50,50,1,-1,-1,-1
123,2,498,875,50,50,1,-1,-1,-1
123,3,376,751,50,50,1,-1,-1,-1
123,4,574,1470,50,50,1,-1,-1,-1
123,5,369,960,50,50,1,-1,-1,-1
123,6,250,1466,50,50,1,-1,-1,-1
123,7,464,927,50,50,1,-1,-1,-1
124,1,443,637,50,50,1,-1,-1,-1
124,2,493,861,50,50,1,-1,-1,-1
124,3,383,722,50,50,1,-1,-1,-1
124,4,563,1434,50,50,1,-1,-1,-1
124,5,356,995,50,50,1,-1,-1,-1
124,6,232,1407,50,50,1,-1,-1,-1
124,7,466,982,50,50,1,-1,-1,-1
125,1,448,646,50,50,1,-1,-1,-1
125,2,488,852,50,50,1,-1,-1,-1
125,3,389,697,50,50,1,-1,-1,-1
125,4,556,1365,50,50,1,-1,-1,-1
125,5,342,1036,50,50,1,-1,-1,-1
125,6,234,1309,50,50,1,-1,-1,-1
125,7,468,1042,50,50,1,-1,-1,-1
126,1,453,659,50,50,1,-1,-1,-1
126,2,483,847,50,50,1,-1,-1,-1
126,3,395,677,50,50,1,-1,-1,-1
126,4,545,1291,50,50,1,-1,-1,-1
126,5,328,1084,50,50,1,-1,-1,-1
126,6,253,1215,50,50,1,-1,-1,-1
126,7,472,1104,50,50,1,-1,-1,-1
127,1,458,677,50,50,1,-1,-1,-1
127,2,477,846,50,50,1,-1,-1,-1
127,3,401,660,50,50,1,-1,-1,-1
127,4,534,1225,50,50,1,-1,-1,-1
127,5,316,1136,50,50,1,-1,-1,-1
127,7,470,1184,50,50,1,-1,-1,-1
128,1,463,697,50,50,1,-1,-1,-1
128,2,472,849,50,50,1,-1,-1,-1
128,3,407,648,50,50,1,-1,-1,-1
128,4,525,1163,50,50,1,-1,-1,-1
128,5,298,1199,50,50,1,-1,-1,-1
128,6,289,1050,50,50,1,-1,-1,-1
128,7,479,1268,50,50,1,-1,-1,-1
129,1,468,721,50,50,1,-1,-1,-1
129,2,467,856,50,50,1,-1,-1,-1
129,3,412,638,50,50,1,-1,-1,-1
129,4,516,1114,50,50,1,-1,-1,-1
129,5,280,1272,50,50,1,-1,-1,-1
129,6,300,982,50,50,1,-1,-1,-1
129,7,484,1347,50,50,1,-1,-1,-1
130,1,473,749,50,50,1,-1,-1,-1
130,2,461,868,50,50,1,-1,-1,-1
130,3,417,632,50,50,1,-1,-1,-1
130,4,509,1071,50,50,1,-1,-1,-1
130,5,261,1349,50,50,1,-1,-1,-1
130,6,314,922,50,50,1,-1,-1,-1
130,7,490,1390,50,50,1,-1,-1,-1
131,1,478,780,50,50,1,-1,-1,-1
131,2,455,882,50,50,1,-1,-1,-1
131,3,422,631,50,50,1,-1,-1,-1
131,4,500,1034,50,50,1,-1,-1,-1
131,5,248,1413,50,50,1,-1,-1,-1
131,6,326,871,50,50,1,-1,-1,-1
131,7,489,1421,50,50,1,-1,-1,-1
132,1,483,817,50,50,1,-1,-1,-1
132,2,449,902,50,50,1,-1,-1,-1
132,3,426,631,50,50,1,-1,-1,-1
132,4,492,1002,50,50,1,-1,-1,-1
132,5,240,1453,50,50,1,-1,-1,-1
132,6,341,823,50,50,1,-1,-1,-1
132,7,491,1453,50,50,1,-1,-1,-1
133,1,488,857,50,50,1,-1,-1,-1
133,2,442,927,50,50,1,-1,-1,-1
133,3,432,635,50,50,1,-1,-1,-1
133,4,484,976,50,50,1,-1,-1,-1
133,5,233,1471,50,50,1,-1,-1,-1
133,6,351,782,50,50,1,-1,-1,-1
133,7,491,1470,50,50,1,-1,-1,-1
134,1,493,903,50,50,1,-1,-1,-1
134,2,436,956,50,50,1,-1,-1,-1
134,3,437,642,50,50,1,-1,-1,-1
134,4,477,955,50,50,1,-1,-1,-1
134,5,228,1449,50,50,1,-1,-1,-1
134,6,362,748,50,50,1,-1,-1,-1
134,7,493,1457,50,50,1,-1,-1,-1
135,2,430,992,50,50,1,-1,-1,-1
135,3,442,651,50,50,1,-1,-1,-1
135,4,469,938,50,50,1,-1,-1,-1
135,5,231,1367,50,50,1,-1,-1,-1
135,6,373,717,50,50,1,-1,-1,-1
135,7,495,1414,50,50,1,-1,-1,-1
136,1,504,1013,50,50,1,-1,-1,-1
136,2,422,1031,50,50,1,-1,-1,-1
136,3,446,664,50,50,1,-1,-1,-1
136,4,461,926,50,50,1,-1,-1,-1
136,5,249,1265,50,50,1,-1,-1,-1
136,6,383,691,50,50,1,-1,-1,-1
136,7,494,1340,50,50,1,-1,-1,-1
137,1,510,1075,50,50,1,-1,-1,-1
137,2,414,1078,50,50,1,-1,-1,-1
137,3,451,679,50,50,1,-1,-1,-1
137,4,453,917,50,50,1,-1,-1,-1
137,5,270,1169,50,50,1,-1,-1,-1
137,6,392,668,50,50,1,-1,-1,-1
137,7,490,1275,50,50,1,-1,-1,-1
138,1,512,1143,50,50,1,-1,-1,-1
138,2,406,1131,50,50,1,-1,-1,-1
138,3,455,699,50,50,1,-1,-1,-1
138,4,445,913,50,50,1,-1,-1,-1
138,5,291,1090,50,50,1,-1,-1,-1
138,6,400,650,50,50,1,-1,-1,-1
138,7,485,1210,50,50,1,-1,-1,-1
139,1,525,1229,50,50,1,-1,-1,-1
139,2,397,1188,50,50,1,-1,-1,-1
139,3,459,722,50,50,1,-1,-1,-1
139,4,437,912,50,50,1,-1,-1,-1
139,5,303,1019,50,50,1,-1,-1,-1
139,6,409,636,50,50,1,-1,-1,-1
139,7,481,1156,50,50,1,-1,-1,-1
140,1,528,1319,50,50,1,-1,-1,-1
140,2,389,1257,50,50,1,-1,-1,-1
140,3,463,750,50,50,1,-1,-1,-1
140,4,429,916,50,50,1,-1,-1,-1
140,5,320,955,50,50,1,-1,-1,-1
140,6,417,625,50,50,1,-1,-1,-1
140,7,476,1102,50,50,1,-1,-1,-1
141,2,378,1338,50,50,1,-1,-1,-1
141,3,467,780,50,50,1,-1,-1,-1
141,4,421,924,50,50,1,-1,-1,-1
141,5,335,901,50,50,1,-1,-1,-1
141,6,425,617,50,50,1,-1,-1,-1
141,7,474,1062,50,50,1,-1,-1,-1
142,1,536,1440,50,50,1,-1,-1,-1
142,2,372,1402,50,50,1,-1,-1,-1
142,3,471,816,50,50,1,-1,-1,-1
142,4,413,936,50,50,1,-1,-1,-1
142,5,348,851,50,50,1,-1,-1,-1
142,6,432,613,50,50,1,-1,-1,-1
142,7,469,1024,50,50,1,-1,-1,-1
143,1,529,1466,50,50,1,-1,-1,-1
143,2,355,1436,50,50,1,-1,-1,-1
143,3,476,855,50,50,1,-1,-1,-1
143,4,405,952,50,50,1,-1,-1,-1
143,5,362,811,50,50,1,-1,-1,-1
143,6,440,613,50,50,1,-1,-1,-1
143,7,466,992,50,50,1,-1,-1,-1
144,1,516,1483,50,50,1,-1,-1,-1
144,2,333,1462,50,50,1,-1,-1,-1
144,3,481,898,50,50,1,-1,-1,-1
144,4,396,971,50,50,1,-1,-1,-1
144,5,375,774,50,50,1,-1,-1,-1
144,6,447,615,50,50,1,-1,-1,-1
144,7,464,965,50,50,1,-1,-1,-1
145,1,512,1480,50,50,1,-1,-1,-1
145,2,315,1478,50,50,1,-1,-1,-1
145,4,388,995,50,50,1,-1,-1,-1
145,5,386,743,50,50,1,-1,-1,-1
145,6,454,621,50,50,1,-1,-1,-1
145,7,469,944,50,50,1,-1,-1,-1
146,1,514,1442,50,50,1,-1,-1,-1
146,2,300,1460,50,50,1,-1,-1,-1
146,3,490,1001,50,50,1,-1,-1,-1
146,4,379,1024,50,50,1,-1,-1,-1
146,5,396,716,50,50,1,-1,-1,-1
146,6,461,630,50,50,1,-1,-1,-1
146,7,457,925,50,50,1,-1,-1,-1
147,1,514,1372,50,50,1,-1,-1,-1
147,2,297,1383,50,50,1,-1,-1,-1
147,3,495,1063,50,50,1,-1,-1,-1
147,4,370,1058,50,50,1,-1,-1,-1
147,5,408,692,50,50,1,-1,-1,-1
147,6,469,642,50,50,1,-1,-1,-1
147,7,454,911,50,50,1,-1,-1,-1
148,1,510,1299,50,50,1,-1,-1,-1
148,2,312,1280,50,50,1,-1,-1,-1
148,4,362,1097,50,50,1,-1,-1,-1
148,5,418,674,50,50,1,-1,-1,-1
148,6,476,658,50,50,1,-1,-1,-1
148,7,451,901,50,50,1,-1,-1,-1
149,1,505,1233,50,50,1,-1,-1,-1
149,2,328,1190,50,50,1,-1,-1,-1
149,4,351,1141,50,50,1,-1,-1,-1
149,5,427,659,50,50,1,-1,-1,-1
149,6,484,677,50,50,1,-1,-1,-1
149,7,448,897,50,50,1,-1,-1,-1
150,1,504,1177,50,50,1,-1,-1,-1
150,2,343,1103,50,50,1,-1,-1,-1
150,3,514,1283,50,50,1,-1,-1,-1
150,4,342,1190,50,50,1,-1,-1,-1
150,5,436,648,50,50,1,-1,-1,-1
150,6,491,699,50,50,1,-1,-1,-1
150,7,445,895,50,50,1,-1,-1,-1
151,1,501,1124,50,50,1,-1,-1,-1
151,2,354,1035,50,50,1,-1,-1,-1
151,3,517,1357,50,50,1,-1,-1,-1
151,4,328,1249,50,50,1,-1,-1,-1
151,5,445,640,50,50,1,-1,-1,-1
151,6,499,725,50,50,1,-1,-1,-1
151,7,442,898,50,50,1,-1,-1,-1
152,1,498,1080,50,50,1,-1,-1,-1
152,2,367,970,50,50,1,-1,-1,-1
152,4,317,1305,50,50,1,-1,-1,-1
152,5,453,635,50,50,1,-1,-1,-1
152,6,507,754,50,50,1,-1,-1,-1
152,7,438,904,50,50,1,-1,-1,-1
153,1,495,1041,50,50,1,-1,-1,-1
153,2,380,917,50,50,1,-1,-1,-1
153,3,530,1412,50,50,1,-1,-1,-1
153,5,461,635,50,50,1,-1,-1,-1
153,6,514,788,50,50,1,-1,-1,-1
153,7,435,915,50,50,1,-1,-1,-1
154,1,493,1006,50,50,1,-1,-1,-1
154,2,391,866,50,50,1,-1,-1,-1
154,3,535,1438,50,50,1,-1,-1,-1
154,5,469,637,50,50,1,-1,-1,-1
154,6,522,826,50,50,1,-1,-1,-1
154,7,432,930,50,50,1,-1,-1,-1
155,1,490,977,50,50,1,-1,-1,-1
155,2,402,823,50,50,1,-1,-1,-1
155,3,536,1453,50,50,1,-1,-1,-1
155,5,478,643,50,50,1,-1,-1,-1
155,6,530,869,50,50,1,-1,-1,-1
155,7,428,950,50,50,1,-1,-1,-1
156,1,487,952,50,50,1,-1,-1,-1
156,2,412,784,50,50,1,-1,-1,-1
156,3,540,1448,50,50,1,-1,-1,-1
156,4,306,1445,50,50,1,-1,-1,-1
156,5,486,652,50,50,1,-1,-1,-1
156,6,539,917,50,50,1,-1,-1,-1
156,7,423,973,50,50,1,-1,-1,-1
157,1,485,932,50,50,1,-1,-1,-1
157,2,420,752,50,50,1,-1,-1,-1
157,3,542,1416,50,50,1,-1,-1,-1
157,4,298,1450,50,50,1,-1,-1,-1
157,5,494,664,50,50,1,-1,-1,-1
157,6,548,971,50,50,1,-1,-1,-1
157,7,418,1001,50,50,1,-1,-1,-1
158,1,482,916,50,50,1,-1,-1,-1
158,2,430,724,50,50,1,-1,-1,-1
158,3,543,1355,50,50,1,-1,-1,-1
158,4,296,1406,50,50,1,-1,-1,-1
158,5,502,678,50,50,1,-1,-1,-1
158,6,556,1028,50,50,1,-1,-1,-1
158,7,414,1034,50,50,1,-1,-1,-1
159,1,479,904,50,50,1,-1,-1,-1
159,2,438,700,50,50,1,-1,-1,-1
159,3,537,1287,50,50,1,-1,-1,-1
159,4,303,1313,50,50,1,-1,-1,-1
159,5,510,697,50,50,1,-1,-1,-1
159,6,565,1098,50,50,1,-1,-1,-1
159,7,411,1073,50,50,1,-1,-1,-1
160,1,476,896,50,50,1,-1,-1,-1
160,2,445,680,50,50,1,-1,-1,-1
160,3,532,1228,50,50,1,-1,-1,-1
160,4,322,1218,50,50,1,-1,-1,-1
160,5,518,718,50,50,1,-1,-1,-1
160,7,406,1115,50,50,1,-1,-1,-1
161,1,473,892,50,50,1,-1,-1,-1
161,2,452,664,50,50,1,-1,-1,-1
161,3,529,1172,50,50,1,-1,-1,-1
161,4,328,1133,50,50,1,-1,-1,-1
161,5,528,746,50,50,1,-1,-1,-1
161,6,587,1258,50,50,1,-1,-1,-1
161,7,399,1170,50,50,1,-1,-1,-1
162,1,470,892,50,50,1,-1,-1,-1
162,2,459,652,50,50,1,-1,-1,-1
162,3,526,1122,50,50,1,-1,-1,-1
162,4,349,1064,50,50,1,-1,-1,-1
162,5,535,774,50,50,1,-1,-1,-1
162,6,598,1337,50,50,1,-1,-1,-1
162,7,394,1228,50,50,1,-1,-1,-1
163,1,467,896,50,50,1,-1,-1,-1
163,2,467,643,50,50,1,-1,-1,-1
163,3,521,1083,50,50,1,-1,-1,-1
163,4,363,999,50,50,1,-1,-1,-1
163,5,545,807,50,50,1,-1,-1,-1
163,6,614,1398,50,50,1,-1,-1,-1
163,7,388,1289,50,50,1,-1,-1,-1
164,1,464,904,50,50,1,-1,-1,-1
164,2,474,638,50,50,1,-1,-1,-1
164,3,518,1045,50,50,1,-1,-1,-1
164,4,373,943,50,50,1,-1,-1,-1
164,5,554,844,50,50,1,-1,-1,-1
164,6,614,1435,50,50,1,-1,-1,-1
164,7,381,1360,50,50,1,-1,-1,-1
165,1,460,917,50,50,1,-1,-1,-1
165,2,481,636,50,50,1,-1,-1,-1
165,3,514,1015,50,50,1,-1,-1,-1
165,4,386,890,50,50,1,-1,-1,-1
165,5,564,885,50,50,1,-1,-1,-1
165,6,612,1470,50,50,1,-1,-1,-1
165,7,371,1418,50,50,1,-1,-1,-1
166,1,456,934,50,50,1,-1,-1,-1
166,2,488,637,50,50,1,-1,-1,-1
166,3,512,988,50,50,1,-1,-1,-1
166,4,398,845,50,50,1,-1,-1,-1
166,5,573,932,50,50,1,-1,-1,-1
166,6,604,1491,50,50,1,-1,-1,-1
166,7,364,1453,50,50,1,-1,-1,-1
167,1,453,954,50,50,1,-1,-1,-1
167,2,494,641,50,50,1,-1,-1,-1
167,3,510,967,50,50,1,-1,-1,-1
167,4,408,805,50,50,1,-1,-1,-1
167,5,583,983,50,50,1,-1,-1,-1
167,6,599,1485,50,50,1,-1,-1,-1
167,7,351,1478,50,50,1,-1,-1,-1
168,1,448,980,50,50,1,-1,-1,-1
168,2,502,648,50,50,1,-1,-1,-1
168,3,506,949,50,50,1,-1,-1,-1
168,4,419,770,50,50,1,-1,-1,-1
168,5,593,1039,50,50,1,-1,-1,-1
168,6,598,1447,50,50,1,-1,-1,-1
168,7,341,1477,50,50,1,-1,-1,-1
169,1,444,1011,50,50,1,-1,-1,-1
169,2,508,657,50,50,1,-1,-1,-1
169,3,503,937,50,50,1,-1,-1,-1
169,4,428,739,50,50,1,-1,-1,-1
169,5,606,1104,50,50,1,-1,-1,-1
169,6,595,1379,50,50,1,-1,-1,-1
169,7,335,1430,50,50,1,-1,-1,-1
170,1,440,1047,50,50,1,-1,-1,-1
170,2,516,671,50,50,1,-1,-1,-1
170,3,501,928,50,50,1,-1,-1,-1
170,4,437,714,50,50,1,-1,-1,-1
170,5,616,1177,50,50,1,-1,-1,-1
170,6,590,1306,50,50,1,-1,-1,-1
170,7,343,1334,50,50,1,-1,-1,-1
171,1,437,1089,50,50,1,-1,-1,-1
171,2,523,686,50,50,1,-1,-1,-1
171,3,498,922,50,50,1,-1,-1,-1
171,4,446,692,50,50,1,-1,-1,-1
171,5,629,1263,50,50,1,-1,-1,-1
171,6,581,1239,50,50,1,-1,-1,-1
172,1,431,1136,50,50,1,-1,-1,-1
172,2,530,705,50,50,1,-1,-1,-1
172,3,495,922,50,50,1,-1,-1,-1
172,4,453,676,50,50,1,-1,-1,-1
172,5,640,1335,50,50,1,-1,-1,-1
172,6,577,1182,50,50,1,-1,-1,-1
172,7,370,1149,50,50,1,-1,-1,-1
173,1,426,1193,50,50,1,-1,-1,-1
173,2,536,728,50,50,1,-1,-1,-1
173,3,492,925,50,50,1,-1,-1,-1
173,4,462,660,50,50,1,-1,-1,-1
173,5,656,1385,50,50,1,-1,-1,-1
173,6,569,1132,50,50,1,-1,-1,-1
173,7,384,1070,50,50,1,-1,-1,-1
174,1,421,1254,50,50,1,-1,-1,-1
174,2,544,755,50,50,1,-1,-1,-1
174,3,490,932,50,50,1,-1,-1,-1
174,4,469,650,50,50,1,-1,-1,-1
174,5,659,1416,50,50,1,-1,-1,-1
174,6,565,1086,50,50,1,-1,-1,-1
174,7,393,1002,50,50,1,-1,-1,-1
175,1,415,1322,50,50,1,-1,-1,-1
175,2,551,786,50,50,1,-1,-1,-1
175,3,487,943,50,50,1,-1,-1,-1
175,4,477,642,50,50,1,-1,-1,-1
175,5,659,1457,50,50,1,-1,-1,-1
175,6,561,1046,50,50,1,-1,-1,-1
175,7,403,941,50,50,1,-1,-1,-1
176,1,412,1385,50,50,1,-1,-1,-1
176,2,557,819,50,50,1,-1,-1,-1
176,3,484,958,50,50,1,-1,-1,-1
176,4,486,638,50,50,1,-1,-1,-1
176,5,652,1483,50,50,1,-1,-1,-1
176,6,557,1012,50,50,1,-1,-1,-1
176,7,414,886,50,50,1,-1,-1,-1
177,1,407,1428,50,50,1,-1,-1,-1
177,2,565,857,50,50,1,-1,-1,-1
177,3,482,978,50,50,1,-1,-1,-1
177,4,493,637,50,50,1,-1,-1,-1
177,5,641,1502,50,50,1,-1,-1,-1
177,6,553,982,50,50,1,-1,-1,-1
177,7,425,837,50,50,1,-1,-1,-1
178,1,397,1469,50,50,1,-1,-1,-1
178,2,573,900,50,50,1,-1,-1,-1
178,3,479,1001,50,50,1,-1,-1,-1
178,4,502,637,50,50,1,-1,-1,-1
178,5,634,1503,50,50,1,-1,-1,-1
178,6,549,959,50,50,1,-1,-1,-1
178,7,435,796,50,50,1,-1,-1,-1
179,1,387,1490,50,50,1,-1,-1,-1
179,3,477,1031,50,50,1,-1,-1,-1
179,4,510,642,50,50,1,-1,-1,-1
179,5,634,1484,50,50,1,-1,-1,-1
179,6,545,938,50,50,1,-1,-1,-1
179,7,444,757,50,50,1,-1,-1,-1
180,1,382,1467,50,50,1,-1,-1,-1
180,2,588,998,50,50,1,-1,-1,-1
180,3,473,1064,50,50,1,-1,-1,-1
180,4,518,650,50,50,1,-1,-1,-1
180,5,636,1439,50,50,1,-1,-1,-1
180,6,542,922,50,50,1,-1,-1,-1
180,7,454,724,50,50,1,-1,-1,-1
181,1,382,1384,50,50,1,-1,-1,-1
181,2,597,1061,50,50,1,-1,-1,-1
181,3,470,1102,50,50,1,-1,-1,-1
181,4,524,661,50,50,1,-1,-1,-1
181,5,630,1372,50,50,1,-1,-1,-1
181,6,539,910,50,50,1,-1,-1,-1
181,7,462,695,50,50,1,-1,-1,-1
182,1,390,1290,50,50,1,-1,-1,-1
182,3,467,1148,50,50,1,-1,-1,-1
182,4,534,676,50,50,1,-1,-1,-1
182,5,618,1302,50,50,1,-1,-1,-1
182,6,536,902,50,50,1,-1,-1,-1
182,7,470,670,50,50,1,-1,-1,-1
183,1,399,1202,50,50,1,-1,-1,-1
183,3,464,1199,50,50,1,-1,-1,-1
183,4,540,694,50,50,1,-1,-1,-1
183,5,609,1237,50,50,1,-1,-1,-1
183,6,533,898,50,50,1,-1,-1,-1
183,7,479,648,50,50,1,-1,-1,-1
184,1,412,1106,50,50,1,-1,-1,-1
184,2,630,1272,50,50,1,-1,-1,-1
184,3,463,1253,50,50,1,-1,-1,-1
184,4,549,715,50,50,1,-1,-1,-1
184,5,598,1182,50,50,1,-1,-1,-1
184,6,529,898,50,50,1,-1,-1,-1
184,7,486,631,50,50,1,-1,-1,-1
185,1,415,1049,50,50,1,-1,-1,-1
185,2,640,1348,50,50,1,-1,-1,-1
185,3,458,1321,50,50,1,-1,-1,-1
185,4,557,741,50,50,1,-1,-1,-1
185,5,590,1130,50,50,1,-1,-1,-1
185,6,526,902,50,50,1,-1,-1,-1
185,7,493,617,50,50,1,-1,-1,-1
186,1,420,991,50,50,1,-1,-1,-1
186,2,645,1388,50,50,1,-1,-1,-1
186,3,450,1379,50,50,1,-1,-1,-1
186,4,565,769,50,50,1,-1,-1,-1
186,5,583,1087,50,50,1,-1,-1,-1
186,6,523,910,50,50,1,-1,-1,-1
186,7,500,607,50,50,1,-1,-1,-1
187,1,429,936,50,50,1,-1,-1,-1
187,3,442,1416,50,50,1,-1,-1,-1
187,4,573,803,50,50,1,-1,-1,-1
187,5,575,1046,50,50,1,-1,-1,-1
187,6,518,921,50,50,1,-1,-1,-1
187,7,507,599,50,50,1,-1,-1,-1
188,1,437,889,50,50,1,-1,-1,-1
188,2,660,1449,50,50,1,-1,-1,-1
188,3,431,1458,50,50,1,-1,-1,-1
188,4,582,840,50,50,1,-1,-1,-1
188,5,567,1013,50,50,1,-1,-1,-1
188,6,515,936,50,50,1,-1,-1,-1
188,7,514,596,50,50,1,-1,-1,-1
189,1,442,846,50,50,1,-1,-1,-1
189,2,651,1469,50,50,1,-1,-1,-1
189,3,423,1488,50,50,1,-1,-1,-1
189,4,591,880,50,50,1,-1,-1,-1
189,5,561,985,50,50,1,-1,-1,-1
189,6,512,957,50,50,1,-1,-1,-1
189,7,521,595,50,50,1,-1,-1,-1
190,1,448,808,50,50,1,-1,-1,-1
190,2,648,1468,50,50,1,-1,-1,-1
190,3,412,1491,50,50,1,-1,-1,-1
190,4,603,930,50,50,1,-1,-1,-1
190,5,552,961,50,50,1,-1,-1,-1
190,6,508,980,50,50,1,-1,-1,-1
190,7,529,599,50,50,1,-1,-1,-1
191,1,454,776,50,50,1,-1,-1,-1
191,2,641,1439,50,50,1,-1,-1,-1
191,3,402,1454,50,50,1,-1,-1,-1
191,4,614,980,50,50,1,-1,-1,-1
191,5,546,941,50,50,1,-1,-1,-1
191,6,505,1010,50,50,1,-1,-1,-1
191,7,536,605,50,50,1,-1,-1,-1
192,1,460,749,50,50,1,-1,-1,-1
192,2,635,1373,50,50,1,-1,-1,-1
192,3,402,1370,50,50,1,-1,-1,-1
192,4,626,1042,50,50,1,-1,-1,-1
192,5,539,924,50,50,1,-1,-1,-1
192,6,501,1044,50,50,1,-1,-1,-1
192,7,544,614,50,50,1,-1,-1,-1
193,1,466,724,50,50,1,-1,-1,-1
193,2,624,1308,50,50,1,-1,-1,-1
193,3,409,1275,50,50,1,-1,-1,-1
193,4,640,1102,50,50,1,-1,-1,-1
193,5,532,912,50,50,1,-1,-1,-1
193,6,497,1084,50,50,1,-1,-1,-1
193,7,551,627,50,50,1,-1,-1,-1
194,1,470,705,50,50,1,-1,-1,-1
194,2,612,1240,50,50,1,-1,-1,-1
194,3,415,1186,50,50,1,-1,-1,-1
194,5,525,904,50,50,1,-1,-1,-1
194,6,494,1128,50,50,1,-1,-1,-1
194,7,560,643,50,50,1,-1,-1,-1
195,1,475,688,50,50,1,-1,-1,-1
195,2,602,1182,50,50,1,-1,-1,-1
195,3,424,1103,50,50,1,-1,-1,-1
195,4,661,1261,50,50,1,-1,-1,-1
195,5,518,900,50,50,1,-1,-1,-1
195,6,490,1181,50,50,1,-1,-1,-1
195,7,567,663,50,50,1,-1,-1,-1
196,1,480,675,50,50,1,-1,-1,-1
196,2,594,1128,50,50,1,-1,-1,-1
196,3,430,1037,50,50,1,-1,-1,-1
196,4,675,1346,50,50,1,-1,-1,-1
196,5,511,899,50,50,1,-1,-1,-1
196,6,486,1236,50,50,1,-1,-1,-1
196,7,577,686,50,50,1,-1,-1,-1
197,1,484,666,50,50,1,-1,-1,-1
197,2,586,1082,50,50,1,-1,-1,-1
197,3,439,974,50,50,1,-1,-1,-1
197,4,684,1392,50,50,1,-1,-1,-1
197,5,505,903,50,50,1,-1,-1,-1
197,6,481,1303,50,50,1,-1,-1,-1
197,7,585,712,50,50,1,-1,-1,-1
198,1,488,660,50,50,1,-1,-1,-1
198,2,579,1041,50,50,1,-1,-1,-1
198,3,444,918,50,50,1,-1,-1,-1
198,4,680,1426,50,50,1,-1,-1,-1
198,5,498,910,50,50,1,-1,-1,-1
198,6,476,1376,50,50,1,-1,-1,-1
198,7,595,744,50,50,1,-1,-1,-1
199,1,493,658,50,50,1,-1,-1,-1
199,2,572,1004,50,50,1,-1,-1,-1
199,3,452,871,50,50,1,-1,-1,-1
199,4,677,1449,50,50,1,-1,-1,-1
199,5,490,923,50,50,1,-1,-1,-1
199,6,462,1436,50,50,1,-1,-1,-1
199,7,604,779,50,50,1,-1,-1,-1
200,1,497,658,50,50,1,-1,-1,-1
200,2,565,973,50,50,1,-1,-1,-1
200,3,457,826,50,50,1,-1,-1,-1
200,4,668,1461,50,50,1,-1,-1,-1
200,5,483,939,50,50,1,-1,-1,-1
200,6,449,1466,50,50,1,-1,-1,-1
200,7,613,820,50,50,1,-1,-1,-1
201,1,501,662,50,50,1,-1,-1,-1
201,2,559,946,50,50,1,-1,-1,-1
201,3,463,788,50,50,1,-1,-1,-1
201,4,660,1450,50,50,1,-1,-1,-1
201,5,476,959,50,50,1,-1,-1,-1
201,6,425,1479,50,50,1,-1,-1,-1
201,7,625,865,50,50,1,-1,-1,-1
202,1,505,670,50,50,1,-1,-1,-1
202,2,551,922,50,50,1,-1,-1,-1
202,3,468,756,50,50,1,-1,-1,-1
202,4,652,1407,50,50,1,-1,-1,-1
202,5,467,985,50,50,1,-1,-1,-1
202,6,396,1465,50,50,1,-1,-1,-1
202,7,635,915,50,50,1,-1,-1,-1
203,1,509,681,50,50,1,-1,-1,-1
203,2,545,904,50,50,1,-1,-1,-1
203,3,473,726,50,50,1,-1,-1,-1
203,4,640,1335,50,50,1,-1,-1,-1
203,5,460,1016,50,50,1,-1,-1,-1
203,6,372,1406,50,50,1,-1,-1,-1
203,7,644,975,50,50,1,-1,-1,-1
204,1,515,695,50,50,1,-1,-1,-1
204,2,538,890,50,50,1,-1,-1,-1
204,4,628,1269,50,50,1,-1,-1,-1
204,5,451,1052,50,50,1,-1,-1,-1
204,6,368,1302,50,50,1,-1,-1,-1
204,7,657,1040,50,50,1,-1,-1,-1
205,1,518,713,50,50,1,-1,-1,-1
205,2,531,879,50,50,1,-1,-1,-1
205,3,483,681,50,50,1,-1,-1,-1
205,4,614,1204,50,50,1,-1,-1,-1
205,5,442,1094,50,50,1,-1,-1,-1
205,6,375,1215,50,50,1,-1,-1,-1
205,7,676,1111,50,50,1,-1,-1,-1
206,1,523,734,50,50,1,-1,-1,-1
206,2,524,873,50,50,1,-1,-1,-1
206,3,487,663,50,50,1,-1,-1,-1
206,4,605,1147,50,50,1,-1,-1,-1
206,5,435,1141,50,50,1,-1,-1,-1
206,7,682,1193,50,50,1,-1,-1,-1
207,1,528,759,50,50,1,-1,-1,-1
207,2,518,870,50,50,1,-1,-1,-1
207,3,491,650,50,50,1,-1,-1,-1
207,4,594,1099,50,50,1,-1,-1,-1
207,5,425,1200,50,50,1,-1,-1,-1
207,6,393,1057,50,50,1,-1,-1,-1
207,7,702,1290,50,50,1,-1,-1,-1
208,1,533,789,50,50,1,-1,-1,-1
208,2,511,871,50,50,1,-1,-1,-1
208,3,495,640,50,50,1,-1,-1,-1
208,4,585,1054,50,50,1,-1,-1,-1
208,5,415,1263,50,50,1,-1,-1,-1
208,6,400,991,50,50,1,-1,-1,-1
208,7,712,1354,50,50,1,-1,-1,-1
209,1,538,822,50,50,1,-1,-1,-1
209,2,503,876,50,50,1,-1,-1,-1
209,3,498,634,50,50,1,-1,-1,-1
209,4,575,1016,50,50,1,-1,-1,-1
209,5,404,1329,50,50,1,-1,-1,-1
209,6,410,933,50,50,1,-1,-1,-1
209,7,706,1387,50,50,1,-1,-1,-1
210,1,544,860,50,50,1,-1,-1,-1
210,2,496,886,50,50,1,-1,-1,-1
210,3,503,630,50,50,1,-1,-1,-1
210,4,567,983,50,50,1,-1,-1,-1
210,6,416,881,50,50,1,-1,-1,-1
210,7,687,1417,50,50,1,-1,-1,-1
211,1,549,901,50,50,1,-1,-1,-1
211,2,489,900,50,50,1,-1,-1,-1
211,3,506,630,50,50,1,-1,-1,-1
211,4,560,954,50,50,1,-1,-1,-1
211,6,422,834,50,50,1,-1,-1,-1
211,7,670,1442,50,50,1,-1,-1,-1
212,1,553,937,50,50,1,-1,-1,-1
212,2,481,918,50,50,1,-1,-1,-1
212,3,511,634,50,50,1,-1,-1,-1
212,5,370,1428,50,50,1,-1,-1,-1
212,6,430,797,50,50,1,-1,-1,-1
212,7,655,1451,50,50,1,-1,-1,-1
213,1,560,1002,50,50,1,-1,-1,-1
213,2,472,941,50,50,1,-1,-1,-1
213,3,514,641,50,50,1,-1,-1,-1
213,4,544,911,50,50,1,-1,-1,-1
213,5,362,1438,50,50,1,-1,-1,-1
213,6,436,760,50,50,1,-1,-1,-1
213,7,645,1433,50,50,1,-1,-1,-1
214,1,566,1062,50,50,1,-1,-1,-1
214,2,464,968,50,50,1,-1,-1,-1
214,3,519,650,50,50,1,-1,-1,-1
214,4,537,895,50,50,1,-1,-1,-1
214,5,353,1409,50,50,1,-1,-1,-1
214,6,441,730,50,50,1,-1,-1,-1
214,7,641,1372,50,50,1,-1,-1,-1
215,1,577,1133,50,50,1,-1,-1,-1
215,2,456,1001,50,50,1,-1,-1,-1
215,3,524,663,50,50,1,-1,-1,-1
215,4,530,884,50,50,1,-1,-1,-1
215,5,347,1325,50,50,1,-1,-1,-1
215,6,446,704,50,50,1,-1,-1,-1
215,7,625,1295,50,50,1,-1,-1,-1
216,2,447,1041,50,50,1,-1,-1,-1
216,3,528,679,50,50,1,-1,-1,-1
216,4,522,877,50,50,1,-1,-1,-1
216,5,352,1240,50,50,1,-1,-1,-1
216,6,451,682,50,50,1,-1,-1,-1
216,7,612,1225,50,50,1,-1,-1,-1
217,1,589,1286,50,50,1,-1,-1,-1
217,2,439,1087,50,50,1,-1,-1,-1
217,3,534,698,50,50,1,-1,-1,-1
217,4,514,874,50,50,1,-1,-1,-1
217,5,364,1156,50,50,1,-1,-1,-1
217,6,456,663,50,50,1,-1,-1,-1
217,7,601,1162,50,50,1,-1,-1,-1
218,1,597,1364,50,50,1,-1,-1,-1
218,2,429,1138,50,50,1,-1,-1,-1
218,3,538,721,50,50,1,-1,-1,-1
218,4,506,875,50,50,1,-1,-1,-1
218,5,372,1077,50,50,1,-1,-1,-1
218,6,460,650,50,50,1,-1,-1,-1
218,7,592,1105,50,50,1,-1,-1,-1
219,1,595,1401,50,50,1,-1,-1,-1
219,2,419,1198,50,50,1,-1,-1,-1
219,3,543,748,50,50,1,-1,-1,-1
219,4,499,880,50,50,1,-1,-1,-1
219,5,379,1011,50,50,1,-1,-1,-1
219,6,465,638,50,50,1,-1,-1,-1
219,7,582,1057,50,50,1,-1,-1,-1
220,1,595,1435,50,50,1,-1,-1,-1
220,2,407,1269,50,50,1,-1,-1,-1
220,3,548,779,50,50,1,-1,-1,-1
220,4,490,889,50,50,1,-1,-1,-1
220,5,386,952,50,50,1,-1,-1,-1
220,6,468,631,50,50,1,-1,-1,-1
220,7,574,1015,50,50,1,-1,-1,-1
221,1,600,1469,50,50,1,-1,-1,-1
221,2,396,1339,50,50,1,-1,-1,-1
221,3,554,814,50,50,1,-1,-1,-1
221,4,482,902,50,50,1,-1,-1,-1
221,5,392,902,50,50,1,-1,-1,-1
221,6,473,627,50,50,1,-1,-1,-1
221,7,564,978,50,50,1,-1,-1,-1
222,1,597,1486,50,50,1,-1,-1,-1
222,2,386,1401,50,50,1,-1,-1,-1
222,3,557,854,50,50,1,-1,-1,-1
222,4,474,921,50,50,1,-1,-1,-1
222,5,398,858,50,50,1,-1,-1,-1
222,6,477,627,50,50,1,-1,-1,-1
222,7,556,946,50,50,1,-1,-1,-1
223,1,593,1487,50,50,1,-1,-1,-1
223,2,373,1446,50,50,1,-1,-1,-1
223,4,466,943,50,50,1,-1,-1,-1
223,5,404,819,50,50,1,-1,-1,-1
223,6,481,629,50,50,1,-1,-1,-1
223,7,555,911,50,50,1,-1,-1,-1
224,1,589,1462,50,50,1,-1,-1,-1
224,2,358,1466,50,50,1,-1,-1,-1
224,3,570,949,50,50,1,-1,-1,-1
224,4,456,970,50,50,1,-1,-1,-1
224,5,411,786,50,50,1,-1,-1,-1
224,6,485,635,50,50,1,-1,-1,-1
224,7,542,897,50,50,1,-1,-1,-1
225,1,587,1404,50,50,1,-1,-1,-1
225,2,341,1448,50,50,1,-1,-1,-1
225,3,578,1008,50,50,1,-1,-1,-1
225,4,447,1002,50,50,1,-1,-1,-1
225,5,416,757,50,50,1,-1,-1,-1
225,6,490,644,50,50,1,-1,-1,-1
225,7,534,879,50,50,1,-1,-1,-1
226,1,581,1327,50,50,1,-1,-1,-1
226,2,329,1382,50,50,1,-1,-1,-1
226,3,583,1071,50,50,1,-1,-1,-1
226,4,438,1040,50,50,1,-1,-1,-1
226,5,421,733,50,50,1,-1,-1,-1
226,6,494,656,50,50,1,-1,-1,-1
226,7,527,866,50,50,1,-1,-1,-1
227,1,569,1255,50,50,1,-1,-1,-1
227,2,338,1279,50,50,1,-1,-1,-1
227,3,586,1141,50,50,1,-1,-1,-1
227,4,427,1085,50,50,1,-1,-1,-1
227,5,426,713,50,50,1,-1,-1,-1
227,6,498,672,50,50,1,-1,-1,-1
227,7,519,856,50,50,1,-1,-1,-1
228,1,559,1186,50,50,1,-1,-1,-1
228,2,353,1185,50,50,1,-1,-1,-1
228,4,418,1135,50,50,1,-1,-1,-1
228,5,430,697,50,50,1,-1,-1,-1
228,6,503,690,50,50,1,-1,-1,-1
228,7,512,850,50,50,1,-1,-1,-1
229,1,552,1128,50,50,1,-1,-1,-1
229,2,367,1100,50,50,1,-1,-1,-1
229,3,603,1310,50,50,1,-1,-1,-1
229,4,405,1190,50,50,1,-1,-1,-1
229,5,435,684,50,50,1,-1,-1,-1
229,6,508,712,50,50,1,-1,-1,-1
229,7,505,849,50,50,1,-1,-1,-1
230,1,544,1076,50,50,1,-1,-1,-1
230,2,377,1031,50,50,1,-1,-1,-1
230,3,617,1367,50,50,1,-1,-1,-1
230,4,394,1259,50,50,1,-1,-1,-1
230,5,439,676,50,50,1,-1,-1,-1
230,6,512,738,50,50,1,-1,-1,-1
230,7,498,852,50,50,1,-1,-1,-1
231,1,538,1031,50,50,1,-1,-1,-1
231,2,387,970,50,50,1,-1,-1,-1
231,3,628,1406,50,50,1,-1,-1,-1
231,4,383,1325,50,50,1,-1,-1,-1
231,5,443,669,50,50,1,-1,-1,-1
231,6,517,768,50,50,1,-1,-1,-1
231,7,490,858,50,50,1,-1,-1,-1
232,1,532,990,50,50,1,-1,-1,-1
232,2,396,912,50,50,1,-1,-1,-1
232,3,615,1444,50,50,1,-1,-1,-1
232,4,374,1375,50,50,1,-1,-1,-1
232,5,446,667,50,50,1,-1,-1,-1
232,6,520,802,50,50,1,-1,-1,-1
232,7,484,868,50,50,1,-1,-1,-1
233,1,525,956,50,50,1,-1,-1,-1
233,2,405,866,50,50,1,-1,-1,-1
233,3,603,1470,50,50,1,-1,-1,-1
233,4,362,1418,50,50,1,-1,-1,-1
233,5,450,669,50,50,1,-1,-1,-1
233,6,524,841,50,50,1,-1,-1,-1
233,7,476,883,50,50,1,-1,-1,-1
234,1,519,927,50,50,1,-1,-1,-1
234,2,415,823,50,50,1,-1,-1,-1
234,3,594,1479,50,50,1,-1,-1,-1
234,4,351,1450,50,50,1,-1,-1,-1
234,5,453,673,50,50,1,-1,-1,-1
234,6,530,884,50,50,1,-1,-1,-1
234,7,469,902,50,50,1,-1,-1,-1
235,1,514,902,50,50,1,-1,-1,-1
235,2,423,784,50,50,1,-1,-1,-1
235,3,587,1463,50,50,1,-1,-1,-1
235,4,339,1454,50,50,1,-1,-1,-1
235,5,456,680,50,50,1,-1,-1,-1
235,7,461,925,50,50,1,-1,-1,-1
236,1,508,881,50,50,1,-1,-1,-1
236,2,432,752,50,50,1,-1,-1,-1
236,3,585,1417,50,50,1,-1,-1,-1
236,4,331,1411,50,50,1,-1,-1,-1
236,5,459,691,50,50,1,-1,-1,-1
236,6,539,990,50,50,1,-1,-1,-1
236,7,453,953,50,50,1,-1,-1,-1
237,1,502,865,50,50,1,-1,-1,-1
237,3,575,1340,50,50,1,-1,-1,-1
237,4,330,1320,50,50,1,-1,-1,-1
237,5,462,705,50,50,1,-1,-1,-1
237,6,542,1045,50,50,1,-1,-1,-1
237,7,444,987,50,50,1,-1,-1,-1
238,1,496,852,50,50,1,-1,-1,-1
238,3,565,1272,50,50,1,-1,-1,-1
238,4,343,1232,50,50,1,-1,-1,-1
238,5,456,710,50,50,1,-1,-1,-1
238,6,557,1109,50,50,1,-1,-1,-1
238,7,436,1025,50,50,1,-1,-1,-1
239,1,491,844,50,50,1,-1,-1,-1
239,2,454,682,50,50,1,-1,-1,-1
239,3,556,1199,50,50,1,-1,-1,-1
239,4,357,1143,50,50,1,-1,-1,-1
239,5,468,743,50,50,1,-1,-1,-1
239,7,426,1070,50,50,1,-1,-1,-1
240,1,485,840,50,50,1,-1,-1,-1
240,2,461,665,50,50,1,-1,-1,-1
240,3,544,1143,50,50,1,-1,-1,-1
240,4,368,1070,50,50,1,-1,-1,-1
240,5,471,767,50,50,1,-1,-1,-1
240,6,565,1280,50,50,1,-1,-1,-1
240,7,418,1118,50,50,1,-1,-1,-1
241,1,479,840,50,50,1,-1,-1,-1
241,2,467,653,50,50,1,-1,-1,-1
241,3,537,1092,50,50,1,-1,-1,-1
241,4,380,1003,50,50,1,-1,-1,-1
241,5,474,795,50,50,1,-1,-1,-1
241,6,571,1355,50,50,1,-1,-1,-1
241,7,407,1179,50,50,1,-1,-1,-1
242,1,475,836,50,50,1,-1,-1,-1
242,2,474,645,50,50,1,-1,-1,-1
242,3,527,1046,50,50,1,-1,-1,-1
242,4,390,947,50,50,1,-1,-1,-1
242,7,396,1240,50,50,1,-1,-1,-1
243,2,480,639,50,50,1,-1,-1,-1
243,3,519,1006,50,50,1,-1,-1,-1
243,4,398,897,50,50,1,-1,-1,-1
243,5,472,855,50,50,1,-1,-1,-1
243,6,558,1458,50,50,1,-1,-1,-1
243,7,383,1317,50,50,1,-1,-1,-1
244,1,460,863,50,50,1,-1,-1,-1
244,2,485,639,50,50,1,-1,-1,-1
244,3,513,971,50,50,1,-1,-1,-1
244,4,409,855,50,50,1,-1,-1,-1
244,5,484,902,50,50,1,-1,-1,-1
244,6,559,1479,50,50,1,-1,-1,-1
244,7,381,1370,50,50,1,-1,-1,-1
245,1,453,879,50,50,1,-1,-1,-1
245,2,491,639,50,50,1,-1,-1,-1
245,3,498,944,50,50,1,-1,-1,-1
245,4,417,817,50,50,1,-1,-1,-1
245,6,556,1490,50,50,1,-1,-1,-1
245,7,362,1402,50,50,1,-1,-1,-1
246,1,446,900,50,50,1,-1,-1,-1
246,2,498,645,50,50,1,-1,-1,-1
246,3,498,918,50,50,1,-1,-1,-1
246,4,427,784,50,50,1,-1,-1,-1
246,5,491,992,50,50,1,-1,-1,-1
246,6,559,1472,50,50,1,-1,-1,-1
246,7,346,1428,50,50,1,-1,-1,-1
247,1,440,924,50,50,1,-1,-1,-1
247,2,503,654,50,50,1,-1,-1,-1
247,3,491,898,50,50,1,-1,-1,-1
247,4,435,757,50,50,1,-1,-1,-1
247,5,494,1048,50,50,1,-1,-1,-1
247,6,563,1421,50,50,1,-1,-1,-1
247,7,329,1436,50,50,1,-1,-1,-1
248,1,432,954,50,50,1,-1,-1,-1
248,2,509,666,50,50,1,-1,-1,-1
248,3,484,882,50,50,1,-1,-1,-1
248,4,443,734,50,50,1,-1,-1,-1
248,5,497,1109,50,50,1,-1,-1,-1
248,6,556,1339,50,50,1,-1,-1,-1
248,7,319,1401,50,50,1,-1,-1,-1
249,1,424,991,50,50,1,-1,-1,-1
249,2,515,680,50,50,1,-1,-1,-1
249,3,476,870,50,50,1,-1,-1,-1
249,4,450,714,50,50,1,-1,-1,-1
249,6,551,1265,50,50,1,-1,-1,-1
249,7,320,1313,50,50,1,-1,-1,-1
250,1,417,1031,50,50,1,-1,-1,-1
250,2,521,699,50,50,1,-1,-1,-1
250,3,470,863,50,50,1,-1,-1,-1
250,4,457,698,50,50,1,-1,-1,-1
250,6,547,1199,50,50,1,-1,-1,-1
250,7,332,1227,50,50,1,-1,-1,-1
251,1,408,1079,50,50,1,-1,-1,-1
251,2,528,721,50,50,1,-1,-1,-1
251,3,463,858,50,50,1,-1,-1,-1
251,4,464,687,50,50,1,-1,-1,-1
251,5,512,1329,50,50,1,-1,-1,-1
251,6,542,1140,50,50,1,-1,-1,-1
251,7,349,1129,50,50,1,-1,-1,-1
252,1,399,1132,50,50,1,-1,-1,-1
252,2,535,746,50,50,1,-1,-1,-1
252,3,456,858,50,50,1,-1,-1,-1
252,4,471,679,50,50,1,-1,-1,-1
252,5,509,1374,50,50,1,-1,-1,-1
252,6,538,1090,50,50,1,-1,-1,-1
252,7,363,1058,50,50,1,-1,-1,-1
253,1,390,1188,50,50,1,-1,-1,-1
253,2,541,776,50,50,1,-1,-1,-1
253,3,448,863,50,50,1,-1,-1,-1
253,4,477,674,50,50,1,-1,-1,-1
253,5,520,1399,50,50,1,-1,-1,-1
253,6,534,1041,50,50,1,-1,-1,-1
253,7,373,990,50,50,1,-1,-1,-1
254,1,377,1260,50,50,1,-1,-1,-1
254,2,547,807,50,50,1,-1,-1,-1
254,3,440,871,50,50,1,-1,-1,-1
254,4,483,673,50,50,1,-1,-1,-1
254,5,531,1421,50,50,1,-1,-1,-1
254,6,530,1001,50,50,1,-1,-1,-1
254,7,383,933,50,50,1,-1,-1,-1
255,1,372,1337,50,50,1,-1,-1,-1
255,2,555,846,50,50,1,-1,-1,-1
255,3,432,884,50,50,1,-1,-1,-1
255,4,489,675,50,50,1,-1,-1,-1
255,5,537,1446,50,50,1,-1,-1,-1
255,6,525,965,50,50,1,-1,-1,-1
255,7,393,882,50,50,1,-1,-1,-1
256,2,561,887,50,50,1,-1,-1,-1
256,3,424,900,50,50,1,-1,-1,-1
256,4,495,681,50,50,1,-1,-1,-1
256,5,543,1466,50,50,1,-1,-1,-1
256,6,522,933,50,50,1,-1,-1,-1
256,7,404,839,50,50,1,-1,-1,-1
257,1,344,1422,50,50,1,-1,-1,-1
257,2,568,934,50,50,1,-1,-1,-1
257,3,416,922,50,50,1,-1,-1,-1
257,4,501,690,50,50,1,-1,-1,-1
257,5,547,1461,50,50,1,-1,-1,-1
257,6,518,907,50,50,1,-1,-1,-1
257,7,413,799,50,50,1,-1,-1,-1
258,1,327,1447,50,50,1,-1,-1,-1
258,2,575,988,50,50,1,-1,-1,-1
258,3,406,947,50,50,1,-1,-1,-1
258,4,507,702,50,50,1,-1,-1,-1
258,5,555,1424,50,50,1,-1,-1,-1
258,6,514,884,50,50,1,-1,-1,-1
258,7,421,765,50,50,1,-1,-1,-1
259,1,310,1421,50,50,1,-1,-1,-1
259,2,584,1044,50,50,1,-1,-1,-1
259,3,398,978,50,50,1,-1,-1,-1
259,4,512,717,50,50,1,-1,-1,-1
259,5,554,1351,50,50,1,-1,-1,-1
259,6,510,866,50,50,1,-1,-1,-1
259,7,430,736,50,50,1,-1,-1,-1
260,1,306,1339,50,50,1,-1,-1,-1
260,2,591,1106,50,50,1,-1,-1,-1
260,3,388,1015,50,50,1,-1,-1,-1
260,4,518,735,50,50,1,-1,-1,-1
260,5,548,1280,50,50,1,-1,-1,-1
260,6,506,853,50,50,1,-1,-1,-1
260,7,437,712,50,50,1,-1,-1,-1
261,1,317,1245,50,50,1,-1,-1,-1
261,2,603,1182,50,50,1,-1,-1,-1
261,3,377,1055,50,50,1,-1,-1,-1
261,4,525,757,50,50,1,-1,-1,-1
261,5,541,1215,50,50,1,-1,-1,-1
261,6,503,844,50,50,1,-1,-1,-1
261,7,444,692,50,50,1,-1,-1,-1
262,1,334,1162,50,50,1,-1,-1,-1
262,2,612,1265,50,50,1,-1,-1,-1
262,3,368,1101,50,50,1,-1,-1,-1
262,4,532,783,50,50,1,-1,-1,-1
262,5,538,1158,50,50,1,-1,-1,-1
262,6,500,838,50,50,1,-1,-1,-1
262,7,450,676,50,50,1,-1,-1,-1
263,1,346,1086,50,50,1,-1,-1,-1
263,2,620,1349,50,50,1,-1,-1,-1
263,3,353,1160,50,50,1,-1,-1,-1
263,4,538,813,50,50,1,-1,-1,-1
263,5,536,1104,50,50,1,-1,-1,-1
263,6,497,837,50,50,1,-1,-1,-1
263,7,457,664,50,50,1,-1,-1,-1
264,1,358,1018,50,50,1,-1,-1,-1
264,2,627,1408,50,50,1,-1,-1,-1
264,3,344,1222,50,50,1,-1,-1,-1
264,4,544,847,50,50,1,-1,-1,-1
264,5,532,1061,50,50,1,-1,-1,-1
264,6,493,840,50,50,1,-1,-1,-1
264,7,463,656,50,50,1,-1,-1,-1
265,1,370,960,50,50,1,-1,-1,-1
265,2,619,1446,50,50,1,-1,-1,-1
265,3,331,1288,50,50,1,-1,-1,-1
265,4,553,883,50,50,1,-1,-1,-1
265,5,531,1020,50,50,1,-1,-1,-1
265,6,489,846,50,50,1,-1,-1,-1
265,7,469,651,50,50,1,-1,-1,-1
266,1,381,910,50,50,1,-1,-1,-1
266,2,608,1474,50,50,1,-1,-1,-1
266,3,326,1339,50,50,1,-1,-1,-1
266,4,559,926,50,50,1,-1,-1,-1
266,5,528,984,50,50,1,-1,-1,-1
266,6,487,856,50,50,1,-1,-1,-1
266,7,476,649,50,50,1,-1,-1,-1
267,1,393,865,50,50,1,-1,-1,-1
267,2,602,1481,50,50,1,-1,-1,-1
267,3,321,1376,50,50,1,-1,-1,-1
267,4,566,972,50,50,1,-1,-1,-1
267,5,525,954,50,50,1,-1,-1,-1
267,6,483,871,50,50,1,-1,-1,-1
267,7,482,651,50,50,1,-1,-1,-1
268,1,403,828,50,50,1,-1,-1,-1
268,2,603,1462,50,50,1,-1,-1,-1
268,3,319,1417,50,50,1,-1,-1,-1
268,4,574,1024,50,50,1,-1,-1,-1
268,5,522,929,50,50,1,-1,-1,-1
268,6,479,888,50,50,1,-1,-1,-1
268,7,489,656,50,50,1,-1,-1,-1
269,1,413,794,50,50,1,-1,-1,-1
269,2,605,1403,50,50,1,-1,-1,-1
269,3,322,1442,50,50,1,-1,-1,-1
269,4,585,1084,50,50,1,-1,-1,-1
269,5,519,907,50,50,1,-1,-1,-1
269,6,475,911,50,50,1,-1,-1,-1
269,7,495,663,50,50,1,-1,-1,-1
270,1,422,766,50,50,1,-1,-1,-1
270,2,594,1327,50,50,1,-1,-1,-1
270,3,327,1433,50,50,1,-1,-1,-1
270,5,516,890,50,50,1,-1,-1,-1
270,6,470,938,50,50,1,-1,-1,-1
270,7,501,674,50,50,1,-1,-1,-1
271,1,431,742,50,50,1,-1,-1,-1
271,2,588,1257,50,50,1,-1,-1,-1
271,3,337,1369,50,50,1,-1,-1,-1
271,5,512,876,50,50,1,-1,-1,-1
271,6,466,969,50,50,1,-1,-1,-1
271,7,507,688,50,50,1,-1,-1,-1
272,1,439,722,50,50,1,-1,-1,-1
272,2,582,1190,50,50,1,-1,-1,-1
272,3,346,1276,50,50,1,-1,-1,-1
272,4,610,1296,50,50,1,-1,-1,-1
272,5,509,867,50,50,1,-1,-1,-1
272,6,462,1006,50,50,1,-1,-1,-1
272,7,513,705,50,50,1,-1,-1,-1
273,1,446,707,50,50,1,-1,-1,-1
273,2,576,1134,50,50,1,-1,-1,-1
273,3,354,1188,50,50,1,-1,-1,-1
273,5,505,862,50,50,1,-1,-1,-1
273,6,458,1048,50,50,1,-1,-1,-1
273,7,518,726,50,50,1,-1,-1,-1
274,1,453,694,50,50,1,-1,-1,-1
274,2,570,1083,50,50,1,-1,-1,-1
274,3,367,1103,50,50,1,-1,-1,-1
274,4,627,1398,50,50,1,-1,-1,-1
274,5,502,861,50,50,1,-1,-1,-1
274,6,452,1097,50,50,1,-1,-1,-1
274,7,524,750,50,50,1,-1,-1,-1
275,1,461,686,50,50,1,-1,-1,-1
275,2,565,1039,50,50,1,-1,-1,-1
275,3,371,1037,50,50,1,-1,-1,-1
275,4,632,1417,50,50,1,-1,-1,-1
275,5,498,863,50,50,1,-1,-1,-1
275,6,448,1155,50,50,1,-1,-1,-1
275,7,532,778,50,50,1,-1,-1,-1
276,1,467,682,50,50,1,-1,-1,-1
276,2,560,998,50,50,1,-1,-1,-1
276,3,382,975,50,50,1,-1,-1,-1
276,4,634,1430,50,50,1,-1,-1,-1
276,5,495,870,50,50,1,-1,-1,-1
276,6,442,1217,50,50,1,-1,-1,-1
276,7,538,811,50,50,1,-1,-1,-1
277,1,475,681,50,50,1,-1,-1,-1
277,2,556,965,50,50,1,-1,-1,-1
277,3,389,919,50,50,1,-1,-1,-1
277,4,634,1433,50,50,1,-1,-1,-1
277,5,491,881,50,50,1,-1,-1,-1
277,6,439,1286,50,50,1,-1,-1,-1
277,7,544,847,50,50,1,-1,-1,-1
278,1,483,684,50,50,1,-1,-1,-1
278,2,551,936,50,50,1,-1,-1,-1
278,3,395,872,50,50,1,-1,-1,-1
278,5,488,897,50,50,1,-1,-1,-1
278,6,439,1338,50,50,1,-1,-1,-1
278,7,550,888,50,50,1,-1,-1,-1
279,1,489,689,50,50,1,-1,-1,-1
279,2,550,917,50,50,1,-1,-1,-1
279,3,403,829,50,50,1,-1,-1,-1
279,4,638,1412,50,50,1,-1,-1,-1
279,5,484,917,50,50,1,-1,-1,-1
279,6,432,1354,50,50,1,-1,-1,-1
280,1,496,698,50,50,1,-1,-1,-1
280,2,542,890,50,50,1,-1,-1,-1
280,3,409,793,50,50,1,-1,-1,-1
280,5,480,941,50,50,1,-1,-1,-1
280,6,427,1365,50,50,1,-1,-1,-1
280,7,565,983,50,50,1,-1,-1,-1
281,1,504,710,50,50,1,-1,-1,-1
281,2,539,874,50,50,1,-1,-1,-1
281,3,415,760,50,50,1,-1,-1,-1
281,4,641,1392,50,50,1,-1,-1,-1
281,5,477,971,50,50,1,-1,-1,-1
281,6,423,1368,50,50,1,-1,-1,-1
281,7,570,1038,50,50,1,-1,-1,-1
282,1,511,727,50,50,1,-1,-1,-1
282,2,535,861,50,50,1,-1,-1,-1
282,3,420,733,50,50,1,-1,-1,-1
282,4,641,1389,50,50,1,-1,-1,-1
282,5,472,1005,50,50,1,-1,-1,-1
282,6,418,1364,50,50,1,-1,-1,-1
282,7,581,1099,50,50,1,-1,-1,-1
283,1,518,745,50,50,1,-1,-1,-1
283,2,532,851,50,50,1,-1,-1,-1
283,3,427,710,50,50,1,-1,-1,-1
283,4,640,1388,50,50,1,-1,-1,-1
283,5,469,1045,50,50,1,-1,-1,-1
283,6,418,1360,50,50,1,-1,-1,-1
283,7,585,1168,50,50,1,-1,-1,-1
284,1,525,766,50,50,1,-1,-1,-1
284,2,528,847,50,50,1,-1,-1,-1
284,3,431,691,50,50,1,-1,-1,-1
284,4,638,1386,50,50,1,-1,-1,-1
284,5,466,1092,50,50,1,-1,-1,-1
284,6,418,1359,50,50,1,-1,-1,-1
285,1,532,792,50,50,1,-1,-1,-1
285,2,524,846,50,50,1,-1,-1,-1
285,3,437,676,50,50,1,-1,-1,-1
285,4,635,1383,50,50,1,-1,-1,-1
285,5,461,1145,50,50,1,-1,-1,-1
285,6,422,1364,50,50,1,-1,-1,-1
285,7,608,1328,50,50,1,-1,-1,-1
286,2,520,849,50,50,1,-1,-1,-1
286,3,441,665,50,50,1,-1,-1,-1
286,5,455,1208,50,50,1,-1,-1,-1
286,6,424,1368,50,50,1,-1,-1,-1
286,7,611,1388,50,50,1,-1,-1,-1
287,2,517,856,50,50,1,-1,-1,-1
287,3,445,656,50,50,1,-1,-1,-1
287,4,634,1396,50,50,1,-1,-1,-1
287,5,453,1277,50,50,1,-1,-1,-1
287,6,425,1369,50,50,1,-1,-1,-1
288,1,552,894,50,50,1,-1,-1,-1
288,2,513,867,50,50,1,-1,-1,-1
288,3,449,651,50,50,1,-1,-1,-1
288,4,629,1406,50,50,1,-1,-1,-1
288,6,436,1359,50,50,1,-1,-1,-1
289,1,561,939,50,50,1,-1,-1,-1
289,2,508,882,50,50,1,-1,-1,-1
289,3,453,650,50,50,1,-1,-1,-1
289,4,633,1418,50,50,1,-1,-1,-1
289,6,434,1373,50,50,1,-1,-1,-1
290,1,568,986,50,50,1,-1,-1,-1
290,2,504,901,50,50,1,-1,-1,-1
290,3,456,652,50,50,1,-1,-1,-1
290,4,635,1425,50,50,1,-1,-1,-1
290,6,431,1371,50,50,1,-1,-1,-1
291,1,578,1041,50,50,1,-1,-1,-1
291,2,500,925,50,50,1,-1,-1,-1
291,3,460,658,50,50,1,-1,-1,-1
291,4,643,1430,50,50,1,-1,-1,-1
291,6,432,1369,50,50,1,-1,-1,-1
292,1,587,1099,50,50,1,-1,-1,-1
292,2,496,954,50,50,1,-1,-1,-1
292,3,463,667,50,50,1,-1,-1,-1
292,4,651,1433,50,50,1,-1,-1,-1
292,6,435,1368,50,50,1,-1,-1,-1
293,2,491,988,50,50,1,-1,-1,-1
293,3,467,679,50,50,1,-1,-1,-1
293,4,654,1431,50,50,1,-1,-1,-1
293,6,424,1362,50,50,1,-1,-1,-1
294,2,488,1029,50,50,1,-1,-1,-1
294,3,471,695,50,50,1,-1,-1,-1
294,4,657,1431,50,50,1,-1,-1,-1
294,6,426,1363,50,50,1,-1,-1,-1
295,1,617,1314,50,50,1,-1,-1,-1
295,2,483,1073,50,50,1,-1,-1,-1
295,3,474,714,50,50,1,-1,-1,-1
295,4,658,1432,50,50,1,-1,-1,-1
295,6,445,1373,50,50,1,-1,-1,-1
296,1,628,1403,50,50,1,-1,-1,-1
296,2,477,1128,50,50,1,-1,-1,-1
296,3,477,737,50,50,1,-1,-1,-1
296,4,660,1430,50,50,1,-1,-1,-1
296,6,447,1377,50,50,1,-1,-1,-1
297,2,471,1187,50,50,1,-1,-1,-1
297,3,481,763,50,50,1,-1,-1,-1
297,4,657,1433,50,50,1,-1,-1,-1
297,6,449,1379,50,50,1,-1,-1,-1
298,2,470,1255,50,50,1,-1,-1,-1
298,3,485,795,50,50,1,-1,-1,-1
298,4,650,1434,50,50,1,-1,-1,-1
298,6,451,1381,50,50,1,-1,-1,-1
299,3,488,829,50,50,1,-1,-1,-1
299,4,645,1432,50,50,1,-1,-1,-1
299,6,455,1363,50,50,1,-1,-1,-1
300,2,454,1382,50,50,1,-1,-1,-1
300,3,491,869,50,50,1,-1,-1,-1
300,4,636,1430,50,50,1,-1,-1,-1
301,3,495,915,50,50,1,-1,-1,-1
301,4,625,1426,50,50,1,-1,-1,-1
301,6,453,1380,50,50,1,-1,-1,-1
302,3,499,965,50,50,1,-1,-1,-1
302,4,612,1422,50,50,1,-1,-1,-1
302,6,453,1375,50,50,1,-1,-1,-1
303,3,503,1018,50,50,1,-1,-1,-1
303,4,601,1421,50,50,1,-1,-1,-1
303,6,440,1361,50,50,1,-1,-1,-1
304,3,509,1082,50,50,1,-1,-1,-1
304,4,590,1423,50,50,1,-1,-1,-1
304,6,457,1369,50,50,1,-1,-1,-1
305,3,510,1147,50,50,1,-1,-1,-1
305,4,581,1430,50,50,1,-1,-1,-1
305,6,448,1364,50,50,1,-1,-1,-1
306,4,571,1441,50,50,1,-1,-1,-1
306,6,475,1399,50,50,1,-1,-1,-1
307,3,523,1310,50,50,1,-1,-1,-1
307,4,561,1457,50,50,1,-1,-1,-1
307,6,468,1406,50,50,1,-1,-1,-1
308,3,527,1402,50,50,1,-1,-1,-1
308,4,540,1474,50,50,1,-1,-1,-1
308,6,471,1431,50,50,1,-1,-1,-1
309,4,538,1487,50,50,1,-1,-1,-1
309,6,472,1458,50,50,1,-1,-1,-1
310,4,528,1492,50,50,1,-1,-1,-1
310,6,465,1467,50,50,1,-1,-1,-1
311,4,506,1491,50,50,1,-1,-1,-1
311,6,463,1484,50,50,1,-1,-1,-1
312,4,508,1487,50,50,1,-1,-1,-1
312,6,462,1495,50,50,1,-1,-1,-1
313,4,507,1482,50,50,1,-1,-1,-1
313,6,461,1500,50,50,1,-1,-1,-1
314,4,508,1478,50,50,1,-1,-1,-1
314,6,461,1500,50,50,1,-1,-1,-1
315,4,509,1475,50,50,1,-1,-1,-1
315,6,461,1498,50,50,1,-1,-1,-1
316,4,508,1474,50,50,1,-1,-1,-1
316,6,461,1497,50,50,1,-1,-1,-1
317,4,507,1475,50,50,1,-1,-1,-1
317,6,463,1498,50,50,1,-1,-1,-1
318,4,506,1476,50,50,1,-1,-1,-1
318,6,464,1502,50,50,1,-1,-1,-1
