2,1,511,1205,50,50,1,-1,-1,-1
2,2,370,1352,50,50,1,-1,-1,-1
2,3,471,779,50,50,1,-1,-1,-1
3,1,518,1225,50,50,1,-1,-1,-1
3,2,439,1340,50,50,1,-1,-1,-1
3,3,460,706,50,50,1,-1,-1,-1
3,4,364,1411,50,50,1,-1,-1,-1
4,1,524,1250,50,50,1,-1,-1,-1
4,3,461,632,50,50,1,-1,-1,-1
4,4,360,1478,50,50,1,-1,-1,-1
4,5,444,1273,50,50,1,-1,-1,-1
5,1,531,1279,50,50,1,-1,-1,-1
5,3,455,569,50,50,1,-1,-1,-1
5,5,444,1204,50,50,1,-1,-1,-1
6,1,538,1318,50,50,1,-1,-1,-1
6,3,451,508,50,50,1,-1,-1,-1
6,5,446,1132,50,50,1,-1,-1,-1
7,1,545,1360,50,50,1,-1,-1,-1
7,2,502,1500,50,50,1,-1,-1,-1
7,3,445,453,50,50,1,-1,-1,-1
7,5,446,1072,50,50,1,-1,-1,-1
8,1,550,1408,50,50,1,-1,-1,-1
8,2,495,1444,50,50,1,-1,-1,-1
8,3,442,408,50,50,1,-1,-1,-1
8,5,448,1021,50,50,1,-1,-1,-1
9,1,559,1463,50,50,1,-1,-1,-1
9,2,488,1397,50,50,1,-1,-1,-1
9,3,435,366,50,50,1,-1,-1,-1
9,4,410,1678,50,50,1,-1,-1,-1
9,5,452,975,50,50,1,-1,-1,-1
10,1,563,1519,50,50,1,-1,-1,-1
10,2,480,1359,50,50,1,-1,-1,-1
10,3,432,329,50,50,1,-1,-1,-1
10,4,415,1672,50,50,1,-1,-1,-1
10,5,456,932,50,50,1,-1,-1,-1
11,1,559,1552,50,50,1,-1,-1,-1
11,2,473,1327,50,50,1,-1,-1,-1
11,3,428,301,50,50,1,-1,-1,-1
11,4,435,1651,50,50,1,-1,-1,-1
11,5,458,900,50,50,1,-1,-1,-1
12,2,465,1298,50,50,1,-1,-1,-1
12,3,423,277,50,50,1,-1,-1,-1
12,4,443,1626,50,50,1,-1,-1,-1
12,5,461,869,50,50,1,-1,-1,-1
13,2,461,1278,50,50,1,-1,-1,-1
13,3,420,262,50,50,1,-1,-1,-1
13,4,453,1615,50,50,1,-1,-1,-1
13,5,464,844,50,50,1,-1,-1,-1
14,2,453,1263,50,50,1,-1,-1,-1
14,3,417,251,50,50,1,-1,-1,-1
14,4,466,1606,50,50,1,-1,-1,-1
14,5,468,829,50,50,1,-1,-1,-1
15,2,446,1252,50,50,1,-1,-1,-1
15,3,413,246,50,50,1,-1,-1,-1
15,4,479,1604,50,50,1,-1,-1,-1
15,5,473,818,50,50,1,-1,-1,-1
16,2,439,1249,50,50,1,-1,-1,-1
16,3,409,247,50,50,1,-1,-1,-1
16,4,491,1606,50,50,1,-1,-1,-1
16,5,478,812,50,50,1,-1,-1,-1
17,2,433,1251,50,50,1,-1,-1,-1
17,3,404,255,50,50,1,-1,-1,-1
17,4,498,1601,50,50,1,-1,-1,-1
17,5,481,812,50,50,1,-1,-1,-1
18,2,426,1260,50,50,1,-1,-1,-1
18,3,400,269,50,50,1,-1,-1,-1
18,4,496,1615,50,50,1,-1,-1,-1
18,5,485,819,50,50,1,-1,-1,-1
19,2,420,1274,50,50,1,-1,-1,-1
19,3,398,287,50,50,1,-1,-1,-1
19,4,498,1638,50,50,1,-1,-1,-1
19,5,489,832,50,50,1,-1,-1,-1
20,2,416,1292,50,50,1,-1,-1,-1
20,3,394,311,50,50,1,-1,-1,-1
20,5,491,851,50,50,1,-1,-1,-1
21,2,407,1321,50,50,1,-1,-1,-1
21,3,389,343,50,50,1,-1,-1,-1
21,5,496,875,50,50,1,-1,-1,-1
22,2,402,1346,50,50,1,-1,-1,-1
22,3,387,380,50,50,1,-1,-1,-1
22,4,450,1639,50,50,1,-1,-1,-1
22,5,499,901,50,50,1,-1,-1,-1
23,3,382,419,50,50,1,-1,-1,-1
23,5,501,938,50,50,1,-1,-1,-1
24,2,386,1430,50,50,1,-1,-1,-1
24,3,379,470,50,50,1,-1,-1,-1
24,4,450,1363,50,50,1,-1,-1,-1
24,5,506,981,50,50,1,-1,-1,-1
25,2,376,1470,50,50,1,-1,-1,-1
25,3,377,521,50,50,1,-1,-1,-1
25,4,450,1241,50,50,1,-1,-1,-1
25,5,508,1030,50,50,1,-1,-1,-1
26,2,360,1517,50,50,1,-1,-1,-1
26,3,374,576,50,50,1,-1,-1,-1
26,4,450,1132,50,50,1,-1,-1,-1
26,5,514,1080,50,50,1,-1,-1,-1
27,2,365,1562,50,50,1,-1,-1,-1
27,3,370,647,50,50,1,-1,-1,-1
27,4,456,1008,50,50,1,-1,-1,-1
27,5,518,1138,50,50,1,-1,-1,-1
28,2,368,1608,50,50,1,-1,-1,-1
28,3,368,715,50,50,1,-1,-1,-1
28,4,456,907,50,50,1,-1,-1,-1
28,5,523,1205,50,50,1,-1,-1,-1
29,1,479,1368,50,50,1,-1,-1,-1
29,2,383,1668,50,50,1,-1,-1,-1
29,3,363,795,50,50,1,-1,-1,-1
29,4,451,820,50,50,1,-1,-1,-1
29,5,521,1282,50,50,1,-1,-1,-1
30,1,467,1267,50,50,1,-1,-1,-1
30,3,359,876,50,50,1,-1,-1,-1
30,4,451,725,50,50,1,-1,-1,-1
30,5,531,1348,50,50,1,-1,-1,-1
31,1,466,1182,50,50,1,-1,-1,-1
31,3,356,962,50,50,1,-1,-1,-1
31,4,454,640,50,50,1,-1,-1,-1
31,5,534,1435,50,50,1,-1,-1,-1
32,1,459,1095,50,50,1,-1,-1,-1
32,2,401,1680,50,50,1,-1,-1,-1
32,3,351,1057,50,50,1,-1,-1,-1
32,4,459,564,50,50,1,-1,-1,-1
32,5,539,1514,50,50,1,-1,-1,-1
33,1,451,1012,50,50,1,-1,-1,-1
33,2,408,1606,50,50,1,-1,-1,-1
33,3,351,1167,50,50,1,-1,-1,-1
33,4,461,488,50,50,1,-1,-1,-1
34,1,445,941,50,50,1,-1,-1,-1
34,2,414,1547,50,50,1,-1,-1,-1
34,3,353,1267,50,50,1,-1,-1,-1
34,4,464,428,50,50,1,-1,-1,-1
35,1,438,877,50,50,1,-1,-1,-1
35,4,464,373,50,50,1,-1,-1,-1
36,1,430,810,50,50,1,-1,-1,-1
36,4,466,315,50,50,1,-1,-1,-1
37,1,425,757,50,50,1,-1,-1,-1
37,2,507,1617,50,50,1,-1,-1,-1
37,3,346,1620,50,50,1,-1,-1,-1
37,4,465,269,50,50,1,-1,-1,-1
37,5,424,1356,50,50,1,-1,-1,-1
38,1,420,710,50,50,1,-1,-1,-1
38,2,498,1575,50,50,1,-1,-1,-1
38,3,348,1652,50,50,1,-1,-1,-1
38,4,468,227,50,50,1,-1,-1,-1
38,5,426,1314,50,50,1,-1,-1,-1
39,1,413,665,50,50,1,-1,-1,-1
39,2,493,1539,50,50,1,-1,-1,-1
39,3,365,1665,50,50,1,-1,-1,-1
39,4,470,190,50,50,1,-1,-1,-1
39,5,430,1268,50,50,1,-1,-1,-1
40,1,406,630,50,50,1,-1,-1,-1
40,2,485,1509,50,50,1,-1,-1,-1
40,3,380,1671,50,50,1,-1,-1,-1
40,4,473,164,50,50,1,-1,-1,-1
40,5,432,1237,50,50,1,-1,-1,-1
41,1,399,600,50,50,1,-1,-1,-1
41,2,477,1481,50,50,1,-1,-1,-1
41,3,403,1671,50,50,1,-1,-1,-1
41,4,473,140,50,50,1,-1,-1,-1
41,5,434,1206,50,50,1,-1,-1,-1
42,1,393,572,50,50,1,-1,-1,-1
42,2,465,1459,50,50,1,-1,-1,-1
42,3,431,1675,50,50,1,-1,-1,-1
42,4,475,121,50,50,1,-1,-1,-1
42,5,436,1182,50,50,1,-1,-1,-1
43,1,388,554,50,50,1,-1,-1,-1
43,2,458,1445,50,50,1,-1,-1,-1
43,4,477,110,50,50,1,-1,-1,-1
43,5,439,1165,50,50,1,-1,-1,-1
44,1,382,541,50,50,1,-1,-1,-1
44,2,451,1438,50,50,1,-1,-1,-1
44,4,480,102,50,50,1,-1,-1,-1
44,5,442,1154,50,50,1,-1,-1,-1
45,1,377,533,50,50,1,-1,-1,-1
45,2,442,1434,50,50,1,-1,-1,-1
45,4,481,101,50,50,1,-1,-1,-1
45,5,444,1150,50,50,1,-1,-1,-1
46,1,371,533,50,50,1,-1,-1,-1
46,2,434,1438,50,50,1,-1,-1,-1
46,4,483,105,50,50,1,-1,-1,-1
46,5,446,1151,50,50,1,-1,-1,-1
47,1,366,538,50,50,1,-1,-1,-1
47,2,427,1448,50,50,1,-1,-1,-1
47,3,444,1838,50,50,1,-1,-1,-1
47,4,487,115,50,50,1,-1,-1,-1
47,5,449,1156,50,50,1,-1,-1,-1
48,1,361,549,50,50,1,-1,-1,-1
48,2,421,1465,50,50,1,-1,-1,-1
48,3,445,1845,50,50,1,-1,-1,-1
48,4,489,131,50,50,1,-1,-1,-1
48,5,452,1169,50,50,1,-1,-1,-1
49,1,354,568,50,50,1,-1,-1,-1
49,2,411,1487,50,50,1,-1,-1,-1
49,3,451,1833,50,50,1,-1,-1,-1
49,4,493,153,50,50,1,-1,-1,-1
49,5,456,1188,50,50,1,-1,-1,-1
50,1,349,590,50,50,1,-1,-1,-1
50,2,406,1522,50,50,1,-1,-1,-1
50,3,459,1801,50,50,1,-1,-1,-1
50,4,492,182,50,50,1,-1,-1,-1
50,5,459,1210,50,50,1,-1,-1,-1
51,1,342,619,50,50,1,-1,-1,-1
51,2,399,1557,50,50,1,-1,-1,-1
51,4,497,216,50,50,1,-1,-1,-1
51,5,461,1241,50,50,1,-1,-1,-1
52,1,339,654,50,50,1,-1,-1,-1
52,2,391,1579,50,50,1,-1,-1,-1
52,3,477,1599,50,50,1,-1,-1,-1
52,4,501,253,50,50,1,-1,-1,-1
52,5,463,1275,50,50,1,-1,-1,-1
53,1,332,693,50,50,1,-1,-1,-1
53,2,378,1587,50,50,1,-1,-1,-1
53,3,461,1450,50,50,1,-1,-1,-1
53,4,503,298,50,50,1,-1,-1,-1
53,5,467,1315,50,50,1,-1,-1,-1
54,1,328,743,50,50,1,-1,-1,-1
54,2,377,1622,50,50,1,-1,-1,-1
54,3,449,1311,50,50,1,-1,-1,-1
54,4,504,349,50,50,1,-1,-1,-1
54,5,474,1364,50,50,1,-1,-1,-1
55,1,321,797,50,50,1,-1,-1,-1
55,3,441,1191,50,50,1,-1,-1,-1
55,5,477,1412,50,50,1,-1,-1,-1
56,1,316,855,50,50,1,-1,-1,-1
56,4,512,459,50,50,1,-1,-1,-1
56,5,480,1474,50,50,1,-1,-1,-1
57,1,312,925,50,50,1,-1,-1,-1
57,3,427,962,50,50,1,-1,-1,-1
57,4,515,528,50,50,1,-1,-1,-1
57,5,484,1543,50,50,1,-1,-1,-1
58,1,304,993,50,50,1,-1,-1,-1
58,3,421,872,50,50,1,-1,-1,-1
58,4,517,603,50,50,1,-1,-1,-1
58,5,481,1598,50,50,1,-1,-1,-1
59,1,302,1070,50,50,1,-1,-1,-1
59,5,481,1640,50,50,1,-1,-1,-1
60,1,294,1156,50,50,1,-1,-1,-1
60,3,412,676,50,50,1,-1,-1,-1
60,4,522,764,50,50,1,-1,-1,-1
60,5,413,1565,50,50,1,-1,-1,-1
61,1,289,1244,50,50,1,-1,-1,-1
61,3,398,603,50,50,1,-1,-1,-1
61,4,525,846,50,50,1,-1,-1,-1
61,5,411,1480,50,50,1,-1,-1,-1
62,1,286,1341,50,50,1,-1,-1,-1
62,4,526,940,50,50,1,-1,-1,-1
62,5,418,1395,50,50,1,-1,-1,-1
63,1,279,1448,50,50,1,-1,-1,-1
63,3,379,452,50,50,1,-1,-1,-1
63,4,533,1032,50,50,1,-1,-1,-1
63,5,422,1323,50,50,1,-1,-1,-1
64,1,457,1599,50,50,1,-1,-1,-1
64,3,375,390,50,50,1,-1,-1,-1
64,4,535,1147,50,50,1,-1,-1,-1
64,5,425,1260,50,50,1,-1,-1,-1
65,1,448,1536,50,50,1,-1,-1,-1
65,2,282,1625,50,50,1,-1,-1,-1
65,3,370,330,50,50,1,-1,-1,-1
65,4,539,1255,50,50,1,-1,-1,-1
65,5,425,1203,50,50,1,-1,-1,-1
66,1,443,1476,50,50,1,-1,-1,-1
66,2,299,1645,50,50,1,-1,-1,-1
66,3,359,279,50,50,1,-1,-1,-1
66,5,428,1147,50,50,1,-1,-1,-1
67,1,433,1420,50,50,1,-1,-1,-1
67,3,354,234,50,50,1,-1,-1,-1
67,4,555,1494,50,50,1,-1,-1,-1
67,5,430,1105,50,50,1,-1,-1,-1
68,1,426,1371,50,50,1,-1,-1,-1
68,3,348,194,50,50,1,-1,-1,-1
68,4,334,1687,50,50,1,-1,-1,-1
68,5,432,1064,50,50,1,-1,-1,-1
69,1,421,1330,50,50,1,-1,-1,-1
69,3,340,159,50,50,1,-1,-1,-1
69,4,348,1694,50,50,1,-1,-1,-1
69,5,436,1029,50,50,1,-1,-1,-1
70,1,415,1295,50,50,1,-1,-1,-1
70,3,334,130,50,50,1,-1,-1,-1
70,4,361,1684,50,50,1,-1,-1,-1
70,5,439,1001,50,50,1,-1,-1,-1
71,1,408,1268,50,50,1,-1,-1,-1
71,3,328,108,50,50,1,-1,-1,-1
71,4,376,1669,50,50,1,-1,-1,-1
71,5,442,977,50,50,1,-1,-1,-1
72,1,403,1244,50,50,1,-1,-1,-1
72,2,450,1678,50,50,1,-1,-1,-1
72,3,321,92,50,50,1,-1,-1,-1
72,4,393,1653,50,50,1,-1,-1,-1
72,5,445,960,50,50,1,-1,-1,-1
73,1,397,1227,50,50,1,-1,-1,-1
73,3,315,81,50,50,1,-1,-1,-1
73,4,407,1644,50,50,1,-1,-1,-1
73,5,447,951,50,50,1,-1,-1,-1
74,1,391,1215,50,50,1,-1,-1,-1
74,3,309,78,50,50,1,-1,-1,-1
74,4,417,1637,50,50,1,-1,-1,-1
74,5,451,947,50,50,1,-1,-1,-1
75,1,385,1209,50,50,1,-1,-1,-1
75,3,303,79,50,50,1,-1,-1,-1
75,4,431,1634,50,50,1,-1,-1,-1
75,5,455,949,50,50,1,-1,-1,-1
76,1,378,1208,50,50,1,-1,-1,-1
76,3,297,86,50,50,1,-1,-1,-1
76,4,439,1634,50,50,1,-1,-1,-1
76,5,458,954,50,50,1,-1,-1,-1
77,1,372,1213,50,50,1,-1,-1,-1
77,3,291,100,50,50,1,-1,-1,-1
77,5,462,967,50,50,1,-1,-1,-1
78,1,365,1224,50,50,1,-1,-1,-1
78,3,286,119,50,50,1,-1,-1,-1
78,5,468,986,50,50,1,-1,-1,-1
79,1,358,1238,50,50,1,-1,-1,-1
79,3,279,143,50,50,1,-1,-1,-1
79,5,471,1007,50,50,1,-1,-1,-1
80,1,351,1262,50,50,1,-1,-1,-1
80,3,273,174,50,50,1,-1,-1,-1
80,5,478,1040,50,50,1,-1,-1,-1
81,1,345,1290,50,50,1,-1,-1,-1
81,3,268,208,50,50,1,-1,-1,-1
81,5,481,1074,50,50,1,-1,-1,-1
82,1,335,1320,50,50,1,-1,-1,-1
82,3,263,247,50,50,1,-1,-1,-1
82,5,485,1115,50,50,1,-1,-1,-1
83,1,330,1359,50,50,1,-1,-1,-1
83,3,257,295,50,50,1,-1,-1,-1
83,4,409,1356,50,50,1,-1,-1,-1
83,5,487,1161,50,50,1,-1,-1,-1
84,1,322,1406,50,50,1,-1,-1,-1
84,3,253,346,50,50,1,-1,-1,-1
84,4,412,1222,50,50,1,-1,-1,-1
84,5,492,1215,50,50,1,-1,-1,-1
85,1,445,1562,50,50,1,-1,-1,-1
85,3,248,397,50,50,1,-1,-1,-1
85,4,409,1116,50,50,1,-1,-1,-1
85,5,497,1271,50,50,1,-1,-1,-1
86,3,239,465,50,50,1,-1,-1,-1
86,5,501,1333,50,50,1,-1,-1,-1
87,3,235,526,50,50,1,-1,-1,-1
87,4,434,1354,50,50,1,-1,-1,-1
87,5,505,1403,50,50,1,-1,-1,-1
88,1,410,801,50,50,1,-1,-1,-1
88,3,227,603,50,50,1,-1,-1,-1
88,4,433,1274,50,50,1,-1,-1,-1
88,5,511,1473,50,50,1,-1,-1,-1
89,3,223,676,50,50,1,-1,-1,-1
89,4,428,1185,50,50,1,-1,-1,-1
89,5,509,1544,50,50,1,-1,-1,-1
90,1,420,621,50,50,1,-1,-1,-1
90,3,220,755,50,50,1,-1,-1,-1
90,4,425,1105,50,50,1,-1,-1,-1
90,5,518,1585,50,50,1,-1,-1,-1
91,3,419,541,50,50,1,-1,-1,-1
91,4,421,1034,50,50,1,-1,-1,-1
92,1,208,943,50,50,1,-1,-1,-1
92,3,421,466,50,50,1,-1,-1,-1
92,4,417,964,50,50,1,-1,-1,-1
92,5,511,1644,50,50,1,-1,-1,-1
93,3,427,396,50,50,1,-1,-1,-1
93,4,409,906,50,50,1,-1,-1,-1
93,5,485,1676,50,50,1,-1,-1,-1
94,1,342,1527,50,50,1,-1,-1,-1
94,3,428,334,50,50,1,-1,-1,-1
94,4,407,853,50,50,1,-1,-1,-1
94,5,468,1680,50,50,1,-1,-1,-1
95,1,194,1258,50,50,1,-1,-1,-1
95,2,341,1464,50,50,1,-1,-1,-1
95,3,430,277,50,50,1,-1,-1,-1
95,4,403,804,50,50,1,-1,-1,-1
95,5,455,1673,50,50,1,-1,-1,-1
96,1,359,1402,50,50,1,-1,-1,-1
96,2,190,1377,50,50,1,-1,-1,-1
96,3,434,227,50,50,1,-1,-1,-1
96,4,398,762,50,50,1,-1,-1,-1
96,5,445,1634,50,50,1,-1,-1,-1
97,3,437,184,50,50,1,-1,-1,-1
97,4,396,727,50,50,1,-1,-1,-1
97,5,443,1592,50,50,1,-1,-1,-1
98,1,368,1306,50,50,1,-1,-1,-1
98,2,177,1562,50,50,1,-1,-1,-1
98,3,439,144,50,50,1,-1,-1,-1
98,4,390,696,50,50,1,-1,-1,-1
98,5,435,1554,50,50,1,-1,-1,-1
99,1,372,1266,50,50,1,-1,-1,-1
99,2,198,1583,50,50,1,-1,-1,-1
99,3,440,111,50,50,1,-1,-1,-1
99,4,388,672,50,50,1,-1,-1,-1
99,5,429,1519,50,50,1,-1,-1,-1
100,1,379,1234,50,50,1,-1,-1,-1
100,2,230,1605,50,50,1,-1,-1,-1
100,3,442,84,50,50,1,-1,-1,-1
100,4,385,653,50,50,1,-1,-1,-1
100,5,422,1491,50,50,1,-1,-1,-1
101,1,382,1204,50,50,1,-1,-1,-1
101,3,446,61,50,50,1,-1,-1,-1
101,4,382,641,50,50,1,-1,-1,-1
101,5,418,1467,50,50,1,-1,-1,-1
102,1,386,1181,50,50,1,-1,-1,-1
102,2,327,1650,50,50,1,-1,-1,-1
102,3,448,45,50,50,1,-1,-1,-1
102,4,379,634,50,50,1,-1,-1,-1
102,5,411,1451,50,50,1,-1,-1,-1
103,1,392,1164,50,50,1,-1,-1,-1
103,3,451,35,50,50,1,-1,-1,-1
103,4,375,634,50,50,1,-1,-1,-1
103,5,406,1441,50,50,1,-1,-1,-1
104,1,399,1154,50,50,1,-1,-1,-1
104,3,453,29,50,50,1,-1,-1,-1
104,4,372,639,50,50,1,-1,-1,-1
104,5,400,1435,50,50,1,-1,-1,-1
105,1,404,1149,50,50,1,-1,-1,-1
105,3,456,30,50,50,1,-1,-1,-1
105,4,368,647,50,50,1,-1,-1,-1
105,5,395,1437,50,50,1,-1,-1,-1
106,1,409,1149,50,50,1,-1,-1,-1
106,3,460,36,50,50,1,-1,-1,-1
106,4,364,662,50,50,1,-1,-1,-1
106,5,391,1442,50,50,1,-1,-1,-1
107,1,415,1154,50,50,1,-1,-1,-1
107,3,464,49,50,50,1,-1,-1,-1
107,4,363,686,50,50,1,-1,-1,-1
107,5,387,1455,50,50,1,-1,-1,-1
108,1,420,1165,50,50,1,-1,-1,-1
108,3,467,66,50,50,1,-1,-1,-1
108,4,360,715,50,50,1,-1,-1,-1
108,5,382,1473,50,50,1,-1,-1,-1
109,1,426,1180,50,50,1,-1,-1,-1
109,3,469,89,50,50,1,-1,-1,-1
109,4,357,746,50,50,1,-1,-1,-1
109,5,379,1494,50,50,1,-1,-1,-1
110,1,433,1203,50,50,1,-1,-1,-1
110,3,475,119,50,50,1,-1,-1,-1
110,4,352,784,50,50,1,-1,-1,-1
110,5,375,1529,50,50,1,-1,-1,-1
111,1,439,1231,50,50,1,-1,-1,-1
111,3,478,153,50,50,1,-1,-1,-1
111,4,351,826,50,50,1,-1,-1,-1
111,5,368,1555,50,50,1,-1,-1,-1
112,1,445,1262,50,50,1,-1,-1,-1
112,2,444,1507,50,50,1,-1,-1,-1
112,3,482,189,50,50,1,-1,-1,-1
112,4,349,876,50,50,1,-1,-1,-1
112,5,360,1562,50,50,1,-1,-1,-1
113,1,450,1305,50,50,1,-1,-1,-1
113,3,484,235,50,50,1,-1,-1,-1
113,4,345,935,50,50,1,-1,-1,-1
113,5,432,1343,50,50,1,-1,-1,-1
114,1,460,1348,50,50,1,-1,-1,-1
114,3,486,287,50,50,1,-1,-1,-1
114,4,342,997,50,50,1,-1,-1,-1
114,5,427,1233,50,50,1,-1,-1,-1
115,1,465,1396,50,50,1,-1,-1,-1
115,3,490,339,50,50,1,-1,-1,-1
115,4,339,1063,50,50,1,-1,-1,-1
116,1,472,1458,50,50,1,-1,-1,-1
116,3,495,401,50,50,1,-1,-1,-1
116,4,336,1141,50,50,1,-1,-1,-1
116,5,421,995,50,50,1,-1,-1,-1
117,1,479,1514,50,50,1,-1,-1,-1
117,3,495,469,50,50,1,-1,-1,-1
117,4,332,1218,50,50,1,-1,-1,-1
118,1,486,1561,50,50,1,-1,-1,-1
118,3,501,532,50,50,1,-1,-1,-1
118,4,332,1310,50,50,1,-1,-1,-1
119,3,507,612,50,50,1,-1,-1,-1
119,4,323,1404,50,50,1,-1,-1,-1
120,1,480,1650,50,50,1,-1,-1,-1
120,3,503,699,50,50,1,-1,-1,-1
120,4,408,1424,50,50,1,-1,-1,-1
120,5,405,612,50,50,1,-1,-1,-1
121,1,475,1660,50,50,1,-1,-1,-1
121,4,416,1344,50,50,1,-1,-1,-1
122,1,476,1653,50,50,1,-1,-1,-1
122,2,314,1649,50,50,1,-1,-1,-1
122,3,515,883,50,50,1,-1,-1,-1
122,4,418,1263,50,50,1,-1,-1,-1
122,5,391,451,50,50,1,-1,-1,-1
123,1,478,1615,50,50,1,-1,-1,-1
123,2,315,1681,50,50,1,-1,-1,-1
123,3,526,979,50,50,1,-1,-1,-1
123,4,421,1200,50,50,1,-1,-1,-1
123,5,389,383,50,50,1,-1,-1,-1
124,1,468,1554,50,50,1,-1,-1,-1
124,3,328,1697,50,50,1,-1,-1,-1
124,4,424,1137,50,50,1,-1,-1,-1
124,5,387,320,50,50,1,-1,-1,-1
125,1,463,1486,50,50,1,-1,-1,-1
125,3,532,1196,50,50,1,-1,-1,-1
125,4,427,1080,50,50,1,-1,-1,-1
125,5,381,261,50,50,1,-1,-1,-1
126,1,455,1433,50,50,1,-1,-1,-1
126,4,430,1030,50,50,1,-1,-1,-1
126,5,378,209,50,50,1,-1,-1,-1
127,1,449,1384,50,50,1,-1,-1,-1
127,2,380,1700,50,50,1,-1,-1,-1
127,3,539,1434,50,50,1,-1,-1,-1
127,4,435,986,50,50,1,-1,-1,-1
127,5,374,164,50,50,1,-1,-1,-1
128,1,444,1336,50,50,1,-1,-1,-1
128,2,392,1674,50,50,1,-1,-1,-1
128,3,535,1545,50,50,1,-1,-1,-1
128,4,440,946,50,50,1,-1,-1,-1
128,5,369,122,50,50,1,-1,-1,-1
129,1,438,1302,50,50,1,-1,-1,-1
129,2,534,1556,50,50,1,-1,-1,-1
129,3,402,1645,50,50,1,-1,-1,-1
129,4,445,915,50,50,1,-1,-1,-1
129,5,367,88,50,50,1,-1,-1,-1
130,1,434,1272,50,50,1,-1,-1,-1
130,2,416,1619,50,50,1,-1,-1,-1
130,3,529,1581,50,50,1,-1,-1,-1
130,4,449,890,50,50,1,-1,-1,-1
130,5,364,59,50,50,1,-1,-1,-1
131,1,429,1245,50,50,1,-1,-1,-1
131,2,427,1603,50,50,1,-1,-1,-1
131,3,498,1607,50,50,1,-1,-1,-1
131,4,456,867,50,50,1,-1,-1,-1
131,5,359,35,50,50,1,-1,-1,-1
132,1,424,1226,50,50,1,-1,-1,-1
132,3,439,1590,50,50,1,-1,-1,-1
132,4,459,853,50,50,1,-1,-1,-1
132,5,354,17,50,50,1,-1,-1,-1
133,1,420,1211,50,50,1,-1,-1,-1
133,3,451,1583,50,50,1,-1,-1,-1
133,4,462,845,50,50,1,-1,-1,-1
133,5,351,3,50,50,1,-1,-1,-1
134,1,415,1201,50,50,1,-1,-1,-1
134,3,464,1581,50,50,1,-1,-1,-1
134,4,468,843,50,50,1,-1,-1,-1
134,5,347,-3,50,50,1,-1,-1,-1
135,1,411,1199,50,50,1,-1,-1,-1
135,3,466,1588,50,50,1,-1,-1,-1
135,4,473,844,50,50,1,-1,-1,-1
135,5,344,-5,50,50,1,-1,-1,-1
136,1,408,1201,50,50,1,-1,-1,-1
136,3,464,1596,50,50,1,-1,-1,-1
136,4,477,851,50,50,1,-1,-1,-1
136,5,340,-1,50,50,1,-1,-1,-1
137,1,403,1210,50,50,1,-1,-1,-1
137,4,483,865,50,50,1,-1,-1,-1
137,5,337,9,50,50,1,-1,-1,-1
138,1,398,1223,50,50,1,-1,-1,-1
138,3,426,1793,50,50,1,-1,-1,-1
138,4,486,882,50,50,1,-1,-1,-1
138,5,334,25,50,50,1,-1,-1,-1
139,1,394,1242,50,50,1,-1,-1,-1
139,3,430,1779,50,50,1,-1,-1,-1
139,4,491,906,50,50,1,-1,-1,-1
139,5,331,44,50,50,1,-1,-1,-1
140,1,390,1272,50,50,1,-1,-1,-1
140,4,496,937,50,50,1,-1,-1,-1
140,5,328,73,50,50,1,-1,-1,-1
141,1,387,1302,50,50,1,-1,-1,-1
141,3,453,1607,50,50,1,-1,-1,-1
141,4,501,973,50,50,1,-1,-1,-1
141,5,324,104,50,50,1,-1,-1,-1
142,3,474,1731,50,50,1,-1,-1,-1
142,4,503,1011,50,50,1,-1,-1,-1
142,5,320,142,50,50,1,-1,-1,-1
143,1,455,1336,50,50,1,-1,-1,-1
143,3,478,1726,50,50,1,-1,-1,-1
143,4,508,1058,50,50,1,-1,-1,-1
143,5,317,184,50,50,1,-1,-1,-1
144,1,456,1228,50,50,1,-1,-1,-1
144,4,514,1107,50,50,1,-1,-1,-1
144,5,314,230,50,50,1,-1,-1,-1
145,1,457,1114,50,50,1,-1,-1,-1
145,3,367,1475,50,50,1,-1,-1,-1
145,4,518,1166,50,50,1,-1,-1,-1
145,5,313,285,50,50,1,-1,-1,-1
146,1,455,994,50,50,1,-1,-1,-1
146,2,483,1510,50,50,1,-1,-1,-1
146,3,368,1508,50,50,1,-1,-1,-1
146,4,526,1229,50,50,1,-1,-1,-1
146,5,309,345,50,50,1,-1,-1,-1
147,1,460,901,50,50,1,-1,-1,-1
147,3,476,1401,50,50,1,-1,-1,-1
147,4,530,1290,50,50,1,-1,-1,-1
147,5,306,405,50,50,1,-1,-1,-1
148,1,459,797,50,50,1,-1,-1,-1
148,3,472,1308,50,50,1,-1,-1,-1
148,4,535,1369,50,50,1,-1,-1,-1
149,1,469,704,50,50,1,-1,-1,-1
149,3,465,1214,50,50,1,-1,-1,-1
149,4,542,1453,50,50,1,-1,-1,-1
149,5,304,553,50,50,1,-1,-1,-1
150,1,464,631,50,50,1,-1,-1,-1
150,3,459,1132,50,50,1,-1,-1,-1
151,3,451,1058,50,50,1,-1,-1,-1
151,4,383,1703,50,50,1,-1,-1,-1
151,5,295,718,50,50,1,-1,-1,-1
152,1,469,479,50,50,1,-1,-1,-1
152,3,446,980,50,50,1,-1,-1,-1
152,4,385,1681,50,50,1,-1,-1,-1
152,5,298,802,50,50,1,-1,-1,-1
153,1,474,419,50,50,1,-1,-1,-1
153,3,441,921,50,50,1,-1,-1,-1
153,4,388,1632,50,50,1,-1,-1,-1
153,5,289,898,50,50,1,-1,-1,-1
154,1,476,359,50,50,1,-1,-1,-1
154,3,432,855,50,50,1,-1,-1,-1
154,4,395,1556,50,50,1,-1,-1,-1
154,5,288,1008,50,50,1,-1,-1,-1
155,1,477,308,50,50,1,-1,-1,-1
155,3,424,804,50,50,1,-1,-1,-1
155,4,400,1489,50,50,1,-1,-1,-1
155,5,286,1113,50,50,1,-1,-1,-1
156,1,478,263,50,50,1,-1,-1,-1
156,3,419,756,50,50,1,-1,-1,-1
156,4,397,1425,50,50,1,-1,-1,-1
156,5,287,1209,50,50,1,-1,-1,-1
157,1,482,220,50,50,1,-1,-1,-1
157,3,412,714,50,50,1,-1,-1,-1
157,4,403,1372,50,50,1,-1,-1,-1
157,5,470,1584,50,50,1,-1,-1,-1
158,1,483,186,50,50,1,-1,-1,-1
158,3,405,678,50,50,1,-1,-1,-1
158,4,404,1324,50,50,1,-1,-1,-1
158,5,467,1545,50,50,1,-1,-1,-1
159,1,484,156,50,50,1,-1,-1,-1
159,3,400,648,50,50,1,-1,-1,-1
159,4,406,1280,50,50,1,-1,-1,-1
159,5,462,1508,50,50,1,-1,-1,-1
160,1,486,131,50,50,1,-1,-1,-1
160,2,311,1559,50,50,1,-1,-1,-1
160,3,393,623,50,50,1,-1,-1,-1
160,4,408,1243,50,50,1,-1,-1,-1
160,5,450,1484,50,50,1,-1,-1,-1
161,1,489,114,50,50,1,-1,-1,-1
161,3,387,604,50,50,1,-1,-1,-1
161,4,410,1212,50,50,1,-1,-1,-1
161,5,444,1460,50,50,1,-1,-1,-1
162,1,491,102,50,50,1,-1,-1,-1
162,2,370,1614,50,50,1,-1,-1,-1
162,3,382,593,50,50,1,-1,-1,-1
162,4,413,1189,50,50,1,-1,-1,-1
162,5,436,1443,50,50,1,-1,-1,-1
163,1,494,94,50,50,1,-1,-1,-1
163,3,375,585,50,50,1,-1,-1,-1
163,4,413,1168,50,50,1,-1,-1,-1
163,5,430,1432,50,50,1,-1,-1,-1
164,1,499,92,50,50,1,-1,-1,-1
164,3,371,583,50,50,1,-1,-1,-1
164,4,417,1154,50,50,1,-1,-1,-1
164,5,421,1427,50,50,1,-1,-1,-1
165,1,502,96,50,50,1,-1,-1,-1
165,3,365,587,50,50,1,-1,-1,-1
165,4,419,1146,50,50,1,-1,-1,-1
165,5,415,1427,50,50,1,-1,-1,-1
166,1,505,106,50,50,1,-1,-1,-1
166,3,358,599,50,50,1,-1,-1,-1
166,4,421,1144,50,50,1,-1,-1,-1
166,5,409,1435,50,50,1,-1,-1,-1
167,1,508,122,50,50,1,-1,-1,-1
167,3,351,614,50,50,1,-1,-1,-1
167,4,423,1147,50,50,1,-1,-1,-1
167,5,402,1448,50,50,1,-1,-1,-1
168,1,512,141,50,50,1,-1,-1,-1
168,3,349,636,50,50,1,-1,-1,-1
168,4,425,1156,50,50,1,-1,-1,-1
168,5,393,1467,50,50,1,-1,-1,-1
169,1,513,168,50,50,1,-1,-1,-1
169,3,342,661,50,50,1,-1,-1,-1
169,4,429,1170,50,50,1,-1,-1,-1
169,5,389,1492,50,50,1,-1,-1,-1
170,1,518,198,50,50,1,-1,-1,-1
170,3,336,696,50,50,1,-1,-1,-1
170,4,432,1188,50,50,1,-1,-1,-1
170,5,382,1522,50,50,1,-1,-1,-1
171,1,521,233,50,50,1,-1,-1,-1
171,3,332,732,50,50,1,-1,-1,-1
171,4,435,1213,50,50,1,-1,-1,-1
171,5,375,1553,50,50,1,-1,-1,-1
172,1,522,277,50,50,1,-1,-1,-1
172,2,439,1518,50,50,1,-1,-1,-1
172,3,326,778,50,50,1,-1,-1,-1
172,4,436,1245,50,50,1,-1,-1,-1
172,5,371,1577,50,50,1,-1,-1,-1
173,1,526,323,50,50,1,-1,-1,-1
173,3,322,827,50,50,1,-1,-1,-1
173,4,441,1281,50,50,1,-1,-1,-1
173,5,429,1369,50,50,1,-1,-1,-1
174,1,527,376,50,50,1,-1,-1,-1
174,3,316,882,50,50,1,-1,-1,-1
174,4,441,1322,50,50,1,-1,-1,-1
174,5,425,1259,50,50,1,-1,-1,-1
175,1,531,431,50,50,1,-1,-1,-1
175,3,312,948,50,50,1,-1,-1,-1
175,4,445,1372,50,50,1,-1,-1,-1
176,1,532,502,50,50,1,-1,-1,-1
176,3,304,1007,50,50,1,-1,-1,-1
176,4,450,1427,50,50,1,-1,-1,-1
176,5,415,1035,50,50,1,-1,-1,-1
177,1,540,565,50,50,1,-1,-1,-1
177,2,385,1700,50,50,1,-1,-1,-1
177,3,302,1080,50,50,1,-1,-1,-1
177,4,456,1483,50,50,1,-1,-1,-1
177,5,413,943,50,50,1,-1,-1,-1
178,1,539,641,50,50,1,-1,-1,-1
178,2,392,1671,50,50,1,-1,-1,-1
178,3,295,1163,50,50,1,-1,-1,-1
178,4,460,1552,50,50,1,-1,-1,-1
178,5,410,835,50,50,1,-1,-1,-1
179,1,554,709,50,50,1,-1,-1,-1
179,3,290,1242,50,50,1,-1,-1,-1
179,5,403,758,50,50,1,-1,-1,-1
180,1,550,798,50,50,1,-1,-1,-1
180,2,395,1512,50,50,1,-1,-1,-1
180,3,285,1336,50,50,1,-1,-1,-1
180,4,470,1654,50,50,1,-1,-1,-1
180,5,399,679,50,50,1,-1,-1,-1
181,1,553,894,50,50,1,-1,-1,-1
181,2,405,1420,50,50,1,-1,-1,-1
181,3,278,1436,50,50,1,-1,-1,-1
181,4,468,1667,50,50,1,-1,-1,-1
181,5,390,604,50,50,1,-1,-1,-1
182,1,557,988,50,50,1,-1,-1,-1
182,3,274,1547,50,50,1,-1,-1,-1
182,4,404,1345,50,50,1,-1,-1,-1
182,5,389,537,50,50,1,-1,-1,-1
183,1,564,1093,50,50,1,-1,-1,-1
183,3,263,1608,50,50,1,-1,-1,-1
183,4,405,1280,50,50,1,-1,-1,-1
183,5,380,480,50,50,1,-1,-1,-1
184,1,563,1193,50,50,1,-1,-1,-1
184,2,449,1527,50,50,1,-1,-1,-1
184,3,268,1640,50,50,1,-1,-1,-1
184,4,408,1213,50,50,1,-1,-1,-1
184,5,379,420,50,50,1,-1,-1,-1
185,1,569,1307,50,50,1,-1,-1,-1
185,2,446,1468,50,50,1,-1,-1,-1
185,3,292,1657,50,50,1,-1,-1,-1
185,4,408,1159,50,50,1,-1,-1,-1
185,5,374,373,50,50,1,-1,-1,-1
186,1,573,1423,50,50,1,-1,-1,-1
186,2,440,1418,50,50,1,-1,-1,-1
186,3,317,1672,50,50,1,-1,-1,-1
186,4,407,1110,50,50,1,-1,-1,-1
186,5,370,330,50,50,1,-1,-1,-1
187,1,575,1549,50,50,1,-1,-1,-1
187,2,435,1374,50,50,1,-1,-1,-1
187,3,341,1682,50,50,1,-1,-1,-1
187,4,408,1063,50,50,1,-1,-1,-1
187,5,364,290,50,50,1,-1,-1,-1
188,1,572,1599,50,50,1,-1,-1,-1
188,2,431,1339,50,50,1,-1,-1,-1
188,3,360,1685,50,50,1,-1,-1,-1
188,4,411,1026,50,50,1,-1,-1,-1
188,5,361,259,50,50,1,-1,-1,-1
189,1,427,1307,50,50,1,-1,-1,-1
189,3,375,1666,50,50,1,-1,-1,-1
189,4,412,994,50,50,1,-1,-1,-1
189,5,356,232,50,50,1,-1,-1,-1
190,1,422,1284,50,50,1,-1,-1,-1
190,3,392,1642,50,50,1,-1,-1,-1
190,4,414,966,50,50,1,-1,-1,-1
190,5,352,211,50,50,1,-1,-1,-1
191,1,419,1264,50,50,1,-1,-1,-1
191,2,470,1651,50,50,1,-1,-1,-1
191,3,407,1625,50,50,1,-1,-1,-1
191,4,416,946,50,50,1,-1,-1,-1
191,5,348,197,50,50,1,-1,-1,-1
192,1,415,1247,50,50,1,-1,-1,-1
192,3,422,1611,50,50,1,-1,-1,-1
192,4,416,931,50,50,1,-1,-1,-1
192,5,344,187,50,50,1,-1,-1,-1
193,1,410,1238,50,50,1,-1,-1,-1
193,3,434,1604,50,50,1,-1,-1,-1
193,4,418,919,50,50,1,-1,-1,-1
193,5,340,183,50,50,1,-1,-1,-1
194,1,406,1235,50,50,1,-1,-1,-1
194,3,445,1600,50,50,1,-1,-1,-1
194,4,420,916,50,50,1,-1,-1,-1
194,5,337,183,50,50,1,-1,-1,-1
195,1,403,1237,50,50,1,-1,-1,-1
195,3,450,1589,50,50,1,-1,-1,-1
195,4,422,917,50,50,1,-1,-1,-1
195,5,333,189,50,50,1,-1,-1,-1
196,1,398,1246,50,50,1,-1,-1,-1
196,3,449,1588,50,50,1,-1,-1,-1
196,4,424,924,50,50,1,-1,-1,-1
196,5,330,202,50,50,1,-1,-1,-1
197,1,395,1257,50,50,1,-1,-1,-1
197,3,453,1608,50,50,1,-1,-1,-1
197,4,425,937,50,50,1,-1,-1,-1
197,5,326,220,50,50,1,-1,-1,-1
198,1,390,1277,50,50,1,-1,-1,-1
198,3,454,1635,50,50,1,-1,-1,-1
198,4,427,956,50,50,1,-1,-1,-1
198,5,322,243,50,50,1,-1,-1,-1
199,1,385,1304,50,50,1,-1,-1,-1
199,4,431,979,50,50,1,-1,-1,-1
199,5,318,272,50,50,1,-1,-1,-1
200,1,378,1327,50,50,1,-1,-1,-1
200,4,434,1010,50,50,1,-1,-1,-1
200,5,314,300,50,50,1,-1,-1,-1
201,4,437,1044,50,50,1,-1,-1,-1
201,5,311,338,50,50,1,-1,-1,-1
202,1,371,1408,50,50,1,-1,-1,-1
202,3,405,1361,50,50,1,-1,-1,-1
202,4,437,1086,50,50,1,-1,-1,-1
202,5,306,383,50,50,1,-1,-1,-1
203,1,369,1449,50,50,1,-1,-1,-1
203,3,401,1247,50,50,1,-1,-1,-1
203,4,442,1128,50,50,1,-1,-1,-1
203,5,304,430,50,50,1,-1,-1,-1
204,3,402,1135,50,50,1,-1,-1,-1
204,4,445,1177,50,50,1,-1,-1,-1
204,5,301,484,50,50,1,-1,-1,-1
205,3,398,1025,50,50,1,-1,-1,-1
205,4,446,1240,50,50,1,-1,-1,-1
205,5,296,542,50,50,1,-1,-1,-1
206,1,407,1401,50,50,1,-1,-1,-1
206,3,399,928,50,50,1,-1,-1,-1
206,4,450,1301,50,50,1,-1,-1,-1
206,5,297,604,50,50,1,-1,-1,-1
207,1,400,1318,50,50,1,-1,-1,-1
207,3,400,827,50,50,1,-1,-1,-1
207,4,452,1370,50,50,1,-1,-1,-1
207,5,289,669,50,50,1,-1,-1,-1
208,1,393,1238,50,50,1,-1,-1,-1
208,4,456,1449,50,50,1,-1,-1,-1
208,5,288,746,50,50,1,-1,-1,-1
209,1,389,1168,50,50,1,-1,-1,-1
209,3,404,670,50,50,1,-1,-1,-1
209,4,461,1524,50,50,1,-1,-1,-1
209,5,283,813,50,50,1,-1,-1,-1
210,1,381,1104,50,50,1,-1,-1,-1
210,4,345,1658,50,50,1,-1,-1,-1
211,1,374,1042,50,50,1,-1,-1,-1
211,3,403,525,50,50,1,-1,-1,-1
211,4,348,1605,50,50,1,-1,-1,-1
211,5,278,992,50,50,1,-1,-1,-1
212,1,370,987,50,50,1,-1,-1,-1
212,3,405,465,50,50,1,-1,-1,-1
212,4,359,1544,50,50,1,-1,-1,-1
212,5,279,1082,50,50,1,-1,-1,-1
213,1,363,940,50,50,1,-1,-1,-1
213,3,407,406,50,50,1,-1,-1,-1
213,4,362,1478,50,50,1,-1,-1,-1
214,1,356,899,50,50,1,-1,-1,-1
214,3,408,352,50,50,1,-1,-1,-1
214,4,369,1417,50,50,1,-1,-1,-1
214,5,275,1294,50,50,1,-1,-1,-1
215,1,350,860,50,50,1,-1,-1,-1
215,3,408,308,50,50,1,-1,-1,-1
215,4,376,1372,50,50,1,-1,-1,-1
216,1,344,828,50,50,1,-1,-1,-1
216,3,409,270,50,50,1,-1,-1,-1
216,4,374,1328,50,50,1,-1,-1,-1
217,1,335,803,50,50,1,-1,-1,-1
217,3,409,235,50,50,1,-1,-1,-1
217,4,380,1294,50,50,1,-1,-1,-1
217,5,397,1535,50,50,1,-1,-1,-1
218,1,329,785,50,50,1,-1,-1,-1
218,3,409,210,50,50,1,-1,-1,-1
218,4,382,1262,50,50,1,-1,-1,-1
218,5,389,1512,50,50,1,-1,-1,-1
219,1,322,770,50,50,1,-1,-1,-1
219,3,411,186,50,50,1,-1,-1,-1
219,4,386,1238,50,50,1,-1,-1,-1
219,5,381,1492,50,50,1,-1,-1,-1
220,1,316,762,50,50,1,-1,-1,-1
220,2,351,1592,50,50,1,-1,-1,-1
220,3,411,169,50,50,1,-1,-1,-1
220,4,388,1218,50,50,1,-1,-1,-1
220,5,372,1477,50,50,1,-1,-1,-1
221,1,309,759,50,50,1,-1,-1,-1
221,3,411,158,50,50,1,-1,-1,-1
221,4,391,1204,50,50,1,-1,-1,-1
221,5,365,1467,50,50,1,-1,-1,-1
222,1,303,763,50,50,1,-1,-1,-1
222,3,413,151,50,50,1,-1,-1,-1
222,4,395,1194,50,50,1,-1,-1,-1
222,5,358,1464,50,50,1,-1,-1,-1
223,1,297,770,50,50,1,-1,-1,-1
223,3,413,151,50,50,1,-1,-1,-1
223,4,399,1190,50,50,1,-1,-1,-1
223,5,351,1466,50,50,1,-1,-1,-1
224,1,290,785,50,50,1,-1,-1,-1
224,3,415,154,50,50,1,-1,-1,-1
224,4,403,1193,50,50,1,-1,-1,-1
224,5,345,1474,50,50,1,-1,-1,-1
225,1,282,806,50,50,1,-1,-1,-1
225,3,417,165,50,50,1,-1,-1,-1
225,4,408,1200,50,50,1,-1,-1,-1
225,5,338,1489,50,50,1,-1,-1,-1
226,1,276,830,50,50,1,-1,-1,-1
226,3,419,180,50,50,1,-1,-1,-1
226,4,412,1213,50,50,1,-1,-1,-1
226,5,331,1509,50,50,1,-1,-1,-1
227,1,272,862,50,50,1,-1,-1,-1
227,2,406,1694,50,50,1,-1,-1,-1
227,3,420,199,50,50,1,-1,-1,-1
227,4,417,1231,50,50,1,-1,-1,-1
227,5,324,1533,50,50,1,-1,-1,-1
228,1,265,901,50,50,1,-1,-1,-1
228,3,424,224,50,50,1,-1,-1,-1
228,4,420,1253,50,50,1,-1,-1,-1
229,1,259,940,50,50,1,-1,-1,-1
229,3,425,257,50,50,1,-1,-1,-1
229,4,425,1283,50,50,1,-1,-1,-1
229,5,298,1569,50,50,1,-1,-1,-1
230,1,254,991,50,50,1,-1,-1,-1
230,3,426,293,50,50,1,-1,-1,-1
230,4,430,1316,50,50,1,-1,-1,-1
230,5,396,1525,50,50,1,-1,-1,-1
231,1,247,1052,50,50,1,-1,-1,-1
231,3,427,337,50,50,1,-1,-1,-1
231,4,436,1356,50,50,1,-1,-1,-1
231,5,385,1454,50,50,1,-1,-1,-1
232,1,241,1109,50,50,1,-1,-1,-1
232,3,430,383,50,50,1,-1,-1,-1
232,4,439,1405,50,50,1,-1,-1,-1
232,5,375,1384,50,50,1,-1,-1,-1
233,1,236,1172,50,50,1,-1,-1,-1
233,2,314,1678,50,50,1,-1,-1,-1
233,3,432,430,50,50,1,-1,-1,-1
233,4,444,1455,50,50,1,-1,-1,-1
233,5,370,1330,50,50,1,-1,-1,-1
234,1,228,1254,50,50,1,-1,-1,-1
234,2,327,1641,50,50,1,-1,-1,-1
234,3,434,497,50,50,1,-1,-1,-1
234,4,440,1514,50,50,1,-1,-1,-1
234,5,366,1275,50,50,1,-1,-1,-1
235,1,225,1330,50,50,1,-1,-1,-1
235,3,435,561,50,50,1,-1,-1,-1
235,4,332,1568,50,50,1,-1,-1,-1
235,5,358,1231,50,50,1,-1,-1,-1
236,1,215,1409,50,50,1,-1,-1,-1
236,3,436,622,50,50,1,-1,-1,-1
236,4,334,1511,50,50,1,-1,-1,-1
236,5,351,1190,50,50,1,-1,-1,-1
237,1,212,1513,50,50,1,-1,-1,-1
237,4,348,1437,50,50,1,-1,-1,-1
237,5,345,1154,50,50,1,-1,-1,-1
238,1,207,1619,50,50,1,-1,-1,-1
238,3,440,773,50,50,1,-1,-1,-1
238,4,353,1384,50,50,1,-1,-1,-1
238,5,338,1125,50,50,1,-1,-1,-1
239,1,415,1683,50,50,1,-1,-1,-1
239,3,441,855,50,50,1,-1,-1,-1
239,4,361,1336,50,50,1,-1,-1,-1
239,5,332,1100,50,50,1,-1,-1,-1
240,4,366,1295,50,50,1,-1,-1,-1
240,5,325,1084,50,50,1,-1,-1,-1
241,3,448,1041,50,50,1,-1,-1,-1
241,4,373,1257,50,50,1,-1,-1,-1
241,5,318,1071,50,50,1,-1,-1,-1
242,3,402,1555,50,50,1,-1,-1,-1
242,4,379,1224,50,50,1,-1,-1,-1
242,5,312,1064,50,50,1,-1,-1,-1
243,1,448,1247,50,50,1,-1,-1,-1
243,3,399,1496,50,50,1,-1,-1,-1
243,4,387,1198,50,50,1,-1,-1,-1
243,5,306,1063,50,50,1,-1,-1,-1
244,1,388,1432,50,50,1,-1,-1,-1
244,3,451,1356,50,50,1,-1,-1,-1
244,4,392,1178,50,50,1,-1,-1,-1
244,5,299,1068,50,50,1,-1,-1,-1
245,3,381,1380,50,50,1,-1,-1,-1
245,4,399,1163,50,50,1,-1,-1,-1
245,5,292,1078,50,50,1,-1,-1,-1
246,3,375,1332,50,50,1,-1,-1,-1
246,4,406,1152,50,50,1,-1,-1,-1
246,5,285,1095,50,50,1,-1,-1,-1
247,3,369,1293,50,50,1,-1,-1,-1
247,4,412,1147,50,50,1,-1,-1,-1
247,5,278,1116,50,50,1,-1,-1,-1
248,3,362,1258,50,50,1,-1,-1,-1
248,4,419,1148,50,50,1,-1,-1,-1
248,5,273,1143,50,50,1,-1,-1,-1
