1,1,615,1148,50,50,1,-1,-1,-1
1,2,469,1079,50,50,1,-1,-1,-1
1,3,608,1124,50,50,1,-1,-1,-1
2,1,613,1150,50,50,1,-1,-1,-1
2,2,465,1072,50,50,1,-1,-1,-1
2,3,608,1126,50,50,1,-1,-1,-1
3,1,609,1155,50,50,1,-1,-1,-1
3,2,464,1066,50,50,1,-1,-1,-1
3,3,602,1130,50,50,1,-1,-1,-1
4,1,604,1159,50,50,1,-1,-1,-1
4,2,464,1066,50,50,1,-1,-1,-1
4,3,597,1134,50,50,1,-1,-1,-1
5,1,603,1166,50,50,1,-1,-1,-1
5,2,465,1068,50,50,1,-1,-1,-1
5,3,595,1139,50,50,1,-1,-1,-1
6,1,600,1172,50,50,1,-1,-1,-1
6,2,466,1069,50,50,1,-1,-1,-1
6,3,593,1144,50,50,1,-1,-1,-1
7,1,597,1178,50,50,1,-1,-1,-1
7,2,467,1073,50,50,1,-1,-1,-1
7,3,591,1148,50,50,1,-1,-1,-1
8,1,590,1178,50,50,1,-1,-1,-1
8,2,468,1078,50,50,1,-1,-1,-1
8,3,588,1142,50,50,1,-1,-1,-1
9,1,582,1164,50,50,1,-1,-1,-1
9,2,467,1088,50,50,1,-1,-1,-1
9,3,583,1122,50,50,1,-1,-1,-1
10,1,575,1120,50,50,1,-1,-1,-1
10,2,468,1102,50,50,1,-1,-1,-1
10,3,578,1092,50,50,1,-1,-1,-1
11,1,571,1062,50,50,1,-1,-1,-1
11,2,471,1116,50,50,1,-1,-1,-1
11,3,573,1068,50,50,1,-1,-1,-1
12,1,568,1002,50,50,1,-1,-1,-1
12,2,473,1133,50,50,1,-1,-1,-1
12,3,572,1034,50,50,1,-1,-1,-1
13,1,571,945,50,50,1,-1,-1,-1
13,2,475,1151,50,50,1,-1,-1,-1
13,3,572,1001,50,50,1,-1,-1,-1
14,1,574,890,50,50,1,-1,-1,-1
14,2,477,1164,50,50,1,-1,-1,-1
14,3,577,977,50,50,1,-1,-1,-1
15,1,577,847,50,50,1,-1,-1,-1
15,2,480,1176,50,50,1,-1,-1,-1
15,3,592,961,50,50,1,-1,-1,-1
16,1,579,807,50,50,1,-1,-1,-1
16,2,485,1184,50,50,1,-1,-1,-1
16,3,606,960,50,50,1,-1,-1,-1
17,1,581,771,50,50,1,-1,-1,-1
17,2,492,1181,50,50,1,-1,-1,-1
17,3,618,967,50,50,1,-1,-1,-1
18,1,584,738,50,50,1,-1,-1,-1
18,2,494,1163,50,50,1,-1,-1,-1
18,3,629,978,50,50,1,-1,-1,-1
19,1,587,711,50,50,1,-1,-1,-1
19,2,495,1141,50,50,1,-1,-1,-1
19,3,637,988,50,50,1,-1,-1,-1
20,1,591,693,50,50,1,-1,-1,-1
20,2,489,1097,50,50,1,-1,-1,-1
20,3,642,991,50,50,1,-1,-1,-1
21,1,595,682,50,50,1,-1,-1,-1
21,2,478,1023,50,50,1,-1,-1,-1
21,3,638,994,50,50,1,-1,-1,-1
22,1,599,673,50,50,1,-1,-1,-1
22,2,469,959,50,50,1,-1,-1,-1
22,3,621,985,50,50,1,-1,-1,-1
23,1,604,668,50,50,1,-1,-1,-1
23,2,461,906,50,50,1,-1,-1,-1
23,3,597,981,50,50,1,-1,-1,-1
24,1,610,670,50,50,1,-1,-1,-1
24,2,455,860,50,50,1,-1,-1,-1
24,3,573,975,50,50,1,-1,-1,-1
25,1,617,678,50,50,1,-1,-1,-1
25,2,451,820,50,50,1,-1,-1,-1
25,3,549,976,50,50,1,-1,-1,-1
26,1,625,692,50,50,1,-1,-1,-1
26,2,447,781,50,50,1,-1,-1,-1
26,3,532,980,50,50,1,-1,-1,-1
27,1,630,717,50,50,1,-1,-1,-1
27,2,438,747,50,50,1,-1,-1,-1
27,3,521,988,50,50,1,-1,-1,-1
28,1,637,744,50,50,1,-1,-1,-1
28,2,430,715,50,50,1,-1,-1,-1
28,3,520,1002,50,50,1,-1,-1,-1
29,1,641,776,50,50,1,-1,-1,-1
29,2,423,686,50,50,1,-1,-1,-1
29,3,519,1023,50,50,1,-1,-1,-1
30,1,648,812,50,50,1,-1,-1,-1
30,2,418,668,50,50,1,-1,-1,-1
30,3,517,1051,50,50,1,-1,-1,-1
31,1,655,852,50,50,1,-1,-1,-1
31,2,412,658,50,50,1,-1,-1,-1
31,3,515,1079,50,50,1,-1,-1,-1
32,1,661,895,50,50,1,-1,-1,-1
32,2,406,651,50,50,1,-1,-1,-1
32,3,521,1110,50,50,1,-1,-1,-1
33,1,666,931,50,50,1,-1,-1,-1
33,2,400,647,50,50,1,-1,-1,-1
33,3,525,1136,50,50,1,-1,-1,-1
34,1,671,960,50,50,1,-1,-1,-1
34,2,394,656,50,50,1,-1,-1,-1
34,3,526,1150,50,50,1,-1,-1,-1
35,1,672,974,50,50,1,-1,-1,-1
35,2,388,667,50,50,1,-1,-1,-1
35,3,529,1136,50,50,1,-1,-1,-1
36,1,669,985,50,50,1,-1,-1,-1
36,2,385,682,50,50,1,-1,-1,-1
36,3,526,1088,50,50,1,-1,-1,-1
37,1,663,1003,50,50,1,-1,-1,-1
37,2,383,708,50,50,1,-1,-1,-1
37,3,521,1021,50,50,1,-1,-1,-1
38,1,656,1022,50,50,1,-1,-1,-1
38,2,381,739,50,50,1,-1,-1,-1
38,3,516,956,50,50,1,-1,-1,-1
39,1,651,1042,50,50,1,-1,-1,-1
39,2,378,774,50,50,1,-1,-1,-1
39,3,511,900,50,50,1,-1,-1,-1
40,1,645,1068,50,50,1,-1,-1,-1
40,2,375,812,50,50,1,-1,-1,-1
40,3,503,849,50,50,1,-1,-1,-1
41,1,638,1096,50,50,1,-1,-1,-1
41,2,371,853,50,50,1,-1,-1,-1
41,3,494,802,50,50,1,-1,-1,-1
42,1,630,1120,50,50,1,-1,-1,-1
42,2,369,899,50,50,1,-1,-1,-1
42,3,487,764,50,50,1,-1,-1,-1
43,1,620,1139,50,50,1,-1,-1,-1
43,2,366,939,50,50,1,-1,-1,-1
43,3,481,729,50,50,1,-1,-1,-1
44,1,611,1145,50,50,1,-1,-1,-1
44,2,364,966,50,50,1,-1,-1,-1
44,3,474,696,50,50,1,-1,-1,-1
45,1,607,1127,50,50,1,-1,-1,-1
45,2,373,975,50,50,1,-1,-1,-1
45,3,464,672,50,50,1,-1,-1,-1
46,1,607,1093,50,50,1,-1,-1,-1
46,2,391,978,50,50,1,-1,-1,-1
46,3,455,654,50,50,1,-1,-1,-1
47,1,611,1035,50,50,1,-1,-1,-1
47,2,423,978,50,50,1,-1,-1,-1
47,3,449,643,50,50,1,-1,-1,-1
48,1,613,973,50,50,1,-1,-1,-1
48,2,461,970,50,50,1,-1,-1,-1
48,3,445,636,50,50,1,-1,-1,-1
49,1,612,921,50,50,1,-1,-1,-1
49,2,502,963,50,50,1,-1,-1,-1
49,3,438,637,50,50,1,-1,-1,-1
50,1,611,877,50,50,1,-1,-1,-1
50,2,540,961,50,50,1,-1,-1,-1
50,3,434,644,50,50,1,-1,-1,-1
51,1,609,837,50,50,1,-1,-1,-1
51,2,569,963,50,50,1,-1,-1,-1
51,3,431,658,50,50,1,-1,-1,-1
52,1,607,798,50,50,1,-1,-1,-1
52,2,584,972,50,50,1,-1,-1,-1
52,3,428,677,50,50,1,-1,-1,-1
53,1,605,764,50,50,1,-1,-1,-1
53,2,594,991,50,50,1,-1,-1,-1
53,3,424,700,50,50,1,-1,-1,-1
54,1,606,736,50,50,1,-1,-1,-1
54,2,598,1013,50,50,1,-1,-1,-1
54,3,419,728,50,50,1,-1,-1,-1
55,1,607,714,50,50,1,-1,-1,-1
55,2,596,1043,50,50,1,-1,-1,-1
55,3,414,759,50,50,1,-1,-1,-1
56,1,609,696,50,50,1,-1,-1,-1
56,2,592,1077,50,50,1,-1,-1,-1
56,3,410,793,50,50,1,-1,-1,-1
57,1,612,684,50,50,1,-1,-1,-1
57,2,587,1122,50,50,1,-1,-1,-1
57,3,410,833,50,50,1,-1,-1,-1
58,1,615,677,50,50,1,-1,-1,-1
58,2,584,1159,50,50,1,-1,-1,-1
58,3,411,878,50,50,1,-1,-1,-1
59,1,618,680,50,50,1,-1,-1,-1
59,2,587,1178,50,50,1,-1,-1,-1
59,3,409,921,50,50,1,-1,-1,-1
60,1,620,686,50,50,1,-1,-1,-1
60,2,582,1169,50,50,1,-1,-1,-1
60,3,407,953,50,50,1,-1,-1,-1
61,1,623,698,50,50,1,-1,-1,-1
61,2,569,1139,50,50,1,-1,-1,-1
61,3,413,971,50,50,1,-1,-1,-1
62,1,626,718,50,50,1,-1,-1,-1
62,2,556,1097,50,50,1,-1,-1,-1
62,3,420,996,50,50,1,-1,-1,-1
63,1,628,743,50,50,1,-1,-1,-1
63,2,552,1036,50,50,1,-1,-1,-1
63,3,429,1022,50,50,1,-1,-1,-1
64,1,632,772,50,50,1,-1,-1,-1
64,2,549,971,50,50,1,-1,-1,-1
64,3,440,1053,50,50,1,-1,-1,-1
65,1,635,805,50,50,1,-1,-1,-1
65,2,550,911,50,50,1,-1,-1,-1
65,3,457,1088,50,50,1,-1,-1,-1
66,1,638,843,50,50,1,-1,-1,-1
66,2,553,874,50,50,1,-1,-1,-1
66,3,469,1125,50,50,1,-1,-1,-1
67,1,642,884,50,50,1,-1,-1,-1
67,2,555,832,50,50,1,-1,-1,-1
67,3,483,1149,50,50,1,-1,-1,-1
68,1,646,925,50,50,1,-1,-1,-1
68,2,556,791,50,50,1,-1,-1,-1
68,3,489,1146,50,50,1,-1,-1,-1
69,1,649,958,50,50,1,-1,-1,-1
69,2,558,751,50,50,1,-1,-1,-1
69,3,487,1122,50,50,1,-1,-1,-1
70,1,655,977,50,50,1,-1,-1,-1
70,2,559,717,50,50,1,-1,-1,-1
70,3,486,1075,50,50,1,-1,-1,-1
71,1,648,979,50,50,1,-1,-1,-1
71,2,563,695,50,50,1,-1,-1,-1
71,3,478,1023,50,50,1,-1,-1,-1
72,1,624,973,50,50,1,-1,-1,-1
72,2,568,679,50,50,1,-1,-1,-1
72,3,470,966,50,50,1,-1,-1,-1
73,1,586,969,50,50,1,-1,-1,-1
73,2,570,665,50,50,1,-1,-1,-1
73,3,463,911,50,50,1,-1,-1,-1
74,1,550,972,50,50,1,-1,-1,-1
74,2,573,659,50,50,1,-1,-1,-1
74,3,455,860,50,50,1,-1,-1,-1
75,1,519,978,50,50,1,-1,-1,-1
75,2,578,660,50,50,1,-1,-1,-1
75,3,450,816,50,50,1,-1,-1,-1
76,1,502,982,50,50,1,-1,-1,-1
76,2,583,664,50,50,1,-1,-1,-1
76,3,447,777,50,50,1,-1,-1,-1
77,1,485,993,50,50,1,-1,-1,-1
77,2,589,676,50,50,1,-1,-1,-1
77,3,440,741,50,50,1,-1,-1,-1
78,1,478,1015,50,50,1,-1,-1,-1
78,2,595,694,50,50,1,-1,-1,-1
78,3,433,707,50,50,1,-1,-1,-1
79,1,476,1042,50,50,1,-1,-1,-1
79,2,601,719,50,50,1,-1,-1,-1
79,3,427,678,50,50,1,-1,-1,-1
80,1,476,1069,50,50,1,-1,-1,-1
80,2,606,748,50,50,1,-1,-1,-1
80,3,421,655,50,50,1,-1,-1,-1
81,1,475,1098,50,50,1,-1,-1,-1
81,2,612,779,50,50,1,-1,-1,-1
81,3,415,640,50,50,1,-1,-1,-1
82,1,480,1129,50,50,1,-1,-1,-1
82,2,618,814,50,50,1,-1,-1,-1
82,3,409,636,50,50,1,-1,-1,-1
83,1,487,1151,50,50,1,-1,-1,-1
83,2,624,854,50,50,1,-1,-1,-1
83,3,402,636,50,50,1,-1,-1,-1
84,1,490,1160,50,50,1,-1,-1,-1
84,2,628,898,50,50,1,-1,-1,-1
84,3,396,643,50,50,1,-1,-1,-1
85,1,493,1149,50,50,1,-1,-1,-1
85,2,633,940,50,50,1,-1,-1,-1
85,3,391,653,50,50,1,-1,-1,-1
86,1,499,1120,50,50,1,-1,-1,-1
86,2,632,971,50,50,1,-1,-1,-1
86,3,386,668,50,50,1,-1,-1,-1
87,1,497,1067,50,50,1,-1,-1,-1
87,2,632,994,50,50,1,-1,-1,-1
87,3,384,689,50,50,1,-1,-1,-1
88,1,484,1007,50,50,1,-1,-1,-1
88,2,633,1021,50,50,1,-1,-1,-1
88,3,382,713,50,50,1,-1,-1,-1
89,1,473,946,50,50,1,-1,-1,-1
89,2,633,1049,50,50,1,-1,-1,-1
89,3,379,743,50,50,1,-1,-1,-1
90,1,467,898,50,50,1,-1,-1,-1
90,2,630,1083,50,50,1,-1,-1,-1
90,3,376,777,50,50,1,-1,-1,-1
91,1,461,855,50,50,1,-1,-1,-1
91,2,627,1113,50,50,1,-1,-1,-1
91,3,373,818,50,50,1,-1,-1,-1
92,1,456,819,50,50,1,-1,-1,-1
92,2,624,1136,50,50,1,-1,-1,-1
92,3,372,865,50,50,1,-1,-1,-1
93,1,451,787,50,50,1,-1,-1,-1
93,2,620,1152,50,50,1,-1,-1,-1
93,3,371,914,50,50,1,-1,-1,-1
94,1,445,758,50,50,1,-1,-1,-1
94,2,613,1158,50,50,1,-1,-1,-1
94,3,369,957,50,50,1,-1,-1,-1
95,1,440,733,50,50,1,-1,-1,-1
95,2,612,1135,50,50,1,-1,-1,-1
95,3,367,973,50,50,1,-1,-1,-1
96,1,436,711,50,50,1,-1,-1,-1
96,2,608,1094,50,50,1,-1,-1,-1
96,3,374,982,50,50,1,-1,-1,-1
97,1,432,695,50,50,1,-1,-1,-1
97,2,607,1022,50,50,1,-1,-1,-1
97,3,397,987,50,50,1,-1,-1,-1
98,1,425,683,50,50,1,-1,-1,-1
98,2,607,956,50,50,1,-1,-1,-1
98,3,431,983,50,50,1,-1,-1,-1
99,1,417,677,50,50,1,-1,-1,-1
99,2,605,901,50,50,1,-1,-1,-1
99,3,472,975,50,50,1,-1,-1,-1
100,1,414,683,50,50,1,-1,-1,-1
100,2,602,850,50,50,1,-1,-1,-1
100,3,512,968,50,50,1,-1,-1,-1
101,1,408,699,50,50,1,-1,-1,-1
101,2,601,804,50,50,1,-1,-1,-1
101,3,547,965,50,50,1,-1,-1,-1
102,1,407,716,50,50,1,-1,-1,-1
102,2,601,766,50,50,1,-1,-1,-1
102,3,567,967,50,50,1,-1,-1,-1
103,1,405,735,50,50,1,-1,-1,-1
103,2,601,725,50,50,1,-1,-1,-1
103,3,587,974,50,50,1,-1,-1,-1
104,1,403,759,50,50,1,-1,-1,-1
104,2,602,687,50,50,1,-1,-1,-1
104,3,590,1000,50,50,1,-1,-1,-1
105,1,401,793,50,50,1,-1,-1,-1
105,2,603,651,50,50,1,-1,-1,-1
105,3,590,1028,50,50,1,-1,-1,-1
106,1,399,828,50,50,1,-1,-1,-1
106,2,602,636,50,50,1,-1,-1,-1
106,3,590,1056,50,50,1,-1,-1,-1
107,1,397,865,50,50,1,-1,-1,-1
107,2,602,619,50,50,1,-1,-1,-1
107,3,590,1087,50,50,1,-1,-1,-1
108,1,394,904,50,50,1,-1,-1,-1
108,2,602,608,50,50,1,-1,-1,-1
108,3,590,1121,50,50,1,-1,-1,-1
109,1,392,974,50,50,1,-1,-1,-1
109,2,610,603,50,50,1,-1,-1,-1
109,3,585,1156,50,50,1,-1,-1,-1
110,1,391,986,50,50,1,-1,-1,-1
110,2,613,603,50,50,1,-1,-1,-1
110,3,578,1166,50,50,1,-1,-1,-1
111,1,394,1007,50,50,1,-1,-1,-1
111,2,617,612,50,50,1,-1,-1,-1
111,3,569,1157,50,50,1,-1,-1,-1
112,1,410,1052,50,50,1,-1,-1,-1
112,2,620,638,50,50,1,-1,-1,-1
112,3,552,1084,50,50,1,-1,-1,-1
113,1,416,1056,50,50,1,-1,-1,-1
113,2,618,641,50,50,1,-1,-1,-1
113,3,545,1061,50,50,1,-1,-1,-1
114,1,428,1079,50,50,1,-1,-1,-1
114,2,618,663,50,50,1,-1,-1,-1
114,3,542,1017,50,50,1,-1,-1,-1
115,1,457,1123,50,50,1,-1,-1,-1
115,2,625,718,50,50,1,-1,-1,-1
115,3,545,931,50,50,1,-1,-1,-1
116,1,472,1142,50,50,1,-1,-1,-1
116,2,627,731,50,50,1,-1,-1,-1
116,3,548,909,50,50,1,-1,-1,-1
117,1,488,1160,50,50,1,-1,-1,-1
117,2,630,766,50,50,1,-1,-1,-1
117,3,549,881,50,50,1,-1,-1,-1
118,1,492,1155,50,50,1,-1,-1,-1
118,2,640,852,50,50,1,-1,-1,-1
118,3,549,813,50,50,1,-1,-1,-1
119,1,492,1124,50,50,1,-1,-1,-1
119,2,645,909,50,50,1,-1,-1,-1
119,3,554,773,50,50,1,-1,-1,-1
120,1,485,1124,50,50,1,-1,-1,-1
120,2,646,915,50,50,1,-1,-1,-1
120,3,554,763,50,50,1,-1,-1,-1
121,1,471,1036,50,50,1,-1,-1,-1
121,2,648,945,50,50,1,-1,-1,-1
121,3,560,736,50,50,1,-1,-1,-1
122,1,459,967,50,50,1,-1,-1,-1
122,2,634,961,50,50,1,-1,-1,-1
122,3,565,716,50,50,1,-1,-1,-1
123,1,455,948,50,50,1,-1,-1,-1
123,2,625,958,50,50,1,-1,-1,-1
123,3,569,718,50,50,1,-1,-1,-1
124,1,448,866,50,50,1,-1,-1,-1
124,2,572,968,50,50,1,-1,-1,-1
124,3,575,716,50,50,1,-1,-1,-1
125,1,438,812,50,50,1,-1,-1,-1
125,2,534,982,50,50,1,-1,-1,-1
125,3,580,722,50,50,1,-1,-1,-1
126,1,430,775,50,50,1,-1,-1,-1
126,2,512,993,50,50,1,-1,-1,-1
126,3,584,735,50,50,1,-1,-1,-1
127,1,423,747,50,50,1,-1,-1,-1
127,2,497,1003,50,50,1,-1,-1,-1
127,3,590,756,50,50,1,-1,-1,-1
128,1,418,717,50,50,1,-1,-1,-1
128,2,492,1021,50,50,1,-1,-1,-1
128,3,594,780,50,50,1,-1,-1,-1
129,1,412,691,50,50,1,-1,-1,-1
129,2,490,1041,50,50,1,-1,-1,-1
129,3,599,807,50,50,1,-1,-1,-1
130,1,406,670,50,50,1,-1,-1,-1
130,2,488,1069,50,50,1,-1,-1,-1
130,3,605,840,50,50,1,-1,-1,-1
131,1,399,659,50,50,1,-1,-1,-1
131,2,487,1100,50,50,1,-1,-1,-1
131,3,610,876,50,50,1,-1,-1,-1
132,1,392,654,50,50,1,-1,-1,-1
132,2,488,1124,50,50,1,-1,-1,-1
132,3,615,917,50,50,1,-1,-1,-1
133,1,385,654,50,50,1,-1,-1,-1
133,2,490,1142,50,50,1,-1,-1,-1
133,3,620,960,50,50,1,-1,-1,-1
134,1,381,665,50,50,1,-1,-1,-1
134,2,497,1136,50,50,1,-1,-1,-1
134,3,623,994,50,50,1,-1,-1,-1
135,1,377,680,50,50,1,-1,-1,-1
135,2,497,1101,50,50,1,-1,-1,-1
135,3,622,1008,50,50,1,-1,-1,-1
136,1,373,698,50,50,1,-1,-1,-1
136,2,491,1046,50,50,1,-1,-1,-1
136,3,622,1030,50,50,1,-1,-1,-1
137,1,368,719,50,50,1,-1,-1,-1
137,2,485,988,50,50,1,-1,-1,-1
137,3,620,1055,50,50,1,-1,-1,-1
138,1,365,748,50,50,1,-1,-1,-1
138,2,479,930,50,50,1,-1,-1,-1
138,3,615,1075,50,50,1,-1,-1,-1
139,1,362,782,50,50,1,-1,-1,-1
139,2,475,884,50,50,1,-1,-1,-1
139,3,612,1100,50,50,1,-1,-1,-1
140,1,359,820,50,50,1,-1,-1,-1
140,2,470,840,50,50,1,-1,-1,-1
140,3,609,1125,50,50,1,-1,-1,-1
141,1,357,864,50,50,1,-1,-1,-1
141,2,467,800,50,50,1,-1,-1,-1
141,3,607,1143,50,50,1,-1,-1,-1
142,1,356,910,50,50,1,-1,-1,-1
142,2,462,762,50,50,1,-1,-1,-1
142,3,603,1150,50,50,1,-1,-1,-1
143,1,355,942,50,50,1,-1,-1,-1
143,2,459,730,50,50,1,-1,-1,-1
143,3,598,1138,50,50,1,-1,-1,-1
144,1,352,970,50,50,1,-1,-1,-1
144,2,456,702,50,50,1,-1,-1,-1
144,3,591,1113,50,50,1,-1,-1,-1
145,1,354,975,50,50,1,-1,-1,-1
145,2,453,681,50,50,1,-1,-1,-1
145,3,594,1061,50,50,1,-1,-1,-1
146,1,376,968,50,50,1,-1,-1,-1
146,2,448,668,50,50,1,-1,-1,-1
146,3,596,1004,50,50,1,-1,-1,-1
147,1,415,961,50,50,1,-1,-1,-1
147,2,444,659,50,50,1,-1,-1,-1
147,3,598,946,50,50,1,-1,-1,-1
148,1,460,954,50,50,1,-1,-1,-1
148,2,440,656,50,50,1,-1,-1,-1
148,3,599,892,50,50,1,-1,-1,-1
149,1,504,949,50,50,1,-1,-1,-1
149,2,437,662,50,50,1,-1,-1,-1
149,3,599,844,50,50,1,-1,-1,-1
150,1,544,947,50,50,1,-1,-1,-1
150,2,434,673,50,50,1,-1,-1,-1
150,3,600,803,50,50,1,-1,-1,-1
151,1,572,948,50,50,1,-1,-1,-1
151,2,432,686,50,50,1,-1,-1,-1
151,3,600,769,50,50,1,-1,-1,-1
152,1,588,959,50,50,1,-1,-1,-1
152,2,430,707,50,50,1,-1,-1,-1
152,3,601,737,50,50,1,-1,-1,-1
153,1,599,978,50,50,1,-1,-1,-1
153,2,428,736,50,50,1,-1,-1,-1
153,3,603,709,50,50,1,-1,-1,-1
154,1,602,1009,50,50,1,-1,-1,-1
154,2,426,766,50,50,1,-1,-1,-1
154,3,606,688,50,50,1,-1,-1,-1
155,1,603,1047,50,50,1,-1,-1,-1
155,2,427,800,50,50,1,-1,-1,-1
155,3,609,671,50,50,1,-1,-1,-1
156,1,598,1095,50,50,1,-1,-1,-1
156,2,428,839,50,50,1,-1,-1,-1
156,3,613,663,50,50,1,-1,-1,-1
157,1,594,1139,50,50,1,-1,-1,-1
157,2,428,880,50,50,1,-1,-1,-1
157,3,618,660,50,50,1,-1,-1,-1
158,1,589,1161,50,50,1,-1,-1,-1
158,2,428,922,50,50,1,-1,-1,-1
158,3,622,661,50,50,1,-1,-1,-1
159,1,575,1154,50,50,1,-1,-1,-1
159,2,429,965,50,50,1,-1,-1,-1
159,3,626,669,50,50,1,-1,-1,-1
160,1,564,1126,50,50,1,-1,-1,-1
160,2,431,998,50,50,1,-1,-1,-1
160,3,628,684,50,50,1,-1,-1,-1
161,1,553,1084,50,50,1,-1,-1,-1
161,2,441,1022,50,50,1,-1,-1,-1
161,3,629,704,50,50,1,-1,-1,-1
162,1,546,1025,50,50,1,-1,-1,-1
162,2,449,1050,50,50,1,-1,-1,-1
162,3,631,727,50,50,1,-1,-1,-1
163,1,546,965,50,50,1,-1,-1,-1
163,2,456,1078,50,50,1,-1,-1,-1
163,3,634,755,50,50,1,-1,-1,-1
164,1,545,911,50,50,1,-1,-1,-1
164,2,464,1110,50,50,1,-1,-1,-1
164,3,640,789,50,50,1,-1,-1,-1
165,1,546,867,50,50,1,-1,-1,-1
165,2,474,1136,50,50,1,-1,-1,-1
165,3,648,826,50,50,1,-1,-1,-1
166,1,548,830,50,50,1,-1,-1,-1
166,2,484,1148,50,50,1,-1,-1,-1
166,3,653,869,50,50,1,-1,-1,-1
167,1,550,795,50,50,1,-1,-1,-1
167,2,489,1133,50,50,1,-1,-1,-1
167,3,657,918,50,50,1,-1,-1,-1
168,1,552,762,50,50,1,-1,-1,-1
168,2,487,1109,50,50,1,-1,-1,-1
168,3,661,955,50,50,1,-1,-1,-1
169,1,554,732,50,50,1,-1,-1,-1
169,2,475,1045,50,50,1,-1,-1,-1
169,3,663,963,50,50,1,-1,-1,-1
170,1,557,705,50,50,1,-1,-1,-1
170,2,463,981,50,50,1,-1,-1,-1
170,3,634,966,50,50,1,-1,-1,-1
171,1,560,688,50,50,1,-1,-1,-1
171,2,449,923,50,50,1,-1,-1,-1
171,3,596,964,50,50,1,-1,-1,-1
172,1,566,678,50,50,1,-1,-1,-1
172,2,439,871,50,50,1,-1,-1,-1
172,3,564,965,50,50,1,-1,-1,-1
173,1,573,669,50,50,1,-1,-1,-1
173,2,429,824,50,50,1,-1,-1,-1
173,3,534,973,50,50,1,-1,-1,-1
174,1,578,669,50,50,1,-1,-1,-1
174,2,419,781,50,50,1,-1,-1,-1
174,3,507,983,50,50,1,-1,-1,-1
175,1,586,677,50,50,1,-1,-1,-1
175,2,410,742,50,50,1,-1,-1,-1
175,3,489,992,50,50,1,-1,-1,-1
176,1,588,697,50,50,1,-1,-1,-1
176,2,401,710,50,50,1,-1,-1,-1
176,3,477,1008,50,50,1,-1,-1,-1
177,1,594,712,50,50,1,-1,-1,-1
177,2,392,685,50,50,1,-1,-1,-1
177,3,473,1029,50,50,1,-1,-1,-1
178,1,598,734,50,50,1,-1,-1,-1
178,2,384,662,50,50,1,-1,-1,-1
178,3,476,1058,50,50,1,-1,-1,-1
179,1,604,765,50,50,1,-1,-1,-1
179,2,377,642,50,50,1,-1,-1,-1
179,3,478,1091,50,50,1,-1,-1,-1
180,1,610,800,50,50,1,-1,-1,-1
180,2,367,629,50,50,1,-1,-1,-1
180,3,479,1125,50,50,1,-1,-1,-1
181,1,616,841,50,50,1,-1,-1,-1
181,2,356,621,50,50,1,-1,-1,-1
181,3,481,1145,50,50,1,-1,-1,-1
182,1,622,883,50,50,1,-1,-1,-1
182,2,345,621,50,50,1,-1,-1,-1
182,3,484,1149,50,50,1,-1,-1,-1
183,1,627,923,50,50,1,-1,-1,-1
183,2,335,629,50,50,1,-1,-1,-1
183,3,484,1132,50,50,1,-1,-1,-1
184,1,630,954,50,50,1,-1,-1,-1
184,2,326,642,50,50,1,-1,-1,-1
184,3,487,1095,50,50,1,-1,-1,-1
185,1,633,978,50,50,1,-1,-1,-1
185,2,318,664,50,50,1,-1,-1,-1
185,3,478,1026,50,50,1,-1,-1,-1
186,1,634,1005,50,50,1,-1,-1,-1
186,2,311,689,50,50,1,-1,-1,-1
186,3,469,960,50,50,1,-1,-1,-1
187,1,632,1039,50,50,1,-1,-1,-1
187,2,307,719,50,50,1,-1,-1,-1
187,3,461,903,50,50,1,-1,-1,-1
188,1,625,1079,50,50,1,-1,-1,-1
188,2,302,758,50,50,1,-1,-1,-1
188,3,456,853,50,50,1,-1,-1,-1
189,1,615,1118,50,50,1,-1,-1,-1
189,2,295,802,50,50,1,-1,-1,-1
189,3,453,813,50,50,1,-1,-1,-1
190,1,612,1144,50,50,1,-1,-1,-1
190,2,288,849,50,50,1,-1,-1,-1
190,3,449,773,50,50,1,-1,-1,-1
191,1,603,1160,50,50,1,-1,-1,-1
191,2,285,890,50,50,1,-1,-1,-1
191,3,447,736,50,50,1,-1,-1,-1
192,1,593,1157,50,50,1,-1,-1,-1
192,2,276,913,50,50,1,-1,-1,-1
192,3,444,702,50,50,1,-1,-1,-1
193,1,588,1136,50,50,1,-1,-1,-1
193,2,279,910,50,50,1,-1,-1,-1
193,3,438,674,50,50,1,-1,-1,-1
194,1,588,1092,50,50,1,-1,-1,-1
194,2,298,913,50,50,1,-1,-1,-1
194,3,433,653,50,50,1,-1,-1,-1
195,1,586,1021,50,50,1,-1,-1,-1
195,2,332,916,50,50,1,-1,-1,-1
195,3,430,639,50,50,1,-1,-1,-1
196,1,588,956,50,50,1,-1,-1,-1
196,2,379,917,50,50,1,-1,-1,-1
196,3,425,628,50,50,1,-1,-1,-1
197,1,590,903,50,50,1,-1,-1,-1
197,2,426,917,50,50,1,-1,-1,-1
197,3,422,623,50,50,1,-1,-1,-1
198,1,593,856,50,50,1,-1,-1,-1
198,2,471,922,50,50,1,-1,-1,-1
198,3,417,628,50,50,1,-1,-1,-1
199,1,592,815,50,50,1,-1,-1,-1
199,2,515,931,50,50,1,-1,-1,-1
199,3,414,639,50,50,1,-1,-1,-1
200,1,592,776,50,50,1,-1,-1,-1
200,2,549,938,50,50,1,-1,-1,-1
200,3,412,656,50,50,1,-1,-1,-1
201,1,594,740,50,50,1,-1,-1,-1
201,2,572,955,50,50,1,-1,-1,-1
201,3,411,677,50,50,1,-1,-1,-1
202,1,597,705,50,50,1,-1,-1,-1
202,2,579,984,50,50,1,-1,-1,-1
202,3,412,704,50,50,1,-1,-1,-1
203,1,599,675,50,50,1,-1,-1,-1
203,2,583,1020,50,50,1,-1,-1,-1
203,3,412,737,50,50,1,-1,-1,-1
204,1,603,655,50,50,1,-1,-1,-1
204,2,582,1056,50,50,1,-1,-1,-1
204,3,412,773,50,50,1,-1,-1,-1
205,1,607,643,50,50,1,-1,-1,-1
205,2,580,1095,50,50,1,-1,-1,-1
205,3,412,813,50,50,1,-1,-1,-1
206,1,611,638,50,50,1,-1,-1,-1
206,2,579,1133,50,50,1,-1,-1,-1
206,3,410,860,50,50,1,-1,-1,-1
207,1,616,633,50,50,1,-1,-1,-1
207,2,579,1160,50,50,1,-1,-1,-1
207,3,409,907,50,50,1,-1,-1,-1
208,1,623,634,50,50,1,-1,-1,-1
208,2,576,1160,50,50,1,-1,-1,-1
208,3,411,947,50,50,1,-1,-1,-1
209,1,631,645,50,50,1,-1,-1,-1
209,2,566,1132,50,50,1,-1,-1,-1
209,3,416,976,50,50,1,-1,-1,-1
210,1,638,664,50,50,1,-1,-1,-1
210,2,555,1091,50,50,1,-1,-1,-1
210,3,423,1003,50,50,1,-1,-1,-1
211,1,643,686,50,50,1,-1,-1,-1
211,2,552,1037,50,50,1,-1,-1,-1
211,3,436,1037,50,50,1,-1,-1,-1
212,1,648,714,50,50,1,-1,-1,-1
212,2,548,974,50,50,1,-1,-1,-1
212,3,448,1075,50,50,1,-1,-1,-1
213,1,653,743,50,50,1,-1,-1,-1
213,2,548,915,50,50,1,-1,-1,-1
213,3,460,1107,50,50,1,-1,-1,-1
214,1,659,777,50,50,1,-1,-1,-1
214,2,552,870,50,50,1,-1,-1,-1
214,3,473,1143,50,50,1,-1,-1,-1
215,1,666,818,50,50,1,-1,-1,-1
215,2,556,821,50,50,1,-1,-1,-1
215,3,485,1166,50,50,1,-1,-1,-1
216,1,673,865,50,50,1,-1,-1,-1
216,2,559,776,50,50,1,-1,-1,-1
216,3,491,1160,50,50,1,-1,-1,-1
217,1,677,906,50,50,1,-1,-1,-1
217,2,563,735,50,50,1,-1,-1,-1
217,3,493,1138,50,50,1,-1,-1,-1
218,1,685,934,50,50,1,-1,-1,-1
218,2,566,705,50,50,1,-1,-1,-1
218,3,490,1095,50,50,1,-1,-1,-1
219,1,673,947,50,50,1,-1,-1,-1
219,2,569,683,50,50,1,-1,-1,-1
219,3,474,1031,50,50,1,-1,-1,-1
220,1,639,952,50,50,1,-1,-1,-1
220,2,572,664,50,50,1,-1,-1,-1
220,3,458,967,50,50,1,-1,-1,-1
221,1,592,954,50,50,1,-1,-1,-1
221,2,575,651,50,50,1,-1,-1,-1
221,3,448,908,50,50,1,-1,-1,-1
222,1,555,963,50,50,1,-1,-1,-1
222,2,581,645,50,50,1,-1,-1,-1
222,3,441,856,50,50,1,-1,-1,-1
223,1,520,976,50,50,1,-1,-1,-1
223,2,586,642,50,50,1,-1,-1,-1
223,3,435,813,50,50,1,-1,-1,-1
224,1,501,984,50,50,1,-1,-1,-1
224,2,592,648,50,50,1,-1,-1,-1
224,3,425,771,50,50,1,-1,-1,-1
225,1,487,997,50,50,1,-1,-1,-1
225,2,600,659,50,50,1,-1,-1,-1
225,3,416,733,50,50,1,-1,-1,-1
226,1,483,1016,50,50,1,-1,-1,-1
226,2,603,678,50,50,1,-1,-1,-1
226,3,408,704,50,50,1,-1,-1,-1
227,1,483,1047,50,50,1,-1,-1,-1
227,2,607,701,50,50,1,-1,-1,-1
227,3,400,677,50,50,1,-1,-1,-1
228,1,483,1079,50,50,1,-1,-1,-1
228,2,610,726,50,50,1,-1,-1,-1
228,3,391,652,50,50,1,-1,-1,-1
229,1,487,1109,50,50,1,-1,-1,-1
229,2,614,755,50,50,1,-1,-1,-1
229,3,381,636,50,50,1,-1,-1,-1
230,1,490,1139,50,50,1,-1,-1,-1
230,2,620,788,50,50,1,-1,-1,-1
230,3,371,625,50,50,1,-1,-1,-1
231,1,490,1161,50,50,1,-1,-1,-1
231,2,627,827,50,50,1,-1,-1,-1
231,3,362,621,50,50,1,-1,-1,-1
232,1,493,1161,50,50,1,-1,-1,-1
232,2,634,869,50,50,1,-1,-1,-1
232,3,353,625,50,50,1,-1,-1,-1
233,1,497,1124,50,50,1,-1,-1,-1
233,2,638,913,50,50,1,-1,-1,-1
233,3,345,635,50,50,1,-1,-1,-1
234,1,488,1066,50,50,1,-1,-1,-1
234,2,643,951,50,50,1,-1,-1,-1
234,3,339,652,50,50,1,-1,-1,-1
235,1,480,1005,50,50,1,-1,-1,-1
235,2,646,982,50,50,1,-1,-1,-1
235,3,335,672,50,50,1,-1,-1,-1
236,1,474,945,50,50,1,-1,-1,-1
236,2,644,1014,50,50,1,-1,-1,-1
236,3,330,697,50,50,1,-1,-1,-1
237,1,469,889,50,50,1,-1,-1,-1
237,2,635,1051,50,50,1,-1,-1,-1
237,3,325,728,50,50,1,-1,-1,-1
238,1,464,842,50,50,1,-1,-1,-1
238,2,624,1098,50,50,1,-1,-1,-1
238,3,319,763,50,50,1,-1,-1,-1
239,1,458,800,50,50,1,-1,-1,-1
239,2,614,1134,50,50,1,-1,-1,-1
239,3,312,806,50,50,1,-1,-1,-1
240,1,451,760,50,50,1,-1,-1,-1
240,2,610,1154,50,50,1,-1,-1,-1
240,3,306,852,50,50,1,-1,-1,-1
241,1,445,725,50,50,1,-1,-1,-1
241,2,599,1150,50,50,1,-1,-1,-1
241,3,302,901,50,50,1,-1,-1,-1
242,1,439,692,50,50,1,-1,-1,-1
242,2,592,1130,50,50,1,-1,-1,-1
242,3,301,939,50,50,1,-1,-1,-1
243,1,433,668,50,50,1,-1,-1,-1
243,2,586,1100,50,50,1,-1,-1,-1
243,3,314,954,50,50,1,-1,-1,-1
244,1,428,648,50,50,1,-1,-1,-1
244,2,588,1026,50,50,1,-1,-1,-1
244,3,338,952,50,50,1,-1,-1,-1
245,1,425,635,50,50,1,-1,-1,-1
245,2,591,958,50,50,1,-1,-1,-1
245,3,374,948,50,50,1,-1,-1,-1
246,1,423,627,50,50,1,-1,-1,-1
246,2,595,898,50,50,1,-1,-1,-1
246,3,418,943,50,50,1,-1,-1,-1
247,1,418,621,50,50,1,-1,-1,-1
247,2,595,849,50,50,1,-1,-1,-1
247,3,467,939,50,50,1,-1,-1,-1
248,1,413,620,50,50,1,-1,-1,-1
248,2,594,805,50,50,1,-1,-1,-1
248,3,515,938,50,50,1,-1,-1,-1
249,1,409,635,50,50,1,-1,-1,-1
249,2,591,757,50,50,1,-1,-1,-1
249,3,553,939,50,50,1,-1,-1,-1
250,1,405,656,50,50,1,-1,-1,-1
250,2,591,714,50,50,1,-1,-1,-1
250,3,577,949,50,50,1,-1,-1,-1
251,1,402,679,50,50,1,-1,-1,-1
251,2,594,681,50,50,1,-1,-1,-1
251,3,594,966,50,50,1,-1,-1,-1
252,1,400,707,50,50,1,-1,-1,-1
252,2,590,651,50,50,1,-1,-1,-1
252,3,601,992,50,50,1,-1,-1,-1
253,1,398,738,50,50,1,-1,-1,-1
253,2,590,626,50,50,1,-1,-1,-1
253,3,606,1024,50,50,1,-1,-1,-1
254,1,398,774,50,50,1,-1,-1,-1
254,2,595,609,50,50,1,-1,-1,-1
254,3,606,1063,50,50,1,-1,-1,-1
255,1,398,815,50,50,1,-1,-1,-1
255,2,600,598,50,50,1,-1,-1,-1
255,3,602,1107,50,50,1,-1,-1,-1
256,1,398,859,50,50,1,-1,-1,-1
256,2,603,591,50,50,1,-1,-1,-1
256,3,595,1143,50,50,1,-1,-1,-1
257,1,397,903,50,50,1,-1,-1,-1
257,2,608,590,50,50,1,-1,-1,-1
257,3,587,1162,50,50,1,-1,-1,-1
258,1,396,942,50,50,1,-1,-1,-1
258,2,613,596,50,50,1,-1,-1,-1
258,3,575,1154,50,50,1,-1,-1,-1
259,1,401,972,50,50,1,-1,-1,-1
259,2,615,610,50,50,1,-1,-1,-1
259,3,563,1131,50,50,1,-1,-1,-1
260,1,409,998,50,50,1,-1,-1,-1
260,2,617,625,50,50,1,-1,-1,-1
260,3,553,1095,50,50,1,-1,-1,-1
261,1,415,1029,50,50,1,-1,-1,-1
261,2,623,647,50,50,1,-1,-1,-1
261,3,547,1031,50,50,1,-1,-1,-1
262,1,426,1064,50,50,1,-1,-1,-1
262,2,629,674,50,50,1,-1,-1,-1
262,3,541,966,50,50,1,-1,-1,-1
263,1,441,1098,50,50,1,-1,-1,-1
263,2,631,707,50,50,1,-1,-1,-1
263,3,538,908,50,50,1,-1,-1,-1
264,1,460,1134,50,50,1,-1,-1,-1
264,2,634,743,50,50,1,-1,-1,-1
264,3,540,863,50,50,1,-1,-1,-1
265,1,479,1146,50,50,1,-1,-1,-1
265,2,640,785,50,50,1,-1,-1,-1
265,3,539,819,50,50,1,-1,-1,-1
266,1,486,1150,50,50,1,-1,-1,-1
266,2,647,831,50,50,1,-1,-1,-1
266,3,538,775,50,50,1,-1,-1,-1
267,1,488,1122,50,50,1,-1,-1,-1
267,2,651,882,50,50,1,-1,-1,-1
267,3,540,743,50,50,1,-1,-1,-1
268,1,484,1090,50,50,1,-1,-1,-1
268,2,656,924,50,50,1,-1,-1,-1
268,3,542,716,50,50,1,-1,-1,-1
269,1,473,1022,50,50,1,-1,-1,-1
269,2,654,931,50,50,1,-1,-1,-1
269,3,542,692,50,50,1,-1,-1,-1
270,1,461,958,50,50,1,-1,-1,-1
270,2,629,937,50,50,1,-1,-1,-1
270,3,542,676,50,50,1,-1,-1,-1
271,1,451,899,50,50,1,-1,-1,-1
271,2,591,948,50,50,1,-1,-1,-1
271,3,543,668,50,50,1,-1,-1,-1
272,1,442,848,50,50,1,-1,-1,-1
272,2,552,965,50,50,1,-1,-1,-1
272,3,545,664,50,50,1,-1,-1,-1
273,1,432,800,50,50,1,-1,-1,-1
273,2,519,981,50,50,1,-1,-1,-1
273,3,547,666,50,50,1,-1,-1,-1
274,1,422,755,50,50,1,-1,-1,-1
274,2,499,995,50,50,1,-1,-1,-1
274,3,550,675,50,50,1,-1,-1,-1
275,1,412,714,50,50,1,-1,-1,-1
275,2,490,1012,50,50,1,-1,-1,-1
275,3,554,691,50,50,1,-1,-1,-1
276,1,403,677,50,50,1,-1,-1,-1
276,2,486,1031,50,50,1,-1,-1,-1
276,3,557,714,50,50,1,-1,-1,-1
277,1,394,647,50,50,1,-1,-1,-1
277,2,486,1052,50,50,1,-1,-1,-1
277,3,559,741,50,50,1,-1,-1,-1
278,1,386,621,50,50,1,-1,-1,-1
278,2,485,1076,50,50,1,-1,-1,-1
278,3,561,769,50,50,1,-1,-1,-1
279,1,378,598,50,50,1,-1,-1,-1
279,2,484,1101,50,50,1,-1,-1,-1
279,3,563,799,50,50,1,-1,-1,-1
280,1,365,584,50,50,1,-1,-1,-1
280,2,485,1126,50,50,1,-1,-1,-1
280,3,565,835,50,50,1,-1,-1,-1
281,1,352,579,50,50,1,-1,-1,-1
281,2,489,1146,50,50,1,-1,-1,-1
281,3,572,881,50,50,1,-1,-1,-1
282,1,346,580,50,50,1,-1,-1,-1
282,2,494,1154,50,50,1,-1,-1,-1
282,3,578,926,50,50,1,-1,-1,-1
283,1,338,589,50,50,1,-1,-1,-1
283,2,494,1131,50,50,1,-1,-1,-1
283,3,584,966,50,50,1,-1,-1,-1
284,1,331,600,50,50,1,-1,-1,-1
284,2,488,1085,50,50,1,-1,-1,-1
284,3,585,989,50,50,1,-1,-1,-1
285,1,323,617,50,50,1,-1,-1,-1
285,2,481,1030,50,50,1,-1,-1,-1
285,3,587,1010,50,50,1,-1,-1,-1
286,1,316,641,50,50,1,-1,-1,-1
286,2,472,974,50,50,1,-1,-1,-1
286,3,590,1034,50,50,1,-1,-1,-1
287,1,311,670,50,50,1,-1,-1,-1
287,2,464,919,50,50,1,-1,-1,-1
287,3,592,1063,50,50,1,-1,-1,-1
288,1,306,704,50,50,1,-1,-1,-1
288,2,456,864,50,50,1,-1,-1,-1
288,3,590,1097,50,50,1,-1,-1,-1
289,1,300,743,50,50,1,-1,-1,-1
289,2,449,813,50,50,1,-1,-1,-1
289,3,591,1135,50,50,1,-1,-1,-1
290,1,292,786,50,50,1,-1,-1,-1
290,2,442,765,50,50,1,-1,-1,-1
290,3,586,1164,50,50,1,-1,-1,-1
291,1,285,835,50,50,1,-1,-1,-1
291,2,436,724,50,50,1,-1,-1,-1
291,3,583,1178,50,50,1,-1,-1,-1
292,1,280,881,50,50,1,-1,-1,-1
292,2,430,688,50,50,1,-1,-1,-1
292,3,582,1178,50,50,1,-1,-1,-1
293,1,279,915,50,50,1,-1,-1,-1
293,2,424,659,50,50,1,-1,-1,-1
293,3,576,1158,50,50,1,-1,-1,-1
294,1,286,921,50,50,1,-1,-1,-1
294,2,416,638,50,50,1,-1,-1,-1
294,3,572,1132,50,50,1,-1,-1,-1
295,1,309,921,50,50,1,-1,-1,-1
295,2,409,623,50,50,1,-1,-1,-1
295,3,571,1070,50,50,1,-1,-1,-1
296,1,351,920,50,50,1,-1,-1,-1
296,2,404,613,50,50,1,-1,-1,-1
296,3,576,999,50,50,1,-1,-1,-1
297,1,396,919,50,50,1,-1,-1,-1
297,2,399,608,50,50,1,-1,-1,-1
297,3,577,936,50,50,1,-1,-1,-1
298,1,446,920,50,50,1,-1,-1,-1
298,2,394,606,50,50,1,-1,-1,-1
298,3,575,881,50,50,1,-1,-1,-1
299,1,494,928,50,50,1,-1,-1,-1
299,2,390,615,50,50,1,-1,-1,-1
299,3,575,831,50,50,1,-1,-1,-1
300,1,541,940,50,50,1,-1,-1,-1
300,2,386,633,50,50,1,-1,-1,-1
300,3,577,785,50,50,1,-1,-1,-1
301,1,569,952,50,50,1,-1,-1,-1
301,2,382,653,50,50,1,-1,-1,-1
301,3,579,743,50,50,1,-1,-1,-1
302,1,584,973,50,50,1,-1,-1,-1
302,2,378,676,50,50,1,-1,-1,-1
302,3,580,706,50,50,1,-1,-1,-1
303,1,590,999,50,50,1,-1,-1,-1
303,2,376,709,50,50,1,-1,-1,-1
303,3,582,672,50,50,1,-1,-1,-1
304,1,588,1029,50,50,1,-1,-1,-1
304,2,374,742,50,50,1,-1,-1,-1
304,3,584,646,50,50,1,-1,-1,-1
305,1,584,1063,50,50,1,-1,-1,-1
305,2,372,780,50,50,1,-1,-1,-1
305,3,588,627,50,50,1,-1,-1,-1
306,1,576,1099,50,50,1,-1,-1,-1
306,2,369,822,50,50,1,-1,-1,-1
306,3,592,613,50,50,1,-1,-1,-1
307,1,572,1133,50,50,1,-1,-1,-1
307,2,364,870,50,50,1,-1,-1,-1
307,3,595,604,50,50,1,-1,-1,-1
308,1,566,1155,50,50,1,-1,-1,-1
308,2,362,921,50,50,1,-1,-1,-1
308,3,598,598,50,50,1,-1,-1,-1
309,1,563,1159,50,50,1,-1,-1,-1
309,2,363,965,50,50,1,-1,-1,-1
309,3,603,599,50,50,1,-1,-1,-1
310,1,550,1139,50,50,1,-1,-1,-1
310,2,368,1002,50,50,1,-1,-1,-1
310,3,609,606,50,50,1,-1,-1,-1
311,1,533,1099,50,50,1,-1,-1,-1
311,2,380,1035,50,50,1,-1,-1,-1
311,3,616,620,50,50,1,-1,-1,-1
312,1,527,1044,50,50,1,-1,-1,-1
312,2,399,1060,50,50,1,-1,-1,-1
312,3,619,646,50,50,1,-1,-1,-1
313,1,532,982,50,50,1,-1,-1,-1
313,2,420,1091,50,50,1,-1,-1,-1
313,3,622,676,50,50,1,-1,-1,-1
314,1,534,924,50,50,1,-1,-1,-1
314,2,441,1125,50,50,1,-1,-1,-1
314,3,627,706,50,50,1,-1,-1,-1
315,1,536,875,50,50,1,-1,-1,-1
315,2,467,1155,50,50,1,-1,-1,-1
315,3,633,740,50,50,1,-1,-1,-1
316,1,539,828,50,50,1,-1,-1,-1
316,2,487,1163,50,50,1,-1,-1,-1
316,3,640,786,50,50,1,-1,-1,-1
317,1,543,785,50,50,1,-1,-1,-1
317,2,493,1147,50,50,1,-1,-1,-1
317,3,648,833,50,50,1,-1,-1,-1
318,1,546,746,50,50,1,-1,-1,-1
318,2,494,1126,50,50,1,-1,-1,-1
318,3,656,881,50,50,1,-1,-1,-1
319,1,549,709,50,50,1,-1,-1,-1
319,2,490,1091,50,50,1,-1,-1,-1
319,3,657,922,50,50,1,-1,-1,-1
320,1,551,686,50,50,1,-1,-1,-1
320,2,474,1013,50,50,1,-1,-1,-1
320,3,652,922,50,50,1,-1,-1,-1
321,1,556,668,50,50,1,-1,-1,-1
321,2,463,946,50,50,1,-1,-1,-1
321,3,631,924,50,50,1,-1,-1,-1
322,1,561,658,50,50,1,-1,-1,-1
322,2,453,890,50,50,1,-1,-1,-1
322,3,593,926,50,50,1,-1,-1,-1
323,1,567,648,50,50,1,-1,-1,-1
323,2,444,839,50,50,1,-1,-1,-1
323,3,552,937,50,50,1,-1,-1,-1
324,1,573,643,50,50,1,-1,-1,-1
324,2,434,794,50,50,1,-1,-1,-1
324,3,517,955,50,50,1,-1,-1,-1
325,1,581,646,50,50,1,-1,-1,-1
325,2,426,754,50,50,1,-1,-1,-1
325,3,497,973,50,50,1,-1,-1,-1
326,1,589,656,50,50,1,-1,-1,-1
326,2,418,720,50,50,1,-1,-1,-1
326,3,486,987,50,50,1,-1,-1,-1
327,1,596,673,50,50,1,-1,-1,-1
327,2,409,691,50,50,1,-1,-1,-1
327,3,481,1006,50,50,1,-1,-1,-1
328,1,601,697,50,50,1,-1,-1,-1
328,2,401,665,50,50,1,-1,-1,-1
328,3,483,1028,50,50,1,-1,-1,-1
329,1,606,724,50,50,1,-1,-1,-1
329,2,395,645,50,50,1,-1,-1,-1
329,3,484,1061,50,50,1,-1,-1,-1
330,1,614,754,50,50,1,-1,-1,-1
330,2,388,632,50,50,1,-1,-1,-1
330,3,486,1098,50,50,1,-1,-1,-1
331,1,622,787,50,50,1,-1,-1,-1
331,2,378,625,50,50,1,-1,-1,-1
331,3,488,1134,50,50,1,-1,-1,-1
332,1,628,826,50,50,1,-1,-1,-1
332,2,368,624,50,50,1,-1,-1,-1
332,3,488,1148,50,50,1,-1,-1,-1
333,1,634,866,50,50,1,-1,-1,-1
333,2,360,630,50,50,1,-1,-1,-1
333,3,495,1152,50,50,1,-1,-1,-1
334,1,641,903,50,50,1,-1,-1,-1
334,2,351,640,50,50,1,-1,-1,-1
334,3,498,1127,50,50,1,-1,-1,-1
335,1,647,941,50,50,1,-1,-1,-1
335,2,346,657,50,50,1,-1,-1,-1
335,3,492,1068,50,50,1,-1,-1,-1
336,1,649,976,50,50,1,-1,-1,-1
336,2,339,678,50,50,1,-1,-1,-1
336,3,485,1000,50,50,1,-1,-1,-1
337,1,647,1018,50,50,1,-1,-1,-1
337,2,333,702,50,50,1,-1,-1,-1
337,3,479,936,50,50,1,-1,-1,-1
338,1,643,1060,50,50,1,-1,-1,-1
338,2,326,734,50,50,1,-1,-1,-1
338,3,474,880,50,50,1,-1,-1,-1
339,1,633,1105,50,50,1,-1,-1,-1
339,2,320,775,50,50,1,-1,-1,-1
339,3,469,831,50,50,1,-1,-1,-1
340,1,622,1140,50,50,1,-1,-1,-1
340,2,313,820,50,50,1,-1,-1,-1
340,3,463,789,50,50,1,-1,-1,-1
341,1,611,1163,50,50,1,-1,-1,-1
341,2,307,871,50,50,1,-1,-1,-1
341,3,457,751,50,50,1,-1,-1,-1
342,1,604,1163,50,50,1,-1,-1,-1
342,2,304,917,50,50,1,-1,-1,-1
342,3,451,716,50,50,1,-1,-1,-1
343,1,594,1148,50,50,1,-1,-1,-1
343,2,306,946,50,50,1,-1,-1,-1
343,3,446,685,50,50,1,-1,-1,-1
344,1,587,1111,50,50,1,-1,-1,-1
344,2,315,956,50,50,1,-1,-1,-1
344,3,442,662,50,50,1,-1,-1,-1
345,1,586,1044,50,50,1,-1,-1,-1
345,2,341,959,50,50,1,-1,-1,-1
345,3,434,647,50,50,1,-1,-1,-1
346,1,587,969,50,50,1,-1,-1,-1
346,2,379,949,50,50,1,-1,-1,-1
346,3,429,637,50,50,1,-1,-1,-1
347,1,589,907,50,50,1,-1,-1,-1
347,2,428,942,50,50,1,-1,-1,-1
347,3,423,632,50,50,1,-1,-1,-1
348,1,592,855,50,50,1,-1,-1,-1
348,2,475,940,50,50,1,-1,-1,-1
348,3,417,628,50,50,1,-1,-1,-1
349,1,593,805,50,50,1,-1,-1,-1
349,2,518,943,50,50,1,-1,-1,-1
349,3,415,637,50,50,1,-1,-1,-1
350,1,593,758,50,50,1,-1,-1,-1
350,2,543,946,50,50,1,-1,-1,-1
350,3,413,653,50,50,1,-1,-1,-1
351,1,593,712,50,50,1,-1,-1,-1
351,2,572,957,50,50,1,-1,-1,-1
351,3,411,672,50,50,1,-1,-1,-1
352,1,595,669,50,50,1,-1,-1,-1
352,2,589,976,50,50,1,-1,-1,-1
352,3,408,695,50,50,1,-1,-1,-1
353,1,598,634,50,50,1,-1,-1,-1
353,2,591,1003,50,50,1,-1,-1,-1
353,3,405,726,50,50,1,-1,-1,-1
354,1,600,612,50,50,1,-1,-1,-1
354,2,592,1036,50,50,1,-1,-1,-1
354,3,402,760,50,50,1,-1,-1,-1
355,1,603,593,50,50,1,-1,-1,-1
355,2,587,1081,50,50,1,-1,-1,-1
355,3,399,796,50,50,1,-1,-1,-1
356,1,606,576,50,50,1,-1,-1,-1
356,2,585,1123,50,50,1,-1,-1,-1
356,3,398,836,50,50,1,-1,-1,-1
357,1,609,565,50,50,1,-1,-1,-1
357,2,581,1156,50,50,1,-1,-1,-1
357,3,399,880,50,50,1,-1,-1,-1
358,1,613,560,50,50,1,-1,-1,-1
358,2,577,1170,50,50,1,-1,-1,-1
358,3,400,925,50,50,1,-1,-1,-1
359,1,617,561,50,50,1,-1,-1,-1
359,2,571,1163,50,50,1,-1,-1,-1
359,3,401,964,50,50,1,-1,-1,-1
360,1,623,570,50,50,1,-1,-1,-1
360,2,563,1133,50,50,1,-1,-1,-1
360,3,404,993,50,50,1,-1,-1,-1
361,1,630,585,50,50,1,-1,-1,-1
361,2,554,1095,50,50,1,-1,-1,-1
361,3,410,1015,50,50,1,-1,-1,-1
362,1,636,609,50,50,1,-1,-1,-1
362,2,547,1037,50,50,1,-1,-1,-1
362,3,419,1042,50,50,1,-1,-1,-1
363,1,640,636,50,50,1,-1,-1,-1
363,2,547,973,50,50,1,-1,-1,-1
363,3,430,1069,50,50,1,-1,-1,-1
364,1,643,666,50,50,1,-1,-1,-1
364,2,547,909,50,50,1,-1,-1,-1
364,3,447,1099,50,50,1,-1,-1,-1
365,1,647,698,50,50,1,-1,-1,-1
365,2,543,869,50,50,1,-1,-1,-1
365,3,465,1126,50,50,1,-1,-1,-1
366,1,652,734,50,50,1,-1,-1,-1
366,2,543,823,50,50,1,-1,-1,-1
366,3,477,1142,50,50,1,-1,-1,-1
367,1,659,780,50,50,1,-1,-1,-1
367,2,542,776,50,50,1,-1,-1,-1
367,3,489,1151,50,50,1,-1,-1,-1
368,1,667,830,50,50,1,-1,-1,-1
368,2,542,734,50,50,1,-1,-1,-1
368,3,490,1143,50,50,1,-1,-1,-1
369,1,672,872,50,50,1,-1,-1,-1
369,2,542,704,50,50,1,-1,-1,-1
369,3,489,1112,50,50,1,-1,-1,-1
370,1,674,905,50,50,1,-1,-1,-1
370,2,541,680,50,50,1,-1,-1,-1
370,3,482,1062,50,50,1,-1,-1,-1
371,1,657,917,50,50,1,-1,-1,-1
371,2,541,668,50,50,1,-1,-1,-1
371,3,471,1001,50,50,1,-1,-1,-1
372,1,616,932,50,50,1,-1,-1,-1
372,2,542,656,50,50,1,-1,-1,-1
372,3,460,940,50,50,1,-1,-1,-1
373,1,575,949,50,50,1,-1,-1,-1
373,2,545,649,50,50,1,-1,-1,-1
373,3,449,882,50,50,1,-1,-1,-1
374,1,535,969,50,50,1,-1,-1,-1
374,2,548,646,50,50,1,-1,-1,-1
374,3,440,833,50,50,1,-1,-1,-1
375,1,507,985,50,50,1,-1,-1,-1
375,2,551,651,50,50,1,-1,-1,-1
375,3,432,789,50,50,1,-1,-1,-1
376,1,488,1003,50,50,1,-1,-1,-1
376,2,554,663,50,50,1,-1,-1,-1
376,3,423,752,50,50,1,-1,-1,-1
377,1,480,1032,50,50,1,-1,-1,-1
377,2,558,681,50,50,1,-1,-1,-1
377,3,414,724,50,50,1,-1,-1,-1
378,1,479,1066,50,50,1,-1,-1,-1
378,2,561,705,50,50,1,-1,-1,-1
378,3,406,703,50,50,1,-1,-1,-1
379,1,481,1100,50,50,1,-1,-1,-1
379,2,563,732,50,50,1,-1,-1,-1
379,3,398,682,50,50,1,-1,-1,-1
380,1,477,1124,50,50,1,-1,-1,-1
380,2,565,761,50,50,1,-1,-1,-1
380,3,390,662,50,50,1,-1,-1,-1
381,1,480,1144,50,50,1,-1,-1,-1
381,2,567,792,50,50,1,-1,-1,-1
381,3,382,650,50,50,1,-1,-1,-1
382,1,484,1158,50,50,1,-1,-1,-1
382,2,571,834,50,50,1,-1,-1,-1
382,3,373,647,50,50,1,-1,-1,-1
383,1,490,1153,50,50,1,-1,-1,-1
383,2,576,881,50,50,1,-1,-1,-1
383,3,364,651,50,50,1,-1,-1,-1
384,1,495,1126,50,50,1,-1,-1,-1
384,2,581,924,50,50,1,-1,-1,-1
384,3,356,662,50,50,1,-1,-1,-1
385,1,488,1083,50,50,1,-1,-1,-1
385,2,585,966,50,50,1,-1,-1,-1
385,3,349,678,50,50,1,-1,-1,-1
386,1,486,1022,50,50,1,-1,-1,-1
386,2,585,998,50,50,1,-1,-1,-1
386,3,343,698,50,50,1,-1,-1,-1
387,1,480,963,50,50,1,-1,-1,-1
387,2,583,1030,50,50,1,-1,-1,-1
387,3,339,724,50,50,1,-1,-1,-1
388,1,473,909,50,50,1,-1,-1,-1
388,2,586,1065,50,50,1,-1,-1,-1
388,3,335,753,50,50,1,-1,-1,-1
389,1,466,865,50,50,1,-1,-1,-1
389,2,590,1106,50,50,1,-1,-1,-1
389,3,330,786,50,50,1,-1,-1,-1
390,1,461,827,50,50,1,-1,-1,-1
390,2,595,1146,50,50,1,-1,-1,-1
390,3,323,825,50,50,1,-1,-1,-1
391,1,455,791,50,50,1,-1,-1,-1
391,2,596,1168,50,50,1,-1,-1,-1
391,3,316,871,50,50,1,-1,-1,-1
392,1,449,757,50,50,1,-1,-1,-1
392,2,592,1161,50,50,1,-1,-1,-1
392,3,316,921,50,50,1,-1,-1,-1
393,1,443,726,50,50,1,-1,-1,-1
393,2,586,1141,50,50,1,-1,-1,-1
393,3,318,957,50,50,1,-1,-1,-1
394,1,435,703,50,50,1,-1,-1,-1
394,2,579,1096,50,50,1,-1,-1,-1
394,3,313,963,50,50,1,-1,-1,-1
395,1,427,688,50,50,1,-1,-1,-1
395,2,573,1027,50,50,1,-1,-1,-1
395,3,328,964,50,50,1,-1,-1,-1
396,1,422,676,50,50,1,-1,-1,-1
396,2,576,961,50,50,1,-1,-1,-1
396,3,367,950,50,50,1,-1,-1,-1
397,1,417,669,50,50,1,-1,-1,-1
397,2,579,901,50,50,1,-1,-1,-1
397,3,413,940,50,50,1,-1,-1,-1
398,1,411,668,50,50,1,-1,-1,-1
398,2,578,850,50,50,1,-1,-1,-1
398,3,463,940,50,50,1,-1,-1,-1
399,1,406,676,50,50,1,-1,-1,-1
399,2,578,810,50,50,1,-1,-1,-1
399,3,509,944,50,50,1,-1,-1,-1
400,1,402,692,50,50,1,-1,-1,-1
400,2,578,766,50,50,1,-1,-1,-1
400,3,547,944,50,50,1,-1,-1,-1
401,1,398,711,50,50,1,-1,-1,-1
401,2,578,726,50,50,1,-1,-1,-1
401,3,568,953,50,50,1,-1,-1,-1
402,1,395,739,50,50,1,-1,-1,-1
402,2,579,693,50,50,1,-1,-1,-1
402,3,579,969,50,50,1,-1,-1,-1
403,1,392,767,50,50,1,-1,-1,-1
403,2,581,669,50,50,1,-1,-1,-1
403,3,579,1000,50,50,1,-1,-1,-1
404,1,388,798,50,50,1,-1,-1,-1
404,2,583,647,50,50,1,-1,-1,-1
404,3,574,1033,50,50,1,-1,-1,-1
405,1,387,840,50,50,1,-1,-1,-1
405,2,585,631,50,50,1,-1,-1,-1
405,3,571,1069,50,50,1,-1,-1,-1
406,1,387,888,50,50,1,-1,-1,-1
406,2,586,620,50,50,1,-1,-1,-1
406,3,569,1107,50,50,1,-1,-1,-1
407,1,384,925,50,50,1,-1,-1,-1
407,2,590,617,50,50,1,-1,-1,-1
407,3,566,1137,50,50,1,-1,-1,-1
408,1,383,951,50,50,1,-1,-1,-1
408,2,593,619,50,50,1,-1,-1,-1
408,3,561,1139,50,50,1,-1,-1,-1
409,1,385,973,50,50,1,-1,-1,-1
409,2,596,627,50,50,1,-1,-1,-1
409,3,554,1118,50,50,1,-1,-1,-1
410,1,395,1001,50,50,1,-1,-1,-1
410,2,599,645,50,50,1,-1,-1,-1
410,3,543,1078,50,50,1,-1,-1,-1
411,1,414,1030,50,50,1,-1,-1,-1
411,2,602,664,50,50,1,-1,-1,-1
411,3,534,1022,50,50,1,-1,-1,-1
412,1,434,1064,50,50,1,-1,-1,-1
412,2,604,686,50,50,1,-1,-1,-1
412,3,535,965,50,50,1,-1,-1,-1
413,1,454,1101,50,50,1,-1,-1,-1
413,2,606,714,50,50,1,-1,-1,-1
413,3,538,909,50,50,1,-1,-1,-1
414,1,476,1133,50,50,1,-1,-1,-1
414,2,610,747,50,50,1,-1,-1,-1
414,3,544,866,50,50,1,-1,-1,-1
415,1,489,1145,50,50,1,-1,-1,-1
415,2,615,788,50,50,1,-1,-1,-1
415,3,546,822,50,50,1,-1,-1,-1
416,1,497,1143,50,50,1,-1,-1,-1
416,2,621,834,50,50,1,-1,-1,-1
416,3,547,783,50,50,1,-1,-1,-1
417,1,492,1118,50,50,1,-1,-1,-1
417,2,623,879,50,50,1,-1,-1,-1
417,3,547,748,50,50,1,-1,-1,-1
418,1,478,1072,50,50,1,-1,-1,-1
418,2,626,919,50,50,1,-1,-1,-1
418,3,548,721,50,50,1,-1,-1,-1
419,1,467,1017,50,50,1,-1,-1,-1
419,2,632,943,50,50,1,-1,-1,-1
419,3,551,702,50,50,1,-1,-1,-1
420,1,457,959,50,50,1,-1,-1,-1
420,2,611,952,50,50,1,-1,-1,-1
420,3,554,691,50,50,1,-1,-1,-1
421,1,447,901,50,50,1,-1,-1,-1
421,2,579,958,50,50,1,-1,-1,-1
421,3,559,685,50,50,1,-1,-1,-1
422,1,441,849,50,50,1,-1,-1,-1
422,2,541,967,50,50,1,-1,-1,-1
422,3,562,680,50,50,1,-1,-1,-1
423,1,436,803,50,50,1,-1,-1,-1
423,2,512,979,50,50,1,-1,-1,-1
423,3,566,681,50,50,1,-1,-1,-1
424,1,430,760,50,50,1,-1,-1,-1
424,2,491,992,50,50,1,-1,-1,-1
424,3,571,686,50,50,1,-1,-1,-1
425,1,424,720,50,50,1,-1,-1,-1
425,2,483,1009,50,50,1,-1,-1,-1
425,3,573,705,50,50,1,-1,-1,-1
426,1,419,687,50,50,1,-1,-1,-1
426,2,479,1035,50,50,1,-1,-1,-1
426,3,576,726,50,50,1,-1,-1,-1
427,1,413,657,50,50,1,-1,-1,-1
427,2,483,1060,50,50,1,-1,-1,-1
427,3,582,751,50,50,1,-1,-1,-1
428,1,404,636,50,50,1,-1,-1,-1
428,2,488,1086,50,50,1,-1,-1,-1
428,3,588,781,50,50,1,-1,-1,-1
429,1,397,621,50,50,1,-1,-1,-1
429,2,490,1117,50,50,1,-1,-1,-1
429,3,594,815,50,50,1,-1,-1,-1
430,1,390,610,50,50,1,-1,-1,-1
430,2,494,1139,50,50,1,-1,-1,-1
430,3,600,850,50,50,1,-1,-1,-1
431,1,384,606,50,50,1,-1,-1,-1
431,2,496,1156,50,50,1,-1,-1,-1
431,3,604,891,50,50,1,-1,-1,-1
432,1,378,610,50,50,1,-1,-1,-1
432,2,503,1153,50,50,1,-1,-1,-1
432,3,607,929,50,50,1,-1,-1,-1
433,1,372,621,50,50,1,-1,-1,-1
433,2,504,1128,50,50,1,-1,-1,-1
433,3,607,958,50,50,1,-1,-1,-1
434,1,366,635,50,50,1,-1,-1,-1
434,2,503,1083,50,50,1,-1,-1,-1
434,3,606,979,50,50,1,-1,-1,-1
435,1,360,652,50,50,1,-1,-1,-1
435,2,497,1022,50,50,1,-1,-1,-1
435,3,608,1011,50,50,1,-1,-1,-1
436,1,357,679,50,50,1,-1,-1,-1
436,2,489,964,50,50,1,-1,-1,-1
436,3,608,1045,50,50,1,-1,-1,-1
437,1,354,713,50,50,1,-1,-1,-1
437,2,479,908,50,50,1,-1,-1,-1
437,3,605,1084,50,50,1,-1,-1,-1
438,1,350,751,50,50,1,-1,-1,-1
438,2,474,863,50,50,1,-1,-1,-1
438,3,600,1126,50,50,1,-1,-1,-1
439,1,347,795,50,50,1,-1,-1,-1
439,2,468,823,50,50,1,-1,-1,-1
439,3,593,1160,50,50,1,-1,-1,-1
440,1,345,841,50,50,1,-1,-1,-1
440,2,464,787,50,50,1,-1,-1,-1
440,3,594,1171,50,50,1,-1,-1,-1
441,1,343,887,50,50,1,-1,-1,-1
441,2,460,754,50,50,1,-1,-1,-1
441,3,590,1168,50,50,1,-1,-1,-1
442,1,342,925,50,50,1,-1,-1,-1
442,2,456,727,50,50,1,-1,-1,-1
442,3,581,1146,50,50,1,-1,-1,-1
443,1,345,948,50,50,1,-1,-1,-1
443,2,452,706,50,50,1,-1,-1,-1
443,3,574,1105,50,50,1,-1,-1,-1
444,1,361,951,50,50,1,-1,-1,-1
444,2,449,689,50,50,1,-1,-1,-1
444,3,572,1038,50,50,1,-1,-1,-1
445,1,403,946,50,50,1,-1,-1,-1
445,2,446,675,50,50,1,-1,-1,-1
445,3,574,967,50,50,1,-1,-1,-1
446,1,445,941,50,50,1,-1,-1,-1
446,2,439,672,50,50,1,-1,-1,-1
446,3,576,900,50,50,1,-1,-1,-1
447,1,487,941,50,50,1,-1,-1,-1
447,2,435,678,50,50,1,-1,-1,-1
447,3,575,837,50,50,1,-1,-1,-1
448,1,527,947,50,50,1,-1,-1,-1
448,2,433,692,50,50,1,-1,-1,-1
448,3,577,782,50,50,1,-1,-1,-1
449,1,554,952,50,50,1,-1,-1,-1
449,2,431,707,50,50,1,-1,-1,-1
449,3,577,729,50,50,1,-1,-1,-1
450,1,572,961,50,50,1,-1,-1,-1
450,2,430,726,50,50,1,-1,-1,-1
450,3,578,682,50,50,1,-1,-1,-1
451,1,582,976,50,50,1,-1,-1,-1
451,2,428,749,50,50,1,-1,-1,-1
451,3,578,645,50,50,1,-1,-1,-1
452,1,583,999,50,50,1,-1,-1,-1
452,2,427,778,50,50,1,-1,-1,-1
452,3,579,612,50,50,1,-1,-1,-1
453,1,585,1028,50,50,1,-1,-1,-1
453,2,426,811,50,50,1,-1,-1,-1
453,3,580,581,50,50,1,-1,-1,-1
454,1,580,1061,50,50,1,-1,-1,-1
454,2,425,852,50,50,1,-1,-1,-1
454,3,581,557,50,50,1,-1,-1,-1
455,1,574,1096,50,50,1,-1,-1,-1
455,2,425,895,50,50,1,-1,-1,-1
455,3,583,544,50,50,1,-1,-1,-1
456,1,569,1128,50,50,1,-1,-1,-1
456,2,426,940,50,50,1,-1,-1,-1
456,3,586,532,50,50,1,-1,-1,-1
457,1,565,1146,50,50,1,-1,-1,-1
457,2,425,981,50,50,1,-1,-1,-1
457,3,590,527,50,50,1,-1,-1,-1
458,1,556,1154,50,50,1,-1,-1,-1
458,2,427,1010,50,50,1,-1,-1,-1
458,3,594,527,50,50,1,-1,-1,-1
459,1,544,1134,50,50,1,-1,-1,-1
459,2,431,1033,50,50,1,-1,-1,-1
459,3,599,537,50,50,1,-1,-1,-1
460,1,532,1090,50,50,1,-1,-1,-1
460,2,441,1057,50,50,1,-1,-1,-1
460,3,602,550,50,50,1,-1,-1,-1
461,1,526,1034,50,50,1,-1,-1,-1
461,2,451,1080,50,50,1,-1,-1,-1
461,3,605,568,50,50,1,-1,-1,-1
462,1,525,976,50,50,1,-1,-1,-1
462,2,459,1113,50,50,1,-1,-1,-1
462,3,607,591,50,50,1,-1,-1,-1
463,1,525,917,50,50,1,-1,-1,-1
463,2,466,1139,50,50,1,-1,-1,-1
463,3,610,618,50,50,1,-1,-1,-1
464,1,529,868,50,50,1,-1,-1,-1
464,2,475,1156,50,50,1,-1,-1,-1
464,3,615,650,50,50,1,-1,-1,-1
465,1,534,821,50,50,1,-1,-1,-1
465,2,485,1167,50,50,1,-1,-1,-1
465,3,622,689,50,50,1,-1,-1,-1
466,1,537,782,50,50,1,-1,-1,-1
466,2,486,1165,50,50,1,-1,-1,-1
466,3,630,731,50,50,1,-1,-1,-1
467,1,537,746,50,50,1,-1,-1,-1
467,2,488,1155,50,50,1,-1,-1,-1
467,3,635,779,50,50,1,-1,-1,-1
468,1,538,711,50,50,1,-1,-1,-1
468,2,486,1131,50,50,1,-1,-1,-1
468,3,639,831,50,50,1,-1,-1,-1
469,1,541,685,50,50,1,-1,-1,-1
469,2,479,1091,50,50,1,-1,-1,-1
469,3,643,874,50,50,1,-1,-1,-1
470,1,544,667,50,50,1,-1,-1,-1
470,2,463,1026,50,50,1,-1,-1,-1
470,3,646,908,50,50,1,-1,-1,-1
471,1,547,655,50,50,1,-1,-1,-1
471,2,450,960,50,50,1,-1,-1,-1
471,3,621,917,50,50,1,-1,-1,-1
472,1,550,648,50,50,1,-1,-1,-1
472,2,442,900,50,50,1,-1,-1,-1
472,3,589,927,50,50,1,-1,-1,-1
473,1,556,646,50,50,1,-1,-1,-1
473,2,433,846,50,50,1,-1,-1,-1
473,3,548,946,50,50,1,-1,-1,-1
474,1,562,647,50,50,1,-1,-1,-1
474,2,425,798,50,50,1,-1,-1,-1
474,3,517,962,50,50,1,-1,-1,-1
475,1,567,656,50,50,1,-1,-1,-1
475,2,418,755,50,50,1,-1,-1,-1
475,3,494,976,50,50,1,-1,-1,-1
476,1,572,674,50,50,1,-1,-1,-1
476,2,412,719,50,50,1,-1,-1,-1
476,3,483,1002,50,50,1,-1,-1,-1
477,1,577,696,50,50,1,-1,-1,-1
477,2,405,689,50,50,1,-1,-1,-1
477,3,475,1032,50,50,1,-1,-1,-1
478,1,582,723,50,50,1,-1,-1,-1
478,2,398,661,50,50,1,-1,-1,-1
478,3,474,1064,50,50,1,-1,-1,-1
479,1,588,753,50,50,1,-1,-1,-1
479,2,390,637,50,50,1,-1,-1,-1
479,3,478,1100,50,50,1,-1,-1,-1
480,1,593,785,50,50,1,-1,-1,-1
480,2,381,622,50,50,1,-1,-1,-1
480,3,476,1132,50,50,1,-1,-1,-1
481,1,599,818,50,50,1,-1,-1,-1
481,2,375,613,50,50,1,-1,-1,-1
481,3,477,1157,50,50,1,-1,-1,-1
482,1,605,856,50,50,1,-1,-1,-1
482,2,368,611,50,50,1,-1,-1,-1
482,3,482,1164,50,50,1,-1,-1,-1
483,1,612,905,50,50,1,-1,-1,-1
483,2,362,614,50,50,1,-1,-1,-1
483,3,485,1148,50,50,1,-1,-1,-1
484,1,615,946,50,50,1,-1,-1,-1
484,2,357,623,50,50,1,-1,-1,-1
484,3,484,1114,50,50,1,-1,-1,-1
485,1,616,975,50,50,1,-1,-1,-1
485,2,352,635,50,50,1,-1,-1,-1
485,3,485,1074,50,50,1,-1,-1,-1
486,1,615,1006,50,50,1,-1,-1,-1
486,2,348,656,50,50,1,-1,-1,-1
486,3,482,1017,50,50,1,-1,-1,-1
487,1,614,1039,50,50,1,-1,-1,-1
487,2,345,682,50,50,1,-1,-1,-1
487,3,472,955,50,50,1,-1,-1,-1
488,1,608,1080,50,50,1,-1,-1,-1
488,2,341,713,50,50,1,-1,-1,-1
488,3,467,897,50,50,1,-1,-1,-1
489,1,601,1119,50,50,1,-1,-1,-1
489,2,337,749,50,50,1,-1,-1,-1
489,3,461,848,50,50,1,-1,-1,-1
490,1,597,1148,50,50,1,-1,-1,-1
490,2,333,790,50,50,1,-1,-1,-1
490,3,457,808,50,50,1,-1,-1,-1
491,1,591,1167,50,50,1,-1,-1,-1
491,2,330,838,50,50,1,-1,-1,-1
491,3,454,773,50,50,1,-1,-1,-1
492,1,583,1158,50,50,1,-1,-1,-1
492,2,328,885,50,50,1,-1,-1,-1
492,3,451,742,50,50,1,-1,-1,-1
493,1,573,1134,50,50,1,-1,-1,-1
493,2,329,918,50,50,1,-1,-1,-1
493,3,448,714,50,50,1,-1,-1,-1
494,1,570,1081,50,50,1,-1,-1,-1
494,2,330,931,50,50,1,-1,-1,-1
494,3,445,692,50,50,1,-1,-1,-1
495,1,569,1019,50,50,1,-1,-1,-1
495,2,346,941,50,50,1,-1,-1,-1
495,3,441,674,50,50,1,-1,-1,-1
496,1,572,952,50,50,1,-1,-1,-1
496,2,376,945,50,50,1,-1,-1,-1
496,3,437,662,50,50,1,-1,-1,-1
497,1,575,889,50,50,1,-1,-1,-1
497,2,414,943,50,50,1,-1,-1,-1
497,3,432,656,50,50,1,-1,-1,-1
498,1,576,832,50,50,1,-1,-1,-1
498,2,467,944,50,50,1,-1,-1,-1
498,3,425,658,50,50,1,-1,-1,-1
499,1,577,782,50,50,1,-1,-1,-1
499,2,512,946,50,50,1,-1,-1,-1
499,3,420,667,50,50,1,-1,-1,-1
500,1,578,734,50,50,1,-1,-1,-1
500,2,545,949,50,50,1,-1,-1,-1
500,3,418,681,50,50,1,-1,-1,-1
501,1,577,692,50,50,1,-1,-1,-1
501,2,566,964,50,50,1,-1,-1,-1
501,3,417,704,50,50,1,-1,-1,-1
502,1,578,650,50,50,1,-1,-1,-1
502,2,579,983,50,50,1,-1,-1,-1
502,3,416,728,50,50,1,-1,-1,-1
503,1,581,612,50,50,1,-1,-1,-1
503,2,584,1013,50,50,1,-1,-1,-1
503,3,414,754,50,50,1,-1,-1,-1
504,1,585,582,50,50,1,-1,-1,-1
504,2,588,1047,50,50,1,-1,-1,-1
504,3,413,787,50,50,1,-1,-1,-1
505,1,590,565,50,50,1,-1,-1,-1
505,2,585,1084,50,50,1,-1,-1,-1
505,3,412,826,50,50,1,-1,-1,-1
506,1,595,552,50,50,1,-1,-1,-1
506,2,579,1123,50,50,1,-1,-1,-1
506,3,412,871,50,50,1,-1,-1,-1
507,1,598,541,50,50,1,-1,-1,-1
507,2,575,1156,50,50,1,-1,-1,-1
507,3,413,920,50,50,1,-1,-1,-1
508,1,602,538,50,50,1,-1,-1,-1
508,2,570,1165,50,50,1,-1,-1,-1
508,3,414,958,50,50,1,-1,-1,-1
509,1,608,538,50,50,1,-1,-1,-1
509,2,559,1159,50,50,1,-1,-1,-1
509,3,415,995,50,50,1,-1,-1,-1
510,1,612,544,50,50,1,-1,-1,-1
510,2,546,1130,50,50,1,-1,-1,-1
510,3,420,1022,50,50,1,-1,-1,-1
511,1,617,559,50,50,1,-1,-1,-1
511,2,534,1086,50,50,1,-1,-1,-1
511,3,424,1054,50,50,1,-1,-1,-1
512,1,623,580,50,50,1,-1,-1,-1
512,2,531,1032,50,50,1,-1,-1,-1
512,3,432,1087,50,50,1,-1,-1,-1
513,1,629,605,50,50,1,-1,-1,-1
513,2,529,971,50,50,1,-1,-1,-1
513,3,441,1115,50,50,1,-1,-1,-1
514,1,635,633,50,50,1,-1,-1,-1
514,2,527,914,50,50,1,-1,-1,-1
514,3,452,1139,50,50,1,-1,-1,-1
515,1,641,664,50,50,1,-1,-1,-1
515,2,528,870,50,50,1,-1,-1,-1
515,3,464,1155,50,50,1,-1,-1,-1
516,1,646,704,50,50,1,-1,-1,-1
516,2,530,826,50,50,1,-1,-1,-1
516,3,474,1164,50,50,1,-1,-1,-1
517,1,651,751,50,50,1,-1,-1,-1
517,2,532,787,50,50,1,-1,-1,-1
517,3,482,1164,50,50,1,-1,-1,-1
518,1,657,800,50,50,1,-1,-1,-1
518,2,533,753,50,50,1,-1,-1,-1
518,3,487,1157,50,50,1,-1,-1,-1
519,1,667,852,50,50,1,-1,-1,-1
519,2,534,724,50,50,1,-1,-1,-1
519,3,485,1126,50,50,1,-1,-1,-1
520,1,670,897,50,50,1,-1,-1,-1
520,2,536,700,50,50,1,-1,-1,-1
520,3,480,1087,50,50,1,-1,-1,-1
521,1,657,922,50,50,1,-1,-1,-1
521,2,539,685,50,50,1,-1,-1,-1
521,3,468,1018,50,50,1,-1,-1,-1
522,1,624,933,50,50,1,-1,-1,-1
522,2,540,677,50,50,1,-1,-1,-1
522,3,455,955,50,50,1,-1,-1,-1
523,1,583,940,50,50,1,-1,-1,-1
523,2,542,672,50,50,1,-1,-1,-1
523,3,449,894,50,50,1,-1,-1,-1
524,1,542,953,50,50,1,-1,-1,-1
524,2,546,671,50,50,1,-1,-1,-1
524,3,445,842,50,50,1,-1,-1,-1
525,1,510,968,50,50,1,-1,-1,-1
525,2,551,676,50,50,1,-1,-1,-1
525,3,442,797,50,50,1,-1,-1,-1
526,1,487,981,50,50,1,-1,-1,-1
526,2,554,692,50,50,1,-1,-1,-1
526,3,438,757,50,50,1,-1,-1,-1
527,1,477,999,50,50,1,-1,-1,-1
527,2,557,711,50,50,1,-1,-1,-1
527,3,433,725,50,50,1,-1,-1,-1
528,1,472,1018,50,50,1,-1,-1,-1
528,2,560,733,50,50,1,-1,-1,-1
528,3,428,701,50,50,1,-1,-1,-1
529,1,472,1036,50,50,1,-1,-1,-1
529,2,563,760,50,50,1,-1,-1,-1
529,3,423,680,50,50,1,-1,-1,-1
530,1,473,1049,50,50,1,-1,-1,-1
530,2,568,795,50,50,1,-1,-1,-1
530,3,417,661,50,50,1,-1,-1,-1
531,1,475,1053,50,50,1,-1,-1,-1
531,2,573,833,50,50,1,-1,-1,-1
531,3,411,648,50,50,1,-1,-1,-1
532,1,472,1063,50,50,1,-1,-1,-1
532,2,579,877,50,50,1,-1,-1,-1
532,3,407,642,50,50,1,-1,-1,-1
533,1,468,1072,50,50,1,-1,-1,-1
533,2,585,920,50,50,1,-1,-1,-1
533,3,402,644,50,50,1,-1,-1,-1
534,1,460,1074,50,50,1,-1,-1,-1
534,2,588,948,50,50,1,-1,-1,-1
534,3,396,650,50,50,1,-1,-1,-1
535,1,453,1077,50,50,1,-1,-1,-1
535,2,582,958,50,50,1,-1,-1,-1
535,3,394,663,50,50,1,-1,-1,-1
536,1,445,1076,50,50,1,-1,-1,-1
536,2,583,973,50,50,1,-1,-1,-1
536,3,392,683,50,50,1,-1,-1,-1
537,1,436,1075,50,50,1,-1,-1,-1
537,2,593,988,50,50,1,-1,-1,-1
537,3,390,706,50,50,1,-1,-1,-1
538,1,424,1075,50,50,1,-1,-1,-1
538,2,604,996,50,50,1,-1,-1,-1
538,3,388,731,50,50,1,-1,-1,-1
539,1,411,1076,50,50,1,-1,-1,-1
539,2,612,1007,50,50,1,-1,-1,-1
539,3,385,762,50,50,1,-1,-1,-1
540,1,397,1078,50,50,1,-1,-1,-1
540,2,619,1012,50,50,1,-1,-1,-1
540,3,382,800,50,50,1,-1,-1,-1
541,1,382,1079,50,50,1,-1,-1,-1
541,2,625,1018,50,50,1,-1,-1,-1
541,3,381,843,50,50,1,-1,-1,-1
542,1,369,1080,50,50,1,-1,-1,-1
542,2,628,1023,50,50,1,-1,-1,-1
542,3,383,891,50,50,1,-1,-1,-1
543,1,357,1081,50,50,1,-1,-1,-1
543,2,631,1024,50,50,1,-1,-1,-1
543,3,384,943,50,50,1,-1,-1,-1
544,1,355,1072,50,50,1,-1,-1,-1
544,2,633,1025,50,50,1,-1,-1,-1
544,3,384,999,50,50,1,-1,-1,-1
545,1,351,1064,50,50,1,-1,-1,-1
545,2,635,1026,50,50,1,-1,-1,-1
545,3,381,1042,50,50,1,-1,-1,-1
546,1,350,1064,50,50,1,-1,-1,-1
546,2,635,1024,50,50,1,-1,-1,-1
546,3,376,1039,50,50,1,-1,-1,-1
547,1,350,1066,50,50,1,-1,-1,-1
547,2,637,1023,50,50,1,-1,-1,-1
547,3,373,1037,50,50,1,-1,-1,-1
548,1,349,1068,50,50,1,-1,-1,-1
548,2,637,1020,50,50,1,-1,-1,-1
548,3,373,1043,50,50,1,-1,-1,-1
549,1,347,1069,50,50,1,-1,-1,-1
549,2,639,1021,50,50,1,-1,-1,-1
549,3,371,1042,50,50,1,-1,-1,-1
550,1,346,1071,50,50,1,-1,-1,-1
550,2,640,1021,50,50,1,-1,-1,-1
550,3,369,1046,50,50,1,-1,-1,-1
551,1,342,1074,50,50,1,-1,-1,-1
551,2,642,1021,50,50,1,-1,-1,-1
551,3,369,1048,50,50,1,-1,-1,-1
552,1,338,1089,50,50,1,-1,-1,-1
552,2,644,1022,50,50,1,-1,-1,-1
552,3,368,1058,50,50,1,-1,-1,-1
553,1,337,1107,50,50,1,-1,-1,-1
553,2,642,1025,50,50,1,-1,-1,-1
553,3,366,1068,50,50,1,-1,-1,-1
554,1,340,1115,50,50,1,-1,-1,-1
554,2,641,1029,50,50,1,-1,-1,-1
554,3,363,1086,50,50,1,-1,-1,-1
555,1,342,1127,50,50,1,-1,-1,-1
555,2,641,1030,50,50,1,-1,-1,-1
555,3,363,1100,50,50,1,-1,-1,-1
556,1,343,1140,50,50,1,-1,-1,-1
556,2,641,1031,50,50,1,-1,-1,-1
556,3,361,1112,50,50,1,-1,-1,-1
557,1,345,1146,50,50,1,-1,-1,-1
557,2,641,1035,50,50,1,-1,-1,-1
557,3,361,1118,50,50,1,-1,-1,-1
558,1,348,1146,50,50,1,-1,-1,-1
558,2,638,1036,50,50,1,-1,-1,-1
558,3,359,1116,50,50,1,-1,-1,-1
559,1,349,1144,50,50,1,-1,-1,-1
559,2,636,1035,50,50,1,-1,-1,-1
559,3,355,1112,50,50,1,-1,-1,-1
560,1,348,1143,50,50,1,-1,-1,-1
560,2,635,1031,50,50,1,-1,-1,-1
560,3,355,1115,50,50,1,-1,-1,-1
561,1,341,1156,50,50,1,-1,-1,-1
561,2,636,1026,50,50,1,-1,-1,-1
561,3,354,1123,50,50,1,-1,-1,-1
562,1,333,1163,50,50,1,-1,-1,-1
562,2,637,1028,50,50,1,-1,-1,-1
562,3,353,1130,50,50,1,-1,-1,-1
563,1,329,1154,50,50,1,-1,-1,-1
563,2,639,1029,50,50,1,-1,-1,-1
563,3,352,1137,50,50,1,-1,-1,-1
564,1,325,1142,50,50,1,-1,-1,-1
564,2,644,1033,50,50,1,-1,-1,-1
564,3,355,1119,50,50,1,-1,-1,-1
565,1,322,1117,50,50,1,-1,-1,-1
565,2,650,1034,50,50,1,-1,-1,-1
565,3,353,1094,50,50,1,-1,-1,-1
566,1,319,1090,50,50,1,-1,-1,-1
566,2,653,1033,50,50,1,-1,-1,-1
566,3,352,1069,50,50,1,-1,-1,-1
567,1,316,1064,50,50,1,-1,-1,-1
567,2,656,1034,50,50,1,-1,-1,-1
567,3,354,1048,50,50,1,-1,-1,-1
568,1,316,1045,50,50,1,-1,-1,-1
568,2,660,1034,50,50,1,-1,-1,-1
568,3,357,1028,50,50,1,-1,-1,-1
569,1,320,1029,50,50,1,-1,-1,-1
569,2,664,1033,50,50,1,-1,-1,-1
569,3,361,1013,50,50,1,-1,-1,-1
570,1,324,1013,50,50,1,-1,-1,-1
570,2,667,1031,50,50,1,-1,-1,-1
570,3,365,1004,50,50,1,-1,-1,-1
571,1,329,1005,50,50,1,-1,-1,-1
571,2,670,1029,50,50,1,-1,-1,-1
571,3,370,1000,50,50,1,-1,-1,-1
572,1,332,1005,50,50,1,-1,-1,-1
572,2,675,1028,50,50,1,-1,-1,-1
572,3,373,997,50,50,1,-1,-1,-1
573,1,334,1009,50,50,1,-1,-1,-1
573,2,679,1028,50,50,1,-1,-1,-1
573,3,376,998,50,50,1,-1,-1,-1
574,1,337,1012,50,50,1,-1,-1,-1
574,2,681,1028,50,50,1,-1,-1,-1
574,3,378,1000,50,50,1,-1,-1,-1
575,1,340,1018,50,50,1,-1,-1,-1
575,2,681,1028,50,50,1,-1,-1,-1
575,3,380,1007,50,50,1,-1,-1,-1
576,1,342,1028,50,50,1,-1,-1,-1
576,2,681,1028,50,50,1,-1,-1,-1
576,3,380,1012,50,50,1,-1,-1,-1
577,1,344,1032,50,50,1,-1,-1,-1
577,2,680,1028,50,50,1,-1,-1,-1
577,3,381,1020,50,50,1,-1,-1,-1
578,1,346,1039,50,50,1,-1,-1,-1
578,2,678,1029,50,50,1,-1,-1,-1
578,3,383,1028,50,50,1,-1,-1,-1
579,1,346,1045,50,50,1,-1,-1,-1
579,2,675,1031,50,50,1,-1,-1,-1
579,3,385,1035,50,50,1,-1,-1,-1
580,1,345,1051,50,50,1,-1,-1,-1
580,2,672,1033,50,50,1,-1,-1,-1
580,3,386,1042,50,50,1,-1,-1,-1
581,1,347,1057,50,50,1,-1,-1,-1
581,2,669,1035,50,50,1,-1,-1,-1
581,3,389,1051,50,50,1,-1,-1,-1
582,1,349,1063,50,50,1,-1,-1,-1
582,2,667,1035,50,50,1,-1,-1,-1
582,3,390,1058,50,50,1,-1,-1,-1
583,1,351,1068,50,50,1,-1,-1,-1
583,2,666,1035,50,50,1,-1,-1,-1
583,3,389,1061,50,50,1,-1,-1,-1
584,1,350,1071,50,50,1,-1,-1,-1
584,2,665,1037,50,50,1,-1,-1,-1
584,3,391,1065,50,50,1,-1,-1,-1
585,1,351,1075,50,50,1,-1,-1,-1
585,2,664,1040,50,50,1,-1,-1,-1
585,3,389,1068,50,50,1,-1,-1,-1
586,1,351,1076,50,50,1,-1,-1,-1
586,2,662,1040,50,50,1,-1,-1,-1
586,3,389,1068,50,50,1,-1,-1,-1
587,1,351,1075,50,50,1,-1,-1,-1
587,2,660,1039,50,50,1,-1,-1,-1
587,3,391,1072,50,50,1,-1,-1,-1
588,1,351,1076,50,50,1,-1,-1,-1
588,2,658,1039,50,50,1,-1,-1,-1
588,3,392,1072,50,50,1,-1,-1,-1
589,1,351,1077,50,50,1,-1,-1,-1
589,2,656,1041,50,50,1,-1,-1,-1
589,3,391,1072,50,50,1,-1,-1,-1
590,1,351,1076,50,50,1,-1,-1,-1
590,2,654,1041,50,50,1,-1,-1,-1
590,3,390,1069,50,50,1,-1,-1,-1
591,1,351,1074,50,50,1,-1,-1,-1
591,2,653,1039,50,50,1,-1,-1,-1
591,3,390,1068,50,50,1,-1,-1,-1
592,1,351,1074,50,50,1,-1,-1,-1
592,2,653,1038,50,50,1,-1,-1,-1
592,3,389,1067,50,50,1,-1,-1,-1
593,1,351,1075,50,50,1,-1,-1,-1
593,2,654,1039,50,50,1,-1,-1,-1
593,3,389,1069,50,50,1,-1,-1,-1
594,1,351,1076,50,50,1,-1,-1,-1
594,2,654,1040,50,50,1,-1,-1,-1
594,3,388,1070,50,50,1,-1,-1,-1
595,1,351,1077,50,50,1,-1,-1,-1
595,2,654,1041,50,50,1,-1,-1,-1
595,3,389,1072,50,50,1,-1,-1,-1
596,1,351,1079,50,50,1,-1,-1,-1
596,2,655,1041,50,50,1,-1,-1,-1
596,3,389,1072,50,50,1,-1,-1,-1
597,1,352,1077,50,50,1,-1,-1,-1
597,2,655,1039,50,50,1,-1,-1,-1
597,3,390,1074,50,50,1,-1,-1,-1
598,1,353,1078,50,50,1,-1,-1,-1
598,2,656,1039,50,50,1,-1,-1,-1
598,3,391,1074,50,50,1,-1,-1,-1
599,1,354,1078,50,50,1,-1,-1,-1
599,2,658,1040,50,50,1,-1,-1,-1
599,3,392,1074,50,50,1,-1,-1,-1
600,1,355,1080,50,50,1,-1,-1,-1
600,2,660,1042,50,50,1,-1,-1,-1
600,3,394,1076,50,50,1,-1,-1,-1
601,1,358,1085,50,50,1,-1,-1,-1
601,2,662,1047,50,50,1,-1,-1,-1
601,3,397,1081,50,50,1,-1,-1,-1
602,1,360,1089,50,50,1,-1,-1,-1
602,2,664,1052,50,50,1,-1,-1,-1
602,3,400,1086,50,50,1,-1,-1,-1
603,1,366,1098,50,50,1,-1,-1,-1
603,2,665,1060,50,50,1,-1,-1,-1
603,3,404,1095,50,50,1,-1,-1,-1
604,1,373,1111,50,50,1,-1,-1,-1
604,2,663,1074,50,50,1,-1,-1,-1
604,3,409,1108,50,50,1,-1,-1,-1
605,1,380,1129,50,50,1,-1,-1,-1
605,2,661,1096,50,50,1,-1,-1,-1
605,3,415,1123,50,50,1,-1,-1,-1
