2,1,466,1113,50,50,1,-1,-1,-1
2,2,633,1144,50,50,1,-1,-1,-1
3,1,463,1115,50,50,1,-1,-1,-1
3,2,631,1141,50,50,1,-1,-1,-1
4,1,460,1123,50,50,1,-1,-1,-1
4,2,630,1140,50,50,1,-1,-1,-1
5,1,457,1137,50,50,1,-1,-1,-1
5,2,629,1136,50,50,1,-1,-1,-1
6,1,454,1156,50,50,1,-1,-1,-1
6,2,628,1132,50,50,1,-1,-1,-1
7,1,452,1181,50,50,1,-1,-1,-1
7,2,626,1129,50,50,1,-1,-1,-1
8,1,449,1208,50,50,1,-1,-1,-1
8,2,626,1125,50,50,1,-1,-1,-1
9,1,448,1231,50,50,1,-1,-1,-1
9,2,626,1121,50,50,1,-1,-1,-1
10,1,450,1241,50,50,1,-1,-1,-1
10,2,625,1119,50,50,1,-1,-1,-1
11,1,454,1241,50,50,1,-1,-1,-1
11,2,626,1116,50,50,1,-1,-1,-1
12,1,460,1228,50,50,1,-1,-1,-1
12,2,627,1116,50,50,1,-1,-1,-1
13,1,467,1199,50,50,1,-1,-1,-1
13,2,628,1116,50,50,1,-1,-1,-1
14,1,470,1152,50,50,1,-1,-1,-1
14,2,629,1116,50,50,1,-1,-1,-1
15,1,468,1093,50,50,1,-1,-1,-1
15,2,630,1116,50,50,1,-1,-1,-1
16,1,464,1039,50,50,1,-1,-1,-1
16,2,632,1118,50,50,1,-1,-1,-1
17,1,460,985,50,50,1,-1,-1,-1
17,2,635,1121,50,50,1,-1,-1,-1
18,1,456,937,50,50,1,-1,-1,-1
18,2,638,1124,50,50,1,-1,-1,-1
18,3,445,1048,50,50,1,-1,-1,-1
19,1,453,895,50,50,1,-1,-1,-1
19,2,640,1127,50,50,1,-1,-1,-1
19,3,441,1063,50,50,1,-1,-1,-1
20,1,448,857,50,50,1,-1,-1,-1
20,2,643,1131,50,50,1,-1,-1,-1
20,3,437,1093,50,50,1,-1,-1,-1
21,1,444,826,50,50,1,-1,-1,-1
21,2,645,1135,50,50,1,-1,-1,-1
21,3,437,1133,50,50,1,-1,-1,-1
22,1,440,800,50,50,1,-1,-1,-1
22,2,647,1138,50,50,1,-1,-1,-1
22,3,437,1176,50,50,1,-1,-1,-1
23,1,435,779,50,50,1,-1,-1,-1
23,2,648,1141,50,50,1,-1,-1,-1
23,3,435,1213,50,50,1,-1,-1,-1
24,1,431,764,50,50,1,-1,-1,-1
24,2,648,1145,50,50,1,-1,-1,-1
24,3,438,1235,50,50,1,-1,-1,-1
25,1,426,754,50,50,1,-1,-1,-1
25,2,648,1149,50,50,1,-1,-1,-1
25,3,442,1243,50,50,1,-1,-1,-1
26,1,422,750,50,50,1,-1,-1,-1
26,2,648,1153,50,50,1,-1,-1,-1
26,3,449,1239,50,50,1,-1,-1,-1
27,1,418,750,50,50,1,-1,-1,-1
27,2,648,1158,50,50,1,-1,-1,-1
27,3,458,1221,50,50,1,-1,-1,-1
28,1,414,757,50,50,1,-1,-1,-1
28,2,648,1163,50,50,1,-1,-1,-1
28,3,467,1186,50,50,1,-1,-1,-1
29,1,410,769,50,50,1,-1,-1,-1
29,2,646,1168,50,50,1,-1,-1,-1
29,3,476,1134,50,50,1,-1,-1,-1
30,1,405,787,50,50,1,-1,-1,-1
30,2,645,1173,50,50,1,-1,-1,-1
30,3,484,1074,50,50,1,-1,-1,-1
31,1,396,839,50,50,1,-1,-1,-1
31,2,639,1184,50,50,1,-1,-1,-1
31,3,497,971,50,50,1,-1,-1,-1
32,1,392,873,50,50,1,-1,-1,-1
32,2,636,1191,50,50,1,-1,-1,-1
32,3,506,927,50,50,1,-1,-1,-1
33,1,388,912,50,50,1,-1,-1,-1
33,2,631,1199,50,50,1,-1,-1,-1
33,3,514,885,50,50,1,-1,-1,-1
34,1,383,957,50,50,1,-1,-1,-1
34,2,624,1209,50,50,1,-1,-1,-1
34,3,522,849,50,50,1,-1,-1,-1
35,1,379,1006,50,50,1,-1,-1,-1
35,2,617,1219,50,50,1,-1,-1,-1
35,3,530,819,50,50,1,-1,-1,-1
36,1,377,1046,50,50,1,-1,-1,-1
36,2,610,1229,50,50,1,-1,-1,-1
36,3,537,794,50,50,1,-1,-1,-1
37,1,381,1063,50,50,1,-1,-1,-1
37,2,602,1238,50,50,1,-1,-1,-1
37,3,544,776,50,50,1,-1,-1,-1
38,1,387,1056,50,50,1,-1,-1,-1
38,2,593,1245,50,50,1,-1,-1,-1
38,3,553,762,50,50,1,-1,-1,-1
39,1,393,1072,50,50,1,-1,-1,-1
39,2,585,1251,50,50,1,-1,-1,-1
39,3,560,754,50,50,1,-1,-1,-1
40,1,398,1082,50,50,1,-1,-1,-1
40,2,578,1253,50,50,1,-1,-1,-1
40,3,568,751,50,50,1,-1,-1,-1
41,1,401,1087,50,50,1,-1,-1,-1
41,2,572,1251,50,50,1,-1,-1,-1
41,3,575,754,50,50,1,-1,-1,-1
42,1,404,1097,50,50,1,-1,-1,-1
42,2,566,1244,50,50,1,-1,-1,-1
42,3,583,762,50,50,1,-1,-1,-1
43,1,408,1105,50,50,1,-1,-1,-1
43,2,562,1229,50,50,1,-1,-1,-1
43,3,591,775,50,50,1,-1,-1,-1
44,1,409,1114,50,50,1,-1,-1,-1
44,2,561,1202,50,50,1,-1,-1,-1
44,3,598,794,50,50,1,-1,-1,-1
45,1,411,1121,50,50,1,-1,-1,-1
45,2,562,1160,50,50,1,-1,-1,-1
45,3,606,818,50,50,1,-1,-1,-1
46,1,412,1127,50,50,1,-1,-1,-1
46,2,564,1099,50,50,1,-1,-1,-1
46,3,613,847,50,50,1,-1,-1,-1
47,1,413,1131,50,50,1,-1,-1,-1
47,2,566,1038,50,50,1,-1,-1,-1
47,3,620,882,50,50,1,-1,-1,-1
48,1,411,1135,50,50,1,-1,-1,-1
48,2,569,982,50,50,1,-1,-1,-1
48,3,628,921,50,50,1,-1,-1,-1
49,1,409,1137,50,50,1,-1,-1,-1
49,2,573,928,50,50,1,-1,-1,-1
49,3,635,966,50,50,1,-1,-1,-1
50,1,408,1140,50,50,1,-1,-1,-1
50,2,576,880,50,50,1,-1,-1,-1
50,3,643,1010,50,50,1,-1,-1,-1
51,1,404,1141,50,50,1,-1,-1,-1
51,2,579,836,50,50,1,-1,-1,-1
51,3,653,1038,50,50,1,-1,-1,-1
52,1,402,1142,50,50,1,-1,-1,-1
52,2,582,799,50,50,1,-1,-1,-1
52,3,673,1060,50,50,1,-1,-1,-1
53,1,399,1142,50,50,1,-1,-1,-1
53,2,585,767,50,50,1,-1,-1,-1
53,3,672,1085,50,50,1,-1,-1,-1
54,1,397,1143,50,50,1,-1,-1,-1
54,2,589,740,50,50,1,-1,-1,-1
54,3,669,1111,50,50,1,-1,-1,-1
55,1,394,1143,50,50,1,-1,-1,-1
55,2,592,719,50,50,1,-1,-1,-1
55,3,661,1139,50,50,1,-1,-1,-1
56,1,392,1142,50,50,1,-1,-1,-1
56,2,595,703,50,50,1,-1,-1,-1
56,3,650,1169,50,50,1,-1,-1,-1
57,1,390,1142,50,50,1,-1,-1,-1
57,2,598,692,50,50,1,-1,-1,-1
57,3,634,1196,50,50,1,-1,-1,-1
58,1,389,1142,50,50,1,-1,-1,-1
58,2,601,688,50,50,1,-1,-1,-1
58,3,619,1216,50,50,1,-1,-1,-1
59,1,388,1142,50,50,1,-1,-1,-1
59,2,605,688,50,50,1,-1,-1,-1
59,3,606,1225,50,50,1,-1,-1,-1
60,1,388,1143,50,50,1,-1,-1,-1
60,2,608,694,50,50,1,-1,-1,-1
60,3,596,1225,50,50,1,-1,-1,-1
61,1,387,1145,50,50,1,-1,-1,-1
61,2,611,705,50,50,1,-1,-1,-1
61,3,587,1213,50,50,1,-1,-1,-1
62,1,388,1148,50,50,1,-1,-1,-1
62,2,613,722,50,50,1,-1,-1,-1
62,3,580,1189,50,50,1,-1,-1,-1
63,1,388,1154,50,50,1,-1,-1,-1
63,2,616,744,50,50,1,-1,-1,-1
63,3,575,1151,50,50,1,-1,-1,-1
64,1,389,1160,50,50,1,-1,-1,-1
64,2,619,771,50,50,1,-1,-1,-1
64,3,569,1098,50,50,1,-1,-1,-1
65,1,389,1167,50,50,1,-1,-1,-1
65,2,622,804,50,50,1,-1,-1,-1
65,3,560,1043,50,50,1,-1,-1,-1
66,1,390,1176,50,50,1,-1,-1,-1
66,2,625,842,50,50,1,-1,-1,-1
66,3,553,993,50,50,1,-1,-1,-1
67,1,390,1186,50,50,1,-1,-1,-1
67,2,628,885,50,50,1,-1,-1,-1
67,3,544,946,50,50,1,-1,-1,-1
68,1,391,1197,50,50,1,-1,-1,-1
68,2,631,933,50,50,1,-1,-1,-1
68,3,536,904,50,50,1,-1,-1,-1
69,1,394,1210,50,50,1,-1,-1,-1
69,2,634,987,50,50,1,-1,-1,-1
69,3,527,869,50,50,1,-1,-1,-1
70,1,397,1224,50,50,1,-1,-1,-1
70,2,637,1021,50,50,1,-1,-1,-1
70,3,517,837,50,50,1,-1,-1,-1
71,1,400,1237,50,50,1,-1,-1,-1
71,2,647,1036,50,50,1,-1,-1,-1
71,3,508,810,50,50,1,-1,-1,-1
72,1,406,1247,50,50,1,-1,-1,-1
72,2,653,1045,50,50,1,-1,-1,-1
72,3,499,790,50,50,1,-1,-1,-1
73,1,414,1254,50,50,1,-1,-1,-1
73,2,653,1052,50,50,1,-1,-1,-1
73,3,490,777,50,50,1,-1,-1,-1
74,1,423,1258,50,50,1,-1,-1,-1
74,2,651,1057,50,50,1,-1,-1,-1
74,3,482,768,50,50,1,-1,-1,-1
75,1,434,1257,50,50,1,-1,-1,-1
75,2,648,1061,50,50,1,-1,-1,-1
75,3,473,764,50,50,1,-1,-1,-1
76,1,447,1246,50,50,1,-1,-1,-1
76,2,647,1065,50,50,1,-1,-1,-1
76,3,464,766,50,50,1,-1,-1,-1
77,1,458,1224,50,50,1,-1,-1,-1
77,2,647,1070,50,50,1,-1,-1,-1
77,3,455,773,50,50,1,-1,-1,-1
78,1,469,1183,50,50,1,-1,-1,-1
78,2,647,1075,50,50,1,-1,-1,-1
78,3,446,786,50,50,1,-1,-1,-1
79,1,475,1121,50,50,1,-1,-1,-1
79,2,647,1080,50,50,1,-1,-1,-1
79,3,438,804,50,50,1,-1,-1,-1
80,1,472,1049,50,50,1,-1,-1,-1
80,2,647,1084,50,50,1,-1,-1,-1
80,3,428,827,50,50,1,-1,-1,-1
81,1,468,981,50,50,1,-1,-1,-1
81,2,647,1088,50,50,1,-1,-1,-1
81,3,420,855,50,50,1,-1,-1,-1
82,1,463,919,50,50,1,-1,-1,-1
82,2,647,1092,50,50,1,-1,-1,-1
82,3,412,888,50,50,1,-1,-1,-1
83,1,458,860,50,50,1,-1,-1,-1
83,2,648,1096,50,50,1,-1,-1,-1
83,3,403,927,50,50,1,-1,-1,-1
84,1,455,807,50,50,1,-1,-1,-1
84,2,649,1099,50,50,1,-1,-1,-1
84,3,394,970,50,50,1,-1,-1,-1
85,1,450,760,50,50,1,-1,-1,-1
85,2,651,1101,50,50,1,-1,-1,-1
85,3,384,1014,50,50,1,-1,-1,-1
86,1,446,718,50,50,1,-1,-1,-1
86,2,654,1104,50,50,1,-1,-1,-1
86,3,377,1044,50,50,1,-1,-1,-1
87,1,441,681,50,50,1,-1,-1,-1
87,2,655,1106,50,50,1,-1,-1,-1
87,3,369,1071,50,50,1,-1,-1,-1
88,1,437,650,50,50,1,-1,-1,-1
88,2,656,1108,50,50,1,-1,-1,-1
88,3,368,1096,50,50,1,-1,-1,-1
89,1,432,624,50,50,1,-1,-1,-1
89,2,657,1110,50,50,1,-1,-1,-1
89,3,371,1130,50,50,1,-1,-1,-1
90,1,427,604,50,50,1,-1,-1,-1
90,2,658,1112,50,50,1,-1,-1,-1
90,3,374,1169,50,50,1,-1,-1,-1
91,1,422,589,50,50,1,-1,-1,-1
91,2,659,1115,50,50,1,-1,-1,-1
91,3,380,1206,50,50,1,-1,-1,-1
92,1,418,580,50,50,1,-1,-1,-1
92,2,661,1117,50,50,1,-1,-1,-1
92,3,391,1231,50,50,1,-1,-1,-1
93,1,413,577,50,50,1,-1,-1,-1
93,2,662,1119,50,50,1,-1,-1,-1
93,3,402,1245,50,50,1,-1,-1,-1
94,1,409,578,50,50,1,-1,-1,-1
94,2,665,1122,50,50,1,-1,-1,-1
94,3,413,1248,50,50,1,-1,-1,-1
95,1,404,586,50,50,1,-1,-1,-1
95,2,666,1126,50,50,1,-1,-1,-1
95,3,425,1243,50,50,1,-1,-1,-1
96,1,399,600,50,50,1,-1,-1,-1
96,2,667,1130,50,50,1,-1,-1,-1
96,3,440,1223,50,50,1,-1,-1,-1
97,1,395,619,50,50,1,-1,-1,-1
97,2,667,1133,50,50,1,-1,-1,-1
97,3,451,1186,50,50,1,-1,-1,-1
98,1,390,644,50,50,1,-1,-1,-1
98,2,667,1138,50,50,1,-1,-1,-1
98,3,462,1131,50,50,1,-1,-1,-1
99,1,385,674,50,50,1,-1,-1,-1
99,2,666,1144,50,50,1,-1,-1,-1
99,3,470,1065,50,50,1,-1,-1,-1
100,1,381,711,50,50,1,-1,-1,-1
100,2,665,1150,50,50,1,-1,-1,-1
100,3,478,1005,50,50,1,-1,-1,-1
101,1,376,751,50,50,1,-1,-1,-1
101,2,663,1156,50,50,1,-1,-1,-1
101,3,485,949,50,50,1,-1,-1,-1
102,1,372,798,50,50,1,-1,-1,-1
102,2,660,1163,50,50,1,-1,-1,-1
102,3,493,896,50,50,1,-1,-1,-1
103,1,367,851,50,50,1,-1,-1,-1
103,2,655,1170,50,50,1,-1,-1,-1
103,3,501,849,50,50,1,-1,-1,-1
104,1,362,909,50,50,1,-1,-1,-1
104,2,650,1179,50,50,1,-1,-1,-1
104,3,509,806,50,50,1,-1,-1,-1
105,1,357,972,50,50,1,-1,-1,-1
105,2,642,1192,50,50,1,-1,-1,-1
105,3,516,771,50,50,1,-1,-1,-1
106,1,353,1024,50,50,1,-1,-1,-1
106,2,633,1205,50,50,1,-1,-1,-1
106,3,524,740,50,50,1,-1,-1,-1
107,1,355,1041,50,50,1,-1,-1,-1
107,2,623,1220,50,50,1,-1,-1,-1
107,3,531,715,50,50,1,-1,-1,-1
108,1,360,1055,50,50,1,-1,-1,-1
108,2,610,1236,50,50,1,-1,-1,-1
108,3,538,695,50,50,1,-1,-1,-1
109,1,367,1064,50,50,1,-1,-1,-1
109,2,598,1249,50,50,1,-1,-1,-1
109,3,546,681,50,50,1,-1,-1,-1
110,1,373,1079,50,50,1,-1,-1,-1
110,2,584,1257,50,50,1,-1,-1,-1
110,3,553,672,50,50,1,-1,-1,-1
111,1,380,1091,50,50,1,-1,-1,-1
111,2,574,1260,50,50,1,-1,-1,-1
111,3,560,669,50,50,1,-1,-1,-1
112,1,384,1101,50,50,1,-1,-1,-1
112,2,564,1256,50,50,1,-1,-1,-1
112,3,568,671,50,50,1,-1,-1,-1
113,1,389,1109,50,50,1,-1,-1,-1
113,2,555,1242,50,50,1,-1,-1,-1
113,3,575,678,50,50,1,-1,-1,-1
114,1,393,1116,50,50,1,-1,-1,-1
114,2,550,1217,50,50,1,-1,-1,-1
114,3,582,691,50,50,1,-1,-1,-1
115,1,394,1121,50,50,1,-1,-1,-1
115,2,549,1170,50,50,1,-1,-1,-1
115,3,589,709,50,50,1,-1,-1,-1
116,1,396,1127,50,50,1,-1,-1,-1
116,2,552,1110,50,50,1,-1,-1,-1
116,3,597,732,50,50,1,-1,-1,-1
117,1,397,1132,50,50,1,-1,-1,-1
117,2,558,1044,50,50,1,-1,-1,-1
117,3,604,761,50,50,1,-1,-1,-1
118,1,397,1137,50,50,1,-1,-1,-1
118,2,565,982,50,50,1,-1,-1,-1
118,3,611,795,50,50,1,-1,-1,-1
119,1,396,1141,50,50,1,-1,-1,-1
119,2,572,924,50,50,1,-1,-1,-1
119,3,617,834,50,50,1,-1,-1,-1
120,1,394,1143,50,50,1,-1,-1,-1
120,2,580,871,50,50,1,-1,-1,-1
120,3,625,878,50,50,1,-1,-1,-1
121,1,393,1146,50,50,1,-1,-1,-1
121,2,586,824,50,50,1,-1,-1,-1
121,3,632,926,50,50,1,-1,-1,-1
122,1,392,1148,50,50,1,-1,-1,-1
122,2,594,782,50,50,1,-1,-1,-1
122,3,640,978,50,50,1,-1,-1,-1
123,1,390,1151,50,50,1,-1,-1,-1
123,2,601,745,50,50,1,-1,-1,-1
123,3,641,1012,50,50,1,-1,-1,-1
124,1,390,1153,50,50,1,-1,-1,-1
124,2,608,714,50,50,1,-1,-1,-1
124,3,649,1037,50,50,1,-1,-1,-1
125,1,391,1155,50,50,1,-1,-1,-1
125,2,615,689,50,50,1,-1,-1,-1
125,3,648,1067,50,50,1,-1,-1,-1
126,1,391,1158,50,50,1,-1,-1,-1
126,2,622,669,50,50,1,-1,-1,-1
126,3,645,1106,50,50,1,-1,-1,-1
127,1,394,1160,50,50,1,-1,-1,-1
127,2,629,654,50,50,1,-1,-1,-1
127,3,640,1147,50,50,1,-1,-1,-1
128,1,396,1162,50,50,1,-1,-1,-1
128,2,635,645,50,50,1,-1,-1,-1
128,3,631,1184,50,50,1,-1,-1,-1
129,1,398,1164,50,50,1,-1,-1,-1
129,2,642,642,50,50,1,-1,-1,-1
129,3,622,1213,50,50,1,-1,-1,-1
130,1,401,1165,50,50,1,-1,-1,-1
130,2,649,643,50,50,1,-1,-1,-1
130,3,617,1224,50,50,1,-1,-1,-1
131,1,404,1168,50,50,1,-1,-1,-1
131,2,655,650,50,50,1,-1,-1,-1
131,3,614,1221,50,50,1,-1,-1,-1
132,1,406,1172,50,50,1,-1,-1,-1
132,2,662,663,50,50,1,-1,-1,-1
132,3,612,1203,50,50,1,-1,-1,-1
133,1,408,1177,50,50,1,-1,-1,-1
133,2,668,681,50,50,1,-1,-1,-1
133,3,611,1172,50,50,1,-1,-1,-1
134,1,409,1184,50,50,1,-1,-1,-1
134,2,675,704,50,50,1,-1,-1,-1
134,3,609,1126,50,50,1,-1,-1,-1
135,1,409,1191,50,50,1,-1,-1,-1
135,2,682,733,50,50,1,-1,-1,-1
135,3,605,1068,50,50,1,-1,-1,-1
136,1,410,1199,50,50,1,-1,-1,-1
136,2,688,766,50,50,1,-1,-1,-1
136,3,598,1012,50,50,1,-1,-1,-1
137,1,411,1206,50,50,1,-1,-1,-1
137,2,694,804,50,50,1,-1,-1,-1
137,3,591,961,50,50,1,-1,-1,-1
138,1,411,1215,50,50,1,-1,-1,-1
138,2,700,848,50,50,1,-1,-1,-1
138,3,582,913,50,50,1,-1,-1,-1
139,1,414,1223,50,50,1,-1,-1,-1
139,2,707,896,50,50,1,-1,-1,-1
139,3,575,872,50,50,1,-1,-1,-1
140,1,416,1233,50,50,1,-1,-1,-1
140,2,712,949,50,50,1,-1,-1,-1
140,3,567,835,50,50,1,-1,-1,-1
141,1,419,1242,50,50,1,-1,-1,-1
141,2,719,1003,50,50,1,-1,-1,-1
141,3,559,805,50,50,1,-1,-1,-1
142,1,422,1251,50,50,1,-1,-1,-1
142,2,720,1023,50,50,1,-1,-1,-1
142,3,551,780,50,50,1,-1,-1,-1
143,1,427,1257,50,50,1,-1,-1,-1
143,2,717,1034,50,50,1,-1,-1,-1
143,3,543,760,50,50,1,-1,-1,-1
144,1,433,1261,50,50,1,-1,-1,-1
144,2,713,1044,50,50,1,-1,-1,-1
144,3,535,745,50,50,1,-1,-1,-1
145,1,443,1262,50,50,1,-1,-1,-1
145,2,707,1055,50,50,1,-1,-1,-1
145,3,527,736,50,50,1,-1,-1,-1
146,1,454,1260,50,50,1,-1,-1,-1
146,2,702,1067,50,50,1,-1,-1,-1
146,3,520,733,50,50,1,-1,-1,-1
147,1,467,1253,50,50,1,-1,-1,-1
147,2,697,1077,50,50,1,-1,-1,-1
147,3,512,735,50,50,1,-1,-1,-1
148,1,483,1238,50,50,1,-1,-1,-1
148,2,692,1085,50,50,1,-1,-1,-1
148,3,504,742,50,50,1,-1,-1,-1
149,1,500,1210,50,50,1,-1,-1,-1
149,2,687,1091,50,50,1,-1,-1,-1
149,3,496,755,50,50,1,-1,-1,-1
150,1,514,1163,50,50,1,-1,-1,-1
150,2,683,1095,50,50,1,-1,-1,-1
150,3,488,774,50,50,1,-1,-1,-1
151,1,522,1100,50,50,1,-1,-1,-1
151,2,678,1097,50,50,1,-1,-1,-1
151,3,479,797,50,50,1,-1,-1,-1
152,1,519,1035,50,50,1,-1,-1,-1
152,2,674,1097,50,50,1,-1,-1,-1
152,3,471,825,50,50,1,-1,-1,-1
153,1,514,973,50,50,1,-1,-1,-1
153,2,671,1098,50,50,1,-1,-1,-1
153,3,463,861,50,50,1,-1,-1,-1
154,1,507,915,50,50,1,-1,-1,-1
154,2,671,1099,50,50,1,-1,-1,-1
154,3,457,900,50,50,1,-1,-1,-1
155,1,502,863,50,50,1,-1,-1,-1
155,2,671,1100,50,50,1,-1,-1,-1
155,3,449,945,50,50,1,-1,-1,-1
156,1,494,813,50,50,1,-1,-1,-1
156,2,672,1101,50,50,1,-1,-1,-1
156,3,441,990,50,50,1,-1,-1,-1
157,1,490,772,50,50,1,-1,-1,-1
157,2,675,1105,50,50,1,-1,-1,-1
157,3,424,1026,50,50,1,-1,-1,-1
158,1,485,735,50,50,1,-1,-1,-1
158,2,677,1110,50,50,1,-1,-1,-1
158,3,408,1057,50,50,1,-1,-1,-1
159,1,479,704,50,50,1,-1,-1,-1
159,2,680,1115,50,50,1,-1,-1,-1
159,3,400,1091,50,50,1,-1,-1,-1
160,1,473,678,50,50,1,-1,-1,-1
160,2,682,1122,50,50,1,-1,-1,-1
160,3,396,1128,50,50,1,-1,-1,-1
161,1,467,658,50,50,1,-1,-1,-1
161,2,685,1128,50,50,1,-1,-1,-1
161,3,392,1163,50,50,1,-1,-1,-1
162,1,461,643,50,50,1,-1,-1,-1
162,2,687,1134,50,50,1,-1,-1,-1
162,3,391,1196,50,50,1,-1,-1,-1
163,1,454,634,50,50,1,-1,-1,-1
163,2,689,1140,50,50,1,-1,-1,-1
163,3,395,1222,50,50,1,-1,-1,-1
164,1,450,630,50,50,1,-1,-1,-1
164,2,690,1145,50,50,1,-1,-1,-1
164,3,398,1240,50,50,1,-1,-1,-1
165,1,444,632,50,50,1,-1,-1,-1
165,2,690,1149,50,50,1,-1,-1,-1
165,3,405,1247,50,50,1,-1,-1,-1
166,1,438,639,50,50,1,-1,-1,-1
166,2,689,1153,50,50,1,-1,-1,-1
166,3,416,1247,50,50,1,-1,-1,-1
167,1,432,653,50,50,1,-1,-1,-1
167,2,687,1157,50,50,1,-1,-1,-1
167,3,429,1236,50,50,1,-1,-1,-1
168,1,427,671,50,50,1,-1,-1,-1
168,2,685,1161,50,50,1,-1,-1,-1
168,3,444,1210,50,50,1,-1,-1,-1
169,1,421,695,50,50,1,-1,-1,-1
169,2,683,1164,50,50,1,-1,-1,-1
169,3,457,1167,50,50,1,-1,-1,-1
170,1,415,724,50,50,1,-1,-1,-1
170,2,680,1166,50,50,1,-1,-1,-1
170,3,470,1105,50,50,1,-1,-1,-1
171,1,409,759,50,50,1,-1,-1,-1
171,2,676,1170,50,50,1,-1,-1,-1
171,3,481,1038,50,50,1,-1,-1,-1
172,1,404,799,50,50,1,-1,-1,-1
172,2,672,1174,50,50,1,-1,-1,-1
172,3,490,979,50,50,1,-1,-1,-1
173,1,398,845,50,50,1,-1,-1,-1
173,2,666,1179,50,50,1,-1,-1,-1
173,3,499,926,50,50,1,-1,-1,-1
174,1,392,896,50,50,1,-1,-1,-1
174,2,659,1185,50,50,1,-1,-1,-1
174,3,510,873,50,50,1,-1,-1,-1
175,1,386,952,50,50,1,-1,-1,-1
175,2,652,1192,50,50,1,-1,-1,-1
175,3,520,828,50,50,1,-1,-1,-1
176,1,380,1007,50,50,1,-1,-1,-1
176,2,644,1199,50,50,1,-1,-1,-1
176,3,530,787,50,50,1,-1,-1,-1
177,1,381,1037,50,50,1,-1,-1,-1
177,2,636,1208,50,50,1,-1,-1,-1
177,3,540,754,50,50,1,-1,-1,-1
178,1,376,1048,50,50,1,-1,-1,-1
178,2,628,1217,50,50,1,-1,-1,-1
178,3,550,725,50,50,1,-1,-1,-1
179,1,380,1061,50,50,1,-1,-1,-1
179,2,619,1227,50,50,1,-1,-1,-1
179,3,559,702,50,50,1,-1,-1,-1
180,1,386,1072,50,50,1,-1,-1,-1
180,2,611,1238,50,50,1,-1,-1,-1
180,3,569,685,50,50,1,-1,-1,-1
181,1,389,1079,50,50,1,-1,-1,-1
181,2,601,1248,50,50,1,-1,-1,-1
181,3,578,673,50,50,1,-1,-1,-1
182,1,392,1082,50,50,1,-1,-1,-1
182,2,593,1256,50,50,1,-1,-1,-1
182,3,588,666,50,50,1,-1,-1,-1
183,1,395,1085,50,50,1,-1,-1,-1
183,2,586,1256,50,50,1,-1,-1,-1
183,3,598,665,50,50,1,-1,-1,-1
184,1,398,1088,50,50,1,-1,-1,-1
184,2,579,1251,50,50,1,-1,-1,-1
184,3,607,668,50,50,1,-1,-1,-1
185,1,403,1093,50,50,1,-1,-1,-1
185,2,575,1234,50,50,1,-1,-1,-1
185,3,616,678,50,50,1,-1,-1,-1
186,1,406,1096,50,50,1,-1,-1,-1
186,2,574,1197,50,50,1,-1,-1,-1
186,3,625,693,50,50,1,-1,-1,-1
187,1,410,1100,50,50,1,-1,-1,-1
187,2,575,1143,50,50,1,-1,-1,-1
187,3,635,712,50,50,1,-1,-1,-1
188,1,412,1105,50,50,1,-1,-1,-1
188,2,579,1077,50,50,1,-1,-1,-1
188,3,644,737,50,50,1,-1,-1,-1
189,1,414,1110,50,50,1,-1,-1,-1
189,2,583,1014,50,50,1,-1,-1,-1
189,3,653,768,50,50,1,-1,-1,-1
190,1,414,1113,50,50,1,-1,-1,-1
190,2,589,957,50,50,1,-1,-1,-1
190,3,661,802,50,50,1,-1,-1,-1
191,1,415,1117,50,50,1,-1,-1,-1
191,2,594,902,50,50,1,-1,-1,-1
191,3,671,843,50,50,1,-1,-1,-1
192,1,415,1122,50,50,1,-1,-1,-1
192,2,598,854,50,50,1,-1,-1,-1
192,3,680,887,50,50,1,-1,-1,-1
193,1,414,1125,50,50,1,-1,-1,-1
193,2,602,811,50,50,1,-1,-1,-1
193,3,688,937,50,50,1,-1,-1,-1
194,1,413,1128,50,50,1,-1,-1,-1
194,2,606,774,50,50,1,-1,-1,-1
194,3,698,988,50,50,1,-1,-1,-1
195,1,411,1132,50,50,1,-1,-1,-1
195,2,610,741,50,50,1,-1,-1,-1
195,3,704,1024,50,50,1,-1,-1,-1
196,1,410,1136,50,50,1,-1,-1,-1
196,2,614,715,50,50,1,-1,-1,-1
196,3,707,1049,50,50,1,-1,-1,-1
197,1,410,1139,50,50,1,-1,-1,-1
197,2,618,693,50,50,1,-1,-1,-1
197,3,699,1082,50,50,1,-1,-1,-1
198,1,409,1141,50,50,1,-1,-1,-1
198,2,622,677,50,50,1,-1,-1,-1
198,3,686,1119,50,50,1,-1,-1,-1
199,1,409,1142,50,50,1,-1,-1,-1
199,2,626,667,50,50,1,-1,-1,-1
199,3,672,1160,50,50,1,-1,-1,-1
200,1,408,1143,50,50,1,-1,-1,-1
200,2,630,662,50,50,1,-1,-1,-1
200,3,651,1193,50,50,1,-1,-1,-1
201,1,408,1145,50,50,1,-1,-1,-1
201,2,634,663,50,50,1,-1,-1,-1
201,3,632,1210,50,50,1,-1,-1,-1
202,1,408,1147,50,50,1,-1,-1,-1
202,2,638,668,50,50,1,-1,-1,-1
202,3,616,1213,50,50,1,-1,-1,-1
203,1,407,1149,50,50,1,-1,-1,-1
203,2,643,680,50,50,1,-1,-1,-1
203,3,606,1201,50,50,1,-1,-1,-1
204,1,408,1153,50,50,1,-1,-1,-1
204,2,647,697,50,50,1,-1,-1,-1
204,3,598,1175,50,50,1,-1,-1,-1
205,1,407,1158,50,50,1,-1,-1,-1
205,2,650,720,50,50,1,-1,-1,-1
205,3,591,1132,50,50,1,-1,-1,-1
206,1,406,1165,50,50,1,-1,-1,-1
206,2,654,748,50,50,1,-1,-1,-1
206,3,583,1076,50,50,1,-1,-1,-1
207,1,406,1174,50,50,1,-1,-1,-1
207,2,658,781,50,50,1,-1,-1,-1
207,3,574,1018,50,50,1,-1,-1,-1
208,1,406,1184,50,50,1,-1,-1,-1
208,2,662,819,50,50,1,-1,-1,-1
208,3,565,967,50,50,1,-1,-1,-1
209,1,406,1196,50,50,1,-1,-1,-1
209,2,665,863,50,50,1,-1,-1,-1
209,3,555,918,50,50,1,-1,-1,-1
210,1,406,1208,50,50,1,-1,-1,-1
210,2,669,911,50,50,1,-1,-1,-1
210,3,546,877,50,50,1,-1,-1,-1
211,1,407,1221,50,50,1,-1,-1,-1
211,2,673,966,50,50,1,-1,-1,-1
211,3,535,838,50,50,1,-1,-1,-1
212,1,409,1235,50,50,1,-1,-1,-1
212,2,675,1019,50,50,1,-1,-1,-1
212,3,525,806,50,50,1,-1,-1,-1
213,1,410,1247,50,50,1,-1,-1,-1
213,2,681,1038,50,50,1,-1,-1,-1
213,3,514,780,50,50,1,-1,-1,-1
214,1,413,1256,50,50,1,-1,-1,-1
214,2,679,1051,50,50,1,-1,-1,-1
214,3,504,759,50,50,1,-1,-1,-1
215,1,418,1262,50,50,1,-1,-1,-1
215,2,675,1061,50,50,1,-1,-1,-1
215,3,494,744,50,50,1,-1,-1,-1
216,1,426,1265,50,50,1,-1,-1,-1
216,2,670,1072,50,50,1,-1,-1,-1
216,3,484,733,50,50,1,-1,-1,-1
217,1,437,1263,50,50,1,-1,-1,-1
217,2,667,1082,50,50,1,-1,-1,-1
217,3,473,729,50,50,1,-1,-1,-1
218,1,448,1255,50,50,1,-1,-1,-1
218,2,664,1090,50,50,1,-1,-1,-1
218,3,463,730,50,50,1,-1,-1,-1
219,1,460,1237,50,50,1,-1,-1,-1
219,2,662,1097,50,50,1,-1,-1,-1
219,3,453,737,50,50,1,-1,-1,-1
220,1,472,1201,50,50,1,-1,-1,-1
220,2,660,1102,50,50,1,-1,-1,-1
220,3,443,749,50,50,1,-1,-1,-1
221,1,478,1142,50,50,1,-1,-1,-1
221,2,658,1105,50,50,1,-1,-1,-1
221,3,433,766,50,50,1,-1,-1,-1
222,1,480,1072,50,50,1,-1,-1,-1
222,2,656,1108,50,50,1,-1,-1,-1
222,3,423,789,50,50,1,-1,-1,-1
223,1,477,1006,50,50,1,-1,-1,-1
223,2,654,1110,50,50,1,-1,-1,-1
223,3,413,817,50,50,1,-1,-1,-1
224,1,472,944,50,50,1,-1,-1,-1
224,2,653,1111,50,50,1,-1,-1,-1
224,3,403,851,50,50,1,-1,-1,-1
225,1,466,883,50,50,1,-1,-1,-1
225,2,653,1112,50,50,1,-1,-1,-1
225,3,393,890,50,50,1,-1,-1,-1
226,1,461,829,50,50,1,-1,-1,-1
226,2,653,1112,50,50,1,-1,-1,-1
226,3,383,934,50,50,1,-1,-1,-1
227,1,459,781,50,50,1,-1,-1,-1
227,2,654,1113,50,50,1,-1,-1,-1
227,3,373,984,50,50,1,-1,-1,-1
228,1,454,738,50,50,1,-1,-1,-1
228,2,655,1113,50,50,1,-1,-1,-1
228,3,364,1032,50,50,1,-1,-1,-1
229,1,450,700,50,50,1,-1,-1,-1
229,2,656,1114,50,50,1,-1,-1,-1
229,3,353,1066,50,50,1,-1,-1,-1
230,1,445,668,50,50,1,-1,-1,-1
230,2,656,1116,50,50,1,-1,-1,-1
230,3,348,1094,50,50,1,-1,-1,-1
231,1,441,642,50,50,1,-1,-1,-1
231,2,656,1118,50,50,1,-1,-1,-1
231,3,354,1123,50,50,1,-1,-1,-1
232,1,436,620,50,50,1,-1,-1,-1
232,2,656,1123,50,50,1,-1,-1,-1
232,3,362,1151,50,50,1,-1,-1,-1
233,1,431,605,50,50,1,-1,-1,-1
233,2,656,1126,50,50,1,-1,-1,-1
233,3,369,1184,50,50,1,-1,-1,-1
234,1,427,595,50,50,1,-1,-1,-1
234,2,655,1128,50,50,1,-1,-1,-1
234,3,381,1213,50,50,1,-1,-1,-1
235,1,422,591,50,50,1,-1,-1,-1
235,2,654,1130,50,50,1,-1,-1,-1
235,3,394,1233,50,50,1,-1,-1,-1
236,1,418,592,50,50,1,-1,-1,-1
236,2,653,1131,50,50,1,-1,-1,-1
236,3,407,1240,50,50,1,-1,-1,-1
237,1,414,598,50,50,1,-1,-1,-1
237,2,653,1133,50,50,1,-1,-1,-1
237,3,421,1242,50,50,1,-1,-1,-1
238,1,409,610,50,50,1,-1,-1,-1
238,2,653,1136,50,50,1,-1,-1,-1
238,3,436,1234,50,50,1,-1,-1,-1
239,1,405,629,50,50,1,-1,-1,-1
239,2,653,1140,50,50,1,-1,-1,-1
239,3,450,1214,50,50,1,-1,-1,-1
240,1,400,652,50,50,1,-1,-1,-1
240,2,653,1145,50,50,1,-1,-1,-1
240,3,463,1174,50,50,1,-1,-1,-1
241,1,396,681,50,50,1,-1,-1,-1
241,2,653,1152,50,50,1,-1,-1,-1
241,3,472,1118,50,50,1,-1,-1,-1
242,1,391,715,50,50,1,-1,-1,-1
242,2,653,1158,50,50,1,-1,-1,-1
242,3,481,1055,50,50,1,-1,-1,-1
243,1,386,756,50,50,1,-1,-1,-1
243,2,651,1164,50,50,1,-1,-1,-1
243,3,488,1002,50,50,1,-1,-1,-1
244,1,381,800,50,50,1,-1,-1,-1
244,2,648,1169,50,50,1,-1,-1,-1
244,3,495,952,50,50,1,-1,-1,-1
245,1,377,851,50,50,1,-1,-1,-1
245,2,644,1175,50,50,1,-1,-1,-1
245,3,502,903,50,50,1,-1,-1,-1
246,1,373,906,50,50,1,-1,-1,-1
246,2,639,1183,50,50,1,-1,-1,-1
246,3,509,863,50,50,1,-1,-1,-1
247,1,369,967,50,50,1,-1,-1,-1
247,2,632,1192,50,50,1,-1,-1,-1
247,3,517,827,50,50,1,-1,-1,-1
248,1,361,1021,50,50,1,-1,-1,-1
248,2,625,1202,50,50,1,-1,-1,-1
248,3,526,795,50,50,1,-1,-1,-1
249,1,360,1041,50,50,1,-1,-1,-1
249,2,616,1215,50,50,1,-1,-1,-1
249,3,533,770,50,50,1,-1,-1,-1
250,1,363,1055,50,50,1,-1,-1,-1
250,2,605,1229,50,50,1,-1,-1,-1
250,3,540,751,50,50,1,-1,-1,-1
251,1,370,1066,50,50,1,-1,-1,-1
251,2,594,1242,50,50,1,-1,-1,-1
251,3,547,736,50,50,1,-1,-1,-1
252,1,376,1075,50,50,1,-1,-1,-1
252,2,582,1251,50,50,1,-1,-1,-1
252,3,554,727,50,50,1,-1,-1,-1
253,1,380,1083,50,50,1,-1,-1,-1
253,2,571,1255,50,50,1,-1,-1,-1
253,3,561,723,50,50,1,-1,-1,-1
254,1,383,1089,50,50,1,-1,-1,-1
254,2,560,1253,50,50,1,-1,-1,-1
254,3,568,725,50,50,1,-1,-1,-1
255,1,386,1093,50,50,1,-1,-1,-1
255,2,552,1242,50,50,1,-1,-1,-1
255,3,575,732,50,50,1,-1,-1,-1
256,1,389,1097,50,50,1,-1,-1,-1
256,2,545,1218,50,50,1,-1,-1,-1
256,3,582,744,50,50,1,-1,-1,-1
257,1,391,1101,50,50,1,-1,-1,-1
257,2,543,1178,50,50,1,-1,-1,-1
257,3,589,762,50,50,1,-1,-1,-1
258,1,393,1104,50,50,1,-1,-1,-1
258,2,545,1118,50,50,1,-1,-1,-1
258,3,596,784,50,50,1,-1,-1,-1
259,1,395,1107,50,50,1,-1,-1,-1
259,2,549,1052,50,50,1,-1,-1,-1
259,3,603,812,50,50,1,-1,-1,-1
260,1,395,1109,50,50,1,-1,-1,-1
260,2,555,990,50,50,1,-1,-1,-1
260,3,610,845,50,50,1,-1,-1,-1
261,1,395,1111,50,50,1,-1,-1,-1
261,2,560,929,50,50,1,-1,-1,-1
261,3,617,883,50,50,1,-1,-1,-1
262,1,393,1113,50,50,1,-1,-1,-1
262,2,565,874,50,50,1,-1,-1,-1
262,3,623,925,50,50,1,-1,-1,-1
263,1,393,1116,50,50,1,-1,-1,-1
263,2,570,826,50,50,1,-1,-1,-1
263,3,630,969,50,50,1,-1,-1,-1
264,1,390,1119,50,50,1,-1,-1,-1
264,2,574,782,50,50,1,-1,-1,-1
264,3,641,1004,50,50,1,-1,-1,-1
265,1,388,1122,50,50,1,-1,-1,-1
265,2,579,743,50,50,1,-1,-1,-1
265,3,651,1023,50,50,1,-1,-1,-1
266,1,387,1125,50,50,1,-1,-1,-1
266,2,584,711,50,50,1,-1,-1,-1
266,3,653,1049,50,50,1,-1,-1,-1
267,1,387,1127,50,50,1,-1,-1,-1
267,2,589,683,50,50,1,-1,-1,-1
267,3,653,1082,50,50,1,-1,-1,-1
268,1,387,1129,50,50,1,-1,-1,-1
268,2,594,662,50,50,1,-1,-1,-1
268,3,651,1121,50,50,1,-1,-1,-1
269,1,387,1131,50,50,1,-1,-1,-1
269,2,598,645,50,50,1,-1,-1,-1
269,3,645,1166,50,50,1,-1,-1,-1
270,1,388,1133,50,50,1,-1,-1,-1
270,2,603,634,50,50,1,-1,-1,-1
270,3,634,1203,50,50,1,-1,-1,-1
271,1,388,1134,50,50,1,-1,-1,-1
271,2,608,628,50,50,1,-1,-1,-1
271,3,621,1225,50,50,1,-1,-1,-1
272,1,389,1136,50,50,1,-1,-1,-1
272,2,612,628,50,50,1,-1,-1,-1
272,3,610,1234,50,50,1,-1,-1,-1
273,1,389,1138,50,50,1,-1,-1,-1
273,2,617,634,50,50,1,-1,-1,-1
273,3,601,1227,50,50,1,-1,-1,-1
274,1,390,1141,50,50,1,-1,-1,-1
274,2,621,644,50,50,1,-1,-1,-1
274,3,595,1208,50,50,1,-1,-1,-1
275,1,390,1146,50,50,1,-1,-1,-1
275,2,626,660,50,50,1,-1,-1,-1
275,3,588,1175,50,50,1,-1,-1,-1
276,1,390,1152,50,50,1,-1,-1,-1
276,2,631,681,50,50,1,-1,-1,-1
276,3,583,1128,50,50,1,-1,-1,-1
277,1,391,1161,50,50,1,-1,-1,-1
277,2,635,708,50,50,1,-1,-1,-1
277,3,576,1071,50,50,1,-1,-1,-1
278,1,391,1171,50,50,1,-1,-1,-1
278,2,639,740,50,50,1,-1,-1,-1
278,3,569,1015,50,50,1,-1,-1,-1
279,1,391,1181,50,50,1,-1,-1,-1
279,2,644,777,50,50,1,-1,-1,-1
279,3,562,965,50,50,1,-1,-1,-1
280,1,392,1193,50,50,1,-1,-1,-1
280,2,648,819,50,50,1,-1,-1,-1
280,3,554,918,50,50,1,-1,-1,-1
281,1,394,1206,50,50,1,-1,-1,-1
281,2,652,866,50,50,1,-1,-1,-1
281,3,546,878,50,50,1,-1,-1,-1
282,1,398,1221,50,50,1,-1,-1,-1
282,2,656,918,50,50,1,-1,-1,-1
282,3,537,841,50,50,1,-1,-1,-1
283,1,401,1235,50,50,1,-1,-1,-1
283,2,659,972,50,50,1,-1,-1,-1
283,3,528,811,50,50,1,-1,-1,-1
284,1,407,1246,50,50,1,-1,-1,-1
284,2,664,1008,50,50,1,-1,-1,-1
284,3,520,786,50,50,1,-1,-1,-1
285,1,417,1253,50,50,1,-1,-1,-1
285,2,664,1022,50,50,1,-1,-1,-1
285,3,511,767,50,50,1,-1,-1,-1
286,1,429,1258,50,50,1,-1,-1,-1
286,2,667,1032,50,50,1,-1,-1,-1
286,3,502,753,50,50,1,-1,-1,-1
287,1,442,1260,50,50,1,-1,-1,-1
287,2,672,1045,50,50,1,-1,-1,-1
287,3,494,745,50,50,1,-1,-1,-1
288,1,455,1259,50,50,1,-1,-1,-1
288,2,670,1056,50,50,1,-1,-1,-1
288,3,486,742,50,50,1,-1,-1,-1
289,1,470,1253,50,50,1,-1,-1,-1
289,2,670,1067,50,50,1,-1,-1,-1
289,3,478,745,50,50,1,-1,-1,-1
290,1,485,1237,50,50,1,-1,-1,-1
290,2,668,1073,50,50,1,-1,-1,-1
290,3,469,754,50,50,1,-1,-1,-1
291,1,497,1205,50,50,1,-1,-1,-1
291,2,667,1080,50,50,1,-1,-1,-1
291,3,460,768,50,50,1,-1,-1,-1
292,1,505,1150,50,50,1,-1,-1,-1
292,2,667,1085,50,50,1,-1,-1,-1
292,3,451,787,50,50,1,-1,-1,-1
293,1,504,1080,50,50,1,-1,-1,-1
293,2,666,1087,50,50,1,-1,-1,-1
293,3,443,811,50,50,1,-1,-1,-1
294,1,499,1012,50,50,1,-1,-1,-1
294,2,664,1090,50,50,1,-1,-1,-1
294,3,435,842,50,50,1,-1,-1,-1
295,1,494,949,50,50,1,-1,-1,-1
295,2,664,1093,50,50,1,-1,-1,-1
295,3,426,878,50,50,1,-1,-1,-1
296,1,487,887,50,50,1,-1,-1,-1
296,2,665,1096,50,50,1,-1,-1,-1
296,3,417,920,50,50,1,-1,-1,-1
297,1,481,833,50,50,1,-1,-1,-1
297,2,666,1097,50,50,1,-1,-1,-1
297,3,409,967,50,50,1,-1,-1,-1
298,1,477,782,50,50,1,-1,-1,-1
298,2,668,1101,50,50,1,-1,-1,-1
298,3,400,1020,50,50,1,-1,-1,-1
299,1,471,738,50,50,1,-1,-1,-1
299,2,669,1103,50,50,1,-1,-1,-1
299,3,391,1066,50,50,1,-1,-1,-1
300,1,466,699,50,50,1,-1,-1,-1
300,2,671,1105,50,50,1,-1,-1,-1
300,3,383,1098,50,50,1,-1,-1,-1
301,1,460,665,50,50,1,-1,-1,-1
301,2,671,1107,50,50,1,-1,-1,-1
301,3,380,1126,50,50,1,-1,-1,-1
302,1,454,637,50,50,1,-1,-1,-1
302,2,672,1110,50,50,1,-1,-1,-1
302,3,381,1155,50,50,1,-1,-1,-1
303,1,448,615,50,50,1,-1,-1,-1
303,2,673,1113,50,50,1,-1,-1,-1
303,3,384,1184,50,50,1,-1,-1,-1
304,1,442,598,50,50,1,-1,-1,-1
304,2,673,1117,50,50,1,-1,-1,-1
304,3,390,1209,50,50,1,-1,-1,-1
305,1,436,587,50,50,1,-1,-1,-1
305,2,673,1122,50,50,1,-1,-1,-1
305,3,397,1228,50,50,1,-1,-1,-1
306,1,431,581,50,50,1,-1,-1,-1
306,2,673,1127,50,50,1,-1,-1,-1
306,3,408,1241,50,50,1,-1,-1,-1
307,1,425,581,50,50,1,-1,-1,-1
307,2,672,1132,50,50,1,-1,-1,-1
307,3,420,1242,50,50,1,-1,-1,-1
308,1,420,587,50,50,1,-1,-1,-1
308,2,672,1138,50,50,1,-1,-1,-1
308,3,433,1235,50,50,1,-1,-1,-1
309,1,413,598,50,50,1,-1,-1,-1
309,2,670,1144,50,50,1,-1,-1,-1
309,3,446,1213,50,50,1,-1,-1,-1
310,1,408,616,50,50,1,-1,-1,-1
310,2,669,1149,50,50,1,-1,-1,-1
310,3,456,1173,50,50,1,-1,-1,-1
311,1,402,639,50,50,1,-1,-1,-1
311,2,667,1153,50,50,1,-1,-1,-1
311,3,468,1111,50,50,1,-1,-1,-1
312,1,396,668,50,50,1,-1,-1,-1
312,2,665,1157,50,50,1,-1,-1,-1
312,3,479,1045,50,50,1,-1,-1,-1
313,1,390,702,50,50,1,-1,-1,-1
313,2,663,1160,50,50,1,-1,-1,-1
313,3,488,985,50,50,1,-1,-1,-1
314,1,384,742,50,50,1,-1,-1,-1
314,2,660,1164,50,50,1,-1,-1,-1
314,3,496,930,50,50,1,-1,-1,-1
315,1,379,788,50,50,1,-1,-1,-1
315,2,656,1167,50,50,1,-1,-1,-1
315,3,507,875,50,50,1,-1,-1,-1
316,1,373,839,50,50,1,-1,-1,-1
316,2,651,1173,50,50,1,-1,-1,-1
316,3,517,827,50,50,1,-1,-1,-1
317,1,367,895,50,50,1,-1,-1,-1
317,2,645,1180,50,50,1,-1,-1,-1
317,3,527,784,50,50,1,-1,-1,-1
318,1,361,954,50,50,1,-1,-1,-1
318,2,638,1190,50,50,1,-1,-1,-1
318,3,536,749,50,50,1,-1,-1,-1
319,1,350,985,50,50,1,-1,-1,-1
319,2,630,1204,50,50,1,-1,-1,-1
319,3,546,718,50,50,1,-1,-1,-1
320,1,374,997,50,50,1,-1,-1,-1
320,2,620,1218,50,50,1,-1,-1,-1
320,3,556,693,50,50,1,-1,-1,-1
321,1,385,1012,50,50,1,-1,-1,-1
321,2,610,1233,50,50,1,-1,-1,-1
321,3,565,673,50,50,1,-1,-1,-1
322,1,396,1029,50,50,1,-1,-1,-1
322,2,600,1245,50,50,1,-1,-1,-1
322,3,575,659,50,50,1,-1,-1,-1
323,1,405,1049,50,50,1,-1,-1,-1
323,2,589,1254,50,50,1,-1,-1,-1
323,3,585,651,50,50,1,-1,-1,-1
324,1,401,1057,50,50,1,-1,-1,-1
324,2,579,1257,50,50,1,-1,-1,-1
324,3,594,647,50,50,1,-1,-1,-1
325,1,403,1074,50,50,1,-1,-1,-1
325,2,570,1254,50,50,1,-1,-1,-1
325,3,604,650,50,50,1,-1,-1,-1
326,1,408,1092,50,50,1,-1,-1,-1
326,2,564,1243,50,50,1,-1,-1,-1
326,3,612,658,50,50,1,-1,-1,-1
327,1,413,1109,50,50,1,-1,-1,-1
327,2,559,1219,50,50,1,-1,-1,-1
327,3,622,671,50,50,1,-1,-1,-1
328,1,416,1123,50,50,1,-1,-1,-1
328,2,559,1176,50,50,1,-1,-1,-1
328,3,631,689,50,50,1,-1,-1,-1
329,1,418,1133,50,50,1,-1,-1,-1
329,2,563,1114,50,50,1,-1,-1,-1
329,3,640,713,50,50,1,-1,-1,-1
330,1,419,1141,50,50,1,-1,-1,-1
330,2,568,1046,50,50,1,-1,-1,-1
330,3,650,742,50,50,1,-1,-1,-1
331,1,418,1146,50,50,1,-1,-1,-1
331,2,573,983,50,50,1,-1,-1,-1
331,3,658,776,50,50,1,-1,-1,-1
332,1,418,1149,50,50,1,-1,-1,-1
332,2,578,921,50,50,1,-1,-1,-1
332,3,667,815,50,50,1,-1,-1,-1
333,1,417,1152,50,50,1,-1,-1,-1
333,2,583,864,50,50,1,-1,-1,-1
333,3,677,860,50,50,1,-1,-1,-1
334,1,415,1155,50,50,1,-1,-1,-1
334,2,588,813,50,50,1,-1,-1,-1
334,3,685,909,50,50,1,-1,-1,-1
335,1,413,1157,50,50,1,-1,-1,-1
335,2,594,768,50,50,1,-1,-1,-1
335,3,694,964,50,50,1,-1,-1,-1
336,1,410,1158,50,50,1,-1,-1,-1
336,2,598,728,50,50,1,-1,-1,-1
336,3,706,1015,50,50,1,-1,-1,-1
337,1,407,1159,50,50,1,-1,-1,-1
337,2,603,694,50,50,1,-1,-1,-1
337,3,716,1042,50,50,1,-1,-1,-1
338,1,405,1160,50,50,1,-1,-1,-1
338,2,608,665,50,50,1,-1,-1,-1
338,3,714,1066,50,50,1,-1,-1,-1
339,1,404,1161,50,50,1,-1,-1,-1
339,2,613,641,50,50,1,-1,-1,-1
339,3,706,1094,50,50,1,-1,-1,-1
340,1,402,1161,50,50,1,-1,-1,-1
340,2,617,623,50,50,1,-1,-1,-1
340,3,696,1129,50,50,1,-1,-1,-1
341,1,402,1162,50,50,1,-1,-1,-1
341,2,622,611,50,50,1,-1,-1,-1
341,3,682,1165,50,50,1,-1,-1,-1
342,1,402,1162,50,50,1,-1,-1,-1
342,2,627,605,50,50,1,-1,-1,-1
342,3,662,1195,50,50,1,-1,-1,-1
343,1,402,1163,50,50,1,-1,-1,-1
343,2,631,603,50,50,1,-1,-1,-1
343,3,645,1215,50,50,1,-1,-1,-1
344,1,402,1163,50,50,1,-1,-1,-1
344,2,636,607,50,50,1,-1,-1,-1
344,3,630,1221,50,50,1,-1,-1,-1
345,1,401,1165,50,50,1,-1,-1,-1
345,2,641,616,50,50,1,-1,-1,-1
345,3,620,1215,50,50,1,-1,-1,-1
346,1,402,1167,50,50,1,-1,-1,-1
346,2,645,630,50,50,1,-1,-1,-1
346,3,614,1196,50,50,1,-1,-1,-1
347,1,403,1170,50,50,1,-1,-1,-1
347,2,650,650,50,50,1,-1,-1,-1
347,3,610,1161,50,50,1,-1,-1,-1
348,1,404,1174,50,50,1,-1,-1,-1
348,2,654,675,50,50,1,-1,-1,-1
348,3,605,1110,50,50,1,-1,-1,-1
349,1,405,1179,50,50,1,-1,-1,-1
349,2,658,705,50,50,1,-1,-1,-1
349,3,598,1050,50,50,1,-1,-1,-1
350,1,405,1185,50,50,1,-1,-1,-1
350,2,662,740,50,50,1,-1,-1,-1
350,3,588,995,50,50,1,-1,-1,-1
351,1,405,1191,50,50,1,-1,-1,-1
351,2,666,780,50,50,1,-1,-1,-1
351,3,578,945,50,50,1,-1,-1,-1
352,1,405,1198,50,50,1,-1,-1,-1
352,2,671,824,50,50,1,-1,-1,-1
352,3,568,899,50,50,1,-1,-1,-1
353,1,407,1207,50,50,1,-1,-1,-1
353,2,675,873,50,50,1,-1,-1,-1
353,3,559,859,50,50,1,-1,-1,-1
354,1,408,1217,50,50,1,-1,-1,-1
354,2,679,928,50,50,1,-1,-1,-1
354,3,549,824,50,50,1,-1,-1,-1
355,1,411,1229,50,50,1,-1,-1,-1
355,2,682,983,50,50,1,-1,-1,-1
355,3,538,794,50,50,1,-1,-1,-1
356,1,413,1238,50,50,1,-1,-1,-1
356,2,686,1009,50,50,1,-1,-1,-1
356,3,527,772,50,50,1,-1,-1,-1
357,1,416,1246,50,50,1,-1,-1,-1
357,2,690,1022,50,50,1,-1,-1,-1
357,3,519,753,50,50,1,-1,-1,-1
358,1,424,1252,50,50,1,-1,-1,-1
358,2,689,1036,50,50,1,-1,-1,-1
358,3,509,740,50,50,1,-1,-1,-1
359,1,434,1256,50,50,1,-1,-1,-1
359,2,685,1051,50,50,1,-1,-1,-1
359,3,499,732,50,50,1,-1,-1,-1
360,1,448,1254,50,50,1,-1,-1,-1
360,2,681,1068,50,50,1,-1,-1,-1
360,3,489,730,50,50,1,-1,-1,-1
361,1,464,1243,50,50,1,-1,-1,-1
361,2,677,1084,50,50,1,-1,-1,-1
361,3,479,733,50,50,1,-1,-1,-1
362,1,479,1220,50,50,1,-1,-1,-1
362,2,671,1096,50,50,1,-1,-1,-1
362,3,469,742,50,50,1,-1,-1,-1
363,1,490,1179,50,50,1,-1,-1,-1
363,2,666,1106,50,50,1,-1,-1,-1
363,3,456,757,50,50,1,-1,-1,-1
364,1,494,1117,50,50,1,-1,-1,-1
364,2,661,1112,50,50,1,-1,-1,-1
364,3,449,776,50,50,1,-1,-1,-1
365,1,492,1051,50,50,1,-1,-1,-1
365,2,656,1116,50,50,1,-1,-1,-1
365,3,439,801,50,50,1,-1,-1,-1
366,1,487,989,50,50,1,-1,-1,-1
366,2,653,1119,50,50,1,-1,-1,-1
366,3,429,831,50,50,1,-1,-1,-1
367,1,478,935,50,50,1,-1,-1,-1
367,2,652,1121,50,50,1,-1,-1,-1
367,3,418,867,50,50,1,-1,-1,-1
368,1,470,876,50,50,1,-1,-1,-1
368,2,652,1121,50,50,1,-1,-1,-1
368,3,409,906,50,50,1,-1,-1,-1
369,1,464,824,50,50,1,-1,-1,-1
369,2,653,1123,50,50,1,-1,-1,-1
369,3,399,953,50,50,1,-1,-1,-1
370,1,461,779,50,50,1,-1,-1,-1
370,2,655,1125,50,50,1,-1,-1,-1
370,3,389,1003,50,50,1,-1,-1,-1
371,1,455,741,50,50,1,-1,-1,-1
371,2,658,1128,50,50,1,-1,-1,-1
371,3,382,1050,50,50,1,-1,-1,-1
372,1,448,706,50,50,1,-1,-1,-1
372,2,659,1130,50,50,1,-1,-1,-1
372,3,368,1069,50,50,1,-1,-1,-1
373,1,445,677,50,50,1,-1,-1,-1
373,2,660,1133,50,50,1,-1,-1,-1
373,3,365,1096,50,50,1,-1,-1,-1
374,1,439,654,50,50,1,-1,-1,-1
374,2,660,1136,50,50,1,-1,-1,-1
374,3,366,1123,50,50,1,-1,-1,-1
375,1,432,636,50,50,1,-1,-1,-1
375,2,659,1138,50,50,1,-1,-1,-1
375,3,370,1158,50,50,1,-1,-1,-1
376,1,423,626,50,50,1,-1,-1,-1
376,2,659,1140,50,50,1,-1,-1,-1
376,3,373,1189,50,50,1,-1,-1,-1
377,1,420,618,50,50,1,-1,-1,-1
377,2,658,1142,50,50,1,-1,-1,-1
377,3,381,1213,50,50,1,-1,-1,-1
378,1,413,617,50,50,1,-1,-1,-1
378,2,656,1141,50,50,1,-1,-1,-1
378,3,392,1228,50,50,1,-1,-1,-1
379,1,407,622,50,50,1,-1,-1,-1
379,2,655,1141,50,50,1,-1,-1,-1
379,3,403,1233,50,50,1,-1,-1,-1
380,1,402,632,50,50,1,-1,-1,-1
380,2,654,1141,50,50,1,-1,-1,-1
380,3,415,1230,50,50,1,-1,-1,-1
381,1,395,649,50,50,1,-1,-1,-1
381,2,653,1141,50,50,1,-1,-1,-1
381,3,428,1216,50,50,1,-1,-1,-1
382,1,388,670,50,50,1,-1,-1,-1
382,2,651,1141,50,50,1,-1,-1,-1
382,3,440,1188,50,50,1,-1,-1,-1
383,1,382,698,50,50,1,-1,-1,-1
383,2,649,1143,50,50,1,-1,-1,-1
383,3,448,1143,50,50,1,-1,-1,-1
384,1,375,732,50,50,1,-1,-1,-1
384,2,648,1145,50,50,1,-1,-1,-1
384,3,459,1083,50,50,1,-1,-1,-1
385,1,367,771,50,50,1,-1,-1,-1
385,2,645,1148,50,50,1,-1,-1,-1
385,3,469,1022,50,50,1,-1,-1,-1
386,1,363,816,50,50,1,-1,-1,-1
386,2,642,1153,50,50,1,-1,-1,-1
386,3,478,970,50,50,1,-1,-1,-1
387,1,356,866,50,50,1,-1,-1,-1
387,2,639,1159,50,50,1,-1,-1,-1
387,3,482,925,50,50,1,-1,-1,-1
388,1,350,922,50,50,1,-1,-1,-1
388,2,636,1166,50,50,1,-1,-1,-1
388,3,493,876,50,50,1,-1,-1,-1
389,1,343,983,50,50,1,-1,-1,-1
389,2,631,1174,50,50,1,-1,-1,-1
389,3,503,835,50,50,1,-1,-1,-1
390,1,326,1025,50,50,1,-1,-1,-1
390,2,625,1185,50,50,1,-1,-1,-1
390,3,517,796,50,50,1,-1,-1,-1
391,1,340,1033,50,50,1,-1,-1,-1
391,2,618,1197,50,50,1,-1,-1,-1
391,3,526,768,50,50,1,-1,-1,-1
392,1,342,1051,50,50,1,-1,-1,-1
392,2,610,1211,50,50,1,-1,-1,-1
392,3,532,745,50,50,1,-1,-1,-1
393,1,355,1063,50,50,1,-1,-1,-1
393,2,602,1224,50,50,1,-1,-1,-1
393,3,541,727,50,50,1,-1,-1,-1
394,1,366,1079,50,50,1,-1,-1,-1
394,2,593,1235,50,50,1,-1,-1,-1
394,3,554,713,50,50,1,-1,-1,-1
395,1,380,1072,50,50,1,-1,-1,-1
395,2,583,1241,50,50,1,-1,-1,-1
395,3,564,705,50,50,1,-1,-1,-1
396,1,387,1093,50,50,1,-1,-1,-1
396,2,573,1242,50,50,1,-1,-1,-1
396,3,570,705,50,50,1,-1,-1,-1
397,1,393,1105,50,50,1,-1,-1,-1
397,2,564,1234,50,50,1,-1,-1,-1
397,3,582,706,50,50,1,-1,-1,-1
398,1,400,1121,50,50,1,-1,-1,-1
398,2,558,1214,50,50,1,-1,-1,-1
398,3,592,715,50,50,1,-1,-1,-1
399,1,404,1133,50,50,1,-1,-1,-1
399,2,554,1177,50,50,1,-1,-1,-1
399,3,601,729,50,50,1,-1,-1,-1
400,1,408,1143,50,50,1,-1,-1,-1
400,2,555,1121,50,50,1,-1,-1,-1
400,3,610,749,50,50,1,-1,-1,-1
401,1,408,1150,50,50,1,-1,-1,-1
401,2,556,1057,50,50,1,-1,-1,-1
401,3,619,773,50,50,1,-1,-1,-1
402,1,408,1156,50,50,1,-1,-1,-1
402,2,560,994,50,50,1,-1,-1,-1
402,3,628,804,50,50,1,-1,-1,-1
403,1,408,1160,50,50,1,-1,-1,-1
403,2,564,933,50,50,1,-1,-1,-1
403,3,635,839,50,50,1,-1,-1,-1
404,1,408,1163,50,50,1,-1,-1,-1
404,2,567,876,50,50,1,-1,-1,-1
404,3,644,880,50,50,1,-1,-1,-1
405,1,407,1165,50,50,1,-1,-1,-1
405,2,570,824,50,50,1,-1,-1,-1
405,3,655,925,50,50,1,-1,-1,-1
406,1,406,1167,50,50,1,-1,-1,-1
406,2,572,778,50,50,1,-1,-1,-1
406,3,663,975,50,50,1,-1,-1,-1
407,1,405,1168,50,50,1,-1,-1,-1
407,2,576,737,50,50,1,-1,-1,-1
407,3,675,1020,50,50,1,-1,-1,-1
408,1,404,1170,50,50,1,-1,-1,-1
408,2,578,703,50,50,1,-1,-1,-1
408,3,686,1046,50,50,1,-1,-1,-1
409,1,403,1171,50,50,1,-1,-1,-1
409,2,581,673,50,50,1,-1,-1,-1
409,3,687,1073,50,50,1,-1,-1,-1
410,1,403,1172,50,50,1,-1,-1,-1
410,2,584,649,50,50,1,-1,-1,-1
410,3,683,1102,50,50,1,-1,-1,-1
411,1,403,1173,50,50,1,-1,-1,-1
411,2,587,631,50,50,1,-1,-1,-1
411,3,678,1137,50,50,1,-1,-1,-1
412,1,403,1173,50,50,1,-1,-1,-1
412,2,590,618,50,50,1,-1,-1,-1
412,3,666,1171,50,50,1,-1,-1,-1
413,1,403,1173,50,50,1,-1,-1,-1
413,2,592,610,50,50,1,-1,-1,-1
413,3,651,1204,50,50,1,-1,-1,-1
414,1,403,1173,50,50,1,-1,-1,-1
414,2,595,608,50,50,1,-1,-1,-1
414,3,635,1225,50,50,1,-1,-1,-1
415,1,403,1172,50,50,1,-1,-1,-1
415,2,598,612,50,50,1,-1,-1,-1
415,3,618,1236,50,50,1,-1,-1,-1
416,1,402,1171,50,50,1,-1,-1,-1
416,2,598,624,50,50,1,-1,-1,-1
416,3,605,1236,50,50,1,-1,-1,-1
417,1,402,1170,50,50,1,-1,-1,-1
417,2,601,637,50,50,1,-1,-1,-1
417,3,594,1224,50,50,1,-1,-1,-1
418,1,402,1170,50,50,1,-1,-1,-1
418,2,605,656,50,50,1,-1,-1,-1
418,3,586,1201,50,50,1,-1,-1,-1
419,1,402,1170,50,50,1,-1,-1,-1
419,2,608,681,50,50,1,-1,-1,-1
419,3,581,1161,50,50,1,-1,-1,-1
420,1,402,1170,50,50,1,-1,-1,-1
420,2,610,711,50,50,1,-1,-1,-1
420,3,575,1106,50,50,1,-1,-1,-1
421,1,402,1171,50,50,1,-1,-1,-1
421,2,613,747,50,50,1,-1,-1,-1
421,3,567,1045,50,50,1,-1,-1,-1
422,1,402,1172,50,50,1,-1,-1,-1
422,2,615,788,50,50,1,-1,-1,-1
422,3,560,991,50,50,1,-1,-1,-1
423,1,401,1175,50,50,1,-1,-1,-1
423,2,617,834,50,50,1,-1,-1,-1
423,3,552,940,50,50,1,-1,-1,-1
424,1,401,1178,50,50,1,-1,-1,-1
424,2,619,885,50,50,1,-1,-1,-1
424,3,545,895,50,50,1,-1,-1,-1
425,1,401,1184,50,50,1,-1,-1,-1
425,2,622,941,50,50,1,-1,-1,-1
425,3,534,861,50,50,1,-1,-1,-1
426,1,400,1192,50,50,1,-1,-1,-1
426,2,623,994,50,50,1,-1,-1,-1
426,3,522,825,50,50,1,-1,-1,-1
427,1,400,1202,50,50,1,-1,-1,-1
427,2,630,1019,50,50,1,-1,-1,-1
427,3,520,788,50,50,1,-1,-1,-1
428,1,401,1215,50,50,1,-1,-1,-1
428,2,643,1034,50,50,1,-1,-1,-1
428,3,512,765,50,50,1,-1,-1,-1
429,1,402,1228,50,50,1,-1,-1,-1
429,2,648,1047,50,50,1,-1,-1,-1
429,3,504,746,50,50,1,-1,-1,-1
430,1,405,1241,50,50,1,-1,-1,-1
430,2,654,1061,50,50,1,-1,-1,-1
430,3,495,733,50,50,1,-1,-1,-1
431,1,412,1251,50,50,1,-1,-1,-1
431,2,657,1071,50,50,1,-1,-1,-1
431,3,487,725,50,50,1,-1,-1,-1
432,1,421,1257,50,50,1,-1,-1,-1
432,2,659,1078,50,50,1,-1,-1,-1
432,3,479,723,50,50,1,-1,-1,-1
433,1,433,1256,50,50,1,-1,-1,-1
433,2,660,1084,50,50,1,-1,-1,-1
433,3,471,726,50,50,1,-1,-1,-1
434,1,450,1249,50,50,1,-1,-1,-1
434,2,660,1089,50,50,1,-1,-1,-1
434,3,460,737,50,50,1,-1,-1,-1
435,1,464,1230,50,50,1,-1,-1,-1
435,2,661,1091,50,50,1,-1,-1,-1
435,3,455,750,50,50,1,-1,-1,-1
436,1,478,1193,50,50,1,-1,-1,-1
436,2,660,1094,50,50,1,-1,-1,-1
436,3,447,769,50,50,1,-1,-1,-1
437,1,484,1136,50,50,1,-1,-1,-1
437,2,660,1096,50,50,1,-1,-1,-1
437,3,438,795,50,50,1,-1,-1,-1
438,1,484,1069,50,50,1,-1,-1,-1
438,2,659,1099,50,50,1,-1,-1,-1
438,3,430,825,50,50,1,-1,-1,-1
439,1,480,1005,50,50,1,-1,-1,-1
439,2,658,1102,50,50,1,-1,-1,-1
439,3,422,861,50,50,1,-1,-1,-1
440,1,477,948,50,50,1,-1,-1,-1
440,2,659,1106,50,50,1,-1,-1,-1
440,3,414,902,50,50,1,-1,-1,-1
441,1,469,890,50,50,1,-1,-1,-1
441,2,661,1109,50,50,1,-1,-1,-1
441,3,406,949,50,50,1,-1,-1,-1
442,1,469,839,50,50,1,-1,-1,-1
442,2,665,1112,50,50,1,-1,-1,-1
442,3,398,998,50,50,1,-1,-1,-1
443,1,466,794,50,50,1,-1,-1,-1
443,2,670,1116,50,50,1,-1,-1,-1
443,3,387,1046,50,50,1,-1,-1,-1
444,1,463,757,50,50,1,-1,-1,-1
444,2,676,1119,50,50,1,-1,-1,-1
444,3,377,1077,50,50,1,-1,-1,-1
445,1,459,723,50,50,1,-1,-1,-1
445,2,681,1122,50,50,1,-1,-1,-1
445,3,373,1106,50,50,1,-1,-1,-1
446,1,456,695,50,50,1,-1,-1,-1
446,2,686,1125,50,50,1,-1,-1,-1
446,3,372,1138,50,50,1,-1,-1,-1
447,1,453,672,50,50,1,-1,-1,-1
447,2,688,1128,50,50,1,-1,-1,-1
447,3,373,1169,50,50,1,-1,-1,-1
448,1,449,655,50,50,1,-1,-1,-1
448,2,690,1129,50,50,1,-1,-1,-1
448,3,375,1198,50,50,1,-1,-1,-1
449,1,446,644,50,50,1,-1,-1,-1
449,2,690,1129,50,50,1,-1,-1,-1
449,3,379,1220,50,50,1,-1,-1,-1
450,1,443,638,50,50,1,-1,-1,-1
450,2,688,1129,50,50,1,-1,-1,-1
450,3,385,1234,50,50,1,-1,-1,-1
451,1,439,638,50,50,1,-1,-1,-1
451,2,687,1129,50,50,1,-1,-1,-1
451,3,396,1241,50,50,1,-1,-1,-1
452,1,436,643,50,50,1,-1,-1,-1
452,2,685,1129,50,50,1,-1,-1,-1
452,3,409,1239,50,50,1,-1,-1,-1
453,1,432,654,50,50,1,-1,-1,-1
453,2,683,1130,50,50,1,-1,-1,-1
453,3,421,1227,50,50,1,-1,-1,-1
454,1,428,670,50,50,1,-1,-1,-1
454,2,681,1131,50,50,1,-1,-1,-1
454,3,435,1200,50,50,1,-1,-1,-1
455,1,425,692,50,50,1,-1,-1,-1
455,2,679,1131,50,50,1,-1,-1,-1
455,3,447,1154,50,50,1,-1,-1,-1
456,1,421,719,50,50,1,-1,-1,-1
456,2,677,1133,50,50,1,-1,-1,-1
456,3,461,1090,50,50,1,-1,-1,-1
457,1,418,752,50,50,1,-1,-1,-1
457,2,675,1134,50,50,1,-1,-1,-1
457,3,472,1026,50,50,1,-1,-1,-1
458,1,415,789,50,50,1,-1,-1,-1
458,2,675,1136,50,50,1,-1,-1,-1
458,3,483,969,50,50,1,-1,-1,-1
459,1,411,833,50,50,1,-1,-1,-1
459,2,674,1138,50,50,1,-1,-1,-1
459,3,493,917,50,50,1,-1,-1,-1
460,1,408,880,50,50,1,-1,-1,-1
460,2,674,1142,50,50,1,-1,-1,-1
460,3,505,867,50,50,1,-1,-1,-1
461,1,405,935,50,50,1,-1,-1,-1
461,2,672,1146,50,50,1,-1,-1,-1
461,3,516,823,50,50,1,-1,-1,-1
462,1,401,994,50,50,1,-1,-1,-1
462,2,669,1153,50,50,1,-1,-1,-1
462,3,529,783,50,50,1,-1,-1,-1
463,1,395,1038,50,50,1,-1,-1,-1
463,2,664,1163,50,50,1,-1,-1,-1
463,3,539,751,50,50,1,-1,-1,-1
464,1,399,1047,50,50,1,-1,-1,-1
464,2,657,1176,50,50,1,-1,-1,-1
464,3,551,724,50,50,1,-1,-1,-1
465,1,396,1049,50,50,1,-1,-1,-1
465,2,650,1192,50,50,1,-1,-1,-1
465,3,562,702,50,50,1,-1,-1,-1
466,1,398,1057,50,50,1,-1,-1,-1
466,2,641,1209,50,50,1,-1,-1,-1
466,3,573,686,50,50,1,-1,-1,-1
467,1,401,1064,50,50,1,-1,-1,-1
467,2,630,1225,50,50,1,-1,-1,-1
467,3,584,675,50,50,1,-1,-1,-1
468,1,402,1066,50,50,1,-1,-1,-1
468,2,619,1236,50,50,1,-1,-1,-1
468,3,596,669,50,50,1,-1,-1,-1
469,1,402,1070,50,50,1,-1,-1,-1
469,2,609,1239,50,50,1,-1,-1,-1
469,3,606,669,50,50,1,-1,-1,-1
470,1,403,1073,50,50,1,-1,-1,-1
470,2,601,1235,50,50,1,-1,-1,-1
470,3,617,674,50,50,1,-1,-1,-1
471,1,404,1076,50,50,1,-1,-1,-1
471,2,597,1217,50,50,1,-1,-1,-1
471,3,629,685,50,50,1,-1,-1,-1
472,1,405,1078,50,50,1,-1,-1,-1
472,2,593,1183,50,50,1,-1,-1,-1
472,3,639,701,50,50,1,-1,-1,-1
473,1,406,1081,50,50,1,-1,-1,-1
473,2,595,1132,50,50,1,-1,-1,-1
473,3,650,723,50,50,1,-1,-1,-1
474,1,406,1085,50,50,1,-1,-1,-1
474,2,597,1067,50,50,1,-1,-1,-1
474,3,661,750,50,50,1,-1,-1,-1
475,1,406,1089,50,50,1,-1,-1,-1
475,2,597,1003,50,50,1,-1,-1,-1
475,3,671,782,50,50,1,-1,-1,-1
476,1,404,1093,50,50,1,-1,-1,-1
476,2,599,944,50,50,1,-1,-1,-1
476,3,683,819,50,50,1,-1,-1,-1
477,1,403,1097,50,50,1,-1,-1,-1
477,2,600,887,50,50,1,-1,-1,-1
477,3,693,862,50,50,1,-1,-1,-1
478,1,401,1101,50,50,1,-1,-1,-1
478,2,601,837,50,50,1,-1,-1,-1
478,3,703,909,50,50,1,-1,-1,-1
479,1,399,1104,50,50,1,-1,-1,-1
479,2,602,792,50,50,1,-1,-1,-1
479,3,714,962,50,50,1,-1,-1,-1
480,1,397,1108,50,50,1,-1,-1,-1
480,2,603,752,50,50,1,-1,-1,-1
480,3,725,1015,50,50,1,-1,-1,-1
481,1,395,1112,50,50,1,-1,-1,-1
481,2,603,718,50,50,1,-1,-1,-1
481,3,736,1053,50,50,1,-1,-1,-1
482,1,392,1116,50,50,1,-1,-1,-1
482,2,604,690,50,50,1,-1,-1,-1
482,3,735,1080,50,50,1,-1,-1,-1
483,1,390,1119,50,50,1,-1,-1,-1
483,2,605,667,50,50,1,-1,-1,-1
483,3,725,1108,50,50,1,-1,-1,-1
484,1,388,1122,50,50,1,-1,-1,-1
484,2,606,649,50,50,1,-1,-1,-1
484,3,711,1142,50,50,1,-1,-1,-1
485,1,387,1123,50,50,1,-1,-1,-1
485,2,607,636,50,50,1,-1,-1,-1
485,3,691,1176,50,50,1,-1,-1,-1
486,1,385,1124,50,50,1,-1,-1,-1
486,2,606,631,50,50,1,-1,-1,-1
486,3,666,1204,50,50,1,-1,-1,-1
487,1,384,1125,50,50,1,-1,-1,-1
487,2,608,630,50,50,1,-1,-1,-1
487,3,645,1223,50,50,1,-1,-1,-1
488,1,382,1124,50,50,1,-1,-1,-1
488,2,610,633,50,50,1,-1,-1,-1
488,3,626,1231,50,50,1,-1,-1,-1
489,1,381,1124,50,50,1,-1,-1,-1
489,2,610,643,50,50,1,-1,-1,-1
489,3,611,1228,50,50,1,-1,-1,-1
490,1,381,1124,50,50,1,-1,-1,-1
490,2,611,659,50,50,1,-1,-1,-1
490,3,600,1214,50,50,1,-1,-1,-1
491,1,381,1124,50,50,1,-1,-1,-1
491,2,612,680,50,50,1,-1,-1,-1
491,3,591,1186,50,50,1,-1,-1,-1
492,1,381,1124,50,50,1,-1,-1,-1
492,2,612,707,50,50,1,-1,-1,-1
492,3,583,1141,50,50,1,-1,-1,-1
493,1,381,1125,50,50,1,-1,-1,-1
493,2,613,738,50,50,1,-1,-1,-1
493,3,576,1083,50,50,1,-1,-1,-1
494,1,380,1125,50,50,1,-1,-1,-1
494,2,614,776,50,50,1,-1,-1,-1
494,3,567,1023,50,50,1,-1,-1,-1
495,1,380,1127,50,50,1,-1,-1,-1
495,2,614,819,50,50,1,-1,-1,-1
495,3,560,969,50,50,1,-1,-1,-1
496,1,380,1130,50,50,1,-1,-1,-1
496,2,615,867,50,50,1,-1,-1,-1
496,3,552,919,50,50,1,-1,-1,-1
497,1,381,1134,50,50,1,-1,-1,-1
497,2,616,920,50,50,1,-1,-1,-1
497,3,544,875,50,50,1,-1,-1,-1
498,1,383,1142,50,50,1,-1,-1,-1
498,2,616,979,50,50,1,-1,-1,-1
498,3,537,835,50,50,1,-1,-1,-1
499,1,386,1152,50,50,1,-1,-1,-1
499,2,616,1029,50,50,1,-1,-1,-1
499,3,527,801,50,50,1,-1,-1,-1
500,1,388,1165,50,50,1,-1,-1,-1
500,2,624,1049,50,50,1,-1,-1,-1
500,3,519,773,50,50,1,-1,-1,-1
501,1,391,1180,50,50,1,-1,-1,-1
501,2,628,1066,50,50,1,-1,-1,-1
501,3,511,751,50,50,1,-1,-1,-1
502,1,394,1197,50,50,1,-1,-1,-1
502,2,634,1076,50,50,1,-1,-1,-1
502,3,502,734,50,50,1,-1,-1,-1
503,1,398,1214,50,50,1,-1,-1,-1
503,2,642,1088,50,50,1,-1,-1,-1
503,3,494,722,50,50,1,-1,-1,-1
504,1,405,1228,50,50,1,-1,-1,-1
504,2,650,1096,50,50,1,-1,-1,-1
504,3,486,716,50,50,1,-1,-1,-1
505,1,414,1238,50,50,1,-1,-1,-1
505,2,657,1105,50,50,1,-1,-1,-1
505,3,478,716,50,50,1,-1,-1,-1
506,1,428,1241,50,50,1,-1,-1,-1
506,2,663,1110,50,50,1,-1,-1,-1
506,3,470,721,50,50,1,-1,-1,-1
507,1,443,1238,50,50,1,-1,-1,-1
507,2,667,1111,50,50,1,-1,-1,-1
507,3,461,732,50,50,1,-1,-1,-1
508,1,459,1224,50,50,1,-1,-1,-1
508,2,669,1111,50,50,1,-1,-1,-1
508,3,453,748,50,50,1,-1,-1,-1
509,1,473,1193,50,50,1,-1,-1,-1
509,2,670,1111,50,50,1,-1,-1,-1
509,3,445,769,50,50,1,-1,-1,-1
510,1,482,1141,50,50,1,-1,-1,-1
510,2,670,1111,50,50,1,-1,-1,-1
510,3,437,796,50,50,1,-1,-1,-1
511,1,482,1072,50,50,1,-1,-1,-1
511,2,669,1110,50,50,1,-1,-1,-1
511,3,429,828,50,50,1,-1,-1,-1
512,1,481,1006,50,50,1,-1,-1,-1
512,2,668,1111,50,50,1,-1,-1,-1
512,3,420,865,50,50,1,-1,-1,-1
513,1,478,943,50,50,1,-1,-1,-1
513,2,668,1112,50,50,1,-1,-1,-1
513,3,413,908,50,50,1,-1,-1,-1
514,1,474,882,50,50,1,-1,-1,-1
514,2,669,1113,50,50,1,-1,-1,-1
514,3,405,956,50,50,1,-1,-1,-1
515,1,472,827,50,50,1,-1,-1,-1
515,2,670,1115,50,50,1,-1,-1,-1
515,3,397,1006,50,50,1,-1,-1,-1
516,1,471,778,50,50,1,-1,-1,-1
516,2,673,1117,50,50,1,-1,-1,-1
516,3,393,1062,50,50,1,-1,-1,-1
517,1,469,735,50,50,1,-1,-1,-1
517,2,676,1120,50,50,1,-1,-1,-1
517,3,377,1085,50,50,1,-1,-1,-1
518,1,466,697,50,50,1,-1,-1,-1
518,2,678,1124,50,50,1,-1,-1,-1
518,3,375,1110,50,50,1,-1,-1,-1
519,1,463,664,50,50,1,-1,-1,-1
519,2,680,1126,50,50,1,-1,-1,-1
519,3,379,1134,50,50,1,-1,-1,-1
520,1,461,637,50,50,1,-1,-1,-1
520,2,682,1128,50,50,1,-1,-1,-1
520,3,382,1164,50,50,1,-1,-1,-1
521,1,458,616,50,50,1,-1,-1,-1
521,2,683,1130,50,50,1,-1,-1,-1
521,3,384,1195,50,50,1,-1,-1,-1
522,1,456,599,50,50,1,-1,-1,-1
522,2,684,1131,50,50,1,-1,-1,-1
522,3,390,1220,50,50,1,-1,-1,-1
523,1,453,589,50,50,1,-1,-1,-1
523,2,684,1131,50,50,1,-1,-1,-1
523,3,400,1237,50,50,1,-1,-1,-1
524,1,451,584,50,50,1,-1,-1,-1
524,2,685,1131,50,50,1,-1,-1,-1
524,3,410,1244,50,50,1,-1,-1,-1
525,1,448,585,50,50,1,-1,-1,-1
525,2,686,1130,50,50,1,-1,-1,-1
525,3,422,1243,50,50,1,-1,-1,-1
526,1,446,592,50,50,1,-1,-1,-1
526,2,685,1129,50,50,1,-1,-1,-1
526,3,436,1233,50,50,1,-1,-1,-1
527,1,443,604,50,50,1,-1,-1,-1
527,2,685,1129,50,50,1,-1,-1,-1
527,3,451,1210,50,50,1,-1,-1,-1
528,1,441,622,50,50,1,-1,-1,-1
528,2,685,1129,50,50,1,-1,-1,-1
528,3,463,1171,50,50,1,-1,-1,-1
529,1,438,646,50,50,1,-1,-1,-1
529,2,685,1129,50,50,1,-1,-1,-1
529,3,474,1111,50,50,1,-1,-1,-1
530,1,436,675,50,50,1,-1,-1,-1
530,2,684,1132,50,50,1,-1,-1,-1
530,3,483,1046,50,50,1,-1,-1,-1
531,1,433,710,50,50,1,-1,-1,-1
531,2,683,1134,50,50,1,-1,-1,-1
531,3,491,985,50,50,1,-1,-1,-1
532,1,431,750,50,50,1,-1,-1,-1
532,2,681,1138,50,50,1,-1,-1,-1
532,3,499,932,50,50,1,-1,-1,-1
533,1,428,796,50,50,1,-1,-1,-1
533,2,678,1142,50,50,1,-1,-1,-1
533,3,508,876,50,50,1,-1,-1,-1
534,1,425,848,50,50,1,-1,-1,-1
534,2,674,1148,50,50,1,-1,-1,-1
534,3,517,828,50,50,1,-1,-1,-1
535,1,423,905,50,50,1,-1,-1,-1
535,2,669,1158,50,50,1,-1,-1,-1
535,3,526,787,50,50,1,-1,-1,-1
536,1,420,968,50,50,1,-1,-1,-1
536,2,663,1169,50,50,1,-1,-1,-1
536,3,534,752,50,50,1,-1,-1,-1
537,1,423,1028,50,50,1,-1,-1,-1
537,2,657,1183,50,50,1,-1,-1,-1
537,3,542,722,50,50,1,-1,-1,-1
538,1,426,1040,50,50,1,-1,-1,-1
538,2,649,1196,50,50,1,-1,-1,-1
538,3,551,698,50,50,1,-1,-1,-1
539,1,423,1044,50,50,1,-1,-1,-1
539,2,641,1209,50,50,1,-1,-1,-1
539,3,559,679,50,50,1,-1,-1,-1
540,1,423,1056,50,50,1,-1,-1,-1
540,2,631,1220,50,50,1,-1,-1,-1
540,3,568,666,50,50,1,-1,-1,-1
541,1,423,1067,50,50,1,-1,-1,-1
541,2,619,1230,50,50,1,-1,-1,-1
541,3,576,659,50,50,1,-1,-1,-1
542,1,420,1078,50,50,1,-1,-1,-1
542,2,607,1237,50,50,1,-1,-1,-1
542,3,584,656,50,50,1,-1,-1,-1
543,1,418,1089,50,50,1,-1,-1,-1
543,2,596,1240,50,50,1,-1,-1,-1
543,3,592,660,50,50,1,-1,-1,-1
544,1,416,1097,50,50,1,-1,-1,-1
544,2,586,1236,50,50,1,-1,-1,-1
544,3,600,668,50,50,1,-1,-1,-1
545,1,415,1102,50,50,1,-1,-1,-1
545,2,581,1224,50,50,1,-1,-1,-1
545,3,608,682,50,50,1,-1,-1,-1
546,1,413,1107,50,50,1,-1,-1,-1
546,2,581,1199,50,50,1,-1,-1,-1
546,3,615,702,50,50,1,-1,-1,-1
547,1,412,1111,50,50,1,-1,-1,-1
547,2,583,1155,50,50,1,-1,-1,-1
547,3,623,726,50,50,1,-1,-1,-1
548,1,410,1115,50,50,1,-1,-1,-1
548,2,588,1093,50,50,1,-1,-1,-1
548,3,631,755,50,50,1,-1,-1,-1
549,1,408,1119,50,50,1,-1,-1,-1
549,2,593,1027,50,50,1,-1,-1,-1
549,3,639,789,50,50,1,-1,-1,-1
550,1,406,1123,50,50,1,-1,-1,-1
550,2,599,968,50,50,1,-1,-1,-1
550,3,646,829,50,50,1,-1,-1,-1
551,1,404,1127,50,50,1,-1,-1,-1
551,2,604,912,50,50,1,-1,-1,-1
551,3,654,873,50,50,1,-1,-1,-1
552,1,401,1130,50,50,1,-1,-1,-1
552,2,610,860,50,50,1,-1,-1,-1
552,3,660,922,50,50,1,-1,-1,-1
553,1,399,1132,50,50,1,-1,-1,-1
553,2,614,814,50,50,1,-1,-1,-1
553,3,666,969,50,50,1,-1,-1,-1
554,1,397,1134,50,50,1,-1,-1,-1
554,2,619,774,50,50,1,-1,-1,-1
554,3,678,1004,50,50,1,-1,-1,-1
555,1,394,1136,50,50,1,-1,-1,-1
555,2,624,738,50,50,1,-1,-1,-1
555,3,687,1028,50,50,1,-1,-1,-1
556,1,392,1137,50,50,1,-1,-1,-1
556,2,629,709,50,50,1,-1,-1,-1
556,3,688,1059,50,50,1,-1,-1,-1
557,1,390,1137,50,50,1,-1,-1,-1
557,2,634,685,50,50,1,-1,-1,-1
557,3,688,1096,50,50,1,-1,-1,-1
558,1,389,1137,50,50,1,-1,-1,-1
558,2,640,666,50,50,1,-1,-1,-1
558,3,679,1138,50,50,1,-1,-1,-1
559,1,387,1138,50,50,1,-1,-1,-1
559,2,645,652,50,50,1,-1,-1,-1
559,3,665,1179,50,50,1,-1,-1,-1
560,1,387,1138,50,50,1,-1,-1,-1
560,2,650,644,50,50,1,-1,-1,-1
560,3,650,1203,50,50,1,-1,-1,-1
561,1,385,1138,50,50,1,-1,-1,-1
561,2,655,642,50,50,1,-1,-1,-1
561,3,640,1213,50,50,1,-1,-1,-1
562,1,385,1138,50,50,1,-1,-1,-1
562,2,659,645,50,50,1,-1,-1,-1
562,3,632,1208,50,50,1,-1,-1,-1
563,1,385,1139,50,50,1,-1,-1,-1
563,2,664,654,50,50,1,-1,-1,-1
563,3,627,1190,50,50,1,-1,-1,-1
564,1,385,1141,50,50,1,-1,-1,-1
564,2,669,668,50,50,1,-1,-1,-1
564,3,625,1157,50,50,1,-1,-1,-1
565,1,386,1143,50,50,1,-1,-1,-1
565,2,673,687,50,50,1,-1,-1,-1
565,3,620,1109,50,50,1,-1,-1,-1
566,1,388,1145,50,50,1,-1,-1,-1
566,2,678,711,50,50,1,-1,-1,-1
566,3,614,1052,50,50,1,-1,-1,-1
567,1,388,1147,50,50,1,-1,-1,-1
567,2,683,741,50,50,1,-1,-1,-1
567,3,606,999,50,50,1,-1,-1,-1
568,1,390,1149,50,50,1,-1,-1,-1
568,2,687,776,50,50,1,-1,-1,-1
568,3,599,951,50,50,1,-1,-1,-1
569,1,392,1149,50,50,1,-1,-1,-1
569,2,692,817,50,50,1,-1,-1,-1
569,3,591,906,50,50,1,-1,-1,-1
570,1,395,1150,50,50,1,-1,-1,-1
570,2,696,862,50,50,1,-1,-1,-1
570,3,584,867,50,50,1,-1,-1,-1
571,1,397,1152,50,50,1,-1,-1,-1
571,2,700,913,50,50,1,-1,-1,-1
571,3,577,834,50,50,1,-1,-1,-1
572,1,401,1154,50,50,1,-1,-1,-1
572,2,705,968,50,50,1,-1,-1,-1
572,3,567,806,50,50,1,-1,-1,-1
573,1,404,1156,50,50,1,-1,-1,-1
573,2,711,1023,50,50,1,-1,-1,-1
573,3,562,783,50,50,1,-1,-1,-1
574,1,407,1157,50,50,1,-1,-1,-1
574,2,710,1044,50,50,1,-1,-1,-1
574,3,553,767,50,50,1,-1,-1,-1
575,1,408,1157,50,50,1,-1,-1,-1
575,2,708,1050,50,50,1,-1,-1,-1
575,3,547,754,50,50,1,-1,-1,-1
576,1,408,1156,50,50,1,-1,-1,-1
576,2,704,1058,50,50,1,-1,-1,-1
576,3,540,748,50,50,1,-1,-1,-1
577,1,410,1153,50,50,1,-1,-1,-1
577,2,699,1064,50,50,1,-1,-1,-1
577,3,532,747,50,50,1,-1,-1,-1
578,1,412,1149,50,50,1,-1,-1,-1
578,2,696,1070,50,50,1,-1,-1,-1
578,3,524,752,50,50,1,-1,-1,-1
579,1,413,1144,50,50,1,-1,-1,-1
579,2,696,1075,50,50,1,-1,-1,-1
579,3,517,762,50,50,1,-1,-1,-1
580,1,414,1139,50,50,1,-1,-1,-1
580,2,697,1080,50,50,1,-1,-1,-1
580,3,509,778,50,50,1,-1,-1,-1
581,1,416,1135,50,50,1,-1,-1,-1
581,2,699,1083,50,50,1,-1,-1,-1
581,3,501,798,50,50,1,-1,-1,-1
582,1,417,1131,50,50,1,-1,-1,-1
582,2,698,1085,50,50,1,-1,-1,-1
582,3,493,825,50,50,1,-1,-1,-1
583,1,417,1130,50,50,1,-1,-1,-1
583,2,700,1087,50,50,1,-1,-1,-1
583,3,483,859,50,50,1,-1,-1,-1
584,1,416,1131,50,50,1,-1,-1,-1
584,2,700,1087,50,50,1,-1,-1,-1
584,3,474,895,50,50,1,-1,-1,-1
585,1,414,1133,50,50,1,-1,-1,-1
585,2,702,1089,50,50,1,-1,-1,-1
585,3,470,938,50,50,1,-1,-1,-1
586,1,413,1136,50,50,1,-1,-1,-1
586,2,703,1090,50,50,1,-1,-1,-1
586,3,463,984,50,50,1,-1,-1,-1
587,1,413,1140,50,50,1,-1,-1,-1
587,2,704,1090,50,50,1,-1,-1,-1
587,3,456,1037,50,50,1,-1,-1,-1
588,1,414,1141,50,50,1,-1,-1,-1
588,2,705,1092,50,50,1,-1,-1,-1
588,3,448,1095,50,50,1,-1,-1,-1
589,1,422,1137,50,50,1,-1,-1,-1
589,2,705,1093,50,50,1,-1,-1,-1
590,1,423,1145,50,50,1,-1,-1,-1
590,2,705,1094,50,50,1,-1,-1,-1
591,1,422,1148,50,50,1,-1,-1,-1
591,2,705,1095,50,50,1,-1,-1,-1
592,1,422,1147,50,50,1,-1,-1,-1
592,2,705,1095,50,50,1,-1,-1,-1
593,1,421,1144,50,50,1,-1,-1,-1
593,2,704,1095,50,50,1,-1,-1,-1
594,1,420,1143,50,50,1,-1,-1,-1
594,2,704,1095,50,50,1,-1,-1,-1
595,1,418,1142,50,50,1,-1,-1,-1
595,2,704,1095,50,50,1,-1,-1,-1
596,1,417,1141,50,50,1,-1,-1,-1
596,2,704,1095,50,50,1,-1,-1,-1
597,1,416,1139,50,50,1,-1,-1,-1
597,2,704,1094,50,50,1,-1,-1,-1
598,1,415,1138,50,50,1,-1,-1,-1
598,2,704,1091,50,50,1,-1,-1,-1
599,1,415,1136,50,50,1,-1,-1,-1
599,2,704,1093,50,50,1,-1,-1,-1
600,1,414,1135,50,50,1,-1,-1,-1
600,2,704,1093,50,50,1,-1,-1,-1
601,1,414,1134,50,50,1,-1,-1,-1
601,2,704,1092,50,50,1,-1,-1,-1
