8,1,441,1205,50,50,1,-1,-1,-1
9,1,441,1205,50,50,1,-1,-1,-1
10,1,446,1238,50,50,1,-1,-1,-1
11,1,446,1234,50,50,1,-1,-1,-1
12,1,630,1127,50,50,1,-1,-1,-1
12,2,451,1224,50,50,1,-1,-1,-1
13,2,458,1199,50,50,1,-1,-1,-1
14,2,470,1161,50,50,1,-1,-1,-1
15,2,464,1106,50,50,1,-1,-1,-1
16,2,453,1067,50,50,1,-1,-1,-1
17,1,460,985,50,50,1,-1,-1,-1
17,2,444,1062,50,50,1,-1,-1,-1
18,1,641,1136,50,50,1,-1,-1,-1
18,2,456,937,50,50,1,-1,-1,-1
19,1,642,1141,50,50,1,-1,-1,-1
19,2,452,895,50,50,1,-1,-1,-1
20,1,644,1144,50,50,1,-1,-1,-1
20,2,448,858,50,50,1,-1,-1,-1
21,1,432,1146,50,50,1,-1,-1,-1
21,2,445,827,50,50,1,-1,-1,-1
21,3,646,1146,50,50,1,-1,-1,-1
22,1,431,1180,50,50,1,-1,-1,-1
22,2,440,800,50,50,1,-1,-1,-1
22,3,646,1149,50,50,1,-1,-1,-1
23,1,430,1204,50,50,1,-1,-1,-1
23,2,435,780,50,50,1,-1,-1,-1
23,3,646,1153,50,50,1,-1,-1,-1
24,1,431,1220,50,50,1,-1,-1,-1
24,2,431,764,50,50,1,-1,-1,-1
24,3,647,1155,50,50,1,-1,-1,-1
25,1,435,1227,50,50,1,-1,-1,-1
25,2,426,754,50,50,1,-1,-1,-1
25,3,645,1158,50,50,1,-1,-1,-1
26,1,441,1223,50,50,1,-1,-1,-1
26,2,422,750,50,50,1,-1,-1,-1
26,3,642,1161,50,50,1,-1,-1,-1
27,1,449,1211,50,50,1,-1,-1,-1
27,2,417,751,50,50,1,-1,-1,-1
27,3,643,1164,50,50,1,-1,-1,-1
28,1,457,1182,50,50,1,-1,-1,-1
28,2,413,757,50,50,1,-1,-1,-1
28,3,642,1168,50,50,1,-1,-1,-1
29,1,469,1139,50,50,1,-1,-1,-1
29,2,409,770,50,50,1,-1,-1,-1
29,3,640,1172,50,50,1,-1,-1,-1
30,1,469,1086,50,50,1,-1,-1,-1
30,2,405,787,50,50,1,-1,-1,-1
31,1,444,1029,50,50,1,-1,-1,-1
31,2,396,839,50,50,1,-1,-1,-1
31,3,497,971,50,50,1,-1,-1,-1
32,1,425,1023,50,50,1,-1,-1,-1
32,2,392,873,50,50,1,-1,-1,-1
32,3,505,927,50,50,1,-1,-1,-1
33,1,403,1026,50,50,1,-1,-1,-1
33,2,387,912,50,50,1,-1,-1,-1
34,2,522,847,50,50,1,-1,-1,-1
35,1,377,1034,50,50,1,-1,-1,-1
35,2,529,819,50,50,1,-1,-1,-1
36,2,537,794,50,50,1,-1,-1,-1
37,1,380,1069,50,50,1,-1,-1,-1
37,2,544,776,50,50,1,-1,-1,-1
38,1,385,1080,50,50,1,-1,-1,-1
38,2,552,763,50,50,1,-1,-1,-1
39,1,391,1090,50,50,1,-1,-1,-1
39,2,560,754,50,50,1,-1,-1,-1
40,1,396,1098,50,50,1,-1,-1,-1
40,2,568,752,50,50,1,-1,-1,-1
41,1,400,1106,50,50,1,-1,-1,-1
41,2,575,754,50,50,1,-1,-1,-1
42,1,404,1114,50,50,1,-1,-1,-1
42,2,582,762,50,50,1,-1,-1,-1
43,1,407,1122,50,50,1,-1,-1,-1
43,2,591,776,50,50,1,-1,-1,-1
44,1,409,1129,50,50,1,-1,-1,-1
44,2,598,794,50,50,1,-1,-1,-1
45,1,410,1135,50,50,1,-1,-1,-1
45,2,605,818,50,50,1,-1,-1,-1
46,1,411,1140,50,50,1,-1,-1,-1
46,2,612,847,50,50,1,-1,-1,-1
47,1,410,1143,50,50,1,-1,-1,-1
47,2,620,882,50,50,1,-1,-1,-1
47,4,557,1068,50,50,1,-1,-1,-1
48,1,409,1146,50,50,1,-1,-1,-1
48,2,627,922,50,50,1,-1,-1,-1
49,1,407,1148,50,50,1,-1,-1,-1
49,2,635,967,50,50,1,-1,-1,-1
49,4,572,928,50,50,1,-1,-1,-1
50,1,405,1150,50,50,1,-1,-1,-1
50,2,627,1037,50,50,1,-1,-1,-1
50,4,576,880,50,50,1,-1,-1,-1
51,1,402,1151,50,50,1,-1,-1,-1
51,2,654,1054,50,50,1,-1,-1,-1
51,4,579,837,50,50,1,-1,-1,-1
52,1,399,1151,50,50,1,-1,-1,-1
52,2,665,1076,50,50,1,-1,-1,-1
52,4,582,800,50,50,1,-1,-1,-1
53,1,396,1152,50,50,1,-1,-1,-1
53,2,666,1100,50,50,1,-1,-1,-1
53,4,585,767,50,50,1,-1,-1,-1
54,1,394,1152,50,50,1,-1,-1,-1
54,2,663,1123,50,50,1,-1,-1,-1
54,4,589,741,50,50,1,-1,-1,-1
55,1,392,1152,50,50,1,-1,-1,-1
55,2,654,1147,50,50,1,-1,-1,-1
55,4,592,719,50,50,1,-1,-1,-1
56,1,390,1152,50,50,1,-1,-1,-1
56,2,644,1173,50,50,1,-1,-1,-1
56,4,595,704,50,50,1,-1,-1,-1
57,1,389,1151,50,50,1,-1,-1,-1
57,2,624,1190,50,50,1,-1,-1,-1
57,4,599,693,50,50,1,-1,-1,-1
58,1,388,1151,50,50,1,-1,-1,-1
58,2,610,1204,50,50,1,-1,-1,-1
58,4,601,688,50,50,1,-1,-1,-1
59,1,386,1152,50,50,1,-1,-1,-1
59,2,588,1214,50,50,1,-1,-1,-1
59,4,604,688,50,50,1,-1,-1,-1
60,1,386,1152,50,50,1,-1,-1,-1
60,2,576,1214,50,50,1,-1,-1,-1
60,4,607,694,50,50,1,-1,-1,-1
61,1,386,1153,50,50,1,-1,-1,-1
61,2,568,1206,50,50,1,-1,-1,-1
61,4,610,705,50,50,1,-1,-1,-1
62,1,385,1156,50,50,1,-1,-1,-1
62,4,613,722,50,50,1,-1,-1,-1
63,1,385,1160,50,50,1,-1,-1,-1
63,2,557,1154,50,50,1,-1,-1,-1
63,4,616,744,50,50,1,-1,-1,-1
64,1,386,1166,50,50,1,-1,-1,-1
64,4,619,772,50,50,1,-1,-1,-1
65,1,386,1172,50,50,1,-1,-1,-1
65,2,550,1071,50,50,1,-1,-1,-1
65,4,622,804,50,50,1,-1,-1,-1
66,1,386,1179,50,50,1,-1,-1,-1
66,4,625,842,50,50,1,-1,-1,-1
67,1,386,1187,50,50,1,-1,-1,-1
67,2,544,946,50,50,1,-1,-1,-1
67,4,627,885,50,50,1,-1,-1,-1
68,1,387,1196,50,50,1,-1,-1,-1
68,2,536,904,50,50,1,-1,-1,-1
68,4,630,934,50,50,1,-1,-1,-1
69,1,389,1203,50,50,1,-1,-1,-1
70,1,389,1203,50,50,1,-1,-1,-1
71,1,389,1203,50,50,1,-1,-1,-1
72,2,499,790,50,50,1,-1,-1,-1
73,2,490,777,50,50,1,-1,-1,-1
73,4,651,1067,50,50,1,-1,-1,-1
74,2,482,768,50,50,1,-1,-1,-1
74,4,650,1071,50,50,1,-1,-1,-1
75,1,426,1236,50,50,1,-1,-1,-1
75,2,473,765,50,50,1,-1,-1,-1
75,4,649,1074,50,50,1,-1,-1,-1
76,1,437,1228,50,50,1,-1,-1,-1
76,2,463,767,50,50,1,-1,-1,-1
76,4,648,1078,50,50,1,-1,-1,-1
77,1,448,1212,50,50,1,-1,-1,-1
77,2,455,774,50,50,1,-1,-1,-1
77,4,648,1082,50,50,1,-1,-1,-1
78,1,458,1179,50,50,1,-1,-1,-1
78,2,446,786,50,50,1,-1,-1,-1
78,4,648,1087,50,50,1,-1,-1,-1
79,1,466,1124,50,50,1,-1,-1,-1
79,2,437,804,50,50,1,-1,-1,-1
79,4,647,1092,50,50,1,-1,-1,-1
80,1,458,1068,50,50,1,-1,-1,-1
80,2,428,827,50,50,1,-1,-1,-1
80,4,648,1097,50,50,1,-1,-1,-1
81,2,419,855,50,50,1,-1,-1,-1
81,4,648,1101,50,50,1,-1,-1,-1
82,1,462,919,50,50,1,-1,-1,-1
82,2,411,889,50,50,1,-1,-1,-1
82,4,649,1105,50,50,1,-1,-1,-1
83,1,457,862,50,50,1,-1,-1,-1
83,2,402,927,50,50,1,-1,-1,-1
83,4,650,1107,50,50,1,-1,-1,-1
84,1,454,808,50,50,1,-1,-1,-1
84,4,651,1110,50,50,1,-1,-1,-1
85,1,450,760,50,50,1,-1,-1,-1
85,2,389,1035,50,50,1,-1,-1,-1
86,1,445,718,50,50,1,-1,-1,-1
86,2,381,1057,50,50,1,-1,-1,-1
86,4,656,1115,50,50,1,-1,-1,-1
87,1,440,682,50,50,1,-1,-1,-1
87,2,376,1080,50,50,1,-1,-1,-1
87,4,656,1117,50,50,1,-1,-1,-1
88,1,436,651,50,50,1,-1,-1,-1
88,2,374,1106,50,50,1,-1,-1,-1
88,4,657,1119,50,50,1,-1,-1,-1
89,1,431,625,50,50,1,-1,-1,-1
89,2,376,1137,50,50,1,-1,-1,-1
89,4,657,1121,50,50,1,-1,-1,-1
90,1,426,605,50,50,1,-1,-1,-1
90,2,381,1166,50,50,1,-1,-1,-1
90,4,658,1123,50,50,1,-1,-1,-1
91,1,422,590,50,50,1,-1,-1,-1
91,2,388,1191,50,50,1,-1,-1,-1
91,4,658,1125,50,50,1,-1,-1,-1
92,1,417,580,50,50,1,-1,-1,-1
92,4,659,1127,50,50,1,-1,-1,-1
93,1,412,578,50,50,1,-1,-1,-1
93,4,660,1129,50,50,1,-1,-1,-1
94,1,408,579,50,50,1,-1,-1,-1
94,4,661,1131,50,50,1,-1,-1,-1
95,1,404,587,50,50,1,-1,-1,-1
95,2,424,1225,50,50,1,-1,-1,-1
95,4,661,1134,50,50,1,-1,-1,-1
96,1,399,600,50,50,1,-1,-1,-1
96,2,436,1209,50,50,1,-1,-1,-1
96,4,661,1136,50,50,1,-1,-1,-1
97,1,394,619,50,50,1,-1,-1,-1
97,2,448,1181,50,50,1,-1,-1,-1
97,4,661,1139,50,50,1,-1,-1,-1
98,1,389,644,50,50,1,-1,-1,-1
98,2,457,1135,50,50,1,-1,-1,-1
98,4,660,1144,50,50,1,-1,-1,-1
99,1,385,674,50,50,1,-1,-1,-1
99,2,460,1079,50,50,1,-1,-1,-1
99,4,659,1148,50,50,1,-1,-1,-1
100,1,380,710,50,50,1,-1,-1,-1
100,2,456,1032,50,50,1,-1,-1,-1
100,4,658,1153,50,50,1,-1,-1,-1
101,1,375,751,50,50,1,-1,-1,-1
101,2,438,1013,50,50,1,-1,-1,-1
101,3,485,950,50,50,1,-1,-1,-1
101,4,656,1158,50,50,1,-1,-1,-1
102,1,371,798,50,50,1,-1,-1,-1
102,2,424,1004,50,50,1,-1,-1,-1
102,3,493,896,50,50,1,-1,-1,-1
102,4,653,1164,50,50,1,-1,-1,-1
103,1,366,851,50,50,1,-1,-1,-1
103,2,400,1003,50,50,1,-1,-1,-1
103,3,500,848,50,50,1,-1,-1,-1
103,4,649,1170,50,50,1,-1,-1,-1
104,1,362,909,50,50,1,-1,-1,-1
104,4,644,1180,50,50,1,-1,-1,-1
105,3,515,772,50,50,1,-1,-1,-1
106,3,523,740,50,50,1,-1,-1,-1
107,3,531,715,50,50,1,-1,-1,-1
108,1,356,1068,50,50,1,-1,-1,-1
108,3,538,696,50,50,1,-1,-1,-1
109,1,363,1083,50,50,1,-1,-1,-1
109,3,546,682,50,50,1,-1,-1,-1
110,1,371,1093,50,50,1,-1,-1,-1
110,3,553,673,50,50,1,-1,-1,-1
111,1,377,1104,50,50,1,-1,-1,-1
111,3,560,669,50,50,1,-1,-1,-1
112,1,383,1112,50,50,1,-1,-1,-1
112,3,567,671,50,50,1,-1,-1,-1
113,1,387,1120,50,50,1,-1,-1,-1
113,3,575,678,50,50,1,-1,-1,-1
114,1,390,1127,50,50,1,-1,-1,-1
114,3,582,691,50,50,1,-1,-1,-1
115,1,392,1133,50,50,1,-1,-1,-1
115,3,589,709,50,50,1,-1,-1,-1
116,1,393,1137,50,50,1,-1,-1,-1
116,3,596,732,50,50,1,-1,-1,-1
117,1,393,1141,50,50,1,-1,-1,-1
117,3,604,761,50,50,1,-1,-1,-1
117,4,545,1069,50,50,1,-1,-1,-1
118,1,393,1144,50,50,1,-1,-1,-1
118,3,610,795,50,50,1,-1,-1,-1
119,1,392,1147,50,50,1,-1,-1,-1
119,3,617,834,50,50,1,-1,-1,-1
119,4,572,924,50,50,1,-1,-1,-1
120,1,391,1149,50,50,1,-1,-1,-1
120,3,624,878,50,50,1,-1,-1,-1
120,4,579,872,50,50,1,-1,-1,-1
121,1,390,1151,50,50,1,-1,-1,-1
121,3,631,927,50,50,1,-1,-1,-1
121,4,586,824,50,50,1,-1,-1,-1
122,1,389,1153,50,50,1,-1,-1,-1
122,4,593,782,50,50,1,-1,-1,-1
123,1,388,1155,50,50,1,-1,-1,-1
123,4,600,745,50,50,1,-1,-1,-1
124,1,388,1157,50,50,1,-1,-1,-1
124,3,649,1053,50,50,1,-1,-1,-1
124,4,608,714,50,50,1,-1,-1,-1
125,1,388,1159,50,50,1,-1,-1,-1
125,3,649,1081,50,50,1,-1,-1,-1
125,4,614,689,50,50,1,-1,-1,-1
126,1,389,1160,50,50,1,-1,-1,-1
126,3,644,1115,50,50,1,-1,-1,-1
126,4,621,669,50,50,1,-1,-1,-1
127,1,391,1162,50,50,1,-1,-1,-1
127,3,635,1148,50,50,1,-1,-1,-1
127,4,628,655,50,50,1,-1,-1,-1
128,1,393,1163,50,50,1,-1,-1,-1
128,4,635,646,50,50,1,-1,-1,-1
129,1,395,1165,50,50,1,-1,-1,-1
129,4,641,642,50,50,1,-1,-1,-1
130,1,397,1166,50,50,1,-1,-1,-1
130,4,648,644,50,50,1,-1,-1,-1
131,1,400,1169,50,50,1,-1,-1,-1
131,4,654,651,50,50,1,-1,-1,-1
132,1,402,1173,50,50,1,-1,-1,-1
132,3,592,1191,50,50,1,-1,-1,-1
132,4,661,664,50,50,1,-1,-1,-1
133,1,403,1177,50,50,1,-1,-1,-1
133,3,592,1167,50,50,1,-1,-1,-1
133,4,668,681,50,50,1,-1,-1,-1
134,1,404,1182,50,50,1,-1,-1,-1
134,4,675,704,50,50,1,-1,-1,-1
135,1,404,1188,50,50,1,-1,-1,-1
135,3,604,1078,50,50,1,-1,-1,-1
135,4,681,733,50,50,1,-1,-1,-1
136,1,405,1195,50,50,1,-1,-1,-1
136,4,687,766,50,50,1,-1,-1,-1
137,1,406,1201,50,50,1,-1,-1,-1
137,3,590,961,50,50,1,-1,-1,-1
137,4,693,805,50,50,1,-1,-1,-1
138,1,406,1208,50,50,1,-1,-1,-1
138,3,582,913,50,50,1,-1,-1,-1
138,4,699,848,50,50,1,-1,-1,-1
139,1,408,1214,50,50,1,-1,-1,-1
139,3,574,872,50,50,1,-1,-1,-1
139,4,705,896,50,50,1,-1,-1,-1
140,4,712,950,50,50,1,-1,-1,-1
141,3,558,806,50,50,1,-1,-1,-1
142,3,552,780,50,50,1,-1,-1,-1
143,3,543,761,50,50,1,-1,-1,-1
144,3,535,746,50,50,1,-1,-1,-1
145,3,528,737,50,50,1,-1,-1,-1
146,1,443,1240,50,50,1,-1,-1,-1
146,3,520,734,50,50,1,-1,-1,-1
147,1,453,1237,50,50,1,-1,-1,-1
147,3,512,736,50,50,1,-1,-1,-1
148,1,462,1227,50,50,1,-1,-1,-1
148,3,504,743,50,50,1,-1,-1,-1
149,1,476,1204,50,50,1,-1,-1,-1
149,3,496,755,50,50,1,-1,-1,-1
150,1,491,1167,50,50,1,-1,-1,-1
150,3,488,774,50,50,1,-1,-1,-1
151,3,480,796,50,50,1,-1,-1,-1
152,1,499,1057,50,50,1,-1,-1,-1
152,3,669,1109,50,50,1,-1,-1,-1
153,1,668,1110,50,50,1,-1,-1,-1
153,2,463,862,50,50,1,-1,-1,-1
154,1,668,1110,50,50,1,-1,-1,-1
154,2,456,900,50,50,1,-1,-1,-1
154,3,507,916,50,50,1,-1,-1,-1
154,4,460,1015,50,50,1,-1,-1,-1
155,1,667,1111,50,50,1,-1,-1,-1
155,4,448,945,50,50,1,-1,-1,-1
156,1,669,1113,50,50,1,-1,-1,-1
156,2,495,813,50,50,1,-1,-1,-1
156,4,430,1020,50,50,1,-1,-1,-1
157,1,670,1116,50,50,1,-1,-1,-1
157,2,490,772,50,50,1,-1,-1,-1
158,1,671,1120,50,50,1,-1,-1,-1
158,2,484,736,50,50,1,-1,-1,-1
158,4,415,1068,50,50,1,-1,-1,-1
159,1,673,1125,50,50,1,-1,-1,-1
159,2,479,704,50,50,1,-1,-1,-1
159,4,408,1097,50,50,1,-1,-1,-1
160,2,473,679,50,50,1,-1,-1,-1
160,4,404,1128,50,50,1,-1,-1,-1
161,2,467,658,50,50,1,-1,-1,-1
162,2,461,644,50,50,1,-1,-1,-1
162,4,401,1181,50,50,1,-1,-1,-1
163,2,455,635,50,50,1,-1,-1,-1
163,4,403,1201,50,50,1,-1,-1,-1
164,2,450,631,50,50,1,-1,-1,-1
165,2,444,633,50,50,1,-1,-1,-1
165,4,413,1222,50,50,1,-1,-1,-1
166,2,438,640,50,50,1,-1,-1,-1
166,4,420,1222,50,50,1,-1,-1,-1
167,1,674,1155,50,50,1,-1,-1,-1
167,2,432,653,50,50,1,-1,-1,-1
167,4,431,1214,50,50,1,-1,-1,-1
168,2,426,671,50,50,1,-1,-1,-1
168,4,443,1193,50,50,1,-1,-1,-1
169,1,671,1160,50,50,1,-1,-1,-1
169,2,420,695,50,50,1,-1,-1,-1
169,4,454,1157,50,50,1,-1,-1,-1
170,1,668,1163,50,50,1,-1,-1,-1
170,2,414,725,50,50,1,-1,-1,-1
170,4,463,1107,50,50,1,-1,-1,-1
171,1,666,1166,50,50,1,-1,-1,-1
171,2,409,760,50,50,1,-1,-1,-1
171,4,466,1055,50,50,1,-1,-1,-1
172,1,662,1170,50,50,1,-1,-1,-1
172,2,403,800,50,50,1,-1,-1,-1
173,1,657,1175,50,50,1,-1,-1,-1
173,2,397,846,50,50,1,-1,-1,-1
173,4,500,926,50,50,1,-1,-1,-1
174,1,651,1179,50,50,1,-1,-1,-1
174,2,391,896,50,50,1,-1,-1,-1
174,4,510,874,50,50,1,-1,-1,-1
175,1,645,1185,50,50,1,-1,-1,-1
175,2,385,953,50,50,1,-1,-1,-1
176,1,639,1192,50,50,1,-1,-1,-1
176,2,378,1029,50,50,1,-1,-1,-1
176,4,531,787,50,50,1,-1,-1,-1
177,2,373,1049,50,50,1,-1,-1,-1
177,4,540,754,50,50,1,-1,-1,-1
178,2,374,1064,50,50,1,-1,-1,-1
178,4,550,726,50,50,1,-1,-1,-1
179,2,377,1075,50,50,1,-1,-1,-1
179,4,560,703,50,50,1,-1,-1,-1
180,2,381,1085,50,50,1,-1,-1,-1
180,4,569,686,50,50,1,-1,-1,-1
181,2,385,1092,50,50,1,-1,-1,-1
181,4,578,673,50,50,1,-1,-1,-1
182,2,389,1097,50,50,1,-1,-1,-1
182,4,588,666,50,50,1,-1,-1,-1
183,2,392,1101,50,50,1,-1,-1,-1
183,4,597,665,50,50,1,-1,-1,-1
184,2,396,1104,50,50,1,-1,-1,-1
184,4,607,669,50,50,1,-1,-1,-1
185,1,564,1219,50,50,1,-1,-1,-1
185,2,400,1108,50,50,1,-1,-1,-1
185,4,616,678,50,50,1,-1,-1,-1
186,1,562,1191,50,50,1,-1,-1,-1
186,2,403,1111,50,50,1,-1,-1,-1
186,4,625,693,50,50,1,-1,-1,-1
187,2,407,1115,50,50,1,-1,-1,-1
187,4,634,712,50,50,1,-1,-1,-1
188,2,409,1120,50,50,1,-1,-1,-1
188,4,643,737,50,50,1,-1,-1,-1
189,2,411,1123,50,50,1,-1,-1,-1
189,4,652,768,50,50,1,-1,-1,-1
190,1,589,956,50,50,1,-1,-1,-1
190,2,412,1126,50,50,1,-1,-1,-1
190,4,661,803,50,50,1,-1,-1,-1
191,1,593,903,50,50,1,-1,-1,-1
191,2,412,1130,50,50,1,-1,-1,-1
191,4,670,843,50,50,1,-1,-1,-1
192,1,597,855,50,50,1,-1,-1,-1
192,2,412,1133,50,50,1,-1,-1,-1
192,4,679,888,50,50,1,-1,-1,-1
193,1,602,812,50,50,1,-1,-1,-1
193,2,411,1136,50,50,1,-1,-1,-1
193,4,687,938,50,50,1,-1,-1,-1
194,1,606,774,50,50,1,-1,-1,-1
194,2,410,1138,50,50,1,-1,-1,-1
195,1,610,742,50,50,1,-1,-1,-1
195,2,408,1141,50,50,1,-1,-1,-1
196,1,614,715,50,50,1,-1,-1,-1
196,2,407,1144,50,50,1,-1,-1,-1
197,1,618,693,50,50,1,-1,-1,-1
197,2,406,1146,50,50,1,-1,-1,-1
198,1,621,677,50,50,1,-1,-1,-1
198,2,406,1148,50,50,1,-1,-1,-1
199,1,626,667,50,50,1,-1,-1,-1
199,2,406,1149,50,50,1,-1,-1,-1
199,4,657,1156,50,50,1,-1,-1,-1
200,1,631,662,50,50,1,-1,-1,-1
200,2,405,1150,50,50,1,-1,-1,-1
200,4,638,1179,50,50,1,-1,-1,-1
201,1,634,663,50,50,1,-1,-1,-1
201,2,405,1151,50,50,1,-1,-1,-1
202,1,638,669,50,50,1,-1,-1,-1
202,2,404,1153,50,50,1,-1,-1,-1
203,1,642,681,50,50,1,-1,-1,-1
203,2,404,1155,50,50,1,-1,-1,-1
203,4,586,1189,50,50,1,-1,-1,-1
204,1,646,698,50,50,1,-1,-1,-1
204,2,403,1159,50,50,1,-1,-1,-1
204,4,579,1167,50,50,1,-1,-1,-1
205,1,650,720,50,50,1,-1,-1,-1
205,2,403,1163,50,50,1,-1,-1,-1
206,1,653,748,50,50,1,-1,-1,-1
206,2,403,1169,50,50,1,-1,-1,-1
206,4,568,1091,50,50,1,-1,-1,-1
207,1,657,781,50,50,1,-1,-1,-1
207,2,402,1177,50,50,1,-1,-1,-1
208,1,661,819,50,50,1,-1,-1,-1
208,2,402,1185,50,50,1,-1,-1,-1
208,4,564,967,50,50,1,-1,-1,-1
209,1,664,863,50,50,1,-1,-1,-1
209,2,402,1196,50,50,1,-1,-1,-1
209,4,555,919,50,50,1,-1,-1,-1
210,1,668,912,50,50,1,-1,-1,-1
210,2,402,1205,50,50,1,-1,-1,-1
211,1,536,838,50,50,1,-1,-1,-1
212,1,525,805,50,50,1,-1,-1,-1
213,1,525,805,50,50,1,-1,-1,-1
214,1,503,759,50,50,1,-1,-1,-1
215,1,493,744,50,50,1,-1,-1,-1
216,1,483,734,50,50,1,-1,-1,-1
216,2,666,1085,50,50,1,-1,-1,-1
217,1,473,729,50,50,1,-1,-1,-1
217,2,664,1093,50,50,1,-1,-1,-1
217,3,429,1243,50,50,1,-1,-1,-1
218,1,462,730,50,50,1,-1,-1,-1
218,2,661,1101,50,50,1,-1,-1,-1
218,3,438,1237,50,50,1,-1,-1,-1
219,1,453,737,50,50,1,-1,-1,-1
219,2,659,1107,50,50,1,-1,-1,-1
219,3,448,1223,50,50,1,-1,-1,-1
220,1,443,749,50,50,1,-1,-1,-1
220,2,658,1111,50,50,1,-1,-1,-1
220,3,456,1197,50,50,1,-1,-1,-1
221,1,433,767,50,50,1,-1,-1,-1
221,2,656,1115,50,50,1,-1,-1,-1
221,3,468,1148,50,50,1,-1,-1,-1
222,1,422,789,50,50,1,-1,-1,-1
222,2,655,1117,50,50,1,-1,-1,-1
222,3,468,1087,50,50,1,-1,-1,-1
223,1,412,818,50,50,1,-1,-1,-1
223,2,654,1119,50,50,1,-1,-1,-1
224,1,402,852,50,50,1,-1,-1,-1
224,2,653,1120,50,50,1,-1,-1,-1
224,3,471,944,50,50,1,-1,-1,-1
225,1,392,891,50,50,1,-1,-1,-1
225,2,653,1121,50,50,1,-1,-1,-1
226,1,382,935,50,50,1,-1,-1,-1
226,2,653,1122,50,50,1,-1,-1,-1
226,3,461,829,50,50,1,-1,-1,-1
226,4,397,1026,50,50,1,-1,-1,-1
227,2,654,1122,50,50,1,-1,-1,-1
227,3,458,781,50,50,1,-1,-1,-1
228,1,366,1052,50,50,1,-1,-1,-1
228,2,655,1123,50,50,1,-1,-1,-1
228,3,454,738,50,50,1,-1,-1,-1
229,1,359,1079,50,50,1,-1,-1,-1
229,2,656,1124,50,50,1,-1,-1,-1
229,3,450,701,50,50,1,-1,-1,-1
230,1,357,1105,50,50,1,-1,-1,-1
230,2,656,1126,50,50,1,-1,-1,-1
230,3,445,669,50,50,1,-1,-1,-1
231,1,360,1131,50,50,1,-1,-1,-1
231,2,656,1128,50,50,1,-1,-1,-1
231,3,440,643,50,50,1,-1,-1,-1
232,1,366,1157,50,50,1,-1,-1,-1
232,2,655,1131,50,50,1,-1,-1,-1
232,3,436,621,50,50,1,-1,-1,-1
233,1,374,1180,50,50,1,-1,-1,-1
233,2,654,1134,50,50,1,-1,-1,-1
233,3,431,605,50,50,1,-1,-1,-1
234,1,384,1200,50,50,1,-1,-1,-1
234,2,652,1135,50,50,1,-1,-1,-1
234,3,427,595,50,50,1,-1,-1,-1
235,1,395,1215,50,50,1,-1,-1,-1
235,2,652,1137,50,50,1,-1,-1,-1
235,3,421,591,50,50,1,-1,-1,-1
236,1,408,1222,50,50,1,-1,-1,-1
236,2,651,1138,50,50,1,-1,-1,-1
236,3,418,592,50,50,1,-1,-1,-1
237,1,420,1224,50,50,1,-1,-1,-1
237,2,650,1140,50,50,1,-1,-1,-1
237,3,413,599,50,50,1,-1,-1,-1
238,1,431,1219,50,50,1,-1,-1,-1
238,2,649,1142,50,50,1,-1,-1,-1
238,3,408,611,50,50,1,-1,-1,-1
239,1,443,1203,50,50,1,-1,-1,-1
239,2,650,1145,50,50,1,-1,-1,-1
239,3,404,629,50,50,1,-1,-1,-1
240,1,453,1172,50,50,1,-1,-1,-1
240,2,649,1149,50,50,1,-1,-1,-1
240,3,400,652,50,50,1,-1,-1,-1
241,1,465,1124,50,50,1,-1,-1,-1
241,2,648,1153,50,50,1,-1,-1,-1
241,3,395,681,50,50,1,-1,-1,-1
242,1,469,1070,50,50,1,-1,-1,-1
242,2,648,1158,50,50,1,-1,-1,-1
242,3,391,715,50,50,1,-1,-1,-1
243,2,646,1163,50,50,1,-1,-1,-1
243,3,385,756,50,50,1,-1,-1,-1
244,1,494,953,50,50,1,-1,-1,-1
244,2,643,1167,50,50,1,-1,-1,-1
244,3,381,800,50,50,1,-1,-1,-1
245,2,639,1172,50,50,1,-1,-1,-1
245,3,377,851,50,50,1,-1,-1,-1
245,5,423,1002,50,50,1,-1,-1,-1
246,2,635,1178,50,50,1,-1,-1,-1
246,3,372,907,50,50,1,-1,-1,-1
247,2,629,1184,50,50,1,-1,-1,-1
248,1,526,794,50,50,1,-1,-1,-1
248,2,622,1192,50,50,1,-1,-1,-1
248,3,362,1033,50,50,1,-1,-1,-1
249,1,532,771,50,50,1,-1,-1,-1
250,1,539,751,50,50,1,-1,-1,-1
250,5,363,1067,50,50,1,-1,-1,-1
251,1,546,737,50,50,1,-1,-1,-1
251,5,369,1079,50,50,1,-1,-1,-1
252,1,554,728,50,50,1,-1,-1,-1
252,5,376,1088,50,50,1,-1,-1,-1
253,1,561,724,50,50,1,-1,-1,-1
253,5,381,1096,50,50,1,-1,-1,-1
254,1,568,725,50,50,1,-1,-1,-1
254,5,384,1101,50,50,1,-1,-1,-1
255,1,575,733,50,50,1,-1,-1,-1
255,5,386,1105,50,50,1,-1,-1,-1
256,1,582,744,50,50,1,-1,-1,-1
256,5,388,1109,50,50,1,-1,-1,-1
257,1,589,762,50,50,1,-1,-1,-1
257,5,390,1112,50,50,1,-1,-1,-1
258,1,596,785,50,50,1,-1,-1,-1
258,5,392,1115,50,50,1,-1,-1,-1
259,1,603,813,50,50,1,-1,-1,-1
259,2,543,1075,50,50,1,-1,-1,-1
259,5,393,1117,50,50,1,-1,-1,-1
260,1,609,846,50,50,1,-1,-1,-1
260,5,394,1119,50,50,1,-1,-1,-1
261,1,616,883,50,50,1,-1,-1,-1
261,2,560,930,50,50,1,-1,-1,-1
261,5,393,1121,50,50,1,-1,-1,-1
262,1,623,926,50,50,1,-1,-1,-1
262,2,564,876,50,50,1,-1,-1,-1
262,5,392,1123,50,50,1,-1,-1,-1
263,2,569,826,50,50,1,-1,-1,-1
263,5,390,1125,50,50,1,-1,-1,-1
264,2,574,783,50,50,1,-1,-1,-1
264,5,388,1128,50,50,1,-1,-1,-1
265,2,579,744,50,50,1,-1,-1,-1
265,5,387,1130,50,50,1,-1,-1,-1
266,2,584,711,50,50,1,-1,-1,-1
266,5,386,1132,50,50,1,-1,-1,-1
267,1,650,1094,50,50,1,-1,-1,-1
267,2,589,684,50,50,1,-1,-1,-1
267,5,386,1134,50,50,1,-1,-1,-1
268,1,645,1129,50,50,1,-1,-1,-1
268,2,594,662,50,50,1,-1,-1,-1
268,5,386,1136,50,50,1,-1,-1,-1
269,1,636,1162,50,50,1,-1,-1,-1
269,2,598,645,50,50,1,-1,-1,-1
269,5,386,1137,50,50,1,-1,-1,-1
270,2,602,634,50,50,1,-1,-1,-1
270,5,386,1139,50,50,1,-1,-1,-1
271,2,607,629,50,50,1,-1,-1,-1
271,5,387,1140,50,50,1,-1,-1,-1
272,2,612,628,50,50,1,-1,-1,-1
272,5,387,1142,50,50,1,-1,-1,-1
273,2,616,634,50,50,1,-1,-1,-1
273,5,388,1144,50,50,1,-1,-1,-1
274,2,621,644,50,50,1,-1,-1,-1
274,5,388,1146,50,50,1,-1,-1,-1
275,2,626,660,50,50,1,-1,-1,-1
275,5,388,1150,50,50,1,-1,-1,-1
276,1,567,1134,50,50,1,-1,-1,-1
276,2,630,682,50,50,1,-1,-1,-1
276,5,389,1156,50,50,1,-1,-1,-1
277,1,563,1087,50,50,1,-1,-1,-1
277,2,634,709,50,50,1,-1,-1,-1
277,5,389,1162,50,50,1,-1,-1,-1
278,1,560,1048,50,50,1,-1,-1,-1
278,2,639,740,50,50,1,-1,-1,-1
278,5,389,1170,50,50,1,-1,-1,-1
279,1,562,965,50,50,1,-1,-1,-1
279,2,643,777,50,50,1,-1,-1,-1
279,5,389,1179,50,50,1,-1,-1,-1
280,1,554,919,50,50,1,-1,-1,-1
280,2,647,819,50,50,1,-1,-1,-1
280,5,390,1188,50,50,1,-1,-1,-1
281,2,651,866,50,50,1,-1,-1,-1
281,5,391,1200,50,50,1,-1,-1,-1
282,2,655,918,50,50,1,-1,-1,-1
283,2,655,918,50,50,1,-1,-1,-1
284,1,520,786,50,50,1,-1,-1,-1
285,1,511,767,50,50,1,-1,-1,-1
286,1,503,754,50,50,1,-1,-1,-1
287,1,494,745,50,50,1,-1,-1,-1
288,1,486,743,50,50,1,-1,-1,-1
288,5,445,1239,50,50,1,-1,-1,-1
289,1,477,745,50,50,1,-1,-1,-1
289,5,454,1236,50,50,1,-1,-1,-1
290,1,469,754,50,50,1,-1,-1,-1
290,5,463,1226,50,50,1,-1,-1,-1
291,1,460,768,50,50,1,-1,-1,-1
291,2,663,1092,50,50,1,-1,-1,-1
291,5,473,1201,50,50,1,-1,-1,-1
292,1,451,787,50,50,1,-1,-1,-1
292,2,663,1096,50,50,1,-1,-1,-1
292,5,484,1157,50,50,1,-1,-1,-1
293,1,442,812,50,50,1,-1,-1,-1
293,2,662,1098,50,50,1,-1,-1,-1
294,1,434,843,50,50,1,-1,-1,-1
294,2,662,1101,50,50,1,-1,-1,-1
294,5,481,1042,50,50,1,-1,-1,-1
295,1,425,879,50,50,1,-1,-1,-1
295,2,662,1104,50,50,1,-1,-1,-1
295,3,493,951,50,50,1,-1,-1,-1
295,5,462,1030,50,50,1,-1,-1,-1
296,1,417,920,50,50,1,-1,-1,-1
296,2,662,1106,50,50,1,-1,-1,-1
296,3,487,889,50,50,1,-1,-1,-1
296,5,437,1032,50,50,1,-1,-1,-1
297,1,408,968,50,50,1,-1,-1,-1
297,2,663,1109,50,50,1,-1,-1,-1
297,3,482,832,50,50,1,-1,-1,-1
297,5,419,1047,50,50,1,-1,-1,-1
298,2,664,1112,50,50,1,-1,-1,-1
298,3,476,782,50,50,1,-1,-1,-1
299,2,665,1114,50,50,1,-1,-1,-1
299,3,471,739,50,50,1,-1,-1,-1
299,5,394,1081,50,50,1,-1,-1,-1
300,1,389,1107,50,50,1,-1,-1,-1
300,2,666,1116,50,50,1,-1,-1,-1
300,3,466,700,50,50,1,-1,-1,-1
301,1,387,1133,50,50,1,-1,-1,-1
301,2,666,1117,50,50,1,-1,-1,-1
301,3,460,666,50,50,1,-1,-1,-1
302,1,388,1157,50,50,1,-1,-1,-1
302,2,667,1120,50,50,1,-1,-1,-1
302,3,454,638,50,50,1,-1,-1,-1
303,1,391,1178,50,50,1,-1,-1,-1
303,2,667,1123,50,50,1,-1,-1,-1
303,3,448,616,50,50,1,-1,-1,-1
304,1,397,1196,50,50,1,-1,-1,-1
304,2,667,1126,50,50,1,-1,-1,-1
304,3,442,599,50,50,1,-1,-1,-1
305,1,404,1210,50,50,1,-1,-1,-1
305,2,667,1130,50,50,1,-1,-1,-1
305,3,437,587,50,50,1,-1,-1,-1
306,1,412,1219,50,50,1,-1,-1,-1
306,2,665,1134,50,50,1,-1,-1,-1
306,3,431,581,50,50,1,-1,-1,-1
307,1,422,1221,50,50,1,-1,-1,-1
307,2,665,1138,50,50,1,-1,-1,-1
307,3,425,581,50,50,1,-1,-1,-1
308,1,432,1217,50,50,1,-1,-1,-1
308,3,419,587,50,50,1,-1,-1,-1
309,1,442,1199,50,50,1,-1,-1,-1
309,2,662,1147,50,50,1,-1,-1,-1
309,3,413,599,50,50,1,-1,-1,-1
310,1,452,1166,50,50,1,-1,-1,-1
310,2,661,1150,50,50,1,-1,-1,-1
310,3,407,616,50,50,1,-1,-1,-1
311,1,462,1117,50,50,1,-1,-1,-1
311,2,659,1153,50,50,1,-1,-1,-1
311,3,401,639,50,50,1,-1,-1,-1
312,1,465,1061,50,50,1,-1,-1,-1
312,2,657,1157,50,50,1,-1,-1,-1
312,3,396,668,50,50,1,-1,-1,-1
313,2,654,1159,50,50,1,-1,-1,-1
313,3,390,702,50,50,1,-1,-1,-1
314,1,496,930,50,50,1,-1,-1,-1
314,2,651,1163,50,50,1,-1,-1,-1
314,3,384,742,50,50,1,-1,-1,-1
315,1,506,876,50,50,1,-1,-1,-1
315,2,648,1166,50,50,1,-1,-1,-1
315,3,378,788,50,50,1,-1,-1,-1
316,2,643,1170,50,50,1,-1,-1,-1
316,3,372,840,50,50,1,-1,-1,-1
317,1,527,784,50,50,1,-1,-1,-1
317,3,366,897,50,50,1,-1,-1,-1
318,1,536,750,50,50,1,-1,-1,-1
319,1,546,719,50,50,1,-1,-1,-1
320,1,556,693,50,50,1,-1,-1,-1
321,1,565,674,50,50,1,-1,-1,-1
322,1,575,660,50,50,1,-1,-1,-1
323,1,584,651,50,50,1,-1,-1,-1
324,1,594,648,50,50,1,-1,-1,-1
325,1,603,650,50,50,1,-1,-1,-1
326,1,612,658,50,50,1,-1,-1,-1
326,2,407,1112,50,50,1,-1,-1,-1
327,1,621,671,50,50,1,-1,-1,-1
327,2,412,1126,50,50,1,-1,-1,-1
328,1,631,689,50,50,1,-1,-1,-1
328,2,414,1138,50,50,1,-1,-1,-1
329,1,640,713,50,50,1,-1,-1,-1
329,2,415,1146,50,50,1,-1,-1,-1
330,1,649,742,50,50,1,-1,-1,-1
330,2,416,1152,50,50,1,-1,-1,-1
331,1,658,777,50,50,1,-1,-1,-1
331,2,416,1156,50,50,1,-1,-1,-1
332,1,667,816,50,50,1,-1,-1,-1
332,2,415,1159,50,50,1,-1,-1,-1
332,5,578,922,50,50,1,-1,-1,-1
333,1,676,861,50,50,1,-1,-1,-1
333,2,413,1162,50,50,1,-1,-1,-1
333,5,583,865,50,50,1,-1,-1,-1
334,1,685,909,50,50,1,-1,-1,-1
334,2,411,1164,50,50,1,-1,-1,-1
334,5,588,813,50,50,1,-1,-1,-1
335,2,409,1165,50,50,1,-1,-1,-1
335,5,594,768,50,50,1,-1,-1,-1
336,2,406,1165,50,50,1,-1,-1,-1
336,5,598,729,50,50,1,-1,-1,-1
337,2,404,1167,50,50,1,-1,-1,-1
337,5,603,694,50,50,1,-1,-1,-1
338,2,401,1167,50,50,1,-1,-1,-1
338,5,608,665,50,50,1,-1,-1,-1
339,2,400,1167,50,50,1,-1,-1,-1
339,5,612,642,50,50,1,-1,-1,-1
340,1,679,1131,50,50,1,-1,-1,-1
340,2,398,1168,50,50,1,-1,-1,-1
340,5,617,624,50,50,1,-1,-1,-1
341,1,667,1158,50,50,1,-1,-1,-1
341,2,398,1168,50,50,1,-1,-1,-1
341,5,622,612,50,50,1,-1,-1,-1
342,1,649,1178,50,50,1,-1,-1,-1
342,2,398,1169,50,50,1,-1,-1,-1
342,5,627,605,50,50,1,-1,-1,-1
343,2,398,1168,50,50,1,-1,-1,-1
343,5,631,603,50,50,1,-1,-1,-1
344,2,398,1169,50,50,1,-1,-1,-1
344,5,636,607,50,50,1,-1,-1,-1
345,2,398,1170,50,50,1,-1,-1,-1
345,5,640,616,50,50,1,-1,-1,-1
346,1,594,1183,50,50,1,-1,-1,-1
346,2,398,1171,50,50,1,-1,-1,-1
346,5,645,630,50,50,1,-1,-1,-1
347,1,591,1156,50,50,1,-1,-1,-1
347,2,398,1174,50,50,1,-1,-1,-1
347,5,649,650,50,50,1,-1,-1,-1
348,2,399,1178,50,50,1,-1,-1,-1
348,5,653,674,50,50,1,-1,-1,-1
349,2,400,1182,50,50,1,-1,-1,-1
349,5,657,705,50,50,1,-1,-1,-1
350,2,400,1186,50,50,1,-1,-1,-1
350,5,661,740,50,50,1,-1,-1,-1
351,1,578,945,50,50,1,-1,-1,-1
351,2,401,1192,50,50,1,-1,-1,-1
351,5,666,780,50,50,1,-1,-1,-1
352,1,568,899,50,50,1,-1,-1,-1
352,2,402,1197,50,50,1,-1,-1,-1
352,5,670,824,50,50,1,-1,-1,-1
353,1,559,860,50,50,1,-1,-1,-1
353,2,402,1205,50,50,1,-1,-1,-1
353,5,674,874,50,50,1,-1,-1,-1
354,2,403,1213,50,50,1,-1,-1,-1
354,5,678,928,50,50,1,-1,-1,-1
355,2,403,1213,50,50,1,-1,-1,-1
355,5,678,928,50,50,1,-1,-1,-1
356,1,529,772,50,50,1,-1,-1,-1
357,1,519,754,50,50,1,-1,-1,-1
358,1,509,740,50,50,1,-1,-1,-1
359,1,499,732,50,50,1,-1,-1,-1
360,1,489,731,50,50,1,-1,-1,-1
361,1,479,734,50,50,1,-1,-1,-1
362,1,470,742,50,50,1,-1,-1,-1
362,2,392,1178,50,50,1,-1,-1,-1
363,1,459,757,50,50,1,-1,-1,-1
364,1,459,757,50,50,1,-1,-1,-1
365,1,440,799,50,50,1,-1,-1,-1
366,1,440,799,50,50,1,-1,-1,-1
367,1,418,866,50,50,1,-1,-1,-1
367,2,481,931,50,50,1,-1,-1,-1
368,1,409,907,50,50,1,-1,-1,-1
369,2,467,822,50,50,1,-1,-1,-1
370,1,391,1031,50,50,1,-1,-1,-1
370,2,462,779,50,50,1,-1,-1,-1
371,1,380,1057,50,50,1,-1,-1,-1
371,2,457,741,50,50,1,-1,-1,-1
372,1,373,1080,50,50,1,-1,-1,-1
372,2,450,706,50,50,1,-1,-1,-1
373,1,369,1106,50,50,1,-1,-1,-1
373,2,445,678,50,50,1,-1,-1,-1
374,2,439,655,50,50,1,-1,-1,-1
375,2,432,637,50,50,1,-1,-1,-1
376,1,654,1145,50,50,1,-1,-1,-1
376,2,426,626,50,50,1,-1,-1,-1
377,2,420,619,50,50,1,-1,-1,-1
378,2,413,618,50,50,1,-1,-1,-1
379,1,652,1145,50,50,1,-1,-1,-1
379,2,407,623,50,50,1,-1,-1,-1
379,3,404,1213,50,50,1,-1,-1,-1
380,1,651,1146,50,50,1,-1,-1,-1
380,2,401,632,50,50,1,-1,-1,-1
381,1,650,1145,50,50,1,-1,-1,-1
381,2,394,649,50,50,1,-1,-1,-1
381,3,423,1203,50,50,1,-1,-1,-1
382,2,388,671,50,50,1,-1,-1,-1
383,1,647,1146,50,50,1,-1,-1,-1
383,2,381,698,50,50,1,-1,-1,-1
383,3,445,1142,50,50,1,-1,-1,-1
384,1,647,1148,50,50,1,-1,-1,-1
384,2,375,732,50,50,1,-1,-1,-1
384,3,451,1092,50,50,1,-1,-1,-1
385,1,645,1150,50,50,1,-1,-1,-1
385,2,369,771,50,50,1,-1,-1,-1
386,1,643,1152,50,50,1,-1,-1,-1
386,2,363,815,50,50,1,-1,-1,-1
387,1,642,1155,50,50,1,-1,-1,-1
387,2,418,1012,50,50,1,-1,-1,-1
388,3,349,922,50,50,1,-1,-1,-1
389,3,349,922,50,50,1,-1,-1,-1
390,3,349,922,50,50,1,-1,-1,-1
391,3,525,770,50,50,1,-1,-1,-1
392,3,533,750,50,50,1,-1,-1,-1
393,3,544,728,50,50,1,-1,-1,-1
394,3,552,717,50,50,1,-1,-1,-1
395,3,562,708,50,50,1,-1,-1,-1
396,3,573,704,50,50,1,-1,-1,-1
397,3,582,706,50,50,1,-1,-1,-1
398,3,591,716,50,50,1,-1,-1,-1
399,3,601,729,50,50,1,-1,-1,-1
400,3,608,746,50,50,1,-1,-1,-1
401,3,617,770,50,50,1,-1,-1,-1
402,3,617,770,50,50,1,-1,-1,-1
403,3,617,770,50,50,1,-1,-1,-1
404,3,567,877,50,50,1,-1,-1,-1
405,1,406,1172,50,50,1,-1,-1,-1
406,1,405,1173,50,50,1,-1,-1,-1
407,3,404,1175,50,50,1,-1,-1,-1
408,3,404,1175,50,50,1,-1,-1,-1
408,5,668,1057,50,50,1,-1,-1,-1
409,1,581,676,50,50,1,-1,-1,-1
409,3,403,1176,50,50,1,-1,-1,-1
409,5,672,1081,50,50,1,-1,-1,-1
410,1,584,653,50,50,1,-1,-1,-1
410,3,402,1177,50,50,1,-1,-1,-1
410,5,670,1109,50,50,1,-1,-1,-1
411,1,586,634,50,50,1,-1,-1,-1
411,3,403,1177,50,50,1,-1,-1,-1
411,5,663,1138,50,50,1,-1,-1,-1
412,1,590,620,50,50,1,-1,-1,-1
412,3,403,1178,50,50,1,-1,-1,-1
413,1,592,611,50,50,1,-1,-1,-1
413,3,403,1179,50,50,1,-1,-1,-1
413,5,638,1189,50,50,1,-1,-1,-1
414,1,595,609,50,50,1,-1,-1,-1
414,3,401,1177,50,50,1,-1,-1,-1
415,1,598,613,50,50,1,-1,-1,-1
416,1,600,621,50,50,1,-1,-1,-1
417,1,603,634,50,50,1,-1,-1,-1
418,1,605,654,50,50,1,-1,-1,-1
419,1,608,680,50,50,1,-1,-1,-1
420,1,608,680,50,50,1,-1,-1,-1
421,1,612,748,50,50,1,-1,-1,-1
422,1,614,787,50,50,1,-1,-1,-1
423,1,617,834,50,50,1,-1,-1,-1
423,3,552,939,50,50,1,-1,-1,-1
424,1,619,886,50,50,1,-1,-1,-1
424,3,545,895,50,50,1,-1,-1,-1
424,5,401,1184,50,50,1,-1,-1,-1
425,1,622,941,50,50,1,-1,-1,-1
425,3,538,854,50,50,1,-1,-1,-1
425,5,400,1188,50,50,1,-1,-1,-1
426,3,529,818,50,50,1,-1,-1,-1
427,1,398,1204,50,50,1,-1,-1,-1
427,3,520,787,50,50,1,-1,-1,-1
428,1,397,1220,50,50,1,-1,-1,-1
428,3,513,766,50,50,1,-1,-1,-1
428,5,641,1051,50,50,1,-1,-1,-1
429,3,505,750,50,50,1,-1,-1,-1
429,5,647,1062,50,50,1,-1,-1,-1
430,5,652,1073,50,50,1,-1,-1,-1
431,3,490,727,50,50,1,-1,-1,-1
431,5,654,1082,50,50,1,-1,-1,-1
432,3,481,724,50,50,1,-1,-1,-1
432,5,655,1088,50,50,1,-1,-1,-1
433,3,472,727,50,50,1,-1,-1,-1
433,5,656,1094,50,50,1,-1,-1,-1
434,3,464,736,50,50,1,-1,-1,-1
434,5,657,1098,50,50,1,-1,-1,-1
435,1,453,1215,50,50,1,-1,-1,-1
435,3,456,748,50,50,1,-1,-1,-1
435,5,656,1101,50,50,1,-1,-1,-1
436,1,465,1186,50,50,1,-1,-1,-1
436,3,448,768,50,50,1,-1,-1,-1
436,5,656,1103,50,50,1,-1,-1,-1
437,1,473,1141,50,50,1,-1,-1,-1
437,3,438,796,50,50,1,-1,-1,-1
437,5,656,1106,50,50,1,-1,-1,-1
438,1,471,1087,50,50,1,-1,-1,-1
438,3,430,825,50,50,1,-1,-1,-1
438,5,655,1109,50,50,1,-1,-1,-1
439,3,422,861,50,50,1,-1,-1,-1
439,5,656,1111,50,50,1,-1,-1,-1
440,1,445,1039,50,50,1,-1,-1,-1
440,3,414,903,50,50,1,-1,-1,-1
440,5,656,1115,50,50,1,-1,-1,-1
441,1,427,1037,50,50,1,-1,-1,-1
441,3,406,948,50,50,1,-1,-1,-1
441,5,658,1118,50,50,1,-1,-1,-1
441,6,472,890,50,50,1,-1,-1,-1
442,5,661,1121,50,50,1,-1,-1,-1
442,6,469,839,50,50,1,-1,-1,-1
443,3,398,1059,50,50,1,-1,-1,-1
443,5,664,1124,50,50,1,-1,-1,-1
443,6,465,795,50,50,1,-1,-1,-1
444,3,388,1085,50,50,1,-1,-1,-1
444,5,667,1127,50,50,1,-1,-1,-1
444,6,463,757,50,50,1,-1,-1,-1
445,3,384,1112,50,50,1,-1,-1,-1
445,5,670,1130,50,50,1,-1,-1,-1
445,6,459,724,50,50,1,-1,-1,-1
446,3,382,1139,50,50,1,-1,-1,-1
446,5,673,1131,50,50,1,-1,-1,-1
446,6,456,695,50,50,1,-1,-1,-1
447,5,675,1133,50,50,1,-1,-1,-1
447,6,452,673,50,50,1,-1,-1,-1
448,6,449,656,50,50,1,-1,-1,-1
449,6,446,645,50,50,1,-1,-1,-1
450,6,442,639,50,50,1,-1,-1,-1
451,6,439,638,50,50,1,-1,-1,-1
452,6,436,643,50,50,1,-1,-1,-1
453,6,432,654,50,50,1,-1,-1,-1
454,1,435,1185,50,50,1,-1,-1,-1
454,5,669,1135,50,50,1,-1,-1,-1
454,6,428,670,50,50,1,-1,-1,-1
455,1,445,1149,50,50,1,-1,-1,-1
455,6,425,692,50,50,1,-1,-1,-1
456,1,455,1096,50,50,1,-1,-1,-1
456,6,421,719,50,50,1,-1,-1,-1
457,1,458,1049,50,50,1,-1,-1,-1
457,6,418,752,50,50,1,-1,-1,-1
458,1,483,969,50,50,1,-1,-1,-1
458,6,414,789,50,50,1,-1,-1,-1
459,1,494,915,50,50,1,-1,-1,-1
459,6,411,833,50,50,1,-1,-1,-1
460,6,407,882,50,50,1,-1,-1,-1
461,6,404,935,50,50,1,-1,-1,-1
462,1,529,783,50,50,1,-1,-1,-1
462,5,659,1154,50,50,1,-1,-1,-1
463,1,539,752,50,50,1,-1,-1,-1
463,5,654,1161,50,50,1,-1,-1,-1
463,6,388,1048,50,50,1,-1,-1,-1
464,1,551,724,50,50,1,-1,-1,-1
464,5,647,1171,50,50,1,-1,-1,-1
464,6,390,1061,50,50,1,-1,-1,-1
465,1,562,703,50,50,1,-1,-1,-1
465,5,639,1183,50,50,1,-1,-1,-1
465,6,393,1069,50,50,1,-1,-1,-1
466,1,573,686,50,50,1,-1,-1,-1
466,6,395,1076,50,50,1,-1,-1,-1
467,1,584,675,50,50,1,-1,-1,-1
467,6,398,1081,50,50,1,-1,-1,-1
468,1,595,670,50,50,1,-1,-1,-1
468,6,399,1085,50,50,1,-1,-1,-1
469,1,606,670,50,50,1,-1,-1,-1
469,6,401,1089,50,50,1,-1,-1,-1
470,1,617,675,50,50,1,-1,-1,-1
470,6,402,1091,50,50,1,-1,-1,-1
471,1,628,686,50,50,1,-1,-1,-1
471,6,403,1094,50,50,1,-1,-1,-1
472,1,639,702,50,50,1,-1,-1,-1
472,5,586,1172,50,50,1,-1,-1,-1
472,6,404,1096,50,50,1,-1,-1,-1
473,1,650,723,50,50,1,-1,-1,-1
473,5,591,1130,50,50,1,-1,-1,-1
473,6,404,1099,50,50,1,-1,-1,-1
474,1,660,750,50,50,1,-1,-1,-1
474,5,595,1075,50,50,1,-1,-1,-1
474,6,404,1102,50,50,1,-1,-1,-1
475,1,672,782,50,50,1,-1,-1,-1
475,6,404,1105,50,50,1,-1,-1,-1
476,1,682,820,50,50,1,-1,-1,-1
476,6,403,1108,50,50,1,-1,-1,-1
477,1,692,862,50,50,1,-1,-1,-1
477,5,600,888,50,50,1,-1,-1,-1
477,6,401,1112,50,50,1,-1,-1,-1
478,1,703,910,50,50,1,-1,-1,-1
478,5,601,837,50,50,1,-1,-1,-1
478,6,399,1115,50,50,1,-1,-1,-1
479,1,714,962,50,50,1,-1,-1,-1
479,5,602,792,50,50,1,-1,-1,-1
479,6,397,1118,50,50,1,-1,-1,-1
480,5,602,753,50,50,1,-1,-1,-1
480,6,395,1121,50,50,1,-1,-1,-1
481,5,603,719,50,50,1,-1,-1,-1
481,6,393,1125,50,50,1,-1,-1,-1
482,5,604,690,50,50,1,-1,-1,-1
482,6,391,1128,50,50,1,-1,-1,-1
483,5,605,667,50,50,1,-1,-1,-1
483,6,389,1131,50,50,1,-1,-1,-1
484,5,606,650,50,50,1,-1,-1,-1
484,6,387,1134,50,50,1,-1,-1,-1
485,5,607,637,50,50,1,-1,-1,-1
485,6,385,1135,50,50,1,-1,-1,-1
486,5,608,630,50,50,1,-1,-1,-1
486,6,384,1136,50,50,1,-1,-1,-1
487,5,609,629,50,50,1,-1,-1,-1
487,6,382,1136,50,50,1,-1,-1,-1
488,5,609,633,50,50,1,-1,-1,-1
488,6,380,1136,50,50,1,-1,-1,-1
489,5,610,643,50,50,1,-1,-1,-1
489,6,379,1137,50,50,1,-1,-1,-1
490,3,582,1197,50,50,1,-1,-1,-1
490,5,611,659,50,50,1,-1,-1,-1
490,6,379,1135,50,50,1,-1,-1,-1
491,3,576,1172,50,50,1,-1,-1,-1
491,5,611,680,50,50,1,-1,-1,-1
492,5,612,707,50,50,1,-1,-1,-1
493,5,613,739,50,50,1,-1,-1,-1
494,5,613,776,50,50,1,-1,-1,-1
495,5,614,819,50,50,1,-1,-1,-1
496,1,552,918,50,50,1,-1,-1,-1
496,5,614,867,50,50,1,-1,-1,-1
496,6,377,1141,50,50,1,-1,-1,-1
497,1,545,875,50,50,1,-1,-1,-1
497,5,615,920,50,50,1,-1,-1,-1
497,6,378,1146,50,50,1,-1,-1,-1
498,5,536,835,50,50,1,-1,-1,-1
498,6,380,1150,50,50,1,-1,-1,-1
499,1,623,1044,50,50,1,-1,-1,-1
499,5,528,801,50,50,1,-1,-1,-1
499,6,383,1159,50,50,1,-1,-1,-1
500,1,627,1061,50,50,1,-1,-1,-1
500,5,519,773,50,50,1,-1,-1,-1
500,6,385,1171,50,50,1,-1,-1,-1
501,1,630,1077,50,50,1,-1,-1,-1
501,5,511,751,50,50,1,-1,-1,-1
501,6,387,1183,50,50,1,-1,-1,-1
502,1,634,1088,50,50,1,-1,-1,-1
502,5,502,735,50,50,1,-1,-1,-1
502,6,391,1195,50,50,1,-1,-1,-1
503,1,641,1098,50,50,1,-1,-1,-1
503,5,494,722,50,50,1,-1,-1,-1
504,1,648,1108,50,50,1,-1,-1,-1
504,5,486,716,50,50,1,-1,-1,-1
505,1,653,1114,50,50,1,-1,-1,-1
505,5,478,716,50,50,1,-1,-1,-1
506,1,658,1117,50,50,1,-1,-1,-1
506,5,469,722,50,50,1,-1,-1,-1
507,1,661,1119,50,50,1,-1,-1,-1
507,5,461,732,50,50,1,-1,-1,-1
507,6,433,1220,50,50,1,-1,-1,-1
508,1,663,1119,50,50,1,-1,-1,-1
508,5,453,748,50,50,1,-1,-1,-1
508,6,446,1211,50,50,1,-1,-1,-1
509,1,663,1119,50,50,1,-1,-1,-1
509,5,445,769,50,50,1,-1,-1,-1
509,6,460,1187,50,50,1,-1,-1,-1
510,1,664,1119,50,50,1,-1,-1,-1
510,5,437,797,50,50,1,-1,-1,-1
510,6,469,1144,50,50,1,-1,-1,-1
511,1,664,1119,50,50,1,-1,-1,-1
511,5,428,828,50,50,1,-1,-1,-1
511,6,472,1086,50,50,1,-1,-1,-1
512,1,664,1119,50,50,1,-1,-1,-1
512,5,420,866,50,50,1,-1,-1,-1
513,1,664,1120,50,50,1,-1,-1,-1
513,5,412,909,50,50,1,-1,-1,-1
513,6,478,943,50,50,1,-1,-1,-1
514,1,666,1121,50,50,1,-1,-1,-1
514,5,404,956,50,50,1,-1,-1,-1
514,6,475,883,50,50,1,-1,-1,-1
514,7,417,1036,50,50,1,-1,-1,-1
515,1,668,1123,50,50,1,-1,-1,-1
515,6,472,827,50,50,1,-1,-1,-1
516,1,668,1125,50,50,1,-1,-1,-1
516,5,390,1070,50,50,1,-1,-1,-1
516,6,471,778,50,50,1,-1,-1,-1
517,1,669,1127,50,50,1,-1,-1,-1
517,5,384,1096,50,50,1,-1,-1,-1
517,6,469,735,50,50,1,-1,-1,-1
518,1,671,1129,50,50,1,-1,-1,-1
518,5,382,1120,50,50,1,-1,-1,-1
518,6,466,697,50,50,1,-1,-1,-1
519,5,383,1144,50,50,1,-1,-1,-1
519,6,463,664,50,50,1,-1,-1,-1
520,5,386,1168,50,50,1,-1,-1,-1
520,6,461,637,50,50,1,-1,-1,-1
521,5,391,1188,50,50,1,-1,-1,-1
521,6,458,616,50,50,1,-1,-1,-1
522,5,397,1205,50,50,1,-1,-1,-1
522,6,455,600,50,50,1,-1,-1,-1
523,6,453,590,50,50,1,-1,-1,-1
524,6,450,585,50,50,1,-1,-1,-1
525,6,448,586,50,50,1,-1,-1,-1
526,5,435,1215,50,50,1,-1,-1,-1
526,6,445,592,50,50,1,-1,-1,-1
527,5,446,1197,50,50,1,-1,-1,-1
527,6,443,605,50,50,1,-1,-1,-1
528,5,458,1165,50,50,1,-1,-1,-1
528,6,441,622,50,50,1,-1,-1,-1
529,5,468,1118,50,50,1,-1,-1,-1
529,6,438,646,50,50,1,-1,-1,-1
530,1,686,1139,50,50,1,-1,-1,-1
530,5,471,1063,50,50,1,-1,-1,-1
530,6,435,675,50,50,1,-1,-1,-1
531,6,433,710,50,50,1,-1,-1,-1
532,5,499,930,50,50,1,-1,-1,-1
532,6,430,751,50,50,1,-1,-1,-1
533,5,508,877,50,50,1,-1,-1,-1
533,6,427,797,50,50,1,-1,-1,-1
534,6,425,848,50,50,1,-1,-1,-1
535,5,526,787,50,50,1,-1,-1,-1
535,6,422,906,50,50,1,-1,-1,-1
536,1,655,1166,50,50,1,-1,-1,-1
536,5,534,753,50,50,1,-1,-1,-1
536,6,419,968,50,50,1,-1,-1,-1
537,1,648,1176,50,50,1,-1,-1,-1
537,5,542,723,50,50,1,-1,-1,-1
537,6,414,1035,50,50,1,-1,-1,-1
538,5,551,698,50,50,1,-1,-1,-1
538,6,416,1050,50,50,1,-1,-1,-1
539,5,559,680,50,50,1,-1,-1,-1
539,6,419,1062,50,50,1,-1,-1,-1
540,5,567,667,50,50,1,-1,-1,-1
540,6,420,1073,50,50,1,-1,-1,-1
541,5,575,659,50,50,1,-1,-1,-1
541,6,421,1084,50,50,1,-1,-1,-1
542,5,583,657,50,50,1,-1,-1,-1
542,6,420,1095,50,50,1,-1,-1,-1
543,5,592,660,50,50,1,-1,-1,-1
543,6,419,1104,50,50,1,-1,-1,-1
544,5,600,669,50,50,1,-1,-1,-1
544,6,416,1111,50,50,1,-1,-1,-1
545,5,607,682,50,50,1,-1,-1,-1
545,6,415,1116,50,50,1,-1,-1,-1
546,5,615,702,50,50,1,-1,-1,-1
546,6,413,1120,50,50,1,-1,-1,-1
547,5,623,726,50,50,1,-1,-1,-1
547,6,411,1124,50,50,1,-1,-1,-1
547,7,581,1148,50,50,1,-1,-1,-1
548,5,630,755,50,50,1,-1,-1,-1
548,6,409,1128,50,50,1,-1,-1,-1
548,7,589,1097,50,50,1,-1,-1,-1
549,5,638,790,50,50,1,-1,-1,-1
549,6,407,1131,50,50,1,-1,-1,-1
549,7,594,1044,50,50,1,-1,-1,-1
550,5,645,829,50,50,1,-1,-1,-1
550,6,405,1134,50,50,1,-1,-1,-1
551,5,653,873,50,50,1,-1,-1,-1
551,6,403,1137,50,50,1,-1,-1,-1
551,7,604,912,50,50,1,-1,-1,-1
552,5,660,922,50,50,1,-1,-1,-1
552,6,401,1139,50,50,1,-1,-1,-1
552,7,609,861,50,50,1,-1,-1,-1
553,6,398,1141,50,50,1,-1,-1,-1
553,7,614,815,50,50,1,-1,-1,-1
554,6,396,1143,50,50,1,-1,-1,-1
554,7,619,774,50,50,1,-1,-1,-1
555,6,393,1144,50,50,1,-1,-1,-1
555,7,624,739,50,50,1,-1,-1,-1
556,6,391,1144,50,50,1,-1,-1,-1
556,7,629,709,50,50,1,-1,-1,-1
557,5,673,1104,50,50,1,-1,-1,-1
557,6,389,1144,50,50,1,-1,-1,-1
557,7,634,685,50,50,1,-1,-1,-1
558,5,663,1139,50,50,1,-1,-1,-1
558,6,388,1144,50,50,1,-1,-1,-1
558,7,640,666,50,50,1,-1,-1,-1
559,5,649,1167,50,50,1,-1,-1,-1
559,6,387,1145,50,50,1,-1,-1,-1
559,7,644,653,50,50,1,-1,-1,-1
560,6,386,1145,50,50,1,-1,-1,-1
560,7,649,645,50,50,1,-1,-1,-1
561,6,386,1145,50,50,1,-1,-1,-1
561,7,654,642,50,50,1,-1,-1,-1
562,6,385,1145,50,50,1,-1,-1,-1
562,7,658,646,50,50,1,-1,-1,-1
563,6,385,1146,50,50,1,-1,-1,-1
563,7,664,654,50,50,1,-1,-1,-1
564,5,613,1148,50,50,1,-1,-1,-1
564,6,385,1147,50,50,1,-1,-1,-1
564,7,669,668,50,50,1,-1,-1,-1
565,5,611,1110,50,50,1,-1,-1,-1
565,6,385,1149,50,50,1,-1,-1,-1
565,7,673,687,50,50,1,-1,-1,-1
566,6,386,1151,50,50,1,-1,-1,-1
566,7,678,712,50,50,1,-1,-1,-1
567,6,388,1152,50,50,1,-1,-1,-1
567,7,682,742,50,50,1,-1,-1,-1
568,6,390,1154,50,50,1,-1,-1,-1
568,7,687,777,50,50,1,-1,-1,-1
569,5,592,906,50,50,1,-1,-1,-1
569,6,392,1155,50,50,1,-1,-1,-1
569,7,691,817,50,50,1,-1,-1,-1
570,5,584,868,50,50,1,-1,-1,-1
570,6,395,1156,50,50,1,-1,-1,-1
570,7,696,862,50,50,1,-1,-1,-1
571,5,577,834,50,50,1,-1,-1,-1
571,6,397,1157,50,50,1,-1,-1,-1
571,7,700,913,50,50,1,-1,-1,-1
572,5,569,806,50,50,1,-1,-1,-1
572,6,400,1158,50,50,1,-1,-1,-1
572,7,705,969,50,50,1,-1,-1,-1
573,5,562,783,50,50,1,-1,-1,-1
573,6,403,1158,50,50,1,-1,-1,-1
574,5,554,767,50,50,1,-1,-1,-1
574,6,406,1159,50,50,1,-1,-1,-1
575,5,547,755,50,50,1,-1,-1,-1
575,6,407,1157,50,50,1,-1,-1,-1
576,5,540,748,50,50,1,-1,-1,-1
576,6,408,1156,50,50,1,-1,-1,-1
577,5,532,748,50,50,1,-1,-1,-1
577,6,411,1153,50,50,1,-1,-1,-1
578,5,525,752,50,50,1,-1,-1,-1
578,6,413,1150,50,50,1,-1,-1,-1
579,5,517,762,50,50,1,-1,-1,-1
579,6,416,1146,50,50,1,-1,-1,-1
580,5,510,777,50,50,1,-1,-1,-1
581,5,501,797,50,50,1,-1,-1,-1
582,6,425,1134,50,50,1,-1,-1,-1
583,6,428,1132,50,50,1,-1,-1,-1
584,5,477,894,50,50,1,-1,-1,-1
584,6,429,1133,50,50,1,-1,-1,-1
585,5,470,938,50,50,1,-1,-1,-1
586,5,463,984,50,50,1,-1,-1,-1
587,5,455,1037,50,50,1,-1,-1,-1
588,5,455,1037,50,50,1,-1,-1,-1
589,5,455,1037,50,50,1,-1,-1,-1
590,5,455,1037,50,50,1,-1,-1,-1
591,5,455,1037,50,50,1,-1,-1,-1
592,5,455,1037,50,50,1,-1,-1,-1
593,6,436,1148,50,50,1,-1,-1,-1
594,6,431,1146,50,50,1,-1,-1,-1
595,6,430,1145,50,50,1,-1,-1,-1
596,6,429,1144,50,50,1,-1,-1,-1
597,6,429,1144,50,50,1,-1,-1,-1
598,6,429,1144,50,50,1,-1,-1,-1
599,6,429,1144,50,50,1,-1,-1,-1
600,6,429,1144,50,50,1,-1,-1,-1
601,6,429,1144,50,50,1,-1,-1,-1
