2,1,477,1025,50,50,1,-1,-1,-1
2,2,591,1085,50,50,1,-1,-1,-1
3,1,477,1030,50,50,1,-1,-1,-1
3,2,590,1084,50,50,1,-1,-1,-1
4,1,479,1041,50,50,1,-1,-1,-1
4,2,589,1083,50,50,1,-1,-1,-1
5,1,481,1058,50,50,1,-1,-1,-1
5,2,589,1082,50,50,1,-1,-1,-1
6,1,481,1081,50,50,1,-1,-1,-1
6,2,589,1080,50,50,1,-1,-1,-1
7,1,481,1112,50,50,1,-1,-1,-1
7,2,589,1078,50,50,1,-1,-1,-1
8,1,478,1145,50,50,1,-1,-1,-1
8,2,589,1075,50,50,1,-1,-1,-1
9,1,474,1172,50,50,1,-1,-1,-1
9,2,590,1071,50,50,1,-1,-1,-1
10,1,471,1190,50,50,1,-1,-1,-1
10,2,591,1066,50,50,1,-1,-1,-1
11,1,466,1204,50,50,1,-1,-1,-1
11,2,593,1063,50,50,1,-1,-1,-1
12,1,463,1215,50,50,1,-1,-1,-1
12,2,594,1062,50,50,1,-1,-1,-1
13,1,461,1224,50,50,1,-1,-1,-1
13,2,594,1060,50,50,1,-1,-1,-1
14,1,460,1230,50,50,1,-1,-1,-1
14,2,594,1058,50,50,1,-1,-1,-1
15,1,458,1235,50,50,1,-1,-1,-1
15,2,595,1056,50,50,1,-1,-1,-1
16,1,456,1240,50,50,1,-1,-1,-1
16,2,596,1056,50,50,1,-1,-1,-1
17,1,454,1244,50,50,1,-1,-1,-1
17,2,596,1055,50,50,1,-1,-1,-1
18,1,451,1250,50,50,1,-1,-1,-1
18,2,598,1053,50,50,1,-1,-1,-1
19,1,446,1268,50,50,1,-1,-1,-1
19,2,598,1052,50,50,1,-1,-1,-1
20,1,450,1254,50,50,1,-1,-1,-1
20,2,599,1051,50,50,1,-1,-1,-1
21,1,453,1249,50,50,1,-1,-1,-1
21,2,600,1051,50,50,1,-1,-1,-1
22,1,457,1232,50,50,1,-1,-1,-1
22,2,601,1050,50,50,1,-1,-1,-1
23,1,467,1194,50,50,1,-1,-1,-1
23,2,603,1050,50,50,1,-1,-1,-1
24,1,476,1138,50,50,1,-1,-1,-1
24,2,603,1050,50,50,1,-1,-1,-1
25,1,485,1071,50,50,1,-1,-1,-1
25,2,606,1053,50,50,1,-1,-1,-1
26,1,492,1005,50,50,1,-1,-1,-1
26,2,608,1054,50,50,1,-1,-1,-1
27,1,499,947,50,50,1,-1,-1,-1
27,2,611,1056,50,50,1,-1,-1,-1
28,1,506,889,50,50,1,-1,-1,-1
28,2,614,1057,50,50,1,-1,-1,-1
28,3,464,1025,50,50,1,-1,-1,-1
29,1,515,840,50,50,1,-1,-1,-1
29,2,621,1058,50,50,1,-1,-1,-1
30,1,523,794,50,50,1,-1,-1,-1
30,2,628,1059,50,50,1,-1,-1,-1
30,3,472,1072,50,50,1,-1,-1,-1
31,1,530,756,50,50,1,-1,-1,-1
31,2,637,1062,50,50,1,-1,-1,-1
31,3,455,1111,50,50,1,-1,-1,-1
32,1,537,722,50,50,1,-1,-1,-1
32,2,646,1067,50,50,1,-1,-1,-1
32,3,453,1155,50,50,1,-1,-1,-1
33,1,545,693,50,50,1,-1,-1,-1
33,2,655,1074,50,50,1,-1,-1,-1
33,3,448,1193,50,50,1,-1,-1,-1
34,1,552,670,50,50,1,-1,-1,-1
34,2,661,1080,50,50,1,-1,-1,-1
34,3,445,1215,50,50,1,-1,-1,-1
35,1,560,652,50,50,1,-1,-1,-1
35,2,665,1087,50,50,1,-1,-1,-1
35,3,442,1220,50,50,1,-1,-1,-1
36,1,568,640,50,50,1,-1,-1,-1
36,2,664,1092,50,50,1,-1,-1,-1
36,3,439,1210,50,50,1,-1,-1,-1
37,1,575,634,50,50,1,-1,-1,-1
37,2,658,1094,50,50,1,-1,-1,-1
37,3,437,1179,50,50,1,-1,-1,-1
38,1,583,633,50,50,1,-1,-1,-1
38,2,645,1089,50,50,1,-1,-1,-1
38,3,440,1128,50,50,1,-1,-1,-1
39,1,590,637,50,50,1,-1,-1,-1
39,2,626,1077,50,50,1,-1,-1,-1
39,3,446,1060,50,50,1,-1,-1,-1
40,1,598,647,50,50,1,-1,-1,-1
40,2,598,1061,50,50,1,-1,-1,-1
40,3,454,999,50,50,1,-1,-1,-1
41,1,606,663,50,50,1,-1,-1,-1
41,2,564,1046,50,50,1,-1,-1,-1
41,3,463,944,50,50,1,-1,-1,-1
42,1,613,684,50,50,1,-1,-1,-1
42,2,531,1035,50,50,1,-1,-1,-1
42,3,473,892,50,50,1,-1,-1,-1
43,1,620,710,50,50,1,-1,-1,-1
43,2,504,1029,50,50,1,-1,-1,-1
43,3,484,845,50,50,1,-1,-1,-1
44,1,627,741,50,50,1,-1,-1,-1
44,2,484,1029,50,50,1,-1,-1,-1
44,3,494,804,50,50,1,-1,-1,-1
45,1,635,778,50,50,1,-1,-1,-1
45,2,475,1045,50,50,1,-1,-1,-1
45,3,505,769,50,50,1,-1,-1,-1
46,1,642,820,50,50,1,-1,-1,-1
46,2,473,1065,50,50,1,-1,-1,-1
46,3,515,740,50,50,1,-1,-1,-1
47,1,649,868,50,50,1,-1,-1,-1
47,2,465,1093,50,50,1,-1,-1,-1
47,3,525,715,50,50,1,-1,-1,-1
48,1,656,921,50,50,1,-1,-1,-1
48,2,451,1131,50,50,1,-1,-1,-1
48,3,535,697,50,50,1,-1,-1,-1
49,1,664,975,50,50,1,-1,-1,-1
49,2,442,1174,50,50,1,-1,-1,-1
49,3,544,683,50,50,1,-1,-1,-1
50,1,669,999,50,50,1,-1,-1,-1
50,2,442,1200,50,50,1,-1,-1,-1
50,3,554,675,50,50,1,-1,-1,-1
51,1,670,1005,50,50,1,-1,-1,-1
51,2,439,1200,50,50,1,-1,-1,-1
51,3,564,672,50,50,1,-1,-1,-1
52,1,665,1014,50,50,1,-1,-1,-1
52,2,439,1177,50,50,1,-1,-1,-1
52,3,573,675,50,50,1,-1,-1,-1
53,1,639,1001,50,50,1,-1,-1,-1
53,2,439,1126,50,50,1,-1,-1,-1
53,3,583,683,50,50,1,-1,-1,-1
54,1,613,997,50,50,1,-1,-1,-1
54,2,446,1060,50,50,1,-1,-1,-1
54,3,592,696,50,50,1,-1,-1,-1
55,1,583,995,50,50,1,-1,-1,-1
55,2,453,997,50,50,1,-1,-1,-1
55,3,602,715,50,50,1,-1,-1,-1
56,1,552,1010,50,50,1,-1,-1,-1
56,2,462,939,50,50,1,-1,-1,-1
56,3,611,738,50,50,1,-1,-1,-1
57,1,525,1018,50,50,1,-1,-1,-1
57,2,471,885,50,50,1,-1,-1,-1
57,3,620,767,50,50,1,-1,-1,-1
58,1,496,1033,50,50,1,-1,-1,-1
58,2,482,837,50,50,1,-1,-1,-1
58,3,629,801,50,50,1,-1,-1,-1
59,1,490,1052,50,50,1,-1,-1,-1
59,2,493,792,50,50,1,-1,-1,-1
59,3,639,840,50,50,1,-1,-1,-1
60,1,487,1078,50,50,1,-1,-1,-1
60,2,503,756,50,50,1,-1,-1,-1
60,3,649,883,50,50,1,-1,-1,-1
61,1,482,1109,50,50,1,-1,-1,-1
61,2,512,724,50,50,1,-1,-1,-1
61,3,657,931,50,50,1,-1,-1,-1
62,1,467,1141,50,50,1,-1,-1,-1
62,2,523,697,50,50,1,-1,-1,-1
62,3,669,980,50,50,1,-1,-1,-1
63,1,450,1180,50,50,1,-1,-1,-1
63,2,532,676,50,50,1,-1,-1,-1
63,3,664,994,50,50,1,-1,-1,-1
64,1,439,1205,50,50,1,-1,-1,-1
64,2,541,660,50,50,1,-1,-1,-1
64,3,670,994,50,50,1,-1,-1,-1
65,1,435,1205,50,50,1,-1,-1,-1
65,2,551,649,50,50,1,-1,-1,-1
65,3,671,993,50,50,1,-1,-1,-1
66,1,432,1187,50,50,1,-1,-1,-1
66,2,561,644,50,50,1,-1,-1,-1
66,3,669,993,50,50,1,-1,-1,-1
67,1,430,1141,50,50,1,-1,-1,-1
67,2,571,645,50,50,1,-1,-1,-1
67,3,660,994,50,50,1,-1,-1,-1
68,1,438,1075,50,50,1,-1,-1,-1
68,2,580,651,50,50,1,-1,-1,-1
68,3,640,996,50,50,1,-1,-1,-1
69,1,446,1005,50,50,1,-1,-1,-1
69,2,589,662,50,50,1,-1,-1,-1
69,3,610,998,50,50,1,-1,-1,-1
70,1,455,941,50,50,1,-1,-1,-1
70,2,599,678,50,50,1,-1,-1,-1
70,3,570,1005,50,50,1,-1,-1,-1
71,1,463,881,50,50,1,-1,-1,-1
71,2,608,700,50,50,1,-1,-1,-1
71,3,538,1013,50,50,1,-1,-1,-1
72,1,471,823,50,50,1,-1,-1,-1
72,2,618,727,50,50,1,-1,-1,-1
72,3,504,1028,50,50,1,-1,-1,-1
73,1,483,772,50,50,1,-1,-1,-1
73,2,627,758,50,50,1,-1,-1,-1
73,3,475,1053,50,50,1,-1,-1,-1
74,1,492,726,50,50,1,-1,-1,-1
74,2,636,796,50,50,1,-1,-1,-1
74,3,465,1074,50,50,1,-1,-1,-1
75,1,500,686,50,50,1,-1,-1,-1
75,2,645,837,50,50,1,-1,-1,-1
75,3,456,1101,50,50,1,-1,-1,-1
76,1,510,650,50,50,1,-1,-1,-1
76,2,654,885,50,50,1,-1,-1,-1
76,3,450,1125,50,50,1,-1,-1,-1
77,1,519,620,50,50,1,-1,-1,-1
77,2,663,936,50,50,1,-1,-1,-1
77,3,441,1155,50,50,1,-1,-1,-1
78,1,529,596,50,50,1,-1,-1,-1
78,2,666,987,50,50,1,-1,-1,-1
78,3,437,1180,50,50,1,-1,-1,-1
79,1,537,577,50,50,1,-1,-1,-1
79,2,670,988,50,50,1,-1,-1,-1
79,3,434,1194,50,50,1,-1,-1,-1
80,1,546,563,50,50,1,-1,-1,-1
80,2,667,990,50,50,1,-1,-1,-1
80,3,430,1189,50,50,1,-1,-1,-1
81,1,556,556,50,50,1,-1,-1,-1
81,2,660,994,50,50,1,-1,-1,-1
81,3,426,1165,50,50,1,-1,-1,-1
82,1,565,553,50,50,1,-1,-1,-1
82,2,647,996,50,50,1,-1,-1,-1
82,3,425,1116,50,50,1,-1,-1,-1
83,1,574,556,50,50,1,-1,-1,-1
83,2,612,1001,50,50,1,-1,-1,-1
83,3,431,1047,50,50,1,-1,-1,-1
84,1,583,565,50,50,1,-1,-1,-1
84,2,587,998,50,50,1,-1,-1,-1
84,3,439,983,50,50,1,-1,-1,-1
85,1,592,579,50,50,1,-1,-1,-1
85,2,561,1004,50,50,1,-1,-1,-1
85,3,448,923,50,50,1,-1,-1,-1
86,1,601,599,50,50,1,-1,-1,-1
86,2,536,1015,50,50,1,-1,-1,-1
86,3,455,867,50,50,1,-1,-1,-1
87,1,610,623,50,50,1,-1,-1,-1
87,2,507,1030,50,50,1,-1,-1,-1
87,3,463,815,50,50,1,-1,-1,-1
88,1,620,654,50,50,1,-1,-1,-1
88,2,482,1049,50,50,1,-1,-1,-1
88,3,472,770,50,50,1,-1,-1,-1
89,1,628,691,50,50,1,-1,-1,-1
89,2,470,1069,50,50,1,-1,-1,-1
89,3,481,729,50,50,1,-1,-1,-1
90,1,637,732,50,50,1,-1,-1,-1
90,2,463,1091,50,50,1,-1,-1,-1
90,3,489,694,50,50,1,-1,-1,-1
91,1,646,780,50,50,1,-1,-1,-1
91,2,450,1120,50,50,1,-1,-1,-1
91,3,497,665,50,50,1,-1,-1,-1
92,1,655,832,50,50,1,-1,-1,-1
92,2,437,1151,50,50,1,-1,-1,-1
92,3,505,641,50,50,1,-1,-1,-1
93,1,664,889,50,50,1,-1,-1,-1
93,2,423,1177,50,50,1,-1,-1,-1
93,3,513,622,50,50,1,-1,-1,-1
94,1,672,949,50,50,1,-1,-1,-1
94,2,414,1192,50,50,1,-1,-1,-1
94,3,522,609,50,50,1,-1,-1,-1
95,1,676,972,50,50,1,-1,-1,-1
95,2,405,1195,50,50,1,-1,-1,-1
95,3,530,601,50,50,1,-1,-1,-1
96,1,670,975,50,50,1,-1,-1,-1
96,2,396,1182,50,50,1,-1,-1,-1
96,3,538,599,50,50,1,-1,-1,-1
97,1,657,980,50,50,1,-1,-1,-1
97,2,390,1143,50,50,1,-1,-1,-1
97,3,546,602,50,50,1,-1,-1,-1
98,1,635,982,50,50,1,-1,-1,-1
98,2,395,1083,50,50,1,-1,-1,-1
98,3,554,611,50,50,1,-1,-1,-1
99,1,595,987,50,50,1,-1,-1,-1
99,2,405,1015,50,50,1,-1,-1,-1
99,3,562,625,50,50,1,-1,-1,-1
100,1,565,995,50,50,1,-1,-1,-1
100,2,418,955,50,50,1,-1,-1,-1
100,3,570,644,50,50,1,-1,-1,-1
101,1,538,1007,50,50,1,-1,-1,-1
101,2,432,896,50,50,1,-1,-1,-1
101,3,578,669,50,50,1,-1,-1,-1
102,1,507,1024,50,50,1,-1,-1,-1
102,2,446,842,50,50,1,-1,-1,-1
102,3,585,699,50,50,1,-1,-1,-1
103,1,479,1046,50,50,1,-1,-1,-1
103,2,459,795,50,50,1,-1,-1,-1
103,3,593,735,50,50,1,-1,-1,-1
104,1,474,1066,50,50,1,-1,-1,-1
104,2,473,753,50,50,1,-1,-1,-1
104,3,601,775,50,50,1,-1,-1,-1
105,1,476,1091,50,50,1,-1,-1,-1
105,2,486,716,50,50,1,-1,-1,-1
105,3,609,821,50,50,1,-1,-1,-1
106,1,464,1116,50,50,1,-1,-1,-1
106,2,499,685,50,50,1,-1,-1,-1
106,3,617,871,50,50,1,-1,-1,-1
107,1,445,1147,50,50,1,-1,-1,-1
107,2,513,659,50,50,1,-1,-1,-1
107,3,624,927,50,50,1,-1,-1,-1
108,1,431,1179,50,50,1,-1,-1,-1
108,2,526,639,50,50,1,-1,-1,-1
108,3,632,982,50,50,1,-1,-1,-1
109,1,421,1194,50,50,1,-1,-1,-1
109,2,539,624,50,50,1,-1,-1,-1
109,3,638,1005,50,50,1,-1,-1,-1
110,1,416,1194,50,50,1,-1,-1,-1
110,2,552,614,50,50,1,-1,-1,-1
110,3,643,1007,50,50,1,-1,-1,-1
111,1,413,1177,50,50,1,-1,-1,-1
111,2,566,610,50,50,1,-1,-1,-1
111,3,640,1008,50,50,1,-1,-1,-1
112,1,412,1135,50,50,1,-1,-1,-1
112,2,578,612,50,50,1,-1,-1,-1
112,3,630,1008,50,50,1,-1,-1,-1
113,1,420,1071,50,50,1,-1,-1,-1
113,2,591,618,50,50,1,-1,-1,-1
113,3,609,1004,50,50,1,-1,-1,-1
114,1,433,1008,50,50,1,-1,-1,-1
114,2,605,630,50,50,1,-1,-1,-1
114,3,581,1001,50,50,1,-1,-1,-1
115,1,445,950,50,50,1,-1,-1,-1
115,2,617,647,50,50,1,-1,-1,-1
115,3,546,1006,50,50,1,-1,-1,-1
116,1,457,893,50,50,1,-1,-1,-1
116,2,630,670,50,50,1,-1,-1,-1
116,3,521,1009,50,50,1,-1,-1,-1
117,1,469,843,50,50,1,-1,-1,-1
117,2,643,698,50,50,1,-1,-1,-1
117,3,492,1019,50,50,1,-1,-1,-1
118,1,483,796,50,50,1,-1,-1,-1
118,2,655,730,50,50,1,-1,-1,-1
118,3,467,1034,50,50,1,-1,-1,-1
119,1,496,758,50,50,1,-1,-1,-1
119,2,668,769,50,50,1,-1,-1,-1
119,3,464,1056,50,50,1,-1,-1,-1
120,1,509,723,50,50,1,-1,-1,-1
120,2,681,812,50,50,1,-1,-1,-1
120,3,459,1085,50,50,1,-1,-1,-1
121,1,522,694,50,50,1,-1,-1,-1
121,2,693,859,50,50,1,-1,-1,-1
121,3,451,1115,50,50,1,-1,-1,-1
122,1,534,670,50,50,1,-1,-1,-1
122,2,706,913,50,50,1,-1,-1,-1
122,3,441,1147,50,50,1,-1,-1,-1
123,1,547,652,50,50,1,-1,-1,-1
123,2,723,966,50,50,1,-1,-1,-1
123,3,431,1176,50,50,1,-1,-1,-1
124,1,560,639,50,50,1,-1,-1,-1
124,2,723,976,50,50,1,-1,-1,-1
124,3,425,1188,50,50,1,-1,-1,-1
125,1,573,631,50,50,1,-1,-1,-1
125,2,711,977,50,50,1,-1,-1,-1
125,3,421,1183,50,50,1,-1,-1,-1
126,1,585,629,50,50,1,-1,-1,-1
126,2,695,978,50,50,1,-1,-1,-1
126,3,418,1155,50,50,1,-1,-1,-1
127,1,598,632,50,50,1,-1,-1,-1
127,2,665,970,50,50,1,-1,-1,-1
127,3,421,1104,50,50,1,-1,-1,-1
128,1,610,641,50,50,1,-1,-1,-1
128,2,629,971,50,50,1,-1,-1,-1
128,3,429,1037,50,50,1,-1,-1,-1
129,1,623,655,50,50,1,-1,-1,-1
129,2,581,980,50,50,1,-1,-1,-1
129,3,439,976,50,50,1,-1,-1,-1
130,1,635,675,50,50,1,-1,-1,-1
130,2,550,991,50,50,1,-1,-1,-1
130,3,449,920,50,50,1,-1,-1,-1
131,1,648,699,50,50,1,-1,-1,-1
131,2,510,1003,50,50,1,-1,-1,-1
131,3,458,867,50,50,1,-1,-1,-1
132,1,660,730,50,50,1,-1,-1,-1
132,2,475,1018,50,50,1,-1,-1,-1
132,3,467,818,50,50,1,-1,-1,-1
133,1,672,765,50,50,1,-1,-1,-1
133,2,471,1037,50,50,1,-1,-1,-1
133,3,480,776,50,50,1,-1,-1,-1
134,1,685,805,50,50,1,-1,-1,-1
134,2,466,1065,50,50,1,-1,-1,-1
134,3,490,740,50,50,1,-1,-1,-1
135,1,697,851,50,50,1,-1,-1,-1
135,2,460,1094,50,50,1,-1,-1,-1
135,3,500,707,50,50,1,-1,-1,-1
136,1,709,902,50,50,1,-1,-1,-1
136,2,447,1127,50,50,1,-1,-1,-1
136,3,510,681,50,50,1,-1,-1,-1
137,1,721,959,50,50,1,-1,-1,-1
137,2,434,1162,50,50,1,-1,-1,-1
137,3,520,661,50,50,1,-1,-1,-1
138,1,720,992,50,50,1,-1,-1,-1
138,2,427,1186,50,50,1,-1,-1,-1
138,3,530,645,50,50,1,-1,-1,-1
139,1,719,996,50,50,1,-1,-1,-1
139,2,421,1192,50,50,1,-1,-1,-1
139,3,540,635,50,50,1,-1,-1,-1
140,1,714,993,50,50,1,-1,-1,-1
140,2,414,1180,50,50,1,-1,-1,-1
140,3,550,631,50,50,1,-1,-1,-1
141,1,686,995,50,50,1,-1,-1,-1
141,2,411,1141,50,50,1,-1,-1,-1
141,3,561,631,50,50,1,-1,-1,-1
142,1,660,986,50,50,1,-1,-1,-1
142,2,415,1077,50,50,1,-1,-1,-1
142,3,570,638,50,50,1,-1,-1,-1
143,1,627,979,50,50,1,-1,-1,-1
143,2,425,1011,50,50,1,-1,-1,-1
143,3,580,649,50,50,1,-1,-1,-1
144,1,578,987,50,50,1,-1,-1,-1
144,2,436,951,50,50,1,-1,-1,-1
144,3,590,666,50,50,1,-1,-1,-1
145,1,547,997,50,50,1,-1,-1,-1
145,2,447,892,50,50,1,-1,-1,-1
145,3,600,689,50,50,1,-1,-1,-1
146,1,508,1008,50,50,1,-1,-1,-1
146,2,457,837,50,50,1,-1,-1,-1
146,3,609,716,50,50,1,-1,-1,-1
147,1,472,1023,50,50,1,-1,-1,-1
147,2,470,789,50,50,1,-1,-1,-1
147,3,619,749,50,50,1,-1,-1,-1
148,1,458,1043,50,50,1,-1,-1,-1
148,2,482,747,50,50,1,-1,-1,-1
148,3,629,787,50,50,1,-1,-1,-1
149,1,453,1072,50,50,1,-1,-1,-1
149,2,493,710,50,50,1,-1,-1,-1
149,3,638,831,50,50,1,-1,-1,-1
150,1,448,1104,50,50,1,-1,-1,-1
150,2,504,678,50,50,1,-1,-1,-1
150,3,647,879,50,50,1,-1,-1,-1
151,1,435,1139,50,50,1,-1,-1,-1
151,2,516,651,50,50,1,-1,-1,-1
151,3,657,932,50,50,1,-1,-1,-1
152,1,425,1170,50,50,1,-1,-1,-1
152,2,527,630,50,50,1,-1,-1,-1
152,3,661,974,50,50,1,-1,-1,-1
153,1,418,1188,50,50,1,-1,-1,-1
153,2,538,614,50,50,1,-1,-1,-1
153,3,667,980,50,50,1,-1,-1,-1
154,1,413,1188,50,50,1,-1,-1,-1
154,2,549,604,50,50,1,-1,-1,-1
154,3,661,990,50,50,1,-1,-1,-1
155,1,409,1166,50,50,1,-1,-1,-1
155,2,561,598,50,50,1,-1,-1,-1
155,3,654,992,50,50,1,-1,-1,-1
156,1,410,1121,50,50,1,-1,-1,-1
156,2,572,599,50,50,1,-1,-1,-1
156,3,647,988,50,50,1,-1,-1,-1
157,1,418,1052,50,50,1,-1,-1,-1
157,2,583,604,50,50,1,-1,-1,-1
157,3,617,989,50,50,1,-1,-1,-1
158,1,429,990,50,50,1,-1,-1,-1
158,2,594,616,50,50,1,-1,-1,-1
158,3,588,982,50,50,1,-1,-1,-1
159,1,441,932,50,50,1,-1,-1,-1
159,2,605,632,50,50,1,-1,-1,-1
159,3,545,993,50,50,1,-1,-1,-1
160,1,453,878,50,50,1,-1,-1,-1
160,2,616,654,50,50,1,-1,-1,-1
160,3,520,1003,50,50,1,-1,-1,-1
161,1,463,828,50,50,1,-1,-1,-1
161,2,626,681,50,50,1,-1,-1,-1
161,3,488,1015,50,50,1,-1,-1,-1
162,1,477,784,50,50,1,-1,-1,-1
162,2,637,713,50,50,1,-1,-1,-1
162,3,468,1034,50,50,1,-1,-1,-1
163,1,490,746,50,50,1,-1,-1,-1
163,2,648,750,50,50,1,-1,-1,-1
163,3,463,1064,50,50,1,-1,-1,-1
164,1,502,713,50,50,1,-1,-1,-1
164,2,659,793,50,50,1,-1,-1,-1
164,3,459,1095,50,50,1,-1,-1,-1
165,1,514,685,50,50,1,-1,-1,-1
165,2,669,840,50,50,1,-1,-1,-1
165,3,451,1126,50,50,1,-1,-1,-1
166,1,526,663,50,50,1,-1,-1,-1
166,2,680,892,50,50,1,-1,-1,-1
166,3,439,1161,50,50,1,-1,-1,-1
167,1,538,646,50,50,1,-1,-1,-1
167,2,691,947,50,50,1,-1,-1,-1
167,3,431,1188,50,50,1,-1,-1,-1
168,1,550,635,50,50,1,-1,-1,-1
168,2,697,983,50,50,1,-1,-1,-1
168,3,423,1195,50,50,1,-1,-1,-1
169,1,562,629,50,50,1,-1,-1,-1
169,2,692,986,50,50,1,-1,-1,-1
169,3,418,1186,50,50,1,-1,-1,-1
170,1,574,628,50,50,1,-1,-1,-1
170,2,677,981,50,50,1,-1,-1,-1
170,3,414,1151,50,50,1,-1,-1,-1
171,1,585,632,50,50,1,-1,-1,-1
171,2,651,979,50,50,1,-1,-1,-1
171,3,417,1095,50,50,1,-1,-1,-1
172,1,597,642,50,50,1,-1,-1,-1
172,2,616,976,50,50,1,-1,-1,-1
172,3,425,1029,50,50,1,-1,-1,-1
173,1,609,658,50,50,1,-1,-1,-1
173,2,575,976,50,50,1,-1,-1,-1
173,3,434,967,50,50,1,-1,-1,-1
174,1,621,679,50,50,1,-1,-1,-1
174,2,536,984,50,50,1,-1,-1,-1
174,3,444,909,50,50,1,-1,-1,-1
175,1,632,705,50,50,1,-1,-1,-1
175,2,496,995,50,50,1,-1,-1,-1
175,3,453,855,50,50,1,-1,-1,-1
176,1,643,736,50,50,1,-1,-1,-1
176,2,466,1010,50,50,1,-1,-1,-1
176,3,463,805,50,50,1,-1,-1,-1
177,1,655,772,50,50,1,-1,-1,-1
177,2,460,1034,50,50,1,-1,-1,-1
177,3,473,762,50,50,1,-1,-1,-1
178,1,666,814,50,50,1,-1,-1,-1
178,2,457,1061,50,50,1,-1,-1,-1
178,3,484,724,50,50,1,-1,-1,-1
179,1,678,860,50,50,1,-1,-1,-1
179,2,451,1091,50,50,1,-1,-1,-1
179,3,494,691,50,50,1,-1,-1,-1
180,1,689,911,50,50,1,-1,-1,-1
180,2,441,1126,50,50,1,-1,-1,-1
180,3,503,663,50,50,1,-1,-1,-1
181,1,699,962,50,50,1,-1,-1,-1
181,2,432,1160,50,50,1,-1,-1,-1
181,3,513,641,50,50,1,-1,-1,-1
182,1,698,990,50,50,1,-1,-1,-1
182,2,423,1180,50,50,1,-1,-1,-1
182,3,524,624,50,50,1,-1,-1,-1
183,1,694,993,50,50,1,-1,-1,-1
183,2,417,1185,50,50,1,-1,-1,-1
183,3,533,613,50,50,1,-1,-1,-1
184,1,678,995,50,50,1,-1,-1,-1
184,2,408,1167,50,50,1,-1,-1,-1
184,3,543,606,50,50,1,-1,-1,-1
185,1,650,994,50,50,1,-1,-1,-1
185,2,402,1124,50,50,1,-1,-1,-1
185,3,553,606,50,50,1,-1,-1,-1
186,1,616,990,50,50,1,-1,-1,-1
186,2,407,1059,50,50,1,-1,-1,-1
186,3,564,612,50,50,1,-1,-1,-1
187,1,574,988,50,50,1,-1,-1,-1
187,2,416,996,50,50,1,-1,-1,-1
187,3,574,622,50,50,1,-1,-1,-1
188,1,540,991,50,50,1,-1,-1,-1
188,2,427,938,50,50,1,-1,-1,-1
188,3,583,639,50,50,1,-1,-1,-1
189,1,506,1000,50,50,1,-1,-1,-1
189,2,440,882,50,50,1,-1,-1,-1
189,3,593,660,50,50,1,-1,-1,-1
190,1,468,1012,50,50,1,-1,-1,-1
190,2,450,833,50,50,1,-1,-1,-1
190,3,604,688,50,50,1,-1,-1,-1
191,1,449,1024,50,50,1,-1,-1,-1
191,2,463,788,50,50,1,-1,-1,-1
191,3,613,721,50,50,1,-1,-1,-1
192,1,447,1041,50,50,1,-1,-1,-1
192,2,475,749,50,50,1,-1,-1,-1
192,3,623,760,50,50,1,-1,-1,-1
193,1,445,1066,50,50,1,-1,-1,-1
193,2,487,716,50,50,1,-1,-1,-1
193,3,633,804,50,50,1,-1,-1,-1
194,1,440,1095,50,50,1,-1,-1,-1
194,2,499,687,50,50,1,-1,-1,-1
194,3,643,853,50,50,1,-1,-1,-1
195,1,429,1128,50,50,1,-1,-1,-1
195,2,511,664,50,50,1,-1,-1,-1
195,3,653,908,50,50,1,-1,-1,-1
196,1,420,1161,50,50,1,-1,-1,-1
196,2,523,646,50,50,1,-1,-1,-1
196,3,662,959,50,50,1,-1,-1,-1
197,1,415,1177,50,50,1,-1,-1,-1
197,2,535,634,50,50,1,-1,-1,-1
197,3,664,985,50,50,1,-1,-1,-1
198,1,408,1171,50,50,1,-1,-1,-1
198,2,547,627,50,50,1,-1,-1,-1
198,3,660,971,50,50,1,-1,-1,-1
199,1,402,1137,50,50,1,-1,-1,-1
199,2,559,626,50,50,1,-1,-1,-1
199,3,634,987,50,50,1,-1,-1,-1
200,1,406,1079,50,50,1,-1,-1,-1
200,2,571,630,50,50,1,-1,-1,-1
200,3,617,986,50,50,1,-1,-1,-1
201,1,414,1015,50,50,1,-1,-1,-1
201,2,582,639,50,50,1,-1,-1,-1
201,3,590,988,50,50,1,-1,-1,-1
202,1,424,956,50,50,1,-1,-1,-1
202,2,594,654,50,50,1,-1,-1,-1
202,3,557,994,50,50,1,-1,-1,-1
203,1,437,900,50,50,1,-1,-1,-1
203,2,606,675,50,50,1,-1,-1,-1
203,3,531,1002,50,50,1,-1,-1,-1
204,1,446,849,50,50,1,-1,-1,-1
204,2,617,700,50,50,1,-1,-1,-1
204,3,502,1015,50,50,1,-1,-1,-1
205,1,458,803,50,50,1,-1,-1,-1
205,2,628,730,50,50,1,-1,-1,-1
205,3,477,1033,50,50,1,-1,-1,-1
206,1,471,763,50,50,1,-1,-1,-1
206,2,640,766,50,50,1,-1,-1,-1
206,3,476,1058,50,50,1,-1,-1,-1
207,1,483,728,50,50,1,-1,-1,-1
207,2,651,808,50,50,1,-1,-1,-1
207,3,476,1086,50,50,1,-1,-1,-1
208,1,494,698,50,50,1,-1,-1,-1
208,2,663,854,50,50,1,-1,-1,-1
208,3,470,1114,50,50,1,-1,-1,-1
209,1,505,674,50,50,1,-1,-1,-1
209,2,674,906,50,50,1,-1,-1,-1
209,3,452,1144,50,50,1,-1,-1,-1
210,1,517,655,50,50,1,-1,-1,-1
210,2,686,958,50,50,1,-1,-1,-1
210,3,439,1172,50,50,1,-1,-1,-1
211,1,529,641,50,50,1,-1,-1,-1
211,2,682,988,50,50,1,-1,-1,-1
211,3,427,1185,50,50,1,-1,-1,-1
212,1,539,634,50,50,1,-1,-1,-1
212,2,680,989,50,50,1,-1,-1,-1
212,3,418,1177,50,50,1,-1,-1,-1
213,1,551,631,50,50,1,-1,-1,-1
213,2,667,991,50,50,1,-1,-1,-1
213,3,412,1143,50,50,1,-1,-1,-1
214,1,563,634,50,50,1,-1,-1,-1
214,2,648,991,50,50,1,-1,-1,-1
214,3,415,1082,50,50,1,-1,-1,-1
215,1,574,643,50,50,1,-1,-1,-1
215,2,621,995,50,50,1,-1,-1,-1
215,3,422,1014,50,50,1,-1,-1,-1
216,1,585,656,50,50,1,-1,-1,-1
216,2,578,986,50,50,1,-1,-1,-1
216,3,432,951,50,50,1,-1,-1,-1
217,1,596,675,50,50,1,-1,-1,-1
217,2,550,996,50,50,1,-1,-1,-1
217,3,442,891,50,50,1,-1,-1,-1
218,1,608,699,50,50,1,-1,-1,-1
218,2,520,1007,50,50,1,-1,-1,-1
218,3,450,835,50,50,1,-1,-1,-1
219,1,618,729,50,50,1,-1,-1,-1
219,2,485,1022,50,50,1,-1,-1,-1
219,3,460,785,50,50,1,-1,-1,-1
220,1,629,764,50,50,1,-1,-1,-1
220,2,469,1042,50,50,1,-1,-1,-1
220,3,469,740,50,50,1,-1,-1,-1
221,1,640,804,50,50,1,-1,-1,-1
221,2,464,1075,50,50,1,-1,-1,-1
221,3,479,701,50,50,1,-1,-1,-1
222,1,651,848,50,50,1,-1,-1,-1
222,2,461,1107,50,50,1,-1,-1,-1
222,3,488,666,50,50,1,-1,-1,-1
223,1,662,899,50,50,1,-1,-1,-1
223,2,445,1137,50,50,1,-1,-1,-1
223,3,497,637,50,50,1,-1,-1,-1
224,1,673,954,50,50,1,-1,-1,-1
224,2,433,1165,50,50,1,-1,-1,-1
224,3,506,614,50,50,1,-1,-1,-1
225,1,690,995,50,50,1,-1,-1,-1
225,2,421,1185,50,50,1,-1,-1,-1
225,3,516,597,50,50,1,-1,-1,-1
226,1,700,1007,50,50,1,-1,-1,-1
226,2,410,1188,50,50,1,-1,-1,-1
226,3,525,584,50,50,1,-1,-1,-1
227,1,690,1006,50,50,1,-1,-1,-1
227,2,398,1175,50,50,1,-1,-1,-1
227,3,534,577,50,50,1,-1,-1,-1
228,1,673,1001,50,50,1,-1,-1,-1
228,2,391,1137,50,50,1,-1,-1,-1
228,3,543,576,50,50,1,-1,-1,-1
229,1,644,995,50,50,1,-1,-1,-1
229,2,395,1072,50,50,1,-1,-1,-1
229,3,552,580,50,50,1,-1,-1,-1
230,1,608,991,50,50,1,-1,-1,-1
230,2,406,1007,50,50,1,-1,-1,-1
230,3,561,589,50,50,1,-1,-1,-1
231,1,565,993,50,50,1,-1,-1,-1
231,2,418,946,50,50,1,-1,-1,-1
231,3,571,604,50,50,1,-1,-1,-1
232,1,525,1005,50,50,1,-1,-1,-1
232,2,431,887,50,50,1,-1,-1,-1
232,3,579,624,50,50,1,-1,-1,-1
233,1,487,1016,50,50,1,-1,-1,-1
233,2,444,833,50,50,1,-1,-1,-1
233,3,588,650,50,50,1,-1,-1,-1
234,1,456,1034,50,50,1,-1,-1,-1
234,2,457,786,50,50,1,-1,-1,-1
234,3,597,681,50,50,1,-1,-1,-1
235,1,452,1059,50,50,1,-1,-1,-1
235,2,470,743,50,50,1,-1,-1,-1
235,3,606,717,50,50,1,-1,-1,-1
236,1,446,1092,50,50,1,-1,-1,-1
236,2,484,706,50,50,1,-1,-1,-1
236,3,614,758,50,50,1,-1,-1,-1
237,1,438,1122,50,50,1,-1,-1,-1
237,2,497,674,50,50,1,-1,-1,-1
237,3,623,805,50,50,1,-1,-1,-1
238,1,427,1153,50,50,1,-1,-1,-1
238,2,510,647,50,50,1,-1,-1,-1
238,3,631,856,50,50,1,-1,-1,-1
239,1,420,1176,50,50,1,-1,-1,-1
239,2,524,625,50,50,1,-1,-1,-1
239,3,640,913,50,50,1,-1,-1,-1
240,1,416,1186,50,50,1,-1,-1,-1
240,2,536,610,50,50,1,-1,-1,-1
240,3,650,962,50,50,1,-1,-1,-1
241,1,411,1180,50,50,1,-1,-1,-1
241,2,550,599,50,50,1,-1,-1,-1
241,3,665,990,50,50,1,-1,-1,-1
242,1,408,1156,50,50,1,-1,-1,-1
242,2,563,594,50,50,1,-1,-1,-1
242,3,650,995,50,50,1,-1,-1,-1
243,1,408,1108,50,50,1,-1,-1,-1
243,2,576,595,50,50,1,-1,-1,-1
243,3,637,992,50,50,1,-1,-1,-1
244,1,416,1041,50,50,1,-1,-1,-1
244,2,589,601,50,50,1,-1,-1,-1
244,3,612,987,50,50,1,-1,-1,-1
245,1,426,980,50,50,1,-1,-1,-1
245,2,602,613,50,50,1,-1,-1,-1
245,3,576,986,50,50,1,-1,-1,-1
246,1,438,924,50,50,1,-1,-1,-1
246,2,615,629,50,50,1,-1,-1,-1
246,3,550,997,50,50,1,-1,-1,-1
247,1,448,873,50,50,1,-1,-1,-1
247,2,628,652,50,50,1,-1,-1,-1
247,3,524,1006,50,50,1,-1,-1,-1
248,1,459,823,50,50,1,-1,-1,-1
248,2,641,680,50,50,1,-1,-1,-1
248,3,491,1020,50,50,1,-1,-1,-1
249,1,473,780,50,50,1,-1,-1,-1
249,2,654,713,50,50,1,-1,-1,-1
249,3,468,1042,50,50,1,-1,-1,-1
250,1,485,744,50,50,1,-1,-1,-1
250,2,666,752,50,50,1,-1,-1,-1
250,3,469,1068,50,50,1,-1,-1,-1
251,1,496,713,50,50,1,-1,-1,-1
251,2,679,796,50,50,1,-1,-1,-1
251,3,463,1096,50,50,1,-1,-1,-1
252,1,507,686,50,50,1,-1,-1,-1
252,2,692,845,50,50,1,-1,-1,-1
252,3,452,1124,50,50,1,-1,-1,-1
253,1,519,666,50,50,1,-1,-1,-1
253,2,705,900,50,50,1,-1,-1,-1
253,3,439,1155,50,50,1,-1,-1,-1
254,1,531,650,50,50,1,-1,-1,-1
254,2,718,957,50,50,1,-1,-1,-1
254,3,427,1179,50,50,1,-1,-1,-1
255,1,542,640,50,50,1,-1,-1,-1
255,2,734,995,50,50,1,-1,-1,-1
255,3,418,1184,50,50,1,-1,-1,-1
256,1,553,636,50,50,1,-1,-1,-1
256,2,707,996,50,50,1,-1,-1,-1
256,3,410,1167,50,50,1,-1,-1,-1
257,1,564,637,50,50,1,-1,-1,-1
257,2,690,991,50,50,1,-1,-1,-1
257,3,408,1122,50,50,1,-1,-1,-1
258,1,575,643,50,50,1,-1,-1,-1
258,2,658,988,50,50,1,-1,-1,-1
258,3,413,1054,50,50,1,-1,-1,-1
259,1,587,655,50,50,1,-1,-1,-1
259,2,618,989,50,50,1,-1,-1,-1
259,3,420,993,50,50,1,-1,-1,-1
260,1,598,672,50,50,1,-1,-1,-1
260,2,576,993,50,50,1,-1,-1,-1
260,3,430,936,50,50,1,-1,-1,-1
261,1,610,694,50,50,1,-1,-1,-1
261,2,543,1008,50,50,1,-1,-1,-1
261,3,440,881,50,50,1,-1,-1,-1
262,1,621,722,50,50,1,-1,-1,-1
262,2,508,1021,50,50,1,-1,-1,-1
262,3,449,832,50,50,1,-1,-1,-1
263,1,632,755,50,50,1,-1,-1,-1
263,2,477,1038,50,50,1,-1,-1,-1
263,3,460,788,50,50,1,-1,-1,-1
264,1,643,793,50,50,1,-1,-1,-1
264,2,472,1062,50,50,1,-1,-1,-1
264,3,470,750,50,50,1,-1,-1,-1
265,1,654,837,50,50,1,-1,-1,-1
265,2,467,1091,50,50,1,-1,-1,-1
265,3,480,717,50,50,1,-1,-1,-1
266,1,665,885,50,50,1,-1,-1,-1
266,2,454,1116,50,50,1,-1,-1,-1
266,3,490,689,50,50,1,-1,-1,-1
267,1,676,939,50,50,1,-1,-1,-1
267,2,436,1146,50,50,1,-1,-1,-1
267,3,499,667,50,50,1,-1,-1,-1
268,1,686,985,50,50,1,-1,-1,-1
268,2,422,1172,50,50,1,-1,-1,-1
268,3,509,651,50,50,1,-1,-1,-1
269,1,703,1000,50,50,1,-1,-1,-1
269,2,414,1184,50,50,1,-1,-1,-1
269,3,519,640,50,50,1,-1,-1,-1
270,1,681,990,50,50,1,-1,-1,-1
270,2,405,1177,50,50,1,-1,-1,-1
270,3,529,634,50,50,1,-1,-1,-1
271,1,660,987,50,50,1,-1,-1,-1
271,2,399,1143,50,50,1,-1,-1,-1
271,3,539,633,50,50,1,-1,-1,-1
272,1,631,982,50,50,1,-1,-1,-1
272,2,402,1080,50,50,1,-1,-1,-1
272,3,549,638,50,50,1,-1,-1,-1
273,1,601,975,50,50,1,-1,-1,-1
273,2,411,1013,50,50,1,-1,-1,-1
273,3,559,649,50,50,1,-1,-1,-1
274,1,554,988,50,50,1,-1,-1,-1
274,2,422,951,50,50,1,-1,-1,-1
274,3,568,665,50,50,1,-1,-1,-1
275,1,528,996,50,50,1,-1,-1,-1
275,2,435,891,50,50,1,-1,-1,-1
275,3,578,687,50,50,1,-1,-1,-1
276,1,493,1007,50,50,1,-1,-1,-1
276,2,448,835,50,50,1,-1,-1,-1
276,3,588,714,50,50,1,-1,-1,-1
277,1,466,1024,50,50,1,-1,-1,-1
277,2,460,786,50,50,1,-1,-1,-1
277,3,597,746,50,50,1,-1,-1,-1
278,1,460,1045,50,50,1,-1,-1,-1
278,2,473,741,50,50,1,-1,-1,-1
278,3,607,783,50,50,1,-1,-1,-1
279,1,456,1071,50,50,1,-1,-1,-1
279,2,486,703,50,50,1,-1,-1,-1
279,3,617,826,50,50,1,-1,-1,-1
280,1,444,1101,50,50,1,-1,-1,-1
280,2,499,668,50,50,1,-1,-1,-1
280,3,626,874,50,50,1,-1,-1,-1
281,1,429,1138,50,50,1,-1,-1,-1
281,2,512,640,50,50,1,-1,-1,-1
281,3,636,926,50,50,1,-1,-1,-1
282,1,421,1169,50,50,1,-1,-1,-1
282,2,524,617,50,50,1,-1,-1,-1
282,3,644,975,50,50,1,-1,-1,-1
283,1,414,1178,50,50,1,-1,-1,-1
283,2,537,599,50,50,1,-1,-1,-1
283,3,654,988,50,50,1,-1,-1,-1
284,1,408,1168,50,50,1,-1,-1,-1
284,2,550,587,50,50,1,-1,-1,-1
284,3,657,997,50,50,1,-1,-1,-1
285,1,404,1132,50,50,1,-1,-1,-1
285,2,563,581,50,50,1,-1,-1,-1
285,3,645,988,50,50,1,-1,-1,-1
286,1,408,1071,50,50,1,-1,-1,-1
286,2,575,579,50,50,1,-1,-1,-1
286,3,621,984,50,50,1,-1,-1,-1
287,1,420,1008,50,50,1,-1,-1,-1
287,2,588,583,50,50,1,-1,-1,-1
287,3,587,979,50,50,1,-1,-1,-1
288,1,431,953,50,50,1,-1,-1,-1
288,2,600,593,50,50,1,-1,-1,-1
288,3,555,990,50,50,1,-1,-1,-1
289,1,446,897,50,50,1,-1,-1,-1
289,2,613,609,50,50,1,-1,-1,-1
289,3,532,994,50,50,1,-1,-1,-1
290,1,456,849,50,50,1,-1,-1,-1
290,2,625,629,50,50,1,-1,-1,-1
290,3,505,1004,50,50,1,-1,-1,-1
291,1,470,804,50,50,1,-1,-1,-1
291,2,638,655,50,50,1,-1,-1,-1
291,3,477,1018,50,50,1,-1,-1,-1
292,1,484,766,50,50,1,-1,-1,-1
292,2,650,687,50,50,1,-1,-1,-1
292,3,459,1035,50,50,1,-1,-1,-1
293,1,497,733,50,50,1,-1,-1,-1
293,2,662,724,50,50,1,-1,-1,-1
293,3,462,1066,50,50,1,-1,-1,-1
294,1,510,705,50,50,1,-1,-1,-1
294,2,675,766,50,50,1,-1,-1,-1
294,3,459,1098,50,50,1,-1,-1,-1
295,1,523,683,50,50,1,-1,-1,-1
295,2,687,813,50,50,1,-1,-1,-1
295,3,448,1132,50,50,1,-1,-1,-1
296,1,536,667,50,50,1,-1,-1,-1
296,2,700,866,50,50,1,-1,-1,-1
296,3,437,1162,50,50,1,-1,-1,-1
297,1,548,656,50,50,1,-1,-1,-1
297,2,711,924,50,50,1,-1,-1,-1
297,3,429,1178,50,50,1,-1,-1,-1
298,1,561,649,50,50,1,-1,-1,-1
298,2,724,976,50,50,1,-1,-1,-1
298,3,422,1178,50,50,1,-1,-1,-1
299,1,573,649,50,50,1,-1,-1,-1
299,2,724,989,50,50,1,-1,-1,-1
299,3,416,1156,50,50,1,-1,-1,-1
300,1,586,653,50,50,1,-1,-1,-1
300,2,705,981,50,50,1,-1,-1,-1
300,3,416,1112,50,50,1,-1,-1,-1
301,1,598,663,50,50,1,-1,-1,-1
301,2,668,981,50,50,1,-1,-1,-1
301,3,421,1046,50,50,1,-1,-1,-1
302,1,611,678,50,50,1,-1,-1,-1
302,2,625,980,50,50,1,-1,-1,-1
302,3,430,984,50,50,1,-1,-1,-1
303,1,623,699,50,50,1,-1,-1,-1
303,2,578,998,50,50,1,-1,-1,-1
303,3,440,929,50,50,1,-1,-1,-1
304,1,635,725,50,50,1,-1,-1,-1
304,2,543,1004,50,50,1,-1,-1,-1
304,3,450,877,50,50,1,-1,-1,-1
305,1,647,755,50,50,1,-1,-1,-1
305,2,500,1017,50,50,1,-1,-1,-1
305,3,458,829,50,50,1,-1,-1,-1
306,1,659,791,50,50,1,-1,-1,-1
306,2,471,1031,50,50,1,-1,-1,-1
306,3,471,787,50,50,1,-1,-1,-1
307,1,671,832,50,50,1,-1,-1,-1
307,2,476,1063,50,50,1,-1,-1,-1
307,3,481,751,50,50,1,-1,-1,-1
308,1,684,878,50,50,1,-1,-1,-1
308,2,465,1092,50,50,1,-1,-1,-1
308,3,492,720,50,50,1,-1,-1,-1
309,1,696,929,50,50,1,-1,-1,-1
309,2,448,1126,50,50,1,-1,-1,-1
309,3,502,695,50,50,1,-1,-1,-1
310,1,706,979,50,50,1,-1,-1,-1
310,2,431,1163,50,50,1,-1,-1,-1
310,3,512,675,50,50,1,-1,-1,-1
311,1,723,1006,50,50,1,-1,-1,-1
311,2,422,1182,50,50,1,-1,-1,-1
311,3,522,660,50,50,1,-1,-1,-1
312,1,706,1014,50,50,1,-1,-1,-1
312,2,416,1183,50,50,1,-1,-1,-1
312,3,532,651,50,50,1,-1,-1,-1
313,1,700,1015,50,50,1,-1,-1,-1
313,2,412,1160,50,50,1,-1,-1,-1
313,3,542,647,50,50,1,-1,-1,-1
314,1,677,1006,50,50,1,-1,-1,-1
314,2,413,1112,50,50,1,-1,-1,-1
314,3,552,649,50,50,1,-1,-1,-1
315,1,643,999,50,50,1,-1,-1,-1
315,2,421,1046,50,50,1,-1,-1,-1
315,3,562,655,50,50,1,-1,-1,-1
316,1,593,998,50,50,1,-1,-1,-1
316,2,432,983,50,50,1,-1,-1,-1
316,3,572,668,50,50,1,-1,-1,-1
317,1,553,1004,50,50,1,-1,-1,-1
317,2,444,924,50,50,1,-1,-1,-1
317,3,581,685,50,50,1,-1,-1,-1
318,1,512,1010,50,50,1,-1,-1,-1
318,2,454,870,50,50,1,-1,-1,-1
318,3,591,708,50,50,1,-1,-1,-1
319,1,474,1020,50,50,1,-1,-1,-1
319,2,465,819,50,50,1,-1,-1,-1
319,3,601,735,50,50,1,-1,-1,-1
320,1,457,1034,50,50,1,-1,-1,-1
320,2,478,775,50,50,1,-1,-1,-1
320,3,610,769,50,50,1,-1,-1,-1
321,1,449,1064,50,50,1,-1,-1,-1
321,2,489,735,50,50,1,-1,-1,-1
321,3,619,806,50,50,1,-1,-1,-1
322,1,442,1096,50,50,1,-1,-1,-1
322,2,500,701,50,50,1,-1,-1,-1
322,3,629,850,50,50,1,-1,-1,-1
323,1,431,1129,50,50,1,-1,-1,-1
323,2,511,673,50,50,1,-1,-1,-1
323,3,639,898,50,50,1,-1,-1,-1
324,1,419,1158,50,50,1,-1,-1,-1
324,2,522,649,50,50,1,-1,-1,-1
324,3,648,948,50,50,1,-1,-1,-1
325,1,412,1172,50,50,1,-1,-1,-1
325,2,534,631,50,50,1,-1,-1,-1
325,3,666,987,50,50,1,-1,-1,-1
326,1,406,1162,50,50,1,-1,-1,-1
326,2,544,619,50,50,1,-1,-1,-1
326,3,658,992,50,50,1,-1,-1,-1
327,1,403,1125,50,50,1,-1,-1,-1
327,2,556,612,50,50,1,-1,-1,-1
327,3,651,987,50,50,1,-1,-1,-1
328,1,409,1065,50,50,1,-1,-1,-1
328,2,567,610,50,50,1,-1,-1,-1
328,3,627,986,50,50,1,-1,-1,-1
329,1,419,1001,50,50,1,-1,-1,-1
329,2,578,614,50,50,1,-1,-1,-1
329,3,594,982,50,50,1,-1,-1,-1
330,1,431,944,50,50,1,-1,-1,-1
330,2,589,624,50,50,1,-1,-1,-1
330,3,553,991,50,50,1,-1,-1,-1
331,1,443,888,50,50,1,-1,-1,-1
331,2,600,639,50,50,1,-1,-1,-1
331,3,527,999,50,50,1,-1,-1,-1
332,1,454,837,50,50,1,-1,-1,-1
332,2,611,659,50,50,1,-1,-1,-1
332,3,494,1010,50,50,1,-1,-1,-1
333,1,467,791,50,50,1,-1,-1,-1
333,2,621,685,50,50,1,-1,-1,-1
333,3,468,1027,50,50,1,-1,-1,-1
334,1,480,752,50,50,1,-1,-1,-1
334,2,632,716,50,50,1,-1,-1,-1
334,3,461,1046,50,50,1,-1,-1,-1
335,1,492,717,50,50,1,-1,-1,-1
335,2,644,752,50,50,1,-1,-1,-1
335,3,460,1073,50,50,1,-1,-1,-1
336,1,503,688,50,50,1,-1,-1,-1
336,2,654,794,50,50,1,-1,-1,-1
336,3,451,1103,50,50,1,-1,-1,-1
337,1,515,664,50,50,1,-1,-1,-1
337,2,664,841,50,50,1,-1,-1,-1
337,3,441,1136,50,50,1,-1,-1,-1
338,1,527,646,50,50,1,-1,-1,-1
338,2,675,893,50,50,1,-1,-1,-1
338,3,431,1164,50,50,1,-1,-1,-1
339,1,539,633,50,50,1,-1,-1,-1
339,2,686,943,50,50,1,-1,-1,-1
339,3,423,1171,50,50,1,-1,-1,-1
340,1,551,625,50,50,1,-1,-1,-1
340,2,685,962,50,50,1,-1,-1,-1
340,3,417,1156,50,50,1,-1,-1,-1
341,1,562,623,50,50,1,-1,-1,-1
341,2,672,964,50,50,1,-1,-1,-1
341,3,413,1116,50,50,1,-1,-1,-1
342,1,574,626,50,50,1,-1,-1,-1
342,2,643,960,50,50,1,-1,-1,-1
342,3,416,1054,50,50,1,-1,-1,-1
343,1,585,635,50,50,1,-1,-1,-1
343,2,604,960,50,50,1,-1,-1,-1
343,3,425,992,50,50,1,-1,-1,-1
344,1,598,648,50,50,1,-1,-1,-1
344,2,563,977,50,50,1,-1,-1,-1
344,3,435,936,50,50,1,-1,-1,-1
345,1,609,668,50,50,1,-1,-1,-1
345,2,533,985,50,50,1,-1,-1,-1
345,3,446,882,50,50,1,-1,-1,-1
346,1,620,693,50,50,1,-1,-1,-1
346,2,497,1001,50,50,1,-1,-1,-1
346,3,454,833,50,50,1,-1,-1,-1
347,1,631,723,50,50,1,-1,-1,-1
347,2,471,1021,50,50,1,-1,-1,-1
347,3,466,789,50,50,1,-1,-1,-1
348,1,643,758,50,50,1,-1,-1,-1
348,2,462,1048,50,50,1,-1,-1,-1
348,3,476,752,50,50,1,-1,-1,-1
349,1,654,798,50,50,1,-1,-1,-1
349,2,456,1085,50,50,1,-1,-1,-1
349,3,487,719,50,50,1,-1,-1,-1
350,1,665,843,50,50,1,-1,-1,-1
350,2,447,1112,50,50,1,-1,-1,-1
350,3,497,691,50,50,1,-1,-1,-1
351,1,676,893,50,50,1,-1,-1,-1
351,2,432,1144,50,50,1,-1,-1,-1
351,3,507,669,50,50,1,-1,-1,-1
352,1,688,948,50,50,1,-1,-1,-1
352,2,423,1172,50,50,1,-1,-1,-1
352,3,518,653,50,50,1,-1,-1,-1
353,1,706,985,50,50,1,-1,-1,-1
353,2,414,1177,50,50,1,-1,-1,-1
353,3,528,641,50,50,1,-1,-1,-1
354,1,689,989,50,50,1,-1,-1,-1
354,2,407,1160,50,50,1,-1,-1,-1
354,3,538,636,50,50,1,-1,-1,-1
355,1,680,983,50,50,1,-1,-1,-1
355,2,403,1116,50,50,1,-1,-1,-1
355,3,548,635,50,50,1,-1,-1,-1
356,1,652,977,50,50,1,-1,-1,-1
356,2,408,1049,50,50,1,-1,-1,-1
356,3,559,640,50,50,1,-1,-1,-1
357,1,615,971,50,50,1,-1,-1,-1
357,2,418,985,50,50,1,-1,-1,-1
357,3,569,651,50,50,1,-1,-1,-1
358,1,571,972,50,50,1,-1,-1,-1
358,2,429,926,50,50,1,-1,-1,-1
358,3,579,667,50,50,1,-1,-1,-1
359,1,529,980,50,50,1,-1,-1,-1
359,2,442,869,50,50,1,-1,-1,-1
359,3,590,689,50,50,1,-1,-1,-1
360,1,489,989,50,50,1,-1,-1,-1
360,2,453,817,50,50,1,-1,-1,-1
360,3,600,716,50,50,1,-1,-1,-1
361,1,461,1005,50,50,1,-1,-1,-1
361,2,466,770,50,50,1,-1,-1,-1
361,3,610,748,50,50,1,-1,-1,-1
362,1,460,1023,50,50,1,-1,-1,-1
362,2,478,729,50,50,1,-1,-1,-1
362,3,620,786,50,50,1,-1,-1,-1
363,1,459,1050,50,50,1,-1,-1,-1
363,2,490,692,50,50,1,-1,-1,-1
363,3,630,829,50,50,1,-1,-1,-1
364,1,451,1085,50,50,1,-1,-1,-1
364,2,502,662,50,50,1,-1,-1,-1
364,3,640,878,50,50,1,-1,-1,-1
365,1,439,1123,50,50,1,-1,-1,-1
365,2,514,637,50,50,1,-1,-1,-1
365,3,651,931,50,50,1,-1,-1,-1
366,1,424,1159,50,50,1,-1,-1,-1
366,2,526,617,50,50,1,-1,-1,-1
366,3,659,978,50,50,1,-1,-1,-1
367,1,409,1176,50,50,1,-1,-1,-1
367,2,539,603,50,50,1,-1,-1,-1
367,3,680,997,50,50,1,-1,-1,-1
368,1,396,1171,50,50,1,-1,-1,-1
368,2,551,594,50,50,1,-1,-1,-1
368,3,675,999,50,50,1,-1,-1,-1
369,1,387,1136,50,50,1,-1,-1,-1
369,2,563,590,50,50,1,-1,-1,-1
369,3,665,999,50,50,1,-1,-1,-1
370,1,389,1074,50,50,1,-1,-1,-1
370,2,575,592,50,50,1,-1,-1,-1
370,3,646,983,50,50,1,-1,-1,-1
371,1,399,1007,50,50,1,-1,-1,-1
371,2,586,600,50,50,1,-1,-1,-1
371,3,617,975,50,50,1,-1,-1,-1
372,1,411,945,50,50,1,-1,-1,-1
372,2,599,612,50,50,1,-1,-1,-1
372,3,572,973,50,50,1,-1,-1,-1
373,1,424,886,50,50,1,-1,-1,-1
373,2,610,630,50,50,1,-1,-1,-1
373,3,539,984,50,50,1,-1,-1,-1
374,1,437,831,50,50,1,-1,-1,-1
374,2,622,654,50,50,1,-1,-1,-1
374,3,512,989,50,50,1,-1,-1,-1
375,1,450,781,50,50,1,-1,-1,-1
375,2,634,682,50,50,1,-1,-1,-1
375,3,476,999,50,50,1,-1,-1,-1
376,1,464,737,50,50,1,-1,-1,-1
376,2,646,716,50,50,1,-1,-1,-1
376,3,456,1017,50,50,1,-1,-1,-1
377,1,477,698,50,50,1,-1,-1,-1
377,2,657,755,50,50,1,-1,-1,-1
377,3,449,1042,50,50,1,-1,-1,-1
378,1,490,664,50,50,1,-1,-1,-1
378,2,669,800,50,50,1,-1,-1,-1
378,3,445,1073,50,50,1,-1,-1,-1
379,1,503,636,50,50,1,-1,-1,-1
379,2,681,849,50,50,1,-1,-1,-1
379,3,438,1110,50,50,1,-1,-1,-1
380,1,517,613,50,50,1,-1,-1,-1
380,2,692,904,50,50,1,-1,-1,-1
380,3,428,1139,50,50,1,-1,-1,-1
381,1,530,595,50,50,1,-1,-1,-1
381,2,707,959,50,50,1,-1,-1,-1
381,3,422,1150,50,50,1,-1,-1,-1
382,1,543,583,50,50,1,-1,-1,-1
382,2,708,972,50,50,1,-1,-1,-1
382,3,416,1145,50,50,1,-1,-1,-1
383,1,556,577,50,50,1,-1,-1,-1
383,2,700,973,50,50,1,-1,-1,-1
383,3,412,1130,50,50,1,-1,-1,-1
384,1,570,576,50,50,1,-1,-1,-1
384,2,684,971,50,50,1,-1,-1,-1
384,3,409,1111,50,50,1,-1,-1,-1
385,1,583,580,50,50,1,-1,-1,-1
385,2,661,971,50,50,1,-1,-1,-1
385,3,406,1091,50,50,1,-1,-1,-1
386,1,596,590,50,50,1,-1,-1,-1
386,2,630,969,50,50,1,-1,-1,-1
386,3,407,1076,50,50,1,-1,-1,-1
387,1,609,606,50,50,1,-1,-1,-1
387,2,587,985,50,50,1,-1,-1,-1
387,3,408,1065,50,50,1,-1,-1,-1
388,1,622,627,50,50,1,-1,-1,-1
388,2,556,994,50,50,1,-1,-1,-1
388,3,411,1058,50,50,1,-1,-1,-1
389,1,636,653,50,50,1,-1,-1,-1
389,2,522,1009,50,50,1,-1,-1,-1
389,3,416,1054,50,50,1,-1,-1,-1
390,1,649,685,50,50,1,-1,-1,-1
390,2,483,1029,50,50,1,-1,-1,-1
390,3,419,1049,50,50,1,-1,-1,-1
391,1,662,723,50,50,1,-1,-1,-1
391,3,431,1044,50,50,1,-1,-1,-1
392,1,675,765,50,50,1,-1,-1,-1
392,3,421,1040,50,50,1,-1,-1,-1
393,1,688,814,50,50,1,-1,-1,-1
393,3,412,1038,50,50,1,-1,-1,-1
394,1,701,867,50,50,1,-1,-1,-1
394,3,406,1038,50,50,1,-1,-1,-1
395,1,714,926,50,50,1,-1,-1,-1
395,3,401,1040,50,50,1,-1,-1,-1
396,1,728,990,50,50,1,-1,-1,-1
396,3,398,1044,50,50,1,-1,-1,-1
397,1,734,1026,50,50,1,-1,-1,-1
397,3,395,1050,50,50,1,-1,-1,-1
398,1,737,1030,50,50,1,-1,-1,-1
398,3,393,1057,50,50,1,-1,-1,-1
399,1,733,1030,50,50,1,-1,-1,-1
399,3,390,1063,50,50,1,-1,-1,-1
400,1,727,1032,50,50,1,-1,-1,-1
400,3,390,1068,50,50,1,-1,-1,-1
401,1,720,1036,50,50,1,-1,-1,-1
401,3,390,1072,50,50,1,-1,-1,-1
402,1,713,1041,50,50,1,-1,-1,-1
402,3,392,1074,50,50,1,-1,-1,-1
403,1,708,1045,50,50,1,-1,-1,-1
403,3,392,1076,50,50,1,-1,-1,-1
404,1,704,1048,50,50,1,-1,-1,-1
404,3,393,1076,50,50,1,-1,-1,-1
405,1,702,1050,50,50,1,-1,-1,-1
405,3,394,1076,50,50,1,-1,-1,-1
406,1,700,1050,50,50,1,-1,-1,-1
406,3,395,1075,50,50,1,-1,-1,-1
407,1,698,1049,50,50,1,-1,-1,-1
407,3,395,1075,50,50,1,-1,-1,-1
408,1,697,1048,50,50,1,-1,-1,-1
408,3,396,1074,50,50,1,-1,-1,-1
409,1,697,1045,50,50,1,-1,-1,-1
409,3,396,1073,50,50,1,-1,-1,-1
410,1,697,1044,50,50,1,-1,-1,-1
410,3,396,1073,50,50,1,-1,-1,-1
411,1,696,1041,50,50,1,-1,-1,-1
411,3,397,1073,50,50,1,-1,-1,-1
412,1,696,1039,50,50,1,-1,-1,-1
412,3,397,1072,50,50,1,-1,-1,-1
413,1,696,1038,50,50,1,-1,-1,-1
413,3,398,1072,50,50,1,-1,-1,-1
414,1,695,1037,50,50,1,-1,-1,-1
414,3,398,1073,50,50,1,-1,-1,-1
415,1,694,1035,50,50,1,-1,-1,-1
415,3,399,1072,50,50,1,-1,-1,-1
416,1,694,1033,50,50,1,-1,-1,-1
416,3,399,1072,50,50,1,-1,-1,-1
417,1,693,1032,50,50,1,-1,-1,-1
417,3,399,1072,50,50,1,-1,-1,-1
418,1,692,1032,50,50,1,-1,-1,-1
418,3,399,1072,50,50,1,-1,-1,-1
419,1,692,1032,50,50,1,-1,-1,-1
419,3,398,1071,50,50,1,-1,-1,-1
420,1,690,1034,50,50,1,-1,-1,-1
420,3,398,1072,50,50,1,-1,-1,-1
421,1,689,1037,50,50,1,-1,-1,-1
421,3,397,1074,50,50,1,-1,-1,-1
422,1,686,1044,50,50,1,-1,-1,-1
422,3,396,1078,50,50,1,-1,-1,-1
423,1,683,1054,50,50,1,-1,-1,-1
423,3,395,1084,50,50,1,-1,-1,-1
424,1,678,1069,50,50,1,-1,-1,-1
424,3,396,1095,50,50,1,-1,-1,-1
425,1,672,1088,50,50,1,-1,-1,-1
425,3,395,1108,50,50,1,-1,-1,-1
426,1,666,1116,50,50,1,-1,-1,-1
426,3,395,1126,50,50,1,-1,-1,-1
427,1,660,1146,50,50,1,-1,-1,-1
427,3,397,1149,50,50,1,-1,-1,-1
428,1,652,1181,50,50,1,-1,-1,-1
428,3,398,1175,50,50,1,-1,-1,-1
429,1,642,1210,50,50,1,-1,-1,-1
429,3,400,1196,50,50,1,-1,-1,-1
430,1,628,1226,50,50,1,-1,-1,-1
430,3,403,1212,50,50,1,-1,-1,-1
