2,1,561,1121,50,50,1,-1,-1,-1
2,2,467,947,50,50,1,-1,-1,-1
3,1,559,1122,50,50,1,-1,-1,-1
3,2,463,945,50,50,1,-1,-1,-1
4,1,557,1122,50,50,1,-1,-1,-1
4,2,459,941,50,50,1,-1,-1,-1
5,1,554,1123,50,50,1,-1,-1,-1
5,2,456,938,50,50,1,-1,-1,-1
6,1,551,1124,50,50,1,-1,-1,-1
6,2,454,934,50,50,1,-1,-1,-1
7,1,548,1124,50,50,1,-1,-1,-1
7,2,452,933,50,50,1,-1,-1,-1
8,1,545,1125,50,50,1,-1,-1,-1
8,2,447,937,50,50,1,-1,-1,-1
9,1,543,1126,50,50,1,-1,-1,-1
9,2,448,938,50,50,1,-1,-1,-1
10,1,540,1126,50,50,1,-1,-1,-1
10,2,445,946,50,50,1,-1,-1,-1
11,1,537,1124,50,50,1,-1,-1,-1
11,2,431,958,50,50,1,-1,-1,-1
12,1,534,1120,50,50,1,-1,-1,-1
12,2,431,972,50,50,1,-1,-1,-1
13,1,531,1113,50,50,1,-1,-1,-1
13,2,432,994,50,50,1,-1,-1,-1
14,1,529,1101,50,50,1,-1,-1,-1
14,2,446,1024,50,50,1,-1,-1,-1
15,1,529,1082,50,50,1,-1,-1,-1
15,2,433,1060,50,50,1,-1,-1,-1
16,1,531,1059,50,50,1,-1,-1,-1
16,2,432,1101,50,50,1,-1,-1,-1
17,1,534,1032,50,50,1,-1,-1,-1
17,2,431,1143,50,50,1,-1,-1,-1
18,1,538,1008,50,50,1,-1,-1,-1
18,2,429,1184,50,50,1,-1,-1,-1
19,1,543,988,50,50,1,-1,-1,-1
19,2,426,1218,50,50,1,-1,-1,-1
20,1,548,977,50,50,1,-1,-1,-1
20,2,427,1236,50,50,1,-1,-1,-1
21,1,552,979,50,50,1,-1,-1,-1
21,2,435,1238,50,50,1,-1,-1,-1
21,3,523,1008,50,50,1,-1,-1,-1
22,1,557,997,50,50,1,-1,-1,-1
22,2,450,1221,50,50,1,-1,-1,-1
23,1,564,1032,50,50,1,-1,-1,-1
23,2,466,1179,50,50,1,-1,-1,-1
24,1,566,1080,50,50,1,-1,-1,-1
24,2,480,1109,50,50,1,-1,-1,-1
25,1,559,1131,50,50,1,-1,-1,-1
25,2,488,1026,50,50,1,-1,-1,-1
26,1,553,1172,50,50,1,-1,-1,-1
26,2,508,945,50,50,1,-1,-1,-1
26,3,469,967,50,50,1,-1,-1,-1
27,1,545,1199,50,50,1,-1,-1,-1
27,2,514,870,50,50,1,-1,-1,-1
27,3,468,928,50,50,1,-1,-1,-1
28,1,536,1211,50,50,1,-1,-1,-1
28,2,517,799,50,50,1,-1,-1,-1
28,3,468,912,50,50,1,-1,-1,-1
29,1,529,1209,50,50,1,-1,-1,-1
29,2,520,735,50,50,1,-1,-1,-1
29,3,461,925,50,50,1,-1,-1,-1
30,1,522,1190,50,50,1,-1,-1,-1
30,2,525,676,50,50,1,-1,-1,-1
30,3,456,957,50,50,1,-1,-1,-1
31,1,520,1149,50,50,1,-1,-1,-1
31,2,529,622,50,50,1,-1,-1,-1
31,3,447,1010,50,50,1,-1,-1,-1
32,1,519,1095,50,50,1,-1,-1,-1
32,2,533,574,50,50,1,-1,-1,-1
32,3,442,1076,50,50,1,-1,-1,-1
33,1,520,1027,50,50,1,-1,-1,-1
33,2,537,533,50,50,1,-1,-1,-1
33,3,439,1140,50,50,1,-1,-1,-1
34,1,514,960,50,50,1,-1,-1,-1
34,2,541,497,50,50,1,-1,-1,-1
34,3,437,1191,50,50,1,-1,-1,-1
35,1,511,899,50,50,1,-1,-1,-1
35,2,545,467,50,50,1,-1,-1,-1
35,3,440,1219,50,50,1,-1,-1,-1
36,1,502,841,50,50,1,-1,-1,-1
36,2,549,442,50,50,1,-1,-1,-1
36,3,449,1223,50,50,1,-1,-1,-1
36,4,528,988,50,50,1,-1,-1,-1
37,1,496,789,50,50,1,-1,-1,-1
37,2,553,423,50,50,1,-1,-1,-1
37,3,463,1203,50,50,1,-1,-1,-1
37,4,525,1017,50,50,1,-1,-1,-1
38,1,489,744,50,50,1,-1,-1,-1
38,2,557,409,50,50,1,-1,-1,-1
38,3,477,1157,50,50,1,-1,-1,-1
38,4,539,1053,50,50,1,-1,-1,-1
39,1,483,704,50,50,1,-1,-1,-1
39,2,562,401,50,50,1,-1,-1,-1
39,3,487,1085,50,50,1,-1,-1,-1
39,4,548,1103,50,50,1,-1,-1,-1
40,1,476,670,50,50,1,-1,-1,-1
40,2,566,398,50,50,1,-1,-1,-1
40,3,494,1005,50,50,1,-1,-1,-1
40,4,553,1156,50,50,1,-1,-1,-1
41,1,470,641,50,50,1,-1,-1,-1
41,2,570,402,50,50,1,-1,-1,-1
41,3,500,939,50,50,1,-1,-1,-1
41,4,550,1194,50,50,1,-1,-1,-1
42,1,463,618,50,50,1,-1,-1,-1
42,2,574,410,50,50,1,-1,-1,-1
42,3,508,866,50,50,1,-1,-1,-1
42,4,545,1209,50,50,1,-1,-1,-1
42,5,476,961,50,50,1,-1,-1,-1
43,1,457,600,50,50,1,-1,-1,-1
43,2,578,424,50,50,1,-1,-1,-1
43,3,514,799,50,50,1,-1,-1,-1
43,4,540,1207,50,50,1,-1,-1,-1
43,5,469,968,50,50,1,-1,-1,-1
44,1,451,588,50,50,1,-1,-1,-1
44,2,581,443,50,50,1,-1,-1,-1
44,3,520,740,50,50,1,-1,-1,-1
44,4,536,1184,50,50,1,-1,-1,-1
45,1,445,582,50,50,1,-1,-1,-1
45,2,585,467,50,50,1,-1,-1,-1
45,3,526,687,50,50,1,-1,-1,-1
45,4,534,1139,50,50,1,-1,-1,-1
45,5,458,1034,50,50,1,-1,-1,-1
46,1,439,581,50,50,1,-1,-1,-1
46,2,589,497,50,50,1,-1,-1,-1
46,3,533,639,50,50,1,-1,-1,-1
46,4,534,1071,50,50,1,-1,-1,-1
46,5,454,1095,50,50,1,-1,-1,-1
47,1,432,586,50,50,1,-1,-1,-1
47,2,593,533,50,50,1,-1,-1,-1
47,3,539,597,50,50,1,-1,-1,-1
47,4,532,992,50,50,1,-1,-1,-1
47,5,454,1158,50,50,1,-1,-1,-1
48,1,426,597,50,50,1,-1,-1,-1
48,2,597,573,50,50,1,-1,-1,-1
48,3,545,560,50,50,1,-1,-1,-1
48,4,528,919,50,50,1,-1,-1,-1
48,5,449,1207,50,50,1,-1,-1,-1
49,1,420,612,50,50,1,-1,-1,-1
49,2,600,619,50,50,1,-1,-1,-1
49,3,551,529,50,50,1,-1,-1,-1
49,4,526,846,50,50,1,-1,-1,-1
49,5,446,1230,50,50,1,-1,-1,-1
50,1,414,634,50,50,1,-1,-1,-1
50,2,604,670,50,50,1,-1,-1,-1
50,3,558,504,50,50,1,-1,-1,-1
50,4,520,780,50,50,1,-1,-1,-1
50,5,450,1223,50,50,1,-1,-1,-1
51,1,409,661,50,50,1,-1,-1,-1
51,2,608,726,50,50,1,-1,-1,-1
51,3,564,484,50,50,1,-1,-1,-1
51,4,515,719,50,50,1,-1,-1,-1
51,5,460,1192,50,50,1,-1,-1,-1
52,1,403,693,50,50,1,-1,-1,-1
52,2,611,786,50,50,1,-1,-1,-1
52,3,570,470,50,50,1,-1,-1,-1
52,4,510,663,50,50,1,-1,-1,-1
52,5,469,1130,50,50,1,-1,-1,-1
53,1,397,730,50,50,1,-1,-1,-1
53,2,615,852,50,50,1,-1,-1,-1
53,3,577,462,50,50,1,-1,-1,-1
53,4,506,612,50,50,1,-1,-1,-1
53,5,478,1053,50,50,1,-1,-1,-1
54,1,390,773,50,50,1,-1,-1,-1
54,2,621,914,50,50,1,-1,-1,-1
54,3,583,459,50,50,1,-1,-1,-1
54,4,501,567,50,50,1,-1,-1,-1
54,5,484,983,50,50,1,-1,-1,-1
55,1,385,821,50,50,1,-1,-1,-1
55,2,616,954,50,50,1,-1,-1,-1
55,3,589,461,50,50,1,-1,-1,-1
55,4,497,527,50,50,1,-1,-1,-1
55,5,491,913,50,50,1,-1,-1,-1
56,1,379,874,50,50,1,-1,-1,-1
56,2,607,996,50,50,1,-1,-1,-1
56,3,595,469,50,50,1,-1,-1,-1
56,4,493,494,50,50,1,-1,-1,-1
56,5,498,848,50,50,1,-1,-1,-1
57,1,374,931,50,50,1,-1,-1,-1
57,2,596,1059,50,50,1,-1,-1,-1
57,3,602,483,50,50,1,-1,-1,-1
57,4,488,466,50,50,1,-1,-1,-1
57,5,506,784,50,50,1,-1,-1,-1
58,1,367,990,50,50,1,-1,-1,-1
58,2,578,1135,50,50,1,-1,-1,-1
58,3,608,502,50,50,1,-1,-1,-1
58,4,484,443,50,50,1,-1,-1,-1
58,5,513,730,50,50,1,-1,-1,-1
59,1,358,1037,50,50,1,-1,-1,-1
59,2,566,1181,50,50,1,-1,-1,-1
59,3,614,526,50,50,1,-1,-1,-1
59,4,479,426,50,50,1,-1,-1,-1
59,5,520,681,50,50,1,-1,-1,-1
60,1,356,1073,50,50,1,-1,-1,-1
60,2,562,1179,50,50,1,-1,-1,-1
60,3,620,556,50,50,1,-1,-1,-1
60,4,475,415,50,50,1,-1,-1,-1
60,5,528,636,50,50,1,-1,-1,-1
61,1,361,1105,50,50,1,-1,-1,-1
61,2,560,1144,50,50,1,-1,-1,-1
61,3,626,591,50,50,1,-1,-1,-1
61,4,470,410,50,50,1,-1,-1,-1
61,5,536,596,50,50,1,-1,-1,-1
62,1,367,1144,50,50,1,-1,-1,-1
62,2,559,1082,50,50,1,-1,-1,-1
62,3,632,633,50,50,1,-1,-1,-1
62,4,465,410,50,50,1,-1,-1,-1
62,5,543,563,50,50,1,-1,-1,-1
63,1,375,1185,50,50,1,-1,-1,-1
63,2,553,1007,50,50,1,-1,-1,-1
63,3,638,678,50,50,1,-1,-1,-1
63,4,461,416,50,50,1,-1,-1,-1
63,5,550,535,50,50,1,-1,-1,-1
64,1,387,1217,50,50,1,-1,-1,-1
64,2,547,937,50,50,1,-1,-1,-1
64,3,643,729,50,50,1,-1,-1,-1
64,4,457,428,50,50,1,-1,-1,-1
64,5,558,513,50,50,1,-1,-1,-1
65,1,402,1235,50,50,1,-1,-1,-1
65,2,542,870,50,50,1,-1,-1,-1
65,3,649,785,50,50,1,-1,-1,-1
65,4,452,446,50,50,1,-1,-1,-1
65,5,565,496,50,50,1,-1,-1,-1
66,1,418,1238,50,50,1,-1,-1,-1
66,2,537,809,50,50,1,-1,-1,-1
66,3,655,846,50,50,1,-1,-1,-1
66,4,447,469,50,50,1,-1,-1,-1
66,5,573,485,50,50,1,-1,-1,-1
67,1,437,1225,50,50,1,-1,-1,-1
67,2,531,752,50,50,1,-1,-1,-1
67,3,661,913,50,50,1,-1,-1,-1
67,4,443,498,50,50,1,-1,-1,-1
67,5,580,480,50,50,1,-1,-1,-1
68,1,456,1188,50,50,1,-1,-1,-1
68,2,526,701,50,50,1,-1,-1,-1
68,3,667,978,50,50,1,-1,-1,-1
68,4,438,533,50,50,1,-1,-1,-1
68,5,588,479,50,50,1,-1,-1,-1
69,1,473,1123,50,50,1,-1,-1,-1
69,2,520,654,50,50,1,-1,-1,-1
69,3,672,1021,50,50,1,-1,-1,-1
69,4,433,575,50,50,1,-1,-1,-1
69,5,595,485,50,50,1,-1,-1,-1
70,1,484,1045,50,50,1,-1,-1,-1
70,2,514,613,50,50,1,-1,-1,-1
70,3,666,1064,50,50,1,-1,-1,-1
70,4,429,622,50,50,1,-1,-1,-1
70,5,602,496,50,50,1,-1,-1,-1
71,1,492,970,50,50,1,-1,-1,-1
71,2,508,578,50,50,1,-1,-1,-1
71,3,650,1116,50,50,1,-1,-1,-1
71,4,425,674,50,50,1,-1,-1,-1
71,5,610,513,50,50,1,-1,-1,-1
72,1,497,903,50,50,1,-1,-1,-1
72,2,502,548,50,50,1,-1,-1,-1
72,3,625,1161,50,50,1,-1,-1,-1
72,4,420,732,50,50,1,-1,-1,-1
72,5,617,535,50,50,1,-1,-1,-1
73,1,504,838,50,50,1,-1,-1,-1
73,2,496,524,50,50,1,-1,-1,-1
73,3,604,1187,50,50,1,-1,-1,-1
73,4,416,796,50,50,1,-1,-1,-1
73,5,624,564,50,50,1,-1,-1,-1
74,1,511,777,50,50,1,-1,-1,-1
74,2,490,505,50,50,1,-1,-1,-1
74,3,592,1181,50,50,1,-1,-1,-1
74,4,412,865,50,50,1,-1,-1,-1
74,5,632,597,50,50,1,-1,-1,-1
75,1,518,724,50,50,1,-1,-1,-1
75,2,485,493,50,50,1,-1,-1,-1
75,3,587,1150,50,50,1,-1,-1,-1
75,4,407,939,50,50,1,-1,-1,-1
75,5,639,636,50,50,1,-1,-1,-1
76,1,524,676,50,50,1,-1,-1,-1
76,2,479,486,50,50,1,-1,-1,-1
76,3,585,1091,50,50,1,-1,-1,-1
76,4,402,984,50,50,1,-1,-1,-1
76,5,646,681,50,50,1,-1,-1,-1
77,1,531,634,50,50,1,-1,-1,-1
77,2,473,484,50,50,1,-1,-1,-1
77,3,579,1019,50,50,1,-1,-1,-1
77,4,399,1011,50,50,1,-1,-1,-1
77,5,654,731,50,50,1,-1,-1,-1
78,1,537,597,50,50,1,-1,-1,-1
78,2,466,489,50,50,1,-1,-1,-1
78,3,572,950,50,50,1,-1,-1,-1
78,4,410,1057,50,50,1,-1,-1,-1
78,5,660,786,50,50,1,-1,-1,-1
79,1,544,566,50,50,1,-1,-1,-1
79,2,460,499,50,50,1,-1,-1,-1
79,3,564,884,50,50,1,-1,-1,-1
79,4,424,1111,50,50,1,-1,-1,-1
79,5,667,846,50,50,1,-1,-1,-1
80,1,550,541,50,50,1,-1,-1,-1
80,2,454,515,50,50,1,-1,-1,-1
80,3,555,823,50,50,1,-1,-1,-1
80,4,434,1165,50,50,1,-1,-1,-1
80,5,674,911,50,50,1,-1,-1,-1
81,1,556,522,50,50,1,-1,-1,-1
81,2,448,537,50,50,1,-1,-1,-1
81,3,546,768,50,50,1,-1,-1,-1
81,4,447,1198,50,50,1,-1,-1,-1
81,5,680,979,50,50,1,-1,-1,-1
82,1,563,508,50,50,1,-1,-1,-1
82,2,442,566,50,50,1,-1,-1,-1
82,3,537,717,50,50,1,-1,-1,-1
82,4,457,1193,50,50,1,-1,-1,-1
82,5,688,1025,50,50,1,-1,-1,-1
83,1,570,500,50,50,1,-1,-1,-1
83,2,436,600,50,50,1,-1,-1,-1
83,3,529,672,50,50,1,-1,-1,-1
83,4,470,1153,50,50,1,-1,-1,-1
83,5,686,1048,50,50,1,-1,-1,-1
84,1,576,496,50,50,1,-1,-1,-1
84,2,429,640,50,50,1,-1,-1,-1
84,3,520,632,50,50,1,-1,-1,-1
84,4,477,1083,50,50,1,-1,-1,-1
84,5,668,1086,50,50,1,-1,-1,-1
85,1,582,499,50,50,1,-1,-1,-1
85,2,424,687,50,50,1,-1,-1,-1
85,3,511,598,50,50,1,-1,-1,-1
85,4,484,1004,50,50,1,-1,-1,-1
85,5,646,1127,50,50,1,-1,-1,-1
86,1,588,507,50,50,1,-1,-1,-1
86,2,418,739,50,50,1,-1,-1,-1
86,3,502,570,50,50,1,-1,-1,-1
86,4,488,941,50,50,1,-1,-1,-1
86,5,617,1165,50,50,1,-1,-1,-1
87,1,594,521,50,50,1,-1,-1,-1
87,2,412,797,50,50,1,-1,-1,-1
87,3,493,547,50,50,1,-1,-1,-1
87,4,494,869,50,50,1,-1,-1,-1
87,5,594,1191,50,50,1,-1,-1,-1
88,1,600,540,50,50,1,-1,-1,-1
88,2,406,861,50,50,1,-1,-1,-1
88,3,484,529,50,50,1,-1,-1,-1
88,4,501,801,50,50,1,-1,-1,-1
88,5,580,1198,50,50,1,-1,-1,-1
89,1,606,563,50,50,1,-1,-1,-1
89,2,400,931,50,50,1,-1,-1,-1
89,3,475,518,50,50,1,-1,-1,-1
89,4,506,747,50,50,1,-1,-1,-1
89,5,575,1180,50,50,1,-1,-1,-1
90,1,612,593,50,50,1,-1,-1,-1
90,2,393,997,50,50,1,-1,-1,-1
90,3,466,513,50,50,1,-1,-1,-1
90,4,511,696,50,50,1,-1,-1,-1
90,5,573,1138,50,50,1,-1,-1,-1
91,1,618,627,50,50,1,-1,-1,-1
91,2,392,1044,50,50,1,-1,-1,-1
91,3,457,513,50,50,1,-1,-1,-1
91,4,517,650,50,50,1,-1,-1,-1
91,5,572,1068,50,50,1,-1,-1,-1
92,1,624,666,50,50,1,-1,-1,-1
92,2,398,1087,50,50,1,-1,-1,-1
92,3,448,519,50,50,1,-1,-1,-1
92,4,523,611,50,50,1,-1,-1,-1
92,5,566,994,50,50,1,-1,-1,-1
93,1,630,711,50,50,1,-1,-1,-1
93,2,411,1137,50,50,1,-1,-1,-1
93,3,439,532,50,50,1,-1,-1,-1
93,4,528,576,50,50,1,-1,-1,-1
93,5,559,926,50,50,1,-1,-1,-1
94,1,635,760,50,50,1,-1,-1,-1
94,2,422,1186,50,50,1,-1,-1,-1
94,3,429,550,50,50,1,-1,-1,-1
94,4,534,548,50,50,1,-1,-1,-1
94,5,552,860,50,50,1,-1,-1,-1
95,1,641,813,50,50,1,-1,-1,-1
95,2,433,1217,50,50,1,-1,-1,-1
95,3,420,574,50,50,1,-1,-1,-1
95,4,540,526,50,50,1,-1,-1,-1
95,5,545,799,50,50,1,-1,-1,-1
96,1,647,872,50,50,1,-1,-1,-1
96,2,440,1215,50,50,1,-1,-1,-1
96,3,411,604,50,50,1,-1,-1,-1
96,4,545,509,50,50,1,-1,-1,-1
96,5,538,743,50,50,1,-1,-1,-1
97,1,651,932,50,50,1,-1,-1,-1
97,2,449,1179,50,50,1,-1,-1,-1
97,3,402,640,50,50,1,-1,-1,-1
97,4,551,498,50,50,1,-1,-1,-1
97,5,531,692,50,50,1,-1,-1,-1
98,1,649,968,50,50,1,-1,-1,-1
98,2,458,1111,50,50,1,-1,-1,-1
98,3,392,682,50,50,1,-1,-1,-1
98,4,557,492,50,50,1,-1,-1,-1
98,5,524,646,50,50,1,-1,-1,-1
99,1,643,993,50,50,1,-1,-1,-1
99,2,464,1029,50,50,1,-1,-1,-1
99,3,383,730,50,50,1,-1,-1,-1
99,4,562,492,50,50,1,-1,-1,-1
99,5,516,607,50,50,1,-1,-1,-1
100,1,634,1031,50,50,1,-1,-1,-1
100,2,469,958,50,50,1,-1,-1,-1
100,3,375,784,50,50,1,-1,-1,-1
100,4,568,497,50,50,1,-1,-1,-1
100,5,508,571,50,50,1,-1,-1,-1
101,1,618,1082,50,50,1,-1,-1,-1
101,2,476,885,50,50,1,-1,-1,-1
101,3,365,845,50,50,1,-1,-1,-1
101,4,573,508,50,50,1,-1,-1,-1
101,5,501,543,50,50,1,-1,-1,-1
102,1,597,1145,50,50,1,-1,-1,-1
102,2,481,821,50,50,1,-1,-1,-1
102,3,356,910,50,50,1,-1,-1,-1
102,4,578,524,50,50,1,-1,-1,-1
102,5,493,520,50,50,1,-1,-1,-1
103,1,576,1181,50,50,1,-1,-1,-1
103,2,488,761,50,50,1,-1,-1,-1
103,3,347,982,50,50,1,-1,-1,-1
103,4,584,545,50,50,1,-1,-1,-1
103,5,486,502,50,50,1,-1,-1,-1
104,1,561,1178,50,50,1,-1,-1,-1
104,2,494,706,50,50,1,-1,-1,-1
104,3,340,1044,50,50,1,-1,-1,-1
104,4,589,573,50,50,1,-1,-1,-1
104,5,478,490,50,50,1,-1,-1,-1
105,1,549,1138,50,50,1,-1,-1,-1
105,2,500,658,50,50,1,-1,-1,-1
105,3,346,1074,50,50,1,-1,-1,-1
105,4,594,605,50,50,1,-1,-1,-1
105,5,470,484,50,50,1,-1,-1,-1
106,1,542,1069,50,50,1,-1,-1,-1
106,2,506,614,50,50,1,-1,-1,-1
106,3,363,1104,50,50,1,-1,-1,-1
106,4,599,642,50,50,1,-1,-1,-1
106,5,462,483,50,50,1,-1,-1,-1
107,1,534,1000,50,50,1,-1,-1,-1
107,2,512,577,50,50,1,-1,-1,-1
107,3,376,1138,50,50,1,-1,-1,-1
107,4,605,684,50,50,1,-1,-1,-1
107,5,455,489,50,50,1,-1,-1,-1
108,1,528,932,50,50,1,-1,-1,-1
108,2,518,546,50,50,1,-1,-1,-1
108,3,390,1178,50,50,1,-1,-1,-1
108,4,610,732,50,50,1,-1,-1,-1
108,5,447,500,50,50,1,-1,-1,-1
109,1,524,870,50,50,1,-1,-1,-1
109,2,524,520,50,50,1,-1,-1,-1
109,3,405,1212,50,50,1,-1,-1,-1
109,4,614,783,50,50,1,-1,-1,-1
109,5,439,518,50,50,1,-1,-1,-1
110,1,514,805,50,50,1,-1,-1,-1
110,2,530,501,50,50,1,-1,-1,-1
110,3,419,1230,50,50,1,-1,-1,-1
110,4,620,840,50,50,1,-1,-1,-1
110,5,431,541,50,50,1,-1,-1,-1
111,1,505,752,50,50,1,-1,-1,-1
111,2,537,486,50,50,1,-1,-1,-1
111,3,429,1222,50,50,1,-1,-1,-1
111,4,624,901,50,50,1,-1,-1,-1
111,5,423,571,50,50,1,-1,-1,-1
112,1,498,702,50,50,1,-1,-1,-1
112,2,542,478,50,50,1,-1,-1,-1
112,3,440,1187,50,50,1,-1,-1,-1
112,4,631,951,50,50,1,-1,-1,-1
112,5,415,606,50,50,1,-1,-1,-1
113,1,490,657,50,50,1,-1,-1,-1
113,2,548,475,50,50,1,-1,-1,-1
113,3,449,1122,50,50,1,-1,-1,-1
113,4,636,980,50,50,1,-1,-1,-1
113,5,408,647,50,50,1,-1,-1,-1
114,1,483,618,50,50,1,-1,-1,-1
114,2,555,478,50,50,1,-1,-1,-1
114,3,454,1042,50,50,1,-1,-1,-1
114,4,632,1019,50,50,1,-1,-1,-1
114,5,400,695,50,50,1,-1,-1,-1
115,1,474,585,50,50,1,-1,-1,-1
115,2,561,487,50,50,1,-1,-1,-1
115,3,459,971,50,50,1,-1,-1,-1
115,4,621,1070,50,50,1,-1,-1,-1
115,5,392,749,50,50,1,-1,-1,-1
116,1,466,557,50,50,1,-1,-1,-1
116,2,567,500,50,50,1,-1,-1,-1
116,3,462,901,50,50,1,-1,-1,-1
116,4,604,1131,50,50,1,-1,-1,-1
116,5,384,808,50,50,1,-1,-1,-1
117,1,458,534,50,50,1,-1,-1,-1
117,2,573,520,50,50,1,-1,-1,-1
117,3,470,837,50,50,1,-1,-1,-1
117,4,581,1176,50,50,1,-1,-1,-1
117,5,376,873,50,50,1,-1,-1,-1
118,1,451,518,50,50,1,-1,-1,-1
118,2,578,545,50,50,1,-1,-1,-1
118,3,477,774,50,50,1,-1,-1,-1
118,4,561,1189,50,50,1,-1,-1,-1
118,5,369,945,50,50,1,-1,-1,-1
119,1,443,507,50,50,1,-1,-1,-1
119,2,584,576,50,50,1,-1,-1,-1
119,3,482,722,50,50,1,-1,-1,-1
119,4,547,1168,50,50,1,-1,-1,-1
119,5,363,993,50,50,1,-1,-1,-1
120,1,434,502,50,50,1,-1,-1,-1
120,2,590,612,50,50,1,-1,-1,-1
120,3,489,673,50,50,1,-1,-1,-1
120,4,540,1121,50,50,1,-1,-1,-1
120,5,362,1015,50,50,1,-1,-1,-1
121,1,426,502,50,50,1,-1,-1,-1
121,2,595,653,50,50,1,-1,-1,-1
121,3,495,630,50,50,1,-1,-1,-1
121,4,532,1049,50,50,1,-1,-1,-1
121,5,376,1044,50,50,1,-1,-1,-1
122,1,419,509,50,50,1,-1,-1,-1
122,2,601,700,50,50,1,-1,-1,-1
122,3,501,592,50,50,1,-1,-1,-1
122,4,524,978,50,50,1,-1,-1,-1
122,5,386,1079,50,50,1,-1,-1,-1
123,1,411,521,50,50,1,-1,-1,-1
123,2,607,752,50,50,1,-1,-1,-1
123,3,507,561,50,50,1,-1,-1,-1
123,4,519,915,50,50,1,-1,-1,-1
123,5,397,1124,50,50,1,-1,-1,-1
124,1,403,539,50,50,1,-1,-1,-1
124,2,613,809,50,50,1,-1,-1,-1
124,3,513,534,50,50,1,-1,-1,-1
124,4,509,853,50,50,1,-1,-1,-1
124,5,403,1173,50,50,1,-1,-1,-1
125,1,395,563,50,50,1,-1,-1,-1
125,2,618,871,50,50,1,-1,-1,-1
125,3,519,514,50,50,1,-1,-1,-1
125,4,501,790,50,50,1,-1,-1,-1
125,5,409,1207,50,50,1,-1,-1,-1
126,1,386,593,50,50,1,-1,-1,-1
126,2,623,933,50,50,1,-1,-1,-1
126,3,526,499,50,50,1,-1,-1,-1
126,4,493,742,50,50,1,-1,-1,-1
126,5,413,1210,50,50,1,-1,-1,-1
127,1,379,628,50,50,1,-1,-1,-1
127,2,626,970,50,50,1,-1,-1,-1
127,3,532,490,50,50,1,-1,-1,-1
127,4,484,696,50,50,1,-1,-1,-1
127,5,414,1180,50,50,1,-1,-1,-1
128,1,371,670,50,50,1,-1,-1,-1
128,2,625,993,50,50,1,-1,-1,-1
128,3,538,487,50,50,1,-1,-1,-1
128,4,476,655,50,50,1,-1,-1,-1
128,5,419,1121,50,50,1,-1,-1,-1
129,1,363,717,50,50,1,-1,-1,-1
129,2,614,1039,50,50,1,-1,-1,-1
129,3,544,490,50,50,1,-1,-1,-1
129,4,468,621,50,50,1,-1,-1,-1
129,5,424,1043,50,50,1,-1,-1,-1
130,1,355,770,50,50,1,-1,-1,-1
130,2,596,1094,50,50,1,-1,-1,-1
130,3,550,498,50,50,1,-1,-1,-1
130,4,460,592,50,50,1,-1,-1,-1
130,5,431,973,50,50,1,-1,-1,-1
131,1,347,829,50,50,1,-1,-1,-1
131,2,572,1153,50,50,1,-1,-1,-1
131,3,556,512,50,50,1,-1,-1,-1
131,4,452,568,50,50,1,-1,-1,-1
131,5,438,904,50,50,1,-1,-1,-1
132,1,340,893,50,50,1,-1,-1,-1
132,2,551,1189,50,50,1,-1,-1,-1
132,3,563,532,50,50,1,-1,-1,-1
132,4,444,550,50,50,1,-1,-1,-1
132,5,445,841,50,50,1,-1,-1,-1
133,1,333,963,50,50,1,-1,-1,-1
133,2,537,1191,50,50,1,-1,-1,-1
133,3,569,558,50,50,1,-1,-1,-1
133,4,436,538,50,50,1,-1,-1,-1
133,5,455,780,50,50,1,-1,-1,-1
134,1,323,1018,50,50,1,-1,-1,-1
134,2,527,1159,50,50,1,-1,-1,-1
134,3,575,589,50,50,1,-1,-1,-1
134,4,428,532,50,50,1,-1,-1,-1
134,5,463,729,50,50,1,-1,-1,-1
135,1,326,1055,50,50,1,-1,-1,-1
135,2,520,1099,50,50,1,-1,-1,-1
135,3,581,626,50,50,1,-1,-1,-1
135,4,420,531,50,50,1,-1,-1,-1
135,5,472,682,50,50,1,-1,-1,-1
136,1,339,1085,50,50,1,-1,-1,-1
136,2,512,1027,50,50,1,-1,-1,-1
136,3,587,669,50,50,1,-1,-1,-1
136,4,412,536,50,50,1,-1,-1,-1
136,5,480,640,50,50,1,-1,-1,-1
137,1,356,1127,50,50,1,-1,-1,-1
137,2,507,959,50,50,1,-1,-1,-1
137,3,593,718,50,50,1,-1,-1,-1
137,4,404,546,50,50,1,-1,-1,-1
137,5,488,603,50,50,1,-1,-1,-1
138,1,374,1172,50,50,1,-1,-1,-1
138,2,501,890,50,50,1,-1,-1,-1
138,3,599,771,50,50,1,-1,-1,-1
138,4,396,563,50,50,1,-1,-1,-1
138,5,497,572,50,50,1,-1,-1,-1
139,1,391,1206,50,50,1,-1,-1,-1
139,2,494,831,50,50,1,-1,-1,-1
139,3,605,831,50,50,1,-1,-1,-1
139,4,388,584,50,50,1,-1,-1,-1
139,5,504,547,50,50,1,-1,-1,-1
140,1,401,1214,50,50,1,-1,-1,-1
140,2,488,773,50,50,1,-1,-1,-1
140,3,611,895,50,50,1,-1,-1,-1
140,4,380,611,50,50,1,-1,-1,-1
140,5,513,528,50,50,1,-1,-1,-1
141,1,409,1192,50,50,1,-1,-1,-1
141,2,481,724,50,50,1,-1,-1,-1
141,3,616,962,50,50,1,-1,-1,-1
141,4,373,644,50,50,1,-1,-1,-1
141,5,521,514,50,50,1,-1,-1,-1
142,1,413,1138,50,50,1,-1,-1,-1
142,2,474,679,50,50,1,-1,-1,-1
142,3,622,1018,50,50,1,-1,-1,-1
142,4,365,683,50,50,1,-1,-1,-1
142,5,529,506,50,50,1,-1,-1,-1
143,1,420,1061,50,50,1,-1,-1,-1
143,2,467,639,50,50,1,-1,-1,-1
143,3,617,1059,50,50,1,-1,-1,-1
143,4,357,726,50,50,1,-1,-1,-1
143,5,538,504,50,50,1,-1,-1,-1
144,1,427,992,50,50,1,-1,-1,-1
144,2,461,606,50,50,1,-1,-1,-1
144,3,600,1110,50,50,1,-1,-1,-1
144,4,349,775,50,50,1,-1,-1,-1
144,5,545,508,50,50,1,-1,-1,-1
145,1,435,923,50,50,1,-1,-1,-1
145,2,454,578,50,50,1,-1,-1,-1
145,3,578,1162,50,50,1,-1,-1,-1
145,4,342,829,50,50,1,-1,-1,-1
145,5,554,517,50,50,1,-1,-1,-1
146,1,443,860,50,50,1,-1,-1,-1
146,2,448,556,50,50,1,-1,-1,-1
146,3,554,1197,50,50,1,-1,-1,-1
146,4,335,888,50,50,1,-1,-1,-1
146,5,562,532,50,50,1,-1,-1,-1
147,1,453,798,50,50,1,-1,-1,-1
147,2,441,540,50,50,1,-1,-1,-1
147,3,539,1202,50,50,1,-1,-1,-1
147,4,327,952,50,50,1,-1,-1,-1
147,5,571,553,50,50,1,-1,-1,-1
148,1,463,746,50,50,1,-1,-1,-1
148,2,434,529,50,50,1,-1,-1,-1
148,3,529,1179,50,50,1,-1,-1,-1
148,4,321,1018,50,50,1,-1,-1,-1
148,5,579,579,50,50,1,-1,-1,-1
149,1,472,698,50,50,1,-1,-1,-1
149,2,427,524,50,50,1,-1,-1,-1
149,3,524,1129,50,50,1,-1,-1,-1
149,4,316,1068,50,50,1,-1,-1,-1
149,5,587,612,50,50,1,-1,-1,-1
150,1,481,656,50,50,1,-1,-1,-1
150,2,421,525,50,50,1,-1,-1,-1
150,3,520,1058,50,50,1,-1,-1,-1
150,4,318,1110,50,50,1,-1,-1,-1
150,5,595,650,50,50,1,-1,-1,-1
151,1,490,619,50,50,1,-1,-1,-1
151,2,415,531,50,50,1,-1,-1,-1
151,3,516,984,50,50,1,-1,-1,-1
151,4,330,1146,50,50,1,-1,-1,-1
151,5,603,694,50,50,1,-1,-1,-1
152,1,499,588,50,50,1,-1,-1,-1
152,2,408,543,50,50,1,-1,-1,-1
152,3,514,921,50,50,1,-1,-1,-1
152,4,347,1182,50,50,1,-1,-1,-1
152,5,611,743,50,50,1,-1,-1,-1
153,1,508,561,50,50,1,-1,-1,-1
153,2,401,561,50,50,1,-1,-1,-1
153,3,509,856,50,50,1,-1,-1,-1
153,4,369,1206,50,50,1,-1,-1,-1
153,5,619,798,50,50,1,-1,-1,-1
154,1,518,542,50,50,1,-1,-1,-1
154,2,395,584,50,50,1,-1,-1,-1
154,3,503,793,50,50,1,-1,-1,-1
154,4,389,1215,50,50,1,-1,-1,-1
154,5,627,859,50,50,1,-1,-1,-1
155,1,526,527,50,50,1,-1,-1,-1
155,2,389,613,50,50,1,-1,-1,-1
155,3,498,741,50,50,1,-1,-1,-1
155,4,406,1203,50,50,1,-1,-1,-1
155,5,635,924,50,50,1,-1,-1,-1
156,1,536,518,50,50,1,-1,-1,-1
156,2,382,647,50,50,1,-1,-1,-1
156,3,493,694,50,50,1,-1,-1,-1
156,4,420,1164,50,50,1,-1,-1,-1
156,5,647,986,50,50,1,-1,-1,-1
157,1,545,515,50,50,1,-1,-1,-1
157,2,376,687,50,50,1,-1,-1,-1
157,3,488,652,50,50,1,-1,-1,-1
157,4,432,1094,50,50,1,-1,-1,-1
157,5,634,1015,50,50,1,-1,-1,-1
158,1,554,517,50,50,1,-1,-1,-1
158,2,370,732,50,50,1,-1,-1,-1
158,3,483,616,50,50,1,-1,-1,-1
158,4,442,1018,50,50,1,-1,-1,-1
158,5,621,1048,50,50,1,-1,-1,-1
159,1,563,525,50,50,1,-1,-1,-1
159,2,364,783,50,50,1,-1,-1,-1
159,3,479,585,50,50,1,-1,-1,-1
159,4,450,950,50,50,1,-1,-1,-1
159,5,602,1086,50,50,1,-1,-1,-1
160,1,572,539,50,50,1,-1,-1,-1
160,2,358,838,50,50,1,-1,-1,-1
160,3,474,561,50,50,1,-1,-1,-1
160,4,458,882,50,50,1,-1,-1,-1
160,5,580,1135,50,50,1,-1,-1,-1
161,1,581,557,50,50,1,-1,-1,-1
161,2,351,900,50,50,1,-1,-1,-1
161,3,469,542,50,50,1,-1,-1,-1
161,4,467,822,50,50,1,-1,-1,-1
161,5,562,1175,50,50,1,-1,-1,-1
162,1,590,582,50,50,1,-1,-1,-1
162,2,345,966,50,50,1,-1,-1,-1
162,3,464,529,50,50,1,-1,-1,-1
162,4,479,764,50,50,1,-1,-1,-1
162,5,554,1188,50,50,1,-1,-1,-1
163,1,599,613,50,50,1,-1,-1,-1
163,2,340,1025,50,50,1,-1,-1,-1
163,3,460,521,50,50,1,-1,-1,-1
163,4,488,713,50,50,1,-1,-1,-1
163,5,549,1166,50,50,1,-1,-1,-1
164,1,608,649,50,50,1,-1,-1,-1
164,2,335,1073,50,50,1,-1,-1,-1
164,3,455,520,50,50,1,-1,-1,-1
164,4,498,668,50,50,1,-1,-1,-1
164,5,546,1116,50,50,1,-1,-1,-1
165,1,616,690,50,50,1,-1,-1,-1
165,2,342,1116,50,50,1,-1,-1,-1
165,3,450,524,50,50,1,-1,-1,-1
165,4,507,628,50,50,1,-1,-1,-1
165,5,541,1041,50,50,1,-1,-1,-1
166,1,625,737,50,50,1,-1,-1,-1
166,2,361,1155,50,50,1,-1,-1,-1
166,3,445,534,50,50,1,-1,-1,-1
166,4,517,594,50,50,1,-1,-1,-1
166,5,537,968,50,50,1,-1,-1,-1
167,1,634,789,50,50,1,-1,-1,-1
167,2,383,1191,50,50,1,-1,-1,-1
167,3,441,550,50,50,1,-1,-1,-1
167,4,526,565,50,50,1,-1,-1,-1
167,5,533,897,50,50,1,-1,-1,-1
168,1,643,846,50,50,1,-1,-1,-1
168,2,409,1203,50,50,1,-1,-1,-1
168,3,436,572,50,50,1,-1,-1,-1
168,4,535,543,50,50,1,-1,-1,-1
168,5,527,829,50,50,1,-1,-1,-1
169,1,651,909,50,50,1,-1,-1,-1
169,2,428,1184,50,50,1,-1,-1,-1
169,3,431,599,50,50,1,-1,-1,-1
169,4,544,526,50,50,1,-1,-1,-1
169,5,519,769,50,50,1,-1,-1,-1
170,1,657,966,50,50,1,-1,-1,-1
170,2,447,1135,50,50,1,-1,-1,-1
170,3,426,633,50,50,1,-1,-1,-1
170,4,554,514,50,50,1,-1,-1,-1
170,5,512,713,50,50,1,-1,-1,-1
171,1,667,1002,50,50,1,-1,-1,-1
171,2,458,1066,50,50,1,-1,-1,-1
171,3,422,672,50,50,1,-1,-1,-1
171,4,563,508,50,50,1,-1,-1,-1
171,5,506,662,50,50,1,-1,-1,-1
172,1,659,1039,50,50,1,-1,-1,-1
172,2,467,992,50,50,1,-1,-1,-1
172,3,418,716,50,50,1,-1,-1,-1
172,4,572,507,50,50,1,-1,-1,-1
172,5,499,616,50,50,1,-1,-1,-1
173,1,643,1079,50,50,1,-1,-1,-1
173,2,475,931,50,50,1,-1,-1,-1
173,3,413,767,50,50,1,-1,-1,-1
173,4,581,512,50,50,1,-1,-1,-1
173,5,492,577,50,50,1,-1,-1,-1
174,1,622,1126,50,50,1,-1,-1,-1
174,2,484,864,50,50,1,-1,-1,-1
174,3,409,822,50,50,1,-1,-1,-1
174,4,590,522,50,50,1,-1,-1,-1
174,5,486,543,50,50,1,-1,-1,-1
175,1,599,1162,50,50,1,-1,-1,-1
175,2,494,803,50,50,1,-1,-1,-1
175,3,404,884,50,50,1,-1,-1,-1
175,4,599,538,50,50,1,-1,-1,-1
175,5,480,515,50,50,1,-1,-1,-1
176,1,587,1174,50,50,1,-1,-1,-1
176,2,501,753,50,50,1,-1,-1,-1
176,3,400,951,50,50,1,-1,-1,-1
176,4,608,559,50,50,1,-1,-1,-1
176,5,473,492,50,50,1,-1,-1,-1
177,1,583,1150,50,50,1,-1,-1,-1
177,2,509,707,50,50,1,-1,-1,-1
177,3,395,1010,50,50,1,-1,-1,-1
177,4,617,585,50,50,1,-1,-1,-1
177,5,466,476,50,50,1,-1,-1,-1
178,1,580,1098,50,50,1,-1,-1,-1
178,2,518,667,50,50,1,-1,-1,-1
178,3,397,1050,50,50,1,-1,-1,-1
178,4,626,616,50,50,1,-1,-1,-1
178,5,460,465,50,50,1,-1,-1,-1
179,1,574,1026,50,50,1,-1,-1,-1
179,2,526,632,50,50,1,-1,-1,-1
179,3,405,1098,50,50,1,-1,-1,-1
179,4,634,653,50,50,1,-1,-1,-1
179,5,453,460,50,50,1,-1,-1,-1
180,1,567,954,50,50,1,-1,-1,-1
180,2,535,602,50,50,1,-1,-1,-1
180,3,414,1147,50,50,1,-1,-1,-1
180,4,643,695,50,50,1,-1,-1,-1
180,5,446,461,50,50,1,-1,-1,-1
181,1,559,885,50,50,1,-1,-1,-1
181,2,542,579,50,50,1,-1,-1,-1
181,3,421,1188,50,50,1,-1,-1,-1
181,4,652,741,50,50,1,-1,-1,-1
181,5,440,467,50,50,1,-1,-1,-1
182,1,549,820,50,50,1,-1,-1,-1
182,2,551,561,50,50,1,-1,-1,-1
182,3,433,1213,50,50,1,-1,-1,-1
182,4,660,793,50,50,1,-1,-1,-1
182,5,433,480,50,50,1,-1,-1,-1
183,1,540,761,50,50,1,-1,-1,-1
183,2,559,549,50,50,1,-1,-1,-1
183,3,443,1218,50,50,1,-1,-1,-1
183,4,669,850,50,50,1,-1,-1,-1
183,5,426,498,50,50,1,-1,-1,-1
184,1,532,708,50,50,1,-1,-1,-1
184,2,567,542,50,50,1,-1,-1,-1
184,3,452,1200,50,50,1,-1,-1,-1
184,4,676,909,50,50,1,-1,-1,-1
184,5,420,523,50,50,1,-1,-1,-1
185,1,523,659,50,50,1,-1,-1,-1
185,2,575,540,50,50,1,-1,-1,-1
185,3,461,1156,50,50,1,-1,-1,-1
185,4,681,949,50,50,1,-1,-1,-1
185,5,413,552,50,50,1,-1,-1,-1
186,1,514,617,50,50,1,-1,-1,-1
186,2,582,545,50,50,1,-1,-1,-1
186,3,470,1086,50,50,1,-1,-1,-1
186,4,676,972,50,50,1,-1,-1,-1
186,5,407,588,50,50,1,-1,-1,-1
187,1,504,579,50,50,1,-1,-1,-1
187,2,590,554,50,50,1,-1,-1,-1
187,3,478,1010,50,50,1,-1,-1,-1
187,4,668,1009,50,50,1,-1,-1,-1
187,5,401,630,50,50,1,-1,-1,-1
188,1,495,548,50,50,1,-1,-1,-1
188,2,598,568,50,50,1,-1,-1,-1
188,3,483,945,50,50,1,-1,-1,-1
188,4,655,1053,50,50,1,-1,-1,-1
188,5,394,678,50,50,1,-1,-1,-1
189,1,486,521,50,50,1,-1,-1,-1
189,2,606,588,50,50,1,-1,-1,-1
189,3,490,873,50,50,1,-1,-1,-1
189,4,633,1108,50,50,1,-1,-1,-1
189,5,387,732,50,50,1,-1,-1,-1
190,1,477,501,50,50,1,-1,-1,-1
190,2,614,613,50,50,1,-1,-1,-1
190,3,499,808,50,50,1,-1,-1,-1
190,4,616,1140,50,50,1,-1,-1,-1
190,5,381,790,50,50,1,-1,-1,-1
191,1,467,486,50,50,1,-1,-1,-1
191,2,621,644,50,50,1,-1,-1,-1
191,3,504,754,50,50,1,-1,-1,-1
191,4,604,1129,50,50,1,-1,-1,-1
191,5,375,855,50,50,1,-1,-1,-1
192,1,458,477,50,50,1,-1,-1,-1
192,2,629,679,50,50,1,-1,-1,-1
192,3,511,702,50,50,1,-1,-1,-1
192,4,597,1082,50,50,1,-1,-1,-1
192,5,369,921,50,50,1,-1,-1,-1
193,1,449,474,50,50,1,-1,-1,-1
193,2,636,719,50,50,1,-1,-1,-1
193,3,519,656,50,50,1,-1,-1,-1
193,4,588,1017,50,50,1,-1,-1,-1
193,5,374,971,50,50,1,-1,-1,-1
194,1,439,477,50,50,1,-1,-1,-1
194,2,643,764,50,50,1,-1,-1,-1
194,3,526,616,50,50,1,-1,-1,-1
194,4,581,952,50,50,1,-1,-1,-1
194,5,377,994,50,50,1,-1,-1,-1
195,1,429,485,50,50,1,-1,-1,-1
195,2,651,813,50,50,1,-1,-1,-1
195,3,533,581,50,50,1,-1,-1,-1
195,4,572,890,50,50,1,-1,-1,-1
195,5,381,1035,50,50,1,-1,-1,-1
196,1,420,500,50,50,1,-1,-1,-1
196,2,658,867,50,50,1,-1,-1,-1
196,3,540,553,50,50,1,-1,-1,-1
196,4,564,832,50,50,1,-1,-1,-1
196,5,394,1083,50,50,1,-1,-1,-1
197,1,411,520,50,50,1,-1,-1,-1
197,2,665,922,50,50,1,-1,-1,-1
197,3,547,530,50,50,1,-1,-1,-1
197,4,555,780,50,50,1,-1,-1,-1
197,5,411,1138,50,50,1,-1,-1,-1
198,1,402,547,50,50,1,-1,-1,-1
198,2,675,960,50,50,1,-1,-1,-1
198,3,554,512,50,50,1,-1,-1,-1
198,4,546,734,50,50,1,-1,-1,-1
198,5,428,1180,50,50,1,-1,-1,-1
199,1,392,580,50,50,1,-1,-1,-1
199,2,675,983,50,50,1,-1,-1,-1
199,3,561,501,50,50,1,-1,-1,-1
199,4,538,693,50,50,1,-1,-1,-1
199,5,441,1186,50,50,1,-1,-1,-1
200,1,382,618,50,50,1,-1,-1,-1
200,2,677,1012,50,50,1,-1,-1,-1
200,3,568,494,50,50,1,-1,-1,-1
200,4,529,657,50,50,1,-1,-1,-1
200,5,455,1146,50,50,1,-1,-1,-1
201,1,373,662,50,50,1,-1,-1,-1
201,2,672,1052,50,50,1,-1,-1,-1
201,3,575,494,50,50,1,-1,-1,-1
201,4,520,627,50,50,1,-1,-1,-1
201,5,462,1079,50,50,1,-1,-1,-1
202,1,364,713,50,50,1,-1,-1,-1
202,2,656,1102,50,50,1,-1,-1,-1
202,3,582,499,50,50,1,-1,-1,-1
202,4,512,602,50,50,1,-1,-1,-1
202,5,470,1004,50,50,1,-1,-1,-1
203,1,354,769,50,50,1,-1,-1,-1
203,2,628,1150,50,50,1,-1,-1,-1
203,3,588,509,50,50,1,-1,-1,-1
203,4,503,583,50,50,1,-1,-1,-1
203,5,472,943,50,50,1,-1,-1,-1
204,1,345,831,50,50,1,-1,-1,-1
204,2,600,1180,50,50,1,-1,-1,-1
204,3,596,525,50,50,1,-1,-1,-1
204,4,494,569,50,50,1,-1,-1,-1
204,5,478,873,50,50,1,-1,-1,-1
205,1,335,899,50,50,1,-1,-1,-1
205,2,583,1181,50,50,1,-1,-1,-1
205,3,602,547,50,50,1,-1,-1,-1
205,4,486,561,50,50,1,-1,-1,-1
205,5,484,812,50,50,1,-1,-1,-1
206,1,328,968,50,50,1,-1,-1,-1
206,2,573,1151,50,50,1,-1,-1,-1
206,3,609,574,50,50,1,-1,-1,-1
206,4,477,558,50,50,1,-1,-1,-1
206,5,490,757,50,50,1,-1,-1,-1
207,1,317,1024,50,50,1,-1,-1,-1
207,2,566,1096,50,50,1,-1,-1,-1
207,3,616,606,50,50,1,-1,-1,-1
207,4,468,561,50,50,1,-1,-1,-1
207,5,495,708,50,50,1,-1,-1,-1
208,1,324,1062,50,50,1,-1,-1,-1
208,2,558,1025,50,50,1,-1,-1,-1
208,3,622,644,50,50,1,-1,-1,-1
208,4,460,570,50,50,1,-1,-1,-1
208,5,501,664,50,50,1,-1,-1,-1
209,1,339,1099,50,50,1,-1,-1,-1
209,2,550,957,50,50,1,-1,-1,-1
209,3,628,686,50,50,1,-1,-1,-1
209,4,451,584,50,50,1,-1,-1,-1
209,5,506,625,50,50,1,-1,-1,-1
210,1,358,1141,50,50,1,-1,-1,-1
210,2,542,891,50,50,1,-1,-1,-1
210,3,635,734,50,50,1,-1,-1,-1
210,4,442,603,50,50,1,-1,-1,-1
210,5,511,593,50,50,1,-1,-1,-1
211,1,379,1181,50,50,1,-1,-1,-1
211,2,534,830,50,50,1,-1,-1,-1
211,3,642,787,50,50,1,-1,-1,-1
211,4,434,628,50,50,1,-1,-1,-1
211,5,517,565,50,50,1,-1,-1,-1
212,1,403,1208,50,50,1,-1,-1,-1
212,2,523,775,50,50,1,-1,-1,-1
212,3,648,845,50,50,1,-1,-1,-1
212,4,425,658,50,50,1,-1,-1,-1
212,5,523,544,50,50,1,-1,-1,-1
213,1,416,1204,50,50,1,-1,-1,-1
213,2,514,724,50,50,1,-1,-1,-1
213,3,654,907,50,50,1,-1,-1,-1
213,4,416,694,50,50,1,-1,-1,-1
213,5,529,528,50,50,1,-1,-1,-1
214,1,427,1167,50,50,1,-1,-1,-1
214,2,504,679,50,50,1,-1,-1,-1
214,3,654,963,50,50,1,-1,-1,-1
214,4,408,735,50,50,1,-1,-1,-1
214,5,534,518,50,50,1,-1,-1,-1
215,1,436,1095,50,50,1,-1,-1,-1
215,2,495,639,50,50,1,-1,-1,-1
215,3,646,992,50,50,1,-1,-1,-1
215,4,400,781,50,50,1,-1,-1,-1
215,5,540,514,50,50,1,-1,-1,-1
216,1,440,1020,50,50,1,-1,-1,-1
216,2,486,606,50,50,1,-1,-1,-1
216,3,629,1036,50,50,1,-1,-1,-1
216,4,392,832,50,50,1,-1,-1,-1
216,5,546,515,50,50,1,-1,-1,-1
217,1,445,948,50,50,1,-1,-1,-1
217,2,476,577,50,50,1,-1,-1,-1
217,3,608,1094,50,50,1,-1,-1,-1
217,4,383,888,50,50,1,-1,-1,-1
217,5,551,522,50,50,1,-1,-1,-1
218,1,449,880,50,50,1,-1,-1,-1
218,2,467,555,50,50,1,-1,-1,-1
218,3,579,1154,50,50,1,-1,-1,-1
218,4,375,950,50,50,1,-1,-1,-1
218,5,556,535,50,50,1,-1,-1,-1
219,1,453,816,50,50,1,-1,-1,-1
219,2,457,538,50,50,1,-1,-1,-1
219,3,554,1184,50,50,1,-1,-1,-1
219,4,369,1007,50,50,1,-1,-1,-1
219,5,562,553,50,50,1,-1,-1,-1
220,1,461,758,50,50,1,-1,-1,-1
220,2,448,527,50,50,1,-1,-1,-1
220,3,540,1178,50,50,1,-1,-1,-1
220,4,361,1046,50,50,1,-1,-1,-1
220,5,567,577,50,50,1,-1,-1,-1
221,1,467,705,50,50,1,-1,-1,-1
221,2,439,521,50,50,1,-1,-1,-1
221,3,531,1142,50,50,1,-1,-1,-1
221,4,359,1077,50,50,1,-1,-1,-1
221,5,573,607,50,50,1,-1,-1,-1
222,1,472,659,50,50,1,-1,-1,-1
222,2,429,521,50,50,1,-1,-1,-1
222,3,522,1077,50,50,1,-1,-1,-1
222,4,363,1113,50,50,1,-1,-1,-1
222,5,578,642,50,50,1,-1,-1,-1
223,1,478,617,50,50,1,-1,-1,-1
223,2,419,527,50,50,1,-1,-1,-1
223,3,514,1005,50,50,1,-1,-1,-1
223,4,372,1160,50,50,1,-1,-1,-1
223,5,583,682,50,50,1,-1,-1,-1
224,1,484,581,50,50,1,-1,-1,-1
224,2,410,539,50,50,1,-1,-1,-1
224,3,508,943,50,50,1,-1,-1,-1
224,4,383,1200,50,50,1,-1,-1,-1
224,5,589,729,50,50,1,-1,-1,-1
225,1,489,550,50,50,1,-1,-1,-1
225,2,400,556,50,50,1,-1,-1,-1
225,3,498,874,50,50,1,-1,-1,-1
225,4,399,1212,50,50,1,-1,-1,-1
225,5,594,780,50,50,1,-1,-1,-1
226,1,494,526,50,50,1,-1,-1,-1
226,2,390,580,50,50,1,-1,-1,-1
226,3,490,815,50,50,1,-1,-1,-1
226,4,411,1201,50,50,1,-1,-1,-1
226,5,600,837,50,50,1,-1,-1,-1
227,1,500,507,50,50,1,-1,-1,-1
227,2,381,608,50,50,1,-1,-1,-1
227,3,482,760,50,50,1,-1,-1,-1
227,4,420,1164,50,50,1,-1,-1,-1
227,5,605,899,50,50,1,-1,-1,-1
228,1,505,493,50,50,1,-1,-1,-1
228,2,372,643,50,50,1,-1,-1,-1
228,3,472,711,50,50,1,-1,-1,-1
228,4,431,1098,50,50,1,-1,-1,-1
228,5,610,960,50,50,1,-1,-1,-1
229,1,511,485,50,50,1,-1,-1,-1
229,2,363,684,50,50,1,-1,-1,-1
229,3,463,668,50,50,1,-1,-1,-1
229,4,438,1022,50,50,1,-1,-1,-1
229,5,610,1007,50,50,1,-1,-1,-1
230,1,517,482,50,50,1,-1,-1,-1
230,2,353,730,50,50,1,-1,-1,-1
230,3,455,631,50,50,1,-1,-1,-1
230,4,445,953,50,50,1,-1,-1,-1
230,5,604,1050,50,50,1,-1,-1,-1
231,1,522,486,50,50,1,-1,-1,-1
231,2,344,781,50,50,1,-1,-1,-1
231,3,446,599,50,50,1,-1,-1,-1
231,4,450,884,50,50,1,-1,-1,-1
231,5,585,1099,50,50,1,-1,-1,-1
232,1,528,494,50,50,1,-1,-1,-1
232,2,335,839,50,50,1,-1,-1,-1
232,3,437,572,50,50,1,-1,-1,-1
232,4,460,821,50,50,1,-1,-1,-1
232,5,563,1151,50,50,1,-1,-1,-1
233,1,533,509,50,50,1,-1,-1,-1
233,2,326,901,50,50,1,-1,-1,-1
233,3,428,551,50,50,1,-1,-1,-1
233,4,467,763,50,50,1,-1,-1,-1
233,5,542,1186,50,50,1,-1,-1,-1
234,1,539,528,50,50,1,-1,-1,-1
234,2,317,967,50,50,1,-1,-1,-1
234,3,419,537,50,50,1,-1,-1,-1
234,4,475,711,50,50,1,-1,-1,-1
234,5,529,1196,50,50,1,-1,-1,-1
235,1,544,554,50,50,1,-1,-1,-1
235,2,308,1029,50,50,1,-1,-1,-1
235,3,411,527,50,50,1,-1,-1,-1
235,4,482,664,50,50,1,-1,-1,-1
235,5,521,1176,50,50,1,-1,-1,-1
236,1,549,585,50,50,1,-1,-1,-1
236,2,316,1066,50,50,1,-1,-1,-1
236,3,402,524,50,50,1,-1,-1,-1
236,4,490,623,50,50,1,-1,-1,-1
236,5,515,1132,50,50,1,-1,-1,-1
237,1,554,621,50,50,1,-1,-1,-1
237,2,332,1104,50,50,1,-1,-1,-1
237,3,393,526,50,50,1,-1,-1,-1
237,4,497,586,50,50,1,-1,-1,-1
237,5,510,1061,50,50,1,-1,-1,-1
238,1,560,663,50,50,1,-1,-1,-1
238,2,352,1151,50,50,1,-1,-1,-1
238,3,384,535,50,50,1,-1,-1,-1
238,4,505,556,50,50,1,-1,-1,-1
238,5,504,987,50,50,1,-1,-1,-1
239,1,565,711,50,50,1,-1,-1,-1
239,2,370,1190,50,50,1,-1,-1,-1
239,3,375,549,50,50,1,-1,-1,-1
239,4,512,532,50,50,1,-1,-1,-1
239,5,501,922,50,50,1,-1,-1,-1
240,1,571,764,50,50,1,-1,-1,-1
240,2,389,1214,50,50,1,-1,-1,-1
240,3,366,568,50,50,1,-1,-1,-1
240,4,520,513,50,50,1,-1,-1,-1
240,5,494,854,50,50,1,-1,-1,-1
241,1,576,821,50,50,1,-1,-1,-1
241,2,405,1208,50,50,1,-1,-1,-1
241,3,358,594,50,50,1,-1,-1,-1
241,4,528,500,50,50,1,-1,-1,-1
241,5,488,788,50,50,1,-1,-1,-1
242,1,581,885,50,50,1,-1,-1,-1
242,2,416,1175,50,50,1,-1,-1,-1
242,3,348,626,50,50,1,-1,-1,-1
242,4,535,492,50,50,1,-1,-1,-1
242,5,482,736,50,50,1,-1,-1,-1
243,1,585,947,50,50,1,-1,-1,-1
243,2,423,1113,50,50,1,-1,-1,-1
243,3,341,662,50,50,1,-1,-1,-1
243,4,542,490,50,50,1,-1,-1,-1
243,5,475,686,50,50,1,-1,-1,-1
244,1,589,986,50,50,1,-1,-1,-1
244,2,429,1035,50,50,1,-1,-1,-1
244,3,332,705,50,50,1,-1,-1,-1
244,4,550,493,50,50,1,-1,-1,-1
244,5,469,641,50,50,1,-1,-1,-1
245,1,584,1024,50,50,1,-1,-1,-1
245,2,435,966,50,50,1,-1,-1,-1
245,3,323,754,50,50,1,-1,-1,-1
245,4,557,502,50,50,1,-1,-1,-1
245,5,463,602,50,50,1,-1,-1,-1
246,1,579,1077,50,50,1,-1,-1,-1
246,2,439,897,50,50,1,-1,-1,-1
246,3,314,808,50,50,1,-1,-1,-1
246,4,564,516,50,50,1,-1,-1,-1
246,5,457,569,50,50,1,-1,-1,-1
247,1,567,1135,50,50,1,-1,-1,-1
247,2,448,832,50,50,1,-1,-1,-1
247,3,306,867,50,50,1,-1,-1,-1
247,4,572,536,50,50,1,-1,-1,-1
247,5,451,541,50,50,1,-1,-1,-1
248,1,553,1168,50,50,1,-1,-1,-1
248,2,457,772,50,50,1,-1,-1,-1
248,3,297,933,50,50,1,-1,-1,-1
248,4,579,561,50,50,1,-1,-1,-1
248,5,445,519,50,50,1,-1,-1,-1
249,1,545,1167,50,50,1,-1,-1,-1
249,2,464,719,50,50,1,-1,-1,-1
249,3,291,997,50,50,1,-1,-1,-1
249,4,586,592,50,50,1,-1,-1,-1
249,5,439,504,50,50,1,-1,-1,-1
250,1,539,1135,50,50,1,-1,-1,-1
250,2,472,671,50,50,1,-1,-1,-1
250,3,290,1042,50,50,1,-1,-1,-1
250,4,593,628,50,50,1,-1,-1,-1
250,5,432,493,50,50,1,-1,-1,-1
251,1,534,1080,50,50,1,-1,-1,-1
251,2,480,627,50,50,1,-1,-1,-1
251,3,298,1073,50,50,1,-1,-1,-1
251,4,601,670,50,50,1,-1,-1,-1
251,5,426,489,50,50,1,-1,-1,-1
252,1,530,1009,50,50,1,-1,-1,-1
252,2,487,590,50,50,1,-1,-1,-1
252,3,315,1109,50,50,1,-1,-1,-1
252,4,607,717,50,50,1,-1,-1,-1
252,5,420,490,50,50,1,-1,-1,-1
253,1,525,941,50,50,1,-1,-1,-1
253,2,494,558,50,50,1,-1,-1,-1
253,3,336,1148,50,50,1,-1,-1,-1
253,4,614,769,50,50,1,-1,-1,-1
253,5,414,497,50,50,1,-1,-1,-1
254,1,521,876,50,50,1,-1,-1,-1
254,2,502,532,50,50,1,-1,-1,-1
254,3,358,1185,50,50,1,-1,-1,-1
254,4,621,826,50,50,1,-1,-1,-1
254,5,408,510,50,50,1,-1,-1,-1
255,1,513,813,50,50,1,-1,-1,-1
255,2,509,512,50,50,1,-1,-1,-1
255,3,381,1212,50,50,1,-1,-1,-1
255,4,628,888,50,50,1,-1,-1,-1
255,5,402,528,50,50,1,-1,-1,-1
256,1,505,757,50,50,1,-1,-1,-1
256,2,517,497,50,50,1,-1,-1,-1
256,3,399,1220,50,50,1,-1,-1,-1
256,4,637,944,50,50,1,-1,-1,-1
256,5,396,553,50,50,1,-1,-1,-1
257,1,499,707,50,50,1,-1,-1,-1
257,2,525,487,50,50,1,-1,-1,-1
257,3,415,1204,50,50,1,-1,-1,-1
257,4,652,985,50,50,1,-1,-1,-1
257,5,390,583,50,50,1,-1,-1,-1
258,1,493,661,50,50,1,-1,-1,-1
258,2,532,484,50,50,1,-1,-1,-1
258,3,428,1162,50,50,1,-1,-1,-1
258,4,651,1012,50,50,1,-1,-1,-1
258,5,384,619,50,50,1,-1,-1,-1
259,1,486,621,50,50,1,-1,-1,-1
259,2,540,486,50,50,1,-1,-1,-1
259,3,438,1092,50,50,1,-1,-1,-1
259,4,641,1052,50,50,1,-1,-1,-1
259,5,378,660,50,50,1,-1,-1,-1
260,1,479,587,50,50,1,-1,-1,-1
260,2,547,494,50,50,1,-1,-1,-1
260,3,445,1017,50,50,1,-1,-1,-1
260,4,624,1098,50,50,1,-1,-1,-1
260,5,373,707,50,50,1,-1,-1,-1
261,1,472,558,50,50,1,-1,-1,-1
261,2,555,508,50,50,1,-1,-1,-1
261,3,452,949,50,50,1,-1,-1,-1
261,4,600,1147,50,50,1,-1,-1,-1
261,5,367,760,50,50,1,-1,-1,-1
262,1,466,535,50,50,1,-1,-1,-1
262,2,563,527,50,50,1,-1,-1,-1
262,3,460,880,50,50,1,-1,-1,-1
262,4,572,1181,50,50,1,-1,-1,-1
262,5,361,819,50,50,1,-1,-1,-1
263,1,459,518,50,50,1,-1,-1,-1
263,2,570,552,50,50,1,-1,-1,-1
263,3,469,818,50,50,1,-1,-1,-1
263,4,554,1191,50,50,1,-1,-1,-1
263,5,355,882,50,50,1,-1,-1,-1
264,1,453,507,50,50,1,-1,-1,-1
264,2,578,583,50,50,1,-1,-1,-1
264,3,477,760,50,50,1,-1,-1,-1
264,4,543,1176,50,50,1,-1,-1,-1
264,5,350,949,50,50,1,-1,-1,-1
265,1,446,501,50,50,1,-1,-1,-1
265,2,585,620,50,50,1,-1,-1,-1
265,3,486,708,50,50,1,-1,-1,-1
265,4,539,1135,50,50,1,-1,-1,-1
265,5,344,1001,50,50,1,-1,-1,-1
266,1,439,501,50,50,1,-1,-1,-1
266,2,593,662,50,50,1,-1,-1,-1
266,3,494,661,50,50,1,-1,-1,-1
266,4,535,1067,50,50,1,-1,-1,-1
266,5,343,1036,50,50,1,-1,-1,-1
267,1,431,507,50,50,1,-1,-1,-1
267,2,600,711,50,50,1,-1,-1,-1
267,3,502,621,50,50,1,-1,-1,-1
267,4,531,994,50,50,1,-1,-1,-1
267,5,350,1079,50,50,1,-1,-1,-1
268,1,425,519,50,50,1,-1,-1,-1
268,2,608,764,50,50,1,-1,-1,-1
268,3,510,586,50,50,1,-1,-1,-1
268,4,527,927,50,50,1,-1,-1,-1
268,5,361,1134,50,50,1,-1,-1,-1
269,1,418,537,50,50,1,-1,-1,-1
269,2,615,822,50,50,1,-1,-1,-1
269,3,519,556,50,50,1,-1,-1,-1
269,4,524,864,50,50,1,-1,-1,-1
269,5,381,1183,50,50,1,-1,-1,-1
270,1,411,561,50,50,1,-1,-1,-1
270,2,622,887,50,50,1,-1,-1,-1
270,3,528,533,50,50,1,-1,-1,-1
270,4,517,801,50,50,1,-1,-1,-1
270,5,401,1204,50,50,1,-1,-1,-1
271,1,405,591,50,50,1,-1,-1,-1
271,2,629,955,50,50,1,-1,-1,-1
271,3,536,515,50,50,1,-1,-1,-1
271,4,509,749,50,50,1,-1,-1,-1
271,5,414,1193,50,50,1,-1,-1,-1
272,1,398,627,50,50,1,-1,-1,-1
272,2,638,1009,50,50,1,-1,-1,-1
272,3,544,503,50,50,1,-1,-1,-1
272,4,503,700,50,50,1,-1,-1,-1
272,5,428,1149,50,50,1,-1,-1,-1
273,1,391,669,50,50,1,-1,-1,-1
273,2,637,1045,50,50,1,-1,-1,-1
273,3,552,496,50,50,1,-1,-1,-1
273,4,498,658,50,50,1,-1,-1,-1
273,5,440,1079,50,50,1,-1,-1,-1
274,1,384,717,50,50,1,-1,-1,-1
274,2,620,1086,50,50,1,-1,-1,-1
274,3,561,495,50,50,1,-1,-1,-1
274,4,492,621,50,50,1,-1,-1,-1
274,5,448,1001,50,50,1,-1,-1,-1
275,1,377,771,50,50,1,-1,-1,-1
275,2,600,1129,50,50,1,-1,-1,-1
275,3,569,500,50,50,1,-1,-1,-1
275,4,486,589,50,50,1,-1,-1,-1
275,5,453,937,50,50,1,-1,-1,-1
276,1,371,831,50,50,1,-1,-1,-1
276,2,580,1169,50,50,1,-1,-1,-1
276,3,578,510,50,50,1,-1,-1,-1
276,4,480,564,50,50,1,-1,-1,-1
276,5,461,866,50,50,1,-1,-1,-1
277,1,364,896,50,50,1,-1,-1,-1
277,2,565,1195,50,50,1,-1,-1,-1
277,3,585,526,50,50,1,-1,-1,-1
277,4,474,544,50,50,1,-1,-1,-1
277,5,469,799,50,50,1,-1,-1,-1
278,1,357,967,50,50,1,-1,-1,-1
278,2,557,1195,50,50,1,-1,-1,-1
278,3,593,547,50,50,1,-1,-1,-1
278,4,468,530,50,50,1,-1,-1,-1
278,5,477,745,50,50,1,-1,-1,-1
279,1,353,1028,50,50,1,-1,-1,-1
279,2,554,1166,50,50,1,-1,-1,-1
279,3,602,574,50,50,1,-1,-1,-1
279,4,462,522,50,50,1,-1,-1,-1
279,5,485,695,50,50,1,-1,-1,-1
280,1,359,1050,50,50,1,-1,-1,-1
280,2,552,1111,50,50,1,-1,-1,-1
280,3,610,607,50,50,1,-1,-1,-1
280,4,456,519,50,50,1,-1,-1,-1
280,5,493,649,50,50,1,-1,-1,-1
281,1,370,1083,50,50,1,-1,-1,-1
281,2,549,1036,50,50,1,-1,-1,-1
281,3,618,646,50,50,1,-1,-1,-1
281,4,450,522,50,50,1,-1,-1,-1
281,5,500,609,50,50,1,-1,-1,-1
282,1,385,1120,50,50,1,-1,-1,-1
282,2,544,964,50,50,1,-1,-1,-1
282,3,626,690,50,50,1,-1,-1,-1
282,4,444,531,50,50,1,-1,-1,-1
282,5,508,575,50,50,1,-1,-1,-1
283,1,398,1163,50,50,1,-1,-1,-1
283,2,540,895,50,50,1,-1,-1,-1
283,3,634,738,50,50,1,-1,-1,-1
283,4,438,546,50,50,1,-1,-1,-1
283,5,516,547,50,50,1,-1,-1,-1
284,1,410,1198,50,50,1,-1,-1,-1
284,2,536,831,50,50,1,-1,-1,-1
284,3,642,793,50,50,1,-1,-1,-1
284,4,432,566,50,50,1,-1,-1,-1
284,5,523,524,50,50,1,-1,-1,-1
285,1,423,1217,50,50,1,-1,-1,-1
285,2,529,773,50,50,1,-1,-1,-1
285,3,650,852,50,50,1,-1,-1,-1
285,4,426,592,50,50,1,-1,-1,-1
285,5,531,507,50,50,1,-1,-1,-1
286,1,432,1206,50,50,1,-1,-1,-1
286,2,524,720,50,50,1,-1,-1,-1
286,3,657,915,50,50,1,-1,-1,-1
286,4,421,624,50,50,1,-1,-1,-1
286,5,538,496,50,50,1,-1,-1,-1
287,1,442,1167,50,50,1,-1,-1,-1
287,2,518,672,50,50,1,-1,-1,-1
287,3,661,978,50,50,1,-1,-1,-1
287,4,415,662,50,50,1,-1,-1,-1
287,5,546,491,50,50,1,-1,-1,-1
288,1,450,1096,50,50,1,-1,-1,-1
288,2,513,631,50,50,1,-1,-1,-1
288,3,652,1010,50,50,1,-1,-1,-1
288,4,409,705,50,50,1,-1,-1,-1
288,5,554,491,50,50,1,-1,-1,-1
289,1,457,1020,50,50,1,-1,-1,-1
289,2,507,594,50,50,1,-1,-1,-1
289,3,636,1047,50,50,1,-1,-1,-1
289,4,404,753,50,50,1,-1,-1,-1
289,5,562,497,50,50,1,-1,-1,-1
290,1,464,951,50,50,1,-1,-1,-1
290,2,501,564,50,50,1,-1,-1,-1
290,3,610,1099,50,50,1,-1,-1,-1
290,4,398,808,50,50,1,-1,-1,-1
290,5,569,509,50,50,1,-1,-1,-1
291,1,472,880,50,50,1,-1,-1,-1
291,2,496,540,50,50,1,-1,-1,-1
291,3,581,1156,50,50,1,-1,-1,-1
291,4,392,867,50,50,1,-1,-1,-1
291,5,577,526,50,50,1,-1,-1,-1
292,1,482,815,50,50,1,-1,-1,-1
292,2,490,521,50,50,1,-1,-1,-1
292,3,561,1190,50,50,1,-1,-1,-1
292,4,387,932,50,50,1,-1,-1,-1
292,5,584,549,50,50,1,-1,-1,-1
293,1,490,756,50,50,1,-1,-1,-1
293,2,484,508,50,50,1,-1,-1,-1
293,3,546,1192,50,50,1,-1,-1,-1
293,4,382,994,50,50,1,-1,-1,-1
293,5,591,579,50,50,1,-1,-1,-1
294,1,499,704,50,50,1,-1,-1,-1
294,2,479,501,50,50,1,-1,-1,-1
294,3,539,1162,50,50,1,-1,-1,-1
294,4,376,1042,50,50,1,-1,-1,-1
294,5,599,613,50,50,1,-1,-1,-1
295,1,507,655,50,50,1,-1,-1,-1
295,2,473,499,50,50,1,-1,-1,-1
295,3,535,1108,50,50,1,-1,-1,-1
295,4,374,1085,50,50,1,-1,-1,-1
295,5,607,653,50,50,1,-1,-1,-1
296,1,516,613,50,50,1,-1,-1,-1
296,2,467,504,50,50,1,-1,-1,-1
296,3,532,1032,50,50,1,-1,-1,-1
296,4,381,1127,50,50,1,-1,-1,-1
296,5,614,699,50,50,1,-1,-1,-1
297,1,525,577,50,50,1,-1,-1,-1
297,2,462,514,50,50,1,-1,-1,-1
297,3,529,962,50,50,1,-1,-1,-1
297,4,393,1167,50,50,1,-1,-1,-1
297,5,621,750,50,50,1,-1,-1,-1
298,1,534,546,50,50,1,-1,-1,-1
298,2,456,529,50,50,1,-1,-1,-1
298,3,525,894,50,50,1,-1,-1,-1
298,4,406,1201,50,50,1,-1,-1,-1
298,5,628,807,50,50,1,-1,-1,-1
299,1,542,521,50,50,1,-1,-1,-1
299,2,451,551,50,50,1,-1,-1,-1
299,3,520,828,50,50,1,-1,-1,-1
299,4,420,1218,50,50,1,-1,-1,-1
299,5,635,868,50,50,1,-1,-1,-1
300,1,550,502,50,50,1,-1,-1,-1
300,2,446,578,50,50,1,-1,-1,-1
300,3,513,771,50,50,1,-1,-1,-1
300,4,433,1214,50,50,1,-1,-1,-1
300,5,642,934,50,50,1,-1,-1,-1
301,1,560,488,50,50,1,-1,-1,-1
301,2,440,611,50,50,1,-1,-1,-1
301,3,507,719,50,50,1,-1,-1,-1
301,4,444,1185,50,50,1,-1,-1,-1
301,5,649,990,50,50,1,-1,-1,-1
302,1,568,481,50,50,1,-1,-1,-1
302,2,435,650,50,50,1,-1,-1,-1
302,3,502,671,50,50,1,-1,-1,-1
302,4,455,1129,50,50,1,-1,-1,-1
302,5,652,1023,50,50,1,-1,-1,-1
303,1,576,479,50,50,1,-1,-1,-1
303,2,429,694,50,50,1,-1,-1,-1
303,3,497,629,50,50,1,-1,-1,-1
303,4,462,1054,50,50,1,-1,-1,-1
303,5,638,1062,50,50,1,-1,-1,-1
304,1,584,482,50,50,1,-1,-1,-1
304,2,424,744,50,50,1,-1,-1,-1
304,3,491,593,50,50,1,-1,-1,-1
304,4,469,982,50,50,1,-1,-1,-1
304,5,622,1112,50,50,1,-1,-1,-1
305,1,593,491,50,50,1,-1,-1,-1
305,2,419,799,50,50,1,-1,-1,-1
305,3,486,563,50,50,1,-1,-1,-1
305,4,476,919,50,50,1,-1,-1,-1
305,5,601,1164,50,50,1,-1,-1,-1
306,1,602,507,50,50,1,-1,-1,-1
306,2,414,859,50,50,1,-1,-1,-1
306,3,481,539,50,50,1,-1,-1,-1
306,4,486,851,50,50,1,-1,-1,-1
306,5,583,1195,50,50,1,-1,-1,-1
307,1,610,527,50,50,1,-1,-1,-1
307,2,408,925,50,50,1,-1,-1,-1
307,3,475,520,50,50,1,-1,-1,-1
307,4,495,788,50,50,1,-1,-1,-1
307,5,576,1196,50,50,1,-1,-1,-1
308,1,618,553,50,50,1,-1,-1,-1
308,2,404,988,50,50,1,-1,-1,-1
308,3,469,507,50,50,1,-1,-1,-1
308,4,503,737,50,50,1,-1,-1,-1
308,5,573,1170,50,50,1,-1,-1,-1
309,1,627,585,50,50,1,-1,-1,-1
309,2,398,1032,50,50,1,-1,-1,-1
309,3,464,500,50,50,1,-1,-1,-1
309,4,511,689,50,50,1,-1,-1,-1
309,5,572,1116,50,50,1,-1,-1,-1
310,1,635,622,50,50,1,-1,-1,-1
310,2,396,1073,50,50,1,-1,-1,-1
310,3,458,499,50,50,1,-1,-1,-1
310,4,519,646,50,50,1,-1,-1,-1
310,5,569,1041,50,50,1,-1,-1,-1
311,1,643,665,50,50,1,-1,-1,-1
311,2,402,1121,50,50,1,-1,-1,-1
311,3,453,504,50,50,1,-1,-1,-1
311,4,527,609,50,50,1,-1,-1,-1
311,5,559,964,50,50,1,-1,-1,-1
312,1,651,714,50,50,1,-1,-1,-1
312,2,412,1171,50,50,1,-1,-1,-1
312,3,448,514,50,50,1,-1,-1,-1
312,4,535,578,50,50,1,-1,-1,-1
312,5,552,894,50,50,1,-1,-1,-1
313,1,659,766,50,50,1,-1,-1,-1
313,2,426,1205,50,50,1,-1,-1,-1
313,3,443,530,50,50,1,-1,-1,-1
313,4,544,553,50,50,1,-1,-1,-1
313,5,544,827,50,50,1,-1,-1,-1
314,1,667,825,50,50,1,-1,-1,-1
314,2,438,1212,50,50,1,-1,-1,-1
314,3,437,553,50,50,1,-1,-1,-1
314,4,552,533,50,50,1,-1,-1,-1
314,5,536,765,50,50,1,-1,-1,-1
315,1,674,890,50,50,1,-1,-1,-1
315,2,449,1191,50,50,1,-1,-1,-1
315,3,431,581,50,50,1,-1,-1,-1
315,4,560,519,50,50,1,-1,-1,-1
315,5,527,709,50,50,1,-1,-1,-1
316,1,682,954,50,50,1,-1,-1,-1
316,2,461,1142,50,50,1,-1,-1,-1
316,3,426,615,50,50,1,-1,-1,-1
316,4,569,511,50,50,1,-1,-1,-1
316,5,518,659,50,50,1,-1,-1,-1
317,1,683,996,50,50,1,-1,-1,-1
317,2,472,1072,50,50,1,-1,-1,-1
317,3,420,654,50,50,1,-1,-1,-1
317,4,577,508,50,50,1,-1,-1,-1
317,5,509,614,50,50,1,-1,-1,-1
318,1,668,1028,50,50,1,-1,-1,-1
318,2,482,997,50,50,1,-1,-1,-1
318,3,416,701,50,50,1,-1,-1,-1
318,4,584,511,50,50,1,-1,-1,-1
318,5,501,575,50,50,1,-1,-1,-1
319,1,647,1072,50,50,1,-1,-1,-1
319,2,489,935,50,50,1,-1,-1,-1
319,3,410,752,50,50,1,-1,-1,-1
319,4,592,519,50,50,1,-1,-1,-1
319,5,493,542,50,50,1,-1,-1,-1
320,1,618,1126,50,50,1,-1,-1,-1
320,2,498,865,50,50,1,-1,-1,-1
320,3,405,809,50,50,1,-1,-1,-1
320,4,601,533,50,50,1,-1,-1,-1
320,5,484,514,50,50,1,-1,-1,-1
321,1,594,1164,50,50,1,-1,-1,-1
321,2,509,801,50,50,1,-1,-1,-1
321,3,400,872,50,50,1,-1,-1,-1
321,4,609,552,50,50,1,-1,-1,-1
321,5,475,492,50,50,1,-1,-1,-1
322,1,579,1178,50,50,1,-1,-1,-1
322,2,517,748,50,50,1,-1,-1,-1
322,3,394,941,50,50,1,-1,-1,-1
322,4,617,577,50,50,1,-1,-1,-1
322,5,467,476,50,50,1,-1,-1,-1
323,1,570,1160,50,50,1,-1,-1,-1
323,2,526,699,50,50,1,-1,-1,-1
323,3,390,1005,50,50,1,-1,-1,-1
323,4,625,608,50,50,1,-1,-1,-1
323,5,458,466,50,50,1,-1,-1,-1
324,1,564,1110,50,50,1,-1,-1,-1
324,2,535,656,50,50,1,-1,-1,-1
324,3,386,1057,50,50,1,-1,-1,-1
324,4,632,643,50,50,1,-1,-1,-1
324,5,449,461,50,50,1,-1,-1,-1
325,1,558,1037,50,50,1,-1,-1,-1
325,2,544,618,50,50,1,-1,-1,-1
325,3,393,1094,50,50,1,-1,-1,-1
325,4,640,684,50,50,1,-1,-1,-1
325,5,441,463,50,50,1,-1,-1,-1
326,1,552,966,50,50,1,-1,-1,-1
326,2,553,586,50,50,1,-1,-1,-1
326,3,401,1142,50,50,1,-1,-1,-1
326,4,648,730,50,50,1,-1,-1,-1
326,5,432,470,50,50,1,-1,-1,-1
327,1,546,899,50,50,1,-1,-1,-1
327,2,562,559,50,50,1,-1,-1,-1
327,3,409,1187,50,50,1,-1,-1,-1
327,4,655,781,50,50,1,-1,-1,-1
327,5,423,483,50,50,1,-1,-1,-1
328,1,540,835,50,50,1,-1,-1,-1
328,2,570,538,50,50,1,-1,-1,-1
328,3,420,1214,50,50,1,-1,-1,-1
328,4,663,838,50,50,1,-1,-1,-1
328,5,415,502,50,50,1,-1,-1,-1
329,1,532,776,50,50,1,-1,-1,-1
329,2,579,523,50,50,1,-1,-1,-1
329,3,431,1216,50,50,1,-1,-1,-1
329,4,670,898,50,50,1,-1,-1,-1
329,5,406,527,50,50,1,-1,-1,-1
330,1,525,724,50,50,1,-1,-1,-1
330,2,588,514,50,50,1,-1,-1,-1
330,3,440,1194,50,50,1,-1,-1,-1
330,4,678,960,50,50,1,-1,-1,-1
330,5,397,557,50,50,1,-1,-1,-1
331,1,518,676,50,50,1,-1,-1,-1
331,2,597,510,50,50,1,-1,-1,-1
331,3,449,1145,50,50,1,-1,-1,-1
331,4,681,1000,50,50,1,-1,-1,-1
331,5,389,593,50,50,1,-1,-1,-1
332,1,510,634,50,50,1,-1,-1,-1
332,2,606,512,50,50,1,-1,-1,-1
332,3,457,1073,50,50,1,-1,-1,-1
332,4,672,1032,50,50,1,-1,-1,-1
332,5,380,635,50,50,1,-1,-1,-1
333,1,503,598,50,50,1,-1,-1,-1
333,2,614,519,50,50,1,-1,-1,-1
333,3,462,995,50,50,1,-1,-1,-1
333,4,658,1080,50,50,1,-1,-1,-1
333,5,372,682,50,50,1,-1,-1,-1
334,1,496,567,50,50,1,-1,-1,-1
334,2,623,532,50,50,1,-1,-1,-1
334,3,467,929,50,50,1,-1,-1,-1
334,4,639,1128,50,50,1,-1,-1,-1
334,5,364,736,50,50,1,-1,-1,-1
335,1,489,542,50,50,1,-1,-1,-1
335,2,632,551,50,50,1,-1,-1,-1
335,3,476,855,50,50,1,-1,-1,-1
335,4,617,1165,50,50,1,-1,-1,-1
335,5,356,794,50,50,1,-1,-1,-1
336,1,481,523,50,50,1,-1,-1,-1
336,2,640,574,50,50,1,-1,-1,-1
336,3,483,788,50,50,1,-1,-1,-1
336,4,604,1170,50,50,1,-1,-1,-1
336,5,347,858,50,50,1,-1,-1,-1
337,1,474,510,50,50,1,-1,-1,-1
337,2,649,604,50,50,1,-1,-1,-1
337,3,490,733,50,50,1,-1,-1,-1
337,4,595,1142,50,50,1,-1,-1,-1
337,5,339,927,50,50,1,-1,-1,-1
338,1,467,503,50,50,1,-1,-1,-1
338,2,657,639,50,50,1,-1,-1,-1
338,3,497,681,50,50,1,-1,-1,-1
338,4,588,1085,50,50,1,-1,-1,-1
338,5,331,991,50,50,1,-1,-1,-1
339,1,460,500,50,50,1,-1,-1,-1
339,2,666,679,50,50,1,-1,-1,-1
339,3,504,634,50,50,1,-1,-1,-1
339,4,579,1017,50,50,1,-1,-1,-1
339,5,327,1039,50,50,1,-1,-1,-1
340,1,452,505,50,50,1,-1,-1,-1
340,2,674,724,50,50,1,-1,-1,-1
340,3,511,593,50,50,1,-1,-1,-1
340,4,570,952,50,50,1,-1,-1,-1
340,5,333,1084,50,50,1,-1,-1,-1
341,1,445,514,50,50,1,-1,-1,-1
341,2,682,774,50,50,1,-1,-1,-1
341,3,518,558,50,50,1,-1,-1,-1
341,4,561,887,50,50,1,-1,-1,-1
341,5,345,1134,50,50,1,-1,-1,-1
342,1,438,529,50,50,1,-1,-1,-1
342,2,691,831,50,50,1,-1,-1,-1
342,3,525,528,50,50,1,-1,-1,-1
342,4,550,829,50,50,1,-1,-1,-1
342,5,366,1179,50,50,1,-1,-1,-1
343,1,430,550,50,50,1,-1,-1,-1
343,2,698,891,50,50,1,-1,-1,-1
343,3,532,504,50,50,1,-1,-1,-1
343,4,540,775,50,50,1,-1,-1,-1
343,5,388,1209,50,50,1,-1,-1,-1
344,1,423,577,50,50,1,-1,-1,-1
344,2,706,955,50,50,1,-1,-1,-1
344,3,539,485,50,50,1,-1,-1,-1
344,4,530,727,50,50,1,-1,-1,-1
344,5,408,1214,50,50,1,-1,-1,-1
345,1,416,608,50,50,1,-1,-1,-1
345,2,712,1000,50,50,1,-1,-1,-1
345,3,546,473,50,50,1,-1,-1,-1
345,4,519,684,50,50,1,-1,-1,-1
345,5,424,1195,50,50,1,-1,-1,-1
346,1,409,647,50,50,1,-1,-1,-1
346,2,705,1032,50,50,1,-1,-1,-1
346,3,553,466,50,50,1,-1,-1,-1
346,4,509,647,50,50,1,-1,-1,-1
346,5,438,1146,50,50,1,-1,-1,-1
347,1,402,690,50,50,1,-1,-1,-1
347,2,685,1069,50,50,1,-1,-1,-1
347,3,560,465,50,50,1,-1,-1,-1
347,4,498,616,50,50,1,-1,-1,-1
347,5,447,1074,50,50,1,-1,-1,-1
348,1,395,739,50,50,1,-1,-1,-1
348,2,659,1115,50,50,1,-1,-1,-1
348,3,567,469,50,50,1,-1,-1,-1
348,4,488,590,50,50,1,-1,-1,-1
348,5,455,998,50,50,1,-1,-1,-1
349,1,388,793,50,50,1,-1,-1,-1
349,2,626,1161,50,50,1,-1,-1,-1
349,3,573,479,50,50,1,-1,-1,-1
349,4,477,570,50,50,1,-1,-1,-1
349,5,460,933,50,50,1,-1,-1,-1
350,1,382,852,50,50,1,-1,-1,-1
350,2,597,1191,50,50,1,-1,-1,-1
350,3,581,493,50,50,1,-1,-1,-1
350,4,467,556,50,50,1,-1,-1,-1
350,5,469,866,50,50,1,-1,-1,-1
351,1,375,915,50,50,1,-1,-1,-1
351,2,580,1193,50,50,1,-1,-1,-1
351,3,587,514,50,50,1,-1,-1,-1
351,4,456,548,50,50,1,-1,-1,-1
351,5,477,800,50,50,1,-1,-1,-1
352,1,369,980,50,50,1,-1,-1,-1
352,2,569,1167,50,50,1,-1,-1,-1
352,3,594,540,50,50,1,-1,-1,-1
352,4,446,545,50,50,1,-1,-1,-1
352,5,484,748,50,50,1,-1,-1,-1
353,1,363,1032,50,50,1,-1,-1,-1
353,2,563,1115,50,50,1,-1,-1,-1
353,3,601,572,50,50,1,-1,-1,-1
353,4,436,548,50,50,1,-1,-1,-1
353,5,492,698,50,50,1,-1,-1,-1
354,1,363,1077,50,50,1,-1,-1,-1
354,2,554,1042,50,50,1,-1,-1,-1
354,3,607,609,50,50,1,-1,-1,-1
354,4,425,556,50,50,1,-1,-1,-1
354,5,500,654,50,50,1,-1,-1,-1
355,1,371,1129,50,50,1,-1,-1,-1
355,2,546,971,50,50,1,-1,-1,-1
355,3,614,651,50,50,1,-1,-1,-1
355,4,415,571,50,50,1,-1,-1,-1
355,5,507,615,50,50,1,-1,-1,-1
356,1,385,1180,50,50,1,-1,-1,-1
356,2,538,903,50,50,1,-1,-1,-1
356,3,620,698,50,50,1,-1,-1,-1
356,4,404,590,50,50,1,-1,-1,-1
356,5,514,582,50,50,1,-1,-1,-1
357,1,401,1208,50,50,1,-1,-1,-1
357,2,531,839,50,50,1,-1,-1,-1
357,3,626,751,50,50,1,-1,-1,-1
357,4,394,616,50,50,1,-1,-1,-1
357,5,522,556,50,50,1,-1,-1,-1
358,1,411,1207,50,50,1,-1,-1,-1
358,2,520,780,50,50,1,-1,-1,-1
358,3,633,809,50,50,1,-1,-1,-1
358,4,383,648,50,50,1,-1,-1,-1
358,5,530,533,50,50,1,-1,-1,-1
359,1,423,1176,50,50,1,-1,-1,-1
359,2,510,728,50,50,1,-1,-1,-1
359,3,639,871,50,50,1,-1,-1,-1
359,4,373,684,50,50,1,-1,-1,-1
359,5,537,518,50,50,1,-1,-1,-1
360,1,434,1111,50,50,1,-1,-1,-1
360,2,501,680,50,50,1,-1,-1,-1
360,3,644,930,50,50,1,-1,-1,-1
360,4,363,727,50,50,1,-1,-1,-1
360,5,544,507,50,50,1,-1,-1,-1
361,1,442,1035,50,50,1,-1,-1,-1
361,2,491,638,50,50,1,-1,-1,-1
361,3,642,964,50,50,1,-1,-1,-1
361,4,353,775,50,50,1,-1,-1,-1
361,5,552,503,50,50,1,-1,-1,-1
362,1,449,965,50,50,1,-1,-1,-1
362,2,482,601,50,50,1,-1,-1,-1
362,3,633,1000,50,50,1,-1,-1,-1
362,4,343,827,50,50,1,-1,-1,-1
362,5,560,504,50,50,1,-1,-1,-1
363,1,455,898,50,50,1,-1,-1,-1
363,2,472,570,50,50,1,-1,-1,-1
363,3,618,1054,50,50,1,-1,-1,-1
363,4,333,887,50,50,1,-1,-1,-1
363,5,568,510,50,50,1,-1,-1,-1
364,1,464,836,50,50,1,-1,-1,-1
364,2,463,545,50,50,1,-1,-1,-1
364,3,594,1122,50,50,1,-1,-1,-1
364,4,323,950,50,50,1,-1,-1,-1
364,5,574,522,50,50,1,-1,-1,-1
365,1,474,776,50,50,1,-1,-1,-1
365,2,454,526,50,50,1,-1,-1,-1
365,3,567,1168,50,50,1,-1,-1,-1
365,4,313,1017,50,50,1,-1,-1,-1
365,5,582,540,50,50,1,-1,-1,-1
366,1,482,726,50,50,1,-1,-1,-1
366,2,444,513,50,50,1,-1,-1,-1
366,3,554,1179,50,50,1,-1,-1,-1
366,4,304,1073,50,50,1,-1,-1,-1
366,5,590,563,50,50,1,-1,-1,-1
367,1,490,680,50,50,1,-1,-1,-1
367,2,435,505,50,50,1,-1,-1,-1
367,3,545,1154,50,50,1,-1,-1,-1
367,4,306,1108,50,50,1,-1,-1,-1
367,5,597,592,50,50,1,-1,-1,-1
368,1,499,639,50,50,1,-1,-1,-1
368,2,425,503,50,50,1,-1,-1,-1
368,3,541,1099,50,50,1,-1,-1,-1
368,4,315,1148,50,50,1,-1,-1,-1
368,5,604,627,50,50,1,-1,-1,-1
369,1,506,603,50,50,1,-1,-1,-1
369,2,416,507,50,50,1,-1,-1,-1
369,3,534,1027,50,50,1,-1,-1,-1
369,4,328,1188,50,50,1,-1,-1,-1
369,5,612,667,50,50,1,-1,-1,-1
370,1,515,573,50,50,1,-1,-1,-1
370,2,407,516,50,50,1,-1,-1,-1
370,3,529,956,50,50,1,-1,-1,-1
370,4,348,1217,50,50,1,-1,-1,-1
370,5,619,712,50,50,1,-1,-1,-1
371,1,523,549,50,50,1,-1,-1,-1
371,2,397,531,50,50,1,-1,-1,-1
371,3,524,889,50,50,1,-1,-1,-1
371,4,368,1230,50,50,1,-1,-1,-1
371,5,626,762,50,50,1,-1,-1,-1
372,1,532,530,50,50,1,-1,-1,-1
372,2,387,552,50,50,1,-1,-1,-1
372,3,517,824,50,50,1,-1,-1,-1
372,4,383,1226,50,50,1,-1,-1,-1
372,5,633,819,50,50,1,-1,-1,-1
373,1,540,517,50,50,1,-1,-1,-1
373,2,378,579,50,50,1,-1,-1,-1
373,3,508,769,50,50,1,-1,-1,-1
373,4,396,1198,50,50,1,-1,-1,-1
373,5,640,879,50,50,1,-1,-1,-1
374,1,548,510,50,50,1,-1,-1,-1
374,2,369,611,50,50,1,-1,-1,-1
374,3,501,717,50,50,1,-1,-1,-1
374,4,409,1144,50,50,1,-1,-1,-1
374,5,647,942,50,50,1,-1,-1,-1
375,1,557,508,50,50,1,-1,-1,-1
375,2,360,650,50,50,1,-1,-1,-1
375,3,493,671,50,50,1,-1,-1,-1
375,4,420,1064,50,50,1,-1,-1,-1
375,5,654,994,50,50,1,-1,-1,-1
376,1,565,511,50,50,1,-1,-1,-1
376,2,350,694,50,50,1,-1,-1,-1
376,3,486,630,50,50,1,-1,-1,-1
376,4,430,986,50,50,1,-1,-1,-1
376,5,648,1026,50,50,1,-1,-1,-1
377,1,573,521,50,50,1,-1,-1,-1
377,2,341,743,50,50,1,-1,-1,-1
377,3,479,595,50,50,1,-1,-1,-1
377,4,437,915,50,50,1,-1,-1,-1
377,5,630,1068,50,50,1,-1,-1,-1
378,1,581,536,50,50,1,-1,-1,-1
378,2,332,798,50,50,1,-1,-1,-1
378,3,471,565,50,50,1,-1,-1,-1
378,4,448,842,50,50,1,-1,-1,-1
378,5,611,1117,50,50,1,-1,-1,-1
379,1,589,556,50,50,1,-1,-1,-1
379,2,324,858,50,50,1,-1,-1,-1
379,3,464,542,50,50,1,-1,-1,-1
379,4,459,775,50,50,1,-1,-1,-1
379,5,587,1159,50,50,1,-1,-1,-1
380,1,598,582,50,50,1,-1,-1,-1
380,2,314,925,50,50,1,-1,-1,-1
380,3,457,524,50,50,1,-1,-1,-1
380,4,468,719,50,50,1,-1,-1,-1
380,5,573,1176,50,50,1,-1,-1,-1
381,1,606,614,50,50,1,-1,-1,-1
381,2,305,985,50,50,1,-1,-1,-1
381,3,449,511,50,50,1,-1,-1,-1
381,4,479,665,50,50,1,-1,-1,-1
381,5,566,1161,50,50,1,-1,-1,-1
382,1,614,650,50,50,1,-1,-1,-1
382,2,305,1013,50,50,1,-1,-1,-1
382,3,442,505,50,50,1,-1,-1,-1
382,4,488,617,50,50,1,-1,-1,-1
382,5,563,1117,50,50,1,-1,-1,-1
383,1,622,693,50,50,1,-1,-1,-1
383,2,314,1052,50,50,1,-1,-1,-1
383,3,435,504,50,50,1,-1,-1,-1
383,4,498,575,50,50,1,-1,-1,-1
383,5,556,1051,50,50,1,-1,-1,-1
384,1,630,741,50,50,1,-1,-1,-1
384,2,333,1102,50,50,1,-1,-1,-1
384,3,427,509,50,50,1,-1,-1,-1
384,4,507,539,50,50,1,-1,-1,-1
384,5,549,985,50,50,1,-1,-1,-1
385,1,638,794,50,50,1,-1,-1,-1
385,2,358,1157,50,50,1,-1,-1,-1
385,3,420,520,50,50,1,-1,-1,-1
385,4,518,508,50,50,1,-1,-1,-1
385,5,542,923,50,50,1,-1,-1,-1
386,1,646,852,50,50,1,-1,-1,-1
386,2,385,1196,50,50,1,-1,-1,-1
386,3,413,537,50,50,1,-1,-1,-1
386,4,528,483,50,50,1,-1,-1,-1
386,5,535,864,50,50,1,-1,-1,-1
387,1,654,916,50,50,1,-1,-1,-1
387,2,409,1209,50,50,1,-1,-1,-1
387,3,406,559,50,50,1,-1,-1,-1
387,4,537,463,50,50,1,-1,-1,-1
387,5,526,810,50,50,1,-1,-1,-1
388,1,661,978,50,50,1,-1,-1,-1
388,2,428,1191,50,50,1,-1,-1,-1
388,3,398,587,50,50,1,-1,-1,-1
388,4,546,449,50,50,1,-1,-1,-1
388,5,517,763,50,50,1,-1,-1,-1
389,1,671,1019,50,50,1,-1,-1,-1
389,2,442,1146,50,50,1,-1,-1,-1
389,3,391,622,50,50,1,-1,-1,-1
389,4,557,441,50,50,1,-1,-1,-1
389,5,509,720,50,50,1,-1,-1,-1
390,1,664,1054,50,50,1,-1,-1,-1
390,2,450,1072,50,50,1,-1,-1,-1
390,3,384,662,50,50,1,-1,-1,-1
390,4,567,438,50,50,1,-1,-1,-1
390,5,500,683,50,50,1,-1,-1,-1
391,1,649,1095,50,50,1,-1,-1,-1
391,2,456,996,50,50,1,-1,-1,-1
391,3,376,707,50,50,1,-1,-1,-1
391,4,576,441,50,50,1,-1,-1,-1
391,5,492,651,50,50,1,-1,-1,-1
392,1,624,1142,50,50,1,-1,-1,-1
392,2,460,932,50,50,1,-1,-1,-1
392,3,370,758,50,50,1,-1,-1,-1
392,4,585,449,50,50,1,-1,-1,-1
392,5,483,625,50,50,1,-1,-1,-1
393,1,598,1176,50,50,1,-1,-1,-1
393,2,467,861,50,50,1,-1,-1,-1
393,3,363,815,50,50,1,-1,-1,-1
393,4,595,463,50,50,1,-1,-1,-1
393,5,475,605,50,50,1,-1,-1,-1
394,1,579,1190,50,50,1,-1,-1,-1
394,2,474,792,50,50,1,-1,-1,-1
394,3,356,878,50,50,1,-1,-1,-1
394,4,604,482,50,50,1,-1,-1,-1
394,5,466,591,50,50,1,-1,-1,-1
395,1,572,1180,50,50,1,-1,-1,-1
395,2,480,739,50,50,1,-1,-1,-1
395,3,348,946,50,50,1,-1,-1,-1
395,4,614,507,50,50,1,-1,-1,-1
395,5,458,581,50,50,1,-1,-1,-1
396,1,567,1143,50,50,1,-1,-1,-1
396,2,486,687,50,50,1,-1,-1,-1
396,3,342,1013,50,50,1,-1,-1,-1
396,4,623,538,50,50,1,-1,-1,-1
396,5,449,578,50,50,1,-1,-1,-1
397,1,564,1079,50,50,1,-1,-1,-1
397,2,492,641,50,50,1,-1,-1,-1
397,3,339,1068,50,50,1,-1,-1,-1
397,4,633,573,50,50,1,-1,-1,-1
397,5,441,581,50,50,1,-1,-1,-1
398,1,557,1006,50,50,1,-1,-1,-1
398,2,499,600,50,50,1,-1,-1,-1
398,3,346,1112,50,50,1,-1,-1,-1
398,4,642,615,50,50,1,-1,-1,-1
398,5,432,589,50,50,1,-1,-1,-1
399,1,549,937,50,50,1,-1,-1,-1
399,2,505,565,50,50,1,-1,-1,-1
399,3,361,1152,50,50,1,-1,-1,-1
399,4,651,661,50,50,1,-1,-1,-1
399,5,423,603,50,50,1,-1,-1,-1
400,1,541,871,50,50,1,-1,-1,-1
400,2,511,536,50,50,1,-1,-1,-1
400,3,381,1184,50,50,1,-1,-1,-1
400,4,660,712,50,50,1,-1,-1,-1
400,5,415,623,50,50,1,-1,-1,-1
401,1,532,811,50,50,1,-1,-1,-1
401,2,517,512,50,50,1,-1,-1,-1
401,3,400,1196,50,50,1,-1,-1,-1
401,4,669,769,50,50,1,-1,-1,-1
401,5,407,648,50,50,1,-1,-1,-1
402,1,522,755,50,50,1,-1,-1,-1
402,2,524,494,50,50,1,-1,-1,-1
402,3,414,1177,50,50,1,-1,-1,-1
402,4,678,830,50,50,1,-1,-1,-1
402,5,398,679,50,50,1,-1,-1,-1
403,1,513,705,50,50,1,-1,-1,-1
403,2,530,482,50,50,1,-1,-1,-1
403,3,426,1127,50,50,1,-1,-1,-1
403,4,687,894,50,50,1,-1,-1,-1
403,5,390,716,50,50,1,-1,-1,-1
404,1,504,660,50,50,1,-1,-1,-1
404,2,536,475,50,50,1,-1,-1,-1
404,3,436,1054,50,50,1,-1,-1,-1
404,4,692,944,50,50,1,-1,-1,-1
404,5,381,759,50,50,1,-1,-1,-1
405,1,494,621,50,50,1,-1,-1,-1
405,2,542,474,50,50,1,-1,-1,-1
405,3,443,985,50,50,1,-1,-1,-1
405,4,683,968,50,50,1,-1,-1,-1
405,5,373,806,50,50,1,-1,-1,-1
406,1,485,587,50,50,1,-1,-1,-1
406,2,548,479,50,50,1,-1,-1,-1
406,3,449,921,50,50,1,-1,-1,-1
406,4,659,1012,50,50,1,-1,-1,-1
406,5,365,860,50,50,1,-1,-1,-1
407,1,475,559,50,50,1,-1,-1,-1
407,2,555,489,50,50,1,-1,-1,-1
407,3,457,860,50,50,1,-1,-1,-1
407,4,629,1071,50,50,1,-1,-1,-1
407,5,357,918,50,50,1,-1,-1,-1
408,1,465,537,50,50,1,-1,-1,-1
408,2,561,505,50,50,1,-1,-1,-1
408,3,465,800,50,50,1,-1,-1,-1
408,4,590,1132,50,50,1,-1,-1,-1
408,5,348,984,50,50,1,-1,-1,-1
409,1,456,521,50,50,1,-1,-1,-1
409,2,567,527,50,50,1,-1,-1,-1
409,3,474,751,50,50,1,-1,-1,-1
409,4,557,1172,50,50,1,-1,-1,-1
409,5,340,1045,50,50,1,-1,-1,-1
410,1,446,510,50,50,1,-1,-1,-1
410,2,573,554,50,50,1,-1,-1,-1
410,3,483,706,50,50,1,-1,-1,-1
410,4,540,1175,50,50,1,-1,-1,-1
410,5,331,1085,50,50,1,-1,-1,-1
411,1,437,505,50,50,1,-1,-1,-1
411,2,579,587,50,50,1,-1,-1,-1
411,3,491,667,50,50,1,-1,-1,-1
411,4,532,1146,50,50,1,-1,-1,-1
411,5,334,1125,50,50,1,-1,-1,-1
412,1,427,507,50,50,1,-1,-1,-1
412,2,586,625,50,50,1,-1,-1,-1
412,3,499,633,50,50,1,-1,-1,-1
412,4,524,1088,50,50,1,-1,-1,-1
412,5,344,1168,50,50,1,-1,-1,-1
413,1,417,513,50,50,1,-1,-1,-1
413,2,592,669,50,50,1,-1,-1,-1
413,3,506,605,50,50,1,-1,-1,-1
413,4,519,1017,50,50,1,-1,-1,-1
413,5,359,1200,50,50,1,-1,-1,-1
414,1,407,526,50,50,1,-1,-1,-1
414,2,598,719,50,50,1,-1,-1,-1
414,3,515,582,50,50,1,-1,-1,-1
414,4,515,950,50,50,1,-1,-1,-1
414,5,377,1221,50,50,1,-1,-1,-1
415,1,398,545,50,50,1,-1,-1,-1
415,2,603,773,50,50,1,-1,-1,-1
415,3,523,565,50,50,1,-1,-1,-1
415,4,512,887,50,50,1,-1,-1,-1
415,5,394,1224,50,50,1,-1,-1,-1
416,1,387,570,50,50,1,-1,-1,-1
416,2,609,833,50,50,1,-1,-1,-1
416,3,532,554,50,50,1,-1,-1,-1
416,4,507,826,50,50,1,-1,-1,-1
416,5,412,1208,50,50,1,-1,-1,-1
417,1,378,601,50,50,1,-1,-1,-1
417,2,615,897,50,50,1,-1,-1,-1
417,3,539,548,50,50,1,-1,-1,-1
417,4,501,774,50,50,1,-1,-1,-1
417,5,424,1166,50,50,1,-1,-1,-1
418,1,369,638,50,50,1,-1,-1,-1
418,2,621,960,50,50,1,-1,-1,-1
418,3,547,547,50,50,1,-1,-1,-1
418,4,496,726,50,50,1,-1,-1,-1
418,5,435,1099,50,50,1,-1,-1,-1
419,1,359,680,50,50,1,-1,-1,-1
419,2,633,995,50,50,1,-1,-1,-1
419,3,555,552,50,50,1,-1,-1,-1
419,4,491,683,50,50,1,-1,-1,-1
419,5,443,1021,50,50,1,-1,-1,-1
420,1,349,729,50,50,1,-1,-1,-1
420,2,627,1031,50,50,1,-1,-1,-1
420,3,563,563,50,50,1,-1,-1,-1
420,4,486,647,50,50,1,-1,-1,-1
420,5,450,951,50,50,1,-1,-1,-1
421,1,340,783,50,50,1,-1,-1,-1
421,2,615,1081,50,50,1,-1,-1,-1
421,3,571,579,50,50,1,-1,-1,-1
421,4,480,615,50,50,1,-1,-1,-1
421,5,456,882,50,50,1,-1,-1,-1
422,1,331,843,50,50,1,-1,-1,-1
422,2,595,1132,50,50,1,-1,-1,-1
422,3,579,601,50,50,1,-1,-1,-1
422,4,475,589,50,50,1,-1,-1,-1
422,5,464,820,50,50,1,-1,-1,-1
423,1,321,909,50,50,1,-1,-1,-1
423,2,577,1161,50,50,1,-1,-1,-1
423,3,586,627,50,50,1,-1,-1,-1
423,4,470,569,50,50,1,-1,-1,-1
423,5,474,761,50,50,1,-1,-1,-1
424,1,311,976,50,50,1,-1,-1,-1
424,2,569,1152,50,50,1,-1,-1,-1
424,3,594,659,50,50,1,-1,-1,-1
424,4,464,555,50,50,1,-1,-1,-1
424,5,482,709,50,50,1,-1,-1,-1
425,1,307,1025,50,50,1,-1,-1,-1
425,2,563,1111,50,50,1,-1,-1,-1
425,3,602,697,50,50,1,-1,-1,-1
425,4,459,546,50,50,1,-1,-1,-1
425,5,489,662,50,50,1,-1,-1,-1
426,1,319,1057,50,50,1,-1,-1,-1
426,2,557,1043,50,50,1,-1,-1,-1
426,3,609,739,50,50,1,-1,-1,-1
426,4,454,543,50,50,1,-1,-1,-1
426,5,497,621,50,50,1,-1,-1,-1
427,1,339,1089,50,50,1,-1,-1,-1
427,2,551,973,50,50,1,-1,-1,-1
427,3,617,787,50,50,1,-1,-1,-1
427,4,449,546,50,50,1,-1,-1,-1
427,5,505,587,50,50,1,-1,-1,-1
428,1,361,1135,50,50,1,-1,-1,-1
428,2,545,907,50,50,1,-1,-1,-1
428,3,624,839,50,50,1,-1,-1,-1
428,4,444,555,50,50,1,-1,-1,-1
428,5,513,557,50,50,1,-1,-1,-1
429,1,384,1180,50,50,1,-1,-1,-1
429,2,539,845,50,50,1,-1,-1,-1
429,3,631,896,50,50,1,-1,-1,-1
429,4,439,570,50,50,1,-1,-1,-1
429,5,521,533,50,50,1,-1,-1,-1
430,1,408,1211,50,50,1,-1,-1,-1
430,2,533,789,50,50,1,-1,-1,-1
430,3,639,951,50,50,1,-1,-1,-1
430,4,433,590,50,50,1,-1,-1,-1
430,5,529,516,50,50,1,-1,-1,-1
431,1,422,1213,50,50,1,-1,-1,-1
431,2,527,737,50,50,1,-1,-1,-1
431,3,652,980,50,50,1,-1,-1,-1
431,4,428,617,50,50,1,-1,-1,-1
431,5,537,503,50,50,1,-1,-1,-1
432,1,437,1183,50,50,1,-1,-1,-1
432,2,521,691,50,50,1,-1,-1,-1
432,3,653,1009,50,50,1,-1,-1,-1
432,4,423,649,50,50,1,-1,-1,-1
432,5,544,496,50,50,1,-1,-1,-1
433,1,447,1120,50,50,1,-1,-1,-1
433,2,514,651,50,50,1,-1,-1,-1
433,3,646,1050,50,50,1,-1,-1,-1
433,4,418,687,50,50,1,-1,-1,-1
433,5,552,495,50,50,1,-1,-1,-1
434,1,453,1038,50,50,1,-1,-1,-1
434,2,508,616,50,50,1,-1,-1,-1
434,3,633,1099,50,50,1,-1,-1,-1
434,4,413,731,50,50,1,-1,-1,-1
434,5,560,500,50,50,1,-1,-1,-1
435,1,460,965,50,50,1,-1,-1,-1
435,2,501,587,50,50,1,-1,-1,-1
435,3,609,1149,50,50,1,-1,-1,-1
435,4,408,780,50,50,1,-1,-1,-1
435,5,568,510,50,50,1,-1,-1,-1
436,1,465,891,50,50,1,-1,-1,-1
436,2,495,564,50,50,1,-1,-1,-1
436,3,584,1185,50,50,1,-1,-1,-1
436,4,403,835,50,50,1,-1,-1,-1
436,5,576,526,50,50,1,-1,-1,-1
437,1,473,827,50,50,1,-1,-1,-1
437,2,488,546,50,50,1,-1,-1,-1
437,3,569,1192,50,50,1,-1,-1,-1
437,4,398,895,50,50,1,-1,-1,-1
437,5,583,547,50,50,1,-1,-1,-1
438,1,481,763,50,50,1,-1,-1,-1
438,2,483,534,50,50,1,-1,-1,-1
438,3,561,1172,50,50,1,-1,-1,-1
438,4,393,962,50,50,1,-1,-1,-1
438,5,591,574,50,50,1,-1,-1,-1
439,1,488,707,50,50,1,-1,-1,-1
439,2,476,528,50,50,1,-1,-1,-1
439,3,556,1127,50,50,1,-1,-1,-1
439,4,392,1017,50,50,1,-1,-1,-1
439,5,599,607,50,50,1,-1,-1,-1
440,1,496,655,50,50,1,-1,-1,-1
440,2,470,527,50,50,1,-1,-1,-1
440,3,553,1060,50,50,1,-1,-1,-1
440,4,391,1044,50,50,1,-1,-1,-1
440,5,606,645,50,50,1,-1,-1,-1
441,1,502,610,50,50,1,-1,-1,-1
441,2,463,532,50,50,1,-1,-1,-1
441,3,546,988,50,50,1,-1,-1,-1
441,4,396,1082,50,50,1,-1,-1,-1
441,5,614,687,50,50,1,-1,-1,-1
442,1,510,570,50,50,1,-1,-1,-1
442,2,457,542,50,50,1,-1,-1,-1
442,3,539,925,50,50,1,-1,-1,-1
442,4,403,1125,50,50,1,-1,-1,-1
442,5,621,736,50,50,1,-1,-1,-1
443,1,517,536,50,50,1,-1,-1,-1
443,2,451,559,50,50,1,-1,-1,-1
443,3,533,865,50,50,1,-1,-1,-1
443,4,411,1171,50,50,1,-1,-1,-1
443,5,628,789,50,50,1,-1,-1,-1
444,1,525,508,50,50,1,-1,-1,-1
444,2,444,581,50,50,1,-1,-1,-1
444,3,525,807,50,50,1,-1,-1,-1
444,4,421,1202,50,50,1,-1,-1,-1
444,5,636,848,50,50,1,-1,-1,-1
445,1,532,485,50,50,1,-1,-1,-1
445,2,438,608,50,50,1,-1,-1,-1
445,3,515,758,50,50,1,-1,-1,-1
445,4,427,1201,50,50,1,-1,-1,-1
445,5,643,910,50,50,1,-1,-1,-1
446,1,539,468,50,50,1,-1,-1,-1
446,2,431,642,50,50,1,-1,-1,-1
446,3,507,713,50,50,1,-1,-1,-1
446,4,435,1171,50,50,1,-1,-1,-1
446,5,651,966,50,50,1,-1,-1,-1
447,1,546,457,50,50,1,-1,-1,-1
447,2,425,681,50,50,1,-1,-1,-1
447,3,498,675,50,50,1,-1,-1,-1
447,4,444,1111,50,50,1,-1,-1,-1
447,5,650,990,50,50,1,-1,-1,-1
448,1,553,451,50,50,1,-1,-1,-1
448,2,419,726,50,50,1,-1,-1,-1
448,3,490,642,50,50,1,-1,-1,-1
448,4,452,1037,50,50,1,-1,-1,-1
448,5,636,1033,50,50,1,-1,-1,-1
449,1,561,451,50,50,1,-1,-1,-1
449,2,413,776,50,50,1,-1,-1,-1
449,3,482,614,50,50,1,-1,-1,-1
449,4,460,966,50,50,1,-1,-1,-1
449,5,616,1087,50,50,1,-1,-1,-1
450,1,569,457,50,50,1,-1,-1,-1
450,2,407,831,50,50,1,-1,-1,-1
450,3,474,593,50,50,1,-1,-1,-1
450,4,466,897,50,50,1,-1,-1,-1
450,5,591,1144,50,50,1,-1,-1,-1
451,1,575,468,50,50,1,-1,-1,-1
451,2,401,891,50,50,1,-1,-1,-1
451,3,466,576,50,50,1,-1,-1,-1
451,4,477,834,50,50,1,-1,-1,-1
451,5,569,1184,50,50,1,-1,-1,-1
452,1,583,485,50,50,1,-1,-1,-1
452,2,394,958,50,50,1,-1,-1,-1
452,3,458,566,50,50,1,-1,-1,-1
452,4,486,773,50,50,1,-1,-1,-1
452,5,556,1197,50,50,1,-1,-1,-1
453,1,590,508,50,50,1,-1,-1,-1
453,2,389,1018,50,50,1,-1,-1,-1
453,3,450,561,50,50,1,-1,-1,-1
453,4,494,720,50,50,1,-1,-1,-1
453,5,547,1178,50,50,1,-1,-1,-1
454,1,598,536,50,50,1,-1,-1,-1
454,2,381,1051,50,50,1,-1,-1,-1
454,3,442,562,50,50,1,-1,-1,-1
454,4,502,672,50,50,1,-1,-1,-1
454,5,543,1131,50,50,1,-1,-1,-1
455,1,605,571,50,50,1,-1,-1,-1
455,2,382,1089,50,50,1,-1,-1,-1
455,3,434,568,50,50,1,-1,-1,-1
455,4,512,629,50,50,1,-1,-1,-1
455,5,539,1061,50,50,1,-1,-1,-1
456,1,612,610,50,50,1,-1,-1,-1
456,2,388,1137,50,50,1,-1,-1,-1
456,3,427,580,50,50,1,-1,-1,-1
456,4,520,592,50,50,1,-1,-1,-1
456,5,535,986,50,50,1,-1,-1,-1
457,1,618,655,50,50,1,-1,-1,-1
457,2,397,1176,50,50,1,-1,-1,-1
457,3,419,597,50,50,1,-1,-1,-1
457,4,529,560,50,50,1,-1,-1,-1
457,5,531,920,50,50,1,-1,-1,-1
458,1,625,706,50,50,1,-1,-1,-1
458,2,406,1197,50,50,1,-1,-1,-1
458,3,412,620,50,50,1,-1,-1,-1
458,4,537,534,50,50,1,-1,-1,-1
458,5,527,854,50,50,1,-1,-1,-1
459,1,632,762,50,50,1,-1,-1,-1
459,2,412,1196,50,50,1,-1,-1,-1
459,3,404,648,50,50,1,-1,-1,-1
459,4,546,515,50,50,1,-1,-1,-1
459,5,520,791,50,50,1,-1,-1,-1
460,1,639,823,50,50,1,-1,-1,-1
460,2,418,1173,50,50,1,-1,-1,-1
460,3,396,681,50,50,1,-1,-1,-1
460,4,554,500,50,50,1,-1,-1,-1
460,5,513,737,50,50,1,-1,-1,-1
461,1,646,885,50,50,1,-1,-1,-1
461,2,424,1123,50,50,1,-1,-1,-1
461,3,389,719,50,50,1,-1,-1,-1
461,4,564,492,50,50,1,-1,-1,-1
461,5,506,688,50,50,1,-1,-1,-1
462,1,641,933,50,50,1,-1,-1,-1
462,2,431,1048,50,50,1,-1,-1,-1
462,3,382,763,50,50,1,-1,-1,-1
462,4,572,488,50,50,1,-1,-1,-1
462,5,500,645,50,50,1,-1,-1,-1
463,1,633,961,50,50,1,-1,-1,-1
463,2,438,976,50,50,1,-1,-1,-1
463,3,374,811,50,50,1,-1,-1,-1
463,4,580,490,50,50,1,-1,-1,-1
463,5,494,607,50,50,1,-1,-1,-1
464,1,622,999,50,50,1,-1,-1,-1
464,2,445,906,50,50,1,-1,-1,-1
464,3,367,865,50,50,1,-1,-1,-1
464,4,589,498,50,50,1,-1,-1,-1
464,5,488,575,50,50,1,-1,-1,-1
465,1,609,1050,50,50,1,-1,-1,-1
465,2,452,841,50,50,1,-1,-1,-1
465,3,360,923,50,50,1,-1,-1,-1
465,4,598,512,50,50,1,-1,-1,-1
465,5,482,549,50,50,1,-1,-1,-1
466,1,594,1109,50,50,1,-1,-1,-1
466,2,462,781,50,50,1,-1,-1,-1
466,3,352,983,50,50,1,-1,-1,-1
466,4,607,531,50,50,1,-1,-1,-1
466,5,477,529,50,50,1,-1,-1,-1
467,1,584,1155,50,50,1,-1,-1,-1
467,2,469,728,50,50,1,-1,-1,-1
467,3,340,1033,50,50,1,-1,-1,-1
467,4,615,555,50,50,1,-1,-1,-1
467,5,470,513,50,50,1,-1,-1,-1
468,1,576,1155,50,50,1,-1,-1,-1
468,2,478,679,50,50,1,-1,-1,-1
468,3,328,1065,50,50,1,-1,-1,-1
468,4,623,585,50,50,1,-1,-1,-1
468,5,464,504,50,50,1,-1,-1,-1
469,1,569,1116,50,50,1,-1,-1,-1
469,2,486,635,50,50,1,-1,-1,-1
469,3,331,1094,50,50,1,-1,-1,-1
469,4,631,621,50,50,1,-1,-1,-1
469,5,458,501,50,50,1,-1,-1,-1
470,1,560,1050,50,50,1,-1,-1,-1
470,2,494,597,50,50,1,-1,-1,-1
470,3,340,1129,50,50,1,-1,-1,-1
470,4,640,662,50,50,1,-1,-1,-1
470,5,452,503,50,50,1,-1,-1,-1
471,1,552,981,50,50,1,-1,-1,-1
471,2,502,564,50,50,1,-1,-1,-1
471,3,354,1165,50,50,1,-1,-1,-1
471,4,648,708,50,50,1,-1,-1,-1
471,5,446,511,50,50,1,-1,-1,-1
472,1,544,918,50,50,1,-1,-1,-1
472,2,509,537,50,50,1,-1,-1,-1
472,3,370,1198,50,50,1,-1,-1,-1
472,4,656,759,50,50,1,-1,-1,-1
472,5,440,525,50,50,1,-1,-1,-1
473,1,536,856,50,50,1,-1,-1,-1
473,2,518,515,50,50,1,-1,-1,-1
473,3,389,1218,50,50,1,-1,-1,-1
473,4,664,816,50,50,1,-1,-1,-1
473,5,434,544,50,50,1,-1,-1,-1
474,1,527,799,50,50,1,-1,-1,-1
474,2,526,499,50,50,1,-1,-1,-1
474,3,407,1218,50,50,1,-1,-1,-1
474,4,672,877,50,50,1,-1,-1,-1
474,5,428,569,50,50,1,-1,-1,-1
475,1,517,748,50,50,1,-1,-1,-1
475,2,534,488,50,50,1,-1,-1,-1
475,3,422,1196,50,50,1,-1,-1,-1
475,4,679,940,50,50,1,-1,-1,-1
475,5,423,599,50,50,1,-1,-1,-1
476,1,507,702,50,50,1,-1,-1,-1
476,2,542,483,50,50,1,-1,-1,-1
476,3,437,1146,50,50,1,-1,-1,-1
476,4,680,991,50,50,1,-1,-1,-1
476,5,417,634,50,50,1,-1,-1,-1
477,1,498,661,50,50,1,-1,-1,-1
477,2,549,483,50,50,1,-1,-1,-1
477,3,449,1072,50,50,1,-1,-1,-1
477,4,677,1015,50,50,1,-1,-1,-1
477,5,412,675,50,50,1,-1,-1,-1
478,1,489,627,50,50,1,-1,-1,-1
478,2,557,489,50,50,1,-1,-1,-1
478,3,457,998,50,50,1,-1,-1,-1
478,4,660,1048,50,50,1,-1,-1,-1
478,5,406,721,50,50,1,-1,-1,-1
479,1,479,598,50,50,1,-1,-1,-1
479,2,566,500,50,50,1,-1,-1,-1
479,3,464,933,50,50,1,-1,-1,-1
479,4,639,1096,50,50,1,-1,-1,-1
479,5,400,773,50,50,1,-1,-1,-1
480,1,470,574,50,50,1,-1,-1,-1
480,2,574,517,50,50,1,-1,-1,-1
480,3,475,865,50,50,1,-1,-1,-1
480,4,611,1145,50,50,1,-1,-1,-1
480,5,395,829,50,50,1,-1,-1,-1
481,1,460,556,50,50,1,-1,-1,-1
481,2,582,539,50,50,1,-1,-1,-1
481,3,483,799,50,50,1,-1,-1,-1
481,4,588,1172,50,50,1,-1,-1,-1
481,5,389,891,50,50,1,-1,-1,-1
482,1,451,544,50,50,1,-1,-1,-1
482,2,589,567,50,50,1,-1,-1,-1
482,3,492,747,50,50,1,-1,-1,-1
482,4,579,1167,50,50,1,-1,-1,-1
482,5,383,957,50,50,1,-1,-1,-1
483,1,441,538,50,50,1,-1,-1,-1
483,2,598,601,50,50,1,-1,-1,-1
483,3,500,698,50,50,1,-1,-1,-1
483,4,574,1132,50,50,1,-1,-1,-1
483,5,377,1011,50,50,1,-1,-1,-1
484,1,432,537,50,50,1,-1,-1,-1
484,2,605,640,50,50,1,-1,-1,-1
484,3,508,653,50,50,1,-1,-1,-1
484,4,571,1070,50,50,1,-1,-1,-1
484,5,368,1058,50,50,1,-1,-1,-1
485,1,422,543,50,50,1,-1,-1,-1
485,2,613,684,50,50,1,-1,-1,-1
485,3,517,615,50,50,1,-1,-1,-1
485,4,561,999,50,50,1,-1,-1,-1
485,5,373,1102,50,50,1,-1,-1,-1
486,1,413,554,50,50,1,-1,-1,-1
486,2,621,734,50,50,1,-1,-1,-1
486,3,526,582,50,50,1,-1,-1,-1
486,4,551,935,50,50,1,-1,-1,-1
486,5,387,1150,50,50,1,-1,-1,-1
487,1,403,571,50,50,1,-1,-1,-1
487,2,628,788,50,50,1,-1,-1,-1
487,3,534,554,50,50,1,-1,-1,-1
487,4,540,872,50,50,1,-1,-1,-1
487,5,402,1188,50,50,1,-1,-1,-1
488,1,393,594,50,50,1,-1,-1,-1
488,2,636,848,50,50,1,-1,-1,-1
488,3,542,532,50,50,1,-1,-1,-1
488,4,529,814,50,50,1,-1,-1,-1
488,5,413,1200,50,50,1,-1,-1,-1
489,1,383,623,50,50,1,-1,-1,-1
489,2,644,913,50,50,1,-1,-1,-1
489,3,551,516,50,50,1,-1,-1,-1
489,4,517,761,50,50,1,-1,-1,-1
489,5,426,1179,50,50,1,-1,-1,-1
490,1,374,658,50,50,1,-1,-1,-1
490,2,648,964,50,50,1,-1,-1,-1
490,3,559,505,50,50,1,-1,-1,-1
490,4,505,715,50,50,1,-1,-1,-1
490,5,444,1125,50,50,1,-1,-1,-1
491,1,365,699,50,50,1,-1,-1,-1
491,2,651,995,50,50,1,-1,-1,-1
491,3,568,499,50,50,1,-1,-1,-1
491,4,494,674,50,50,1,-1,-1,-1
491,5,454,1052,50,50,1,-1,-1,-1
492,1,355,745,50,50,1,-1,-1,-1
492,2,643,1036,50,50,1,-1,-1,-1
492,3,576,499,50,50,1,-1,-1,-1
492,4,482,638,50,50,1,-1,-1,-1
492,5,462,980,50,50,1,-1,-1,-1
493,1,346,797,50,50,1,-1,-1,-1
493,2,629,1089,50,50,1,-1,-1,-1
493,3,584,505,50,50,1,-1,-1,-1
493,4,471,608,50,50,1,-1,-1,-1
493,5,468,916,50,50,1,-1,-1,-1
494,1,337,855,50,50,1,-1,-1,-1
494,2,608,1144,50,50,1,-1,-1,-1
494,3,593,516,50,50,1,-1,-1,-1
494,4,459,584,50,50,1,-1,-1,-1
494,5,477,848,50,50,1,-1,-1,-1
495,1,327,918,50,50,1,-1,-1,-1
495,2,584,1177,50,50,1,-1,-1,-1
495,3,601,533,50,50,1,-1,-1,-1
495,4,448,565,50,50,1,-1,-1,-1
495,5,486,786,50,50,1,-1,-1,-1
496,1,318,985,50,50,1,-1,-1,-1
496,2,574,1180,50,50,1,-1,-1,-1
496,3,609,555,50,50,1,-1,-1,-1
496,4,436,552,50,50,1,-1,-1,-1
496,5,493,734,50,50,1,-1,-1,-1
497,1,311,1041,50,50,1,-1,-1,-1
497,2,569,1152,50,50,1,-1,-1,-1
497,3,618,582,50,50,1,-1,-1,-1
497,4,425,545,50,50,1,-1,-1,-1
497,5,500,686,50,50,1,-1,-1,-1
498,1,317,1081,50,50,1,-1,-1,-1
498,2,568,1099,50,50,1,-1,-1,-1
498,3,625,615,50,50,1,-1,-1,-1
498,4,413,543,50,50,1,-1,-1,-1
498,5,508,644,50,50,1,-1,-1,-1
499,1,335,1119,50,50,1,-1,-1,-1
499,2,564,1020,50,50,1,-1,-1,-1
499,3,633,653,50,50,1,-1,-1,-1
499,4,402,547,50,50,1,-1,-1,-1
499,5,517,607,50,50,1,-1,-1,-1
500,1,355,1158,50,50,1,-1,-1,-1
500,2,555,945,50,50,1,-1,-1,-1
500,3,641,696,50,50,1,-1,-1,-1
500,4,391,557,50,50,1,-1,-1,-1
500,5,524,575,50,50,1,-1,-1,-1
501,1,376,1193,50,50,1,-1,-1,-1
501,2,548,873,50,50,1,-1,-1,-1
501,3,649,745,50,50,1,-1,-1,-1
501,4,379,572,50,50,1,-1,-1,-1
501,5,532,550,50,50,1,-1,-1,-1
502,1,397,1211,50,50,1,-1,-1,-1
502,2,540,806,50,50,1,-1,-1,-1
502,3,657,798,50,50,1,-1,-1,-1
502,4,368,592,50,50,1,-1,-1,-1
502,5,540,530,50,50,1,-1,-1,-1
503,1,411,1202,50,50,1,-1,-1,-1
503,2,532,743,50,50,1,-1,-1,-1
503,3,665,857,50,50,1,-1,-1,-1
503,4,357,619,50,50,1,-1,-1,-1
503,5,547,515,50,50,1,-1,-1,-1
504,1,421,1163,50,50,1,-1,-1,-1
504,2,523,686,50,50,1,-1,-1,-1
504,3,673,917,50,50,1,-1,-1,-1
504,4,346,650,50,50,1,-1,-1,-1
504,5,555,507,50,50,1,-1,-1,-1
505,1,430,1096,50,50,1,-1,-1,-1
505,2,515,635,50,50,1,-1,-1,-1
505,3,683,959,50,50,1,-1,-1,-1
505,4,335,687,50,50,1,-1,-1,-1
505,5,563,503,50,50,1,-1,-1,-1
506,1,438,1020,50,50,1,-1,-1,-1
506,2,506,589,50,50,1,-1,-1,-1
506,3,676,987,50,50,1,-1,-1,-1
506,4,324,729,50,50,1,-1,-1,-1
506,5,571,506,50,50,1,-1,-1,-1
507,1,446,951,50,50,1,-1,-1,-1
507,2,497,548,50,50,1,-1,-1,-1
507,3,659,1023,50,50,1,-1,-1,-1
507,4,313,777,50,50,1,-1,-1,-1
507,5,579,513,50,50,1,-1,-1,-1
508,1,452,884,50,50,1,-1,-1,-1
508,2,489,514,50,50,1,-1,-1,-1
508,3,639,1073,50,50,1,-1,-1,-1
508,4,303,829,50,50,1,-1,-1,-1
508,5,586,527,50,50,1,-1,-1,-1
509,1,461,822,50,50,1,-1,-1,-1
509,2,481,485,50,50,1,-1,-1,-1
509,3,615,1126,50,50,1,-1,-1,-1
509,4,293,887,50,50,1,-1,-1,-1
509,5,594,545,50,50,1,-1,-1,-1
510,1,470,767,50,50,1,-1,-1,-1
510,2,472,462,50,50,1,-1,-1,-1
510,3,592,1159,50,50,1,-1,-1,-1
510,4,282,949,50,50,1,-1,-1,-1
510,5,601,570,50,50,1,-1,-1,-1
511,1,478,716,50,50,1,-1,-1,-1
511,2,463,444,50,50,1,-1,-1,-1
511,3,581,1157,50,50,1,-1,-1,-1
511,4,272,996,50,50,1,-1,-1,-1
511,5,609,600,50,50,1,-1,-1,-1
512,1,487,671,50,50,1,-1,-1,-1
512,2,455,433,50,50,1,-1,-1,-1
512,3,575,1120,50,50,1,-1,-1,-1
512,4,268,1018,50,50,1,-1,-1,-1
512,5,616,635,50,50,1,-1,-1,-1
513,1,495,632,50,50,1,-1,-1,-1
513,2,446,427,50,50,1,-1,-1,-1
513,3,570,1056,50,50,1,-1,-1,-1
513,4,276,1036,50,50,1,-1,-1,-1
513,5,624,676,50,50,1,-1,-1,-1
514,1,503,598,50,50,1,-1,-1,-1
514,2,437,427,50,50,1,-1,-1,-1
514,3,565,984,50,50,1,-1,-1,-1
514,4,288,1056,50,50,1,-1,-1,-1
514,5,631,722,50,50,1,-1,-1,-1
515,1,511,569,50,50,1,-1,-1,-1
515,2,428,433,50,50,1,-1,-1,-1
515,3,559,915,50,50,1,-1,-1,-1
515,4,302,1075,50,50,1,-1,-1,-1
515,5,638,773,50,50,1,-1,-1,-1
516,1,519,546,50,50,1,-1,-1,-1
516,2,420,444,50,50,1,-1,-1,-1
516,3,552,850,50,50,1,-1,-1,-1
516,4,316,1086,50,50,1,-1,-1,-1
516,5,645,828,50,50,1,-1,-1,-1
517,1,527,529,50,50,1,-1,-1,-1
517,2,411,462,50,50,1,-1,-1,-1
517,3,545,789,50,50,1,-1,-1,-1
517,4,329,1085,50,50,1,-1,-1,-1
517,5,653,889,50,50,1,-1,-1,-1
518,1,536,517,50,50,1,-1,-1,-1
518,2,403,485,50,50,1,-1,-1,-1
518,3,539,734,50,50,1,-1,-1,-1
518,4,336,1072,50,50,1,-1,-1,-1
518,5,659,953,50,50,1,-1,-1,-1
519,1,543,511,50,50,1,-1,-1,-1
519,2,394,514,50,50,1,-1,-1,-1
519,3,533,684,50,50,1,-1,-1,-1
519,4,340,1054,50,50,1,-1,-1,-1
519,5,664,1004,50,50,1,-1,-1,-1
520,1,551,510,50,50,1,-1,-1,-1
520,2,385,548,50,50,1,-1,-1,-1
520,3,526,640,50,50,1,-1,-1,-1
520,4,339,1032,50,50,1,-1,-1,-1
520,5,657,1023,50,50,1,-1,-1,-1
521,1,560,516,50,50,1,-1,-1,-1
521,2,377,590,50,50,1,-1,-1,-1
521,3,520,602,50,50,1,-1,-1,-1
521,4,335,1009,50,50,1,-1,-1,-1
521,5,648,1036,50,50,1,-1,-1,-1
522,1,568,526,50,50,1,-1,-1,-1
522,2,369,636,50,50,1,-1,-1,-1
522,3,513,568,50,50,1,-1,-1,-1
522,4,327,988,50,50,1,-1,-1,-1
522,5,637,1043,50,50,1,-1,-1,-1
523,1,576,542,50,50,1,-1,-1,-1
523,2,360,689,50,50,1,-1,-1,-1
523,3,506,541,50,50,1,-1,-1,-1
523,4,321,971,50,50,1,-1,-1,-1
523,5,628,1043,50,50,1,-1,-1,-1
524,1,583,563,50,50,1,-1,-1,-1
524,2,351,747,50,50,1,-1,-1,-1
524,3,500,520,50,50,1,-1,-1,-1
524,4,313,958,50,50,1,-1,-1,-1
524,5,621,1037,50,50,1,-1,-1,-1
525,1,591,590,50,50,1,-1,-1,-1
525,2,343,810,50,50,1,-1,-1,-1
525,3,493,503,50,50,1,-1,-1,-1
525,4,305,949,50,50,1,-1,-1,-1
525,5,616,1028,50,50,1,-1,-1,-1
526,1,599,623,50,50,1,-1,-1,-1
526,2,335,879,50,50,1,-1,-1,-1
526,3,486,493,50,50,1,-1,-1,-1
526,4,297,944,50,50,1,-1,-1,-1
526,5,613,1017,50,50,1,-1,-1,-1
527,1,607,661,50,50,1,-1,-1,-1
527,2,331,944,50,50,1,-1,-1,-1
527,3,479,489,50,50,1,-1,-1,-1
527,4,287,945,50,50,1,-1,-1,-1
527,5,613,1009,50,50,1,-1,-1,-1
528,1,615,704,50,50,1,-1,-1,-1
528,2,333,958,50,50,1,-1,-1,-1
528,3,473,490,50,50,1,-1,-1,-1
528,4,294,959,50,50,1,-1,-1,-1
528,5,608,992,50,50,1,-1,-1,-1
529,1,622,752,50,50,1,-1,-1,-1
529,3,466,496,50,50,1,-1,-1,-1
529,4,301,975,50,50,1,-1,-1,-1
529,5,621,977,50,50,1,-1,-1,-1
530,1,630,806,50,50,1,-1,-1,-1
530,3,459,509,50,50,1,-1,-1,-1
530,4,311,984,50,50,1,-1,-1,-1
530,5,623,972,50,50,1,-1,-1,-1
531,1,637,864,50,50,1,-1,-1,-1
531,3,453,527,50,50,1,-1,-1,-1
531,4,321,992,50,50,1,-1,-1,-1
531,5,624,969,50,50,1,-1,-1,-1
532,1,645,928,50,50,1,-1,-1,-1
532,3,446,551,50,50,1,-1,-1,-1
532,4,329,1005,50,50,1,-1,-1,-1
532,5,627,969,50,50,1,-1,-1,-1
533,1,659,968,50,50,1,-1,-1,-1
533,3,440,581,50,50,1,-1,-1,-1
533,4,334,1017,50,50,1,-1,-1,-1
534,3,432,616,50,50,1,-1,-1,-1
534,4,338,1027,50,50,1,-1,-1,-1
534,5,660,978,50,50,1,-1,-1,-1
535,3,426,657,50,50,1,-1,-1,-1
535,4,340,1036,50,50,1,-1,-1,-1
535,5,664,995,50,50,1,-1,-1,-1
536,3,419,703,50,50,1,-1,-1,-1
536,4,341,1042,50,50,1,-1,-1,-1
536,5,670,1012,50,50,1,-1,-1,-1
537,3,413,755,50,50,1,-1,-1,-1
537,4,348,1045,50,50,1,-1,-1,-1
537,5,672,1027,50,50,1,-1,-1,-1
538,3,407,812,50,50,1,-1,-1,-1
538,4,352,1046,50,50,1,-1,-1,-1
538,5,671,1040,50,50,1,-1,-1,-1
539,3,400,875,50,50,1,-1,-1,-1
539,4,354,1045,50,50,1,-1,-1,-1
539,5,668,1049,50,50,1,-1,-1,-1
540,3,393,943,50,50,1,-1,-1,-1
540,4,354,1040,50,50,1,-1,-1,-1
540,5,667,1055,50,50,1,-1,-1,-1
541,3,385,1014,50,50,1,-1,-1,-1
541,4,346,1033,50,50,1,-1,-1,-1
541,5,666,1058,50,50,1,-1,-1,-1
542,4,370,1032,50,50,1,-1,-1,-1
542,5,661,1059,50,50,1,-1,-1,-1
543,4,371,1034,50,50,1,-1,-1,-1
543,5,661,1058,50,50,1,-1,-1,-1
544,4,371,1035,50,50,1,-1,-1,-1
544,5,662,1056,50,50,1,-1,-1,-1
545,4,371,1035,50,50,1,-1,-1,-1
545,5,666,1053,50,50,1,-1,-1,-1
546,4,371,1035,50,50,1,-1,-1,-1
546,5,667,1051,50,50,1,-1,-1,-1
547,4,355,1032,50,50,1,-1,-1,-1
547,5,668,1049,50,50,1,-1,-1,-1
548,4,371,1035,50,50,1,-1,-1,-1
548,5,668,1048,50,50,1,-1,-1,-1
549,4,370,1035,50,50,1,-1,-1,-1
549,5,668,1047,50,50,1,-1,-1,-1
550,4,370,1035,50,50,1,-1,-1,-1
550,5,666,1046,50,50,1,-1,-1,-1
551,4,369,1035,50,50,1,-1,-1,-1
551,5,666,1046,50,50,1,-1,-1,-1
552,4,368,1035,50,50,1,-1,-1,-1
552,5,664,1045,50,50,1,-1,-1,-1
553,4,368,1036,50,50,1,-1,-1,-1
553,5,664,1044,50,50,1,-1,-1,-1
554,4,368,1036,50,50,1,-1,-1,-1
554,5,664,1044,50,50,1,-1,-1,-1
555,4,367,1036,50,50,1,-1,-1,-1
555,5,666,1044,50,50,1,-1,-1,-1
556,4,367,1037,50,50,1,-1,-1,-1
556,5,664,1044,50,50,1,-1,-1,-1
557,4,366,1039,50,50,1,-1,-1,-1
557,5,662,1045,50,50,1,-1,-1,-1
558,4,364,1043,50,50,1,-1,-1,-1
558,5,663,1049,50,50,1,-1,-1,-1
559,4,362,1051,50,50,1,-1,-1,-1
559,5,663,1057,50,50,1,-1,-1,-1
560,4,358,1065,50,50,1,-1,-1,-1
560,5,664,1072,50,50,1,-1,-1,-1
561,4,353,1083,50,50,1,-1,-1,-1
561,5,667,1095,50,50,1,-1,-1,-1
562,4,347,1109,50,50,1,-1,-1,-1
562,5,668,1124,50,50,1,-1,-1,-1
563,4,343,1140,50,50,1,-1,-1,-1
563,5,666,1156,50,50,1,-1,-1,-1
564,4,339,1173,50,50,1,-1,-1,-1
564,5,664,1192,50,50,1,-1,-1,-1
565,4,337,1205,50,50,1,-1,-1,-1
565,5,655,1222,50,50,1,-1,-1,-1
