2,1,471,1225,50,50,1,-1,-1,-1
2,2,582,1093,50,50,1,-1,-1,-1
3,1,475,1215,50,50,1,-1,-1,-1
3,2,579,1107,50,50,1,-1,-1,-1
4,1,483,1197,50,50,1,-1,-1,-1
4,2,575,1128,50,50,1,-1,-1,-1
5,1,490,1165,50,50,1,-1,-1,-1
5,2,570,1151,50,50,1,-1,-1,-1
6,1,495,1124,50,50,1,-1,-1,-1
6,2,568,1173,50,50,1,-1,-1,-1
7,1,508,1082,50,50,1,-1,-1,-1
7,2,564,1190,50,50,1,-1,-1,-1
8,1,514,1039,50,50,1,-1,-1,-1
8,2,561,1198,50,50,1,-1,-1,-1
9,1,517,1006,50,50,1,-1,-1,-1
9,2,559,1197,50,50,1,-1,-1,-1
10,1,522,973,50,50,1,-1,-1,-1
10,2,497,1049,50,50,1,-1,-1,-1
10,3,556,1185,50,50,1,-1,-1,-1
11,1,526,941,50,50,1,-1,-1,-1
11,2,500,1071,50,50,1,-1,-1,-1
11,3,553,1162,50,50,1,-1,-1,-1
12,1,530,914,50,50,1,-1,-1,-1
12,2,499,1099,50,50,1,-1,-1,-1
12,3,552,1130,50,50,1,-1,-1,-1
13,1,534,891,50,50,1,-1,-1,-1
13,2,498,1130,50,50,1,-1,-1,-1
13,3,550,1088,50,50,1,-1,-1,-1
14,1,538,871,50,50,1,-1,-1,-1
14,2,496,1158,50,50,1,-1,-1,-1
14,3,548,1046,50,50,1,-1,-1,-1
15,1,542,855,50,50,1,-1,-1,-1
15,2,496,1176,50,50,1,-1,-1,-1
15,3,543,1010,50,50,1,-1,-1,-1
16,1,545,841,50,50,1,-1,-1,-1
16,2,497,1184,50,50,1,-1,-1,-1
16,3,542,973,50,50,1,-1,-1,-1
17,1,549,831,50,50,1,-1,-1,-1
17,2,502,1180,50,50,1,-1,-1,-1
17,3,539,942,50,50,1,-1,-1,-1
18,1,553,823,50,50,1,-1,-1,-1
18,2,509,1162,50,50,1,-1,-1,-1
18,3,537,914,50,50,1,-1,-1,-1
18,4,565,1087,50,50,1,-1,-1,-1
19,1,557,819,50,50,1,-1,-1,-1
19,2,515,1130,50,50,1,-1,-1,-1
19,3,536,891,50,50,1,-1,-1,-1
19,4,569,1112,50,50,1,-1,-1,-1
20,1,561,818,50,50,1,-1,-1,-1
20,2,519,1089,50,50,1,-1,-1,-1
20,3,533,870,50,50,1,-1,-1,-1
20,4,571,1140,50,50,1,-1,-1,-1
21,1,564,820,50,50,1,-1,-1,-1
21,2,525,1044,50,50,1,-1,-1,-1
21,3,532,853,50,50,1,-1,-1,-1
21,4,572,1164,50,50,1,-1,-1,-1
22,1,568,823,50,50,1,-1,-1,-1
22,2,530,1004,50,50,1,-1,-1,-1
22,3,531,838,50,50,1,-1,-1,-1
22,4,572,1181,50,50,1,-1,-1,-1
23,1,571,829,50,50,1,-1,-1,-1
23,2,533,968,50,50,1,-1,-1,-1
23,3,529,827,50,50,1,-1,-1,-1
23,4,571,1186,50,50,1,-1,-1,-1
23,5,512,1050,50,50,1,-1,-1,-1
24,1,575,839,50,50,1,-1,-1,-1
24,2,537,933,50,50,1,-1,-1,-1
24,3,526,819,50,50,1,-1,-1,-1
24,4,569,1179,50,50,1,-1,-1,-1
24,5,509,1064,50,50,1,-1,-1,-1
25,1,578,851,50,50,1,-1,-1,-1
25,2,540,904,50,50,1,-1,-1,-1
25,3,525,813,50,50,1,-1,-1,-1
25,4,566,1160,50,50,1,-1,-1,-1
25,5,506,1085,50,50,1,-1,-1,-1
26,1,582,866,50,50,1,-1,-1,-1
26,2,543,877,50,50,1,-1,-1,-1
26,3,522,811,50,50,1,-1,-1,-1
26,4,566,1131,50,50,1,-1,-1,-1
26,5,504,1112,50,50,1,-1,-1,-1
27,1,585,885,50,50,1,-1,-1,-1
27,2,546,855,50,50,1,-1,-1,-1
27,3,520,811,50,50,1,-1,-1,-1
27,4,563,1090,50,50,1,-1,-1,-1
27,5,502,1138,50,50,1,-1,-1,-1
28,1,589,906,50,50,1,-1,-1,-1
28,2,549,835,50,50,1,-1,-1,-1
28,4,559,1049,50,50,1,-1,-1,-1
28,5,498,1163,50,50,1,-1,-1,-1
29,1,593,931,50,50,1,-1,-1,-1
29,2,552,819,50,50,1,-1,-1,-1
29,4,559,1009,50,50,1,-1,-1,-1
29,5,497,1181,50,50,1,-1,-1,-1
30,1,597,959,50,50,1,-1,-1,-1
30,2,556,806,50,50,1,-1,-1,-1
30,3,514,830,50,50,1,-1,-1,-1
30,4,558,975,50,50,1,-1,-1,-1
30,5,495,1190,50,50,1,-1,-1,-1
31,1,601,989,50,50,1,-1,-1,-1
31,2,560,795,50,50,1,-1,-1,-1
31,3,512,842,50,50,1,-1,-1,-1
31,4,555,941,50,50,1,-1,-1,-1
31,5,497,1193,50,50,1,-1,-1,-1
32,1,605,1023,50,50,1,-1,-1,-1
32,2,563,787,50,50,1,-1,-1,-1
32,3,509,858,50,50,1,-1,-1,-1
32,4,551,909,50,50,1,-1,-1,-1
32,5,503,1188,50,50,1,-1,-1,-1
33,1,607,1044,50,50,1,-1,-1,-1
33,2,566,783,50,50,1,-1,-1,-1
33,3,506,876,50,50,1,-1,-1,-1
33,4,549,883,50,50,1,-1,-1,-1
33,5,512,1175,50,50,1,-1,-1,-1
34,1,613,1059,50,50,1,-1,-1,-1
34,2,569,781,50,50,1,-1,-1,-1
34,3,503,896,50,50,1,-1,-1,-1
34,4,546,858,50,50,1,-1,-1,-1
34,5,520,1151,50,50,1,-1,-1,-1
35,1,613,1086,50,50,1,-1,-1,-1
35,2,572,782,50,50,1,-1,-1,-1
35,3,500,920,50,50,1,-1,-1,-1
35,4,544,840,50,50,1,-1,-1,-1
35,5,528,1117,50,50,1,-1,-1,-1
36,1,611,1116,50,50,1,-1,-1,-1
36,2,576,786,50,50,1,-1,-1,-1
36,3,498,947,50,50,1,-1,-1,-1
36,4,542,825,50,50,1,-1,-1,-1
36,5,533,1074,50,50,1,-1,-1,-1
37,1,602,1148,50,50,1,-1,-1,-1
37,2,579,794,50,50,1,-1,-1,-1
37,3,496,978,50,50,1,-1,-1,-1
37,4,540,813,50,50,1,-1,-1,-1
37,5,533,1034,50,50,1,-1,-1,-1
38,1,594,1170,50,50,1,-1,-1,-1
38,2,583,803,50,50,1,-1,-1,-1
38,3,494,1011,50,50,1,-1,-1,-1
38,4,538,803,50,50,1,-1,-1,-1
38,5,537,1000,50,50,1,-1,-1,-1
39,1,586,1180,50,50,1,-1,-1,-1
39,2,586,815,50,50,1,-1,-1,-1
39,3,493,1046,50,50,1,-1,-1,-1
39,4,536,796,50,50,1,-1,-1,-1
39,5,540,962,50,50,1,-1,-1,-1
40,1,580,1175,50,50,1,-1,-1,-1
40,2,589,830,50,50,1,-1,-1,-1
40,3,489,1087,50,50,1,-1,-1,-1
40,4,534,791,50,50,1,-1,-1,-1
40,5,543,930,50,50,1,-1,-1,-1
41,1,576,1159,50,50,1,-1,-1,-1
41,2,592,848,50,50,1,-1,-1,-1
41,3,493,1122,50,50,1,-1,-1,-1
41,4,532,789,50,50,1,-1,-1,-1
41,5,545,902,50,50,1,-1,-1,-1
42,1,573,1133,50,50,1,-1,-1,-1
42,2,595,870,50,50,1,-1,-1,-1
42,3,487,1147,50,50,1,-1,-1,-1
42,4,529,791,50,50,1,-1,-1,-1
42,5,548,876,50,50,1,-1,-1,-1
43,1,569,1094,50,50,1,-1,-1,-1
43,2,598,894,50,50,1,-1,-1,-1
43,3,485,1170,50,50,1,-1,-1,-1
43,4,526,794,50,50,1,-1,-1,-1
43,5,551,856,50,50,1,-1,-1,-1
44,1,565,1047,50,50,1,-1,-1,-1
44,2,601,922,50,50,1,-1,-1,-1
44,3,484,1187,50,50,1,-1,-1,-1
44,4,523,800,50,50,1,-1,-1,-1
44,5,554,837,50,50,1,-1,-1,-1
45,1,563,1007,50,50,1,-1,-1,-1
45,2,604,954,50,50,1,-1,-1,-1
45,3,485,1194,50,50,1,-1,-1,-1
45,5,556,823,50,50,1,-1,-1,-1
46,1,562,972,50,50,1,-1,-1,-1
46,2,607,988,50,50,1,-1,-1,-1
46,3,488,1197,50,50,1,-1,-1,-1
46,4,518,824,50,50,1,-1,-1,-1
46,5,558,811,50,50,1,-1,-1,-1
47,1,561,936,50,50,1,-1,-1,-1
47,2,611,1025,50,50,1,-1,-1,-1
47,3,494,1194,50,50,1,-1,-1,-1
47,4,515,841,50,50,1,-1,-1,-1
47,5,561,803,50,50,1,-1,-1,-1
48,1,557,904,50,50,1,-1,-1,-1
48,2,614,1056,50,50,1,-1,-1,-1
48,3,502,1183,50,50,1,-1,-1,-1
48,4,513,861,50,50,1,-1,-1,-1
48,5,563,797,50,50,1,-1,-1,-1
49,1,555,875,50,50,1,-1,-1,-1
49,2,617,1074,50,50,1,-1,-1,-1
49,3,512,1162,50,50,1,-1,-1,-1
49,4,511,883,50,50,1,-1,-1,-1
49,5,565,794,50,50,1,-1,-1,-1
50,1,553,851,50,50,1,-1,-1,-1
50,2,620,1097,50,50,1,-1,-1,-1
50,3,521,1130,50,50,1,-1,-1,-1
50,4,508,909,50,50,1,-1,-1,-1
50,5,567,793,50,50,1,-1,-1,-1
51,1,549,829,50,50,1,-1,-1,-1
51,2,617,1126,50,50,1,-1,-1,-1
51,3,528,1091,50,50,1,-1,-1,-1
51,4,505,938,50,50,1,-1,-1,-1
51,5,570,796,50,50,1,-1,-1,-1
52,2,611,1153,50,50,1,-1,-1,-1
52,3,531,1046,50,50,1,-1,-1,-1
52,4,502,967,50,50,1,-1,-1,-1
52,5,572,801,50,50,1,-1,-1,-1
53,2,601,1174,50,50,1,-1,-1,-1
53,3,535,1011,50,50,1,-1,-1,-1
53,5,574,809,50,50,1,-1,-1,-1
54,1,544,788,50,50,1,-1,-1,-1
54,2,592,1182,50,50,1,-1,-1,-1
54,3,539,977,50,50,1,-1,-1,-1
54,4,498,1039,50,50,1,-1,-1,-1
54,5,576,818,50,50,1,-1,-1,-1
55,1,542,779,50,50,1,-1,-1,-1
55,2,586,1181,50,50,1,-1,-1,-1
55,3,543,942,50,50,1,-1,-1,-1
55,4,495,1079,50,50,1,-1,-1,-1
55,5,579,833,50,50,1,-1,-1,-1
56,1,539,773,50,50,1,-1,-1,-1
56,2,581,1169,50,50,1,-1,-1,-1
56,3,547,911,50,50,1,-1,-1,-1
56,4,491,1110,50,50,1,-1,-1,-1
56,5,581,849,50,50,1,-1,-1,-1
57,1,537,770,50,50,1,-1,-1,-1
57,2,577,1147,50,50,1,-1,-1,-1
57,4,489,1135,50,50,1,-1,-1,-1
57,5,583,870,50,50,1,-1,-1,-1
58,1,535,770,50,50,1,-1,-1,-1
58,2,574,1112,50,50,1,-1,-1,-1
58,3,553,862,50,50,1,-1,-1,-1
58,4,489,1159,50,50,1,-1,-1,-1
58,5,586,894,50,50,1,-1,-1,-1
59,1,533,772,50,50,1,-1,-1,-1
59,2,569,1069,50,50,1,-1,-1,-1
59,3,557,842,50,50,1,-1,-1,-1
59,4,487,1178,50,50,1,-1,-1,-1
59,5,588,920,50,50,1,-1,-1,-1
60,1,530,778,50,50,1,-1,-1,-1
60,2,565,1027,50,50,1,-1,-1,-1
60,3,560,825,50,50,1,-1,-1,-1
60,4,488,1188,50,50,1,-1,-1,-1
60,5,590,948,50,50,1,-1,-1,-1
61,1,528,786,50,50,1,-1,-1,-1
61,3,564,815,50,50,1,-1,-1,-1
61,4,488,1195,50,50,1,-1,-1,-1
61,5,593,981,50,50,1,-1,-1,-1
62,1,526,796,50,50,1,-1,-1,-1
62,2,559,953,50,50,1,-1,-1,-1
62,3,567,805,50,50,1,-1,-1,-1
62,4,492,1196,50,50,1,-1,-1,-1
62,5,595,1016,50,50,1,-1,-1,-1
63,1,523,811,50,50,1,-1,-1,-1
63,2,555,921,50,50,1,-1,-1,-1
63,3,571,797,50,50,1,-1,-1,-1
63,4,497,1191,50,50,1,-1,-1,-1
63,5,595,1054,50,50,1,-1,-1,-1
64,1,520,828,50,50,1,-1,-1,-1
64,2,551,893,50,50,1,-1,-1,-1
64,3,575,793,50,50,1,-1,-1,-1
64,4,504,1181,50,50,1,-1,-1,-1
64,5,598,1077,50,50,1,-1,-1,-1
65,2,547,866,50,50,1,-1,-1,-1
65,3,578,793,50,50,1,-1,-1,-1
65,4,510,1161,50,50,1,-1,-1,-1
65,5,598,1099,50,50,1,-1,-1,-1
66,1,515,873,50,50,1,-1,-1,-1
66,2,543,844,50,50,1,-1,-1,-1
66,3,581,793,50,50,1,-1,-1,-1
66,4,517,1131,50,50,1,-1,-1,-1
66,5,592,1130,50,50,1,-1,-1,-1
67,1,513,899,50,50,1,-1,-1,-1
67,2,539,825,50,50,1,-1,-1,-1
67,3,584,797,50,50,1,-1,-1,-1
67,4,522,1094,50,50,1,-1,-1,-1
67,5,590,1156,50,50,1,-1,-1,-1
68,1,510,929,50,50,1,-1,-1,-1
68,2,535,810,50,50,1,-1,-1,-1
68,3,587,805,50,50,1,-1,-1,-1
68,4,526,1052,50,50,1,-1,-1,-1
68,5,587,1175,50,50,1,-1,-1,-1
69,1,508,962,50,50,1,-1,-1,-1
69,2,532,799,50,50,1,-1,-1,-1
69,3,590,815,50,50,1,-1,-1,-1
69,4,529,1015,50,50,1,-1,-1,-1
69,5,583,1185,50,50,1,-1,-1,-1
70,2,528,789,50,50,1,-1,-1,-1
70,3,594,825,50,50,1,-1,-1,-1
70,4,530,983,50,50,1,-1,-1,-1
70,5,580,1185,50,50,1,-1,-1,-1
71,1,503,1035,50,50,1,-1,-1,-1
71,2,524,782,50,50,1,-1,-1,-1
71,3,598,840,50,50,1,-1,-1,-1
71,4,534,949,50,50,1,-1,-1,-1
71,5,576,1174,50,50,1,-1,-1,-1
72,1,500,1078,50,50,1,-1,-1,-1
72,2,521,778,50,50,1,-1,-1,-1
72,3,601,859,50,50,1,-1,-1,-1
72,4,536,920,50,50,1,-1,-1,-1
72,5,574,1156,50,50,1,-1,-1,-1
73,1,493,1107,50,50,1,-1,-1,-1
73,2,517,778,50,50,1,-1,-1,-1
73,3,605,883,50,50,1,-1,-1,-1
73,4,538,896,50,50,1,-1,-1,-1
73,5,571,1122,50,50,1,-1,-1,-1
74,1,494,1134,50,50,1,-1,-1,-1
74,2,514,779,50,50,1,-1,-1,-1
74,3,608,907,50,50,1,-1,-1,-1
74,4,540,873,50,50,1,-1,-1,-1
74,5,565,1084,50,50,1,-1,-1,-1
75,1,491,1158,50,50,1,-1,-1,-1
75,2,510,784,50,50,1,-1,-1,-1
75,3,612,937,50,50,1,-1,-1,-1
75,4,542,854,50,50,1,-1,-1,-1
75,5,562,1040,50,50,1,-1,-1,-1
76,1,489,1175,50,50,1,-1,-1,-1
76,2,506,792,50,50,1,-1,-1,-1
76,3,615,968,50,50,1,-1,-1,-1
76,4,545,839,50,50,1,-1,-1,-1
76,5,558,1001,50,50,1,-1,-1,-1
77,1,488,1182,50,50,1,-1,-1,-1
77,2,501,803,50,50,1,-1,-1,-1
77,3,619,1003,50,50,1,-1,-1,-1
77,4,547,826,50,50,1,-1,-1,-1
77,5,556,965,50,50,1,-1,-1,-1
78,1,490,1184,50,50,1,-1,-1,-1
78,2,497,817,50,50,1,-1,-1,-1
78,3,623,1044,50,50,1,-1,-1,-1
78,4,550,814,50,50,1,-1,-1,-1
78,5,552,931,50,50,1,-1,-1,-1
79,1,493,1177,50,50,1,-1,-1,-1
79,2,493,833,50,50,1,-1,-1,-1
79,3,625,1071,50,50,1,-1,-1,-1
79,4,552,811,50,50,1,-1,-1,-1
79,5,549,901,50,50,1,-1,-1,-1
80,1,498,1160,50,50,1,-1,-1,-1
80,2,489,853,50,50,1,-1,-1,-1
80,3,628,1093,50,50,1,-1,-1,-1
80,4,555,806,50,50,1,-1,-1,-1
80,5,544,873,50,50,1,-1,-1,-1
81,1,504,1135,50,50,1,-1,-1,-1
81,2,485,875,50,50,1,-1,-1,-1
81,3,624,1119,50,50,1,-1,-1,-1
81,4,557,806,50,50,1,-1,-1,-1
81,5,541,850,50,50,1,-1,-1,-1
82,1,511,1100,50,50,1,-1,-1,-1
82,2,481,901,50,50,1,-1,-1,-1
82,3,615,1149,50,50,1,-1,-1,-1
82,5,537,830,50,50,1,-1,-1,-1
83,1,516,1060,50,50,1,-1,-1,-1
83,2,478,929,50,50,1,-1,-1,-1
83,3,600,1175,50,50,1,-1,-1,-1
83,4,560,814,50,50,1,-1,-1,-1
84,1,522,1024,50,50,1,-1,-1,-1
84,2,473,961,50,50,1,-1,-1,-1
84,3,583,1194,50,50,1,-1,-1,-1
84,4,562,824,50,50,1,-1,-1,-1
84,5,531,799,50,50,1,-1,-1,-1
85,1,524,994,50,50,1,-1,-1,-1
85,2,468,996,50,50,1,-1,-1,-1
85,3,567,1204,50,50,1,-1,-1,-1
85,4,564,834,50,50,1,-1,-1,-1
85,5,527,790,50,50,1,-1,-1,-1
86,1,529,959,50,50,1,-1,-1,-1
86,2,464,1034,50,50,1,-1,-1,-1
86,3,552,1205,50,50,1,-1,-1,-1
86,4,566,848,50,50,1,-1,-1,-1
86,5,524,781,50,50,1,-1,-1,-1
87,1,533,931,50,50,1,-1,-1,-1
87,2,460,1074,50,50,1,-1,-1,-1
87,3,540,1196,50,50,1,-1,-1,-1
87,4,568,865,50,50,1,-1,-1,-1
87,5,521,777,50,50,1,-1,-1,-1
88,1,537,907,50,50,1,-1,-1,-1
88,2,457,1111,50,50,1,-1,-1,-1
88,3,530,1178,50,50,1,-1,-1,-1
88,4,571,883,50,50,1,-1,-1,-1
88,5,517,775,50,50,1,-1,-1,-1
89,2,456,1141,50,50,1,-1,-1,-1
89,3,525,1149,50,50,1,-1,-1,-1
89,4,573,907,50,50,1,-1,-1,-1
89,5,514,776,50,50,1,-1,-1,-1
90,1,546,867,50,50,1,-1,-1,-1
90,2,457,1167,50,50,1,-1,-1,-1
90,3,523,1104,50,50,1,-1,-1,-1
90,4,575,933,50,50,1,-1,-1,-1
90,5,510,781,50,50,1,-1,-1,-1
91,1,550,853,50,50,1,-1,-1,-1
91,2,463,1183,50,50,1,-1,-1,-1
91,3,525,1057,50,50,1,-1,-1,-1
91,4,577,962,50,50,1,-1,-1,-1
91,5,507,787,50,50,1,-1,-1,-1
92,1,554,840,50,50,1,-1,-1,-1
92,2,470,1193,50,50,1,-1,-1,-1
92,3,527,1017,50,50,1,-1,-1,-1
92,4,579,996,50,50,1,-1,-1,-1
92,5,501,797,50,50,1,-1,-1,-1
93,1,558,831,50,50,1,-1,-1,-1
93,2,479,1193,50,50,1,-1,-1,-1
93,3,531,976,50,50,1,-1,-1,-1
93,4,581,1031,50,50,1,-1,-1,-1
93,5,498,810,50,50,1,-1,-1,-1
94,1,562,825,50,50,1,-1,-1,-1
94,2,489,1180,50,50,1,-1,-1,-1
94,3,535,937,50,50,1,-1,-1,-1
94,4,584,1072,50,50,1,-1,-1,-1
94,5,494,825,50,50,1,-1,-1,-1
95,1,567,822,50,50,1,-1,-1,-1
95,2,496,1154,50,50,1,-1,-1,-1
95,3,539,903,50,50,1,-1,-1,-1
95,5,490,844,50,50,1,-1,-1,-1
96,1,571,822,50,50,1,-1,-1,-1
96,2,501,1118,50,50,1,-1,-1,-1
96,3,542,872,50,50,1,-1,-1,-1
96,4,580,1120,50,50,1,-1,-1,-1
96,5,485,867,50,50,1,-1,-1,-1
97,1,575,825,50,50,1,-1,-1,-1
97,2,503,1077,50,50,1,-1,-1,-1
97,3,503,805,50,50,1,-1,-1,-1
97,4,574,1147,50,50,1,-1,-1,-1
97,5,481,892,50,50,1,-1,-1,-1
98,1,547,819,50,50,1,-1,-1,-1
98,2,505,1030,50,50,1,-1,-1,-1
98,3,503,805,50,50,1,-1,-1,-1
98,4,564,1170,50,50,1,-1,-1,-1
98,5,478,921,50,50,1,-1,-1,-1
99,1,503,805,50,50,1,-1,-1,-1
99,2,501,993,50,50,1,-1,-1,-1
99,3,549,802,50,50,1,-1,-1,-1
99,4,555,1179,50,50,1,-1,-1,-1
99,5,473,952,50,50,1,-1,-1,-1
100,1,503,805,50,50,1,-1,-1,-1
100,2,499,954,50,50,1,-1,-1,-1
100,3,551,786,50,50,1,-1,-1,-1
100,4,548,1177,50,50,1,-1,-1,-1
100,5,469,988,50,50,1,-1,-1,-1
101,1,503,805,50,50,1,-1,-1,-1
101,2,499,920,50,50,1,-1,-1,-1
101,3,554,772,50,50,1,-1,-1,-1
101,4,543,1161,50,50,1,-1,-1,-1
101,5,465,1026,50,50,1,-1,-1,-1
102,1,503,805,50,50,1,-1,-1,-1
102,2,497,890,50,50,1,-1,-1,-1
102,3,557,760,50,50,1,-1,-1,-1
102,4,539,1133,50,50,1,-1,-1,-1
102,5,459,1054,50,50,1,-1,-1,-1
103,1,503,805,50,50,1,-1,-1,-1
103,2,495,863,50,50,1,-1,-1,-1
103,3,560,751,50,50,1,-1,-1,-1
103,4,538,1094,50,50,1,-1,-1,-1
103,5,599,904,50,50,1,-1,-1,-1
104,1,603,927,50,50,1,-1,-1,-1
104,2,494,838,50,50,1,-1,-1,-1
104,3,564,746,50,50,1,-1,-1,-1
104,4,540,1047,50,50,1,-1,-1,-1
104,5,460,1119,50,50,1,-1,-1,-1
105,1,607,954,50,50,1,-1,-1,-1
105,2,492,816,50,50,1,-1,-1,-1
105,3,566,743,50,50,1,-1,-1,-1
105,4,541,1006,50,50,1,-1,-1,-1
105,5,463,1158,50,50,1,-1,-1,-1
106,1,611,984,50,50,1,-1,-1,-1
106,2,490,797,50,50,1,-1,-1,-1
106,3,569,743,50,50,1,-1,-1,-1
106,4,545,965,50,50,1,-1,-1,-1
106,5,465,1186,50,50,1,-1,-1,-1
107,1,615,1016,50,50,1,-1,-1,-1
107,2,488,780,50,50,1,-1,-1,-1
107,3,572,746,50,50,1,-1,-1,-1
107,4,547,928,50,50,1,-1,-1,-1
107,5,468,1204,50,50,1,-1,-1,-1
108,1,616,1044,50,50,1,-1,-1,-1
108,2,486,768,50,50,1,-1,-1,-1
108,3,574,751,50,50,1,-1,-1,-1
108,4,549,895,50,50,1,-1,-1,-1
108,5,474,1209,50,50,1,-1,-1,-1
109,1,619,1055,50,50,1,-1,-1,-1
109,2,484,758,50,50,1,-1,-1,-1
109,3,577,761,50,50,1,-1,-1,-1
109,4,551,864,50,50,1,-1,-1,-1
109,5,480,1199,50,50,1,-1,-1,-1
110,1,613,1060,50,50,1,-1,-1,-1
110,2,482,752,50,50,1,-1,-1,-1
110,3,579,773,50,50,1,-1,-1,-1
110,4,553,838,50,50,1,-1,-1,-1
110,5,484,1166,50,50,1,-1,-1,-1
111,1,595,1061,50,50,1,-1,-1,-1
111,2,480,748,50,50,1,-1,-1,-1
111,3,582,788,50,50,1,-1,-1,-1
111,4,554,816,50,50,1,-1,-1,-1
111,5,491,1109,50,50,1,-1,-1,-1
112,1,566,1056,50,50,1,-1,-1,-1
112,2,479,748,50,50,1,-1,-1,-1
112,3,583,806,50,50,1,-1,-1,-1
112,5,494,1032,50,50,1,-1,-1,-1
113,1,536,1054,50,50,1,-1,-1,-1
113,2,477,750,50,50,1,-1,-1,-1
113,3,586,825,50,50,1,-1,-1,-1
113,4,558,781,50,50,1,-1,-1,-1
114,1,505,1051,50,50,1,-1,-1,-1
114,2,476,756,50,50,1,-1,-1,-1
114,3,589,849,50,50,1,-1,-1,-1
114,4,559,768,50,50,1,-1,-1,-1
115,1,497,1059,50,50,1,-1,-1,-1
115,2,475,764,50,50,1,-1,-1,-1
115,3,592,877,50,50,1,-1,-1,-1
115,4,563,756,50,50,1,-1,-1,-1
116,1,488,1085,50,50,1,-1,-1,-1
116,2,471,776,50,50,1,-1,-1,-1
116,3,595,907,50,50,1,-1,-1,-1
116,4,565,748,50,50,1,-1,-1,-1
117,1,483,1113,50,50,1,-1,-1,-1
117,2,470,790,50,50,1,-1,-1,-1
117,3,598,941,50,50,1,-1,-1,-1
117,4,567,743,50,50,1,-1,-1,-1
118,1,483,1131,50,50,1,-1,-1,-1
118,2,468,807,50,50,1,-1,-1,-1
118,3,601,977,50,50,1,-1,-1,-1
118,4,568,741,50,50,1,-1,-1,-1
119,1,483,1143,50,50,1,-1,-1,-1
119,2,465,827,50,50,1,-1,-1,-1
119,3,603,1016,50,50,1,-1,-1,-1
119,4,570,743,50,50,1,-1,-1,-1
120,1,484,1138,50,50,1,-1,-1,-1
120,2,463,851,50,50,1,-1,-1,-1
120,3,604,1035,50,50,1,-1,-1,-1
120,4,571,746,50,50,1,-1,-1,-1
120,5,514,546,50,50,1,-1,-1,-1
121,1,486,1116,50,50,1,-1,-1,-1
121,2,460,877,50,50,1,-1,-1,-1
121,3,596,1058,50,50,1,-1,-1,-1
121,4,572,754,50,50,1,-1,-1,-1
121,5,517,502,50,50,1,-1,-1,-1
122,1,489,1081,50,50,1,-1,-1,-1
122,2,458,905,50,50,1,-1,-1,-1
122,3,588,1083,50,50,1,-1,-1,-1
122,4,574,763,50,50,1,-1,-1,-1
122,5,519,462,50,50,1,-1,-1,-1
123,1,489,1036,50,50,1,-1,-1,-1
123,2,455,938,50,50,1,-1,-1,-1
123,3,579,1102,50,50,1,-1,-1,-1
123,4,575,775,50,50,1,-1,-1,-1
123,5,521,426,50,50,1,-1,-1,-1
124,1,488,995,50,50,1,-1,-1,-1
124,2,453,974,50,50,1,-1,-1,-1
124,3,567,1119,50,50,1,-1,-1,-1
124,4,577,791,50,50,1,-1,-1,-1
124,5,525,392,50,50,1,-1,-1,-1
125,1,486,958,50,50,1,-1,-1,-1
125,2,449,1012,50,50,1,-1,-1,-1
125,3,558,1121,50,50,1,-1,-1,-1
125,4,579,809,50,50,1,-1,-1,-1
125,5,527,360,50,50,1,-1,-1,-1
126,1,485,923,50,50,1,-1,-1,-1
126,2,447,1053,50,50,1,-1,-1,-1
126,3,551,1113,50,50,1,-1,-1,-1
126,4,580,828,50,50,1,-1,-1,-1
126,5,528,332,50,50,1,-1,-1,-1
127,1,485,891,50,50,1,-1,-1,-1
127,2,445,1087,50,50,1,-1,-1,-1
127,3,546,1095,50,50,1,-1,-1,-1
127,4,582,853,50,50,1,-1,-1,-1
127,5,531,307,50,50,1,-1,-1,-1
128,1,484,862,50,50,1,-1,-1,-1
128,2,446,1113,50,50,1,-1,-1,-1
128,3,540,1074,50,50,1,-1,-1,-1
128,4,584,879,50,50,1,-1,-1,-1
128,5,533,284,50,50,1,-1,-1,-1
129,1,483,838,50,50,1,-1,-1,-1
129,2,450,1142,50,50,1,-1,-1,-1
129,3,536,1055,50,50,1,-1,-1,-1
129,4,586,910,50,50,1,-1,-1,-1
129,5,534,265,50,50,1,-1,-1,-1
130,1,481,814,50,50,1,-1,-1,-1
130,2,458,1168,50,50,1,-1,-1,-1
130,3,530,1039,50,50,1,-1,-1,-1
130,4,588,944,50,50,1,-1,-1,-1
130,5,536,248,50,50,1,-1,-1,-1
131,1,481,795,50,50,1,-1,-1,-1
131,2,467,1185,50,50,1,-1,-1,-1
131,3,526,1028,50,50,1,-1,-1,-1
131,4,589,980,50,50,1,-1,-1,-1
131,5,541,235,50,50,1,-1,-1,-1
132,1,480,779,50,50,1,-1,-1,-1
132,2,477,1194,50,50,1,-1,-1,-1
132,3,522,1017,50,50,1,-1,-1,-1
132,4,592,1019,50,50,1,-1,-1,-1
132,5,543,223,50,50,1,-1,-1,-1
133,1,480,766,50,50,1,-1,-1,-1
133,2,489,1197,50,50,1,-1,-1,-1
133,3,518,1010,50,50,1,-1,-1,-1
133,4,593,1063,50,50,1,-1,-1,-1
133,5,545,215,50,50,1,-1,-1,-1
134,1,478,756,50,50,1,-1,-1,-1
134,2,500,1185,50,50,1,-1,-1,-1
134,3,515,1006,50,50,1,-1,-1,-1
134,4,591,1092,50,50,1,-1,-1,-1
134,5,547,208,50,50,1,-1,-1,-1
135,1,477,750,50,50,1,-1,-1,-1
135,2,512,1161,50,50,1,-1,-1,-1
135,3,513,1005,50,50,1,-1,-1,-1
135,4,590,1119,50,50,1,-1,-1,-1
135,5,549,205,50,50,1,-1,-1,-1
136,1,476,746,50,50,1,-1,-1,-1
136,2,519,1126,50,50,1,-1,-1,-1
136,3,509,1007,50,50,1,-1,-1,-1
136,4,586,1149,50,50,1,-1,-1,-1
136,5,550,205,50,50,1,-1,-1,-1
137,1,475,746,50,50,1,-1,-1,-1
137,2,523,1082,50,50,1,-1,-1,-1
137,3,506,1009,50,50,1,-1,-1,-1
137,4,581,1176,50,50,1,-1,-1,-1
137,5,552,208,50,50,1,-1,-1,-1
138,1,473,748,50,50,1,-1,-1,-1
138,2,517,1036,50,50,1,-1,-1,-1
138,4,574,1199,50,50,1,-1,-1,-1
138,5,554,213,50,50,1,-1,-1,-1
139,1,472,753,50,50,1,-1,-1,-1
139,2,514,999,50,50,1,-1,-1,-1
139,4,567,1214,50,50,1,-1,-1,-1
139,5,556,220,50,50,1,-1,-1,-1
140,1,470,762,50,50,1,-1,-1,-1
140,2,513,959,50,50,1,-1,-1,-1
140,3,491,1044,50,50,1,-1,-1,-1
140,4,563,1217,50,50,1,-1,-1,-1
140,5,558,231,50,50,1,-1,-1,-1
141,1,469,772,50,50,1,-1,-1,-1
141,2,510,926,50,50,1,-1,-1,-1
141,3,484,1057,50,50,1,-1,-1,-1
141,4,560,1207,50,50,1,-1,-1,-1
141,5,560,244,50,50,1,-1,-1,-1
142,1,467,787,50,50,1,-1,-1,-1
142,2,507,894,50,50,1,-1,-1,-1
142,3,485,1062,50,50,1,-1,-1,-1
142,4,558,1176,50,50,1,-1,-1,-1
142,5,562,259,50,50,1,-1,-1,-1
143,1,465,803,50,50,1,-1,-1,-1
143,2,504,866,50,50,1,-1,-1,-1
143,3,486,1067,50,50,1,-1,-1,-1
143,4,559,1113,50,50,1,-1,-1,-1
143,5,564,278,50,50,1,-1,-1,-1
144,1,463,823,50,50,1,-1,-1,-1
144,2,502,841,50,50,1,-1,-1,-1
144,3,497,1067,50,50,1,-1,-1,-1
144,4,557,1032,50,50,1,-1,-1,-1
144,5,565,298,50,50,1,-1,-1,-1
145,1,462,846,50,50,1,-1,-1,-1
145,2,501,819,50,50,1,-1,-1,-1
145,3,510,1064,50,50,1,-1,-1,-1
145,4,556,960,50,50,1,-1,-1,-1
145,5,566,320,50,50,1,-1,-1,-1
146,1,460,872,50,50,1,-1,-1,-1
146,2,498,800,50,50,1,-1,-1,-1
146,3,527,1062,50,50,1,-1,-1,-1
146,4,553,893,50,50,1,-1,-1,-1
146,5,567,347,50,50,1,-1,-1,-1
147,1,459,901,50,50,1,-1,-1,-1
147,2,496,785,50,50,1,-1,-1,-1
147,3,535,1067,50,50,1,-1,-1,-1
147,4,551,827,50,50,1,-1,-1,-1
147,5,569,376,50,50,1,-1,-1,-1
148,1,457,934,50,50,1,-1,-1,-1
148,2,494,772,50,50,1,-1,-1,-1
148,5,569,411,50,50,1,-1,-1,-1
149,1,454,970,50,50,1,-1,-1,-1
149,2,492,763,50,50,1,-1,-1,-1
149,5,572,443,50,50,1,-1,-1,-1
150,1,452,1010,50,50,1,-1,-1,-1
150,2,489,756,50,50,1,-1,-1,-1
150,3,545,1114,50,50,1,-1,-1,-1
150,5,576,478,50,50,1,-1,-1,-1
151,1,452,1051,50,50,1,-1,-1,-1
151,2,485,753,50,50,1,-1,-1,-1
151,3,547,1130,50,50,1,-1,-1,-1
151,4,544,607,50,50,1,-1,-1,-1
151,5,576,520,50,50,1,-1,-1,-1
152,1,450,1077,50,50,1,-1,-1,-1
152,2,483,752,50,50,1,-1,-1,-1
152,3,550,1144,50,50,1,-1,-1,-1
152,4,542,561,50,50,1,-1,-1,-1
153,1,451,1097,50,50,1,-1,-1,-1
153,2,480,755,50,50,1,-1,-1,-1
153,3,551,1144,50,50,1,-1,-1,-1
153,4,538,521,50,50,1,-1,-1,-1
154,1,454,1116,50,50,1,-1,-1,-1
154,2,477,760,50,50,1,-1,-1,-1
154,3,552,1124,50,50,1,-1,-1,-1
154,4,537,479,50,50,1,-1,-1,-1
155,1,458,1136,50,50,1,-1,-1,-1
155,2,475,769,50,50,1,-1,-1,-1
155,3,557,1089,50,50,1,-1,-1,-1
155,4,535,443,50,50,1,-1,-1,-1
156,1,464,1151,50,50,1,-1,-1,-1
156,2,472,780,50,50,1,-1,-1,-1
156,3,557,1044,50,50,1,-1,-1,-1
156,4,532,409,50,50,1,-1,-1,-1
157,1,471,1159,50,50,1,-1,-1,-1
157,2,469,794,50,50,1,-1,-1,-1
157,3,559,999,50,50,1,-1,-1,-1
157,4,531,378,50,50,1,-1,-1,-1
157,5,587,822,50,50,1,-1,-1,-1
158,1,478,1159,50,50,1,-1,-1,-1
158,2,465,811,50,50,1,-1,-1,-1
158,3,561,960,50,50,1,-1,-1,-1
158,4,529,349,50,50,1,-1,-1,-1
158,5,590,880,50,50,1,-1,-1,-1
159,1,485,1151,50,50,1,-1,-1,-1
159,2,463,831,50,50,1,-1,-1,-1
159,3,564,923,50,50,1,-1,-1,-1
159,4,528,324,50,50,1,-1,-1,-1
160,1,492,1137,50,50,1,-1,-1,-1
160,2,460,853,50,50,1,-1,-1,-1
160,3,565,890,50,50,1,-1,-1,-1
160,4,526,301,50,50,1,-1,-1,-1
160,5,593,1015,50,50,1,-1,-1,-1
161,1,498,1116,50,50,1,-1,-1,-1
161,2,457,879,50,50,1,-1,-1,-1
161,3,567,861,50,50,1,-1,-1,-1
161,4,525,282,50,50,1,-1,-1,-1
161,5,594,1042,50,50,1,-1,-1,-1
162,1,505,1093,50,50,1,-1,-1,-1
162,2,454,908,50,50,1,-1,-1,-1
162,3,569,834,50,50,1,-1,-1,-1
162,4,523,265,50,50,1,-1,-1,-1
162,5,594,1060,50,50,1,-1,-1,-1
163,1,510,1068,50,50,1,-1,-1,-1
163,2,451,942,50,50,1,-1,-1,-1
163,3,570,811,50,50,1,-1,-1,-1
163,4,520,251,50,50,1,-1,-1,-1
163,5,589,1083,50,50,1,-1,-1,-1
164,1,515,1047,50,50,1,-1,-1,-1
164,2,447,977,50,50,1,-1,-1,-1
164,3,571,792,50,50,1,-1,-1,-1
164,4,518,241,50,50,1,-1,-1,-1
164,5,582,1111,50,50,1,-1,-1,-1
165,1,520,1030,50,50,1,-1,-1,-1
165,2,443,1015,50,50,1,-1,-1,-1
165,3,572,775,50,50,1,-1,-1,-1
165,4,516,232,50,50,1,-1,-1,-1
165,5,574,1144,50,50,1,-1,-1,-1
166,1,525,1019,50,50,1,-1,-1,-1
166,2,441,1058,50,50,1,-1,-1,-1
166,3,574,759,50,50,1,-1,-1,-1
166,4,516,227,50,50,1,-1,-1,-1
166,5,562,1173,50,50,1,-1,-1,-1
167,1,528,1008,50,50,1,-1,-1,-1
167,2,435,1097,50,50,1,-1,-1,-1
167,3,575,748,50,50,1,-1,-1,-1
167,4,514,225,50,50,1,-1,-1,-1
167,5,551,1192,50,50,1,-1,-1,-1
168,1,533,999,50,50,1,-1,-1,-1
168,2,435,1126,50,50,1,-1,-1,-1
168,3,576,739,50,50,1,-1,-1,-1
168,4,512,226,50,50,1,-1,-1,-1
168,5,542,1201,50,50,1,-1,-1,-1
169,1,537,994,50,50,1,-1,-1,-1
169,2,436,1155,50,50,1,-1,-1,-1
169,3,577,734,50,50,1,-1,-1,-1
169,4,509,228,50,50,1,-1,-1,-1
169,5,535,1197,50,50,1,-1,-1,-1
170,1,541,993,50,50,1,-1,-1,-1
170,2,437,1181,50,50,1,-1,-1,-1
170,3,579,732,50,50,1,-1,-1,-1
170,4,507,234,50,50,1,-1,-1,-1
170,5,531,1180,50,50,1,-1,-1,-1
171,1,546,993,50,50,1,-1,-1,-1
171,2,441,1203,50,50,1,-1,-1,-1
171,3,580,732,50,50,1,-1,-1,-1
171,4,503,243,50,50,1,-1,-1,-1
171,5,532,1146,50,50,1,-1,-1,-1
172,1,550,997,50,50,1,-1,-1,-1
172,2,446,1219,50,50,1,-1,-1,-1
172,3,582,735,50,50,1,-1,-1,-1
172,4,501,253,50,50,1,-1,-1,-1
172,5,534,1100,50,50,1,-1,-1,-1
173,1,554,1003,50,50,1,-1,-1,-1
173,2,452,1230,50,50,1,-1,-1,-1
173,3,583,742,50,50,1,-1,-1,-1
173,4,499,267,50,50,1,-1,-1,-1
173,5,536,1052,50,50,1,-1,-1,-1
174,2,458,1231,50,50,1,-1,-1,-1
174,3,585,752,50,50,1,-1,-1,-1
174,4,497,285,50,50,1,-1,-1,-1
174,5,538,1011,50,50,1,-1,-1,-1
175,1,563,1026,50,50,1,-1,-1,-1
175,2,467,1225,50,50,1,-1,-1,-1
175,3,586,763,50,50,1,-1,-1,-1
175,4,494,304,50,50,1,-1,-1,-1
175,5,542,974,50,50,1,-1,-1,-1
176,1,567,1040,50,50,1,-1,-1,-1
176,2,476,1202,50,50,1,-1,-1,-1
176,3,588,778,50,50,1,-1,-1,-1
176,4,492,327,50,50,1,-1,-1,-1
176,5,544,939,50,50,1,-1,-1,-1
177,1,570,1042,50,50,1,-1,-1,-1
177,2,484,1148,50,50,1,-1,-1,-1
177,3,590,795,50,50,1,-1,-1,-1
177,4,489,353,50,50,1,-1,-1,-1
177,5,548,907,50,50,1,-1,-1,-1
178,1,565,1040,50,50,1,-1,-1,-1
178,3,591,815,50,50,1,-1,-1,-1
178,4,486,381,50,50,1,-1,-1,-1
178,5,551,879,50,50,1,-1,-1,-1
179,1,549,1036,50,50,1,-1,-1,-1
179,2,496,1006,50,50,1,-1,-1,-1
179,3,593,838,50,50,1,-1,-1,-1
179,4,484,412,50,50,1,-1,-1,-1
179,5,554,854,50,50,1,-1,-1,-1
180,1,529,1034,50,50,1,-1,-1,-1
180,3,594,864,50,50,1,-1,-1,-1
180,4,481,446,50,50,1,-1,-1,-1
180,5,557,832,50,50,1,-1,-1,-1
181,1,510,1034,50,50,1,-1,-1,-1
181,3,595,893,50,50,1,-1,-1,-1
181,4,478,483,50,50,1,-1,-1,-1
181,5,561,813,50,50,1,-1,-1,-1
182,1,498,1051,50,50,1,-1,-1,-1
182,3,597,925,50,50,1,-1,-1,-1
182,4,476,522,50,50,1,-1,-1,-1
182,5,562,797,50,50,1,-1,-1,-1
183,1,496,1080,50,50,1,-1,-1,-1
183,3,598,961,50,50,1,-1,-1,-1
183,5,566,785,50,50,1,-1,-1,-1
184,1,492,1106,50,50,1,-1,-1,-1
184,3,599,999,50,50,1,-1,-1,-1
184,5,570,774,50,50,1,-1,-1,-1
185,1,492,1126,50,50,1,-1,-1,-1
185,3,599,1039,50,50,1,-1,-1,-1
185,5,573,767,50,50,1,-1,-1,-1
186,1,495,1130,50,50,1,-1,-1,-1
186,3,601,1048,50,50,1,-1,-1,-1
186,5,575,763,50,50,1,-1,-1,-1
187,1,497,1113,50,50,1,-1,-1,-1
187,2,529,527,50,50,1,-1,-1,-1
187,3,598,1063,50,50,1,-1,-1,-1
187,5,578,762,50,50,1,-1,-1,-1
188,1,497,1073,50,50,1,-1,-1,-1
188,2,533,486,50,50,1,-1,-1,-1
188,3,589,1081,50,50,1,-1,-1,-1
188,5,581,763,50,50,1,-1,-1,-1
189,1,497,1023,50,50,1,-1,-1,-1
189,2,536,444,50,50,1,-1,-1,-1
189,3,579,1103,50,50,1,-1,-1,-1
189,5,583,768,50,50,1,-1,-1,-1
190,1,492,977,50,50,1,-1,-1,-1
190,2,542,406,50,50,1,-1,-1,-1
190,3,576,1121,50,50,1,-1,-1,-1
190,5,585,776,50,50,1,-1,-1,-1
191,1,489,936,50,50,1,-1,-1,-1
191,2,547,375,50,50,1,-1,-1,-1
191,3,568,1131,50,50,1,-1,-1,-1
191,4,447,1044,50,50,1,-1,-1,-1
191,5,587,788,50,50,1,-1,-1,-1
192,1,486,898,50,50,1,-1,-1,-1
192,2,545,336,50,50,1,-1,-1,-1
192,3,559,1130,50,50,1,-1,-1,-1
192,4,444,1097,50,50,1,-1,-1,-1
192,5,589,801,50,50,1,-1,-1,-1
193,1,482,862,50,50,1,-1,-1,-1
193,2,554,308,50,50,1,-1,-1,-1
193,3,551,1120,50,50,1,-1,-1,-1
193,4,441,1124,50,50,1,-1,-1,-1
193,5,593,818,50,50,1,-1,-1,-1
194,1,479,830,50,50,1,-1,-1,-1
194,2,559,282,50,50,1,-1,-1,-1
194,3,546,1102,50,50,1,-1,-1,-1
194,4,442,1147,50,50,1,-1,-1,-1
194,5,596,837,50,50,1,-1,-1,-1
195,1,476,802,50,50,1,-1,-1,-1
195,2,563,258,50,50,1,-1,-1,-1
195,3,549,1075,50,50,1,-1,-1,-1
195,4,446,1166,50,50,1,-1,-1,-1
195,5,599,860,50,50,1,-1,-1,-1
196,1,473,776,50,50,1,-1,-1,-1
196,2,567,236,50,50,1,-1,-1,-1
196,3,536,1056,50,50,1,-1,-1,-1
196,4,452,1182,50,50,1,-1,-1,-1
196,5,602,887,50,50,1,-1,-1,-1
197,1,469,756,50,50,1,-1,-1,-1
197,2,571,219,50,50,1,-1,-1,-1
197,3,533,1038,50,50,1,-1,-1,-1
197,4,462,1196,50,50,1,-1,-1,-1
197,5,605,917,50,50,1,-1,-1,-1
198,1,466,734,50,50,1,-1,-1,-1
198,2,575,204,50,50,1,-1,-1,-1
198,3,530,1025,50,50,1,-1,-1,-1
198,4,470,1206,50,50,1,-1,-1,-1
198,5,607,950,50,50,1,-1,-1,-1
199,1,463,718,50,50,1,-1,-1,-1
199,2,579,193,50,50,1,-1,-1,-1
199,3,526,1012,50,50,1,-1,-1,-1
199,4,481,1213,50,50,1,-1,-1,-1
199,5,611,988,50,50,1,-1,-1,-1
200,1,460,704,50,50,1,-1,-1,-1
200,2,583,183,50,50,1,-1,-1,-1
200,3,522,1001,50,50,1,-1,-1,-1
200,4,493,1216,50,50,1,-1,-1,-1
200,5,614,1028,50,50,1,-1,-1,-1
201,1,456,694,50,50,1,-1,-1,-1
201,2,587,177,50,50,1,-1,-1,-1
201,3,518,997,50,50,1,-1,-1,-1
201,4,507,1208,50,50,1,-1,-1,-1
201,5,611,1053,50,50,1,-1,-1,-1
202,1,453,686,50,50,1,-1,-1,-1
202,2,590,173,50,50,1,-1,-1,-1
202,3,515,993,50,50,1,-1,-1,-1
202,4,518,1191,50,50,1,-1,-1,-1
202,5,611,1072,50,50,1,-1,-1,-1
203,1,450,682,50,50,1,-1,-1,-1
203,2,593,172,50,50,1,-1,-1,-1
203,3,511,994,50,50,1,-1,-1,-1
203,4,527,1163,50,50,1,-1,-1,-1
203,5,610,1099,50,50,1,-1,-1,-1
204,1,446,680,50,50,1,-1,-1,-1
204,2,597,174,50,50,1,-1,-1,-1
204,3,507,997,50,50,1,-1,-1,-1
204,4,530,1119,50,50,1,-1,-1,-1
204,5,607,1134,50,50,1,-1,-1,-1
205,1,443,682,50,50,1,-1,-1,-1
205,2,601,177,50,50,1,-1,-1,-1
205,3,502,1002,50,50,1,-1,-1,-1
205,4,528,1068,50,50,1,-1,-1,-1
205,5,598,1171,50,50,1,-1,-1,-1
206,1,439,687,50,50,1,-1,-1,-1
206,2,602,182,50,50,1,-1,-1,-1
206,4,522,1018,50,50,1,-1,-1,-1
206,5,587,1202,50,50,1,-1,-1,-1
207,1,436,694,50,50,1,-1,-1,-1
207,3,494,1024,50,50,1,-1,-1,-1
207,4,517,973,50,50,1,-1,-1,-1
207,5,578,1222,50,50,1,-1,-1,-1
208,1,432,705,50,50,1,-1,-1,-1
208,2,615,208,50,50,1,-1,-1,-1
208,3,488,1036,50,50,1,-1,-1,-1
208,4,514,936,50,50,1,-1,-1,-1
208,5,571,1225,50,50,1,-1,-1,-1
209,1,428,718,50,50,1,-1,-1,-1
209,2,616,220,50,50,1,-1,-1,-1
209,3,477,1045,50,50,1,-1,-1,-1
209,4,511,898,50,50,1,-1,-1,-1
209,5,566,1204,50,50,1,-1,-1,-1
210,1,425,734,50,50,1,-1,-1,-1
210,2,619,238,50,50,1,-1,-1,-1
210,3,475,1053,50,50,1,-1,-1,-1
210,4,505,865,50,50,1,-1,-1,-1
210,5,567,1161,50,50,1,-1,-1,-1
211,1,420,754,50,50,1,-1,-1,-1
211,2,623,257,50,50,1,-1,-1,-1
211,3,480,1058,50,50,1,-1,-1,-1
211,4,500,834,50,50,1,-1,-1,-1
211,5,570,1097,50,50,1,-1,-1,-1
212,1,416,776,50,50,1,-1,-1,-1
212,2,626,282,50,50,1,-1,-1,-1
212,3,497,1058,50,50,1,-1,-1,-1
212,4,497,806,50,50,1,-1,-1,-1
212,5,571,996,50,50,1,-1,-1,-1
213,1,412,801,50,50,1,-1,-1,-1
213,2,630,307,50,50,1,-1,-1,-1
213,3,518,1057,50,50,1,-1,-1,-1
213,4,494,782,50,50,1,-1,-1,-1
213,5,569,925,50,50,1,-1,-1,-1
214,1,409,829,50,50,1,-1,-1,-1
214,2,632,338,50,50,1,-1,-1,-1
214,3,540,1059,50,50,1,-1,-1,-1
214,4,490,761,50,50,1,-1,-1,-1
214,5,567,852,50,50,1,-1,-1,-1
215,1,405,861,50,50,1,-1,-1,-1
215,2,635,368,50,50,1,-1,-1,-1
215,4,487,742,50,50,1,-1,-1,-1
216,1,401,895,50,50,1,-1,-1,-1
216,2,641,402,50,50,1,-1,-1,-1
216,3,549,1083,50,50,1,-1,-1,-1
216,4,483,727,50,50,1,-1,-1,-1
217,1,396,933,50,50,1,-1,-1,-1
217,2,646,439,50,50,1,-1,-1,-1
217,3,556,1103,50,50,1,-1,-1,-1
217,4,479,716,50,50,1,-1,-1,-1
218,1,392,974,50,50,1,-1,-1,-1
218,2,649,479,50,50,1,-1,-1,-1
218,3,564,1127,50,50,1,-1,-1,-1
218,4,475,707,50,50,1,-1,-1,-1
219,1,387,1019,50,50,1,-1,-1,-1
219,2,652,521,50,50,1,-1,-1,-1
219,3,571,1145,50,50,1,-1,-1,-1
219,4,471,701,50,50,1,-1,-1,-1
220,1,387,1060,50,50,1,-1,-1,-1
220,3,574,1145,50,50,1,-1,-1,-1
220,4,467,698,50,50,1,-1,-1,-1
221,3,577,1129,50,50,1,-1,-1,-1
221,4,463,698,50,50,1,-1,-1,-1
221,5,552,452,50,50,1,-1,-1,-1
222,1,391,1103,50,50,1,-1,-1,-1
222,3,581,1096,50,50,1,-1,-1,-1
222,4,459,700,50,50,1,-1,-1,-1
222,5,554,408,50,50,1,-1,-1,-1
223,1,405,1127,50,50,1,-1,-1,-1
223,3,582,1044,50,50,1,-1,-1,-1
223,4,455,707,50,50,1,-1,-1,-1
223,5,550,369,50,50,1,-1,-1,-1
224,1,419,1147,50,50,1,-1,-1,-1
224,3,582,997,50,50,1,-1,-1,-1
224,4,451,715,50,50,1,-1,-1,-1
224,5,549,329,50,50,1,-1,-1,-1
225,1,434,1162,50,50,1,-1,-1,-1
225,2,678,845,50,50,1,-1,-1,-1
225,3,585,954,50,50,1,-1,-1,-1
225,4,447,727,50,50,1,-1,-1,-1
225,5,549,296,50,50,1,-1,-1,-1
226,1,447,1169,50,50,1,-1,-1,-1
226,2,682,910,50,50,1,-1,-1,-1
226,3,587,914,50,50,1,-1,-1,-1
226,4,443,741,50,50,1,-1,-1,-1
226,5,547,265,50,50,1,-1,-1,-1
227,1,461,1168,50,50,1,-1,-1,-1
227,2,687,980,50,50,1,-1,-1,-1
227,3,588,876,50,50,1,-1,-1,-1
227,4,437,758,50,50,1,-1,-1,-1
227,5,546,234,50,50,1,-1,-1,-1
228,1,471,1158,50,50,1,-1,-1,-1
228,2,688,1034,50,50,1,-1,-1,-1
228,3,589,842,50,50,1,-1,-1,-1
228,4,433,778,50,50,1,-1,-1,-1
228,5,545,209,50,50,1,-1,-1,-1
229,1,479,1141,50,50,1,-1,-1,-1
229,2,692,1059,50,50,1,-1,-1,-1
229,3,591,812,50,50,1,-1,-1,-1
229,4,429,800,50,50,1,-1,-1,-1
229,5,544,186,50,50,1,-1,-1,-1
230,1,486,1117,50,50,1,-1,-1,-1
230,2,686,1085,50,50,1,-1,-1,-1
230,3,591,788,50,50,1,-1,-1,-1
230,4,425,825,50,50,1,-1,-1,-1
230,5,540,164,50,50,1,-1,-1,-1
231,1,493,1091,50,50,1,-1,-1,-1
231,2,673,1113,50,50,1,-1,-1,-1
231,3,593,763,50,50,1,-1,-1,-1
231,4,421,854,50,50,1,-1,-1,-1
231,5,539,148,50,50,1,-1,-1,-1
232,1,500,1066,50,50,1,-1,-1,-1
232,2,657,1143,50,50,1,-1,-1,-1
232,3,594,742,50,50,1,-1,-1,-1
232,4,416,885,50,50,1,-1,-1,-1
232,5,536,132,50,50,1,-1,-1,-1
233,1,506,1045,50,50,1,-1,-1,-1
233,2,636,1169,50,50,1,-1,-1,-1
233,3,596,726,50,50,1,-1,-1,-1
233,4,411,919,50,50,1,-1,-1,-1
233,5,535,120,50,50,1,-1,-1,-1
234,1,512,1029,50,50,1,-1,-1,-1
234,2,615,1188,50,50,1,-1,-1,-1
234,3,598,711,50,50,1,-1,-1,-1
234,4,408,958,50,50,1,-1,-1,-1
234,5,533,112,50,50,1,-1,-1,-1
235,1,516,1012,50,50,1,-1,-1,-1
235,2,595,1201,50,50,1,-1,-1,-1
235,3,599,699,50,50,1,-1,-1,-1
235,4,401,998,50,50,1,-1,-1,-1
235,5,532,105,50,50,1,-1,-1,-1
236,1,521,999,50,50,1,-1,-1,-1
236,2,576,1208,50,50,1,-1,-1,-1
236,3,599,690,50,50,1,-1,-1,-1
236,4,396,1043,50,50,1,-1,-1,-1
236,5,530,102,50,50,1,-1,-1,-1
237,1,527,991,50,50,1,-1,-1,-1
237,2,561,1207,50,50,1,-1,-1,-1
237,3,601,684,50,50,1,-1,-1,-1
237,4,396,1083,50,50,1,-1,-1,-1
237,5,528,103,50,50,1,-1,-1,-1
238,1,532,985,50,50,1,-1,-1,-1
238,2,548,1195,50,50,1,-1,-1,-1
238,3,602,681,50,50,1,-1,-1,-1
238,4,399,1110,50,50,1,-1,-1,-1
238,5,527,105,50,50,1,-1,-1,-1
239,1,538,980,50,50,1,-1,-1,-1
239,2,542,1175,50,50,1,-1,-1,-1
239,3,603,681,50,50,1,-1,-1,-1
239,4,407,1142,50,50,1,-1,-1,-1
239,5,525,110,50,50,1,-1,-1,-1
240,1,543,979,50,50,1,-1,-1,-1
240,2,538,1141,50,50,1,-1,-1,-1
240,3,604,684,50,50,1,-1,-1,-1
240,4,417,1170,50,50,1,-1,-1,-1
240,5,523,119,50,50,1,-1,-1,-1
241,1,550,981,50,50,1,-1,-1,-1
241,2,539,1097,50,50,1,-1,-1,-1
241,3,605,690,50,50,1,-1,-1,-1
241,4,432,1197,50,50,1,-1,-1,-1
241,5,521,129,50,50,1,-1,-1,-1
242,1,556,988,50,50,1,-1,-1,-1
242,2,539,1048,50,50,1,-1,-1,-1
242,3,607,700,50,50,1,-1,-1,-1
242,4,448,1218,50,50,1,-1,-1,-1
242,5,519,141,50,50,1,-1,-1,-1
243,2,543,1010,50,50,1,-1,-1,-1
243,3,608,711,50,50,1,-1,-1,-1
243,4,462,1230,50,50,1,-1,-1,-1
243,5,517,156,50,50,1,-1,-1,-1
244,1,568,1009,50,50,1,-1,-1,-1
244,2,547,970,50,50,1,-1,-1,-1
244,3,610,727,50,50,1,-1,-1,-1
244,4,473,1230,50,50,1,-1,-1,-1
244,5,514,174,50,50,1,-1,-1,-1
245,1,573,1024,50,50,1,-1,-1,-1
245,2,550,933,50,50,1,-1,-1,-1
245,3,611,745,50,50,1,-1,-1,-1
245,4,482,1216,50,50,1,-1,-1,-1
245,5,513,197,50,50,1,-1,-1,-1
246,1,576,1030,50,50,1,-1,-1,-1
246,2,554,901,50,50,1,-1,-1,-1
246,3,613,765,50,50,1,-1,-1,-1
246,4,490,1182,50,50,1,-1,-1,-1
246,5,510,220,50,50,1,-1,-1,-1
247,1,572,1031,50,50,1,-1,-1,-1
247,2,557,871,50,50,1,-1,-1,-1
247,3,614,790,50,50,1,-1,-1,-1
247,5,509,247,50,50,1,-1,-1,-1
248,1,556,1028,50,50,1,-1,-1,-1
248,2,559,846,50,50,1,-1,-1,-1
248,3,615,817,50,50,1,-1,-1,-1
248,4,497,1036,50,50,1,-1,-1,-1
248,5,506,277,50,50,1,-1,-1,-1
249,1,529,1029,50,50,1,-1,-1,-1
249,2,562,825,50,50,1,-1,-1,-1
249,3,616,844,50,50,1,-1,-1,-1
249,5,505,315,50,50,1,-1,-1,-1
250,1,513,1033,50,50,1,-1,-1,-1
250,2,565,806,50,50,1,-1,-1,-1
250,3,617,877,50,50,1,-1,-1,-1
250,5,501,351,50,50,1,-1,-1,-1
251,1,502,1039,50,50,1,-1,-1,-1
251,2,568,792,50,50,1,-1,-1,-1
251,3,619,914,50,50,1,-1,-1,-1
251,5,498,390,50,50,1,-1,-1,-1
252,1,505,1062,50,50,1,-1,-1,-1
252,2,571,779,50,50,1,-1,-1,-1
252,3,621,953,50,50,1,-1,-1,-1
253,1,507,1091,50,50,1,-1,-1,-1
253,2,574,769,50,50,1,-1,-1,-1
253,3,622,997,50,50,1,-1,-1,-1
254,1,510,1109,50,50,1,-1,-1,-1
254,2,577,764,50,50,1,-1,-1,-1
254,3,623,1040,50,50,1,-1,-1,-1
255,1,514,1124,50,50,1,-1,-1,-1
255,2,580,760,50,50,1,-1,-1,-1
255,3,629,1061,50,50,1,-1,-1,-1
256,1,519,1127,50,50,1,-1,-1,-1
256,2,583,760,50,50,1,-1,-1,-1
256,3,629,1070,50,50,1,-1,-1,-1
257,1,521,1110,50,50,1,-1,-1,-1
257,2,586,761,50,50,1,-1,-1,-1
257,3,621,1088,50,50,1,-1,-1,-1
257,4,532,463,50,50,1,-1,-1,-1
258,1,522,1074,50,50,1,-1,-1,-1
258,2,589,767,50,50,1,-1,-1,-1
258,3,610,1110,50,50,1,-1,-1,-1
258,4,533,423,50,50,1,-1,-1,-1
259,1,518,1028,50,50,1,-1,-1,-1
259,2,592,775,50,50,1,-1,-1,-1
259,3,598,1127,50,50,1,-1,-1,-1
259,4,537,380,50,50,1,-1,-1,-1
260,1,515,989,50,50,1,-1,-1,-1
260,2,594,786,50,50,1,-1,-1,-1
260,3,586,1142,50,50,1,-1,-1,-1
260,4,541,338,50,50,1,-1,-1,-1
261,1,512,950,50,50,1,-1,-1,-1
261,2,597,801,50,50,1,-1,-1,-1
261,3,576,1148,50,50,1,-1,-1,-1
261,4,544,300,50,50,1,-1,-1,-1
262,1,509,916,50,50,1,-1,-1,-1
262,2,599,817,50,50,1,-1,-1,-1
262,3,567,1146,50,50,1,-1,-1,-1
262,4,548,267,50,50,1,-1,-1,-1
263,1,505,886,50,50,1,-1,-1,-1
263,2,602,836,50,50,1,-1,-1,-1
263,3,560,1133,50,50,1,-1,-1,-1
263,4,550,235,50,50,1,-1,-1,-1
263,5,466,1093,50,50,1,-1,-1,-1
264,1,501,859,50,50,1,-1,-1,-1
264,2,604,860,50,50,1,-1,-1,-1
264,3,555,1114,50,50,1,-1,-1,-1
264,4,555,209,50,50,1,-1,-1,-1
264,5,466,1127,50,50,1,-1,-1,-1
265,1,498,834,50,50,1,-1,-1,-1
265,2,607,888,50,50,1,-1,-1,-1
265,3,550,1091,50,50,1,-1,-1,-1
265,4,559,184,50,50,1,-1,-1,-1
265,5,470,1149,50,50,1,-1,-1,-1
266,1,495,813,50,50,1,-1,-1,-1
266,2,610,918,50,50,1,-1,-1,-1
266,3,545,1070,50,50,1,-1,-1,-1
266,4,562,163,50,50,1,-1,-1,-1
266,5,475,1169,50,50,1,-1,-1,-1
267,1,492,796,50,50,1,-1,-1,-1
267,2,614,951,50,50,1,-1,-1,-1
267,3,540,1052,50,50,1,-1,-1,-1
267,4,565,144,50,50,1,-1,-1,-1
267,5,484,1187,50,50,1,-1,-1,-1
268,1,489,781,50,50,1,-1,-1,-1
268,2,617,988,50,50,1,-1,-1,-1
268,3,534,1037,50,50,1,-1,-1,-1
268,4,568,126,50,50,1,-1,-1,-1
268,5,493,1199,50,50,1,-1,-1,-1
269,1,484,769,50,50,1,-1,-1,-1
269,2,620,1028,50,50,1,-1,-1,-1
269,3,531,1026,50,50,1,-1,-1,-1
269,4,571,114,50,50,1,-1,-1,-1
269,5,501,1208,50,50,1,-1,-1,-1
270,1,481,761,50,50,1,-1,-1,-1
270,2,618,1064,50,50,1,-1,-1,-1
270,3,527,1015,50,50,1,-1,-1,-1
270,4,574,103,50,50,1,-1,-1,-1
270,5,511,1210,50,50,1,-1,-1,-1
271,1,478,755,50,50,1,-1,-1,-1
271,2,620,1085,50,50,1,-1,-1,-1
271,3,524,1010,50,50,1,-1,-1,-1
271,4,577,96,50,50,1,-1,-1,-1
271,5,523,1201,50,50,1,-1,-1,-1
272,1,474,753,50,50,1,-1,-1,-1
272,2,617,1109,50,50,1,-1,-1,-1
272,3,520,1009,50,50,1,-1,-1,-1
272,4,581,91,50,50,1,-1,-1,-1
272,5,532,1180,50,50,1,-1,-1,-1
273,1,470,753,50,50,1,-1,-1,-1
273,2,611,1143,50,50,1,-1,-1,-1
273,3,517,1008,50,50,1,-1,-1,-1
273,4,584,89,50,50,1,-1,-1,-1
273,5,539,1146,50,50,1,-1,-1,-1
274,1,466,756,50,50,1,-1,-1,-1
274,2,604,1177,50,50,1,-1,-1,-1
274,3,514,1011,50,50,1,-1,-1,-1
274,4,586,90,50,50,1,-1,-1,-1
274,5,538,1102,50,50,1,-1,-1,-1
275,1,463,762,50,50,1,-1,-1,-1
275,2,597,1204,50,50,1,-1,-1,-1
275,3,508,1018,50,50,1,-1,-1,-1
275,4,588,92,50,50,1,-1,-1,-1
275,5,533,1055,50,50,1,-1,-1,-1
276,1,459,772,50,50,1,-1,-1,-1
276,2,589,1224,50,50,1,-1,-1,-1
276,3,505,1027,50,50,1,-1,-1,-1
276,4,592,97,50,50,1,-1,-1,-1
277,1,456,785,50,50,1,-1,-1,-1
277,2,583,1231,50,50,1,-1,-1,-1
277,3,498,1039,50,50,1,-1,-1,-1
277,4,595,106,50,50,1,-1,-1,-1
277,5,525,978,50,50,1,-1,-1,-1
278,1,451,800,50,50,1,-1,-1,-1
278,2,578,1216,50,50,1,-1,-1,-1
278,3,491,1045,50,50,1,-1,-1,-1
278,4,598,116,50,50,1,-1,-1,-1
278,5,520,945,50,50,1,-1,-1,-1
279,1,447,820,50,50,1,-1,-1,-1
279,2,582,1180,50,50,1,-1,-1,-1
279,3,482,1049,50,50,1,-1,-1,-1
279,4,601,129,50,50,1,-1,-1,-1
279,5,516,917,50,50,1,-1,-1,-1
280,1,443,841,50,50,1,-1,-1,-1
280,2,583,1109,50,50,1,-1,-1,-1
280,3,481,1054,50,50,1,-1,-1,-1
280,4,603,147,50,50,1,-1,-1,-1
280,5,512,891,50,50,1,-1,-1,-1
281,1,439,865,50,50,1,-1,-1,-1
281,2,579,1030,50,50,1,-1,-1,-1
281,3,489,1055,50,50,1,-1,-1,-1
281,4,607,165,50,50,1,-1,-1,-1
281,5,507,867,50,50,1,-1,-1,-1
282,1,434,893,50,50,1,-1,-1,-1
282,2,577,948,50,50,1,-1,-1,-1
282,3,512,1049,50,50,1,-1,-1,-1
282,4,604,182,50,50,1,-1,-1,-1
282,5,502,847,50,50,1,-1,-1,-1
283,1,430,924,50,50,1,-1,-1,-1
283,2,574,878,50,50,1,-1,-1,-1
283,3,536,1043,50,50,1,-1,-1,-1
283,4,612,214,50,50,1,-1,-1,-1
283,5,498,829,50,50,1,-1,-1,-1
284,1,426,958,50,50,1,-1,-1,-1
284,2,570,816,50,50,1,-1,-1,-1
284,3,549,1045,50,50,1,-1,-1,-1
284,4,614,239,50,50,1,-1,-1,-1
284,5,494,815,50,50,1,-1,-1,-1
285,1,421,996,50,50,1,-1,-1,-1
285,3,554,1066,50,50,1,-1,-1,-1
285,4,616,270,50,50,1,-1,-1,-1
285,5,489,804,50,50,1,-1,-1,-1
286,1,416,1038,50,50,1,-1,-1,-1
286,3,563,1091,50,50,1,-1,-1,-1
286,4,617,303,50,50,1,-1,-1,-1
286,5,485,795,50,50,1,-1,-1,-1
287,1,413,1079,50,50,1,-1,-1,-1
287,3,571,1116,50,50,1,-1,-1,-1
287,4,621,339,50,50,1,-1,-1,-1
287,5,481,790,50,50,1,-1,-1,-1
288,1,414,1099,50,50,1,-1,-1,-1
288,3,574,1139,50,50,1,-1,-1,-1
288,4,626,377,50,50,1,-1,-1,-1
288,5,477,788,50,50,1,-1,-1,-1
289,1,420,1111,50,50,1,-1,-1,-1
289,3,575,1150,50,50,1,-1,-1,-1
289,4,629,422,50,50,1,-1,-1,-1
289,5,473,789,50,50,1,-1,-1,-1
290,1,429,1125,50,50,1,-1,-1,-1
290,3,576,1147,50,50,1,-1,-1,-1
290,4,632,466,50,50,1,-1,-1,-1
290,5,468,792,50,50,1,-1,-1,-1
291,1,439,1142,50,50,1,-1,-1,-1
291,2,552,452,50,50,1,-1,-1,-1
291,3,577,1130,50,50,1,-1,-1,-1
291,4,635,514,50,50,1,-1,-1,-1
291,5,464,800,50,50,1,-1,-1,-1
292,1,449,1158,50,50,1,-1,-1,-1
292,2,548,415,50,50,1,-1,-1,-1
292,3,581,1100,50,50,1,-1,-1,-1
292,5,460,810,50,50,1,-1,-1,-1
293,1,459,1168,50,50,1,-1,-1,-1
293,2,546,379,50,50,1,-1,-1,-1
293,3,581,1050,50,50,1,-1,-1,-1
293,5,455,823,50,50,1,-1,-1,-1
294,1,466,1173,50,50,1,-1,-1,-1
294,2,545,347,50,50,1,-1,-1,-1
294,3,584,1004,50,50,1,-1,-1,-1
294,5,451,840,50,50,1,-1,-1,-1
295,1,473,1172,50,50,1,-1,-1,-1
295,2,542,317,50,50,1,-1,-1,-1
295,3,586,961,50,50,1,-1,-1,-1
295,5,446,859,50,50,1,-1,-1,-1
296,1,482,1163,50,50,1,-1,-1,-1
296,2,539,291,50,50,1,-1,-1,-1
296,3,591,924,50,50,1,-1,-1,-1
296,5,441,881,50,50,1,-1,-1,-1
297,1,489,1144,50,50,1,-1,-1,-1
297,2,537,269,50,50,1,-1,-1,-1
297,3,595,890,50,50,1,-1,-1,-1
297,4,653,867,50,50,1,-1,-1,-1
297,5,436,907,50,50,1,-1,-1,-1
298,1,497,1117,50,50,1,-1,-1,-1
298,2,536,250,50,50,1,-1,-1,-1
298,3,598,859,50,50,1,-1,-1,-1
298,4,657,940,50,50,1,-1,-1,-1
298,5,431,935,50,50,1,-1,-1,-1
299,1,504,1083,50,50,1,-1,-1,-1
299,2,533,233,50,50,1,-1,-1,-1
299,3,602,832,50,50,1,-1,-1,-1
299,4,660,1006,50,50,1,-1,-1,-1
299,5,426,966,50,50,1,-1,-1,-1
300,1,511,1055,50,50,1,-1,-1,-1
300,2,531,219,50,50,1,-1,-1,-1
300,3,604,811,50,50,1,-1,-1,-1
300,4,665,1036,50,50,1,-1,-1,-1
300,5,422,1001,50,50,1,-1,-1,-1
301,1,515,1027,50,50,1,-1,-1,-1
301,2,528,208,50,50,1,-1,-1,-1
301,3,608,790,50,50,1,-1,-1,-1
301,4,656,1069,50,50,1,-1,-1,-1
301,5,416,1040,50,50,1,-1,-1,-1
302,1,517,1001,50,50,1,-1,-1,-1
302,2,526,199,50,50,1,-1,-1,-1
302,3,610,772,50,50,1,-1,-1,-1
302,4,643,1108,50,50,1,-1,-1,-1
302,5,411,1080,50,50,1,-1,-1,-1
303,1,523,980,50,50,1,-1,-1,-1
303,2,523,192,50,50,1,-1,-1,-1
303,3,613,757,50,50,1,-1,-1,-1
303,4,624,1144,50,50,1,-1,-1,-1
304,1,528,960,50,50,1,-1,-1,-1
304,2,520,189,50,50,1,-1,-1,-1
304,3,616,746,50,50,1,-1,-1,-1
304,4,604,1176,50,50,1,-1,-1,-1
304,5,410,1127,50,50,1,-1,-1,-1
305,1,534,944,50,50,1,-1,-1,-1
305,2,518,189,50,50,1,-1,-1,-1
305,3,618,738,50,50,1,-1,-1,-1
305,4,583,1194,50,50,1,-1,-1,-1
305,5,413,1139,50,50,1,-1,-1,-1
306,1,539,932,50,50,1,-1,-1,-1
306,2,515,191,50,50,1,-1,-1,-1
306,3,621,732,50,50,1,-1,-1,-1
306,4,567,1197,50,50,1,-1,-1,-1
306,5,415,1152,50,50,1,-1,-1,-1
307,1,546,924,50,50,1,-1,-1,-1
307,2,513,196,50,50,1,-1,-1,-1
307,3,624,730,50,50,1,-1,-1,-1
307,4,555,1187,50,50,1,-1,-1,-1
307,5,418,1164,50,50,1,-1,-1,-1
308,1,551,918,50,50,1,-1,-1,-1
308,2,510,203,50,50,1,-1,-1,-1
308,3,627,731,50,50,1,-1,-1,-1
308,4,547,1164,50,50,1,-1,-1,-1
308,5,425,1175,50,50,1,-1,-1,-1
309,1,555,916,50,50,1,-1,-1,-1
309,2,508,213,50,50,1,-1,-1,-1
309,3,630,735,50,50,1,-1,-1,-1
309,4,545,1126,50,50,1,-1,-1,-1
309,5,430,1184,50,50,1,-1,-1,-1
310,1,561,916,50,50,1,-1,-1,-1
310,2,506,225,50,50,1,-1,-1,-1
310,3,633,741,50,50,1,-1,-1,-1
310,4,541,1074,50,50,1,-1,-1,-1
310,5,435,1191,50,50,1,-1,-1,-1
311,1,565,921,50,50,1,-1,-1,-1
311,2,501,241,50,50,1,-1,-1,-1
311,3,636,751,50,50,1,-1,-1,-1
311,4,538,1025,50,50,1,-1,-1,-1
311,5,439,1195,50,50,1,-1,-1,-1
312,1,570,927,50,50,1,-1,-1,-1
312,2,499,258,50,50,1,-1,-1,-1
312,3,639,763,50,50,1,-1,-1,-1
312,4,537,979,50,50,1,-1,-1,-1
312,5,442,1198,50,50,1,-1,-1,-1
313,1,575,937,50,50,1,-1,-1,-1
313,2,497,280,50,50,1,-1,-1,-1
313,3,643,779,50,50,1,-1,-1,-1
313,4,535,938,50,50,1,-1,-1,-1
313,5,444,1199,50,50,1,-1,-1,-1
314,1,580,949,50,50,1,-1,-1,-1
314,2,494,306,50,50,1,-1,-1,-1
314,3,645,797,50,50,1,-1,-1,-1
314,4,534,901,50,50,1,-1,-1,-1
314,5,444,1200,50,50,1,-1,-1,-1
315,1,584,963,50,50,1,-1,-1,-1
315,2,492,333,50,50,1,-1,-1,-1
315,3,649,819,50,50,1,-1,-1,-1
315,4,532,867,50,50,1,-1,-1,-1
315,5,444,1200,50,50,1,-1,-1,-1
316,1,586,971,50,50,1,-1,-1,-1
316,2,489,362,50,50,1,-1,-1,-1
316,3,651,840,50,50,1,-1,-1,-1
316,4,532,836,50,50,1,-1,-1,-1
316,5,444,1200,50,50,1,-1,-1,-1
317,1,595,976,50,50,1,-1,-1,-1
317,2,485,396,50,50,1,-1,-1,-1
317,3,654,868,50,50,1,-1,-1,-1
317,4,530,810,50,50,1,-1,-1,-1
317,5,444,1199,50,50,1,-1,-1,-1
318,2,483,431,50,50,1,-1,-1,-1
318,3,657,897,50,50,1,-1,-1,-1
318,4,529,790,50,50,1,-1,-1,-1
318,5,444,1198,50,50,1,-1,-1,-1
319,2,479,469,50,50,1,-1,-1,-1
319,3,661,931,50,50,1,-1,-1,-1
319,4,529,770,50,50,1,-1,-1,-1
319,5,445,1198,50,50,1,-1,-1,-1
320,3,663,968,50,50,1,-1,-1,-1
320,4,528,753,50,50,1,-1,-1,-1
320,5,447,1199,50,50,1,-1,-1,-1
321,3,667,1008,50,50,1,-1,-1,-1
321,4,527,738,50,50,1,-1,-1,-1
321,5,446,1198,50,50,1,-1,-1,-1
322,3,668,1045,50,50,1,-1,-1,-1
322,4,527,727,50,50,1,-1,-1,-1
322,5,442,1193,50,50,1,-1,-1,-1
323,3,675,1061,50,50,1,-1,-1,-1
323,4,526,719,50,50,1,-1,-1,-1
323,5,435,1182,50,50,1,-1,-1,-1
324,3,675,1076,50,50,1,-1,-1,-1
324,4,526,713,50,50,1,-1,-1,-1
324,5,427,1162,50,50,1,-1,-1,-1
325,3,669,1091,50,50,1,-1,-1,-1
325,4,525,710,50,50,1,-1,-1,-1
325,5,417,1146,50,50,1,-1,-1,-1
326,3,657,1106,50,50,1,-1,-1,-1
326,4,523,711,50,50,1,-1,-1,-1
326,5,411,1131,50,50,1,-1,-1,-1
327,3,641,1119,50,50,1,-1,-1,-1
327,4,523,714,50,50,1,-1,-1,-1
327,5,408,1118,50,50,1,-1,-1,-1
328,3,624,1134,50,50,1,-1,-1,-1
328,4,520,722,50,50,1,-1,-1,-1
328,5,406,1115,50,50,1,-1,-1,-1
329,3,606,1150,50,50,1,-1,-1,-1
329,4,519,732,50,50,1,-1,-1,-1
329,5,407,1120,50,50,1,-1,-1,-1
330,2,442,1093,50,50,1,-1,-1,-1
330,3,588,1170,50,50,1,-1,-1,-1
330,4,518,745,50,50,1,-1,-1,-1
330,5,412,1134,50,50,1,-1,-1,-1
331,2,433,1155,50,50,1,-1,-1,-1
331,3,570,1190,50,50,1,-1,-1,-1
331,4,516,760,50,50,1,-1,-1,-1
332,3,552,1208,50,50,1,-1,-1,-1
332,4,515,778,50,50,1,-1,-1,-1
332,5,438,1180,50,50,1,-1,-1,-1
333,3,535,1221,50,50,1,-1,-1,-1
333,4,514,801,50,50,1,-1,-1,-1
333,5,444,1200,50,50,1,-1,-1,-1
334,3,519,1227,50,50,1,-1,-1,-1
334,4,513,826,50,50,1,-1,-1,-1
334,5,441,1219,50,50,1,-1,-1,-1
335,3,503,1222,50,50,1,-1,-1,-1
335,4,512,854,50,50,1,-1,-1,-1
335,5,441,1230,50,50,1,-1,-1,-1
336,3,488,1204,50,50,1,-1,-1,-1
336,4,510,884,50,50,1,-1,-1,-1
336,5,439,1238,50,50,1,-1,-1,-1
337,3,481,1174,50,50,1,-1,-1,-1
337,4,508,918,50,50,1,-1,-1,-1
337,5,438,1242,50,50,1,-1,-1,-1
338,3,478,1132,50,50,1,-1,-1,-1
338,4,507,957,50,50,1,-1,-1,-1
338,5,436,1242,50,50,1,-1,-1,-1
339,3,479,1099,50,50,1,-1,-1,-1
339,4,504,995,50,50,1,-1,-1,-1
339,5,433,1241,50,50,1,-1,-1,-1
340,3,477,1054,50,50,1,-1,-1,-1
340,5,430,1239,50,50,1,-1,-1,-1
341,3,476,1023,50,50,1,-1,-1,-1
341,4,492,1077,50,50,1,-1,-1,-1
341,5,428,1236,50,50,1,-1,-1,-1
342,1,484,1048,50,50,1,-1,-1,-1
342,3,474,996,50,50,1,-1,-1,-1
342,4,495,1122,50,50,1,-1,-1,-1
342,5,425,1232,50,50,1,-1,-1,-1
