2,1,504,1331,50,50,1,-1,-1,-1
2,2,412,1157,50,50,1,-1,-1,-1
3,1,502,1333,50,50,1,-1,-1,-1
3,2,410,1153,50,50,1,-1,-1,-1
4,1,500,1334,50,50,1,-1,-1,-1
4,2,409,1152,50,50,1,-1,-1,-1
5,1,499,1334,50,50,1,-1,-1,-1
5,2,407,1154,50,50,1,-1,-1,-1
6,1,497,1333,50,50,1,-1,-1,-1
6,2,407,1162,50,50,1,-1,-1,-1
7,1,496,1330,50,50,1,-1,-1,-1
7,2,406,1174,50,50,1,-1,-1,-1
8,1,494,1323,50,50,1,-1,-1,-1
8,2,404,1193,50,50,1,-1,-1,-1
9,1,491,1314,50,50,1,-1,-1,-1
9,2,404,1218,50,50,1,-1,-1,-1
10,1,489,1299,50,50,1,-1,-1,-1
10,2,395,1248,50,50,1,-1,-1,-1
11,1,487,1281,50,50,1,-1,-1,-1
11,2,396,1284,50,50,1,-1,-1,-1
12,1,489,1258,50,50,1,-1,-1,-1
12,2,397,1323,50,50,1,-1,-1,-1
13,1,491,1237,50,50,1,-1,-1,-1
13,2,400,1359,50,50,1,-1,-1,-1
14,1,495,1221,50,50,1,-1,-1,-1
14,2,407,1390,50,50,1,-1,-1,-1
15,1,500,1214,50,50,1,-1,-1,-1
15,2,414,1409,50,50,1,-1,-1,-1
16,1,504,1217,50,50,1,-1,-1,-1
16,2,422,1412,50,50,1,-1,-1,-1
17,1,509,1233,50,50,1,-1,-1,-1
17,2,432,1395,50,50,1,-1,-1,-1
18,1,513,1264,50,50,1,-1,-1,-1
18,2,441,1348,50,50,1,-1,-1,-1
19,1,514,1301,50,50,1,-1,-1,-1
19,2,448,1268,50,50,1,-1,-1,-1
20,1,514,1335,50,50,1,-1,-1,-1
20,2,455,1170,50,50,1,-1,-1,-1
21,1,512,1359,50,50,1,-1,-1,-1
21,2,470,1071,50,50,1,-1,-1,-1
22,1,508,1374,50,50,1,-1,-1,-1
22,2,472,981,50,50,1,-1,-1,-1
22,3,438,1070,50,50,1,-1,-1,-1
23,1,504,1381,50,50,1,-1,-1,-1
23,2,475,896,50,50,1,-1,-1,-1
23,3,435,1059,50,50,1,-1,-1,-1
24,1,500,1379,50,50,1,-1,-1,-1
24,2,478,817,50,50,1,-1,-1,-1
24,3,429,1076,50,50,1,-1,-1,-1
25,1,497,1367,50,50,1,-1,-1,-1
25,2,481,744,50,50,1,-1,-1,-1
25,3,427,1116,50,50,1,-1,-1,-1
26,1,495,1340,50,50,1,-1,-1,-1
26,2,484,676,50,50,1,-1,-1,-1
26,3,424,1169,50,50,1,-1,-1,-1
27,1,495,1303,50,50,1,-1,-1,-1
27,2,488,613,50,50,1,-1,-1,-1
27,3,426,1231,50,50,1,-1,-1,-1
28,1,497,1256,50,50,1,-1,-1,-1
28,2,491,555,50,50,1,-1,-1,-1
28,3,430,1285,50,50,1,-1,-1,-1
29,1,500,1212,50,50,1,-1,-1,-1
29,2,494,502,50,50,1,-1,-1,-1
29,3,431,1324,50,50,1,-1,-1,-1
30,1,503,1172,50,50,1,-1,-1,-1
30,2,497,455,50,50,1,-1,-1,-1
30,3,435,1330,50,50,1,-1,-1,-1
31,1,506,1137,50,50,1,-1,-1,-1
31,2,500,412,50,50,1,-1,-1,-1
31,3,437,1306,50,50,1,-1,-1,-1
32,1,509,1104,50,50,1,-1,-1,-1
32,2,503,375,50,50,1,-1,-1,-1
32,3,436,1265,50,50,1,-1,-1,-1
33,1,511,1077,50,50,1,-1,-1,-1
33,2,508,340,50,50,1,-1,-1,-1
33,3,431,1217,50,50,1,-1,-1,-1
33,4,509,1255,50,50,1,-1,-1,-1
34,1,513,1054,50,50,1,-1,-1,-1
34,2,511,312,50,50,1,-1,-1,-1
34,3,426,1174,50,50,1,-1,-1,-1
34,4,520,1296,50,50,1,-1,-1,-1
35,1,516,1037,50,50,1,-1,-1,-1
35,2,514,287,50,50,1,-1,-1,-1
35,3,421,1133,50,50,1,-1,-1,-1
35,4,518,1340,50,50,1,-1,-1,-1
36,1,519,1024,50,50,1,-1,-1,-1
36,2,518,268,50,50,1,-1,-1,-1
36,3,417,1096,50,50,1,-1,-1,-1
36,4,515,1377,50,50,1,-1,-1,-1
36,5,421,1177,50,50,1,-1,-1,-1
37,1,521,1017,50,50,1,-1,-1,-1
37,2,522,251,50,50,1,-1,-1,-1
37,3,413,1065,50,50,1,-1,-1,-1
37,4,514,1393,50,50,1,-1,-1,-1
37,5,420,1190,50,50,1,-1,-1,-1
38,1,523,1013,50,50,1,-1,-1,-1
38,2,526,241,50,50,1,-1,-1,-1
38,3,408,1038,50,50,1,-1,-1,-1
38,4,507,1390,50,50,1,-1,-1,-1
38,5,419,1218,50,50,1,-1,-1,-1
39,1,527,1015,50,50,1,-1,-1,-1
39,2,529,234,50,50,1,-1,-1,-1
39,3,404,1017,50,50,1,-1,-1,-1
39,4,497,1357,50,50,1,-1,-1,-1
39,5,418,1252,50,50,1,-1,-1,-1
40,1,530,1021,50,50,1,-1,-1,-1
40,2,533,231,50,50,1,-1,-1,-1
40,3,399,1000,50,50,1,-1,-1,-1
40,4,485,1283,50,50,1,-1,-1,-1
40,5,426,1291,50,50,1,-1,-1,-1
41,1,533,1031,50,50,1,-1,-1,-1
41,2,537,232,50,50,1,-1,-1,-1
41,3,395,988,50,50,1,-1,-1,-1
41,4,482,1189,50,50,1,-1,-1,-1
41,5,435,1330,50,50,1,-1,-1,-1
42,1,537,1047,50,50,1,-1,-1,-1
42,2,541,239,50,50,1,-1,-1,-1
42,3,390,980,50,50,1,-1,-1,-1
42,4,478,1093,50,50,1,-1,-1,-1
42,5,442,1362,50,50,1,-1,-1,-1
43,1,540,1067,50,50,1,-1,-1,-1
43,2,545,249,50,50,1,-1,-1,-1
43,3,386,977,50,50,1,-1,-1,-1
43,4,477,1004,50,50,1,-1,-1,-1
43,5,450,1378,50,50,1,-1,-1,-1
44,1,544,1093,50,50,1,-1,-1,-1
44,2,550,263,50,50,1,-1,-1,-1
44,3,382,979,50,50,1,-1,-1,-1
44,4,474,920,50,50,1,-1,-1,-1
44,5,458,1376,50,50,1,-1,-1,-1
45,1,547,1123,50,50,1,-1,-1,-1
45,2,554,281,50,50,1,-1,-1,-1
45,3,379,985,50,50,1,-1,-1,-1
45,4,471,840,50,50,1,-1,-1,-1
45,5,463,1356,50,50,1,-1,-1,-1
46,1,551,1158,50,50,1,-1,-1,-1
46,2,558,304,50,50,1,-1,-1,-1
46,3,375,996,50,50,1,-1,-1,-1
46,4,470,766,50,50,1,-1,-1,-1
46,5,466,1316,50,50,1,-1,-1,-1
47,1,553,1191,50,50,1,-1,-1,-1
47,2,563,331,50,50,1,-1,-1,-1
47,3,371,1011,50,50,1,-1,-1,-1
47,4,467,696,50,50,1,-1,-1,-1
47,5,463,1263,50,50,1,-1,-1,-1
48,1,558,1212,50,50,1,-1,-1,-1
48,2,568,362,50,50,1,-1,-1,-1
48,3,367,1031,50,50,1,-1,-1,-1
48,4,465,632,50,50,1,-1,-1,-1
48,5,460,1209,50,50,1,-1,-1,-1
49,1,560,1232,50,50,1,-1,-1,-1
49,2,573,398,50,50,1,-1,-1,-1
49,3,363,1056,50,50,1,-1,-1,-1
49,4,463,572,50,50,1,-1,-1,-1
49,5,455,1165,50,50,1,-1,-1,-1
50,1,557,1261,50,50,1,-1,-1,-1
50,2,577,438,50,50,1,-1,-1,-1
50,3,360,1084,50,50,1,-1,-1,-1
50,4,461,518,50,50,1,-1,-1,-1
50,5,450,1120,50,50,1,-1,-1,-1
51,1,553,1294,50,50,1,-1,-1,-1
51,2,582,482,50,50,1,-1,-1,-1
51,3,356,1118,50,50,1,-1,-1,-1
51,4,460,470,50,50,1,-1,-1,-1
51,5,446,1079,50,50,1,-1,-1,-1
52,1,551,1322,50,50,1,-1,-1,-1
52,2,586,531,50,50,1,-1,-1,-1
52,3,352,1157,50,50,1,-1,-1,-1
52,4,458,424,50,50,1,-1,-1,-1
52,5,442,1043,50,50,1,-1,-1,-1
53,1,551,1332,50,50,1,-1,-1,-1
53,2,591,585,50,50,1,-1,-1,-1
53,3,358,1195,50,50,1,-1,-1,-1
53,4,456,386,50,50,1,-1,-1,-1
53,5,438,1012,50,50,1,-1,-1,-1
54,1,548,1310,50,50,1,-1,-1,-1
54,2,596,643,50,50,1,-1,-1,-1
54,3,355,1214,50,50,1,-1,-1,-1
54,4,455,352,50,50,1,-1,-1,-1
54,5,435,986,50,50,1,-1,-1,-1
55,1,545,1264,50,50,1,-1,-1,-1
55,2,601,704,50,50,1,-1,-1,-1
55,3,363,1232,50,50,1,-1,-1,-1
55,4,453,322,50,50,1,-1,-1,-1
55,5,430,965,50,50,1,-1,-1,-1
56,1,543,1212,50,50,1,-1,-1,-1
56,2,606,772,50,50,1,-1,-1,-1
56,3,364,1245,50,50,1,-1,-1,-1
56,4,452,296,50,50,1,-1,-1,-1
56,5,427,949,50,50,1,-1,-1,-1
57,1,543,1164,50,50,1,-1,-1,-1
57,2,611,843,50,50,1,-1,-1,-1
57,3,384,1277,50,50,1,-1,-1,-1
57,4,451,275,50,50,1,-1,-1,-1
57,5,422,937,50,50,1,-1,-1,-1
58,1,542,1117,50,50,1,-1,-1,-1
58,2,617,919,50,50,1,-1,-1,-1
58,3,399,1312,50,50,1,-1,-1,-1
58,4,449,259,50,50,1,-1,-1,-1
58,5,419,929,50,50,1,-1,-1,-1
59,1,541,1074,50,50,1,-1,-1,-1
59,2,622,998,50,50,1,-1,-1,-1
59,3,415,1354,50,50,1,-1,-1,-1
59,4,448,247,50,50,1,-1,-1,-1
59,5,416,927,50,50,1,-1,-1,-1
60,1,540,1037,50,50,1,-1,-1,-1
60,2,627,1084,50,50,1,-1,-1,-1
60,3,436,1387,50,50,1,-1,-1,-1
60,4,447,239,50,50,1,-1,-1,-1
60,5,412,929,50,50,1,-1,-1,-1
61,1,540,1005,50,50,1,-1,-1,-1
61,2,633,1164,50,50,1,-1,-1,-1
61,3,454,1397,50,50,1,-1,-1,-1
61,4,446,234,50,50,1,-1,-1,-1
61,5,408,935,50,50,1,-1,-1,-1
62,1,540,978,50,50,1,-1,-1,-1
62,2,635,1192,50,50,1,-1,-1,-1
62,3,471,1371,50,50,1,-1,-1,-1
62,4,446,235,50,50,1,-1,-1,-1
62,5,405,946,50,50,1,-1,-1,-1
63,1,539,955,50,50,1,-1,-1,-1
63,2,629,1217,50,50,1,-1,-1,-1
63,3,480,1301,50,50,1,-1,-1,-1
63,4,444,240,50,50,1,-1,-1,-1
63,5,401,962,50,50,1,-1,-1,-1
64,1,539,937,50,50,1,-1,-1,-1
64,2,624,1242,50,50,1,-1,-1,-1
64,3,481,1202,50,50,1,-1,-1,-1
64,4,444,248,50,50,1,-1,-1,-1
64,5,397,983,50,50,1,-1,-1,-1
65,1,539,924,50,50,1,-1,-1,-1
65,2,604,1281,50,50,1,-1,-1,-1
65,3,478,1106,50,50,1,-1,-1,-1
65,4,443,262,50,50,1,-1,-1,-1
65,5,394,1008,50,50,1,-1,-1,-1
66,1,539,915,50,50,1,-1,-1,-1
66,2,586,1328,50,50,1,-1,-1,-1
66,3,479,1010,50,50,1,-1,-1,-1
66,4,442,278,50,50,1,-1,-1,-1
66,5,391,1038,50,50,1,-1,-1,-1
67,1,539,911,50,50,1,-1,-1,-1
67,2,563,1362,50,50,1,-1,-1,-1
67,3,479,924,50,50,1,-1,-1,-1
67,4,442,300,50,50,1,-1,-1,-1
67,5,387,1073,50,50,1,-1,-1,-1
68,1,539,911,50,50,1,-1,-1,-1
68,2,543,1379,50,50,1,-1,-1,-1
68,3,478,840,50,50,1,-1,-1,-1
68,4,441,325,50,50,1,-1,-1,-1
68,5,384,1112,50,50,1,-1,-1,-1
69,1,539,916,50,50,1,-1,-1,-1
69,2,526,1379,50,50,1,-1,-1,-1
69,3,477,762,50,50,1,-1,-1,-1
69,4,441,355,50,50,1,-1,-1,-1
69,5,380,1151,50,50,1,-1,-1,-1
70,1,539,926,50,50,1,-1,-1,-1
70,2,514,1357,50,50,1,-1,-1,-1
70,3,476,687,50,50,1,-1,-1,-1
70,4,440,389,50,50,1,-1,-1,-1
70,5,383,1183,50,50,1,-1,-1,-1
71,1,540,940,50,50,1,-1,-1,-1
71,2,504,1319,50,50,1,-1,-1,-1
71,3,476,618,50,50,1,-1,-1,-1
71,4,440,427,50,50,1,-1,-1,-1
71,5,390,1208,50,50,1,-1,-1,-1
72,1,540,959,50,50,1,-1,-1,-1
72,2,499,1268,50,50,1,-1,-1,-1
72,3,475,555,50,50,1,-1,-1,-1
72,4,440,470,50,50,1,-1,-1,-1
72,5,398,1237,50,50,1,-1,-1,-1
73,1,540,982,50,50,1,-1,-1,-1
73,2,498,1217,50,50,1,-1,-1,-1
73,3,475,495,50,50,1,-1,-1,-1
73,4,438,519,50,50,1,-1,-1,-1
73,5,410,1273,50,50,1,-1,-1,-1
74,1,541,1010,50,50,1,-1,-1,-1
74,2,499,1170,50,50,1,-1,-1,-1
74,3,475,443,50,50,1,-1,-1,-1
74,4,439,569,50,50,1,-1,-1,-1
74,5,428,1315,50,50,1,-1,-1,-1
75,1,542,1042,50,50,1,-1,-1,-1
75,2,498,1126,50,50,1,-1,-1,-1
75,3,474,395,50,50,1,-1,-1,-1
75,4,439,625,50,50,1,-1,-1,-1
75,5,445,1344,50,50,1,-1,-1,-1
76,1,544,1080,50,50,1,-1,-1,-1
76,2,498,1087,50,50,1,-1,-1,-1
76,3,474,351,50,50,1,-1,-1,-1
76,4,439,685,50,50,1,-1,-1,-1
76,5,457,1355,50,50,1,-1,-1,-1
77,1,545,1121,50,50,1,-1,-1,-1
77,2,500,1049,50,50,1,-1,-1,-1
77,3,475,312,50,50,1,-1,-1,-1
77,4,439,750,50,50,1,-1,-1,-1
77,5,463,1344,50,50,1,-1,-1,-1
78,1,549,1160,50,50,1,-1,-1,-1
78,2,501,1016,50,50,1,-1,-1,-1
78,3,475,277,50,50,1,-1,-1,-1
78,4,440,819,50,50,1,-1,-1,-1
78,5,466,1313,50,50,1,-1,-1,-1
79,1,553,1178,50,50,1,-1,-1,-1
79,2,501,991,50,50,1,-1,-1,-1
79,3,475,248,50,50,1,-1,-1,-1
79,4,440,892,50,50,1,-1,-1,-1
79,5,463,1264,50,50,1,-1,-1,-1
80,1,554,1203,50,50,1,-1,-1,-1
80,2,502,969,50,50,1,-1,-1,-1
80,3,475,221,50,50,1,-1,-1,-1
80,4,440,969,50,50,1,-1,-1,-1
80,5,459,1215,50,50,1,-1,-1,-1
81,1,548,1238,50,50,1,-1,-1,-1
81,2,503,952,50,50,1,-1,-1,-1
81,3,475,200,50,50,1,-1,-1,-1
81,4,441,1051,50,50,1,-1,-1,-1
81,5,453,1170,50,50,1,-1,-1,-1
82,1,540,1294,50,50,1,-1,-1,-1
82,2,503,940,50,50,1,-1,-1,-1
82,3,475,183,50,50,1,-1,-1,-1
82,4,445,1136,50,50,1,-1,-1,-1
83,1,534,1356,50,50,1,-1,-1,-1
83,2,505,932,50,50,1,-1,-1,-1
83,3,476,171,50,50,1,-1,-1,-1
83,4,438,1212,50,50,1,-1,-1,-1
83,5,443,1092,50,50,1,-1,-1,-1
84,1,526,1394,50,50,1,-1,-1,-1
84,2,505,929,50,50,1,-1,-1,-1
84,3,476,162,50,50,1,-1,-1,-1
84,4,437,1232,50,50,1,-1,-1,-1
84,5,439,1060,50,50,1,-1,-1,-1
85,1,515,1405,50,50,1,-1,-1,-1
85,2,507,930,50,50,1,-1,-1,-1
85,3,477,158,50,50,1,-1,-1,-1
85,4,433,1248,50,50,1,-1,-1,-1
85,5,434,1032,50,50,1,-1,-1,-1
86,1,499,1386,50,50,1,-1,-1,-1
86,2,508,936,50,50,1,-1,-1,-1
86,3,477,158,50,50,1,-1,-1,-1
86,4,432,1260,50,50,1,-1,-1,-1
86,5,429,1010,50,50,1,-1,-1,-1
87,1,479,1331,50,50,1,-1,-1,-1
87,2,510,947,50,50,1,-1,-1,-1
87,3,478,163,50,50,1,-1,-1,-1
87,4,435,1275,50,50,1,-1,-1,-1
87,5,425,992,50,50,1,-1,-1,-1
88,1,465,1239,50,50,1,-1,-1,-1
88,2,511,962,50,50,1,-1,-1,-1
88,3,479,172,50,50,1,-1,-1,-1
88,4,436,1295,50,50,1,-1,-1,-1
88,5,420,979,50,50,1,-1,-1,-1
89,1,461,1146,50,50,1,-1,-1,-1
89,2,514,983,50,50,1,-1,-1,-1
89,3,480,184,50,50,1,-1,-1,-1
89,4,440,1319,50,50,1,-1,-1,-1
89,5,416,970,50,50,1,-1,-1,-1
90,1,455,1056,50,50,1,-1,-1,-1
90,2,516,1007,50,50,1,-1,-1,-1
90,3,480,202,50,50,1,-1,-1,-1
90,4,447,1341,50,50,1,-1,-1,-1
90,5,411,966,50,50,1,-1,-1,-1
91,1,454,971,50,50,1,-1,-1,-1
91,2,518,1037,50,50,1,-1,-1,-1
91,3,482,224,50,50,1,-1,-1,-1
91,4,451,1355,50,50,1,-1,-1,-1
91,5,407,966,50,50,1,-1,-1,-1
92,1,450,889,50,50,1,-1,-1,-1
92,2,520,1073,50,50,1,-1,-1,-1
92,3,483,249,50,50,1,-1,-1,-1
92,4,457,1356,50,50,1,-1,-1,-1
92,5,403,971,50,50,1,-1,-1,-1
93,1,446,814,50,50,1,-1,-1,-1
93,2,523,1108,50,50,1,-1,-1,-1
93,3,484,279,50,50,1,-1,-1,-1
93,4,458,1343,50,50,1,-1,-1,-1
93,5,399,980,50,50,1,-1,-1,-1
94,1,443,742,50,50,1,-1,-1,-1
94,2,526,1142,50,50,1,-1,-1,-1
94,3,485,314,50,50,1,-1,-1,-1
94,4,457,1310,50,50,1,-1,-1,-1
94,5,395,994,50,50,1,-1,-1,-1
95,1,439,675,50,50,1,-1,-1,-1
95,2,526,1166,50,50,1,-1,-1,-1
95,3,486,352,50,50,1,-1,-1,-1
95,4,452,1259,50,50,1,-1,-1,-1
95,5,390,1013,50,50,1,-1,-1,-1
96,1,436,614,50,50,1,-1,-1,-1
96,2,521,1198,50,50,1,-1,-1,-1
96,3,488,397,50,50,1,-1,-1,-1
96,4,446,1208,50,50,1,-1,-1,-1
96,5,386,1036,50,50,1,-1,-1,-1
97,1,432,557,50,50,1,-1,-1,-1
97,2,512,1235,50,50,1,-1,-1,-1
97,3,490,444,50,50,1,-1,-1,-1
97,4,439,1163,50,50,1,-1,-1,-1
97,5,382,1063,50,50,1,-1,-1,-1
98,1,429,505,50,50,1,-1,-1,-1
98,2,498,1278,50,50,1,-1,-1,-1
98,3,491,497,50,50,1,-1,-1,-1
98,4,433,1120,50,50,1,-1,-1,-1
98,5,379,1096,50,50,1,-1,-1,-1
99,1,426,460,50,50,1,-1,-1,-1
99,2,486,1324,50,50,1,-1,-1,-1
99,3,492,555,50,50,1,-1,-1,-1
99,4,427,1081,50,50,1,-1,-1,-1
99,5,375,1133,50,50,1,-1,-1,-1
100,1,423,417,50,50,1,-1,-1,-1
100,2,480,1349,50,50,1,-1,-1,-1
100,3,494,616,50,50,1,-1,-1,-1
100,4,421,1048,50,50,1,-1,-1,-1
100,5,371,1175,50,50,1,-1,-1,-1
101,1,420,379,50,50,1,-1,-1,-1
101,2,472,1345,50,50,1,-1,-1,-1
101,3,496,683,50,50,1,-1,-1,-1
101,4,415,1019,50,50,1,-1,-1,-1
101,5,365,1214,50,50,1,-1,-1,-1
102,1,417,347,50,50,1,-1,-1,-1
102,2,463,1315,50,50,1,-1,-1,-1
102,3,498,755,50,50,1,-1,-1,-1
102,4,409,995,50,50,1,-1,-1,-1
102,5,362,1244,50,50,1,-1,-1,-1
103,1,414,319,50,50,1,-1,-1,-1
103,2,459,1266,50,50,1,-1,-1,-1
103,3,499,830,50,50,1,-1,-1,-1
103,4,403,975,50,50,1,-1,-1,-1
103,5,364,1269,50,50,1,-1,-1,-1
104,1,411,295,50,50,1,-1,-1,-1
104,2,459,1211,50,50,1,-1,-1,-1
104,3,502,911,50,50,1,-1,-1,-1
104,4,397,960,50,50,1,-1,-1,-1
104,5,370,1294,50,50,1,-1,-1,-1
105,1,408,276,50,50,1,-1,-1,-1
105,2,462,1163,50,50,1,-1,-1,-1
105,3,503,996,50,50,1,-1,-1,-1
105,4,391,950,50,50,1,-1,-1,-1
105,5,377,1326,50,50,1,-1,-1,-1
106,1,406,262,50,50,1,-1,-1,-1
106,2,464,1116,50,50,1,-1,-1,-1
106,3,507,1090,50,50,1,-1,-1,-1
106,4,386,944,50,50,1,-1,-1,-1
106,5,389,1360,50,50,1,-1,-1,-1
107,1,403,251,50,50,1,-1,-1,-1
107,2,469,1075,50,50,1,-1,-1,-1
107,3,507,1171,50,50,1,-1,-1,-1
107,4,381,943,50,50,1,-1,-1,-1
107,5,402,1387,50,50,1,-1,-1,-1
108,1,400,245,50,50,1,-1,-1,-1
108,2,473,1037,50,50,1,-1,-1,-1
108,3,521,1207,50,50,1,-1,-1,-1
108,4,375,947,50,50,1,-1,-1,-1
108,5,416,1400,50,50,1,-1,-1,-1
109,1,397,244,50,50,1,-1,-1,-1
109,2,477,1006,50,50,1,-1,-1,-1
109,3,520,1229,50,50,1,-1,-1,-1
109,4,370,955,50,50,1,-1,-1,-1
109,5,425,1383,50,50,1,-1,-1,-1
110,1,395,247,50,50,1,-1,-1,-1
110,2,481,979,50,50,1,-1,-1,-1
110,3,517,1258,50,50,1,-1,-1,-1
110,4,364,967,50,50,1,-1,-1,-1
110,5,430,1325,50,50,1,-1,-1,-1
111,1,392,255,50,50,1,-1,-1,-1
111,2,485,957,50,50,1,-1,-1,-1
111,3,506,1299,50,50,1,-1,-1,-1
111,4,359,984,50,50,1,-1,-1,-1
111,5,432,1223,50,50,1,-1,-1,-1
112,1,390,267,50,50,1,-1,-1,-1
112,2,489,939,50,50,1,-1,-1,-1
112,3,494,1337,50,50,1,-1,-1,-1
112,4,353,1006,50,50,1,-1,-1,-1
112,5,433,1129,50,50,1,-1,-1,-1
113,1,388,284,50,50,1,-1,-1,-1
113,2,493,926,50,50,1,-1,-1,-1
113,3,486,1364,50,50,1,-1,-1,-1
113,4,348,1032,50,50,1,-1,-1,-1
113,5,434,1034,50,50,1,-1,-1,-1
114,1,385,305,50,50,1,-1,-1,-1
114,2,497,918,50,50,1,-1,-1,-1
114,3,482,1383,50,50,1,-1,-1,-1
114,4,343,1063,50,50,1,-1,-1,-1
114,5,434,943,50,50,1,-1,-1,-1
115,1,383,331,50,50,1,-1,-1,-1
115,2,501,914,50,50,1,-1,-1,-1
115,3,477,1391,50,50,1,-1,-1,-1
115,4,338,1098,50,50,1,-1,-1,-1
115,5,437,858,50,50,1,-1,-1,-1
116,1,381,362,50,50,1,-1,-1,-1
116,2,505,915,50,50,1,-1,-1,-1
116,3,472,1388,50,50,1,-1,-1,-1
116,4,334,1135,50,50,1,-1,-1,-1
116,5,437,778,50,50,1,-1,-1,-1
117,1,379,398,50,50,1,-1,-1,-1
117,2,510,920,50,50,1,-1,-1,-1
117,3,466,1373,50,50,1,-1,-1,-1
117,4,337,1179,50,50,1,-1,-1,-1
117,5,438,702,50,50,1,-1,-1,-1
118,1,377,438,50,50,1,-1,-1,-1
118,2,514,930,50,50,1,-1,-1,-1
118,3,459,1344,50,50,1,-1,-1,-1
118,4,338,1210,50,50,1,-1,-1,-1
118,5,441,631,50,50,1,-1,-1,-1
119,1,375,484,50,50,1,-1,-1,-1
119,2,519,945,50,50,1,-1,-1,-1
119,3,456,1298,50,50,1,-1,-1,-1
119,4,344,1233,50,50,1,-1,-1,-1
119,5,442,565,50,50,1,-1,-1,-1
120,1,372,534,50,50,1,-1,-1,-1
120,2,523,964,50,50,1,-1,-1,-1
120,3,457,1242,50,50,1,-1,-1,-1
120,4,359,1259,50,50,1,-1,-1,-1
120,5,444,506,50,50,1,-1,-1,-1
121,1,371,589,50,50,1,-1,-1,-1
121,2,528,987,50,50,1,-1,-1,-1
121,3,460,1187,50,50,1,-1,-1,-1
121,4,383,1292,50,50,1,-1,-1,-1
121,5,446,450,50,50,1,-1,-1,-1
122,1,369,650,50,50,1,-1,-1,-1
122,2,533,1015,50,50,1,-1,-1,-1
122,3,464,1141,50,50,1,-1,-1,-1
122,4,409,1308,50,50,1,-1,-1,-1
122,5,447,399,50,50,1,-1,-1,-1
123,1,367,716,50,50,1,-1,-1,-1
123,2,538,1049,50,50,1,-1,-1,-1
123,3,470,1090,50,50,1,-1,-1,-1
123,4,426,1278,50,50,1,-1,-1,-1
123,5,449,353,50,50,1,-1,-1,-1
124,1,367,788,50,50,1,-1,-1,-1
124,2,543,1085,50,50,1,-1,-1,-1
124,3,475,1049,50,50,1,-1,-1,-1
124,4,430,1226,50,50,1,-1,-1,-1
124,5,451,312,50,50,1,-1,-1,-1
125,1,364,864,50,50,1,-1,-1,-1
125,2,546,1127,50,50,1,-1,-1,-1
125,3,481,1010,50,50,1,-1,-1,-1
125,4,430,1172,50,50,1,-1,-1,-1
125,5,452,275,50,50,1,-1,-1,-1
126,1,363,946,50,50,1,-1,-1,-1
126,2,547,1166,50,50,1,-1,-1,-1
126,3,486,979,50,50,1,-1,-1,-1
126,4,427,1130,50,50,1,-1,-1,-1
126,5,454,243,50,50,1,-1,-1,-1
127,1,361,1033,50,50,1,-1,-1,-1
127,2,548,1189,50,50,1,-1,-1,-1
127,3,491,952,50,50,1,-1,-1,-1
127,4,424,1086,50,50,1,-1,-1,-1
127,5,456,214,50,50,1,-1,-1,-1
128,1,359,1126,50,50,1,-1,-1,-1
128,2,542,1214,50,50,1,-1,-1,-1
128,3,496,930,50,50,1,-1,-1,-1
128,4,422,1047,50,50,1,-1,-1,-1
128,5,458,191,50,50,1,-1,-1,-1
129,1,355,1201,50,50,1,-1,-1,-1
129,2,535,1259,50,50,1,-1,-1,-1
129,3,502,912,50,50,1,-1,-1,-1
129,4,421,1013,50,50,1,-1,-1,-1
129,5,461,171,50,50,1,-1,-1,-1
130,1,355,1218,50,50,1,-1,-1,-1
130,2,523,1317,50,50,1,-1,-1,-1
130,3,506,899,50,50,1,-1,-1,-1
130,4,419,984,50,50,1,-1,-1,-1
130,5,463,156,50,50,1,-1,-1,-1
131,1,370,1223,50,50,1,-1,-1,-1
131,2,517,1368,50,50,1,-1,-1,-1
131,3,513,891,50,50,1,-1,-1,-1
131,4,417,960,50,50,1,-1,-1,-1
131,5,466,146,50,50,1,-1,-1,-1
132,1,381,1231,50,50,1,-1,-1,-1
132,2,513,1395,50,50,1,-1,-1,-1
132,3,518,887,50,50,1,-1,-1,-1
132,4,415,940,50,50,1,-1,-1,-1
132,5,468,140,50,50,1,-1,-1,-1
133,1,390,1244,50,50,1,-1,-1,-1
133,2,504,1388,50,50,1,-1,-1,-1
133,3,523,887,50,50,1,-1,-1,-1
133,4,413,926,50,50,1,-1,-1,-1
133,5,470,138,50,50,1,-1,-1,-1
134,1,399,1269,50,50,1,-1,-1,-1
134,2,495,1344,50,50,1,-1,-1,-1
134,3,529,893,50,50,1,-1,-1,-1
134,4,411,916,50,50,1,-1,-1,-1
134,5,473,140,50,50,1,-1,-1,-1
135,1,411,1296,50,50,1,-1,-1,-1
135,2,485,1258,50,50,1,-1,-1,-1
135,3,535,902,50,50,1,-1,-1,-1
135,4,410,910,50,50,1,-1,-1,-1
135,5,476,147,50,50,1,-1,-1,-1
136,1,427,1330,50,50,1,-1,-1,-1
136,2,482,1163,50,50,1,-1,-1,-1
136,3,541,917,50,50,1,-1,-1,-1
136,4,408,909,50,50,1,-1,-1,-1
136,5,479,158,50,50,1,-1,-1,-1
137,1,440,1360,50,50,1,-1,-1,-1
137,2,479,1070,50,50,1,-1,-1,-1
137,3,546,936,50,50,1,-1,-1,-1
137,4,406,913,50,50,1,-1,-1,-1
137,5,482,174,50,50,1,-1,-1,-1
138,1,456,1374,50,50,1,-1,-1,-1
138,2,474,974,50,50,1,-1,-1,-1
138,3,552,959,50,50,1,-1,-1,-1
138,4,405,921,50,50,1,-1,-1,-1
138,5,485,194,50,50,1,-1,-1,-1
139,1,468,1373,50,50,1,-1,-1,-1
139,2,471,886,50,50,1,-1,-1,-1
139,3,558,987,50,50,1,-1,-1,-1
139,4,403,934,50,50,1,-1,-1,-1
139,5,488,219,50,50,1,-1,-1,-1
140,1,474,1355,50,50,1,-1,-1,-1
140,2,467,804,50,50,1,-1,-1,-1
140,3,564,1020,50,50,1,-1,-1,-1
140,4,402,951,50,50,1,-1,-1,-1
140,5,491,248,50,50,1,-1,-1,-1
141,1,473,1315,50,50,1,-1,-1,-1
141,2,463,727,50,50,1,-1,-1,-1
141,3,571,1058,50,50,1,-1,-1,-1
141,4,401,973,50,50,1,-1,-1,-1
141,5,494,281,50,50,1,-1,-1,-1
142,1,466,1263,50,50,1,-1,-1,-1
142,2,460,655,50,50,1,-1,-1,-1
142,3,578,1094,50,50,1,-1,-1,-1
142,4,399,1000,50,50,1,-1,-1,-1
142,5,497,319,50,50,1,-1,-1,-1
143,1,459,1212,50,50,1,-1,-1,-1
143,2,456,589,50,50,1,-1,-1,-1
143,3,584,1127,50,50,1,-1,-1,-1
143,4,398,1031,50,50,1,-1,-1,-1
143,5,500,363,50,50,1,-1,-1,-1
144,1,452,1165,50,50,1,-1,-1,-1
144,2,453,527,50,50,1,-1,-1,-1
144,3,570,1147,50,50,1,-1,-1,-1
144,4,396,1068,50,50,1,-1,-1,-1
144,5,504,410,50,50,1,-1,-1,-1
145,1,444,1122,50,50,1,-1,-1,-1
145,2,450,471,50,50,1,-1,-1,-1
145,3,558,1185,50,50,1,-1,-1,-1
145,4,395,1108,50,50,1,-1,-1,-1
145,5,507,461,50,50,1,-1,-1,-1
146,1,437,1083,50,50,1,-1,-1,-1
146,2,447,419,50,50,1,-1,-1,-1
146,3,535,1238,50,50,1,-1,-1,-1
146,4,394,1153,50,50,1,-1,-1,-1
146,5,511,520,50,50,1,-1,-1,-1
147,1,430,1050,50,50,1,-1,-1,-1
147,2,444,373,50,50,1,-1,-1,-1
147,3,512,1295,50,50,1,-1,-1,-1
147,4,393,1199,50,50,1,-1,-1,-1
147,5,515,583,50,50,1,-1,-1,-1
148,1,423,1021,50,50,1,-1,-1,-1
148,2,440,331,50,50,1,-1,-1,-1
148,3,499,1316,50,50,1,-1,-1,-1
148,4,391,1230,50,50,1,-1,-1,-1
148,5,518,651,50,50,1,-1,-1,-1
149,1,417,998,50,50,1,-1,-1,-1
149,2,438,296,50,50,1,-1,-1,-1
149,3,492,1295,50,50,1,-1,-1,-1
149,4,393,1255,50,50,1,-1,-1,-1
149,5,523,724,50,50,1,-1,-1,-1
150,1,410,979,50,50,1,-1,-1,-1
150,2,436,263,50,50,1,-1,-1,-1
150,3,489,1245,50,50,1,-1,-1,-1
150,4,399,1284,50,50,1,-1,-1,-1
150,5,527,802,50,50,1,-1,-1,-1
151,1,403,965,50,50,1,-1,-1,-1
151,2,432,235,50,50,1,-1,-1,-1
151,3,492,1188,50,50,1,-1,-1,-1
151,4,405,1315,50,50,1,-1,-1,-1
151,5,531,885,50,50,1,-1,-1,-1
152,1,397,955,50,50,1,-1,-1,-1
152,2,429,213,50,50,1,-1,-1,-1
152,3,495,1145,50,50,1,-1,-1,-1
152,4,410,1342,50,50,1,-1,-1,-1
152,5,535,974,50,50,1,-1,-1,-1
153,1,390,950,50,50,1,-1,-1,-1
153,2,427,194,50,50,1,-1,-1,-1
153,3,498,1092,50,50,1,-1,-1,-1
153,4,413,1364,50,50,1,-1,-1,-1
153,5,540,1067,50,50,1,-1,-1,-1
154,1,384,950,50,50,1,-1,-1,-1
154,2,424,180,50,50,1,-1,-1,-1
154,3,503,1049,50,50,1,-1,-1,-1
154,4,418,1383,50,50,1,-1,-1,-1
154,5,544,1163,50,50,1,-1,-1,-1
155,1,378,955,50,50,1,-1,-1,-1
155,2,422,171,50,50,1,-1,-1,-1
155,3,505,1011,50,50,1,-1,-1,-1
155,4,429,1389,50,50,1,-1,-1,-1
155,5,554,1213,50,50,1,-1,-1,-1
156,1,371,964,50,50,1,-1,-1,-1
156,2,420,165,50,50,1,-1,-1,-1
156,3,508,979,50,50,1,-1,-1,-1
156,4,438,1372,50,50,1,-1,-1,-1
156,5,552,1236,50,50,1,-1,-1,-1
157,1,365,977,50,50,1,-1,-1,-1
157,2,417,165,50,50,1,-1,-1,-1
157,3,512,951,50,50,1,-1,-1,-1
157,4,444,1318,50,50,1,-1,-1,-1
157,5,544,1263,50,50,1,-1,-1,-1
158,1,359,996,50,50,1,-1,-1,-1
158,2,415,168,50,50,1,-1,-1,-1
158,3,515,927,50,50,1,-1,-1,-1
158,4,444,1223,50,50,1,-1,-1,-1
158,5,535,1297,50,50,1,-1,-1,-1
159,1,353,1018,50,50,1,-1,-1,-1
159,2,413,176,50,50,1,-1,-1,-1
159,3,520,909,50,50,1,-1,-1,-1
159,4,447,1133,50,50,1,-1,-1,-1
159,5,519,1336,50,50,1,-1,-1,-1
160,1,347,1045,50,50,1,-1,-1,-1
160,2,411,188,50,50,1,-1,-1,-1
160,3,523,895,50,50,1,-1,-1,-1
160,4,446,1045,50,50,1,-1,-1,-1
160,5,503,1369,50,50,1,-1,-1,-1
161,1,341,1077,50,50,1,-1,-1,-1
161,2,409,205,50,50,1,-1,-1,-1
161,3,527,885,50,50,1,-1,-1,-1
161,4,451,963,50,50,1,-1,-1,-1
161,5,494,1392,50,50,1,-1,-1,-1
162,1,335,1113,50,50,1,-1,-1,-1
162,2,407,226,50,50,1,-1,-1,-1
162,3,531,880,50,50,1,-1,-1,-1
162,4,453,887,50,50,1,-1,-1,-1
162,5,488,1407,50,50,1,-1,-1,-1
163,1,329,1154,50,50,1,-1,-1,-1
163,2,405,252,50,50,1,-1,-1,-1
163,3,535,881,50,50,1,-1,-1,-1
163,4,455,816,50,50,1,-1,-1,-1
163,5,483,1408,50,50,1,-1,-1,-1
164,1,324,1195,50,50,1,-1,-1,-1
164,2,403,282,50,50,1,-1,-1,-1
164,3,539,885,50,50,1,-1,-1,-1
164,4,457,749,50,50,1,-1,-1,-1
164,5,474,1396,50,50,1,-1,-1,-1
165,1,323,1229,50,50,1,-1,-1,-1
165,2,401,316,50,50,1,-1,-1,-1
165,3,543,894,50,50,1,-1,-1,-1
165,4,459,689,50,50,1,-1,-1,-1
165,5,466,1367,50,50,1,-1,-1,-1
166,1,329,1256,50,50,1,-1,-1,-1
166,2,400,355,50,50,1,-1,-1,-1
166,3,548,908,50,50,1,-1,-1,-1
166,4,461,633,50,50,1,-1,-1,-1
166,5,464,1321,50,50,1,-1,-1,-1
167,1,341,1285,50,50,1,-1,-1,-1
167,2,398,399,50,50,1,-1,-1,-1
167,3,552,926,50,50,1,-1,-1,-1
167,4,464,582,50,50,1,-1,-1,-1
167,5,464,1264,50,50,1,-1,-1,-1
168,1,359,1320,50,50,1,-1,-1,-1
168,2,396,447,50,50,1,-1,-1,-1
168,3,557,949,50,50,1,-1,-1,-1
168,4,466,534,50,50,1,-1,-1,-1
168,5,468,1209,50,50,1,-1,-1,-1
169,1,384,1352,50,50,1,-1,-1,-1
169,2,394,501,50,50,1,-1,-1,-1
169,3,562,976,50,50,1,-1,-1,-1
169,4,469,492,50,50,1,-1,-1,-1
169,5,472,1164,50,50,1,-1,-1,-1
170,1,413,1369,50,50,1,-1,-1,-1
170,2,393,558,50,50,1,-1,-1,-1
170,3,566,1008,50,50,1,-1,-1,-1
170,4,472,456,50,50,1,-1,-1,-1
170,5,478,1118,50,50,1,-1,-1,-1
171,1,434,1367,50,50,1,-1,-1,-1
171,2,391,622,50,50,1,-1,-1,-1
171,3,571,1045,50,50,1,-1,-1,-1
171,4,474,424,50,50,1,-1,-1,-1
171,5,483,1079,50,50,1,-1,-1,-1
172,1,448,1344,50,50,1,-1,-1,-1
172,2,390,689,50,50,1,-1,-1,-1
172,3,575,1086,50,50,1,-1,-1,-1
172,4,477,397,50,50,1,-1,-1,-1
172,5,488,1042,50,50,1,-1,-1,-1
173,1,453,1299,50,50,1,-1,-1,-1
173,2,390,762,50,50,1,-1,-1,-1
173,3,580,1130,50,50,1,-1,-1,-1
173,4,480,374,50,50,1,-1,-1,-1
173,5,494,1011,50,50,1,-1,-1,-1
174,1,452,1247,50,50,1,-1,-1,-1
174,2,388,840,50,50,1,-1,-1,-1
174,4,483,355,50,50,1,-1,-1,-1
174,5,499,986,50,50,1,-1,-1,-1
175,1,449,1200,50,50,1,-1,-1,-1
175,2,388,921,50,50,1,-1,-1,-1
175,4,486,340,50,50,1,-1,-1,-1
175,5,503,966,50,50,1,-1,-1,-1
176,1,446,1158,50,50,1,-1,-1,-1
176,2,386,1009,50,50,1,-1,-1,-1
176,3,548,1215,50,50,1,-1,-1,-1
176,4,489,331,50,50,1,-1,-1,-1
176,5,509,950,50,50,1,-1,-1,-1
177,1,443,1119,50,50,1,-1,-1,-1
177,2,385,1100,50,50,1,-1,-1,-1
177,3,543,1259,50,50,1,-1,-1,-1
177,4,492,325,50,50,1,-1,-1,-1
177,5,514,938,50,50,1,-1,-1,-1
178,1,440,1085,50,50,1,-1,-1,-1
178,2,385,1195,50,50,1,-1,-1,-1
178,3,529,1323,50,50,1,-1,-1,-1
178,4,495,323,50,50,1,-1,-1,-1
178,5,520,932,50,50,1,-1,-1,-1
179,1,438,1054,50,50,1,-1,-1,-1
179,2,374,1239,50,50,1,-1,-1,-1
179,3,522,1373,50,50,1,-1,-1,-1
179,4,498,326,50,50,1,-1,-1,-1
179,5,525,930,50,50,1,-1,-1,-1
180,1,435,1029,50,50,1,-1,-1,-1
180,2,377,1258,50,50,1,-1,-1,-1
180,3,513,1380,50,50,1,-1,-1,-1
180,4,501,333,50,50,1,-1,-1,-1
180,5,531,933,50,50,1,-1,-1,-1
181,1,432,1009,50,50,1,-1,-1,-1
181,2,387,1274,50,50,1,-1,-1,-1
181,3,502,1341,50,50,1,-1,-1,-1
181,4,505,344,50,50,1,-1,-1,-1
181,5,537,940,50,50,1,-1,-1,-1
182,1,430,993,50,50,1,-1,-1,-1
182,2,398,1297,50,50,1,-1,-1,-1
182,3,491,1258,50,50,1,-1,-1,-1
182,4,508,359,50,50,1,-1,-1,-1
182,5,543,952,50,50,1,-1,-1,-1
183,1,427,982,50,50,1,-1,-1,-1
183,2,411,1325,50,50,1,-1,-1,-1
183,3,484,1168,50,50,1,-1,-1,-1
183,4,511,378,50,50,1,-1,-1,-1
183,5,548,969,50,50,1,-1,-1,-1
184,1,425,975,50,50,1,-1,-1,-1
184,2,427,1355,50,50,1,-1,-1,-1
184,3,479,1087,50,50,1,-1,-1,-1
184,4,515,402,50,50,1,-1,-1,-1
184,5,554,990,50,50,1,-1,-1,-1
185,1,422,973,50,50,1,-1,-1,-1
185,2,446,1374,50,50,1,-1,-1,-1
185,3,473,999,50,50,1,-1,-1,-1
185,4,518,430,50,50,1,-1,-1,-1
185,5,560,1017,50,50,1,-1,-1,-1
186,1,420,976,50,50,1,-1,-1,-1
186,2,465,1380,50,50,1,-1,-1,-1
186,3,469,920,50,50,1,-1,-1,-1
186,4,522,462,50,50,1,-1,-1,-1
186,5,567,1048,50,50,1,-1,-1,-1
187,1,418,983,50,50,1,-1,-1,-1
187,2,476,1371,50,50,1,-1,-1,-1
187,3,463,845,50,50,1,-1,-1,-1
187,4,526,498,50,50,1,-1,-1,-1
187,5,573,1082,50,50,1,-1,-1,-1
188,1,416,995,50,50,1,-1,-1,-1
188,2,482,1347,50,50,1,-1,-1,-1
188,3,458,775,50,50,1,-1,-1,-1
188,4,530,539,50,50,1,-1,-1,-1
189,1,414,1012,50,50,1,-1,-1,-1
189,2,482,1302,50,50,1,-1,-1,-1
189,3,454,709,50,50,1,-1,-1,-1
189,4,534,584,50,50,1,-1,-1,-1
190,1,412,1033,50,50,1,-1,-1,-1
190,2,477,1250,50,50,1,-1,-1,-1
190,3,449,649,50,50,1,-1,-1,-1
190,4,538,633,50,50,1,-1,-1,-1
191,1,410,1060,50,50,1,-1,-1,-1
191,2,471,1198,50,50,1,-1,-1,-1
191,3,444,594,50,50,1,-1,-1,-1
191,4,542,687,50,50,1,-1,-1,-1
192,1,408,1091,50,50,1,-1,-1,-1
192,2,463,1156,50,50,1,-1,-1,-1
192,3,439,541,50,50,1,-1,-1,-1
192,4,545,745,50,50,1,-1,-1,-1
193,1,406,1127,50,50,1,-1,-1,-1
193,2,455,1110,50,50,1,-1,-1,-1
193,3,434,495,50,50,1,-1,-1,-1
193,4,549,807,50,50,1,-1,-1,-1
194,1,404,1168,50,50,1,-1,-1,-1
194,2,448,1075,50,50,1,-1,-1,-1
194,3,429,454,50,50,1,-1,-1,-1
194,4,553,873,50,50,1,-1,-1,-1
195,1,402,1209,50,50,1,-1,-1,-1
195,2,443,1041,50,50,1,-1,-1,-1
195,3,424,418,50,50,1,-1,-1,-1
195,4,557,944,50,50,1,-1,-1,-1
196,1,396,1235,50,50,1,-1,-1,-1
196,2,438,1013,50,50,1,-1,-1,-1
196,3,420,386,50,50,1,-1,-1,-1
196,4,563,1019,50,50,1,-1,-1,-1
197,1,396,1252,50,50,1,-1,-1,-1
197,2,432,990,50,50,1,-1,-1,-1
197,3,416,358,50,50,1,-1,-1,-1
197,4,567,1097,50,50,1,-1,-1,-1
198,1,401,1272,50,50,1,-1,-1,-1
198,2,426,972,50,50,1,-1,-1,-1
198,3,412,335,50,50,1,-1,-1,-1
198,4,574,1172,50,50,1,-1,-1,-1
199,1,408,1293,50,50,1,-1,-1,-1
199,2,420,958,50,50,1,-1,-1,-1
199,3,408,318,50,50,1,-1,-1,-1
199,4,575,1182,50,50,1,-1,-1,-1
200,1,413,1309,50,50,1,-1,-1,-1
200,2,414,948,50,50,1,-1,-1,-1
200,3,403,304,50,50,1,-1,-1,-1
200,4,573,1193,50,50,1,-1,-1,-1
201,1,416,1314,50,50,1,-1,-1,-1
201,2,408,943,50,50,1,-1,-1,-1
201,3,399,294,50,50,1,-1,-1,-1
201,4,573,1201,50,50,1,-1,-1,-1
202,1,413,1312,50,50,1,-1,-1,-1
202,2,402,943,50,50,1,-1,-1,-1
202,3,394,290,50,50,1,-1,-1,-1
202,4,569,1211,50,50,1,-1,-1,-1
203,1,406,1302,50,50,1,-1,-1,-1
203,2,396,948,50,50,1,-1,-1,-1
203,3,391,290,50,50,1,-1,-1,-1
203,4,566,1223,50,50,1,-1,-1,-1
204,1,398,1289,50,50,1,-1,-1,-1
204,2,391,957,50,50,1,-1,-1,-1
204,3,386,295,50,50,1,-1,-1,-1
204,4,564,1235,50,50,1,-1,-1,-1
205,1,389,1277,50,50,1,-1,-1,-1
205,2,385,970,50,50,1,-1,-1,-1
205,3,382,304,50,50,1,-1,-1,-1
205,4,561,1247,50,50,1,-1,-1,-1
206,1,378,1265,50,50,1,-1,-1,-1
206,2,380,988,50,50,1,-1,-1,-1
206,3,378,319,50,50,1,-1,-1,-1
206,4,561,1256,50,50,1,-1,-1,-1
207,1,365,1257,50,50,1,-1,-1,-1
207,2,374,1011,50,50,1,-1,-1,-1
207,3,374,338,50,50,1,-1,-1,-1
207,4,562,1263,50,50,1,-1,-1,-1
208,1,353,1252,50,50,1,-1,-1,-1
208,2,368,1039,50,50,1,-1,-1,-1
208,3,370,362,50,50,1,-1,-1,-1
208,4,560,1267,50,50,1,-1,-1,-1
209,1,344,1249,50,50,1,-1,-1,-1
209,2,363,1070,50,50,1,-1,-1,-1
209,3,366,390,50,50,1,-1,-1,-1
209,4,561,1271,50,50,1,-1,-1,-1
210,1,334,1246,50,50,1,-1,-1,-1
210,2,357,1107,50,50,1,-1,-1,-1
210,3,362,425,50,50,1,-1,-1,-1
210,4,560,1274,50,50,1,-1,-1,-1
211,1,326,1244,50,50,1,-1,-1,-1
211,2,352,1148,50,50,1,-1,-1,-1
211,3,358,464,50,50,1,-1,-1,-1
211,4,560,1278,50,50,1,-1,-1,-1
212,1,319,1239,50,50,1,-1,-1,-1
212,2,347,1195,50,50,1,-1,-1,-1
212,3,354,508,50,50,1,-1,-1,-1
212,4,560,1282,50,50,1,-1,-1,-1
213,2,347,1234,50,50,1,-1,-1,-1
213,3,350,557,50,50,1,-1,-1,-1
213,4,561,1287,50,50,1,-1,-1,-1
214,1,320,1241,50,50,1,-1,-1,-1
214,3,346,614,50,50,1,-1,-1,-1
214,4,561,1289,50,50,1,-1,-1,-1
215,1,327,1243,50,50,1,-1,-1,-1
215,3,343,674,50,50,1,-1,-1,-1
215,4,562,1291,50,50,1,-1,-1,-1
216,1,333,1245,50,50,1,-1,-1,-1
216,3,340,741,50,50,1,-1,-1,-1
216,4,562,1293,50,50,1,-1,-1,-1
217,1,334,1250,50,50,1,-1,-1,-1
217,3,337,812,50,50,1,-1,-1,-1
217,4,562,1295,50,50,1,-1,-1,-1
218,1,338,1250,50,50,1,-1,-1,-1
218,3,334,889,50,50,1,-1,-1,-1
218,4,562,1298,50,50,1,-1,-1,-1
219,1,337,1252,50,50,1,-1,-1,-1
219,3,330,974,50,50,1,-1,-1,-1
219,4,561,1300,50,50,1,-1,-1,-1
220,1,329,1246,50,50,1,-1,-1,-1
220,3,326,1062,50,50,1,-1,-1,-1
220,4,561,1303,50,50,1,-1,-1,-1
221,1,318,1236,50,50,1,-1,-1,-1
221,3,323,1161,50,50,1,-1,-1,-1
221,4,561,1305,50,50,1,-1,-1,-1
222,1,307,1231,50,50,1,-1,-1,-1
222,4,561,1306,50,50,1,-1,-1,-1
223,1,304,1226,50,50,1,-1,-1,-1
223,4,560,1307,50,50,1,-1,-1,-1
224,1,305,1220,50,50,1,-1,-1,-1
224,4,560,1308,50,50,1,-1,-1,-1
225,1,309,1212,50,50,1,-1,-1,-1
225,4,558,1310,50,50,1,-1,-1,-1
226,1,315,1207,50,50,1,-1,-1,-1
226,4,557,1311,50,50,1,-1,-1,-1
227,1,320,1205,50,50,1,-1,-1,-1
227,2,322,1280,50,50,1,-1,-1,-1
227,4,556,1312,50,50,1,-1,-1,-1
228,1,325,1205,50,50,1,-1,-1,-1
228,2,326,1280,50,50,1,-1,-1,-1
228,4,554,1312,50,50,1,-1,-1,-1
229,1,329,1206,50,50,1,-1,-1,-1
229,4,553,1312,50,50,1,-1,-1,-1
230,1,332,1209,50,50,1,-1,-1,-1
230,2,330,1285,50,50,1,-1,-1,-1
230,4,553,1312,50,50,1,-1,-1,-1
231,1,335,1212,50,50,1,-1,-1,-1
231,2,333,1288,50,50,1,-1,-1,-1
231,4,553,1310,50,50,1,-1,-1,-1
232,1,337,1216,50,50,1,-1,-1,-1
232,4,554,1307,50,50,1,-1,-1,-1
233,1,341,1221,50,50,1,-1,-1,-1
233,4,553,1305,50,50,1,-1,-1,-1
233,5,333,1291,50,50,1,-1,-1,-1
234,1,342,1226,50,50,1,-1,-1,-1
234,4,552,1303,50,50,1,-1,-1,-1
235,1,344,1231,50,50,1,-1,-1,-1
235,4,551,1301,50,50,1,-1,-1,-1
235,5,340,1303,50,50,1,-1,-1,-1
236,1,346,1236,50,50,1,-1,-1,-1
236,4,550,1301,50,50,1,-1,-1,-1
236,5,342,1309,50,50,1,-1,-1,-1
237,1,349,1242,50,50,1,-1,-1,-1
237,4,549,1301,50,50,1,-1,-1,-1
238,1,352,1248,50,50,1,-1,-1,-1
238,4,549,1301,50,50,1,-1,-1,-1
238,5,347,1318,50,50,1,-1,-1,-1
239,1,356,1254,50,50,1,-1,-1,-1
239,4,550,1301,50,50,1,-1,-1,-1
239,5,350,1323,50,50,1,-1,-1,-1
240,1,343,1259,50,50,1,-1,-1,-1
240,4,552,1303,50,50,1,-1,-1,-1
240,5,353,1328,50,50,1,-1,-1,-1
241,1,362,1269,50,50,1,-1,-1,-1
241,4,554,1304,50,50,1,-1,-1,-1
242,1,350,1275,50,50,1,-1,-1,-1
242,4,556,1304,50,50,1,-1,-1,-1
243,1,383,1289,50,50,1,-1,-1,-1
243,4,558,1304,50,50,1,-1,-1,-1
244,1,373,1296,50,50,1,-1,-1,-1
244,4,560,1304,50,50,1,-1,-1,-1
244,5,367,1351,50,50,1,-1,-1,-1
245,1,376,1306,50,50,1,-1,-1,-1
245,4,562,1304,50,50,1,-1,-1,-1
246,1,380,1316,50,50,1,-1,-1,-1
246,4,565,1303,50,50,1,-1,-1,-1
247,1,385,1327,50,50,1,-1,-1,-1
247,4,567,1303,50,50,1,-1,-1,-1
248,1,390,1337,50,50,1,-1,-1,-1
248,4,570,1303,50,50,1,-1,-1,-1
