2,1,470,1193,50,50,1,-1,-1,-1
2,2,650,1309,50,50,1,-1,-1,-1
2,3,647,1263,50,50,1,-1,-1,-1
2,5,500,1126,50,50,1,-1,-1,-1
3,1,455,1043,50,50,1,-1,-1,-1
3,2,652,1315,50,50,1,-1,-1,-1
3,5,467,1087,50,50,1,-1,-1,-1
4,5,477,997,50,50,1,-1,-1,-1
5,4,460,1012,50,50,1,-1,-1,-1
5,5,455,968,50,50,1,-1,-1,-1
6,3,622,1310,50,50,1,-1,-1,-1
6,4,441,961,50,50,1,-1,-1,-1
6,5,434,1002,50,50,1,-1,-1,-1
7,2,619,1221,50,50,1,-1,-1,-1
7,3,622,1302,50,50,1,-1,-1,-1
7,4,443,1013,50,50,1,-1,-1,-1
7,5,437,1067,50,50,1,-1,-1,-1
8,2,605,1091,50,50,1,-1,-1,-1
8,3,657,1092,50,50,1,-1,-1,-1
8,4,431,1087,50,50,1,-1,-1,-1
8,5,436,1177,50,50,1,-1,-1,-1
9,3,594,971,50,50,1,-1,-1,-1
9,4,428,1219,50,50,1,-1,-1,-1
9,5,427,1263,50,50,1,-1,-1,-1
10,3,575,847,50,50,1,-1,-1,-1
10,5,413,1321,50,50,1,-1,-1,-1
11,3,568,728,50,50,1,-1,-1,-1
11,5,493,1125,50,50,1,-1,-1,-1
12,3,556,632,50,50,1,-1,-1,-1
12,4,427,1315,50,50,1,-1,-1,-1
12,5,477,1284,50,50,1,-1,-1,-1
13,3,546,544,50,50,1,-1,-1,-1
13,4,453,1236,50,50,1,-1,-1,-1
13,5,474,1184,50,50,1,-1,-1,-1
14,3,537,471,50,50,1,-1,-1,-1
14,4,656,1202,50,50,1,-1,-1,-1
14,5,478,1042,50,50,1,-1,-1,-1
15,3,532,407,50,50,1,-1,-1,-1
15,4,632,1307,50,50,1,-1,-1,-1
15,5,483,920,50,50,1,-1,-1,-1
16,3,523,354,50,50,1,-1,-1,-1
16,5,491,799,50,50,1,-1,-1,-1
17,3,516,308,50,50,1,-1,-1,-1
17,4,651,1320,50,50,1,-1,-1,-1
17,5,502,686,50,50,1,-1,-1,-1
18,3,508,270,50,50,1,-1,-1,-1
18,4,648,1229,50,50,1,-1,-1,-1
18,5,511,599,50,50,1,-1,-1,-1
18,6,403,1010,50,50,1,-1,-1,-1
19,3,500,238,50,50,1,-1,-1,-1
19,4,637,1059,50,50,1,-1,-1,-1
19,5,516,515,50,50,1,-1,-1,-1
19,6,370,1064,50,50,1,-1,-1,-1
20,3,493,213,50,50,1,-1,-1,-1
20,4,649,924,50,50,1,-1,-1,-1
20,5,522,446,50,50,1,-1,-1,-1
20,6,384,1170,50,50,1,-1,-1,-1
21,3,486,195,50,50,1,-1,-1,-1
21,4,614,820,50,50,1,-1,-1,-1
21,5,530,386,50,50,1,-1,-1,-1
21,6,367,1276,50,50,1,-1,-1,-1
21,7,365,1323,50,50,1,-1,-1,-1
22,3,480,184,50,50,1,-1,-1,-1
22,4,611,711,50,50,1,-1,-1,-1
22,5,537,333,50,50,1,-1,-1,-1
22,7,378,1294,50,50,1,-1,-1,-1
23,3,473,180,50,50,1,-1,-1,-1
23,4,588,615,50,50,1,-1,-1,-1
23,5,544,288,50,50,1,-1,-1,-1
23,6,390,1238,50,50,1,-1,-1,-1
23,7,421,1276,50,50,1,-1,-1,-1
24,3,466,180,50,50,1,-1,-1,-1
24,4,580,527,50,50,1,-1,-1,-1
24,5,551,251,50,50,1,-1,-1,-1
24,7,417,1177,50,50,1,-1,-1,-1
25,3,458,188,50,50,1,-1,-1,-1
25,4,564,463,50,50,1,-1,-1,-1
25,5,559,222,50,50,1,-1,-1,-1
25,6,680,1255,50,50,1,-1,-1,-1
25,7,438,989,50,50,1,-1,-1,-1
26,1,671,1317,50,50,1,-1,-1,-1
26,3,450,203,50,50,1,-1,-1,-1
26,4,552,404,50,50,1,-1,-1,-1
26,5,565,198,50,50,1,-1,-1,-1
26,6,654,1278,50,50,1,-1,-1,-1
26,7,446,871,50,50,1,-1,-1,-1
27,3,441,224,50,50,1,-1,-1,-1
27,4,542,352,50,50,1,-1,-1,-1
27,5,571,181,50,50,1,-1,-1,-1
27,6,664,1312,50,50,1,-1,-1,-1
27,7,462,751,50,50,1,-1,-1,-1
28,3,434,251,50,50,1,-1,-1,-1
28,4,531,307,50,50,1,-1,-1,-1
28,5,578,172,50,50,1,-1,-1,-1
28,6,654,1196,50,50,1,-1,-1,-1
28,7,464,662,50,50,1,-1,-1,-1
29,1,679,1116,50,50,1,-1,-1,-1
29,3,426,287,50,50,1,-1,-1,-1
29,4,521,269,50,50,1,-1,-1,-1
29,5,586,168,50,50,1,-1,-1,-1
29,6,661,1052,50,50,1,-1,-1,-1
29,7,477,567,50,50,1,-1,-1,-1
30,3,416,328,50,50,1,-1,-1,-1
30,4,511,240,50,50,1,-1,-1,-1
30,5,592,172,50,50,1,-1,-1,-1
30,6,647,940,50,50,1,-1,-1,-1
30,7,486,493,50,50,1,-1,-1,-1
31,3,407,376,50,50,1,-1,-1,-1
31,4,501,217,50,50,1,-1,-1,-1
31,5,599,182,50,50,1,-1,-1,-1
31,6,623,808,50,50,1,-1,-1,-1
31,7,498,432,50,50,1,-1,-1,-1
32,1,345,1307,50,50,1,-1,-1,-1
32,3,398,432,50,50,1,-1,-1,-1
32,4,491,202,50,50,1,-1,-1,-1
32,5,606,199,50,50,1,-1,-1,-1
32,6,604,706,50,50,1,-1,-1,-1
32,7,504,374,50,50,1,-1,-1,-1
33,1,364,1276,50,50,1,-1,-1,-1
33,3,388,498,50,50,1,-1,-1,-1
33,4,481,194,50,50,1,-1,-1,-1
33,5,614,225,50,50,1,-1,-1,-1
33,6,590,614,50,50,1,-1,-1,-1
33,7,512,327,50,50,1,-1,-1,-1
34,1,396,1130,50,50,1,-1,-1,-1
34,3,374,578,50,50,1,-1,-1,-1
34,4,471,192,50,50,1,-1,-1,-1
34,5,622,257,50,50,1,-1,-1,-1
34,6,577,531,50,50,1,-1,-1,-1
34,7,520,289,50,50,1,-1,-1,-1
35,1,428,990,50,50,1,-1,-1,-1
35,3,362,665,50,50,1,-1,-1,-1
35,4,461,197,50,50,1,-1,-1,-1
35,5,631,297,50,50,1,-1,-1,-1
35,6,561,455,50,50,1,-1,-1,-1
35,7,528,258,50,50,1,-1,-1,-1
36,1,433,879,50,50,1,-1,-1,-1
36,2,667,1323,50,50,1,-1,-1,-1
36,3,356,760,50,50,1,-1,-1,-1
36,4,449,208,50,50,1,-1,-1,-1
36,5,641,345,50,50,1,-1,-1,-1
36,6,549,397,50,50,1,-1,-1,-1
36,7,535,233,50,50,1,-1,-1,-1
37,1,455,761,50,50,1,-1,-1,-1
37,2,656,1318,50,50,1,-1,-1,-1
37,3,338,874,50,50,1,-1,-1,-1
37,4,439,228,50,50,1,-1,-1,-1
37,5,650,404,50,50,1,-1,-1,-1
37,6,536,345,50,50,1,-1,-1,-1
37,7,543,217,50,50,1,-1,-1,-1
38,1,461,658,50,50,1,-1,-1,-1
38,4,429,252,50,50,1,-1,-1,-1
38,5,660,471,50,50,1,-1,-1,-1
38,6,524,302,50,50,1,-1,-1,-1
38,7,551,205,50,50,1,-1,-1,-1
39,1,473,574,50,50,1,-1,-1,-1
39,2,654,1060,50,50,1,-1,-1,-1
39,3,310,1094,50,50,1,-1,-1,-1
39,4,418,282,50,50,1,-1,-1,-1
39,5,669,549,50,50,1,-1,-1,-1
39,6,511,267,50,50,1,-1,-1,-1
39,7,559,201,50,50,1,-1,-1,-1
40,1,484,496,50,50,1,-1,-1,-1
40,2,600,939,50,50,1,-1,-1,-1
40,3,288,1162,50,50,1,-1,-1,-1
40,4,405,320,50,50,1,-1,-1,-1
40,5,681,644,50,50,1,-1,-1,-1
40,6,500,240,50,50,1,-1,-1,-1
40,7,567,204,50,50,1,-1,-1,-1
41,1,493,431,50,50,1,-1,-1,-1
41,2,594,803,50,50,1,-1,-1,-1
41,3,307,1297,50,50,1,-1,-1,-1
41,4,389,366,50,50,1,-1,-1,-1
41,5,691,752,50,50,1,-1,-1,-1
41,6,488,219,50,50,1,-1,-1,-1
41,7,574,212,50,50,1,-1,-1,-1
42,1,505,374,50,50,1,-1,-1,-1
42,2,334,1308,50,50,1,-1,-1,-1
42,3,296,1322,50,50,1,-1,-1,-1
42,4,376,420,50,50,1,-1,-1,-1
42,5,592,706,50,50,1,-1,-1,-1
42,6,477,205,50,50,1,-1,-1,-1
42,7,582,228,50,50,1,-1,-1,-1
43,1,515,327,50,50,1,-1,-1,-1
43,3,324,1317,50,50,1,-1,-1,-1
43,4,365,485,50,50,1,-1,-1,-1
43,5,571,604,50,50,1,-1,-1,-1
43,6,467,198,50,50,1,-1,-1,-1
43,7,590,251,50,50,1,-1,-1,-1
44,1,524,289,50,50,1,-1,-1,-1
44,3,381,1163,50,50,1,-1,-1,-1
44,4,352,557,50,50,1,-1,-1,-1
44,5,577,513,50,50,1,-1,-1,-1
44,6,455,197,50,50,1,-1,-1,-1
44,7,599,280,50,50,1,-1,-1,-1
45,1,534,257,50,50,1,-1,-1,-1
45,3,392,1017,50,50,1,-1,-1,-1
45,4,337,640,50,50,1,-1,-1,-1
45,5,558,447,50,50,1,-1,-1,-1
45,6,443,203,50,50,1,-1,-1,-1
45,7,607,316,50,50,1,-1,-1,-1
46,1,544,231,50,50,1,-1,-1,-1
46,3,398,922,50,50,1,-1,-1,-1
46,4,317,737,50,50,1,-1,-1,-1
46,5,547,387,50,50,1,-1,-1,-1
46,6,432,215,50,50,1,-1,-1,-1
46,7,614,360,50,50,1,-1,-1,-1
47,1,553,214,50,50,1,-1,-1,-1
47,3,414,790,50,50,1,-1,-1,-1
47,4,297,851,50,50,1,-1,-1,-1
47,5,538,334,50,50,1,-1,-1,-1
47,6,421,234,50,50,1,-1,-1,-1
47,7,623,412,50,50,1,-1,-1,-1
48,1,562,203,50,50,1,-1,-1,-1
48,2,637,1317,50,50,1,-1,-1,-1
48,3,425,683,50,50,1,-1,-1,-1
48,4,276,956,50,50,1,-1,-1,-1
48,5,528,291,50,50,1,-1,-1,-1
48,6,410,259,50,50,1,-1,-1,-1
48,7,634,473,50,50,1,-1,-1,-1
49,1,571,198,50,50,1,-1,-1,-1
49,2,627,1240,50,50,1,-1,-1,-1
49,3,436,597,50,50,1,-1,-1,-1
49,4,275,1082,50,50,1,-1,-1,-1
49,5,519,255,50,50,1,-1,-1,-1
49,6,397,292,50,50,1,-1,-1,-1
49,7,643,544,50,50,1,-1,-1,-1
50,1,581,200,50,50,1,-1,-1,-1
50,2,625,1057,50,50,1,-1,-1,-1
50,3,446,517,50,50,1,-1,-1,-1
50,4,269,1191,50,50,1,-1,-1,-1
50,5,509,229,50,50,1,-1,-1,-1
50,6,385,331,50,50,1,-1,-1,-1
50,7,654,626,50,50,1,-1,-1,-1
51,1,590,209,50,50,1,-1,-1,-1
51,3,457,449,50,50,1,-1,-1,-1
51,4,583,925,50,50,1,-1,-1,-1
51,5,498,208,50,50,1,-1,-1,-1
51,6,371,373,50,50,1,-1,-1,-1
51,7,671,714,50,50,1,-1,-1,-1
52,1,600,223,50,50,1,-1,-1,-1
52,2,267,1322,50,50,1,-1,-1,-1
52,3,466,391,50,50,1,-1,-1,-1
52,4,580,800,50,50,1,-1,-1,-1
52,5,489,194,50,50,1,-1,-1,-1
52,6,358,426,50,50,1,-1,-1,-1
52,7,676,824,50,50,1,-1,-1,-1
53,1,610,246,50,50,1,-1,-1,-1
53,3,476,343,50,50,1,-1,-1,-1
53,4,563,698,50,50,1,-1,-1,-1
53,5,480,188,50,50,1,-1,-1,-1
53,6,345,487,50,50,1,-1,-1,-1
53,7,289,1322,50,50,1,-1,-1,-1
54,1,620,275,50,50,1,-1,-1,-1
54,3,484,302,50,50,1,-1,-1,-1
54,4,557,595,50,50,1,-1,-1,-1
54,5,470,188,50,50,1,-1,-1,-1
54,6,329,556,50,50,1,-1,-1,-1
54,7,332,1280,50,50,1,-1,-1,-1
55,1,630,312,50,50,1,-1,-1,-1
55,2,363,1093,50,50,1,-1,-1,-1
55,3,494,270,50,50,1,-1,-1,-1
55,4,538,508,50,50,1,-1,-1,-1
55,5,462,192,50,50,1,-1,-1,-1
55,6,314,630,50,50,1,-1,-1,-1
55,7,380,1131,50,50,1,-1,-1,-1
56,1,641,358,50,50,1,-1,-1,-1
56,3,501,244,50,50,1,-1,-1,-1
56,4,525,439,50,50,1,-1,-1,-1
56,5,452,205,50,50,1,-1,-1,-1
56,7,386,962,50,50,1,-1,-1,-1
57,1,651,409,50,50,1,-1,-1,-1
57,3,509,225,50,50,1,-1,-1,-1
57,4,513,377,50,50,1,-1,-1,-1
57,5,442,224,50,50,1,-1,-1,-1
57,6,283,815,50,50,1,-1,-1,-1
57,7,389,859,50,50,1,-1,-1,-1
58,1,664,475,50,50,1,-1,-1,-1
58,3,517,214,50,50,1,-1,-1,-1
58,4,501,326,50,50,1,-1,-1,-1
58,5,432,251,50,50,1,-1,-1,-1
58,6,262,926,50,50,1,-1,-1,-1
58,7,393,751,50,50,1,-1,-1,-1
59,1,674,551,50,50,1,-1,-1,-1
59,3,525,209,50,50,1,-1,-1,-1
59,4,489,283,50,50,1,-1,-1,-1
59,5,423,283,50,50,1,-1,-1,-1
59,6,244,1011,50,50,1,-1,-1,-1
59,7,415,643,50,50,1,-1,-1,-1
60,1,687,631,50,50,1,-1,-1,-1
60,2,628,1072,50,50,1,-1,-1,-1
60,3,532,210,50,50,1,-1,-1,-1
60,4,478,247,50,50,1,-1,-1,-1
60,5,412,322,50,50,1,-1,-1,-1
60,6,221,1072,50,50,1,-1,-1,-1
60,7,429,570,50,50,1,-1,-1,-1
61,1,702,726,50,50,1,-1,-1,-1
61,2,614,959,50,50,1,-1,-1,-1
61,3,539,217,50,50,1,-1,-1,-1
61,4,468,220,50,50,1,-1,-1,-1
61,5,401,366,50,50,1,-1,-1,-1
61,6,219,1180,50,50,1,-1,-1,-1
61,7,431,496,50,50,1,-1,-1,-1
62,1,721,844,50,50,1,-1,-1,-1
62,2,583,821,50,50,1,-1,-1,-1
62,3,547,232,50,50,1,-1,-1,-1
62,4,457,199,50,50,1,-1,-1,-1
62,5,389,418,50,50,1,-1,-1,-1
62,6,213,1281,50,50,1,-1,-1,-1
62,7,444,435,50,50,1,-1,-1,-1
63,1,573,711,50,50,1,-1,-1,-1
63,3,555,253,50,50,1,-1,-1,-1
63,4,446,185,50,50,1,-1,-1,-1
63,5,378,480,50,50,1,-1,-1,-1
63,6,251,1322,50,50,1,-1,-1,-1
63,7,452,383,50,50,1,-1,-1,-1
64,1,561,617,50,50,1,-1,-1,-1
64,3,563,280,50,50,1,-1,-1,-1
64,4,435,178,50,50,1,-1,-1,-1
64,5,365,550,50,50,1,-1,-1,-1
64,6,295,1317,50,50,1,-1,-1,-1
64,7,460,339,50,50,1,-1,-1,-1
65,1,551,535,50,50,1,-1,-1,-1
65,3,572,315,50,50,1,-1,-1,-1
65,4,425,176,50,50,1,-1,-1,-1
65,5,360,640,50,50,1,-1,-1,-1
65,6,335,1244,50,50,1,-1,-1,-1
65,7,469,302,50,50,1,-1,-1,-1
66,1,537,463,50,50,1,-1,-1,-1
66,2,367,1063,50,50,1,-1,-1,-1
66,3,579,356,50,50,1,-1,-1,-1
66,4,413,181,50,50,1,-1,-1,-1
66,5,340,727,50,50,1,-1,-1,-1
66,6,366,1106,50,50,1,-1,-1,-1
66,7,477,273,50,50,1,-1,-1,-1
67,1,526,402,50,50,1,-1,-1,-1
67,2,388,927,50,50,1,-1,-1,-1
67,3,587,407,50,50,1,-1,-1,-1
67,4,401,194,50,50,1,-1,-1,-1
67,5,322,853,50,50,1,-1,-1,-1
67,6,388,966,50,50,1,-1,-1,-1
67,7,485,252,50,50,1,-1,-1,-1
68,1,515,347,50,50,1,-1,-1,-1
68,2,637,1319,50,50,1,-1,-1,-1
68,3,597,465,50,50,1,-1,-1,-1
68,4,390,212,50,50,1,-1,-1,-1
68,5,297,956,50,50,1,-1,-1,-1
68,6,397,830,50,50,1,-1,-1,-1
68,7,492,237,50,50,1,-1,-1,-1
69,1,504,304,50,50,1,-1,-1,-1
69,2,619,1308,50,50,1,-1,-1,-1
69,3,605,531,50,50,1,-1,-1,-1
69,4,379,235,50,50,1,-1,-1,-1
69,5,299,1070,50,50,1,-1,-1,-1
69,6,409,730,50,50,1,-1,-1,-1
69,7,500,229,50,50,1,-1,-1,-1
70,1,501,245,50,50,1,-1,-1,-1
70,2,608,1227,50,50,1,-1,-1,-1
70,3,617,607,50,50,1,-1,-1,-1
70,4,367,266,50,50,1,-1,-1,-1
70,5,609,1179,50,50,1,-1,-1,-1
70,6,415,632,50,50,1,-1,-1,-1
71,2,596,1058,50,50,1,-1,-1,-1
71,3,628,700,50,50,1,-1,-1,-1
71,4,355,303,50,50,1,-1,-1,-1
71,6,429,558,50,50,1,-1,-1,-1
71,7,501,237,50,50,1,-1,-1,-1
72,1,474,219,50,50,1,-1,-1,-1
72,2,591,956,50,50,1,-1,-1,-1
72,3,635,797,50,50,1,-1,-1,-1
72,4,342,346,50,50,1,-1,-1,-1
72,6,441,489,50,50,1,-1,-1,-1
72,7,521,243,50,50,1,-1,-1,-1
73,1,464,204,50,50,1,-1,-1,-1
73,2,564,822,50,50,1,-1,-1,-1
73,4,331,398,50,50,1,-1,-1,-1
73,6,449,432,50,50,1,-1,-1,-1
73,7,529,259,50,50,1,-1,-1,-1
74,1,455,196,50,50,1,-1,-1,-1
74,2,553,714,50,50,1,-1,-1,-1
74,4,315,453,50,50,1,-1,-1,-1
74,6,460,385,50,50,1,-1,-1,-1
74,7,537,281,50,50,1,-1,-1,-1
75,1,445,193,50,50,1,-1,-1,-1
75,2,539,622,50,50,1,-1,-1,-1
75,3,313,1300,50,50,1,-1,-1,-1
75,4,301,518,50,50,1,-1,-1,-1
75,6,467,345,50,50,1,-1,-1,-1
75,7,544,313,50,50,1,-1,-1,-1
76,1,436,197,50,50,1,-1,-1,-1
76,2,531,540,50,50,1,-1,-1,-1
76,3,355,1176,50,50,1,-1,-1,-1
76,4,287,596,50,50,1,-1,-1,-1
76,5,354,1115,50,50,1,-1,-1,-1
76,6,476,312,50,50,1,-1,-1,-1
76,7,551,348,50,50,1,-1,-1,-1
77,1,426,208,50,50,1,-1,-1,-1
77,2,518,470,50,50,1,-1,-1,-1
77,4,268,679,50,50,1,-1,-1,-1
77,5,377,1006,50,50,1,-1,-1,-1
77,6,484,287,50,50,1,-1,-1,-1
77,7,559,393,50,50,1,-1,-1,-1
78,1,416,224,50,50,1,-1,-1,-1
78,2,508,412,50,50,1,-1,-1,-1
78,3,381,877,50,50,1,-1,-1,-1
78,4,249,777,50,50,1,-1,-1,-1
78,6,490,267,50,50,1,-1,-1,-1
78,7,569,448,50,50,1,-1,-1,-1
79,1,405,245,50,50,1,-1,-1,-1
79,2,496,360,50,50,1,-1,-1,-1
79,3,404,763,50,50,1,-1,-1,-1
79,4,232,878,50,50,1,-1,-1,-1
79,6,499,257,50,50,1,-1,-1,-1
79,7,579,510,50,50,1,-1,-1,-1
80,1,394,274,50,50,1,-1,-1,-1
80,2,486,319,50,50,1,-1,-1,-1
80,3,417,657,50,50,1,-1,-1,-1
80,6,507,252,50,50,1,-1,-1,-1
80,7,585,579,50,50,1,-1,-1,-1
81,1,384,311,50,50,1,-1,-1,-1
81,2,475,285,50,50,1,-1,-1,-1
81,3,428,574,50,50,1,-1,-1,-1
81,4,204,1085,50,50,1,-1,-1,-1
81,5,586,1165,50,50,1,-1,-1,-1
81,6,515,252,50,50,1,-1,-1,-1
81,7,596,660,50,50,1,-1,-1,-1
82,1,374,355,50,50,1,-1,-1,-1
82,2,465,257,50,50,1,-1,-1,-1
82,3,440,500,50,50,1,-1,-1,-1
82,4,202,1187,50,50,1,-1,-1,-1
82,5,570,1030,50,50,1,-1,-1,-1
82,6,522,259,50,50,1,-1,-1,-1
82,7,604,756,50,50,1,-1,-1,-1
83,1,362,403,50,50,1,-1,-1,-1
83,2,455,236,50,50,1,-1,-1,-1
83,3,450,433,50,50,1,-1,-1,-1
83,4,560,913,50,50,1,-1,-1,-1
83,6,531,274,50,50,1,-1,-1,-1
83,7,610,862,50,50,1,-1,-1,-1
84,1,349,460,50,50,1,-1,-1,-1
84,2,446,224,50,50,1,-1,-1,-1
84,3,466,375,50,50,1,-1,-1,-1
84,4,256,1320,50,50,1,-1,-1,-1
84,6,538,296,50,50,1,-1,-1,-1
84,7,546,792,50,50,1,-1,-1,-1
85,1,336,530,50,50,1,-1,-1,-1
85,2,436,215,50,50,1,-1,-1,-1
85,3,478,327,50,50,1,-1,-1,-1
85,4,261,1320,50,50,1,-1,-1,-1
85,6,546,324,50,50,1,-1,-1,-1
85,7,533,686,50,50,1,-1,-1,-1
86,1,321,604,50,50,1,-1,-1,-1
86,2,426,215,50,50,1,-1,-1,-1
86,3,488,287,50,50,1,-1,-1,-1
86,6,554,359,50,50,1,-1,-1,-1
86,7,526,593,50,50,1,-1,-1,-1
87,1,311,685,50,50,1,-1,-1,-1
87,2,416,221,50,50,1,-1,-1,-1
87,3,499,253,50,50,1,-1,-1,-1
87,4,347,1121,50,50,1,-1,-1,-1
87,5,354,1168,50,50,1,-1,-1,-1
87,6,562,400,50,50,1,-1,-1,-1
87,7,511,522,50,50,1,-1,-1,-1
88,1,291,778,50,50,1,-1,-1,-1
88,2,405,233,50,50,1,-1,-1,-1
88,3,511,226,50,50,1,-1,-1,-1
88,4,372,1018,50,50,1,-1,-1,-1
88,6,572,451,50,50,1,-1,-1,-1
88,7,501,456,50,50,1,-1,-1,-1
89,1,271,889,50,50,1,-1,-1,-1
89,2,394,252,50,50,1,-1,-1,-1
89,3,521,206,50,50,1,-1,-1,-1
89,4,380,883,50,50,1,-1,-1,-1
89,5,624,1315,50,50,1,-1,-1,-1
89,6,579,509,50,50,1,-1,-1,-1
89,7,492,397,50,50,1,-1,-1,-1
90,1,248,977,50,50,1,-1,-1,-1
90,2,383,276,50,50,1,-1,-1,-1
90,3,531,193,50,50,1,-1,-1,-1
90,4,397,772,50,50,1,-1,-1,-1
90,6,588,574,50,50,1,-1,-1,-1
90,7,482,348,50,50,1,-1,-1,-1
91,2,373,308,50,50,1,-1,-1,-1
91,3,542,186,50,50,1,-1,-1,-1
91,4,411,678,50,50,1,-1,-1,-1
91,6,596,656,50,50,1,-1,-1,-1
91,7,472,307,50,50,1,-1,-1,-1
92,1,579,1072,50,50,1,-1,-1,-1
92,2,361,346,50,50,1,-1,-1,-1
92,3,554,186,50,50,1,-1,-1,-1
92,4,430,590,50,50,1,-1,-1,-1
92,6,609,750,50,50,1,-1,-1,-1
92,7,461,275,50,50,1,-1,-1,-1
93,1,572,962,50,50,1,-1,-1,-1
93,2,347,393,50,50,1,-1,-1,-1
93,3,564,192,50,50,1,-1,-1,-1
93,4,442,521,50,50,1,-1,-1,-1
93,6,617,844,50,50,1,-1,-1,-1
93,7,454,248,50,50,1,-1,-1,-1
94,1,235,1318,50,50,1,-1,-1,-1
94,2,333,447,50,50,1,-1,-1,-1
94,3,574,204,50,50,1,-1,-1,-1
94,4,456,461,50,50,1,-1,-1,-1
94,6,554,849,50,50,1,-1,-1,-1
94,7,444,228,50,50,1,-1,-1,-1
95,1,279,1318,50,50,1,-1,-1,-1
95,2,318,508,50,50,1,-1,-1,-1
95,3,585,227,50,50,1,-1,-1,-1
95,4,467,407,50,50,1,-1,-1,-1
95,6,547,722,50,50,1,-1,-1,-1
95,7,434,215,50,50,1,-1,-1,-1
96,1,320,1284,50,50,1,-1,-1,-1
96,2,300,577,50,50,1,-1,-1,-1
96,3,597,253,50,50,1,-1,-1,-1
96,4,479,360,50,50,1,-1,-1,-1
96,6,526,633,50,50,1,-1,-1,-1
96,7,425,209,50,50,1,-1,-1,-1
97,1,362,1096,50,50,1,-1,-1,-1
97,2,288,663,50,50,1,-1,-1,-1
97,3,607,284,50,50,1,-1,-1,-1
97,4,491,322,50,50,1,-1,-1,-1
97,6,530,561,50,50,1,-1,-1,-1
97,7,415,208,50,50,1,-1,-1,-1
98,1,369,967,50,50,1,-1,-1,-1
98,2,269,764,50,50,1,-1,-1,-1
98,3,619,323,50,50,1,-1,-1,-1
98,4,503,291,50,50,1,-1,-1,-1
98,6,506,488,50,50,1,-1,-1,-1
98,7,405,213,50,50,1,-1,-1,-1
99,1,388,847,50,50,1,-1,-1,-1
99,2,252,878,50,50,1,-1,-1,-1
99,3,632,371,50,50,1,-1,-1,-1
99,4,514,267,50,50,1,-1,-1,-1
99,5,625,1303,50,50,1,-1,-1,-1
99,6,495,426,50,50,1,-1,-1,-1
99,7,395,226,50,50,1,-1,-1,-1
100,1,412,736,50,50,1,-1,-1,-1
100,2,234,974,50,50,1,-1,-1,-1
100,3,641,431,50,50,1,-1,-1,-1
100,4,526,250,50,50,1,-1,-1,-1
100,5,613,1303,50,50,1,-1,-1,-1
100,6,483,374,50,50,1,-1,-1,-1
100,7,384,245,50,50,1,-1,-1,-1
101,1,425,641,50,50,1,-1,-1,-1
101,2,211,1107,50,50,1,-1,-1,-1
101,3,658,497,50,50,1,-1,-1,-1
101,4,537,240,50,50,1,-1,-1,-1
101,6,475,335,50,50,1,-1,-1,-1
101,7,374,270,50,50,1,-1,-1,-1
102,1,437,556,50,50,1,-1,-1,-1
102,2,587,1113,50,50,1,-1,-1,-1
102,3,663,576,50,50,1,-1,-1,-1
102,4,549,236,50,50,1,-1,-1,-1
102,5,594,1070,50,50,1,-1,-1,-1
102,6,466,302,50,50,1,-1,-1,-1
102,7,364,301,50,50,1,-1,-1,-1
103,1,451,486,50,50,1,-1,-1,-1
103,2,585,942,50,50,1,-1,-1,-1
103,3,684,674,50,50,1,-1,-1,-1
103,4,560,238,50,50,1,-1,-1,-1
103,6,453,271,50,50,1,-1,-1,-1
103,7,352,341,50,50,1,-1,-1,-1
104,1,464,424,50,50,1,-1,-1,-1
104,2,562,821,50,50,1,-1,-1,-1
104,3,706,776,50,50,1,-1,-1,-1
104,4,571,248,50,50,1,-1,-1,-1
104,5,271,1323,50,50,1,-1,-1,-1
104,6,444,250,50,50,1,-1,-1,-1
104,7,339,387,50,50,1,-1,-1,-1
105,1,477,369,50,50,1,-1,-1,-1
105,2,555,710,50,50,1,-1,-1,-1
105,3,721,900,50,50,1,-1,-1,-1
105,4,583,264,50,50,1,-1,-1,-1
105,6,434,235,50,50,1,-1,-1,-1
105,7,327,444,50,50,1,-1,-1,-1
106,1,489,321,50,50,1,-1,-1,-1
106,2,555,609,50,50,1,-1,-1,-1
106,3,309,1311,50,50,1,-1,-1,-1
106,4,595,286,50,50,1,-1,-1,-1
106,6,425,228,50,50,1,-1,-1,-1
106,7,313,509,50,50,1,-1,-1,-1
107,1,500,286,50,50,1,-1,-1,-1
107,2,541,534,50,50,1,-1,-1,-1
107,3,359,1227,50,50,1,-1,-1,-1
107,4,607,316,50,50,1,-1,-1,-1
107,5,366,1167,50,50,1,-1,-1,-1
107,6,414,226,50,50,1,-1,-1,-1
107,7,296,577,50,50,1,-1,-1,-1
108,1,513,254,50,50,1,-1,-1,-1
108,2,530,463,50,50,1,-1,-1,-1
108,3,380,1031,50,50,1,-1,-1,-1
108,4,620,353,50,50,1,-1,-1,-1
108,6,404,230,50,50,1,-1,-1,-1
108,7,281,664,50,50,1,-1,-1,-1
109,1,525,230,50,50,1,-1,-1,-1
109,2,522,403,50,50,1,-1,-1,-1
109,3,390,914,50,50,1,-1,-1,-1
109,4,634,396,50,50,1,-1,-1,-1
109,6,395,243,50,50,1,-1,-1,-1
109,7,277,750,50,50,1,-1,-1,-1
110,1,537,212,50,50,1,-1,-1,-1
110,2,514,350,50,50,1,-1,-1,-1
110,3,402,785,50,50,1,-1,-1,-1
110,4,648,452,50,50,1,-1,-1,-1
110,5,654,1294,50,50,1,-1,-1,-1
110,6,387,261,50,50,1,-1,-1,-1
110,7,245,864,50,50,1,-1,-1,-1
111,1,549,202,50,50,1,-1,-1,-1
111,2,506,307,50,50,1,-1,-1,-1
111,3,409,679,50,50,1,-1,-1,-1
111,4,663,514,50,50,1,-1,-1,-1
111,6,376,282,50,50,1,-1,-1,-1
111,7,223,957,50,50,1,-1,-1,-1
112,1,560,199,50,50,1,-1,-1,-1
112,2,498,272,50,50,1,-1,-1,-1
112,3,425,588,50,50,1,-1,-1,-1
112,4,683,590,50,50,1,-1,-1,-1
112,6,363,309,50,50,1,-1,-1,-1
112,7,626,1149,50,50,1,-1,-1,-1
113,1,572,201,50,50,1,-1,-1,-1
113,2,492,243,50,50,1,-1,-1,-1
113,3,436,507,50,50,1,-1,-1,-1
113,4,700,674,50,50,1,-1,-1,-1
113,6,351,345,50,50,1,-1,-1,-1
113,7,598,1014,50,50,1,-1,-1,-1
114,1,584,211,50,50,1,-1,-1,-1
114,2,484,221,50,50,1,-1,-1,-1
114,3,445,437,50,50,1,-1,-1,-1
114,4,708,775,50,50,1,-1,-1,-1
114,6,340,388,50,50,1,-1,-1,-1
114,7,586,901,50,50,1,-1,-1,-1
115,1,596,227,50,50,1,-1,-1,-1
115,2,477,206,50,50,1,-1,-1,-1
115,3,455,377,50,50,1,-1,-1,-1
115,4,730,890,50,50,1,-1,-1,-1
115,5,268,1288,50,50,1,-1,-1,-1
115,6,327,439,50,50,1,-1,-1,-1
115,7,581,783,50,50,1,-1,-1,-1
116,1,609,250,50,50,1,-1,-1,-1
116,2,470,198,50,50,1,-1,-1,-1
116,3,465,327,50,50,1,-1,-1,-1
116,4,277,1306,50,50,1,-1,-1,-1
116,6,313,497,50,50,1,-1,-1,-1
116,7,565,681,50,50,1,-1,-1,-1
117,1,622,281,50,50,1,-1,-1,-1
117,2,461,196,50,50,1,-1,-1,-1
117,3,474,284,50,50,1,-1,-1,-1
117,4,343,1264,50,50,1,-1,-1,-1
117,5,773,1073,50,50,1,-1,-1,-1
117,6,299,566,50,50,1,-1,-1,-1
117,7,556,591,50,50,1,-1,-1,-1
118,1,635,321,50,50,1,-1,-1,-1
118,2,454,199,50,50,1,-1,-1,-1
118,3,482,248,50,50,1,-1,-1,-1
118,4,368,1108,50,50,1,-1,-1,-1
118,6,284,641,50,50,1,-1,-1,-1
118,7,540,516,50,50,1,-1,-1,-1
119,1,649,367,50,50,1,-1,-1,-1
119,2,446,209,50,50,1,-1,-1,-1
119,3,488,218,50,50,1,-1,-1,-1
119,4,387,967,50,50,1,-1,-1,-1
119,6,265,726,50,50,1,-1,-1,-1
119,7,527,447,50,50,1,-1,-1,-1
120,1,663,422,50,50,1,-1,-1,-1
120,2,438,225,50,50,1,-1,-1,-1
120,3,498,198,50,50,1,-1,-1,-1
120,4,394,852,50,50,1,-1,-1,-1
120,6,259,827,50,50,1,-1,-1,-1
120,7,514,388,50,50,1,-1,-1,-1
121,1,681,492,50,50,1,-1,-1,-1
121,2,429,248,50,50,1,-1,-1,-1
121,3,506,181,50,50,1,-1,-1,-1
121,4,410,734,50,50,1,-1,-1,-1
121,6,236,927,50,50,1,-1,-1,-1
121,7,502,340,50,50,1,-1,-1,-1
122,1,700,566,50,50,1,-1,-1,-1
122,2,421,278,50,50,1,-1,-1,-1
122,3,513,172,50,50,1,-1,-1,-1
122,4,431,639,50,50,1,-1,-1,-1
122,5,645,1206,50,50,1,-1,-1,-1
122,6,631,1160,50,50,1,-1,-1,-1
122,7,492,302,50,50,1,-1,-1,-1
123,1,717,649,50,50,1,-1,-1,-1
123,2,415,313,50,50,1,-1,-1,-1
123,3,520,170,50,50,1,-1,-1,-1
123,4,441,563,50,50,1,-1,-1,-1
123,5,622,1027,50,50,1,-1,-1,-1
123,7,482,270,50,50,1,-1,-1,-1
124,1,729,760,50,50,1,-1,-1,-1
124,2,406,356,50,50,1,-1,-1,-1
124,3,528,175,50,50,1,-1,-1,-1
124,4,453,491,50,50,1,-1,-1,-1
124,6,597,915,50,50,1,-1,-1,-1
124,7,472,245,50,50,1,-1,-1,-1
125,1,748,878,50,50,1,-1,-1,-1
125,2,396,406,50,50,1,-1,-1,-1
125,3,536,184,50,50,1,-1,-1,-1
125,4,464,428,50,50,1,-1,-1,-1
125,6,581,792,50,50,1,-1,-1,-1
125,7,461,226,50,50,1,-1,-1,-1
126,1,565,688,50,50,1,-1,-1,-1
126,2,387,462,50,50,1,-1,-1,-1
126,3,543,201,50,50,1,-1,-1,-1
126,4,475,374,50,50,1,-1,-1,-1
126,6,296,1322,50,50,1,-1,-1,-1
126,7,450,215,50,50,1,-1,-1,-1
127,1,550,601,50,50,1,-1,-1,-1
127,2,376,527,50,50,1,-1,-1,-1
127,3,551,225,50,50,1,-1,-1,-1
127,4,485,329,50,50,1,-1,-1,-1
127,6,307,1309,50,50,1,-1,-1,-1
127,7,440,211,50,50,1,-1,-1,-1
128,1,538,531,50,50,1,-1,-1,-1
128,2,363,603,50,50,1,-1,-1,-1
128,3,559,256,50,50,1,-1,-1,-1
128,4,498,292,50,50,1,-1,-1,-1
128,6,341,1266,50,50,1,-1,-1,-1
128,7,429,212,50,50,1,-1,-1,-1
129,1,526,464,50,50,1,-1,-1,-1
129,2,353,682,50,50,1,-1,-1,-1
129,3,567,292,50,50,1,-1,-1,-1
129,4,509,262,50,50,1,-1,-1,-1
129,6,384,1076,50,50,1,-1,-1,-1
129,7,418,219,50,50,1,-1,-1,-1
130,1,513,409,50,50,1,-1,-1,-1
130,2,337,784,50,50,1,-1,-1,-1
130,3,574,339,50,50,1,-1,-1,-1
130,4,519,238,50,50,1,-1,-1,-1
130,6,395,950,50,50,1,-1,-1,-1
130,7,406,233,50,50,1,-1,-1,-1
131,1,502,364,50,50,1,-1,-1,-1
131,2,333,893,50,50,1,-1,-1,-1
131,3,584,391,50,50,1,-1,-1,-1
131,4,529,222,50,50,1,-1,-1,-1
131,5,424,830,50,50,1,-1,-1,-1
131,6,406,865,50,50,1,-1,-1,-1
131,7,396,254,50,50,1,-1,-1,-1
132,1,492,328,50,50,1,-1,-1,-1
132,3,593,454,50,50,1,-1,-1,-1
132,4,539,212,50,50,1,-1,-1,-1
132,6,429,748,50,50,1,-1,-1,-1
132,7,386,282,50,50,1,-1,-1,-1
133,1,481,298,50,50,1,-1,-1,-1
133,2,586,1280,50,50,1,-1,-1,-1
133,3,602,526,50,50,1,-1,-1,-1
133,4,550,208,50,50,1,-1,-1,-1
133,6,443,654,50,50,1,-1,-1,-1
133,7,375,314,50,50,1,-1,-1,-1
134,1,472,276,50,50,1,-1,-1,-1
134,2,577,1140,50,50,1,-1,-1,-1
134,3,609,608,50,50,1,-1,-1,-1
134,4,560,210,50,50,1,-1,-1,-1
134,5,581,1093,50,50,1,-1,-1,-1
134,6,454,568,50,50,1,-1,-1,-1
134,7,363,353,50,50,1,-1,-1,-1
135,1,461,261,50,50,1,-1,-1,-1
135,2,586,970,50,50,1,-1,-1,-1
135,3,621,704,50,50,1,-1,-1,-1
135,4,570,219,50,50,1,-1,-1,-1
135,6,460,499,50,50,1,-1,-1,-1
135,7,350,400,50,50,1,-1,-1,-1
136,1,451,252,50,50,1,-1,-1,-1
136,2,551,827,50,50,1,-1,-1,-1
136,3,628,823,50,50,1,-1,-1,-1
136,4,581,234,50,50,1,-1,-1,-1
136,5,285,1321,50,50,1,-1,-1,-1
136,6,471,442,50,50,1,-1,-1,-1
136,7,337,458,50,50,1,-1,-1,-1
137,1,441,250,50,50,1,-1,-1,-1
137,2,544,718,50,50,1,-1,-1,-1
137,3,322,1295,50,50,1,-1,-1,-1
137,4,592,257,50,50,1,-1,-1,-1
137,6,479,391,50,50,1,-1,-1,-1
137,7,320,519,50,50,1,-1,-1,-1
138,1,431,254,50,50,1,-1,-1,-1
138,2,540,611,50,50,1,-1,-1,-1
138,3,361,1218,50,50,1,-1,-1,-1
138,4,603,287,50,50,1,-1,-1,-1
138,5,377,1152,50,50,1,-1,-1,-1
138,6,491,349,50,50,1,-1,-1,-1
138,7,296,588,50,50,1,-1,-1,-1
139,1,420,265,50,50,1,-1,-1,-1
139,2,537,537,50,50,1,-1,-1,-1
139,3,393,1019,50,50,1,-1,-1,-1
139,4,613,323,50,50,1,-1,-1,-1
139,6,501,313,50,50,1,-1,-1,-1
139,7,290,668,50,50,1,-1,-1,-1
140,1,409,281,50,50,1,-1,-1,-1
140,2,531,449,50,50,1,-1,-1,-1
140,3,399,901,50,50,1,-1,-1,-1
140,4,625,367,50,50,1,-1,-1,-1
140,6,511,286,50,50,1,-1,-1,-1
140,7,277,770,50,50,1,-1,-1,-1
141,1,399,304,50,50,1,-1,-1,-1
141,2,518,382,50,50,1,-1,-1,-1
141,3,414,778,50,50,1,-1,-1,-1
141,4,637,418,50,50,1,-1,-1,-1
141,6,519,264,50,50,1,-1,-1,-1
141,7,262,877,50,50,1,-1,-1,-1
142,1,390,333,50,50,1,-1,-1,-1
142,2,508,326,50,50,1,-1,-1,-1
142,3,430,662,50,50,1,-1,-1,-1
142,4,651,479,50,50,1,-1,-1,-1
142,5,609,1311,50,50,1,-1,-1,-1
142,6,528,252,50,50,1,-1,-1,-1
142,7,238,963,50,50,1,-1,-1,-1
143,1,377,370,50,50,1,-1,-1,-1
143,2,502,277,50,50,1,-1,-1,-1
143,3,436,579,50,50,1,-1,-1,-1
143,4,661,551,50,50,1,-1,-1,-1
143,5,623,1258,50,50,1,-1,-1,-1
143,6,538,246,50,50,1,-1,-1,-1
144,1,365,413,50,50,1,-1,-1,-1
144,2,495,236,50,50,1,-1,-1,-1
144,3,447,495,50,50,1,-1,-1,-1
144,4,678,629,50,50,1,-1,-1,-1
144,6,547,245,50,50,1,-1,-1,-1
144,7,591,1062,50,50,1,-1,-1,-1
145,1,352,462,50,50,1,-1,-1,-1
145,2,487,205,50,50,1,-1,-1,-1
145,3,457,423,50,50,1,-1,-1,-1
145,4,698,722,50,50,1,-1,-1,-1
145,6,556,251,50,50,1,-1,-1,-1
145,7,587,934,50,50,1,-1,-1,-1
146,1,339,520,50,50,1,-1,-1,-1
146,2,480,179,50,50,1,-1,-1,-1
146,3,466,363,50,50,1,-1,-1,-1
146,4,573,794,50,50,1,-1,-1,-1
146,6,565,263,50,50,1,-1,-1,-1
147,1,321,587,50,50,1,-1,-1,-1
147,2,474,160,50,50,1,-1,-1,-1
147,3,476,310,50,50,1,-1,-1,-1
147,4,562,680,50,50,1,-1,-1,-1
147,6,573,281,50,50,1,-1,-1,-1
148,1,310,665,50,50,1,-1,-1,-1
148,2,468,147,50,50,1,-1,-1,-1
148,3,485,265,50,50,1,-1,-1,-1
148,4,556,571,50,50,1,-1,-1,-1
148,6,582,305,50,50,1,-1,-1,-1
149,1,291,752,50,50,1,-1,-1,-1
149,2,460,141,50,50,1,-1,-1,-1
149,3,493,228,50,50,1,-1,-1,-1
149,4,546,482,50,50,1,-1,-1,-1
149,6,592,338,50,50,1,-1,-1,-1
149,7,264,1022,50,50,1,-1,-1,-1
150,1,278,849,50,50,1,-1,-1,-1
150,2,453,140,50,50,1,-1,-1,-1
150,3,501,198,50,50,1,-1,-1,-1
150,4,539,405,50,50,1,-1,-1,-1
150,6,603,378,50,50,1,-1,-1,-1
151,1,258,959,50,50,1,-1,-1,-1
151,2,447,145,50,50,1,-1,-1,-1
151,3,509,173,50,50,1,-1,-1,-1
151,4,532,335,50,50,1,-1,-1,-1
151,6,614,424,50,50,1,-1,-1,-1
151,7,284,1026,50,50,1,-1,-1,-1
152,1,256,1034,50,50,1,-1,-1,-1
152,2,440,158,50,50,1,-1,-1,-1
152,3,517,156,50,50,1,-1,-1,-1
152,4,524,278,50,50,1,-1,-1,-1
152,6,624,479,50,50,1,-1,-1,-1
153,1,252,1050,50,50,1,-1,-1,-1
153,2,433,175,50,50,1,-1,-1,-1
153,3,524,145,50,50,1,-1,-1,-1
153,4,518,227,50,50,1,-1,-1,-1
153,6,634,540,50,50,1,-1,-1,-1
154,1,257,1061,50,50,1,-1,-1,-1
154,2,426,199,50,50,1,-1,-1,-1
154,3,531,141,50,50,1,-1,-1,-1
154,4,510,184,50,50,1,-1,-1,-1
154,6,639,617,50,50,1,-1,-1,-1
155,1,263,1118,50,50,1,-1,-1,-1
155,2,418,227,50,50,1,-1,-1,-1
155,3,523,145,50,50,1,-1,-1,-1
155,6,654,691,50,50,1,-1,-1,-1
156,1,274,1163,50,50,1,-1,-1,-1
156,2,410,264,50,50,1,-1,-1,-1
156,3,548,149,50,50,1,-1,-1,-1
156,4,498,120,50,50,1,-1,-1,-1
156,6,671,791,50,50,1,-1,-1,-1
157,1,283,1211,50,50,1,-1,-1,-1
157,2,403,308,50,50,1,-1,-1,-1
157,3,556,161,50,50,1,-1,-1,-1
157,4,491,98,50,50,1,-1,-1,-1
157,6,680,897,50,50,1,-1,-1,-1
157,7,306,1246,50,50,1,-1,-1,-1
158,1,307,1272,50,50,1,-1,-1,-1
158,2,395,356,50,50,1,-1,-1,-1
158,3,564,181,50,50,1,-1,-1,-1
158,4,484,82,50,50,1,-1,-1,-1
158,6,709,991,50,50,1,-1,-1,-1
159,1,380,1285,50,50,1,-1,-1,-1
159,2,388,416,50,50,1,-1,-1,-1
159,3,571,208,50,50,1,-1,-1,-1
159,4,478,72,50,50,1,-1,-1,-1
159,6,697,1039,50,50,1,-1,-1,-1
160,1,420,1304,50,50,1,-1,-1,-1
160,2,378,483,50,50,1,-1,-1,-1
160,3,580,241,50,50,1,-1,-1,-1
160,4,471,68,50,50,1,-1,-1,-1
161,1,417,1317,50,50,1,-1,-1,-1
161,2,365,545,50,50,1,-1,-1,-1
161,3,589,281,50,50,1,-1,-1,-1
161,4,465,70,50,50,1,-1,-1,-1
161,6,446,1261,50,50,1,-1,-1,-1
162,1,469,1173,50,50,1,-1,-1,-1
162,2,357,642,50,50,1,-1,-1,-1
162,3,597,329,50,50,1,-1,-1,-1
162,4,458,78,50,50,1,-1,-1,-1
162,6,458,1220,50,50,1,-1,-1,-1
163,1,457,1037,50,50,1,-1,-1,-1
163,2,341,741,50,50,1,-1,-1,-1
163,3,606,385,50,50,1,-1,-1,-1
163,4,451,91,50,50,1,-1,-1,-1
163,6,579,1164,50,50,1,-1,-1,-1
163,7,603,1252,50,50,1,-1,-1,-1
164,1,462,926,50,50,1,-1,-1,-1
164,2,328,854,50,50,1,-1,-1,-1
164,3,617,450,50,50,1,-1,-1,-1
164,4,444,111,50,50,1,-1,-1,-1
164,5,463,879,50,50,1,-1,-1,-1
164,6,585,1111,50,50,1,-1,-1,-1
164,7,468,989,50,50,1,-1,-1,-1
165,1,457,787,50,50,1,-1,-1,-1
165,2,309,952,50,50,1,-1,-1,-1
165,3,627,531,50,50,1,-1,-1,-1
165,4,437,136,50,50,1,-1,-1,-1
165,6,463,908,50,50,1,-1,-1,-1
166,1,462,684,50,50,1,-1,-1,-1
166,2,578,876,50,50,1,-1,-1,-1
166,3,635,608,50,50,1,-1,-1,-1
166,4,432,169,50,50,1,-1,-1,-1
166,6,457,831,50,50,1,-1,-1,-1
167,1,461,587,50,50,1,-1,-1,-1
167,2,577,742,50,50,1,-1,-1,-1
167,3,651,712,50,50,1,-1,-1,-1
167,4,423,207,50,50,1,-1,-1,-1
167,6,455,767,50,50,1,-1,-1,-1
167,7,582,863,50,50,1,-1,-1,-1
168,1,458,512,50,50,1,-1,-1,-1
168,2,579,651,50,50,1,-1,-1,-1
168,3,661,816,50,50,1,-1,-1,-1
168,4,413,251,50,50,1,-1,-1,-1
168,6,454,724,50,50,1,-1,-1,-1
168,7,592,798,50,50,1,-1,-1,-1
169,1,458,444,50,50,1,-1,-1,-1
169,2,583,579,50,50,1,-1,-1,-1
169,3,680,920,50,50,1,-1,-1,-1
169,4,405,303,50,50,1,-1,-1,-1
169,6,455,683,50,50,1,-1,-1,-1
169,7,592,751,50,50,1,-1,-1,-1
170,1,454,387,50,50,1,-1,-1,-1
170,2,585,506,50,50,1,-1,-1,-1
170,3,684,955,50,50,1,-1,-1,-1
170,4,396,364,50,50,1,-1,-1,-1
170,5,593,712,50,50,1,-1,-1,-1
170,6,448,651,50,50,1,-1,-1,-1
170,7,362,1313,50,50,1,-1,-1,-1
171,1,454,336,50,50,1,-1,-1,-1
171,2,588,447,50,50,1,-1,-1,-1
171,3,694,979,50,50,1,-1,-1,-1
171,4,386,433,50,50,1,-1,-1,-1
171,5,599,682,50,50,1,-1,-1,-1
171,6,447,626,50,50,1,-1,-1,-1
171,7,422,1310,50,50,1,-1,-1,-1
172,1,450,292,50,50,1,-1,-1,-1
172,2,591,395,50,50,1,-1,-1,-1
172,3,704,1027,50,50,1,-1,-1,-1
172,4,376,512,50,50,1,-1,-1,-1
172,5,603,657,50,50,1,-1,-1,-1
172,6,445,608,50,50,1,-1,-1,-1
172,7,495,1150,50,50,1,-1,-1,-1
173,1,449,254,50,50,1,-1,-1,-1
173,2,595,353,50,50,1,-1,-1,-1
173,4,370,600,50,50,1,-1,-1,-1
173,6,441,597,50,50,1,-1,-1,-1
173,7,608,639,50,50,1,-1,-1,-1
174,1,447,224,50,50,1,-1,-1,-1
174,2,601,316,50,50,1,-1,-1,-1
174,3,484,923,50,50,1,-1,-1,-1
174,4,612,631,50,50,1,-1,-1,-1
174,6,440,593,50,50,1,-1,-1,-1
175,1,446,201,50,50,1,-1,-1,-1
175,2,599,292,50,50,1,-1,-1,-1
175,3,480,795,50,50,1,-1,-1,-1
175,4,618,631,50,50,1,-1,-1,-1
175,6,438,598,50,50,1,-1,-1,-1
175,7,697,1247,50,50,1,-1,-1,-1
176,1,447,185,50,50,1,-1,-1,-1
176,2,601,271,50,50,1,-1,-1,-1
176,3,622,638,50,50,1,-1,-1,-1
176,4,476,685,50,50,1,-1,-1,-1
176,6,437,611,50,50,1,-1,-1,-1
177,1,441,173,50,50,1,-1,-1,-1
177,2,604,256,50,50,1,-1,-1,-1
177,3,627,652,50,50,1,-1,-1,-1
177,4,476,601,50,50,1,-1,-1,-1
177,6,433,631,50,50,1,-1,-1,-1
178,1,439,169,50,50,1,-1,-1,-1
178,2,606,249,50,50,1,-1,-1,-1
178,3,633,674,50,50,1,-1,-1,-1
178,4,470,523,50,50,1,-1,-1,-1
178,6,428,659,50,50,1,-1,-1,-1
179,1,437,169,50,50,1,-1,-1,-1
179,2,608,247,50,50,1,-1,-1,-1
179,3,640,704,50,50,1,-1,-1,-1
179,4,464,454,50,50,1,-1,-1,-1
179,6,423,692,50,50,1,-1,-1,-1
179,7,711,1250,50,50,1,-1,-1,-1
180,1,436,174,50,50,1,-1,-1,-1
180,2,611,252,50,50,1,-1,-1,-1
180,3,646,742,50,50,1,-1,-1,-1
180,4,460,397,50,50,1,-1,-1,-1
180,5,388,1221,50,50,1,-1,-1,-1
180,6,417,731,50,50,1,-1,-1,-1
180,7,669,1053,50,50,1,-1,-1,-1
181,1,433,186,50,50,1,-1,-1,-1
181,2,614,263,50,50,1,-1,-1,-1
181,3,655,788,50,50,1,-1,-1,-1
181,4,456,349,50,50,1,-1,-1,-1
181,5,650,925,50,50,1,-1,-1,-1
181,6,421,787,50,50,1,-1,-1,-1
181,7,382,1204,50,50,1,-1,-1,-1
182,1,430,204,50,50,1,-1,-1,-1
182,2,618,279,50,50,1,-1,-1,-1
182,3,659,845,50,50,1,-1,-1,-1
182,4,452,307,50,50,1,-1,-1,-1
182,5,634,760,50,50,1,-1,-1,-1
182,6,418,850,50,50,1,-1,-1,-1
182,7,426,1074,50,50,1,-1,-1,-1
183,1,427,230,50,50,1,-1,-1,-1
183,2,622,302,50,50,1,-1,-1,-1
183,3,616,655,50,50,1,-1,-1,-1
183,4,447,273,50,50,1,-1,-1,-1
183,6,411,908,50,50,1,-1,-1,-1
183,7,436,987,50,50,1,-1,-1,-1
184,2,625,332,50,50,1,-1,-1,-1
184,4,436,249,50,50,1,-1,-1,-1
184,6,401,1006,50,50,1,-1,-1,-1
184,7,445,901,50,50,1,-1,-1,-1
185,1,420,297,50,50,1,-1,-1,-1
185,2,628,368,50,50,1,-1,-1,-1
185,3,578,454,50,50,1,-1,-1,-1
185,4,438,224,50,50,1,-1,-1,-1
185,6,386,1074,50,50,1,-1,-1,-1
185,7,456,819,50,50,1,-1,-1,-1
186,1,416,341,50,50,1,-1,-1,-1
186,2,631,412,50,50,1,-1,-1,-1
186,3,564,372,50,50,1,-1,-1,-1
186,4,435,209,50,50,1,-1,-1,-1
186,6,373,1128,50,50,1,-1,-1,-1
186,7,465,752,50,50,1,-1,-1,-1
187,1,412,391,50,50,1,-1,-1,-1
187,2,634,462,50,50,1,-1,-1,-1
187,3,535,308,50,50,1,-1,-1,-1
187,4,431,200,50,50,1,-1,-1,-1
187,6,363,1234,50,50,1,-1,-1,-1
187,7,480,691,50,50,1,-1,-1,-1
188,1,407,451,50,50,1,-1,-1,-1
188,2,645,518,50,50,1,-1,-1,-1
188,3,532,245,50,50,1,-1,-1,-1
188,4,427,198,50,50,1,-1,-1,-1
188,5,718,1255,50,50,1,-1,-1,-1
188,6,365,1297,50,50,1,-1,-1,-1
188,7,489,642,50,50,1,-1,-1,-1
189,1,403,515,50,50,1,-1,-1,-1
189,2,649,586,50,50,1,-1,-1,-1
189,3,518,193,50,50,1,-1,-1,-1
189,4,421,203,50,50,1,-1,-1,-1
189,5,495,1142,50,50,1,-1,-1,-1
189,6,374,1302,50,50,1,-1,-1,-1
189,7,499,602,50,50,1,-1,-1,-1
190,1,398,591,50,50,1,-1,-1,-1
190,2,649,658,50,50,1,-1,-1,-1
190,3,507,147,50,50,1,-1,-1,-1
190,4,416,213,50,50,1,-1,-1,-1
190,5,497,1138,50,50,1,-1,-1,-1
190,6,401,1248,50,50,1,-1,-1,-1
190,7,508,570,50,50,1,-1,-1,-1
191,1,392,676,50,50,1,-1,-1,-1
191,2,656,738,50,50,1,-1,-1,-1
191,3,490,110,50,50,1,-1,-1,-1
191,4,411,229,50,50,1,-1,-1,-1
191,5,430,1088,50,50,1,-1,-1,-1
191,6,497,1131,50,50,1,-1,-1,-1
191,7,518,546,50,50,1,-1,-1,-1
192,1,389,779,50,50,1,-1,-1,-1
192,2,675,815,50,50,1,-1,-1,-1
192,3,479,80,50,50,1,-1,-1,-1
192,4,405,252,50,50,1,-1,-1,-1
192,5,437,993,50,50,1,-1,-1,-1
192,6,668,857,50,50,1,-1,-1,-1
192,7,527,530,50,50,1,-1,-1,-1
193,1,379,884,50,50,1,-1,-1,-1
193,2,666,706,50,50,1,-1,-1,-1
193,3,464,55,50,50,1,-1,-1,-1
193,4,399,283,50,50,1,-1,-1,-1
193,5,496,1127,50,50,1,-1,-1,-1
193,6,440,915,50,50,1,-1,-1,-1
193,7,535,522,50,50,1,-1,-1,-1
194,1,383,986,50,50,1,-1,-1,-1
194,2,646,606,50,50,1,-1,-1,-1
194,3,451,37,50,50,1,-1,-1,-1
194,4,393,319,50,50,1,-1,-1,-1
194,5,457,857,50,50,1,-1,-1,-1
194,6,383,1025,50,50,1,-1,-1,-1
194,7,544,520,50,50,1,-1,-1,-1
195,2,461,784,50,50,1,-1,-1,-1
195,3,437,24,50,50,1,-1,-1,-1
195,4,387,364,50,50,1,-1,-1,-1
195,6,494,1142,50,50,1,-1,-1,-1
195,7,555,526,50,50,1,-1,-1,-1
196,1,493,1147,50,50,1,-1,-1,-1
196,2,469,719,50,50,1,-1,-1,-1
196,3,426,17,50,50,1,-1,-1,-1
196,4,380,415,50,50,1,-1,-1,-1
196,5,625,452,50,50,1,-1,-1,-1
196,7,564,538,50,50,1,-1,-1,-1
197,2,477,662,50,50,1,-1,-1,-1
197,3,411,15,50,50,1,-1,-1,-1
197,4,371,471,50,50,1,-1,-1,-1
197,5,611,388,50,50,1,-1,-1,-1
197,7,574,560,50,50,1,-1,-1,-1
198,1,331,1253,50,50,1,-1,-1,-1
198,2,492,637,50,50,1,-1,-1,-1
198,3,397,20,50,50,1,-1,-1,-1
198,4,363,536,50,50,1,-1,-1,-1
198,5,593,334,50,50,1,-1,-1,-1
198,6,767,1275,50,50,1,-1,-1,-1
198,7,584,589,50,50,1,-1,-1,-1
199,1,337,1240,50,50,1,-1,-1,-1
199,2,509,601,50,50,1,-1,-1,-1
199,3,385,29,50,50,1,-1,-1,-1
199,4,353,613,50,50,1,-1,-1,-1
199,5,581,288,50,50,1,-1,-1,-1
199,7,595,626,50,50,1,-1,-1,-1
200,1,364,1183,50,50,1,-1,-1,-1
200,2,519,575,50,50,1,-1,-1,-1
200,3,372,45,50,50,1,-1,-1,-1
200,4,340,699,50,50,1,-1,-1,-1
200,5,575,247,50,50,1,-1,-1,-1
200,6,789,1075,50,50,1,-1,-1,-1
200,7,605,672,50,50,1,-1,-1,-1
201,1,392,1040,50,50,1,-1,-1,-1
201,2,526,559,50,50,1,-1,-1,-1
201,3,359,64,50,50,1,-1,-1,-1
201,4,334,794,50,50,1,-1,-1,-1
201,5,566,214,50,50,1,-1,-1,-1
201,7,613,727,50,50,1,-1,-1,-1
202,1,396,956,50,50,1,-1,-1,-1
202,2,535,549,50,50,1,-1,-1,-1
202,3,342,88,50,50,1,-1,-1,-1
202,4,333,927,50,50,1,-1,-1,-1
202,5,555,186,50,50,1,-1,-1,-1
202,7,627,793,50,50,1,-1,-1,-1
203,1,409,871,50,50,1,-1,-1,-1
203,2,543,548,50,50,1,-1,-1,-1
203,3,328,123,50,50,1,-1,-1,-1
203,4,312,1031,50,50,1,-1,-1,-1
203,5,544,166,50,50,1,-1,-1,-1
203,7,636,871,50,50,1,-1,-1,-1
204,1,416,794,50,50,1,-1,-1,-1
204,2,553,554,50,50,1,-1,-1,-1
204,3,313,164,50,50,1,-1,-1,-1
204,5,534,153,50,50,1,-1,-1,-1
205,1,424,728,50,50,1,-1,-1,-1
205,2,561,567,50,50,1,-1,-1,-1
205,3,297,218,50,50,1,-1,-1,-1
205,4,284,1168,50,50,1,-1,-1,-1
205,5,524,145,50,50,1,-1,-1,-1
205,6,676,469,50,50,1,-1,-1,-1
206,1,432,672,50,50,1,-1,-1,-1
206,2,569,587,50,50,1,-1,-1,-1
206,3,280,263,50,50,1,-1,-1,-1
206,4,283,1243,50,50,1,-1,-1,-1
206,5,515,143,50,50,1,-1,-1,-1
206,6,656,391,50,50,1,-1,-1,-1
207,1,438,628,50,50,1,-1,-1,-1
207,2,579,614,50,50,1,-1,-1,-1
207,3,262,326,50,50,1,-1,-1,-1
207,4,297,1265,50,50,1,-1,-1,-1
207,5,505,147,50,50,1,-1,-1,-1
207,6,637,320,50,50,1,-1,-1,-1
208,1,444,592,50,50,1,-1,-1,-1
208,2,587,651,50,50,1,-1,-1,-1
208,3,243,395,50,50,1,-1,-1,-1
208,4,278,1242,50,50,1,-1,-1,-1
208,5,495,156,50,50,1,-1,-1,-1
208,6,619,257,50,50,1,-1,-1,-1
209,1,450,564,50,50,1,-1,-1,-1
209,2,600,693,50,50,1,-1,-1,-1
209,3,221,470,50,50,1,-1,-1,-1
209,4,312,1194,50,50,1,-1,-1,-1
209,5,484,172,50,50,1,-1,-1,-1
209,6,608,200,50,50,1,-1,-1,-1
210,1,457,544,50,50,1,-1,-1,-1
210,2,609,741,50,50,1,-1,-1,-1
210,3,198,558,50,50,1,-1,-1,-1
210,4,344,1057,50,50,1,-1,-1,-1
210,5,475,192,50,50,1,-1,-1,-1
210,6,591,156,50,50,1,-1,-1,-1
211,1,463,530,50,50,1,-1,-1,-1
211,2,618,806,50,50,1,-1,-1,-1
211,4,361,971,50,50,1,-1,-1,-1
211,5,464,219,50,50,1,-1,-1,-1
211,6,576,117,50,50,1,-1,-1,-1
212,1,468,524,50,50,1,-1,-1,-1
212,2,629,870,50,50,1,-1,-1,-1
212,4,372,889,50,50,1,-1,-1,-1
212,5,453,252,50,50,1,-1,-1,-1
212,6,561,85,50,50,1,-1,-1,-1
213,1,474,525,50,50,1,-1,-1,-1
213,4,390,809,50,50,1,-1,-1,-1
213,5,442,292,50,50,1,-1,-1,-1
213,6,548,58,50,50,1,-1,-1,-1
214,1,480,534,50,50,1,-1,-1,-1
214,4,402,737,50,50,1,-1,-1,-1
214,5,433,340,50,50,1,-1,-1,-1
214,6,535,39,50,50,1,-1,-1,-1
215,1,486,551,50,50,1,-1,-1,-1
215,2,609,487,50,50,1,-1,-1,-1
215,4,415,681,50,50,1,-1,-1,-1
215,5,420,393,50,50,1,-1,-1,-1
215,6,519,27,50,50,1,-1,-1,-1
216,1,491,575,50,50,1,-1,-1,-1
216,2,592,413,50,50,1,-1,-1,-1
216,4,427,637,50,50,1,-1,-1,-1
216,5,408,459,50,50,1,-1,-1,-1
216,6,506,16,50,50,1,-1,-1,-1
217,1,497,606,50,50,1,-1,-1,-1
217,2,579,342,50,50,1,-1,-1,-1
217,3,209,1275,50,50,1,-1,-1,-1
217,4,439,598,50,50,1,-1,-1,-1
217,5,397,530,50,50,1,-1,-1,-1
217,6,492,15,50,50,1,-1,-1,-1
217,7,661,1262,50,50,1,-1,-1,-1
218,1,503,647,50,50,1,-1,-1,-1
218,2,560,281,50,50,1,-1,-1,-1
218,3,253,1287,50,50,1,-1,-1,-1
218,4,451,568,50,50,1,-1,-1,-1
218,5,385,605,50,50,1,-1,-1,-1
218,6,478,17,50,50,1,-1,-1,-1
218,7,677,1257,50,50,1,-1,-1,-1
219,1,508,697,50,50,1,-1,-1,-1
219,2,545,230,50,50,1,-1,-1,-1
219,3,277,1263,50,50,1,-1,-1,-1
219,4,463,547,50,50,1,-1,-1,-1
219,5,364,692,50,50,1,-1,-1,-1
219,6,465,26,50,50,1,-1,-1,-1
220,1,513,758,50,50,1,-1,-1,-1
220,2,533,185,50,50,1,-1,-1,-1
220,3,316,1142,50,50,1,-1,-1,-1
220,4,473,532,50,50,1,-1,-1,-1
220,5,346,802,50,50,1,-1,-1,-1
220,6,451,40,50,50,1,-1,-1,-1
221,1,520,829,50,50,1,-1,-1,-1
221,2,524,148,50,50,1,-1,-1,-1
221,3,339,1038,50,50,1,-1,-1,-1
221,4,483,525,50,50,1,-1,-1,-1
221,5,338,920,50,50,1,-1,-1,-1
221,6,435,59,50,50,1,-1,-1,-1
222,1,528,900,50,50,1,-1,-1,-1
222,2,510,117,50,50,1,-1,-1,-1
222,3,357,958,50,50,1,-1,-1,-1
222,4,493,525,50,50,1,-1,-1,-1
222,5,320,1025,50,50,1,-1,-1,-1
222,6,421,84,50,50,1,-1,-1,-1
223,1,533,994,50,50,1,-1,-1,-1
223,2,499,94,50,50,1,-1,-1,-1
223,3,374,872,50,50,1,-1,-1,-1
223,4,504,532,50,50,1,-1,-1,-1
223,5,308,1012,50,50,1,-1,-1,-1
223,6,408,116,50,50,1,-1,-1,-1
223,7,633,583,50,50,1,-1,-1,-1
224,1,531,1063,50,50,1,-1,-1,-1
224,2,487,75,50,50,1,-1,-1,-1
224,3,392,801,50,50,1,-1,-1,-1
224,4,514,547,50,50,1,-1,-1,-1
224,5,308,1012,50,50,1,-1,-1,-1
224,6,392,154,50,50,1,-1,-1,-1
224,7,623,494,50,50,1,-1,-1,-1
225,1,545,1146,50,50,1,-1,-1,-1
225,2,476,62,50,50,1,-1,-1,-1
225,3,406,743,50,50,1,-1,-1,-1
225,4,525,570,50,50,1,-1,-1,-1
225,5,308,1012,50,50,1,-1,-1,-1
225,6,374,196,50,50,1,-1,-1,-1
225,7,604,410,50,50,1,-1,-1,-1
226,1,608,1276,50,50,1,-1,-1,-1
226,2,463,54,50,50,1,-1,-1,-1
226,3,422,696,50,50,1,-1,-1,-1
226,4,535,601,50,50,1,-1,-1,-1
226,5,308,1012,50,50,1,-1,-1,-1
226,6,357,246,50,50,1,-1,-1,-1
226,7,604,348,50,50,1,-1,-1,-1
227,1,627,1314,50,50,1,-1,-1,-1
227,2,450,55,50,50,1,-1,-1,-1
227,3,434,659,50,50,1,-1,-1,-1
227,4,546,641,50,50,1,-1,-1,-1
227,5,308,1012,50,50,1,-1,-1,-1
227,6,342,305,50,50,1,-1,-1,-1
227,7,593,288,50,50,1,-1,-1,-1
228,1,669,1282,50,50,1,-1,-1,-1
228,2,438,58,50,50,1,-1,-1,-1
228,3,448,630,50,50,1,-1,-1,-1
228,4,558,687,50,50,1,-1,-1,-1
228,5,308,1012,50,50,1,-1,-1,-1
228,6,331,373,50,50,1,-1,-1,-1
228,7,583,233,50,50,1,-1,-1,-1
229,1,336,1136,50,50,1,-1,-1,-1
229,2,425,67,50,50,1,-1,-1,-1
229,3,462,608,50,50,1,-1,-1,-1
229,4,569,745,50,50,1,-1,-1,-1
229,5,308,1012,50,50,1,-1,-1,-1
229,6,308,456,50,50,1,-1,-1,-1
229,7,575,188,50,50,1,-1,-1,-1
230,1,665,962,50,50,1,-1,-1,-1
230,2,413,83,50,50,1,-1,-1,-1
230,3,474,595,50,50,1,-1,-1,-1
230,4,577,811,50,50,1,-1,-1,-1
230,5,353,1033,50,50,1,-1,-1,-1
230,6,289,535,50,50,1,-1,-1,-1
230,7,566,151,50,50,1,-1,-1,-1
231,1,648,832,50,50,1,-1,-1,-1
231,2,401,105,50,50,1,-1,-1,-1
231,3,486,588,50,50,1,-1,-1,-1
231,4,593,891,50,50,1,-1,-1,-1
231,5,366,958,50,50,1,-1,-1,-1
231,6,264,632,50,50,1,-1,-1,-1
231,7,560,117,50,50,1,-1,-1,-1
232,1,628,724,50,50,1,-1,-1,-1
232,2,388,132,50,50,1,-1,-1,-1
232,3,499,589,50,50,1,-1,-1,-1
232,5,378,867,50,50,1,-1,-1,-1
232,6,239,749,50,50,1,-1,-1,-1
232,7,549,98,50,50,1,-1,-1,-1
233,1,612,616,50,50,1,-1,-1,-1
233,2,374,166,50,50,1,-1,-1,-1
233,3,511,598,50,50,1,-1,-1,-1
233,5,399,786,50,50,1,-1,-1,-1
233,6,197,884,50,50,1,-1,-1,-1
233,7,545,76,50,50,1,-1,-1,-1
234,1,597,533,50,50,1,-1,-1,-1
234,2,360,207,50,50,1,-1,-1,-1
234,3,524,615,50,50,1,-1,-1,-1
234,5,391,723,50,50,1,-1,-1,-1
234,6,178,967,50,50,1,-1,-1,-1
234,7,537,64,50,50,1,-1,-1,-1
235,1,586,457,50,50,1,-1,-1,-1
235,2,344,256,50,50,1,-1,-1,-1
235,3,537,638,50,50,1,-1,-1,-1
235,5,411,677,50,50,1,-1,-1,-1
235,7,529,58,50,50,1,-1,-1,-1
236,1,569,390,50,50,1,-1,-1,-1
236,2,331,311,50,50,1,-1,-1,-1
236,3,550,670,50,50,1,-1,-1,-1
236,5,421,627,50,50,1,-1,-1,-1
236,7,521,57,50,50,1,-1,-1,-1
237,1,559,330,50,50,1,-1,-1,-1
237,2,314,373,50,50,1,-1,-1,-1
237,3,564,710,50,50,1,-1,-1,-1
237,5,433,588,50,50,1,-1,-1,-1
237,7,514,61,50,50,1,-1,-1,-1
238,1,546,283,50,50,1,-1,-1,-1
238,2,290,442,50,50,1,-1,-1,-1
238,3,577,757,50,50,1,-1,-1,-1
238,5,442,558,50,50,1,-1,-1,-1
238,6,234,1216,50,50,1,-1,-1,-1
238,7,507,71,50,50,1,-1,-1,-1
239,1,533,242,50,50,1,-1,-1,-1
239,3,593,814,50,50,1,-1,-1,-1
239,5,451,538,50,50,1,-1,-1,-1
239,7,498,86,50,50,1,-1,-1,-1
240,1,521,208,50,50,1,-1,-1,-1
240,3,609,881,50,50,1,-1,-1,-1
240,5,460,525,50,50,1,-1,-1,-1
240,6,317,1020,50,50,1,-1,-1,-1
240,7,491,107,50,50,1,-1,-1,-1
241,1,510,181,50,50,1,-1,-1,-1
241,3,625,964,50,50,1,-1,-1,-1
241,5,468,520,50,50,1,-1,-1,-1
241,6,326,952,50,50,1,-1,-1,-1
241,7,483,135,50,50,1,-1,-1,-1
242,1,488,163,50,50,1,-1,-1,-1
242,2,209,839,50,50,1,-1,-1,-1
242,5,477,522,50,50,1,-1,-1,-1
242,6,364,872,50,50,1,-1,-1,-1
243,1,490,151,50,50,1,-1,-1,-1
243,2,186,961,50,50,1,-1,-1,-1
243,3,613,533,50,50,1,-1,-1,-1
243,5,486,530,50,50,1,-1,-1,-1
243,6,405,788,50,50,1,-1,-1,-1
243,7,464,204,50,50,1,-1,-1,-1
244,1,482,148,50,50,1,-1,-1,-1
244,2,184,1077,50,50,1,-1,-1,-1
244,3,602,441,50,50,1,-1,-1,-1
244,5,495,547,50,50,1,-1,-1,-1
244,6,413,732,50,50,1,-1,-1,-1
244,7,453,247,50,50,1,-1,-1,-1
245,1,474,149,50,50,1,-1,-1,-1
245,3,603,374,50,50,1,-1,-1,-1
245,5,505,571,50,50,1,-1,-1,-1
245,6,418,678,50,50,1,-1,-1,-1
245,7,440,294,50,50,1,-1,-1,-1
246,1,464,157,50,50,1,-1,-1,-1
246,3,591,310,50,50,1,-1,-1,-1
246,5,513,603,50,50,1,-1,-1,-1
246,6,435,640,50,50,1,-1,-1,-1
246,7,428,351,50,50,1,-1,-1,-1
247,1,455,170,50,50,1,-1,-1,-1
247,3,581,255,50,50,1,-1,-1,-1
247,5,522,644,50,50,1,-1,-1,-1
247,6,457,606,50,50,1,-1,-1,-1
247,7,418,414,50,50,1,-1,-1,-1
248,1,446,189,50,50,1,-1,-1,-1
248,2,295,1265,50,50,1,-1,-1,-1
248,3,572,206,50,50,1,-1,-1,-1
248,5,531,695,50,50,1,-1,-1,-1
248,6,471,584,50,50,1,-1,-1,-1
248,7,408,485,50,50,1,-1,-1,-1
249,1,438,216,50,50,1,-1,-1,-1
249,2,358,1205,50,50,1,-1,-1,-1
249,3,562,167,50,50,1,-1,-1,-1
249,5,540,754,50,50,1,-1,-1,-1
249,6,487,568,50,50,1,-1,-1,-1
249,7,395,567,50,50,1,-1,-1,-1
250,1,428,247,50,50,1,-1,-1,-1
250,2,373,1081,50,50,1,-1,-1,-1
250,3,554,134,50,50,1,-1,-1,-1
250,5,551,827,50,50,1,-1,-1,-1
250,6,503,560,50,50,1,-1,-1,-1
251,1,416,285,50,50,1,-1,-1,-1
251,2,388,994,50,50,1,-1,-1,-1
251,3,545,108,50,50,1,-1,-1,-1
251,5,556,913,50,50,1,-1,-1,-1
251,6,518,560,50,50,1,-1,-1,-1
252,1,405,331,50,50,1,-1,-1,-1
252,2,403,910,50,50,1,-1,-1,-1
252,3,536,88,50,50,1,-1,-1,-1
252,4,582,976,50,50,1,-1,-1,-1
252,5,569,1014,50,50,1,-1,-1,-1
252,6,533,568,50,50,1,-1,-1,-1
252,7,347,875,50,50,1,-1,-1,-1
253,1,395,384,50,50,1,-1,-1,-1
253,2,420,835,50,50,1,-1,-1,-1
253,3,528,74,50,50,1,-1,-1,-1
253,4,618,484,50,50,1,-1,-1,-1
253,5,585,1079,50,50,1,-1,-1,-1
253,6,550,583,50,50,1,-1,-1,-1
253,7,331,983,50,50,1,-1,-1,-1
254,1,386,444,50,50,1,-1,-1,-1
254,2,435,772,50,50,1,-1,-1,-1
254,3,520,66,50,50,1,-1,-1,-1
254,4,602,410,50,50,1,-1,-1,-1
254,5,607,1184,50,50,1,-1,-1,-1
254,6,566,603,50,50,1,-1,-1,-1
254,7,621,1232,50,50,1,-1,-1,-1
255,1,374,514,50,50,1,-1,-1,-1
255,2,446,725,50,50,1,-1,-1,-1
255,3,512,62,50,50,1,-1,-1,-1
255,4,587,344,50,50,1,-1,-1,-1
255,5,666,1309,50,50,1,-1,-1,-1
255,6,582,633,50,50,1,-1,-1,-1
256,1,361,589,50,50,1,-1,-1,-1
256,2,458,681,50,50,1,-1,-1,-1
256,3,504,65,50,50,1,-1,-1,-1
256,4,573,287,50,50,1,-1,-1,-1
256,5,301,1221,50,50,1,-1,-1,-1
256,6,597,672,50,50,1,-1,-1,-1
257,1,347,681,50,50,1,-1,-1,-1
257,2,470,648,50,50,1,-1,-1,-1
257,3,495,73,50,50,1,-1,-1,-1
257,4,561,238,50,50,1,-1,-1,-1
257,5,320,1219,50,50,1,-1,-1,-1
257,6,612,720,50,50,1,-1,-1,-1
257,7,741,1202,50,50,1,-1,-1,-1
258,2,480,623,50,50,1,-1,-1,-1
258,3,487,88,50,50,1,-1,-1,-1
258,4,548,195,50,50,1,-1,-1,-1
258,5,362,1120,50,50,1,-1,-1,-1
258,6,617,777,50,50,1,-1,-1,-1
258,7,751,1006,50,50,1,-1,-1,-1
259,1,316,895,50,50,1,-1,-1,-1
259,2,491,606,50,50,1,-1,-1,-1
259,3,479,107,50,50,1,-1,-1,-1
259,4,535,160,50,50,1,-1,-1,-1
259,5,389,1031,50,50,1,-1,-1,-1
259,6,635,838,50,50,1,-1,-1,-1
259,7,359,1059,50,50,1,-1,-1,-1
260,1,296,1026,50,50,1,-1,-1,-1
260,2,502,597,50,50,1,-1,-1,-1
260,3,470,137,50,50,1,-1,-1,-1
260,4,523,132,50,50,1,-1,-1,-1
260,5,404,963,50,50,1,-1,-1,-1
260,6,683,763,50,50,1,-1,-1,-1
261,2,514,595,50,50,1,-1,-1,-1
261,3,461,170,50,50,1,-1,-1,-1
261,4,512,110,50,50,1,-1,-1,-1
261,5,418,879,50,50,1,-1,-1,-1
262,2,525,602,50,50,1,-1,-1,-1
262,3,453,212,50,50,1,-1,-1,-1
262,4,499,94,50,50,1,-1,-1,-1
262,5,429,811,50,50,1,-1,-1,-1
263,2,536,616,50,50,1,-1,-1,-1
263,3,442,256,50,50,1,-1,-1,-1
263,4,488,84,50,50,1,-1,-1,-1
263,5,439,760,50,50,1,-1,-1,-1
263,6,642,501,50,50,1,-1,-1,-1
264,2,547,638,50,50,1,-1,-1,-1
264,3,434,311,50,50,1,-1,-1,-1
264,4,477,80,50,50,1,-1,-1,-1
264,5,449,715,50,50,1,-1,-1,-1
264,6,627,439,50,50,1,-1,-1,-1
265,2,559,668,50,50,1,-1,-1,-1
265,3,422,374,50,50,1,-1,-1,-1
265,4,465,81,50,50,1,-1,-1,-1
265,5,461,676,50,50,1,-1,-1,-1
265,6,610,383,50,50,1,-1,-1,-1
266,1,316,1267,50,50,1,-1,-1,-1
266,2,571,708,50,50,1,-1,-1,-1
266,3,410,455,50,50,1,-1,-1,-1
266,4,452,89,50,50,1,-1,-1,-1
266,5,472,648,50,50,1,-1,-1,-1
266,6,597,337,50,50,1,-1,-1,-1
267,1,354,1227,50,50,1,-1,-1,-1
267,2,583,758,50,50,1,-1,-1,-1
267,3,397,531,50,50,1,-1,-1,-1
267,4,440,101,50,50,1,-1,-1,-1
267,5,483,627,50,50,1,-1,-1,-1
267,6,584,298,50,50,1,-1,-1,-1
267,7,755,1108,50,50,1,-1,-1,-1
268,1,384,1094,50,50,1,-1,-1,-1
268,2,596,815,50,50,1,-1,-1,-1
268,3,383,633,50,50,1,-1,-1,-1
268,4,428,120,50,50,1,-1,-1,-1
268,5,494,615,50,50,1,-1,-1,-1
268,6,571,268,50,50,1,-1,-1,-1
268,7,744,939,50,50,1,-1,-1,-1
269,1,418,998,50,50,1,-1,-1,-1
269,2,609,884,50,50,1,-1,-1,-1
269,3,704,817,50,50,1,-1,-1,-1
269,4,415,145,50,50,1,-1,-1,-1
269,5,505,610,50,50,1,-1,-1,-1
269,6,561,245,50,50,1,-1,-1,-1
270,1,423,908,50,50,1,-1,-1,-1
270,2,349,853,50,50,1,-1,-1,-1
270,4,402,177,50,50,1,-1,-1,-1
270,5,516,613,50,50,1,-1,-1,-1
270,6,549,228,50,50,1,-1,-1,-1
271,1,434,826,50,50,1,-1,-1,-1
271,2,360,981,50,50,1,-1,-1,-1
271,3,657,590,50,50,1,-1,-1,-1
271,4,388,215,50,50,1,-1,-1,-1
271,5,527,624,50,50,1,-1,-1,-1
271,6,538,217,50,50,1,-1,-1,-1
272,1,448,755,50,50,1,-1,-1,-1
272,2,641,494,50,50,1,-1,-1,-1
272,4,375,260,50,50,1,-1,-1,-1
272,5,540,644,50,50,1,-1,-1,-1
272,6,527,212,50,50,1,-1,-1,-1
273,1,462,696,50,50,1,-1,-1,-1
273,2,611,421,50,50,1,-1,-1,-1
273,4,362,312,50,50,1,-1,-1,-1
273,5,550,670,50,50,1,-1,-1,-1
273,6,516,214,50,50,1,-1,-1,-1
274,1,473,646,50,50,1,-1,-1,-1
274,2,603,355,50,50,1,-1,-1,-1
274,4,348,370,50,50,1,-1,-1,-1
274,5,562,706,50,50,1,-1,-1,-1
274,6,505,220,50,50,1,-1,-1,-1
275,1,483,609,50,50,1,-1,-1,-1
275,2,585,297,50,50,1,-1,-1,-1
275,3,308,1239,50,50,1,-1,-1,-1
275,4,329,437,50,50,1,-1,-1,-1
275,5,573,751,50,50,1,-1,-1,-1
275,6,493,232,50,50,1,-1,-1,-1
276,1,493,576,50,50,1,-1,-1,-1
276,2,570,251,50,50,1,-1,-1,-1
276,3,329,1205,50,50,1,-1,-1,-1
276,4,312,511,50,50,1,-1,-1,-1
276,5,581,807,50,50,1,-1,-1,-1
276,6,483,251,50,50,1,-1,-1,-1
277,1,503,554,50,50,1,-1,-1,-1
277,2,557,207,50,50,1,-1,-1,-1
277,3,371,1077,50,50,1,-1,-1,-1
277,4,293,602,50,50,1,-1,-1,-1
277,5,605,886,50,50,1,-1,-1,-1
277,6,472,276,50,50,1,-1,-1,-1
277,7,714,929,50,50,1,-1,-1,-1
278,1,514,538,50,50,1,-1,-1,-1
278,2,541,176,50,50,1,-1,-1,-1
278,3,389,1002,50,50,1,-1,-1,-1
278,4,273,703,50,50,1,-1,-1,-1
278,5,609,952,50,50,1,-1,-1,-1
278,6,460,304,50,50,1,-1,-1,-1
279,1,526,530,50,50,1,-1,-1,-1
279,2,527,147,50,50,1,-1,-1,-1
279,3,398,897,50,50,1,-1,-1,-1
279,5,672,673,50,50,1,-1,-1,-1
279,6,449,338,50,50,1,-1,-1,-1
280,1,536,530,50,50,1,-1,-1,-1
280,2,513,125,50,50,1,-1,-1,-1
280,3,410,811,50,50,1,-1,-1,-1
280,4,226,951,50,50,1,-1,-1,-1
280,5,625,1082,50,50,1,-1,-1,-1
280,6,436,381,50,50,1,-1,-1,-1
281,1,547,537,50,50,1,-1,-1,-1
281,2,499,112,50,50,1,-1,-1,-1
281,3,429,742,50,50,1,-1,-1,-1
281,4,204,1054,50,50,1,-1,-1,-1
281,5,634,1185,50,50,1,-1,-1,-1
281,6,425,429,50,50,1,-1,-1,-1
281,7,638,493,50,50,1,-1,-1,-1
282,1,558,553,50,50,1,-1,-1,-1
282,2,486,103,50,50,1,-1,-1,-1
282,3,440,690,50,50,1,-1,-1,-1
282,4,210,1157,50,50,1,-1,-1,-1
282,5,628,423,50,50,1,-1,-1,-1
282,6,413,484,50,50,1,-1,-1,-1
283,1,569,575,50,50,1,-1,-1,-1
283,2,473,100,50,50,1,-1,-1,-1
283,3,451,639,50,50,1,-1,-1,-1
283,4,245,1266,50,50,1,-1,-1,-1
283,5,614,359,50,50,1,-1,-1,-1
283,6,402,545,50,50,1,-1,-1,-1
283,7,226,1226,50,50,1,-1,-1,-1
284,1,579,607,50,50,1,-1,-1,-1
284,2,459,102,50,50,1,-1,-1,-1
284,3,461,600,50,50,1,-1,-1,-1
284,4,273,1276,50,50,1,-1,-1,-1
284,5,603,305,50,50,1,-1,-1,-1
284,6,389,616,50,50,1,-1,-1,-1
285,1,590,646,50,50,1,-1,-1,-1
285,2,446,111,50,50,1,-1,-1,-1
285,3,473,569,50,50,1,-1,-1,-1
285,4,298,1275,50,50,1,-1,-1,-1
285,5,591,261,50,50,1,-1,-1,-1
285,6,376,687,50,50,1,-1,-1,-1
286,1,601,696,50,50,1,-1,-1,-1
286,2,432,125,50,50,1,-1,-1,-1
286,3,484,546,50,50,1,-1,-1,-1
286,4,332,1137,50,50,1,-1,-1,-1
286,5,579,222,50,50,1,-1,-1,-1
286,6,362,777,50,50,1,-1,-1,-1
287,1,614,756,50,50,1,-1,-1,-1
287,2,418,145,50,50,1,-1,-1,-1
287,3,494,531,50,50,1,-1,-1,-1
287,4,347,1044,50,50,1,-1,-1,-1
287,5,568,191,50,50,1,-1,-1,-1
288,1,625,825,50,50,1,-1,-1,-1
288,2,404,169,50,50,1,-1,-1,-1
288,3,505,524,50,50,1,-1,-1,-1
288,4,364,958,50,50,1,-1,-1,-1
288,5,557,168,50,50,1,-1,-1,-1
288,6,337,992,50,50,1,-1,-1,-1
289,1,637,890,50,50,1,-1,-1,-1
289,2,390,202,50,50,1,-1,-1,-1
289,3,516,525,50,50,1,-1,-1,-1
289,4,383,887,50,50,1,-1,-1,-1
289,5,546,151,50,50,1,-1,-1,-1
289,6,656,610,50,50,1,-1,-1,-1
290,1,632,514,50,50,1,-1,-1,-1
290,2,376,240,50,50,1,-1,-1,-1
290,3,526,533,50,50,1,-1,-1,-1
290,4,401,828,50,50,1,-1,-1,-1
290,5,535,139,50,50,1,-1,-1,-1
291,1,624,429,50,50,1,-1,-1,-1
291,2,359,286,50,50,1,-1,-1,-1
291,3,536,548,50,50,1,-1,-1,-1
291,4,415,772,50,50,1,-1,-1,-1
291,5,525,134,50,50,1,-1,-1,-1
292,1,604,356,50,50,1,-1,-1,-1
292,2,343,336,50,50,1,-1,-1,-1
292,3,547,570,50,50,1,-1,-1,-1
292,4,432,730,50,50,1,-1,-1,-1
292,5,515,134,50,50,1,-1,-1,-1
293,1,586,292,50,50,1,-1,-1,-1
293,2,326,394,50,50,1,-1,-1,-1
293,3,557,602,50,50,1,-1,-1,-1
293,4,444,694,50,50,1,-1,-1,-1
293,5,504,141,50,50,1,-1,-1,-1
293,6,455,1175,50,50,1,-1,-1,-1
293,7,312,1252,50,50,1,-1,-1,-1
294,1,571,237,50,50,1,-1,-1,-1
294,2,313,457,50,50,1,-1,-1,-1
294,3,568,641,50,50,1,-1,-1,-1
294,4,459,668,50,50,1,-1,-1,-1
294,5,494,153,50,50,1,-1,-1,-1
294,6,292,1264,50,50,1,-1,-1,-1
295,1,554,193,50,50,1,-1,-1,-1
295,2,291,535,50,50,1,-1,-1,-1
295,3,577,689,50,50,1,-1,-1,-1
295,4,472,649,50,50,1,-1,-1,-1
295,5,485,175,50,50,1,-1,-1,-1
295,6,732,1225,50,50,1,-1,-1,-1
296,1,537,153,50,50,1,-1,-1,-1
296,2,366,1084,50,50,1,-1,-1,-1
296,3,589,747,50,50,1,-1,-1,-1
296,4,484,639,50,50,1,-1,-1,-1
296,5,474,200,50,50,1,-1,-1,-1
297,1,523,121,50,50,1,-1,-1,-1
297,2,379,1011,50,50,1,-1,-1,-1
297,3,603,815,50,50,1,-1,-1,-1
297,4,498,635,50,50,1,-1,-1,-1
297,5,463,230,50,50,1,-1,-1,-1
298,1,508,94,50,50,1,-1,-1,-1
298,2,229,840,50,50,1,-1,-1,-1
298,3,612,895,50,50,1,-1,-1,-1
298,4,511,639,50,50,1,-1,-1,-1
298,5,450,265,50,50,1,-1,-1,-1
298,6,390,922,50,50,1,-1,-1,-1
299,1,494,74,50,50,1,-1,-1,-1
299,2,203,925,50,50,1,-1,-1,-1
299,3,403,856,50,50,1,-1,-1,-1
299,4,524,651,50,50,1,-1,-1,-1
299,5,439,310,50,50,1,-1,-1,-1
300,1,480,61,50,50,1,-1,-1,-1
300,2,190,1053,50,50,1,-1,-1,-1
300,3,416,793,50,50,1,-1,-1,-1
300,4,537,671,50,50,1,-1,-1,-1
300,5,429,362,50,50,1,-1,-1,-1
301,1,464,54,50,50,1,-1,-1,-1
301,2,629,463,50,50,1,-1,-1,-1
301,3,431,742,50,50,1,-1,-1,-1
301,4,548,700,50,50,1,-1,-1,-1
301,5,415,418,50,50,1,-1,-1,-1
302,1,449,53,50,50,1,-1,-1,-1
302,2,616,391,50,50,1,-1,-1,-1
302,3,441,698,50,50,1,-1,-1,-1
302,4,565,734,50,50,1,-1,-1,-1
302,5,404,488,50,50,1,-1,-1,-1
302,6,206,1220,50,50,1,-1,-1,-1
303,1,435,55,50,50,1,-1,-1,-1
303,2,603,325,50,50,1,-1,-1,-1
303,3,453,663,50,50,1,-1,-1,-1
303,4,578,779,50,50,1,-1,-1,-1
303,5,390,565,50,50,1,-1,-1,-1
303,6,248,1284,50,50,1,-1,-1,-1
304,1,420,64,50,50,1,-1,-1,-1
304,2,589,270,50,50,1,-1,-1,-1
304,3,465,637,50,50,1,-1,-1,-1
304,4,595,833,50,50,1,-1,-1,-1
304,5,376,652,50,50,1,-1,-1,-1
304,6,310,1285,50,50,1,-1,-1,-1
305,1,405,81,50,50,1,-1,-1,-1
305,2,578,222,50,50,1,-1,-1,-1
305,3,477,617,50,50,1,-1,-1,-1
305,4,611,897,50,50,1,-1,-1,-1
305,5,341,1142,50,50,1,-1,-1,-1
305,6,677,1022,50,50,1,-1,-1,-1
306,1,389,103,50,50,1,-1,-1,-1
306,2,567,183,50,50,1,-1,-1,-1
306,3,487,606,50,50,1,-1,-1,-1
306,4,621,958,50,50,1,-1,-1,-1
306,5,363,1051,50,50,1,-1,-1,-1
306,6,645,874,50,50,1,-1,-1,-1
306,7,342,854,50,50,1,-1,-1,-1
307,1,372,130,50,50,1,-1,-1,-1
307,2,556,150,50,50,1,-1,-1,-1
307,3,500,602,50,50,1,-1,-1,-1
307,5,324,998,50,50,1,-1,-1,-1
307,6,366,974,50,50,1,-1,-1,-1
308,1,355,167,50,50,1,-1,-1,-1
308,2,545,125,50,50,1,-1,-1,-1
308,3,512,606,50,50,1,-1,-1,-1
308,4,634,650,50,50,1,-1,-1,-1
308,5,396,891,50,50,1,-1,-1,-1
309,1,339,209,50,50,1,-1,-1,-1
309,2,533,106,50,50,1,-1,-1,-1
309,3,523,617,50,50,1,-1,-1,-1
309,5,410,810,50,50,1,-1,-1,-1
310,1,322,257,50,50,1,-1,-1,-1
310,2,522,93,50,50,1,-1,-1,-1
310,3,534,637,50,50,1,-1,-1,-1
310,4,609,474,50,50,1,-1,-1,-1
310,5,417,739,50,50,1,-1,-1,-1
310,6,449,1173,50,50,1,-1,-1,-1
311,1,303,313,50,50,1,-1,-1,-1
311,2,512,86,50,50,1,-1,-1,-1
311,3,547,667,50,50,1,-1,-1,-1
311,4,604,398,50,50,1,-1,-1,-1
311,5,426,700,50,50,1,-1,-1,-1
311,6,284,1258,50,50,1,-1,-1,-1
311,7,441,1173,50,50,1,-1,-1,-1
312,1,283,378,50,50,1,-1,-1,-1
312,2,501,85,50,50,1,-1,-1,-1
312,3,560,703,50,50,1,-1,-1,-1
312,4,588,332,50,50,1,-1,-1,-1
312,5,434,664,50,50,1,-1,-1,-1
312,6,265,1273,50,50,1,-1,-1,-1
313,1,257,452,50,50,1,-1,-1,-1
313,2,490,89,50,50,1,-1,-1,-1
313,3,573,753,50,50,1,-1,-1,-1
313,4,582,281,50,50,1,-1,-1,-1
313,5,443,632,50,50,1,-1,-1,-1
314,1,243,536,50,50,1,-1,-1,-1
314,2,480,99,50,50,1,-1,-1,-1
314,3,587,810,50,50,1,-1,-1,-1
314,4,575,236,50,50,1,-1,-1,-1
314,5,452,609,50,50,1,-1,-1,-1
314,6,345,1081,50,50,1,-1,-1,-1
314,7,689,939,50,50,1,-1,-1,-1
315,1,219,626,50,50,1,-1,-1,-1
315,2,470,116,50,50,1,-1,-1,-1
315,3,603,884,50,50,1,-1,-1,-1
315,4,566,197,50,50,1,-1,-1,-1
315,5,465,592,50,50,1,-1,-1,-1
315,6,356,1014,50,50,1,-1,-1,-1
316,1,370,905,50,50,1,-1,-1,-1
316,2,458,139,50,50,1,-1,-1,-1
316,3,608,971,50,50,1,-1,-1,-1
316,4,558,165,50,50,1,-1,-1,-1
316,5,474,583,50,50,1,-1,-1,-1
316,6,660,700,50,50,1,-1,-1,-1
317,1,391,827,50,50,1,-1,-1,-1
317,2,447,167,50,50,1,-1,-1,-1
317,3,643,1038,50,50,1,-1,-1,-1
317,4,549,139,50,50,1,-1,-1,-1
317,5,483,583,50,50,1,-1,-1,-1
317,6,652,606,50,50,1,-1,-1,-1
317,7,154,860,50,50,1,-1,-1,-1
318,1,400,754,50,50,1,-1,-1,-1
318,2,436,201,50,50,1,-1,-1,-1
318,3,639,1117,50,50,1,-1,-1,-1
318,4,541,121,50,50,1,-1,-1,-1
318,5,492,590,50,50,1,-1,-1,-1
318,6,631,512,50,50,1,-1,-1,-1
319,1,416,699,50,50,1,-1,-1,-1
319,2,424,242,50,50,1,-1,-1,-1
319,3,651,1200,50,50,1,-1,-1,-1
319,4,533,108,50,50,1,-1,-1,-1
319,5,502,603,50,50,1,-1,-1,-1
319,6,620,432,50,50,1,-1,-1,-1
319,7,647,1251,50,50,1,-1,-1,-1
320,1,428,646,50,50,1,-1,-1,-1
320,2,411,291,50,50,1,-1,-1,-1
320,4,525,102,50,50,1,-1,-1,-1
320,5,511,625,50,50,1,-1,-1,-1
320,6,605,364,50,50,1,-1,-1,-1
321,1,438,606,50,50,1,-1,-1,-1
321,2,398,347,50,50,1,-1,-1,-1
321,3,671,1322,50,50,1,-1,-1,-1
321,4,518,100,50,50,1,-1,-1,-1
321,5,520,657,50,50,1,-1,-1,-1
321,6,593,305,50,50,1,-1,-1,-1
321,7,393,1144,50,50,1,-1,-1,-1
322,1,450,573,50,50,1,-1,-1,-1
322,2,386,411,50,50,1,-1,-1,-1
322,3,394,1141,50,50,1,-1,-1,-1
322,4,511,105,50,50,1,-1,-1,-1
322,5,522,698,50,50,1,-1,-1,-1
322,6,584,258,50,50,1,-1,-1,-1
323,1,462,550,50,50,1,-1,-1,-1
323,2,373,485,50,50,1,-1,-1,-1
323,3,254,1274,50,50,1,-1,-1,-1
323,4,503,115,50,50,1,-1,-1,-1
323,5,536,738,50,50,1,-1,-1,-1
323,6,573,217,50,50,1,-1,-1,-1
324,1,474,535,50,50,1,-1,-1,-1
324,2,359,568,50,50,1,-1,-1,-1
324,3,339,1163,50,50,1,-1,-1,-1
324,4,495,131,50,50,1,-1,-1,-1
324,5,562,791,50,50,1,-1,-1,-1
324,6,562,181,50,50,1,-1,-1,-1
324,7,681,932,50,50,1,-1,-1,-1
325,1,485,525,50,50,1,-1,-1,-1
325,2,340,661,50,50,1,-1,-1,-1
325,3,350,1066,50,50,1,-1,-1,-1
325,4,489,153,50,50,1,-1,-1,-1
325,5,571,853,50,50,1,-1,-1,-1
325,6,551,154,50,50,1,-1,-1,-1
325,7,649,781,50,50,1,-1,-1,-1
326,1,496,524,50,50,1,-1,-1,-1
326,2,332,768,50,50,1,-1,-1,-1
326,3,372,980,50,50,1,-1,-1,-1
326,4,480,183,50,50,1,-1,-1,-1
326,5,634,679,50,50,1,-1,-1,-1
326,6,540,133,50,50,1,-1,-1,-1
327,1,508,531,50,50,1,-1,-1,-1
327,2,308,878,50,50,1,-1,-1,-1
327,3,391,896,50,50,1,-1,-1,-1
327,4,472,219,50,50,1,-1,-1,-1
327,6,531,118,50,50,1,-1,-1,-1
328,1,518,545,50,50,1,-1,-1,-1
328,2,288,996,50,50,1,-1,-1,-1
328,3,411,807,50,50,1,-1,-1,-1
328,4,464,260,50,50,1,-1,-1,-1
328,5,606,486,50,50,1,-1,-1,-1
328,6,521,108,50,50,1,-1,-1,-1
329,1,529,568,50,50,1,-1,-1,-1
329,3,419,746,50,50,1,-1,-1,-1
329,4,455,309,50,50,1,-1,-1,-1
329,5,588,412,50,50,1,-1,-1,-1
329,6,511,105,50,50,1,-1,-1,-1
330,1,540,595,50,50,1,-1,-1,-1
330,3,435,690,50,50,1,-1,-1,-1
330,4,447,365,50,50,1,-1,-1,-1
330,5,577,345,50,50,1,-1,-1,-1
330,6,501,107,50,50,1,-1,-1,-1
331,1,553,634,50,50,1,-1,-1,-1
331,3,449,646,50,50,1,-1,-1,-1
331,4,437,429,50,50,1,-1,-1,-1
331,5,564,287,50,50,1,-1,-1,-1
331,6,491,116,50,50,1,-1,-1,-1
332,1,565,680,50,50,1,-1,-1,-1
332,2,299,1297,50,50,1,-1,-1,-1
332,3,466,607,50,50,1,-1,-1,-1
332,4,427,501,50,50,1,-1,-1,-1
332,5,553,236,50,50,1,-1,-1,-1
332,6,482,129,50,50,1,-1,-1,-1
332,7,722,1249,50,50,1,-1,-1,-1
333,1,579,735,50,50,1,-1,-1,-1
333,2,340,1277,50,50,1,-1,-1,-1
333,3,479,577,50,50,1,-1,-1,-1
333,4,417,584,50,50,1,-1,-1,-1
333,5,540,197,50,50,1,-1,-1,-1
333,6,472,151,50,50,1,-1,-1,-1
333,7,728,1118,50,50,1,-1,-1,-1
334,1,592,804,50,50,1,-1,-1,-1
334,2,387,1153,50,50,1,-1,-1,-1
334,3,492,557,50,50,1,-1,-1,-1
334,5,529,162,50,50,1,-1,-1,-1
334,6,462,176,50,50,1,-1,-1,-1
335,1,601,885,50,50,1,-1,-1,-1
335,2,405,1050,50,50,1,-1,-1,-1
335,3,506,545,50,50,1,-1,-1,-1
335,4,393,781,50,50,1,-1,-1,-1
335,5,518,134,50,50,1,-1,-1,-1
335,6,451,205,50,50,1,-1,-1,-1
336,1,666,693,50,50,1,-1,-1,-1
336,2,419,966,50,50,1,-1,-1,-1
336,3,518,541,50,50,1,-1,-1,-1
336,4,388,907,50,50,1,-1,-1,-1
336,5,505,113,50,50,1,-1,-1,-1
336,6,442,242,50,50,1,-1,-1,-1
337,1,650,591,50,50,1,-1,-1,-1
337,2,428,883,50,50,1,-1,-1,-1
337,3,531,544,50,50,1,-1,-1,-1
337,4,366,1023,50,50,1,-1,-1,-1
337,5,494,98,50,50,1,-1,-1,-1
337,6,431,286,50,50,1,-1,-1,-1
338,1,634,512,50,50,1,-1,-1,-1
338,2,440,811,50,50,1,-1,-1,-1
338,3,544,555,50,50,1,-1,-1,-1
338,5,482,89,50,50,1,-1,-1,-1
338,6,419,336,50,50,1,-1,-1,-1
339,1,623,438,50,50,1,-1,-1,-1
339,2,449,754,50,50,1,-1,-1,-1
339,3,557,571,50,50,1,-1,-1,-1
339,5,471,85,50,50,1,-1,-1,-1
339,6,408,394,50,50,1,-1,-1,-1
340,1,604,363,50,50,1,-1,-1,-1
340,2,459,705,50,50,1,-1,-1,-1
340,3,569,598,50,50,1,-1,-1,-1
340,5,460,88,50,50,1,-1,-1,-1
340,6,396,458,50,50,1,-1,-1,-1
341,1,589,309,50,50,1,-1,-1,-1
341,2,468,667,50,50,1,-1,-1,-1
341,3,584,634,50,50,1,-1,-1,-1
341,4,335,1300,50,50,1,-1,-1,-1
341,5,448,96,50,50,1,-1,-1,-1
341,6,385,534,50,50,1,-1,-1,-1
342,1,577,260,50,50,1,-1,-1,-1
342,2,477,637,50,50,1,-1,-1,-1
342,3,598,676,50,50,1,-1,-1,-1
342,4,319,1276,50,50,1,-1,-1,-1
342,5,437,109,50,50,1,-1,-1,-1
342,6,365,614,50,50,1,-1,-1,-1
343,1,566,218,50,50,1,-1,-1,-1
343,2,484,616,50,50,1,-1,-1,-1
343,3,609,726,50,50,1,-1,-1,-1
343,4,363,1156,50,50,1,-1,-1,-1
343,5,426,128,50,50,1,-1,-1,-1
343,6,357,705,50,50,1,-1,-1,-1
344,1,551,181,50,50,1,-1,-1,-1
344,2,493,604,50,50,1,-1,-1,-1
344,3,622,790,50,50,1,-1,-1,-1
344,4,377,1058,50,50,1,-1,-1,-1
344,5,415,154,50,50,1,-1,-1,-1
344,6,344,818,50,50,1,-1,-1,-1
345,1,542,161,50,50,1,-1,-1,-1
345,2,502,596,50,50,1,-1,-1,-1
345,3,646,875,50,50,1,-1,-1,-1
345,4,393,969,50,50,1,-1,-1,-1
345,5,402,186,50,50,1,-1,-1,-1
345,6,314,954,50,50,1,-1,-1,-1
346,1,532,140,50,50,1,-1,-1,-1
346,2,511,597,50,50,1,-1,-1,-1
346,3,650,939,50,50,1,-1,-1,-1
346,4,400,885,50,50,1,-1,-1,-1
346,5,390,224,50,50,1,-1,-1,-1
347,1,522,127,50,50,1,-1,-1,-1
347,2,519,605,50,50,1,-1,-1,-1
347,4,413,808,50,50,1,-1,-1,-1
347,5,378,269,50,50,1,-1,-1,-1
348,1,513,119,50,50,1,-1,-1,-1
348,2,527,623,50,50,1,-1,-1,-1
348,4,418,747,50,50,1,-1,-1,-1
348,5,364,322,50,50,1,-1,-1,-1
349,1,502,116,50,50,1,-1,-1,-1
349,2,534,646,50,50,1,-1,-1,-1
349,3,626,393,50,50,1,-1,-1,-1
349,4,435,690,50,50,1,-1,-1,-1
349,5,348,380,50,50,1,-1,-1,-1
350,1,491,119,50,50,1,-1,-1,-1
350,2,545,678,50,50,1,-1,-1,-1
350,3,610,326,50,50,1,-1,-1,-1
350,4,448,647,50,50,1,-1,-1,-1
350,5,334,447,50,50,1,-1,-1,-1
350,6,295,1261,50,50,1,-1,-1,-1
351,1,481,126,50,50,1,-1,-1,-1
351,2,554,716,50,50,1,-1,-1,-1
351,3,587,269,50,50,1,-1,-1,-1
351,4,460,612,50,50,1,-1,-1,-1
351,5,317,523,50,50,1,-1,-1,-1
351,6,283,1263,50,50,1,-1,-1,-1
352,1,470,141,50,50,1,-1,-1,-1
352,2,563,764,50,50,1,-1,-1,-1
352,3,582,214,50,50,1,-1,-1,-1
352,4,470,585,50,50,1,-1,-1,-1
352,5,300,609,50,50,1,-1,-1,-1
352,6,344,1164,50,50,1,-1,-1,-1
353,1,460,162,50,50,1,-1,-1,-1
353,2,571,820,50,50,1,-1,-1,-1
353,3,569,173,50,50,1,-1,-1,-1
353,4,479,565,50,50,1,-1,-1,-1
353,5,285,703,50,50,1,-1,-1,-1
353,6,366,1070,50,50,1,-1,-1,-1
354,1,448,187,50,50,1,-1,-1,-1
354,2,582,889,50,50,1,-1,-1,-1
354,3,556,139,50,50,1,-1,-1,-1
354,4,487,552,50,50,1,-1,-1,-1
354,5,659,891,50,50,1,-1,-1,-1
354,6,379,999,50,50,1,-1,-1,-1
355,1,438,220,50,50,1,-1,-1,-1
355,2,247,943,50,50,1,-1,-1,-1
355,3,544,111,50,50,1,-1,-1,-1
355,4,497,547,50,50,1,-1,-1,-1
355,6,396,910,50,50,1,-1,-1,-1
356,1,427,257,50,50,1,-1,-1,-1
356,2,224,1040,50,50,1,-1,-1,-1
356,3,531,89,50,50,1,-1,-1,-1
356,4,506,549,50,50,1,-1,-1,-1
356,5,628,652,50,50,1,-1,-1,-1
356,6,416,834,50,50,1,-1,-1,-1
357,1,417,302,50,50,1,-1,-1,-1
357,2,224,1139,50,50,1,-1,-1,-1
357,3,519,73,50,50,1,-1,-1,-1
357,4,516,558,50,50,1,-1,-1,-1
357,5,614,561,50,50,1,-1,-1,-1
357,6,430,766,50,50,1,-1,-1,-1
358,1,405,353,50,50,1,-1,-1,-1
358,3,507,62,50,50,1,-1,-1,-1
358,4,525,574,50,50,1,-1,-1,-1
358,5,607,478,50,50,1,-1,-1,-1
358,6,449,715,50,50,1,-1,-1,-1
359,1,386,415,50,50,1,-1,-1,-1
359,3,495,57,50,50,1,-1,-1,-1
359,4,533,597,50,50,1,-1,-1,-1
359,5,601,411,50,50,1,-1,-1,-1
359,6,466,672,50,50,1,-1,-1,-1
360,1,382,477,50,50,1,-1,-1,-1
360,2,244,1302,50,50,1,-1,-1,-1
360,3,484,57,50,50,1,-1,-1,-1
360,4,543,627,50,50,1,-1,-1,-1
360,5,582,349,50,50,1,-1,-1,-1
360,6,479,635,50,50,1,-1,-1,-1
360,7,651,1304,50,50,1,-1,-1,-1
361,1,359,568,50,50,1,-1,-1,-1
361,2,278,1297,50,50,1,-1,-1,-1
361,3,472,64,50,50,1,-1,-1,-1
361,4,552,667,50,50,1,-1,-1,-1
361,5,566,299,50,50,1,-1,-1,-1
361,6,493,608,50,50,1,-1,-1,-1
361,7,670,1263,50,50,1,-1,-1,-1
362,1,360,638,50,50,1,-1,-1,-1
362,2,337,1193,50,50,1,-1,-1,-1
362,3,460,76,50,50,1,-1,-1,-1
362,4,562,714,50,50,1,-1,-1,-1
362,5,556,255,50,50,1,-1,-1,-1
362,6,507,589,50,50,1,-1,-1,-1
363,1,676,969,50,50,1,-1,-1,-1
363,2,355,1093,50,50,1,-1,-1,-1
363,3,447,94,50,50,1,-1,-1,-1
363,4,572,768,50,50,1,-1,-1,-1
363,5,548,219,50,50,1,-1,-1,-1
363,6,521,577,50,50,1,-1,-1,-1
364,1,647,851,50,50,1,-1,-1,-1
364,2,373,1014,50,50,1,-1,-1,-1
364,3,435,117,50,50,1,-1,-1,-1
364,4,586,842,50,50,1,-1,-1,-1
364,5,537,188,50,50,1,-1,-1,-1
364,6,534,573,50,50,1,-1,-1,-1
364,7,312,849,50,50,1,-1,-1,-1
365,1,294,960,50,50,1,-1,-1,-1
365,2,394,915,50,50,1,-1,-1,-1
365,3,423,148,50,50,1,-1,-1,-1
365,4,598,906,50,50,1,-1,-1,-1
365,5,529,164,50,50,1,-1,-1,-1
365,6,548,575,50,50,1,-1,-1,-1
366,2,409,841,50,50,1,-1,-1,-1
366,3,409,183,50,50,1,-1,-1,-1
366,4,620,632,50,50,1,-1,-1,-1
366,5,521,146,50,50,1,-1,-1,-1
366,6,562,585,50,50,1,-1,-1,-1
367,2,425,777,50,50,1,-1,-1,-1
367,3,396,222,50,50,1,-1,-1,-1
367,4,607,548,50,50,1,-1,-1,-1
367,5,511,135,50,50,1,-1,-1,-1
367,6,575,601,50,50,1,-1,-1,-1
368,1,622,1162,50,50,1,-1,-1,-1
368,2,440,720,50,50,1,-1,-1,-1
368,3,382,271,50,50,1,-1,-1,-1
368,4,597,470,50,50,1,-1,-1,-1
368,5,501,129,50,50,1,-1,-1,-1
368,6,589,626,50,50,1,-1,-1,-1
369,2,455,678,50,50,1,-1,-1,-1
369,3,367,325,50,50,1,-1,-1,-1
369,4,585,409,50,50,1,-1,-1,-1
369,5,492,129,50,50,1,-1,-1,-1
369,6,603,657,50,50,1,-1,-1,-1
370,1,266,1297,50,50,1,-1,-1,-1
370,2,469,642,50,50,1,-1,-1,-1
370,3,352,388,50,50,1,-1,-1,-1
370,4,574,345,50,50,1,-1,-1,-1
370,5,483,133,50,50,1,-1,-1,-1
370,6,617,696,50,50,1,-1,-1,-1
371,1,308,1265,50,50,1,-1,-1,-1
371,2,483,613,50,50,1,-1,-1,-1
371,3,338,461,50,50,1,-1,-1,-1
371,4,563,295,50,50,1,-1,-1,-1
371,5,474,145,50,50,1,-1,-1,-1
371,6,632,745,50,50,1,-1,-1,-1
372,1,357,1155,50,50,1,-1,-1,-1
372,2,497,592,50,50,1,-1,-1,-1
372,3,321,540,50,50,1,-1,-1,-1
372,4,554,250,50,50,1,-1,-1,-1
372,5,464,162,50,50,1,-1,-1,-1
372,6,647,797,50,50,1,-1,-1,-1
373,1,386,1049,50,50,1,-1,-1,-1
373,2,511,579,50,50,1,-1,-1,-1
373,3,308,634,50,50,1,-1,-1,-1
373,4,543,214,50,50,1,-1,-1,-1
373,5,455,184,50,50,1,-1,-1,-1
373,6,664,873,50,50,1,-1,-1,-1
374,1,382,974,50,50,1,-1,-1,-1
374,2,524,573,50,50,1,-1,-1,-1
374,3,287,746,50,50,1,-1,-1,-1
374,4,534,185,50,50,1,-1,-1,-1
374,5,444,212,50,50,1,-1,-1,-1
374,6,687,934,50,50,1,-1,-1,-1
375,1,418,886,50,50,1,-1,-1,-1
375,2,537,575,50,50,1,-1,-1,-1
375,4,525,162,50,50,1,-1,-1,-1
375,5,434,246,50,50,1,-1,-1,-1
375,6,687,991,50,50,1,-1,-1,-1
376,1,436,829,50,50,1,-1,-1,-1
376,2,551,583,50,50,1,-1,-1,-1
376,3,242,969,50,50,1,-1,-1,-1
376,4,515,144,50,50,1,-1,-1,-1
376,5,423,286,50,50,1,-1,-1,-1
376,6,687,1004,50,50,1,-1,-1,-1
377,1,446,770,50,50,1,-1,-1,-1
377,2,565,598,50,50,1,-1,-1,-1
377,4,505,133,50,50,1,-1,-1,-1
377,5,414,333,50,50,1,-1,-1,-1
377,6,682,1018,50,50,1,-1,-1,-1
378,1,459,723,50,50,1,-1,-1,-1
378,2,578,621,50,50,1,-1,-1,-1
378,3,608,416,50,50,1,-1,-1,-1
378,4,496,128,50,50,1,-1,-1,-1
378,5,404,385,50,50,1,-1,-1,-1
378,6,681,1045,50,50,1,-1,-1,-1
379,1,468,678,50,50,1,-1,-1,-1
379,2,592,651,50,50,1,-1,-1,-1
379,3,599,355,50,50,1,-1,-1,-1
379,4,486,129,50,50,1,-1,-1,-1
379,5,391,444,50,50,1,-1,-1,-1
379,6,676,1047,50,50,1,-1,-1,-1
380,1,482,645,50,50,1,-1,-1,-1
380,2,606,689,50,50,1,-1,-1,-1
380,3,587,300,50,50,1,-1,-1,-1
380,4,477,135,50,50,1,-1,-1,-1
380,5,379,518,50,50,1,-1,-1,-1
381,1,495,622,50,50,1,-1,-1,-1
381,2,621,736,50,50,1,-1,-1,-1
381,3,579,253,50,50,1,-1,-1,-1
381,4,467,148,50,50,1,-1,-1,-1
381,5,369,596,50,50,1,-1,-1,-1
381,6,704,1059,50,50,1,-1,-1,-1
381,7,248,1065,50,50,1,-1,-1,-1
382,1,506,608,50,50,1,-1,-1,-1
382,2,636,791,50,50,1,-1,-1,-1
382,3,569,213,50,50,1,-1,-1,-1
382,4,457,164,50,50,1,-1,-1,-1
382,5,355,680,50,50,1,-1,-1,-1
382,6,702,1051,50,50,1,-1,-1,-1
382,7,254,1066,50,50,1,-1,-1,-1
383,1,519,600,50,50,1,-1,-1,-1
383,2,652,856,50,50,1,-1,-1,-1
383,3,561,182,50,50,1,-1,-1,-1
383,4,447,187,50,50,1,-1,-1,-1
383,5,333,779,50,50,1,-1,-1,-1
383,6,704,1046,50,50,1,-1,-1,-1
383,7,258,1065,50,50,1,-1,-1,-1
384,1,530,599,50,50,1,-1,-1,-1
384,2,670,931,50,50,1,-1,-1,-1
384,3,554,153,50,50,1,-1,-1,-1
384,4,437,218,50,50,1,-1,-1,-1
384,5,332,896,50,50,1,-1,-1,-1
384,6,705,1044,50,50,1,-1,-1,-1
384,7,258,1065,50,50,1,-1,-1,-1
385,1,542,606,50,50,1,-1,-1,-1
385,2,694,991,50,50,1,-1,-1,-1
385,3,545,132,50,50,1,-1,-1,-1
385,4,426,255,50,50,1,-1,-1,-1
385,5,294,1008,50,50,1,-1,-1,-1
385,6,705,1029,50,50,1,-1,-1,-1
385,7,258,1064,50,50,1,-1,-1,-1
386,1,554,619,50,50,1,-1,-1,-1
386,2,693,1036,50,50,1,-1,-1,-1
386,3,536,117,50,50,1,-1,-1,-1
386,4,415,299,50,50,1,-1,-1,-1
386,5,256,1070,50,50,1,-1,-1,-1
386,6,308,1057,50,50,1,-1,-1,-1
387,1,567,640,50,50,1,-1,-1,-1
387,2,693,1050,50,50,1,-1,-1,-1
387,3,528,109,50,50,1,-1,-1,-1
387,4,403,350,50,50,1,-1,-1,-1
387,5,252,1083,50,50,1,-1,-1,-1
387,6,305,1069,50,50,1,-1,-1,-1
388,1,578,668,50,50,1,-1,-1,-1
388,2,692,1050,50,50,1,-1,-1,-1
388,3,520,103,50,50,1,-1,-1,-1
388,4,391,408,50,50,1,-1,-1,-1
388,5,247,1096,50,50,1,-1,-1,-1
388,6,299,1089,50,50,1,-1,-1,-1
389,1,591,704,50,50,1,-1,-1,-1
389,2,702,1081,50,50,1,-1,-1,-1
389,3,511,105,50,50,1,-1,-1,-1
389,4,379,475,50,50,1,-1,-1,-1
389,5,243,1104,50,50,1,-1,-1,-1
389,6,276,1081,50,50,1,-1,-1,-1
390,1,603,750,50,50,1,-1,-1,-1
390,2,708,1087,50,50,1,-1,-1,-1
390,3,503,112,50,50,1,-1,-1,-1
390,4,364,551,50,50,1,-1,-1,-1
390,5,248,1103,50,50,1,-1,-1,-1
391,1,608,801,50,50,1,-1,-1,-1
391,2,714,1096,50,50,1,-1,-1,-1
391,3,495,124,50,50,1,-1,-1,-1
391,4,354,640,50,50,1,-1,-1,-1
391,5,248,1109,50,50,1,-1,-1,-1
392,1,631,859,50,50,1,-1,-1,-1
392,2,711,1106,50,50,1,-1,-1,-1
392,3,487,141,50,50,1,-1,-1,-1
392,4,337,746,50,50,1,-1,-1,-1
392,5,248,1119,50,50,1,-1,-1,-1
393,1,640,961,50,50,1,-1,-1,-1
393,2,712,1113,50,50,1,-1,-1,-1
393,3,479,163,50,50,1,-1,-1,-1
393,4,315,842,50,50,1,-1,-1,-1
393,5,250,1132,50,50,1,-1,-1,-1
394,1,673,1043,50,50,1,-1,-1,-1
394,2,711,1115,50,50,1,-1,-1,-1
394,3,471,191,50,50,1,-1,-1,-1
394,4,298,965,50,50,1,-1,-1,-1
394,5,248,1137,50,50,1,-1,-1,-1
394,6,297,1019,50,50,1,-1,-1,-1
395,1,659,1089,50,50,1,-1,-1,-1
395,2,706,1113,50,50,1,-1,-1,-1
395,3,463,226,50,50,1,-1,-1,-1
395,4,275,1098,50,50,1,-1,-1,-1
395,5,243,1150,50,50,1,-1,-1,-1
396,1,658,1093,50,50,1,-1,-1,-1
396,2,704,1124,50,50,1,-1,-1,-1
396,3,454,266,50,50,1,-1,-1,-1
396,5,234,1139,50,50,1,-1,-1,-1
397,1,694,1089,50,50,1,-1,-1,-1
397,2,701,1128,50,50,1,-1,-1,-1
397,3,443,313,50,50,1,-1,-1,-1
397,5,242,1144,50,50,1,-1,-1,-1
397,6,299,1149,50,50,1,-1,-1,-1
