2,1,583,1652,50,50,1,-1,-1,-1
2,2,461,1677,50,50,1,-1,-1,-1
2,3,394,1636,50,50,1,-1,-1,-1
2,4,458,1462,50,50,1,-1,-1,-1
2,5,432,1646,50,50,1,-1,-1,-1
3,1,591,1650,50,50,1,-1,-1,-1
3,2,461,1667,50,50,1,-1,-1,-1
3,3,397,1634,50,50,1,-1,-1,-1
3,4,463,1463,50,50,1,-1,-1,-1
3,6,436,1731,50,50,1,-1,-1,-1
3,7,626,1621,50,50,1,-1,-1,-1
4,1,596,1646,50,50,1,-1,-1,-1
4,2,457,1655,50,50,1,-1,-1,-1
4,4,469,1462,50,50,1,-1,-1,-1
4,6,440,1729,50,50,1,-1,-1,-1
5,1,595,1645,50,50,1,-1,-1,-1
5,2,458,1646,50,50,1,-1,-1,-1
5,4,474,1462,50,50,1,-1,-1,-1
5,5,415,1630,50,50,1,-1,-1,-1
5,7,634,1621,50,50,1,-1,-1,-1
6,1,604,1640,50,50,1,-1,-1,-1
6,2,454,1634,50,50,1,-1,-1,-1
6,4,479,1463,50,50,1,-1,-1,-1
6,7,639,1622,50,50,1,-1,-1,-1
7,1,608,1635,50,50,1,-1,-1,-1
7,2,453,1626,50,50,1,-1,-1,-1
7,3,453,1688,50,50,1,-1,-1,-1
7,4,484,1464,50,50,1,-1,-1,-1
7,6,457,1731,50,50,1,-1,-1,-1
7,7,600,1677,50,50,1,-1,-1,-1
8,1,616,1630,50,50,1,-1,-1,-1
8,2,452,1621,50,50,1,-1,-1,-1
8,3,463,1716,50,50,1,-1,-1,-1
8,4,488,1463,50,50,1,-1,-1,-1
8,6,463,1675,50,50,1,-1,-1,-1
8,7,604,1677,50,50,1,-1,-1,-1
9,1,621,1626,50,50,1,-1,-1,-1
9,2,443,1619,50,50,1,-1,-1,-1
9,3,463,1675,50,50,1,-1,-1,-1
9,4,493,1464,50,50,1,-1,-1,-1
9,7,608,1676,50,50,1,-1,-1,-1
10,1,628,1622,50,50,1,-1,-1,-1
10,2,472,1659,50,50,1,-1,-1,-1
10,3,449,1617,50,50,1,-1,-1,-1
10,4,497,1464,50,50,1,-1,-1,-1
10,7,611,1677,50,50,1,-1,-1,-1
11,1,631,1619,50,50,1,-1,-1,-1
11,2,472,1663,50,50,1,-1,-1,-1
11,3,449,1620,50,50,1,-1,-1,-1
11,4,500,1465,50,50,1,-1,-1,-1
11,7,615,1672,50,50,1,-1,-1,-1
12,1,635,1616,50,50,1,-1,-1,-1
12,2,470,1670,50,50,1,-1,-1,-1
12,3,452,1625,50,50,1,-1,-1,-1
12,4,502,1465,50,50,1,-1,-1,-1
12,7,617,1676,50,50,1,-1,-1,-1
13,1,640,1615,50,50,1,-1,-1,-1
13,2,471,1671,50,50,1,-1,-1,-1
13,3,448,1634,50,50,1,-1,-1,-1
13,4,503,1463,50,50,1,-1,-1,-1
13,7,619,1673,50,50,1,-1,-1,-1
14,1,645,1614,50,50,1,-1,-1,-1
14,3,449,1644,50,50,1,-1,-1,-1
14,4,504,1463,50,50,1,-1,-1,-1
14,7,620,1674,50,50,1,-1,-1,-1
15,1,649,1615,50,50,1,-1,-1,-1
15,3,446,1658,50,50,1,-1,-1,-1
15,4,503,1462,50,50,1,-1,-1,-1
15,7,621,1671,50,50,1,-1,-1,-1
16,1,652,1616,50,50,1,-1,-1,-1
16,2,434,1629,50,50,1,-1,-1,-1
16,3,443,1674,50,50,1,-1,-1,-1
16,4,503,1460,50,50,1,-1,-1,-1
16,7,622,1670,50,50,1,-1,-1,-1
17,1,654,1617,50,50,1,-1,-1,-1
17,2,439,1632,50,50,1,-1,-1,-1
17,3,440,1692,50,50,1,-1,-1,-1
17,4,501,1460,50,50,1,-1,-1,-1
17,5,473,1656,50,50,1,-1,-1,-1
17,7,621,1672,50,50,1,-1,-1,-1
18,1,656,1621,50,50,1,-1,-1,-1
18,2,437,1635,50,50,1,-1,-1,-1
18,3,439,1713,50,50,1,-1,-1,-1
18,4,500,1463,50,50,1,-1,-1,-1
18,5,471,1658,50,50,1,-1,-1,-1
18,7,621,1679,50,50,1,-1,-1,-1
19,1,659,1624,50,50,1,-1,-1,-1
19,2,435,1638,50,50,1,-1,-1,-1
19,3,439,1733,50,50,1,-1,-1,-1
19,4,499,1464,50,50,1,-1,-1,-1
19,5,470,1659,50,50,1,-1,-1,-1
19,7,620,1681,50,50,1,-1,-1,-1
20,1,657,1630,50,50,1,-1,-1,-1
20,2,431,1641,50,50,1,-1,-1,-1
20,3,439,1751,50,50,1,-1,-1,-1
20,4,499,1465,50,50,1,-1,-1,-1
20,5,469,1659,50,50,1,-1,-1,-1
21,1,658,1633,50,50,1,-1,-1,-1
21,2,435,1643,50,50,1,-1,-1,-1
21,3,439,1760,50,50,1,-1,-1,-1
21,4,498,1467,50,50,1,-1,-1,-1
22,1,659,1636,50,50,1,-1,-1,-1
22,2,436,1641,50,50,1,-1,-1,-1
22,3,436,1758,50,50,1,-1,-1,-1
22,4,499,1467,50,50,1,-1,-1,-1
23,1,660,1639,50,50,1,-1,-1,-1
23,2,427,1633,50,50,1,-1,-1,-1
23,3,434,1742,50,50,1,-1,-1,-1
23,4,501,1465,50,50,1,-1,-1,-1
23,5,467,1640,50,50,1,-1,-1,-1
24,1,659,1639,50,50,1,-1,-1,-1
24,2,425,1622,50,50,1,-1,-1,-1
24,3,432,1697,50,50,1,-1,-1,-1
24,4,501,1462,50,50,1,-1,-1,-1
24,5,462,1641,50,50,1,-1,-1,-1
25,1,661,1642,50,50,1,-1,-1,-1
25,2,433,1617,50,50,1,-1,-1,-1
25,4,501,1459,50,50,1,-1,-1,-1
26,1,660,1644,50,50,1,-1,-1,-1
26,2,460,1650,50,50,1,-1,-1,-1
26,3,432,1524,50,50,1,-1,-1,-1
26,4,499,1457,50,50,1,-1,-1,-1
27,1,661,1650,50,50,1,-1,-1,-1
27,2,458,1672,50,50,1,-1,-1,-1
27,3,428,1475,50,50,1,-1,-1,-1
27,4,497,1455,50,50,1,-1,-1,-1
27,5,444,1430,50,50,1,-1,-1,-1
28,1,658,1660,50,50,1,-1,-1,-1
28,2,455,1663,50,50,1,-1,-1,-1
28,3,425,1455,50,50,1,-1,-1,-1
28,4,495,1454,50,50,1,-1,-1,-1
28,5,448,1365,50,50,1,-1,-1,-1
28,7,459,1615,50,50,1,-1,-1,-1
29,1,656,1672,50,50,1,-1,-1,-1
29,2,453,1625,50,50,1,-1,-1,-1
29,3,421,1467,50,50,1,-1,-1,-1
29,4,495,1455,50,50,1,-1,-1,-1
29,5,449,1276,50,50,1,-1,-1,-1
29,7,642,1630,50,50,1,-1,-1,-1
30,1,651,1689,50,50,1,-1,-1,-1
30,2,416,1565,50,50,1,-1,-1,-1
30,3,414,1504,50,50,1,-1,-1,-1
30,4,495,1456,50,50,1,-1,-1,-1
30,5,456,1206,50,50,1,-1,-1,-1
30,7,637,1633,50,50,1,-1,-1,-1
31,1,643,1706,50,50,1,-1,-1,-1
31,3,406,1558,50,50,1,-1,-1,-1
31,4,494,1457,50,50,1,-1,-1,-1
31,5,461,1145,50,50,1,-1,-1,-1
31,7,634,1637,50,50,1,-1,-1,-1
32,1,635,1724,50,50,1,-1,-1,-1
32,3,402,1611,50,50,1,-1,-1,-1
32,4,493,1458,50,50,1,-1,-1,-1
32,5,465,1084,50,50,1,-1,-1,-1
32,7,634,1640,50,50,1,-1,-1,-1
33,1,627,1739,50,50,1,-1,-1,-1
33,2,399,1612,50,50,1,-1,-1,-1
33,3,395,1661,50,50,1,-1,-1,-1
33,4,492,1459,50,50,1,-1,-1,-1
33,5,469,1028,50,50,1,-1,-1,-1
33,6,447,1613,50,50,1,-1,-1,-1
33,7,633,1641,50,50,1,-1,-1,-1
34,1,620,1745,50,50,1,-1,-1,-1
34,2,408,1619,50,50,1,-1,-1,-1
34,3,393,1698,50,50,1,-1,-1,-1
34,4,490,1460,50,50,1,-1,-1,-1
34,5,474,978,50,50,1,-1,-1,-1
34,7,633,1640,50,50,1,-1,-1,-1
35,1,616,1735,50,50,1,-1,-1,-1
35,2,407,1621,50,50,1,-1,-1,-1
35,3,387,1713,50,50,1,-1,-1,-1
35,4,487,1459,50,50,1,-1,-1,-1
35,5,479,932,50,50,1,-1,-1,-1
35,7,632,1638,50,50,1,-1,-1,-1
36,1,609,1704,50,50,1,-1,-1,-1
36,3,380,1693,50,50,1,-1,-1,-1
36,4,485,1459,50,50,1,-1,-1,-1
36,5,483,889,50,50,1,-1,-1,-1
36,7,632,1635,50,50,1,-1,-1,-1
37,1,606,1658,50,50,1,-1,-1,-1
37,3,372,1644,50,50,1,-1,-1,-1
37,4,482,1457,50,50,1,-1,-1,-1
37,5,487,852,50,50,1,-1,-1,-1
38,1,597,1602,50,50,1,-1,-1,-1
38,3,363,1580,50,50,1,-1,-1,-1
38,4,480,1455,50,50,1,-1,-1,-1
38,5,492,819,50,50,1,-1,-1,-1
38,7,631,1626,50,50,1,-1,-1,-1
39,1,592,1544,50,50,1,-1,-1,-1
39,3,372,1493,50,50,1,-1,-1,-1
39,4,478,1454,50,50,1,-1,-1,-1
39,5,498,790,50,50,1,-1,-1,-1
40,1,572,1478,50,50,1,-1,-1,-1
40,2,383,1484,50,50,1,-1,-1,-1
40,3,387,1406,50,50,1,-1,-1,-1
40,4,477,1452,50,50,1,-1,-1,-1
40,5,502,765,50,50,1,-1,-1,-1
40,7,595,1528,50,50,1,-1,-1,-1
41,1,565,1425,50,50,1,-1,-1,-1
41,2,381,1486,50,50,1,-1,-1,-1
41,3,391,1340,50,50,1,-1,-1,-1
41,4,475,1452,50,50,1,-1,-1,-1
41,5,507,745,50,50,1,-1,-1,-1
41,7,598,1524,50,50,1,-1,-1,-1
42,1,558,1376,50,50,1,-1,-1,-1
42,2,375,1511,50,50,1,-1,-1,-1
42,3,398,1269,50,50,1,-1,-1,-1
42,4,473,1452,50,50,1,-1,-1,-1
42,5,512,728,50,50,1,-1,-1,-1
42,7,605,1543,50,50,1,-1,-1,-1
42,8,575,1683,50,50,1,-1,-1,-1
43,1,551,1330,50,50,1,-1,-1,-1
43,2,386,1564,50,50,1,-1,-1,-1
43,3,407,1193,50,50,1,-1,-1,-1
43,4,473,1453,50,50,1,-1,-1,-1
43,5,517,716,50,50,1,-1,-1,-1
43,7,622,1573,50,50,1,-1,-1,-1
43,8,574,1688,50,50,1,-1,-1,-1
44,1,544,1290,50,50,1,-1,-1,-1
44,2,376,1612,50,50,1,-1,-1,-1
44,3,413,1132,50,50,1,-1,-1,-1
44,4,472,1455,50,50,1,-1,-1,-1
44,5,522,708,50,50,1,-1,-1,-1
44,7,628,1619,50,50,1,-1,-1,-1
44,8,574,1683,50,50,1,-1,-1,-1
45,1,537,1255,50,50,1,-1,-1,-1
45,2,377,1657,50,50,1,-1,-1,-1
45,3,420,1076,50,50,1,-1,-1,-1
45,4,471,1457,50,50,1,-1,-1,-1
45,5,527,704,50,50,1,-1,-1,-1
45,6,575,1730,50,50,1,-1,-1,-1
45,7,620,1669,50,50,1,-1,-1,-1
45,8,573,1688,50,50,1,-1,-1,-1
46,1,531,1225,50,50,1,-1,-1,-1
46,2,376,1695,50,50,1,-1,-1,-1
46,3,428,1024,50,50,1,-1,-1,-1
46,4,471,1457,50,50,1,-1,-1,-1
46,5,532,705,50,50,1,-1,-1,-1
46,6,629,1629,50,50,1,-1,-1,-1
46,7,622,1706,50,50,1,-1,-1,-1
46,8,573,1690,50,50,1,-1,-1,-1
47,1,525,1198,50,50,1,-1,-1,-1
47,2,384,1698,50,50,1,-1,-1,-1
47,3,434,977,50,50,1,-1,-1,-1
47,4,471,1457,50,50,1,-1,-1,-1
47,5,538,709,50,50,1,-1,-1,-1
47,6,628,1629,50,50,1,-1,-1,-1
47,7,615,1712,50,50,1,-1,-1,-1
47,8,577,1684,50,50,1,-1,-1,-1
48,1,518,1176,50,50,1,-1,-1,-1
48,2,376,1688,50,50,1,-1,-1,-1
48,3,442,934,50,50,1,-1,-1,-1
48,4,471,1456,50,50,1,-1,-1,-1
48,5,543,717,50,50,1,-1,-1,-1
48,7,613,1700,50,50,1,-1,-1,-1
49,1,511,1158,50,50,1,-1,-1,-1
49,2,371,1644,50,50,1,-1,-1,-1
49,3,449,895,50,50,1,-1,-1,-1
49,4,471,1456,50,50,1,-1,-1,-1
49,5,549,730,50,50,1,-1,-1,-1
49,7,628,1627,50,50,1,-1,-1,-1
49,8,604,1659,50,50,1,-1,-1,-1
50,1,506,1145,50,50,1,-1,-1,-1
50,2,378,1581,50,50,1,-1,-1,-1
50,3,455,860,50,50,1,-1,-1,-1
50,4,471,1454,50,50,1,-1,-1,-1
50,5,554,747,50,50,1,-1,-1,-1
50,8,595,1604,50,50,1,-1,-1,-1
51,1,499,1135,50,50,1,-1,-1,-1
51,2,387,1529,50,50,1,-1,-1,-1
51,3,462,831,50,50,1,-1,-1,-1
51,4,471,1453,50,50,1,-1,-1,-1
51,5,562,771,50,50,1,-1,-1,-1
51,7,363,1494,50,50,1,-1,-1,-1
51,8,594,1533,50,50,1,-1,-1,-1
52,1,494,1131,50,50,1,-1,-1,-1
52,2,388,1509,50,50,1,-1,-1,-1
52,3,470,804,50,50,1,-1,-1,-1
52,4,471,1455,50,50,1,-1,-1,-1
52,5,567,793,50,50,1,-1,-1,-1
52,7,370,1410,50,50,1,-1,-1,-1
52,8,582,1474,50,50,1,-1,-1,-1
53,1,488,1130,50,50,1,-1,-1,-1
53,2,383,1512,50,50,1,-1,-1,-1
53,3,478,783,50,50,1,-1,-1,-1
53,4,377,1344,50,50,1,-1,-1,-1
53,5,571,823,50,50,1,-1,-1,-1
53,8,571,1419,50,50,1,-1,-1,-1
54,1,482,1133,50,50,1,-1,-1,-1
54,2,372,1536,50,50,1,-1,-1,-1
54,3,485,766,50,50,1,-1,-1,-1
54,4,386,1270,50,50,1,-1,-1,-1
54,5,578,857,50,50,1,-1,-1,-1
54,7,471,1455,50,50,1,-1,-1,-1
54,8,563,1368,50,50,1,-1,-1,-1
55,1,477,1140,50,50,1,-1,-1,-1
55,2,362,1578,50,50,1,-1,-1,-1
55,3,492,753,50,50,1,-1,-1,-1
55,4,394,1207,50,50,1,-1,-1,-1
55,5,584,895,50,50,1,-1,-1,-1
55,6,624,1609,50,50,1,-1,-1,-1
55,7,471,1454,50,50,1,-1,-1,-1
55,8,554,1321,50,50,1,-1,-1,-1
56,1,471,1152,50,50,1,-1,-1,-1
56,2,356,1623,50,50,1,-1,-1,-1
56,3,500,743,50,50,1,-1,-1,-1
56,4,402,1149,50,50,1,-1,-1,-1
56,5,592,937,50,50,1,-1,-1,-1
56,6,471,1455,50,50,1,-1,-1,-1
56,7,633,1656,50,50,1,-1,-1,-1
56,8,544,1280,50,50,1,-1,-1,-1
57,1,466,1168,50,50,1,-1,-1,-1
57,2,357,1672,50,50,1,-1,-1,-1
57,3,507,738,50,50,1,-1,-1,-1
57,4,410,1094,50,50,1,-1,-1,-1
57,5,596,985,50,50,1,-1,-1,-1
57,6,471,1456,50,50,1,-1,-1,-1
57,7,638,1694,50,50,1,-1,-1,-1
57,8,535,1242,50,50,1,-1,-1,-1
58,1,461,1189,50,50,1,-1,-1,-1
58,2,364,1710,50,50,1,-1,-1,-1
58,3,515,737,50,50,1,-1,-1,-1
58,4,418,1046,50,50,1,-1,-1,-1
58,5,604,1035,50,50,1,-1,-1,-1
58,6,637,1722,50,50,1,-1,-1,-1
58,7,579,1684,50,50,1,-1,-1,-1
58,8,526,1209,50,50,1,-1,-1,-1
59,1,455,1206,50,50,1,-1,-1,-1
59,2,361,1723,50,50,1,-1,-1,-1
59,3,522,740,50,50,1,-1,-1,-1
59,4,426,1001,50,50,1,-1,-1,-1
59,5,610,1091,50,50,1,-1,-1,-1
59,6,630,1725,50,50,1,-1,-1,-1
59,7,580,1681,50,50,1,-1,-1,-1
59,8,517,1181,50,50,1,-1,-1,-1
60,1,458,1244,50,50,1,-1,-1,-1
60,2,354,1700,50,50,1,-1,-1,-1
60,3,530,747,50,50,1,-1,-1,-1
60,4,434,961,50,50,1,-1,-1,-1
60,5,617,1149,50,50,1,-1,-1,-1
60,6,624,1700,50,50,1,-1,-1,-1
60,7,580,1684,50,50,1,-1,-1,-1
60,8,509,1158,50,50,1,-1,-1,-1
61,1,443,1277,50,50,1,-1,-1,-1
61,2,344,1648,50,50,1,-1,-1,-1
61,3,538,758,50,50,1,-1,-1,-1
61,4,444,923,50,50,1,-1,-1,-1
61,5,623,1215,50,50,1,-1,-1,-1
61,6,620,1654,50,50,1,-1,-1,-1
61,7,387,1617,50,50,1,-1,-1,-1
61,8,500,1139,50,50,1,-1,-1,-1
62,1,439,1315,50,50,1,-1,-1,-1
62,2,337,1581,50,50,1,-1,-1,-1
62,3,545,772,50,50,1,-1,-1,-1
62,4,451,893,50,50,1,-1,-1,-1
62,5,630,1283,50,50,1,-1,-1,-1
62,6,609,1594,50,50,1,-1,-1,-1
62,7,473,1454,50,50,1,-1,-1,-1
62,8,492,1124,50,50,1,-1,-1,-1
63,1,432,1362,50,50,1,-1,-1,-1
63,2,343,1480,50,50,1,-1,-1,-1
63,3,554,793,50,50,1,-1,-1,-1
63,4,459,865,50,50,1,-1,-1,-1
63,5,638,1359,50,50,1,-1,-1,-1
63,6,602,1526,50,50,1,-1,-1,-1
63,8,484,1113,50,50,1,-1,-1,-1
64,1,430,1405,50,50,1,-1,-1,-1
64,2,350,1401,50,50,1,-1,-1,-1
64,3,562,816,50,50,1,-1,-1,-1
64,4,468,842,50,50,1,-1,-1,-1
64,5,646,1440,50,50,1,-1,-1,-1
64,6,592,1467,50,50,1,-1,-1,-1
64,8,476,1107,50,50,1,-1,-1,-1
65,1,425,1456,50,50,1,-1,-1,-1
65,2,357,1337,50,50,1,-1,-1,-1
65,3,570,844,50,50,1,-1,-1,-1
65,4,476,824,50,50,1,-1,-1,-1
65,5,653,1525,50,50,1,-1,-1,-1
65,6,585,1411,50,50,1,-1,-1,-1
65,8,468,1104,50,50,1,-1,-1,-1
66,1,420,1509,50,50,1,-1,-1,-1
66,2,363,1270,50,50,1,-1,-1,-1
66,3,578,876,50,50,1,-1,-1,-1
66,4,485,808,50,50,1,-1,-1,-1
66,5,661,1596,50,50,1,-1,-1,-1
66,6,577,1361,50,50,1,-1,-1,-1
66,8,459,1107,50,50,1,-1,-1,-1
67,1,639,1616,50,50,1,-1,-1,-1
67,2,372,1187,50,50,1,-1,-1,-1
67,3,586,913,50,50,1,-1,-1,-1
67,4,493,797,50,50,1,-1,-1,-1
67,5,668,1652,50,50,1,-1,-1,-1
67,6,569,1316,50,50,1,-1,-1,-1
67,8,451,1112,50,50,1,-1,-1,-1
68,1,637,1622,50,50,1,-1,-1,-1
68,2,379,1125,50,50,1,-1,-1,-1
68,3,595,953,50,50,1,-1,-1,-1
68,4,502,791,50,50,1,-1,-1,-1
68,5,665,1696,50,50,1,-1,-1,-1
68,6,563,1275,50,50,1,-1,-1,-1
68,7,413,1635,50,50,1,-1,-1,-1
68,8,444,1122,50,50,1,-1,-1,-1
69,1,638,1625,50,50,1,-1,-1,-1
69,2,387,1068,50,50,1,-1,-1,-1
69,3,604,999,50,50,1,-1,-1,-1
69,4,511,788,50,50,1,-1,-1,-1
69,5,659,1728,50,50,1,-1,-1,-1
69,6,556,1237,50,50,1,-1,-1,-1
69,7,402,1677,50,50,1,-1,-1,-1
69,8,436,1136,50,50,1,-1,-1,-1
70,1,635,1627,50,50,1,-1,-1,-1
70,2,393,1014,50,50,1,-1,-1,-1
70,3,613,1048,50,50,1,-1,-1,-1
70,4,519,790,50,50,1,-1,-1,-1
70,5,650,1747,50,50,1,-1,-1,-1
70,6,548,1205,50,50,1,-1,-1,-1
70,7,391,1711,50,50,1,-1,-1,-1
70,8,428,1154,50,50,1,-1,-1,-1
71,1,634,1627,50,50,1,-1,-1,-1
71,2,401,967,50,50,1,-1,-1,-1
71,3,622,1100,50,50,1,-1,-1,-1
71,4,528,796,50,50,1,-1,-1,-1
71,5,642,1744,50,50,1,-1,-1,-1
71,6,541,1178,50,50,1,-1,-1,-1
71,7,616,1710,50,50,1,-1,-1,-1
71,8,420,1178,50,50,1,-1,-1,-1
72,1,634,1627,50,50,1,-1,-1,-1
72,2,408,922,50,50,1,-1,-1,-1
72,3,631,1158,50,50,1,-1,-1,-1
72,4,537,804,50,50,1,-1,-1,-1
72,5,634,1718,50,50,1,-1,-1,-1
72,6,534,1154,50,50,1,-1,-1,-1
72,7,348,1718,50,50,1,-1,-1,-1
72,8,412,1204,50,50,1,-1,-1,-1
73,1,634,1625,50,50,1,-1,-1,-1
73,2,415,883,50,50,1,-1,-1,-1
73,3,640,1220,50,50,1,-1,-1,-1
73,4,546,818,50,50,1,-1,-1,-1
73,5,626,1666,50,50,1,-1,-1,-1
73,6,528,1134,50,50,1,-1,-1,-1
73,7,326,1674,50,50,1,-1,-1,-1
73,8,405,1237,50,50,1,-1,-1,-1
74,2,427,848,50,50,1,-1,-1,-1
74,3,650,1288,50,50,1,-1,-1,-1
74,4,556,837,50,50,1,-1,-1,-1
74,5,620,1601,50,50,1,-1,-1,-1
74,6,521,1119,50,50,1,-1,-1,-1
74,7,317,1604,50,50,1,-1,-1,-1
74,8,400,1273,50,50,1,-1,-1,-1
75,2,430,815,50,50,1,-1,-1,-1
75,3,661,1358,50,50,1,-1,-1,-1
75,4,564,859,50,50,1,-1,-1,-1
75,5,608,1533,50,50,1,-1,-1,-1
75,6,515,1109,50,50,1,-1,-1,-1
75,7,316,1533,50,50,1,-1,-1,-1
75,8,396,1321,50,50,1,-1,-1,-1
76,2,438,788,50,50,1,-1,-1,-1
76,3,670,1436,50,50,1,-1,-1,-1
76,4,574,885,50,50,1,-1,-1,-1
76,5,598,1469,50,50,1,-1,-1,-1
76,6,509,1103,50,50,1,-1,-1,-1
76,7,325,1437,50,50,1,-1,-1,-1
76,8,383,1361,50,50,1,-1,-1,-1
77,2,445,765,50,50,1,-1,-1,-1
77,3,681,1516,50,50,1,-1,-1,-1
77,4,584,917,50,50,1,-1,-1,-1
77,5,589,1413,50,50,1,-1,-1,-1
77,6,502,1100,50,50,1,-1,-1,-1
77,7,336,1358,50,50,1,-1,-1,-1
77,8,375,1407,50,50,1,-1,-1,-1
78,2,452,747,50,50,1,-1,-1,-1
78,3,690,1596,50,50,1,-1,-1,-1
78,4,593,952,50,50,1,-1,-1,-1
78,5,581,1360,50,50,1,-1,-1,-1
78,6,496,1102,50,50,1,-1,-1,-1
78,8,368,1461,50,50,1,-1,-1,-1
79,2,460,731,50,50,1,-1,-1,-1
79,3,699,1652,50,50,1,-1,-1,-1
79,4,604,993,50,50,1,-1,-1,-1
79,5,573,1314,50,50,1,-1,-1,-1
79,6,490,1108,50,50,1,-1,-1,-1
79,7,362,1206,50,50,1,-1,-1,-1
79,8,361,1518,50,50,1,-1,-1,-1
80,1,423,1615,50,50,1,-1,-1,-1
80,2,468,721,50,50,1,-1,-1,-1
80,3,692,1695,50,50,1,-1,-1,-1
80,4,614,1037,50,50,1,-1,-1,-1
80,5,564,1271,50,50,1,-1,-1,-1
80,6,484,1119,50,50,1,-1,-1,-1
80,7,370,1152,50,50,1,-1,-1,-1
80,8,356,1588,50,50,1,-1,-1,-1
81,1,426,1624,50,50,1,-1,-1,-1
81,2,475,714,50,50,1,-1,-1,-1
81,3,678,1727,50,50,1,-1,-1,-1
81,4,624,1085,50,50,1,-1,-1,-1
81,5,557,1232,50,50,1,-1,-1,-1
81,6,479,1133,50,50,1,-1,-1,-1
81,7,381,1094,50,50,1,-1,-1,-1
81,8,360,1632,50,50,1,-1,-1,-1
82,2,483,712,50,50,1,-1,-1,-1
82,3,658,1740,50,50,1,-1,-1,-1
82,4,634,1138,50,50,1,-1,-1,-1
82,5,549,1198,50,50,1,-1,-1,-1
82,6,473,1152,50,50,1,-1,-1,-1
82,7,391,1039,50,50,1,-1,-1,-1
82,8,368,1678,50,50,1,-1,-1,-1
83,1,393,1621,50,50,1,-1,-1,-1
83,2,491,714,50,50,1,-1,-1,-1
83,3,641,1725,50,50,1,-1,-1,-1
83,4,645,1195,50,50,1,-1,-1,-1
83,5,542,1168,50,50,1,-1,-1,-1
83,6,467,1176,50,50,1,-1,-1,-1
83,7,402,990,50,50,1,-1,-1,-1
83,8,369,1713,50,50,1,-1,-1,-1
84,1,394,1621,50,50,1,-1,-1,-1
84,2,499,720,50,50,1,-1,-1,-1
84,3,629,1682,50,50,1,-1,-1,-1
84,4,656,1259,50,50,1,-1,-1,-1
84,5,534,1144,50,50,1,-1,-1,-1
84,6,461,1203,50,50,1,-1,-1,-1
84,7,412,946,50,50,1,-1,-1,-1
84,8,363,1723,50,50,1,-1,-1,-1
85,1,481,1455,50,50,1,-1,-1,-1
85,2,507,730,50,50,1,-1,-1,-1
85,3,618,1621,50,50,1,-1,-1,-1
85,4,666,1324,50,50,1,-1,-1,-1
85,5,526,1124,50,50,1,-1,-1,-1
85,6,453,1235,50,50,1,-1,-1,-1
85,7,424,904,50,50,1,-1,-1,-1
85,8,350,1697,50,50,1,-1,-1,-1
86,1,445,1623,50,50,1,-1,-1,-1
86,2,515,744,50,50,1,-1,-1,-1
86,3,609,1555,50,50,1,-1,-1,-1
86,4,677,1396,50,50,1,-1,-1,-1
86,5,519,1107,50,50,1,-1,-1,-1
86,6,446,1276,50,50,1,-1,-1,-1
86,7,426,870,50,50,1,-1,-1,-1
86,8,338,1640,50,50,1,-1,-1,-1
87,2,524,763,50,50,1,-1,-1,-1
87,3,600,1491,50,50,1,-1,-1,-1
87,4,689,1470,50,50,1,-1,-1,-1
87,5,512,1095,50,50,1,-1,-1,-1
87,6,445,1310,50,50,1,-1,-1,-1
87,7,444,836,50,50,1,-1,-1,-1
87,8,337,1570,50,50,1,-1,-1,-1
88,1,649,1613,50,50,1,-1,-1,-1
88,2,532,787,50,50,1,-1,-1,-1
88,3,591,1433,50,50,1,-1,-1,-1
88,4,702,1555,50,50,1,-1,-1,-1
88,5,505,1087,50,50,1,-1,-1,-1
88,6,437,1368,50,50,1,-1,-1,-1
88,7,455,807,50,50,1,-1,-1,-1
88,8,344,1478,50,50,1,-1,-1,-1
89,1,652,1611,50,50,1,-1,-1,-1
89,2,541,814,50,50,1,-1,-1,-1
89,3,584,1379,50,50,1,-1,-1,-1
89,4,717,1629,50,50,1,-1,-1,-1
89,5,498,1083,50,50,1,-1,-1,-1
89,6,434,1409,50,50,1,-1,-1,-1
89,7,466,784,50,50,1,-1,-1,-1
89,8,354,1400,50,50,1,-1,-1,-1
90,1,651,1611,50,50,1,-1,-1,-1
90,2,550,845,50,50,1,-1,-1,-1
90,3,576,1330,50,50,1,-1,-1,-1
90,4,724,1672,50,50,1,-1,-1,-1
90,5,491,1084,50,50,1,-1,-1,-1
90,6,429,1466,50,50,1,-1,-1,-1
90,7,477,764,50,50,1,-1,-1,-1
90,8,365,1332,50,50,1,-1,-1,-1
91,1,597,1685,50,50,1,-1,-1,-1
91,2,558,878,50,50,1,-1,-1,-1
91,3,569,1286,50,50,1,-1,-1,-1
91,4,718,1707,50,50,1,-1,-1,-1
91,5,485,1088,50,50,1,-1,-1,-1
91,6,424,1522,50,50,1,-1,-1,-1
91,7,488,748,50,50,1,-1,-1,-1
91,8,371,1268,50,50,1,-1,-1,-1
92,1,597,1687,50,50,1,-1,-1,-1
92,2,567,919,50,50,1,-1,-1,-1
92,3,562,1247,50,50,1,-1,-1,-1
92,4,702,1736,50,50,1,-1,-1,-1
92,5,478,1097,50,50,1,-1,-1,-1
92,6,420,1593,50,50,1,-1,-1,-1
92,7,499,737,50,50,1,-1,-1,-1
92,8,383,1195,50,50,1,-1,-1,-1
93,1,641,1627,50,50,1,-1,-1,-1
93,2,577,966,50,50,1,-1,-1,-1
93,3,554,1211,50,50,1,-1,-1,-1
93,4,683,1760,50,50,1,-1,-1,-1
93,5,472,1109,50,50,1,-1,-1,-1
93,6,416,1640,50,50,1,-1,-1,-1
93,7,510,730,50,50,1,-1,-1,-1
93,8,393,1137,50,50,1,-1,-1,-1
94,1,640,1630,50,50,1,-1,-1,-1
94,2,585,1014,50,50,1,-1,-1,-1
94,3,548,1180,50,50,1,-1,-1,-1
94,4,660,1773,50,50,1,-1,-1,-1
94,5,465,1127,50,50,1,-1,-1,-1
94,6,413,1688,50,50,1,-1,-1,-1
94,7,520,727,50,50,1,-1,-1,-1
94,8,403,1084,50,50,1,-1,-1,-1
95,1,640,1632,50,50,1,-1,-1,-1
95,2,595,1066,50,50,1,-1,-1,-1
95,3,540,1154,50,50,1,-1,-1,-1
95,4,642,1774,50,50,1,-1,-1,-1
95,5,459,1148,50,50,1,-1,-1,-1
95,6,410,1727,50,50,1,-1,-1,-1
95,7,531,728,50,50,1,-1,-1,-1
95,8,413,1035,50,50,1,-1,-1,-1
96,1,637,1635,50,50,1,-1,-1,-1
96,2,605,1124,50,50,1,-1,-1,-1
96,3,533,1132,50,50,1,-1,-1,-1
96,4,628,1755,50,50,1,-1,-1,-1
96,5,452,1174,50,50,1,-1,-1,-1
96,6,401,1750,50,50,1,-1,-1,-1
96,7,542,732,50,50,1,-1,-1,-1
96,8,422,989,50,50,1,-1,-1,-1
97,1,639,1632,50,50,1,-1,-1,-1
97,2,615,1186,50,50,1,-1,-1,-1
97,3,527,1115,50,50,1,-1,-1,-1
97,4,620,1709,50,50,1,-1,-1,-1
97,5,446,1203,50,50,1,-1,-1,-1
97,6,383,1743,50,50,1,-1,-1,-1
97,7,553,741,50,50,1,-1,-1,-1
97,8,432,948,50,50,1,-1,-1,-1
98,1,643,1626,50,50,1,-1,-1,-1
98,2,624,1254,50,50,1,-1,-1,-1
98,3,520,1102,50,50,1,-1,-1,-1
98,4,609,1646,50,50,1,-1,-1,-1
98,5,438,1243,50,50,1,-1,-1,-1
98,6,360,1695,50,50,1,-1,-1,-1
98,7,565,754,50,50,1,-1,-1,-1
98,8,443,912,50,50,1,-1,-1,-1
99,1,392,1606,50,50,1,-1,-1,-1
99,2,634,1326,50,50,1,-1,-1,-1
99,3,513,1093,50,50,1,-1,-1,-1
99,4,600,1580,50,50,1,-1,-1,-1
99,5,434,1278,50,50,1,-1,-1,-1
99,6,344,1622,50,50,1,-1,-1,-1
99,7,576,771,50,50,1,-1,-1,-1
99,8,452,881,50,50,1,-1,-1,-1
100,2,645,1402,50,50,1,-1,-1,-1
100,3,507,1088,50,50,1,-1,-1,-1
100,4,596,1505,50,50,1,-1,-1,-1
100,5,422,1326,50,50,1,-1,-1,-1
100,6,342,1498,50,50,1,-1,-1,-1
100,7,588,792,50,50,1,-1,-1,-1
100,8,463,852,50,50,1,-1,-1,-1
101,2,656,1485,50,50,1,-1,-1,-1
101,3,500,1088,50,50,1,-1,-1,-1
101,4,589,1444,50,50,1,-1,-1,-1
101,5,422,1375,50,50,1,-1,-1,-1
101,6,348,1395,50,50,1,-1,-1,-1
101,7,600,817,50,50,1,-1,-1,-1
101,8,473,829,50,50,1,-1,-1,-1
102,2,668,1566,50,50,1,-1,-1,-1
102,3,494,1091,50,50,1,-1,-1,-1
102,4,583,1383,50,50,1,-1,-1,-1
102,5,416,1421,50,50,1,-1,-1,-1
102,6,353,1271,50,50,1,-1,-1,-1
102,7,612,847,50,50,1,-1,-1,-1
102,8,483,809,50,50,1,-1,-1,-1
103,2,681,1624,50,50,1,-1,-1,-1
103,3,489,1097,50,50,1,-1,-1,-1
103,4,577,1328,50,50,1,-1,-1,-1
103,5,410,1479,50,50,1,-1,-1,-1
103,6,362,1189,50,50,1,-1,-1,-1
103,7,625,881,50,50,1,-1,-1,-1
103,8,493,794,50,50,1,-1,-1,-1
104,1,650,1613,50,50,1,-1,-1,-1
104,2,683,1673,50,50,1,-1,-1,-1
104,3,484,1108,50,50,1,-1,-1,-1
104,4,571,1279,50,50,1,-1,-1,-1
104,5,409,1545,50,50,1,-1,-1,-1
104,6,369,1097,50,50,1,-1,-1,-1
104,7,637,919,50,50,1,-1,-1,-1
104,8,503,784,50,50,1,-1,-1,-1
105,1,655,1620,50,50,1,-1,-1,-1
105,2,675,1718,50,50,1,-1,-1,-1
105,3,477,1124,50,50,1,-1,-1,-1
105,4,565,1233,50,50,1,-1,-1,-1
105,5,399,1613,50,50,1,-1,-1,-1
105,6,376,1008,50,50,1,-1,-1,-1
105,7,648,961,50,50,1,-1,-1,-1
105,8,513,777,50,50,1,-1,-1,-1
106,1,653,1625,50,50,1,-1,-1,-1
106,2,668,1751,50,50,1,-1,-1,-1
106,3,472,1144,50,50,1,-1,-1,-1
106,4,560,1193,50,50,1,-1,-1,-1
106,5,395,1665,50,50,1,-1,-1,-1
106,6,381,927,50,50,1,-1,-1,-1
106,7,660,1007,50,50,1,-1,-1,-1
106,8,523,774,50,50,1,-1,-1,-1
107,1,414,1629,50,50,1,-1,-1,-1
107,2,659,1770,50,50,1,-1,-1,-1
107,3,466,1168,50,50,1,-1,-1,-1
107,4,555,1158,50,50,1,-1,-1,-1
107,5,400,1707,50,50,1,-1,-1,-1
107,6,392,859,50,50,1,-1,-1,-1
107,7,673,1058,50,50,1,-1,-1,-1
107,8,533,776,50,50,1,-1,-1,-1
108,1,416,1628,50,50,1,-1,-1,-1
108,2,650,1763,50,50,1,-1,-1,-1
108,3,460,1196,50,50,1,-1,-1,-1
108,4,550,1127,50,50,1,-1,-1,-1
108,5,399,1735,50,50,1,-1,-1,-1
108,6,397,777,50,50,1,-1,-1,-1
108,7,686,1114,50,50,1,-1,-1,-1
108,8,544,781,50,50,1,-1,-1,-1
109,1,416,1623,50,50,1,-1,-1,-1
109,2,640,1724,50,50,1,-1,-1,-1
109,3,454,1230,50,50,1,-1,-1,-1
109,4,545,1100,50,50,1,-1,-1,-1
109,5,389,1726,50,50,1,-1,-1,-1
109,6,402,708,50,50,1,-1,-1,-1
109,7,699,1173,50,50,1,-1,-1,-1
109,8,555,790,50,50,1,-1,-1,-1
110,1,416,1614,50,50,1,-1,-1,-1
110,2,631,1661,50,50,1,-1,-1,-1
110,3,449,1267,50,50,1,-1,-1,-1
110,4,540,1077,50,50,1,-1,-1,-1
110,5,374,1671,50,50,1,-1,-1,-1
110,6,408,645,50,50,1,-1,-1,-1
110,7,712,1236,50,50,1,-1,-1,-1
110,8,565,803,50,50,1,-1,-1,-1
111,1,620,1648,50,50,1,-1,-1,-1
111,2,626,1580,50,50,1,-1,-1,-1
111,3,435,1304,50,50,1,-1,-1,-1
111,4,536,1058,50,50,1,-1,-1,-1
111,5,363,1595,50,50,1,-1,-1,-1
111,6,669,1613,50,50,1,-1,-1,-1
111,7,726,1306,50,50,1,-1,-1,-1
111,8,576,821,50,50,1,-1,-1,-1
112,1,425,534,50,50,1,-1,-1,-1
112,2,618,1492,50,50,1,-1,-1,-1
112,3,428,1363,50,50,1,-1,-1,-1
112,4,531,1044,50,50,1,-1,-1,-1
112,5,366,1478,50,50,1,-1,-1,-1
112,7,740,1380,50,50,1,-1,-1,-1
112,8,587,843,50,50,1,-1,-1,-1
113,1,429,481,50,50,1,-1,-1,-1
113,2,611,1416,50,50,1,-1,-1,-1
113,3,433,1403,50,50,1,-1,-1,-1
113,4,527,1035,50,50,1,-1,-1,-1
113,5,369,1376,50,50,1,-1,-1,-1
113,7,755,1457,50,50,1,-1,-1,-1
113,8,598,869,50,50,1,-1,-1,-1
114,1,436,434,50,50,1,-1,-1,-1
114,2,605,1342,50,50,1,-1,-1,-1
114,3,428,1459,50,50,1,-1,-1,-1
114,4,523,1029,50,50,1,-1,-1,-1
114,5,373,1274,50,50,1,-1,-1,-1
114,6,679,1610,50,50,1,-1,-1,-1
114,7,769,1540,50,50,1,-1,-1,-1
114,8,609,899,50,50,1,-1,-1,-1
115,1,533,1405,50,50,1,-1,-1,-1
115,2,599,1274,50,50,1,-1,-1,-1
115,3,422,1519,50,50,1,-1,-1,-1
115,4,519,1028,50,50,1,-1,-1,-1
115,5,384,1182,50,50,1,-1,-1,-1
115,6,740,1631,50,50,1,-1,-1,-1
115,7,781,1610,50,50,1,-1,-1,-1
115,8,623,932,50,50,1,-1,-1,-1
116,1,713,1650,50,50,1,-1,-1,-1
116,2,593,1211,50,50,1,-1,-1,-1
116,3,421,1579,50,50,1,-1,-1,-1
116,4,515,1030,50,50,1,-1,-1,-1
116,5,389,1094,50,50,1,-1,-1,-1
116,6,534,1409,50,50,1,-1,-1,-1
116,7,787,1653,50,50,1,-1,-1,-1
116,8,632,974,50,50,1,-1,-1,-1
117,1,677,1628,50,50,1,-1,-1,-1
117,2,587,1153,50,50,1,-1,-1,-1
117,3,429,1630,50,50,1,-1,-1,-1
117,4,511,1037,50,50,1,-1,-1,-1
117,5,396,1011,50,50,1,-1,-1,-1
117,6,535,1411,50,50,1,-1,-1,-1
117,7,768,1699,50,50,1,-1,-1,-1
117,8,643,1015,50,50,1,-1,-1,-1
118,1,671,1637,50,50,1,-1,-1,-1
118,2,581,1100,50,50,1,-1,-1,-1
118,3,435,1667,50,50,1,-1,-1,-1
118,4,507,1048,50,50,1,-1,-1,-1
118,5,404,935,50,50,1,-1,-1,-1
118,6,564,1415,50,50,1,-1,-1,-1
118,7,743,1743,50,50,1,-1,-1,-1
118,8,655,1064,50,50,1,-1,-1,-1
119,1,625,1657,50,50,1,-1,-1,-1
119,2,576,1051,50,50,1,-1,-1,-1
119,3,442,1711,50,50,1,-1,-1,-1
119,4,503,1064,50,50,1,-1,-1,-1
119,5,409,863,50,50,1,-1,-1,-1
119,6,564,1417,50,50,1,-1,-1,-1
119,7,714,1776,50,50,1,-1,-1,-1
119,8,668,1116,50,50,1,-1,-1,-1
120,1,623,1660,50,50,1,-1,-1,-1
120,2,570,1006,50,50,1,-1,-1,-1
120,3,438,1740,50,50,1,-1,-1,-1
120,4,499,1082,50,50,1,-1,-1,-1
120,5,416,796,50,50,1,-1,-1,-1
120,6,561,1417,50,50,1,-1,-1,-1
120,7,689,1779,50,50,1,-1,-1,-1
120,8,679,1171,50,50,1,-1,-1,-1
121,1,621,1657,50,50,1,-1,-1,-1
121,2,566,966,50,50,1,-1,-1,-1
121,3,423,1745,50,50,1,-1,-1,-1
121,4,496,1107,50,50,1,-1,-1,-1
121,5,421,730,50,50,1,-1,-1,-1
121,6,563,1416,50,50,1,-1,-1,-1
121,7,678,1748,50,50,1,-1,-1,-1
121,8,692,1233,50,50,1,-1,-1,-1
122,1,426,1625,50,50,1,-1,-1,-1
122,2,560,930,50,50,1,-1,-1,-1
122,3,400,1719,50,50,1,-1,-1,-1
122,4,492,1134,50,50,1,-1,-1,-1
122,5,428,672,50,50,1,-1,-1,-1
122,6,565,1414,50,50,1,-1,-1,-1
122,7,672,1694,50,50,1,-1,-1,-1
122,8,704,1298,50,50,1,-1,-1,-1
123,1,425,1616,50,50,1,-1,-1,-1
123,2,555,900,50,50,1,-1,-1,-1
123,3,380,1648,50,50,1,-1,-1,-1
123,4,488,1166,50,50,1,-1,-1,-1
123,5,435,617,50,50,1,-1,-1,-1
123,6,567,1412,50,50,1,-1,-1,-1
123,7,672,1596,50,50,1,-1,-1,-1
123,8,717,1367,50,50,1,-1,-1,-1
124,1,521,1459,50,50,1,-1,-1,-1
124,2,550,871,50,50,1,-1,-1,-1
124,3,376,1556,50,50,1,-1,-1,-1
124,4,485,1202,50,50,1,-1,-1,-1
124,5,445,568,50,50,1,-1,-1,-1
124,6,566,1409,50,50,1,-1,-1,-1
124,7,655,1515,50,50,1,-1,-1,-1
124,8,730,1441,50,50,1,-1,-1,-1
125,1,521,1456,50,50,1,-1,-1,-1
125,2,545,847,50,50,1,-1,-1,-1
125,3,380,1444,50,50,1,-1,-1,-1
125,4,485,1242,50,50,1,-1,-1,-1
125,5,450,524,50,50,1,-1,-1,-1
125,6,567,1407,50,50,1,-1,-1,-1
125,7,648,1436,50,50,1,-1,-1,-1
125,8,743,1520,50,50,1,-1,-1,-1
126,1,629,1648,50,50,1,-1,-1,-1
126,2,541,829,50,50,1,-1,-1,-1
126,3,388,1361,50,50,1,-1,-1,-1
126,4,479,1289,50,50,1,-1,-1,-1
126,5,457,476,50,50,1,-1,-1,-1
126,6,569,1404,50,50,1,-1,-1,-1
126,7,641,1361,50,50,1,-1,-1,-1
126,8,756,1586,50,50,1,-1,-1,-1
127,1,630,1640,50,50,1,-1,-1,-1
127,2,536,814,50,50,1,-1,-1,-1
127,3,393,1247,50,50,1,-1,-1,-1
127,4,479,1339,50,50,1,-1,-1,-1
127,5,464,438,50,50,1,-1,-1,-1
127,6,570,1404,50,50,1,-1,-1,-1
127,7,634,1291,50,50,1,-1,-1,-1
127,8,763,1620,50,50,1,-1,-1,-1
128,1,629,1638,50,50,1,-1,-1,-1
128,2,532,804,50,50,1,-1,-1,-1
128,3,401,1157,50,50,1,-1,-1,-1
128,4,473,1394,50,50,1,-1,-1,-1
128,5,470,404,50,50,1,-1,-1,-1
128,6,570,1403,50,50,1,-1,-1,-1
128,7,627,1226,50,50,1,-1,-1,-1
128,8,756,1650,50,50,1,-1,-1,-1
129,1,631,1640,50,50,1,-1,-1,-1
129,2,527,798,50,50,1,-1,-1,-1
129,3,408,1073,50,50,1,-1,-1,-1
129,4,469,1451,50,50,1,-1,-1,-1
129,5,477,374,50,50,1,-1,-1,-1
129,6,572,1403,50,50,1,-1,-1,-1
129,7,621,1167,50,50,1,-1,-1,-1
129,8,742,1683,50,50,1,-1,-1,-1
130,1,633,1645,50,50,1,-1,-1,-1
130,2,523,795,50,50,1,-1,-1,-1
130,3,415,993,50,50,1,-1,-1,-1
130,4,466,1511,50,50,1,-1,-1,-1
130,5,482,351,50,50,1,-1,-1,-1
130,6,572,1403,50,50,1,-1,-1,-1
130,7,615,1110,50,50,1,-1,-1,-1
130,8,726,1717,50,50,1,-1,-1,-1
131,1,634,1645,50,50,1,-1,-1,-1
131,2,519,797,50,50,1,-1,-1,-1
131,3,421,918,50,50,1,-1,-1,-1
131,4,462,1584,50,50,1,-1,-1,-1
131,5,483,334,50,50,1,-1,-1,-1
131,6,680,1622,50,50,1,-1,-1,-1
131,7,609,1059,50,50,1,-1,-1,-1
131,8,712,1741,50,50,1,-1,-1,-1
132,1,635,1649,50,50,1,-1,-1,-1
132,2,515,803,50,50,1,-1,-1,-1
132,3,429,851,50,50,1,-1,-1,-1
132,4,462,1628,50,50,1,-1,-1,-1
132,5,489,316,50,50,1,-1,-1,-1
132,6,661,1692,50,50,1,-1,-1,-1
132,7,603,1012,50,50,1,-1,-1,-1
132,8,697,1742,50,50,1,-1,-1,-1
133,1,636,1652,50,50,1,-1,-1,-1
133,2,511,812,50,50,1,-1,-1,-1
133,3,436,785,50,50,1,-1,-1,-1
133,4,448,1680,50,50,1,-1,-1,-1
133,5,567,336,50,50,1,-1,-1,-1
133,6,630,1702,50,50,1,-1,-1,-1
133,7,596,969,50,50,1,-1,-1,-1
133,8,690,1708,50,50,1,-1,-1,-1
134,1,627,1678,50,50,1,-1,-1,-1
134,2,507,826,50,50,1,-1,-1,-1
134,3,444,722,50,50,1,-1,-1,-1
134,4,427,1699,50,50,1,-1,-1,-1
134,5,575,368,50,50,1,-1,-1,-1
134,6,444,1607,50,50,1,-1,-1,-1
134,7,591,931,50,50,1,-1,-1,-1
134,8,689,1634,50,50,1,-1,-1,-1
135,1,619,1680,50,50,1,-1,-1,-1
135,2,504,844,50,50,1,-1,-1,-1
135,3,451,666,50,50,1,-1,-1,-1
135,4,401,1657,50,50,1,-1,-1,-1
135,5,518,286,50,50,1,-1,-1,-1
135,6,439,1598,50,50,1,-1,-1,-1
135,7,585,898,50,50,1,-1,-1,-1
135,8,680,1556,50,50,1,-1,-1,-1
136,2,500,866,50,50,1,-1,-1,-1
136,3,458,614,50,50,1,-1,-1,-1
136,4,389,1578,50,50,1,-1,-1,-1
136,5,524,284,50,50,1,-1,-1,-1
136,7,580,870,50,50,1,-1,-1,-1
136,8,672,1477,50,50,1,-1,-1,-1
137,1,628,1717,50,50,1,-1,-1,-1
137,2,496,893,50,50,1,-1,-1,-1
137,3,461,568,50,50,1,-1,-1,-1
137,4,389,1456,50,50,1,-1,-1,-1
137,5,601,495,50,50,1,-1,-1,-1
137,6,679,1604,50,50,1,-1,-1,-1
137,7,575,844,50,50,1,-1,-1,-1
137,8,665,1400,50,50,1,-1,-1,-1
138,1,626,1692,50,50,1,-1,-1,-1
138,2,492,923,50,50,1,-1,-1,-1
138,3,473,525,50,50,1,-1,-1,-1
138,4,393,1358,50,50,1,-1,-1,-1
138,5,606,545,50,50,1,-1,-1,-1
138,6,662,1601,50,50,1,-1,-1,-1
138,7,570,824,50,50,1,-1,-1,-1
138,8,658,1327,50,50,1,-1,-1,-1
139,1,619,1685,50,50,1,-1,-1,-1
139,2,490,957,50,50,1,-1,-1,-1
139,3,547,303,50,50,1,-1,-1,-1
139,4,397,1258,50,50,1,-1,-1,-1
139,5,615,599,50,50,1,-1,-1,-1
139,6,621,1596,50,50,1,-1,-1,-1
139,7,564,807,50,50,1,-1,-1,-1
139,8,653,1261,50,50,1,-1,-1,-1
140,1,592,1657,50,50,1,-1,-1,-1
140,2,486,995,50,50,1,-1,-1,-1
140,3,554,318,50,50,1,-1,-1,-1
140,4,401,1165,50,50,1,-1,-1,-1
140,5,485,450,50,50,1,-1,-1,-1
140,6,513,1462,50,50,1,-1,-1,-1
140,7,559,794,50,50,1,-1,-1,-1
140,8,646,1199,50,50,1,-1,-1,-1
141,1,553,1611,50,50,1,-1,-1,-1
141,2,482,1038,50,50,1,-1,-1,-1
141,3,631,719,50,50,1,-1,-1,-1
141,4,405,1077,50,50,1,-1,-1,-1
141,6,519,1416,50,50,1,-1,-1,-1
141,7,555,786,50,50,1,-1,-1,-1
141,8,641,1141,50,50,1,-1,-1,-1
142,1,506,1581,50,50,1,-1,-1,-1
142,2,479,1085,50,50,1,-1,-1,-1
142,3,639,781,50,50,1,-1,-1,-1
142,4,409,996,50,50,1,-1,-1,-1
142,6,513,1416,50,50,1,-1,-1,-1
142,7,550,781,50,50,1,-1,-1,-1
142,8,636,1088,50,50,1,-1,-1,-1
143,1,654,1598,50,50,1,-1,-1,-1
143,2,476,1136,50,50,1,-1,-1,-1
143,3,648,850,50,50,1,-1,-1,-1
143,4,413,923,50,50,1,-1,-1,-1
143,7,545,781,50,50,1,-1,-1,-1
143,8,630,1039,50,50,1,-1,-1,-1
144,1,659,1587,50,50,1,-1,-1,-1
144,2,471,1191,50,50,1,-1,-1,-1
144,3,657,923,50,50,1,-1,-1,-1
144,4,417,847,50,50,1,-1,-1,-1
144,5,621,1643,50,50,1,-1,-1,-1
144,6,480,1653,50,50,1,-1,-1,-1
144,7,540,785,50,50,1,-1,-1,-1
144,8,625,996,50,50,1,-1,-1,-1
145,1,657,1576,50,50,1,-1,-1,-1
145,2,472,1254,50,50,1,-1,-1,-1
145,3,666,1002,50,50,1,-1,-1,-1
145,4,422,780,50,50,1,-1,-1,-1
145,7,536,793,50,50,1,-1,-1,-1
145,8,620,955,50,50,1,-1,-1,-1
146,1,617,1659,50,50,1,-1,-1,-1
146,2,473,1316,50,50,1,-1,-1,-1
146,3,675,1082,50,50,1,-1,-1,-1
146,4,426,714,50,50,1,-1,-1,-1
146,5,613,1726,50,50,1,-1,-1,-1
146,6,561,1695,50,50,1,-1,-1,-1
146,7,532,804,50,50,1,-1,-1,-1
146,8,615,921,50,50,1,-1,-1,-1
147,1,550,1714,50,50,1,-1,-1,-1
147,2,464,1388,50,50,1,-1,-1,-1
147,3,684,1169,50,50,1,-1,-1,-1
147,4,430,655,50,50,1,-1,-1,-1
147,5,527,1445,50,50,1,-1,-1,-1
147,6,581,1617,50,50,1,-1,-1,-1
147,7,527,819,50,50,1,-1,-1,-1
147,8,610,891,50,50,1,-1,-1,-1
148,1,543,1648,50,50,1,-1,-1,-1
148,2,461,1457,50,50,1,-1,-1,-1
148,3,694,1260,50,50,1,-1,-1,-1
148,4,438,597,50,50,1,-1,-1,-1
148,6,530,1451,50,50,1,-1,-1,-1
148,7,523,840,50,50,1,-1,-1,-1
148,8,606,863,50,50,1,-1,-1,-1
149,1,516,1620,50,50,1,-1,-1,-1
149,2,461,1513,50,50,1,-1,-1,-1
149,3,704,1354,50,50,1,-1,-1,-1
149,4,439,550,50,50,1,-1,-1,-1
149,5,624,605,50,50,1,-1,-1,-1
149,6,532,1457,50,50,1,-1,-1,-1
149,7,519,863,50,50,1,-1,-1,-1
149,8,601,841,50,50,1,-1,-1,-1
150,1,453,1636,50,50,1,-1,-1,-1
150,2,475,1672,50,50,1,-1,-1,-1
150,3,715,1455,50,50,1,-1,-1,-1
150,4,628,668,50,50,1,-1,-1,-1
150,5,510,1697,50,50,1,-1,-1,-1
150,6,529,1462,50,50,1,-1,-1,-1
150,7,515,891,50,50,1,-1,-1,-1
150,8,597,823,50,50,1,-1,-1,-1
151,1,456,1679,50,50,1,-1,-1,-1
151,2,467,1734,50,50,1,-1,-1,-1
151,3,726,1557,50,50,1,-1,-1,-1
151,4,638,726,50,50,1,-1,-1,-1
151,5,650,1678,50,50,1,-1,-1,-1
151,6,568,1492,50,50,1,-1,-1,-1
151,7,510,924,50,50,1,-1,-1,-1
151,8,593,808,50,50,1,-1,-1,-1
152,1,454,1672,50,50,1,-1,-1,-1
152,2,462,1752,50,50,1,-1,-1,-1
152,3,736,1665,50,50,1,-1,-1,-1
152,4,656,1681,50,50,1,-1,-1,-1
152,5,646,785,50,50,1,-1,-1,-1
152,6,567,1493,50,50,1,-1,-1,-1
152,7,506,960,50,50,1,-1,-1,-1
152,8,588,798,50,50,1,-1,-1,-1
153,1,457,1681,50,50,1,-1,-1,-1
153,2,464,1744,50,50,1,-1,-1,-1
153,3,735,1709,50,50,1,-1,-1,-1
153,4,525,1473,50,50,1,-1,-1,-1
153,5,659,858,50,50,1,-1,-1,-1
153,6,567,1495,50,50,1,-1,-1,-1
153,7,502,1000,50,50,1,-1,-1,-1
153,8,584,792,50,50,1,-1,-1,-1
154,1,466,1709,50,50,1,-1,-1,-1
154,2,449,1761,50,50,1,-1,-1,-1
154,3,737,1737,50,50,1,-1,-1,-1
154,4,663,920,50,50,1,-1,-1,-1
154,5,525,1473,50,50,1,-1,-1,-1
154,6,567,1495,50,50,1,-1,-1,-1
154,7,498,1045,50,50,1,-1,-1,-1
154,8,580,790,50,50,1,-1,-1,-1
155,1,468,1705,50,50,1,-1,-1,-1
155,2,453,1784,50,50,1,-1,-1,-1
155,3,723,1760,50,50,1,-1,-1,-1
155,4,463,324,50,50,1,-1,-1,-1
155,5,609,1700,50,50,1,-1,-1,-1
155,6,567,1495,50,50,1,-1,-1,-1
155,7,494,1094,50,50,1,-1,-1,-1
155,8,577,791,50,50,1,-1,-1,-1
156,1,471,1711,50,50,1,-1,-1,-1
156,2,443,1790,50,50,1,-1,-1,-1
156,3,711,1779,50,50,1,-1,-1,-1
156,4,468,302,50,50,1,-1,-1,-1
156,5,653,1684,50,50,1,-1,-1,-1
156,6,567,1493,50,50,1,-1,-1,-1
156,7,491,1147,50,50,1,-1,-1,-1
156,8,573,798,50,50,1,-1,-1,-1
157,1,454,1668,50,50,1,-1,-1,-1
157,2,430,1768,50,50,1,-1,-1,-1
157,3,703,1784,50,50,1,-1,-1,-1
157,4,472,285,50,50,1,-1,-1,-1
157,5,653,1681,50,50,1,-1,-1,-1
157,6,525,1467,50,50,1,-1,-1,-1
157,7,488,1204,50,50,1,-1,-1,-1
157,8,569,808,50,50,1,-1,-1,-1
158,1,450,1659,50,50,1,-1,-1,-1
158,2,419,1720,50,50,1,-1,-1,-1
158,3,701,1750,50,50,1,-1,-1,-1
158,5,700,1236,50,50,1,-1,-1,-1
158,6,522,1466,50,50,1,-1,-1,-1
158,7,485,1268,50,50,1,-1,-1,-1
158,8,566,822,50,50,1,-1,-1,-1
159,1,451,1651,50,50,1,-1,-1,-1
159,2,415,1635,50,50,1,-1,-1,-1
159,3,696,1693,50,50,1,-1,-1,-1
159,4,482,260,50,50,1,-1,-1,-1
159,5,710,1327,50,50,1,-1,-1,-1
159,6,519,1465,50,50,1,-1,-1,-1
159,7,482,1334,50,50,1,-1,-1,-1
159,8,562,840,50,50,1,-1,-1,-1
160,1,451,1639,50,50,1,-1,-1,-1
160,2,421,1523,50,50,1,-1,-1,-1
160,3,684,1631,50,50,1,-1,-1,-1
160,4,487,253,50,50,1,-1,-1,-1
160,5,680,1710,50,50,1,-1,-1,-1
160,6,521,1459,50,50,1,-1,-1,-1
160,7,477,1404,50,50,1,-1,-1,-1
160,8,560,862,50,50,1,-1,-1,-1
161,1,461,1632,50,50,1,-1,-1,-1
161,2,423,1453,50,50,1,-1,-1,-1
161,3,672,1569,50,50,1,-1,-1,-1
161,4,491,251,50,50,1,-1,-1,-1
161,5,675,1709,50,50,1,-1,-1,-1
161,6,520,1456,50,50,1,-1,-1,-1
161,7,473,1481,50,50,1,-1,-1,-1
161,8,556,888,50,50,1,-1,-1,-1
162,1,487,1645,50,50,1,-1,-1,-1
162,2,423,1385,50,50,1,-1,-1,-1
162,3,661,1510,50,50,1,-1,-1,-1
162,4,495,253,50,50,1,-1,-1,-1
162,5,742,1621,50,50,1,-1,-1,-1
162,6,520,1452,50,50,1,-1,-1,-1
162,7,471,1562,50,50,1,-1,-1,-1
162,8,553,918,50,50,1,-1,-1,-1
163,1,457,1690,50,50,1,-1,-1,-1
163,2,429,1298,50,50,1,-1,-1,-1
163,3,650,1456,50,50,1,-1,-1,-1
163,4,502,258,50,50,1,-1,-1,-1
163,5,747,1681,50,50,1,-1,-1,-1
163,6,517,1451,50,50,1,-1,-1,-1
163,7,472,1634,50,50,1,-1,-1,-1
163,8,551,950,50,50,1,-1,-1,-1
164,1,484,1672,50,50,1,-1,-1,-1
164,2,430,1228,50,50,1,-1,-1,-1
164,3,639,1407,50,50,1,-1,-1,-1
164,4,506,265,50,50,1,-1,-1,-1
164,5,739,1720,50,50,1,-1,-1,-1
164,6,514,1448,50,50,1,-1,-1,-1
164,7,452,1713,50,50,1,-1,-1,-1
164,8,547,988,50,50,1,-1,-1,-1
165,1,463,1632,50,50,1,-1,-1,-1
165,2,435,1162,50,50,1,-1,-1,-1
165,3,627,1362,50,50,1,-1,-1,-1
165,4,514,278,50,50,1,-1,-1,-1
165,5,722,1749,50,50,1,-1,-1,-1
165,6,512,1445,50,50,1,-1,-1,-1
165,7,450,1723,50,50,1,-1,-1,-1
165,8,544,1029,50,50,1,-1,-1,-1
166,1,453,1640,50,50,1,-1,-1,-1
166,2,439,1101,50,50,1,-1,-1,-1
166,3,617,1322,50,50,1,-1,-1,-1
166,4,519,294,50,50,1,-1,-1,-1
166,5,702,1765,50,50,1,-1,-1,-1
166,6,510,1447,50,50,1,-1,-1,-1
166,7,475,1688,50,50,1,-1,-1,-1
166,8,541,1074,50,50,1,-1,-1,-1
167,1,440,1643,50,50,1,-1,-1,-1
167,2,443,1045,50,50,1,-1,-1,-1
167,3,607,1286,50,50,1,-1,-1,-1
167,4,696,973,50,50,1,-1,-1,-1
167,5,684,1764,50,50,1,-1,-1,-1
167,6,511,1441,50,50,1,-1,-1,-1
167,7,467,1707,50,50,1,-1,-1,-1
167,8,538,1125,50,50,1,-1,-1,-1
168,1,425,1639,50,50,1,-1,-1,-1
168,2,447,993,50,50,1,-1,-1,-1
168,3,596,1253,50,50,1,-1,-1,-1
168,4,460,1710,50,50,1,-1,-1,-1
168,5,672,1744,50,50,1,-1,-1,-1
168,6,512,1439,50,50,1,-1,-1,-1
168,7,442,1756,50,50,1,-1,-1,-1
168,8,536,1178,50,50,1,-1,-1,-1
169,1,421,1637,50,50,1,-1,-1,-1
169,2,450,946,50,50,1,-1,-1,-1
169,3,586,1226,50,50,1,-1,-1,-1
169,4,418,1726,50,50,1,-1,-1,-1
169,5,662,1699,50,50,1,-1,-1,-1
169,6,511,1439,50,50,1,-1,-1,-1
169,7,461,1765,50,50,1,-1,-1,-1
169,8,534,1236,50,50,1,-1,-1,-1
170,1,405,1659,50,50,1,-1,-1,-1
170,2,453,902,50,50,1,-1,-1,-1
170,3,576,1202,50,50,1,-1,-1,-1
170,4,461,1675,50,50,1,-1,-1,-1
170,5,651,1638,50,50,1,-1,-1,-1
170,6,509,1439,50,50,1,-1,-1,-1
170,7,463,1766,50,50,1,-1,-1,-1
170,8,531,1298,50,50,1,-1,-1,-1
171,1,404,1589,50,50,1,-1,-1,-1
171,2,457,864,50,50,1,-1,-1,-1
171,3,566,1181,50,50,1,-1,-1,-1
171,4,462,1679,50,50,1,-1,-1,-1
171,5,639,1581,50,50,1,-1,-1,-1
171,6,508,1439,50,50,1,-1,-1,-1
171,7,464,1767,50,50,1,-1,-1,-1
171,8,529,1364,50,50,1,-1,-1,-1
172,1,410,1490,50,50,1,-1,-1,-1
172,2,460,829,50,50,1,-1,-1,-1
172,3,556,1166,50,50,1,-1,-1,-1
172,4,463,1699,50,50,1,-1,-1,-1
172,5,627,1517,50,50,1,-1,-1,-1
172,6,745,1381,50,50,1,-1,-1,-1
172,7,461,1767,50,50,1,-1,-1,-1
172,8,526,1430,50,50,1,-1,-1,-1
173,1,415,1411,50,50,1,-1,-1,-1
173,2,464,798,50,50,1,-1,-1,-1
173,3,546,1155,50,50,1,-1,-1,-1
173,4,469,1673,50,50,1,-1,-1,-1
173,5,616,1463,50,50,1,-1,-1,-1
173,6,757,1476,50,50,1,-1,-1,-1
173,8,539,1431,50,50,1,-1,-1,-1
174,1,419,1334,50,50,1,-1,-1,-1
174,2,468,771,50,50,1,-1,-1,-1
174,3,537,1147,50,50,1,-1,-1,-1
174,4,462,1632,50,50,1,-1,-1,-1
174,5,605,1412,50,50,1,-1,-1,-1
174,6,686,1654,50,50,1,-1,-1,-1
174,7,456,1715,50,50,1,-1,-1,-1
174,8,505,1433,50,50,1,-1,-1,-1
175,1,423,1266,50,50,1,-1,-1,-1
175,2,472,749,50,50,1,-1,-1,-1
175,3,528,1144,50,50,1,-1,-1,-1
175,4,413,1630,50,50,1,-1,-1,-1
175,5,595,1368,50,50,1,-1,-1,-1
175,6,696,1666,50,50,1,-1,-1,-1
175,7,457,1720,50,50,1,-1,-1,-1
175,8,532,1426,50,50,1,-1,-1,-1
176,1,428,1200,50,50,1,-1,-1,-1
176,2,476,730,50,50,1,-1,-1,-1
176,3,519,1145,50,50,1,-1,-1,-1
176,4,412,1635,50,50,1,-1,-1,-1
176,5,583,1328,50,50,1,-1,-1,-1
176,6,713,1687,50,50,1,-1,-1,-1
176,7,451,1722,50,50,1,-1,-1,-1
176,8,531,1426,50,50,1,-1,-1,-1
177,1,431,1139,50,50,1,-1,-1,-1
177,2,480,714,50,50,1,-1,-1,-1
177,3,509,1149,50,50,1,-1,-1,-1
177,4,411,1636,50,50,1,-1,-1,-1
177,5,573,1291,50,50,1,-1,-1,-1
177,6,754,1707,50,50,1,-1,-1,-1
177,7,503,1717,50,50,1,-1,-1,-1
177,8,504,1427,50,50,1,-1,-1,-1
178,1,436,1082,50,50,1,-1,-1,-1
178,2,484,703,50,50,1,-1,-1,-1
178,3,500,1158,50,50,1,-1,-1,-1
178,4,409,1636,50,50,1,-1,-1,-1
178,5,563,1258,50,50,1,-1,-1,-1
178,6,729,1730,50,50,1,-1,-1,-1
178,7,488,1739,50,50,1,-1,-1,-1
178,8,502,1427,50,50,1,-1,-1,-1
179,1,440,1030,50,50,1,-1,-1,-1
179,2,488,697,50,50,1,-1,-1,-1
179,3,491,1170,50,50,1,-1,-1,-1
179,4,405,1636,50,50,1,-1,-1,-1
179,5,552,1229,50,50,1,-1,-1,-1
179,6,696,1755,50,50,1,-1,-1,-1
179,7,462,1758,50,50,1,-1,-1,-1
179,8,491,1436,50,50,1,-1,-1,-1
180,1,445,981,50,50,1,-1,-1,-1
180,2,492,694,50,50,1,-1,-1,-1
180,3,482,1186,50,50,1,-1,-1,-1
180,4,399,1636,50,50,1,-1,-1,-1
180,5,542,1206,50,50,1,-1,-1,-1
180,6,664,1764,50,50,1,-1,-1,-1
180,7,436,1762,50,50,1,-1,-1,-1
180,8,489,1436,50,50,1,-1,-1,-1
181,1,450,938,50,50,1,-1,-1,-1
181,2,496,695,50,50,1,-1,-1,-1
181,3,475,1204,50,50,1,-1,-1,-1
181,4,393,1634,50,50,1,-1,-1,-1
181,5,532,1186,50,50,1,-1,-1,-1
181,6,636,1760,50,50,1,-1,-1,-1
181,7,404,1763,50,50,1,-1,-1,-1
181,8,487,1435,50,50,1,-1,-1,-1
182,1,454,898,50,50,1,-1,-1,-1
182,2,500,700,50,50,1,-1,-1,-1
182,3,464,1233,50,50,1,-1,-1,-1
182,4,389,1631,50,50,1,-1,-1,-1
182,5,522,1169,50,50,1,-1,-1,-1
182,6,616,1737,50,50,1,-1,-1,-1
182,7,373,1748,50,50,1,-1,-1,-1
182,8,484,1433,50,50,1,-1,-1,-1
183,1,458,863,50,50,1,-1,-1,-1
183,2,504,709,50,50,1,-1,-1,-1
183,3,451,1263,50,50,1,-1,-1,-1
183,4,382,1625,50,50,1,-1,-1,-1
183,5,513,1157,50,50,1,-1,-1,-1
183,6,603,1689,50,50,1,-1,-1,-1
183,7,349,1711,50,50,1,-1,-1,-1
183,8,518,1426,50,50,1,-1,-1,-1
184,1,463,831,50,50,1,-1,-1,-1
184,2,509,722,50,50,1,-1,-1,-1
184,3,446,1292,50,50,1,-1,-1,-1
184,4,421,1628,50,50,1,-1,-1,-1
184,5,503,1149,50,50,1,-1,-1,-1
184,6,586,1626,50,50,1,-1,-1,-1
184,7,335,1648,50,50,1,-1,-1,-1
184,8,634,1277,50,50,1,-1,-1,-1
185,1,468,804,50,50,1,-1,-1,-1
185,2,513,738,50,50,1,-1,-1,-1
185,3,433,1330,50,50,1,-1,-1,-1
185,4,420,1619,50,50,1,-1,-1,-1
185,5,494,1145,50,50,1,-1,-1,-1
185,6,579,1564,50,50,1,-1,-1,-1
185,7,334,1575,50,50,1,-1,-1,-1
185,8,640,1376,50,50,1,-1,-1,-1
186,1,472,780,50,50,1,-1,-1,-1
186,2,518,758,50,50,1,-1,-1,-1
186,3,429,1372,50,50,1,-1,-1,-1
186,4,415,1614,50,50,1,-1,-1,-1
186,5,485,1144,50,50,1,-1,-1,-1
186,6,568,1503,50,50,1,-1,-1,-1
186,7,337,1471,50,50,1,-1,-1,-1
186,8,648,1475,50,50,1,-1,-1,-1
187,1,477,761,50,50,1,-1,-1,-1
187,2,522,783,50,50,1,-1,-1,-1
187,3,420,1418,50,50,1,-1,-1,-1
187,4,412,1608,50,50,1,-1,-1,-1
187,5,476,1148,50,50,1,-1,-1,-1
187,6,559,1448,50,50,1,-1,-1,-1
187,7,343,1400,50,50,1,-1,-1,-1
187,8,658,1574,50,50,1,-1,-1,-1
188,1,482,746,50,50,1,-1,-1,-1
188,2,527,810,50,50,1,-1,-1,-1
188,3,412,1467,50,50,1,-1,-1,-1
188,4,414,1667,50,50,1,-1,-1,-1
188,5,467,1156,50,50,1,-1,-1,-1
188,6,550,1399,50,50,1,-1,-1,-1
188,7,347,1337,50,50,1,-1,-1,-1
188,8,673,1625,50,50,1,-1,-1,-1
189,1,486,734,50,50,1,-1,-1,-1
189,2,532,842,50,50,1,-1,-1,-1
189,3,407,1523,50,50,1,-1,-1,-1
189,4,409,1670,50,50,1,-1,-1,-1
189,5,457,1167,50,50,1,-1,-1,-1
189,6,541,1353,50,50,1,-1,-1,-1
189,7,356,1258,50,50,1,-1,-1,-1
189,8,668,1645,50,50,1,-1,-1,-1
190,1,492,727,50,50,1,-1,-1,-1
190,2,537,879,50,50,1,-1,-1,-1
190,3,398,1579,50,50,1,-1,-1,-1
190,4,401,1626,50,50,1,-1,-1,-1
190,5,448,1182,50,50,1,-1,-1,-1
190,6,532,1313,50,50,1,-1,-1,-1
190,7,358,1192,50,50,1,-1,-1,-1
190,8,652,1663,50,50,1,-1,-1,-1
191,1,496,724,50,50,1,-1,-1,-1
191,2,542,920,50,50,1,-1,-1,-1
191,3,395,1610,50,50,1,-1,-1,-1
191,4,404,1665,50,50,1,-1,-1,-1
191,5,439,1201,50,50,1,-1,-1,-1
191,6,523,1277,50,50,1,-1,-1,-1
191,7,364,1130,50,50,1,-1,-1,-1
191,8,634,1690,50,50,1,-1,-1,-1
192,1,501,724,50,50,1,-1,-1,-1
192,2,547,961,50,50,1,-1,-1,-1
192,3,392,1648,50,50,1,-1,-1,-1
192,4,496,1420,50,50,1,-1,-1,-1
192,5,430,1225,50,50,1,-1,-1,-1
192,6,514,1244,50,50,1,-1,-1,-1
192,7,369,1074,50,50,1,-1,-1,-1
192,8,615,1718,50,50,1,-1,-1,-1
193,1,506,728,50,50,1,-1,-1,-1
193,2,552,1008,50,50,1,-1,-1,-1
193,3,380,1690,50,50,1,-1,-1,-1
193,4,495,1419,50,50,1,-1,-1,-1
193,5,422,1252,50,50,1,-1,-1,-1
193,6,505,1216,50,50,1,-1,-1,-1
193,7,375,1022,50,50,1,-1,-1,-1
193,8,597,1741,50,50,1,-1,-1,-1
194,1,512,736,50,50,1,-1,-1,-1
194,2,558,1060,50,50,1,-1,-1,-1
194,3,360,1719,50,50,1,-1,-1,-1
194,4,463,1421,50,50,1,-1,-1,-1
194,5,414,1284,50,50,1,-1,-1,-1
194,6,497,1192,50,50,1,-1,-1,-1
194,7,380,977,50,50,1,-1,-1,-1
194,8,582,1750,50,50,1,-1,-1,-1
195,1,517,748,50,50,1,-1,-1,-1
195,2,562,1115,50,50,1,-1,-1,-1
195,3,334,1719,50,50,1,-1,-1,-1
195,4,494,1420,50,50,1,-1,-1,-1
195,5,404,1321,50,50,1,-1,-1,-1
195,6,488,1173,50,50,1,-1,-1,-1
195,7,385,934,50,50,1,-1,-1,-1
195,8,573,1736,50,50,1,-1,-1,-1
196,1,523,763,50,50,1,-1,-1,-1
196,2,568,1176,50,50,1,-1,-1,-1
196,3,312,1682,50,50,1,-1,-1,-1
196,4,458,1425,50,50,1,-1,-1,-1
196,5,395,1361,50,50,1,-1,-1,-1
196,6,480,1157,50,50,1,-1,-1,-1
196,7,389,895,50,50,1,-1,-1,-1
196,8,560,1694,50,50,1,-1,-1,-1
197,1,528,782,50,50,1,-1,-1,-1
197,2,573,1239,50,50,1,-1,-1,-1
197,3,302,1620,50,50,1,-1,-1,-1
197,4,456,1426,50,50,1,-1,-1,-1
197,5,386,1406,50,50,1,-1,-1,-1
197,6,472,1146,50,50,1,-1,-1,-1
197,7,396,860,50,50,1,-1,-1,-1
197,8,554,1637,50,50,1,-1,-1,-1
198,1,534,806,50,50,1,-1,-1,-1
198,2,579,1307,50,50,1,-1,-1,-1
198,3,302,1545,50,50,1,-1,-1,-1
198,4,455,1424,50,50,1,-1,-1,-1
198,5,377,1454,50,50,1,-1,-1,-1
198,6,464,1138,50,50,1,-1,-1,-1
198,7,401,829,50,50,1,-1,-1,-1
198,8,545,1579,50,50,1,-1,-1,-1
199,1,539,833,50,50,1,-1,-1,-1
199,2,585,1380,50,50,1,-1,-1,-1
199,3,309,1453,50,50,1,-1,-1,-1
199,4,453,1424,50,50,1,-1,-1,-1
199,5,365,1511,50,50,1,-1,-1,-1
199,6,456,1135,50,50,1,-1,-1,-1
199,7,407,801,50,50,1,-1,-1,-1
199,8,533,1512,50,50,1,-1,-1,-1
200,1,545,867,50,50,1,-1,-1,-1
200,2,591,1456,50,50,1,-1,-1,-1
200,3,314,1383,50,50,1,-1,-1,-1
200,4,451,1424,50,50,1,-1,-1,-1
200,5,362,1565,50,50,1,-1,-1,-1
200,6,448,1135,50,50,1,-1,-1,-1
200,7,411,779,50,50,1,-1,-1,-1
200,8,525,1459,50,50,1,-1,-1,-1
201,1,551,902,50,50,1,-1,-1,-1
201,2,599,1535,50,50,1,-1,-1,-1
201,4,449,1425,50,50,1,-1,-1,-1
201,5,360,1617,50,50,1,-1,-1,-1
201,6,441,1140,50,50,1,-1,-1,-1
201,7,416,760,50,50,1,-1,-1,-1
201,8,516,1408,50,50,1,-1,-1,-1
202,1,557,944,50,50,1,-1,-1,-1
202,2,606,1623,50,50,1,-1,-1,-1
202,3,325,1248,50,50,1,-1,-1,-1
202,4,449,1424,50,50,1,-1,-1,-1
202,5,361,1654,50,50,1,-1,-1,-1
202,6,433,1148,50,50,1,-1,-1,-1
202,7,422,746,50,50,1,-1,-1,-1
202,8,508,1362,50,50,1,-1,-1,-1
203,1,562,984,50,50,1,-1,-1,-1
203,2,608,1667,50,50,1,-1,-1,-1
203,3,331,1184,50,50,1,-1,-1,-1
203,4,447,1426,50,50,1,-1,-1,-1
203,5,360,1684,50,50,1,-1,-1,-1
203,6,426,1160,50,50,1,-1,-1,-1
203,7,428,735,50,50,1,-1,-1,-1
203,8,501,1320,50,50,1,-1,-1,-1
204,1,570,1034,50,50,1,-1,-1,-1
204,2,597,1702,50,50,1,-1,-1,-1
204,3,337,1128,50,50,1,-1,-1,-1
204,4,445,1426,50,50,1,-1,-1,-1
204,5,359,1712,50,50,1,-1,-1,-1
204,6,418,1176,50,50,1,-1,-1,-1
204,7,433,729,50,50,1,-1,-1,-1
204,8,493,1283,50,50,1,-1,-1,-1
205,1,577,1085,50,50,1,-1,-1,-1
205,2,586,1729,50,50,1,-1,-1,-1
205,3,342,1077,50,50,1,-1,-1,-1
205,4,443,1425,50,50,1,-1,-1,-1
205,5,346,1729,50,50,1,-1,-1,-1
205,6,410,1197,50,50,1,-1,-1,-1
205,7,439,725,50,50,1,-1,-1,-1
205,8,486,1250,50,50,1,-1,-1,-1
206,1,582,1141,50,50,1,-1,-1,-1
206,2,569,1734,50,50,1,-1,-1,-1
206,3,348,1031,50,50,1,-1,-1,-1
206,4,477,1421,50,50,1,-1,-1,-1
206,5,324,1737,50,50,1,-1,-1,-1
206,6,403,1222,50,50,1,-1,-1,-1
206,7,444,726,50,50,1,-1,-1,-1
206,8,479,1221,50,50,1,-1,-1,-1
207,1,589,1201,50,50,1,-1,-1,-1
207,2,558,1709,50,50,1,-1,-1,-1
207,3,353,987,50,50,1,-1,-1,-1
207,4,440,1427,50,50,1,-1,-1,-1
207,5,305,1718,50,50,1,-1,-1,-1
207,6,395,1251,50,50,1,-1,-1,-1
207,7,450,730,50,50,1,-1,-1,-1
207,8,470,1196,50,50,1,-1,-1,-1
208,1,596,1266,50,50,1,-1,-1,-1
208,2,547,1660,50,50,1,-1,-1,-1
208,3,358,948,50,50,1,-1,-1,-1
208,4,438,1427,50,50,1,-1,-1,-1
208,5,285,1672,50,50,1,-1,-1,-1
208,6,390,1283,50,50,1,-1,-1,-1
208,7,455,739,50,50,1,-1,-1,-1
208,8,462,1175,50,50,1,-1,-1,-1
209,1,603,1334,50,50,1,-1,-1,-1
209,2,536,1597,50,50,1,-1,-1,-1
209,3,364,914,50,50,1,-1,-1,-1
209,4,474,1419,50,50,1,-1,-1,-1
209,5,277,1604,50,50,1,-1,-1,-1
209,7,461,751,50,50,1,-1,-1,-1
209,8,454,1158,50,50,1,-1,-1,-1
210,1,610,1409,50,50,1,-1,-1,-1
210,2,529,1532,50,50,1,-1,-1,-1
210,3,370,883,50,50,1,-1,-1,-1
210,4,436,1423,50,50,1,-1,-1,-1
210,5,280,1523,50,50,1,-1,-1,-1
210,6,372,1362,50,50,1,-1,-1,-1
210,7,467,766,50,50,1,-1,-1,-1
210,8,447,1145,50,50,1,-1,-1,-1
211,1,617,1484,50,50,1,-1,-1,-1
211,2,519,1479,50,50,1,-1,-1,-1
211,3,377,859,50,50,1,-1,-1,-1
211,4,468,1418,50,50,1,-1,-1,-1
211,5,288,1442,50,50,1,-1,-1,-1
211,6,366,1408,50,50,1,-1,-1,-1
211,7,474,787,50,50,1,-1,-1,-1
211,8,440,1137,50,50,1,-1,-1,-1
212,1,627,1578,50,50,1,-1,-1,-1
212,2,510,1428,50,50,1,-1,-1,-1
212,3,382,836,50,50,1,-1,-1,-1
212,4,466,1418,50,50,1,-1,-1,-1
212,5,296,1370,50,50,1,-1,-1,-1
212,6,360,1456,50,50,1,-1,-1,-1
212,7,480,811,50,50,1,-1,-1,-1
212,8,434,1132,50,50,1,-1,-1,-1
213,1,639,1632,50,50,1,-1,-1,-1
213,2,501,1380,50,50,1,-1,-1,-1
213,3,387,812,50,50,1,-1,-1,-1
213,4,430,1422,50,50,1,-1,-1,-1
213,5,303,1303,50,50,1,-1,-1,-1
213,6,356,1498,50,50,1,-1,-1,-1
213,7,486,839,50,50,1,-1,-1,-1
213,8,427,1131,50,50,1,-1,-1,-1
214,1,635,1659,50,50,1,-1,-1,-1
214,2,493,1338,50,50,1,-1,-1,-1
214,3,392,799,50,50,1,-1,-1,-1
214,4,428,1424,50,50,1,-1,-1,-1
214,5,310,1242,50,50,1,-1,-1,-1
214,6,344,1571,50,50,1,-1,-1,-1
214,7,492,871,50,50,1,-1,-1,-1
214,8,419,1133,50,50,1,-1,-1,-1
215,1,621,1686,50,50,1,-1,-1,-1
215,2,485,1299,50,50,1,-1,-1,-1
215,3,398,786,50,50,1,-1,-1,-1
215,4,427,1424,50,50,1,-1,-1,-1
215,5,320,1177,50,50,1,-1,-1,-1
215,6,368,1644,50,50,1,-1,-1,-1
215,7,498,906,50,50,1,-1,-1,-1
215,8,413,1140,50,50,1,-1,-1,-1
216,1,603,1713,50,50,1,-1,-1,-1
216,2,476,1265,50,50,1,-1,-1,-1
216,3,404,779,50,50,1,-1,-1,-1
216,4,425,1424,50,50,1,-1,-1,-1
216,5,327,1122,50,50,1,-1,-1,-1
216,6,342,1657,50,50,1,-1,-1,-1
216,7,505,947,50,50,1,-1,-1,-1
216,8,406,1151,50,50,1,-1,-1,-1
217,1,582,1737,50,50,1,-1,-1,-1
217,2,471,1237,50,50,1,-1,-1,-1
217,3,410,776,50,50,1,-1,-1,-1
217,4,422,1425,50,50,1,-1,-1,-1
217,5,336,1071,50,50,1,-1,-1,-1
217,6,340,1691,50,50,1,-1,-1,-1
217,7,512,991,50,50,1,-1,-1,-1
217,8,399,1166,50,50,1,-1,-1,-1
218,1,562,1754,50,50,1,-1,-1,-1
218,2,460,1208,50,50,1,-1,-1,-1
218,3,415,776,50,50,1,-1,-1,-1
218,4,419,1426,50,50,1,-1,-1,-1
218,5,344,1025,50,50,1,-1,-1,-1
218,6,329,1720,50,50,1,-1,-1,-1
218,7,519,1038,50,50,1,-1,-1,-1
218,8,393,1184,50,50,1,-1,-1,-1
219,1,548,1752,50,50,1,-1,-1,-1
219,2,452,1187,50,50,1,-1,-1,-1
219,3,421,779,50,50,1,-1,-1,-1
219,4,417,1426,50,50,1,-1,-1,-1
219,5,352,983,50,50,1,-1,-1,-1
219,6,314,1736,50,50,1,-1,-1,-1
219,7,525,1090,50,50,1,-1,-1,-1
219,8,387,1206,50,50,1,-1,-1,-1
220,1,535,1720,50,50,1,-1,-1,-1
220,2,443,1169,50,50,1,-1,-1,-1
220,3,427,788,50,50,1,-1,-1,-1
220,4,416,1426,50,50,1,-1,-1,-1
220,5,360,945,50,50,1,-1,-1,-1
220,6,292,1723,50,50,1,-1,-1,-1
220,7,532,1146,50,50,1,-1,-1,-1
220,8,380,1233,50,50,1,-1,-1,-1
221,1,523,1671,50,50,1,-1,-1,-1
221,2,435,1155,50,50,1,-1,-1,-1
221,3,433,799,50,50,1,-1,-1,-1
221,4,415,1424,50,50,1,-1,-1,-1
221,5,368,909,50,50,1,-1,-1,-1
221,6,272,1688,50,50,1,-1,-1,-1
221,7,539,1207,50,50,1,-1,-1,-1
221,8,372,1268,50,50,1,-1,-1,-1
222,1,510,1610,50,50,1,-1,-1,-1
222,2,428,1145,50,50,1,-1,-1,-1
222,3,439,815,50,50,1,-1,-1,-1
222,4,413,1424,50,50,1,-1,-1,-1
222,5,374,885,50,50,1,-1,-1,-1
222,6,260,1622,50,50,1,-1,-1,-1
222,7,547,1271,50,50,1,-1,-1,-1
222,8,367,1297,50,50,1,-1,-1,-1
223,1,504,1549,50,50,1,-1,-1,-1
223,2,421,1139,50,50,1,-1,-1,-1
223,3,446,835,50,50,1,-1,-1,-1
223,4,412,1423,50,50,1,-1,-1,-1
223,5,385,859,50,50,1,-1,-1,-1
223,6,260,1524,50,50,1,-1,-1,-1
223,7,555,1340,50,50,1,-1,-1,-1
223,8,356,1345,50,50,1,-1,-1,-1
224,1,496,1488,50,50,1,-1,-1,-1
224,2,414,1137,50,50,1,-1,-1,-1
224,3,452,859,50,50,1,-1,-1,-1
224,4,411,1421,50,50,1,-1,-1,-1
224,5,392,833,50,50,1,-1,-1,-1
224,6,265,1461,50,50,1,-1,-1,-1
224,7,562,1412,50,50,1,-1,-1,-1
224,8,353,1384,50,50,1,-1,-1,-1
225,1,488,1435,50,50,1,-1,-1,-1
225,2,406,1139,50,50,1,-1,-1,-1
225,3,459,886,50,50,1,-1,-1,-1
225,4,410,1421,50,50,1,-1,-1,-1
225,5,400,813,50,50,1,-1,-1,-1
225,6,273,1391,50,50,1,-1,-1,-1
225,7,570,1493,50,50,1,-1,-1,-1
225,8,348,1429,50,50,1,-1,-1,-1
226,1,480,1387,50,50,1,-1,-1,-1
226,2,399,1144,50,50,1,-1,-1,-1
226,3,465,917,50,50,1,-1,-1,-1
226,4,416,1415,50,50,1,-1,-1,-1
226,5,408,799,50,50,1,-1,-1,-1
226,6,281,1321,50,50,1,-1,-1,-1
226,7,582,1586,50,50,1,-1,-1,-1
226,8,341,1482,50,50,1,-1,-1,-1
227,1,473,1334,50,50,1,-1,-1,-1
227,2,392,1154,50,50,1,-1,-1,-1
227,3,472,954,50,50,1,-1,-1,-1
227,4,407,1422,50,50,1,-1,-1,-1
227,5,418,789,50,50,1,-1,-1,-1
227,6,289,1250,50,50,1,-1,-1,-1
227,7,589,1635,50,50,1,-1,-1,-1
227,8,336,1536,50,50,1,-1,-1,-1
228,1,466,1302,50,50,1,-1,-1,-1
228,2,385,1167,50,50,1,-1,-1,-1
228,3,478,993,50,50,1,-1,-1,-1
228,4,408,1422,50,50,1,-1,-1,-1
228,5,424,782,50,50,1,-1,-1,-1
228,6,296,1189,50,50,1,-1,-1,-1
228,7,587,1673,50,50,1,-1,-1,-1
228,8,333,1592,50,50,1,-1,-1,-1
229,1,456,1267,50,50,1,-1,-1,-1
229,2,378,1185,50,50,1,-1,-1,-1
229,3,485,1037,50,50,1,-1,-1,-1
229,4,405,1425,50,50,1,-1,-1,-1
229,5,433,779,50,50,1,-1,-1,-1
229,6,304,1132,50,50,1,-1,-1,-1
229,7,575,1708,50,50,1,-1,-1,-1
229,8,331,1642,50,50,1,-1,-1,-1
230,1,447,1232,50,50,1,-1,-1,-1
230,2,371,1206,50,50,1,-1,-1,-1
230,3,492,1086,50,50,1,-1,-1,-1
230,4,405,1426,50,50,1,-1,-1,-1
230,5,441,780,50,50,1,-1,-1,-1
230,6,312,1081,50,50,1,-1,-1,-1
230,7,556,1737,50,50,1,-1,-1,-1
230,8,323,1681,50,50,1,-1,-1,-1
231,1,443,1204,50,50,1,-1,-1,-1
231,2,363,1236,50,50,1,-1,-1,-1
231,3,500,1138,50,50,1,-1,-1,-1
231,4,407,1424,50,50,1,-1,-1,-1
231,5,449,784,50,50,1,-1,-1,-1
231,6,319,1032,50,50,1,-1,-1,-1
231,7,538,1748,50,50,1,-1,-1,-1
231,8,307,1711,50,50,1,-1,-1,-1
232,1,437,1181,50,50,1,-1,-1,-1
232,2,354,1262,50,50,1,-1,-1,-1
232,3,507,1194,50,50,1,-1,-1,-1
232,4,407,1423,50,50,1,-1,-1,-1
232,5,457,792,50,50,1,-1,-1,-1
232,6,327,988,50,50,1,-1,-1,-1
232,7,522,1730,50,50,1,-1,-1,-1
232,8,287,1718,50,50,1,-1,-1,-1
233,1,429,1161,50,50,1,-1,-1,-1
233,2,349,1290,50,50,1,-1,-1,-1
233,3,515,1254,50,50,1,-1,-1,-1
233,4,441,1421,50,50,1,-1,-1,-1
233,5,466,805,50,50,1,-1,-1,-1
233,6,334,949,50,50,1,-1,-1,-1
233,7,510,1686,50,50,1,-1,-1,-1
233,8,264,1696,50,50,1,-1,-1,-1
234,1,423,1146,50,50,1,-1,-1,-1
234,2,342,1332,50,50,1,-1,-1,-1
234,3,522,1321,50,50,1,-1,-1,-1
234,4,410,1421,50,50,1,-1,-1,-1
234,5,475,822,50,50,1,-1,-1,-1
234,6,341,912,50,50,1,-1,-1,-1
234,7,504,1627,50,50,1,-1,-1,-1
234,8,248,1641,50,50,1,-1,-1,-1
235,1,416,1134,50,50,1,-1,-1,-1
235,2,336,1376,50,50,1,-1,-1,-1
235,3,530,1389,50,50,1,-1,-1,-1
235,4,409,1421,50,50,1,-1,-1,-1
235,5,483,842,50,50,1,-1,-1,-1
235,6,348,880,50,50,1,-1,-1,-1
235,7,496,1561,50,50,1,-1,-1,-1
235,8,248,1578,50,50,1,-1,-1,-1
236,1,409,1126,50,50,1,-1,-1,-1
236,2,329,1420,50,50,1,-1,-1,-1
236,3,538,1463,50,50,1,-1,-1,-1
236,4,410,1420,50,50,1,-1,-1,-1
236,5,492,866,50,50,1,-1,-1,-1
236,6,357,854,50,50,1,-1,-1,-1
236,7,488,1496,50,50,1,-1,-1,-1
236,8,257,1487,50,50,1,-1,-1,-1
237,1,402,1122,50,50,1,-1,-1,-1
237,2,323,1472,50,50,1,-1,-1,-1
237,3,541,1550,50,50,1,-1,-1,-1
237,4,410,1420,50,50,1,-1,-1,-1
237,5,501,893,50,50,1,-1,-1,-1
237,6,364,830,50,50,1,-1,-1,-1
237,7,481,1440,50,50,1,-1,-1,-1
237,8,264,1412,50,50,1,-1,-1,-1
238,1,396,1122,50,50,1,-1,-1,-1
238,2,313,1535,50,50,1,-1,-1,-1
238,3,493,1660,50,50,1,-1,-1,-1
238,4,413,1418,50,50,1,-1,-1,-1
238,5,510,925,50,50,1,-1,-1,-1
238,6,371,810,50,50,1,-1,-1,-1
238,7,476,1389,50,50,1,-1,-1,-1
238,8,273,1340,50,50,1,-1,-1,-1
239,1,390,1127,50,50,1,-1,-1,-1
239,2,310,1586,50,50,1,-1,-1,-1
239,3,493,1652,50,50,1,-1,-1,-1
239,4,410,1422,50,50,1,-1,-1,-1
239,5,519,962,50,50,1,-1,-1,-1
239,6,379,795,50,50,1,-1,-1,-1
239,7,472,1339,50,50,1,-1,-1,-1
239,8,282,1275,50,50,1,-1,-1,-1
240,1,383,1135,50,50,1,-1,-1,-1
240,2,311,1626,50,50,1,-1,-1,-1
240,3,564,1699,50,50,1,-1,-1,-1
240,4,410,1425,50,50,1,-1,-1,-1
240,5,529,1002,50,50,1,-1,-1,-1
240,6,387,783,50,50,1,-1,-1,-1
240,7,462,1297,50,50,1,-1,-1,-1
240,8,290,1214,50,50,1,-1,-1,-1
241,1,377,1146,50,50,1,-1,-1,-1
241,2,312,1660,50,50,1,-1,-1,-1
241,3,561,1727,50,50,1,-1,-1,-1
241,5,538,1044,50,50,1,-1,-1,-1
241,6,395,774,50,50,1,-1,-1,-1
241,7,458,1257,50,50,1,-1,-1,-1
241,8,299,1156,50,50,1,-1,-1,-1
242,1,371,1162,50,50,1,-1,-1,-1
242,2,310,1698,50,50,1,-1,-1,-1
242,3,557,1748,50,50,1,-1,-1,-1
242,4,412,1427,50,50,1,-1,-1,-1
242,5,547,1093,50,50,1,-1,-1,-1
242,6,403,769,50,50,1,-1,-1,-1
242,7,450,1223,50,50,1,-1,-1,-1
242,8,307,1104,50,50,1,-1,-1,-1
243,1,365,1181,50,50,1,-1,-1,-1
243,2,301,1733,50,50,1,-1,-1,-1
243,3,553,1750,50,50,1,-1,-1,-1
243,4,413,1428,50,50,1,-1,-1,-1
243,5,557,1145,50,50,1,-1,-1,-1
243,6,410,769,50,50,1,-1,-1,-1
243,7,445,1191,50,50,1,-1,-1,-1
243,8,317,1056,50,50,1,-1,-1,-1
244,1,359,1205,50,50,1,-1,-1,-1
244,2,290,1730,50,50,1,-1,-1,-1
244,3,546,1725,50,50,1,-1,-1,-1
244,5,567,1201,50,50,1,-1,-1,-1
244,6,417,773,50,50,1,-1,-1,-1
244,7,439,1164,50,50,1,-1,-1,-1
244,8,324,1012,50,50,1,-1,-1,-1
245,2,274,1702,50,50,1,-1,-1,-1
245,3,534,1672,50,50,1,-1,-1,-1
245,4,415,1427,50,50,1,-1,-1,-1
245,5,577,1261,50,50,1,-1,-1,-1
245,6,425,780,50,50,1,-1,-1,-1
245,7,433,1142,50,50,1,-1,-1,-1
245,8,333,972,50,50,1,-1,-1,-1
246,1,347,1266,50,50,1,-1,-1,-1
246,2,261,1651,50,50,1,-1,-1,-1
246,4,416,1427,50,50,1,-1,-1,-1
246,5,587,1326,50,50,1,-1,-1,-1
246,6,432,792,50,50,1,-1,-1,-1
246,7,427,1123,50,50,1,-1,-1,-1
246,8,342,936,50,50,1,-1,-1,-1
247,1,338,1310,50,50,1,-1,-1,-1
247,2,255,1590,50,50,1,-1,-1,-1
247,3,520,1537,50,50,1,-1,-1,-1
247,4,417,1425,50,50,1,-1,-1,-1
247,5,597,1393,50,50,1,-1,-1,-1
247,6,441,806,50,50,1,-1,-1,-1
247,7,422,1109,50,50,1,-1,-1,-1
247,8,350,904,50,50,1,-1,-1,-1
248,1,333,1350,50,50,1,-1,-1,-1
248,2,262,1503,50,50,1,-1,-1,-1
248,3,515,1481,50,50,1,-1,-1,-1
248,4,418,1423,50,50,1,-1,-1,-1
248,5,609,1467,50,50,1,-1,-1,-1
248,6,449,825,50,50,1,-1,-1,-1
248,7,416,1098,50,50,1,-1,-1,-1
248,8,357,881,50,50,1,-1,-1,-1
249,1,329,1388,50,50,1,-1,-1,-1
249,2,272,1428,50,50,1,-1,-1,-1
249,3,509,1424,50,50,1,-1,-1,-1
249,4,419,1423,50,50,1,-1,-1,-1
249,5,620,1544,50,50,1,-1,-1,-1
249,6,457,847,50,50,1,-1,-1,-1
249,7,410,1092,50,50,1,-1,-1,-1
249,8,366,858,50,50,1,-1,-1,-1
250,1,322,1436,50,50,1,-1,-1,-1
250,2,280,1365,50,50,1,-1,-1,-1
250,3,502,1372,50,50,1,-1,-1,-1
250,4,419,1423,50,50,1,-1,-1,-1
250,5,621,1609,50,50,1,-1,-1,-1
250,6,465,874,50,50,1,-1,-1,-1
250,7,405,1089,50,50,1,-1,-1,-1
250,8,376,834,50,50,1,-1,-1,-1
251,1,316,1489,50,50,1,-1,-1,-1
251,2,292,1300,50,50,1,-1,-1,-1
251,3,497,1326,50,50,1,-1,-1,-1
251,4,419,1423,50,50,1,-1,-1,-1
251,5,637,1650,50,50,1,-1,-1,-1
251,6,473,905,50,50,1,-1,-1,-1
251,7,400,1091,50,50,1,-1,-1,-1
251,8,384,816,50,50,1,-1,-1,-1
252,1,314,1557,50,50,1,-1,-1,-1
252,2,303,1237,50,50,1,-1,-1,-1
252,3,491,1281,50,50,1,-1,-1,-1
252,5,634,1683,50,50,1,-1,-1,-1
252,6,482,941,50,50,1,-1,-1,-1
252,7,395,1096,50,50,1,-1,-1,-1
252,8,393,804,50,50,1,-1,-1,-1
253,1,311,1615,50,50,1,-1,-1,-1
253,2,312,1179,50,50,1,-1,-1,-1
253,3,486,1242,50,50,1,-1,-1,-1
253,5,621,1714,50,50,1,-1,-1,-1
253,6,491,979,50,50,1,-1,-1,-1
253,7,390,1105,50,50,1,-1,-1,-1
253,8,402,796,50,50,1,-1,-1,-1
254,1,311,1645,50,50,1,-1,-1,-1
254,2,322,1126,50,50,1,-1,-1,-1
254,3,480,1206,50,50,1,-1,-1,-1
254,5,603,1742,50,50,1,-1,-1,-1
254,6,499,1020,50,50,1,-1,-1,-1
254,7,385,1118,50,50,1,-1,-1,-1
254,8,410,793,50,50,1,-1,-1,-1
255,1,314,1684,50,50,1,-1,-1,-1
255,2,331,1080,50,50,1,-1,-1,-1
255,3,475,1175,50,50,1,-1,-1,-1
255,4,419,1428,50,50,1,-1,-1,-1
255,5,581,1760,50,50,1,-1,-1,-1
255,6,508,1066,50,50,1,-1,-1,-1
255,7,380,1135,50,50,1,-1,-1,-1
255,8,420,791,50,50,1,-1,-1,-1
256,1,309,1711,50,50,1,-1,-1,-1
256,2,342,1036,50,50,1,-1,-1,-1
256,3,469,1149,50,50,1,-1,-1,-1
256,4,419,1427,50,50,1,-1,-1,-1
256,5,565,1758,50,50,1,-1,-1,-1
256,6,517,1117,50,50,1,-1,-1,-1
256,7,375,1156,50,50,1,-1,-1,-1
256,8,427,793,50,50,1,-1,-1,-1
257,1,298,1720,50,50,1,-1,-1,-1
257,2,351,996,50,50,1,-1,-1,-1
257,3,464,1126,50,50,1,-1,-1,-1
257,4,419,1426,50,50,1,-1,-1,-1
257,5,552,1741,50,50,1,-1,-1,-1
257,6,526,1172,50,50,1,-1,-1,-1
257,7,370,1182,50,50,1,-1,-1,-1
257,8,436,799,50,50,1,-1,-1,-1
258,1,282,1702,50,50,1,-1,-1,-1
258,2,361,962,50,50,1,-1,-1,-1
258,3,459,1107,50,50,1,-1,-1,-1
258,4,419,1426,50,50,1,-1,-1,-1
258,5,545,1701,50,50,1,-1,-1,-1
258,6,535,1232,50,50,1,-1,-1,-1
258,7,365,1211,50,50,1,-1,-1,-1
258,8,445,810,50,50,1,-1,-1,-1
259,1,269,1659,50,50,1,-1,-1,-1
259,2,372,927,50,50,1,-1,-1,-1
259,3,454,1092,50,50,1,-1,-1,-1
259,4,419,1426,50,50,1,-1,-1,-1
259,5,540,1644,50,50,1,-1,-1,-1
259,6,544,1295,50,50,1,-1,-1,-1
259,7,360,1246,50,50,1,-1,-1,-1
259,8,454,825,50,50,1,-1,-1,-1
260,1,264,1595,50,50,1,-1,-1,-1
260,2,381,905,50,50,1,-1,-1,-1
260,3,449,1081,50,50,1,-1,-1,-1
260,5,534,1580,50,50,1,-1,-1,-1
260,6,554,1362,50,50,1,-1,-1,-1
260,7,362,1274,50,50,1,-1,-1,-1
260,8,462,843,50,50,1,-1,-1,-1
261,1,269,1516,50,50,1,-1,-1,-1
261,2,390,883,50,50,1,-1,-1,-1
261,3,444,1074,50,50,1,-1,-1,-1
261,4,424,1418,50,50,1,-1,-1,-1
261,5,527,1512,50,50,1,-1,-1,-1
261,6,565,1430,50,50,1,-1,-1,-1
261,7,350,1323,50,50,1,-1,-1,-1
261,8,472,865,50,50,1,-1,-1,-1
262,1,276,1445,50,50,1,-1,-1,-1
262,2,401,863,50,50,1,-1,-1,-1
262,3,440,1071,50,50,1,-1,-1,-1
262,4,426,1416,50,50,1,-1,-1,-1
262,5,522,1461,50,50,1,-1,-1,-1
262,6,575,1509,50,50,1,-1,-1,-1
262,7,348,1371,50,50,1,-1,-1,-1
262,8,481,892,50,50,1,-1,-1,-1
263,1,282,1383,50,50,1,-1,-1,-1
263,2,412,847,50,50,1,-1,-1,-1
263,3,435,1072,50,50,1,-1,-1,-1
263,4,421,1423,50,50,1,-1,-1,-1
263,5,518,1407,50,50,1,-1,-1,-1
263,6,367,1581,50,50,1,-1,-1,-1
263,7,342,1420,50,50,1,-1,-1,-1
263,8,491,922,50,50,1,-1,-1,-1
264,1,296,1304,50,50,1,-1,-1,-1
264,2,421,835,50,50,1,-1,-1,-1
264,3,430,1076,50,50,1,-1,-1,-1
264,4,423,1423,50,50,1,-1,-1,-1
264,5,514,1361,50,50,1,-1,-1,-1
264,6,378,1660,50,50,1,-1,-1,-1
264,7,337,1475,50,50,1,-1,-1,-1
264,8,500,955,50,50,1,-1,-1,-1
265,1,301,1253,50,50,1,-1,-1,-1
265,2,431,828,50,50,1,-1,-1,-1
265,3,426,1085,50,50,1,-1,-1,-1
265,4,428,1419,50,50,1,-1,-1,-1
265,5,508,1317,50,50,1,-1,-1,-1
265,6,600,1673,50,50,1,-1,-1,-1
265,7,329,1543,50,50,1,-1,-1,-1
265,8,509,992,50,50,1,-1,-1,-1
266,1,310,1198,50,50,1,-1,-1,-1
266,2,441,825,50,50,1,-1,-1,-1
266,3,422,1098,50,50,1,-1,-1,-1
266,4,430,1420,50,50,1,-1,-1,-1
266,5,503,1277,50,50,1,-1,-1,-1
266,6,597,1708,50,50,1,-1,-1,-1
266,8,519,1035,50,50,1,-1,-1,-1
267,1,318,1150,50,50,1,-1,-1,-1
267,2,451,824,50,50,1,-1,-1,-1
267,3,417,1114,50,50,1,-1,-1,-1
267,4,432,1421,50,50,1,-1,-1,-1
267,5,498,1242,50,50,1,-1,-1,-1
267,6,594,1734,50,50,1,-1,-1,-1
267,7,339,1632,50,50,1,-1,-1,-1
267,8,529,1080,50,50,1,-1,-1,-1
268,1,327,1104,50,50,1,-1,-1,-1
268,2,461,829,50,50,1,-1,-1,-1
268,3,413,1134,50,50,1,-1,-1,-1
268,4,434,1424,50,50,1,-1,-1,-1
268,5,494,1211,50,50,1,-1,-1,-1
268,6,587,1752,50,50,1,-1,-1,-1
268,7,342,1677,50,50,1,-1,-1,-1
268,8,539,1129,50,50,1,-1,-1,-1
269,1,335,1063,50,50,1,-1,-1,-1
269,2,471,836,50,50,1,-1,-1,-1
269,3,409,1159,50,50,1,-1,-1,-1
269,4,438,1422,50,50,1,-1,-1,-1
269,5,490,1185,50,50,1,-1,-1,-1
269,6,578,1746,50,50,1,-1,-1,-1
269,7,342,1707,50,50,1,-1,-1,-1
269,8,549,1183,50,50,1,-1,-1,-1
270,1,344,1025,50,50,1,-1,-1,-1
270,2,482,848,50,50,1,-1,-1,-1
270,3,405,1187,50,50,1,-1,-1,-1
270,4,440,1422,50,50,1,-1,-1,-1
270,5,485,1162,50,50,1,-1,-1,-1
270,6,572,1716,50,50,1,-1,-1,-1
270,7,335,1718,50,50,1,-1,-1,-1
270,8,559,1241,50,50,1,-1,-1,-1
271,1,352,992,50,50,1,-1,-1,-1
271,2,492,863,50,50,1,-1,-1,-1
271,3,401,1217,50,50,1,-1,-1,-1
271,4,443,1422,50,50,1,-1,-1,-1
271,5,481,1143,50,50,1,-1,-1,-1
271,6,565,1664,50,50,1,-1,-1,-1
271,7,324,1700,50,50,1,-1,-1,-1
271,8,569,1304,50,50,1,-1,-1,-1
272,1,360,962,50,50,1,-1,-1,-1
272,2,503,883,50,50,1,-1,-1,-1
272,3,396,1256,50,50,1,-1,-1,-1
272,4,448,1419,50,50,1,-1,-1,-1
272,5,477,1128,50,50,1,-1,-1,-1
272,6,555,1603,50,50,1,-1,-1,-1
272,7,314,1659,50,50,1,-1,-1,-1
272,8,580,1368,50,50,1,-1,-1,-1
273,1,369,937,50,50,1,-1,-1,-1
273,2,513,906,50,50,1,-1,-1,-1
273,3,392,1296,50,50,1,-1,-1,-1
273,4,445,1422,50,50,1,-1,-1,-1
273,5,474,1117,50,50,1,-1,-1,-1
273,6,550,1538,50,50,1,-1,-1,-1
273,7,312,1584,50,50,1,-1,-1,-1
273,8,591,1440,50,50,1,-1,-1,-1
274,1,379,914,50,50,1,-1,-1,-1
274,2,524,934,50,50,1,-1,-1,-1
274,3,388,1344,50,50,1,-1,-1,-1
274,4,449,1419,50,50,1,-1,-1,-1
274,5,470,1111,50,50,1,-1,-1,-1
274,6,540,1478,50,50,1,-1,-1,-1
274,7,319,1488,50,50,1,-1,-1,-1
274,8,603,1513,50,50,1,-1,-1,-1
275,1,388,897,50,50,1,-1,-1,-1
275,2,535,965,50,50,1,-1,-1,-1
275,3,384,1393,50,50,1,-1,-1,-1
275,4,451,1419,50,50,1,-1,-1,-1
275,5,466,1108,50,50,1,-1,-1,-1
275,6,534,1424,50,50,1,-1,-1,-1
275,7,327,1426,50,50,1,-1,-1,-1
275,8,617,1608,50,50,1,-1,-1,-1
276,1,395,884,50,50,1,-1,-1,-1
276,2,546,1000,50,50,1,-1,-1,-1
276,3,381,1444,50,50,1,-1,-1,-1
276,4,453,1419,50,50,1,-1,-1,-1
276,5,462,1109,50,50,1,-1,-1,-1
276,6,526,1375,50,50,1,-1,-1,-1
276,7,336,1359,50,50,1,-1,-1,-1
276,8,619,1652,50,50,1,-1,-1,-1
277,1,404,874,50,50,1,-1,-1,-1
277,2,557,1039,50,50,1,-1,-1,-1
277,3,376,1488,50,50,1,-1,-1,-1
277,4,453,1421,50,50,1,-1,-1,-1
277,5,459,1114,50,50,1,-1,-1,-1
277,6,520,1330,50,50,1,-1,-1,-1
277,7,352,1292,50,50,1,-1,-1,-1
277,8,616,1693,50,50,1,-1,-1,-1
278,1,412,869,50,50,1,-1,-1,-1
278,2,568,1082,50,50,1,-1,-1,-1
278,3,377,1561,50,50,1,-1,-1,-1
278,4,452,1427,50,50,1,-1,-1,-1
278,5,455,1123,50,50,1,-1,-1,-1
278,6,513,1288,50,50,1,-1,-1,-1
278,7,353,1237,50,50,1,-1,-1,-1
278,8,614,1725,50,50,1,-1,-1,-1
279,1,421,867,50,50,1,-1,-1,-1
279,2,579,1130,50,50,1,-1,-1,-1
279,3,370,1626,50,50,1,-1,-1,-1
279,4,461,1421,50,50,1,-1,-1,-1
279,5,452,1135,50,50,1,-1,-1,-1
279,6,507,1252,50,50,1,-1,-1,-1
279,7,363,1178,50,50,1,-1,-1,-1
279,8,609,1751,50,50,1,-1,-1,-1
280,1,430,869,50,50,1,-1,-1,-1
280,2,591,1181,50,50,1,-1,-1,-1
280,3,374,1661,50,50,1,-1,-1,-1
280,4,463,1423,50,50,1,-1,-1,-1
280,5,449,1152,50,50,1,-1,-1,-1
280,6,500,1219,50,50,1,-1,-1,-1
280,7,371,1128,50,50,1,-1,-1,-1
280,8,603,1761,50,50,1,-1,-1,-1
281,1,438,874,50,50,1,-1,-1,-1
281,2,602,1236,50,50,1,-1,-1,-1
281,3,371,1697,50,50,1,-1,-1,-1
281,4,465,1424,50,50,1,-1,-1,-1
281,5,446,1172,50,50,1,-1,-1,-1
281,6,494,1190,50,50,1,-1,-1,-1
281,7,380,1081,50,50,1,-1,-1,-1
281,8,595,1749,50,50,1,-1,-1,-1
282,1,447,883,50,50,1,-1,-1,-1
282,2,614,1295,50,50,1,-1,-1,-1
282,3,362,1716,50,50,1,-1,-1,-1
282,4,468,1424,50,50,1,-1,-1,-1
282,5,443,1195,50,50,1,-1,-1,-1
282,6,487,1166,50,50,1,-1,-1,-1
282,7,388,1038,50,50,1,-1,-1,-1
282,8,582,1707,50,50,1,-1,-1,-1
283,1,456,897,50,50,1,-1,-1,-1
283,2,626,1358,50,50,1,-1,-1,-1
283,3,347,1709,50,50,1,-1,-1,-1
283,4,468,1425,50,50,1,-1,-1,-1
283,5,437,1227,50,50,1,-1,-1,-1
283,6,480,1145,50,50,1,-1,-1,-1
283,7,397,1000,50,50,1,-1,-1,-1
283,8,574,1655,50,50,1,-1,-1,-1
284,1,466,914,50,50,1,-1,-1,-1
284,2,639,1427,50,50,1,-1,-1,-1
284,3,333,1671,50,50,1,-1,-1,-1
284,4,469,1425,50,50,1,-1,-1,-1
284,5,436,1258,50,50,1,-1,-1,-1
284,6,474,1128,50,50,1,-1,-1,-1
284,7,405,965,50,50,1,-1,-1,-1
284,8,569,1592,50,50,1,-1,-1,-1
285,1,476,935,50,50,1,-1,-1,-1
285,2,651,1500,50,50,1,-1,-1,-1
285,3,330,1613,50,50,1,-1,-1,-1
285,4,469,1424,50,50,1,-1,-1,-1
285,5,433,1294,50,50,1,-1,-1,-1
285,6,468,1116,50,50,1,-1,-1,-1
285,7,415,933,50,50,1,-1,-1,-1
285,8,560,1524,50,50,1,-1,-1,-1
286,1,484,961,50,50,1,-1,-1,-1
286,2,664,1577,50,50,1,-1,-1,-1
286,3,332,1517,50,50,1,-1,-1,-1
286,4,472,1420,50,50,1,-1,-1,-1
286,5,429,1336,50,50,1,-1,-1,-1
286,6,462,1107,50,50,1,-1,-1,-1
286,7,424,907,50,50,1,-1,-1,-1
286,8,553,1465,50,50,1,-1,-1,-1
287,1,493,991,50,50,1,-1,-1,-1
287,2,679,1637,50,50,1,-1,-1,-1
287,3,334,1456,50,50,1,-1,-1,-1
287,4,470,1422,50,50,1,-1,-1,-1
287,5,427,1382,50,50,1,-1,-1,-1
287,6,456,1102,50,50,1,-1,-1,-1
287,7,432,885,50,50,1,-1,-1,-1
287,8,546,1410,50,50,1,-1,-1,-1
288,1,503,1024,50,50,1,-1,-1,-1
288,2,683,1671,50,50,1,-1,-1,-1
288,3,342,1387,50,50,1,-1,-1,-1
288,4,469,1423,50,50,1,-1,-1,-1
288,5,424,1430,50,50,1,-1,-1,-1
288,6,450,1102,50,50,1,-1,-1,-1
288,7,441,866,50,50,1,-1,-1,-1
288,8,540,1360,50,50,1,-1,-1,-1
289,1,512,1061,50,50,1,-1,-1,-1
289,2,674,1701,50,50,1,-1,-1,-1
289,3,350,1306,50,50,1,-1,-1,-1
289,4,469,1423,50,50,1,-1,-1,-1
289,5,421,1484,50,50,1,-1,-1,-1
289,6,445,1105,50,50,1,-1,-1,-1
289,7,450,852,50,50,1,-1,-1,-1
289,8,533,1316,50,50,1,-1,-1,-1
290,1,522,1103,50,50,1,-1,-1,-1
290,2,659,1727,50,50,1,-1,-1,-1
290,3,355,1249,50,50,1,-1,-1,-1
290,4,467,1429,50,50,1,-1,-1,-1
290,5,422,1543,50,50,1,-1,-1,-1
290,6,439,1111,50,50,1,-1,-1,-1
290,7,458,841,50,50,1,-1,-1,-1
290,8,526,1273,50,50,1,-1,-1,-1
291,1,532,1149,50,50,1,-1,-1,-1
291,2,639,1751,50,50,1,-1,-1,-1
291,3,363,1198,50,50,1,-1,-1,-1
291,4,467,1431,50,50,1,-1,-1,-1
291,5,422,1606,50,50,1,-1,-1,-1
291,6,434,1122,50,50,1,-1,-1,-1
291,7,467,834,50,50,1,-1,-1,-1
291,8,520,1237,50,50,1,-1,-1,-1
292,1,542,1198,50,50,1,-1,-1,-1
292,2,616,1763,50,50,1,-1,-1,-1
292,3,370,1147,50,50,1,-1,-1,-1
292,4,471,1427,50,50,1,-1,-1,-1
292,5,410,1650,50,50,1,-1,-1,-1
292,6,428,1136,50,50,1,-1,-1,-1
292,7,476,831,50,50,1,-1,-1,-1
293,1,552,1252,50,50,1,-1,-1,-1
293,2,594,1757,50,50,1,-1,-1,-1
293,3,378,1096,50,50,1,-1,-1,-1
293,4,471,1429,50,50,1,-1,-1,-1
293,5,408,1688,50,50,1,-1,-1,-1
293,6,422,1155,50,50,1,-1,-1,-1
293,7,486,832,50,50,1,-1,-1,-1
293,8,508,1175,50,50,1,-1,-1,-1
294,1,563,1310,50,50,1,-1,-1,-1
294,2,571,1728,50,50,1,-1,-1,-1
294,3,384,1051,50,50,1,-1,-1,-1
294,4,505,1423,50,50,1,-1,-1,-1
294,5,384,1716,50,50,1,-1,-1,-1
294,6,417,1177,50,50,1,-1,-1,-1
294,7,495,836,50,50,1,-1,-1,-1
294,8,502,1150,50,50,1,-1,-1,-1
295,1,573,1372,50,50,1,-1,-1,-1
295,2,560,1677,50,50,1,-1,-1,-1
295,3,392,1011,50,50,1,-1,-1,-1
295,4,471,1430,50,50,1,-1,-1,-1
295,5,359,1717,50,50,1,-1,-1,-1
295,6,412,1202,50,50,1,-1,-1,-1
295,7,504,844,50,50,1,-1,-1,-1
295,8,496,1129,50,50,1,-1,-1,-1
296,1,585,1439,50,50,1,-1,-1,-1
296,2,553,1610,50,50,1,-1,-1,-1
296,3,399,975,50,50,1,-1,-1,-1
296,4,509,1423,50,50,1,-1,-1,-1
296,5,337,1685,50,50,1,-1,-1,-1
296,6,411,1232,50,50,1,-1,-1,-1
296,7,514,857,50,50,1,-1,-1,-1
296,8,491,1112,50,50,1,-1,-1,-1
297,1,596,1509,50,50,1,-1,-1,-1
297,2,553,1538,50,50,1,-1,-1,-1
297,3,406,942,50,50,1,-1,-1,-1
297,4,461,1467,50,50,1,-1,-1,-1
297,5,327,1623,50,50,1,-1,-1,-1
297,6,401,1267,50,50,1,-1,-1,-1
297,7,523,873,50,50,1,-1,-1,-1
297,8,485,1099,50,50,1,-1,-1,-1
298,1,609,1587,50,50,1,-1,-1,-1
298,2,539,1482,50,50,1,-1,-1,-1
298,3,413,914,50,50,1,-1,-1,-1
298,4,483,1419,50,50,1,-1,-1,-1
298,5,329,1558,50,50,1,-1,-1,-1
298,6,397,1310,50,50,1,-1,-1,-1
298,7,533,894,50,50,1,-1,-1,-1
298,8,479,1089,50,50,1,-1,-1,-1
299,1,624,1635,50,50,1,-1,-1,-1
299,2,534,1426,50,50,1,-1,-1,-1
299,3,420,889,50,50,1,-1,-1,-1
299,4,475,1424,50,50,1,-1,-1,-1
299,5,333,1470,50,50,1,-1,-1,-1
299,6,384,1348,50,50,1,-1,-1,-1
299,7,543,917,50,50,1,-1,-1,-1
299,8,473,1084,50,50,1,-1,-1,-1
300,1,636,1670,50,50,1,-1,-1,-1
300,2,530,1375,50,50,1,-1,-1,-1
300,3,427,869,50,50,1,-1,-1,-1
300,4,475,1424,50,50,1,-1,-1,-1
300,5,340,1395,50,50,1,-1,-1,-1
300,6,386,1394,50,50,1,-1,-1,-1
300,7,552,946,50,50,1,-1,-1,-1
300,8,468,1083,50,50,1,-1,-1,-1
301,1,636,1703,50,50,1,-1,-1,-1
301,2,526,1327,50,50,1,-1,-1,-1
301,3,435,850,50,50,1,-1,-1,-1
301,4,508,1420,50,50,1,-1,-1,-1
301,5,346,1340,50,50,1,-1,-1,-1
301,6,381,1443,50,50,1,-1,-1,-1
301,7,562,977,50,50,1,-1,-1,-1
301,8,463,1085,50,50,1,-1,-1,-1
302,1,637,1730,50,50,1,-1,-1,-1
302,2,521,1284,50,50,1,-1,-1,-1
302,3,443,837,50,50,1,-1,-1,-1
302,4,483,1420,50,50,1,-1,-1,-1
302,5,355,1265,50,50,1,-1,-1,-1
302,6,376,1498,50,50,1,-1,-1,-1
302,7,572,1013,50,50,1,-1,-1,-1
302,8,457,1092,50,50,1,-1,-1,-1
303,1,635,1753,50,50,1,-1,-1,-1
303,2,517,1245,50,50,1,-1,-1,-1
303,3,450,829,50,50,1,-1,-1,-1
303,4,507,1421,50,50,1,-1,-1,-1
303,5,362,1206,50,50,1,-1,-1,-1
303,6,373,1553,50,50,1,-1,-1,-1
303,7,583,1054,50,50,1,-1,-1,-1
303,8,452,1102,50,50,1,-1,-1,-1
304,1,632,1769,50,50,1,-1,-1,-1
304,2,513,1211,50,50,1,-1,-1,-1
304,3,457,824,50,50,1,-1,-1,-1
304,4,485,1423,50,50,1,-1,-1,-1
304,5,370,1152,50,50,1,-1,-1,-1
304,6,369,1593,50,50,1,-1,-1,-1
304,7,593,1097,50,50,1,-1,-1,-1
304,8,447,1116,50,50,1,-1,-1,-1
305,1,623,1768,50,50,1,-1,-1,-1
305,2,509,1180,50,50,1,-1,-1,-1
305,3,465,821,50,50,1,-1,-1,-1
305,4,487,1423,50,50,1,-1,-1,-1
305,5,377,1102,50,50,1,-1,-1,-1
305,6,375,1632,50,50,1,-1,-1,-1
305,7,604,1146,50,50,1,-1,-1,-1
305,8,442,1134,50,50,1,-1,-1,-1
306,1,613,1749,50,50,1,-1,-1,-1
306,2,505,1154,50,50,1,-1,-1,-1
306,3,473,824,50,50,1,-1,-1,-1
306,4,485,1425,50,50,1,-1,-1,-1
306,5,384,1056,50,50,1,-1,-1,-1
306,6,375,1677,50,50,1,-1,-1,-1
306,7,614,1199,50,50,1,-1,-1,-1
306,8,437,1156,50,50,1,-1,-1,-1
307,1,599,1702,50,50,1,-1,-1,-1
307,2,500,1131,50,50,1,-1,-1,-1
307,3,480,830,50,50,1,-1,-1,-1
307,4,488,1424,50,50,1,-1,-1,-1
307,5,391,1014,50,50,1,-1,-1,-1
307,6,371,1711,50,50,1,-1,-1,-1
307,7,625,1256,50,50,1,-1,-1,-1
307,8,432,1183,50,50,1,-1,-1,-1
308,1,590,1645,50,50,1,-1,-1,-1
308,2,496,1113,50,50,1,-1,-1,-1
308,3,488,841,50,50,1,-1,-1,-1
308,4,490,1423,50,50,1,-1,-1,-1
308,5,398,976,50,50,1,-1,-1,-1
308,6,358,1713,50,50,1,-1,-1,-1
308,7,637,1316,50,50,1,-1,-1,-1
308,8,427,1212,50,50,1,-1,-1,-1
309,1,586,1578,50,50,1,-1,-1,-1
309,2,493,1099,50,50,1,-1,-1,-1
309,3,497,854,50,50,1,-1,-1,-1
309,4,492,1422,50,50,1,-1,-1,-1
309,5,406,940,50,50,1,-1,-1,-1
309,6,344,1679,50,50,1,-1,-1,-1
309,7,647,1382,50,50,1,-1,-1,-1
309,8,422,1248,50,50,1,-1,-1,-1
310,1,576,1513,50,50,1,-1,-1,-1
310,2,489,1089,50,50,1,-1,-1,-1
310,3,504,873,50,50,1,-1,-1,-1
310,4,492,1420,50,50,1,-1,-1,-1
310,5,413,913,50,50,1,-1,-1,-1
310,6,333,1617,50,50,1,-1,-1,-1
310,7,660,1452,50,50,1,-1,-1,-1
310,8,418,1286,50,50,1,-1,-1,-1
311,1,569,1459,50,50,1,-1,-1,-1
311,2,486,1082,50,50,1,-1,-1,-1
311,3,512,895,50,50,1,-1,-1,-1
311,4,493,1418,50,50,1,-1,-1,-1
311,5,421,887,50,50,1,-1,-1,-1
311,6,332,1540,50,50,1,-1,-1,-1
311,7,671,1527,50,50,1,-1,-1,-1
311,8,409,1333,50,50,1,-1,-1,-1
312,1,561,1405,50,50,1,-1,-1,-1
312,2,482,1080,50,50,1,-1,-1,-1
312,3,520,920,50,50,1,-1,-1,-1
312,4,490,1418,50,50,1,-1,-1,-1
312,5,428,864,50,50,1,-1,-1,-1
312,6,339,1454,50,50,1,-1,-1,-1
312,7,685,1604,50,50,1,-1,-1,-1
312,8,407,1378,50,50,1,-1,-1,-1
313,1,555,1358,50,50,1,-1,-1,-1
313,2,479,1081,50,50,1,-1,-1,-1
313,3,529,951,50,50,1,-1,-1,-1
313,4,490,1418,50,50,1,-1,-1,-1
313,5,435,846,50,50,1,-1,-1,-1
313,6,344,1386,50,50,1,-1,-1,-1
313,7,691,1663,50,50,1,-1,-1,-1
313,8,402,1429,50,50,1,-1,-1,-1
314,1,548,1314,50,50,1,-1,-1,-1
314,2,475,1087,50,50,1,-1,-1,-1
314,3,538,985,50,50,1,-1,-1,-1
314,4,489,1419,50,50,1,-1,-1,-1
314,5,443,831,50,50,1,-1,-1,-1
314,6,352,1309,50,50,1,-1,-1,-1
314,7,687,1696,50,50,1,-1,-1,-1
314,8,399,1485,50,50,1,-1,-1,-1
315,1,541,1273,50,50,1,-1,-1,-1
315,2,472,1096,50,50,1,-1,-1,-1
315,3,546,1023,50,50,1,-1,-1,-1
315,4,491,1418,50,50,1,-1,-1,-1
315,5,450,821,50,50,1,-1,-1,-1
315,6,359,1247,50,50,1,-1,-1,-1
315,7,676,1727,50,50,1,-1,-1,-1
315,8,394,1547,50,50,1,-1,-1,-1
316,1,534,1238,50,50,1,-1,-1,-1
316,2,468,1109,50,50,1,-1,-1,-1
316,3,555,1065,50,50,1,-1,-1,-1
316,4,490,1420,50,50,1,-1,-1,-1
316,5,458,814,50,50,1,-1,-1,-1
316,6,364,1185,50,50,1,-1,-1,-1
316,7,660,1755,50,50,1,-1,-1,-1
316,8,389,1605,50,50,1,-1,-1,-1
317,1,528,1206,50,50,1,-1,-1,-1
317,2,465,1126,50,50,1,-1,-1,-1
317,3,564,1112,50,50,1,-1,-1,-1
317,4,489,1421,50,50,1,-1,-1,-1
317,5,465,812,50,50,1,-1,-1,-1
317,6,371,1128,50,50,1,-1,-1,-1
317,7,644,1769,50,50,1,-1,-1,-1
317,8,389,1644,50,50,1,-1,-1,-1
318,1,522,1179,50,50,1,-1,-1,-1
318,2,462,1148,50,50,1,-1,-1,-1
318,3,573,1163,50,50,1,-1,-1,-1
318,4,489,1421,50,50,1,-1,-1,-1
318,5,473,813,50,50,1,-1,-1,-1
318,6,377,1075,50,50,1,-1,-1,-1
318,7,628,1772,50,50,1,-1,-1,-1
318,8,385,1687,50,50,1,-1,-1,-1
319,1,515,1156,50,50,1,-1,-1,-1
319,2,460,1173,50,50,1,-1,-1,-1
319,3,582,1214,50,50,1,-1,-1,-1
319,4,489,1421,50,50,1,-1,-1,-1
319,5,481,817,50,50,1,-1,-1,-1
319,6,384,1026,50,50,1,-1,-1,-1
319,7,616,1755,50,50,1,-1,-1,-1
319,8,379,1722,50,50,1,-1,-1,-1
320,1,509,1137,50,50,1,-1,-1,-1
320,2,457,1201,50,50,1,-1,-1,-1
320,3,592,1276,50,50,1,-1,-1,-1
320,4,489,1421,50,50,1,-1,-1,-1
320,5,488,826,50,50,1,-1,-1,-1
320,6,390,981,50,50,1,-1,-1,-1
320,7,608,1715,50,50,1,-1,-1,-1
320,8,369,1726,50,50,1,-1,-1,-1
321,1,503,1121,50,50,1,-1,-1,-1
321,2,449,1238,50,50,1,-1,-1,-1
321,3,602,1340,50,50,1,-1,-1,-1
321,4,491,1420,50,50,1,-1,-1,-1
321,5,497,838,50,50,1,-1,-1,-1
321,6,397,941,50,50,1,-1,-1,-1
321,7,595,1651,50,50,1,-1,-1,-1
321,8,353,1696,50,50,1,-1,-1,-1
322,1,497,1110,50,50,1,-1,-1,-1
322,2,452,1273,50,50,1,-1,-1,-1
322,3,611,1408,50,50,1,-1,-1,-1
322,4,491,1419,50,50,1,-1,-1,-1
322,5,504,854,50,50,1,-1,-1,-1
322,6,405,903,50,50,1,-1,-1,-1
322,7,590,1589,50,50,1,-1,-1,-1
322,8,340,1640,50,50,1,-1,-1,-1
323,1,491,1103,50,50,1,-1,-1,-1
323,2,447,1314,50,50,1,-1,-1,-1
323,3,621,1480,50,50,1,-1,-1,-1
323,4,488,1418,50,50,1,-1,-1,-1
323,5,512,874,50,50,1,-1,-1,-1
323,6,411,870,50,50,1,-1,-1,-1
323,7,582,1527,50,50,1,-1,-1,-1
323,8,337,1572,50,50,1,-1,-1,-1
324,1,486,1100,50,50,1,-1,-1,-1
324,2,446,1364,50,50,1,-1,-1,-1
324,3,633,1562,50,50,1,-1,-1,-1
324,4,488,1416,50,50,1,-1,-1,-1
324,5,520,898,50,50,1,-1,-1,-1
324,6,418,842,50,50,1,-1,-1,-1
324,7,574,1471,50,50,1,-1,-1,-1
324,8,339,1478,50,50,1,-1,-1,-1
325,1,480,1100,50,50,1,-1,-1,-1
325,2,443,1416,50,50,1,-1,-1,-1
325,3,642,1599,50,50,1,-1,-1,-1
325,4,487,1417,50,50,1,-1,-1,-1
325,5,529,926,50,50,1,-1,-1,-1
325,6,425,816,50,50,1,-1,-1,-1
325,7,567,1418,50,50,1,-1,-1,-1
325,8,344,1400,50,50,1,-1,-1,-1
326,1,474,1104,50,50,1,-1,-1,-1
326,2,440,1471,50,50,1,-1,-1,-1
326,3,635,1599,50,50,1,-1,-1,-1
326,4,485,1417,50,50,1,-1,-1,-1
326,5,537,957,50,50,1,-1,-1,-1
326,6,432,795,50,50,1,-1,-1,-1
326,7,559,1372,50,50,1,-1,-1,-1
326,8,348,1339,50,50,1,-1,-1,-1
327,1,469,1112,50,50,1,-1,-1,-1
327,2,436,1537,50,50,1,-1,-1,-1
327,3,428,1625,50,50,1,-1,-1,-1
327,4,487,1416,50,50,1,-1,-1,-1
327,5,546,993,50,50,1,-1,-1,-1
327,6,439,778,50,50,1,-1,-1,-1
327,7,553,1327,50,50,1,-1,-1,-1
327,8,437,1669,50,50,1,-1,-1,-1
328,1,463,1125,50,50,1,-1,-1,-1
328,2,439,1590,50,50,1,-1,-1,-1
328,3,384,1605,50,50,1,-1,-1,-1
328,4,484,1418,50,50,1,-1,-1,-1
328,5,554,1032,50,50,1,-1,-1,-1
328,6,446,764,50,50,1,-1,-1,-1
328,7,545,1289,50,50,1,-1,-1,-1
328,8,432,1644,50,50,1,-1,-1,-1
329,1,458,1142,50,50,1,-1,-1,-1
329,2,436,1614,50,50,1,-1,-1,-1
329,3,384,1613,50,50,1,-1,-1,-1
329,4,483,1419,50,50,1,-1,-1,-1
329,5,563,1077,50,50,1,-1,-1,-1
329,6,453,755,50,50,1,-1,-1,-1
329,7,539,1253,50,50,1,-1,-1,-1
329,8,433,1663,50,50,1,-1,-1,-1
330,1,453,1162,50,50,1,-1,-1,-1
330,2,436,1626,50,50,1,-1,-1,-1
330,3,383,1618,50,50,1,-1,-1,-1
330,4,485,1418,50,50,1,-1,-1,-1
330,5,572,1124,50,50,1,-1,-1,-1
330,6,460,750,50,50,1,-1,-1,-1
330,7,531,1222,50,50,1,-1,-1,-1
330,8,434,1671,50,50,1,-1,-1,-1
331,1,448,1187,50,50,1,-1,-1,-1
331,2,373,1029,50,50,1,-1,-1,-1
331,3,379,1620,50,50,1,-1,-1,-1
331,4,483,1418,50,50,1,-1,-1,-1
331,5,582,1176,50,50,1,-1,-1,-1
331,6,468,749,50,50,1,-1,-1,-1
331,7,524,1196,50,50,1,-1,-1,-1
331,8,433,1673,50,50,1,-1,-1,-1
332,1,442,1215,50,50,1,-1,-1,-1
332,2,378,981,50,50,1,-1,-1,-1
332,3,372,1618,50,50,1,-1,-1,-1
332,4,481,1418,50,50,1,-1,-1,-1
332,5,591,1231,50,50,1,-1,-1,-1
332,6,475,751,50,50,1,-1,-1,-1
332,7,518,1173,50,50,1,-1,-1,-1
332,8,423,1704,50,50,1,-1,-1,-1
333,1,437,1249,50,50,1,-1,-1,-1
333,2,382,939,50,50,1,-1,-1,-1
333,3,365,1616,50,50,1,-1,-1,-1
333,4,478,1418,50,50,1,-1,-1,-1
333,5,600,1291,50,50,1,-1,-1,-1
333,6,482,757,50,50,1,-1,-1,-1
333,7,511,1154,50,50,1,-1,-1,-1
333,8,418,1677,50,50,1,-1,-1,-1
334,1,426,1290,50,50,1,-1,-1,-1
334,2,388,900,50,50,1,-1,-1,-1
334,3,358,1612,50,50,1,-1,-1,-1
334,4,475,1418,50,50,1,-1,-1,-1
334,5,610,1356,50,50,1,-1,-1,-1
334,6,490,767,50,50,1,-1,-1,-1
334,7,504,1139,50,50,1,-1,-1,-1
334,8,418,1702,50,50,1,-1,-1,-1
335,1,426,1330,50,50,1,-1,-1,-1
335,2,395,869,50,50,1,-1,-1,-1
335,3,352,1611,50,50,1,-1,-1,-1
335,4,469,1421,50,50,1,-1,-1,-1
335,5,620,1424,50,50,1,-1,-1,-1
335,6,498,781,50,50,1,-1,-1,-1
335,7,499,1128,50,50,1,-1,-1,-1
335,8,409,1699,50,50,1,-1,-1,-1
336,1,416,1377,50,50,1,-1,-1,-1
336,2,398,836,50,50,1,-1,-1,-1
336,3,347,1609,50,50,1,-1,-1,-1
336,4,465,1421,50,50,1,-1,-1,-1
336,5,630,1498,50,50,1,-1,-1,-1
336,6,505,798,50,50,1,-1,-1,-1
336,7,492,1123,50,50,1,-1,-1,-1
336,8,413,1699,50,50,1,-1,-1,-1
337,1,418,1421,50,50,1,-1,-1,-1
337,2,404,807,50,50,1,-1,-1,-1
337,3,345,1609,50,50,1,-1,-1,-1
337,4,463,1421,50,50,1,-1,-1,-1
337,5,636,1555,50,50,1,-1,-1,-1
337,6,513,820,50,50,1,-1,-1,-1
337,7,486,1120,50,50,1,-1,-1,-1
337,8,417,1699,50,50,1,-1,-1,-1
338,1,416,1473,50,50,1,-1,-1,-1
338,2,409,784,50,50,1,-1,-1,-1
338,3,397,1596,50,50,1,-1,-1,-1
338,4,462,1420,50,50,1,-1,-1,-1
338,5,633,1559,50,50,1,-1,-1,-1
338,6,521,847,50,50,1,-1,-1,-1
338,7,480,1121,50,50,1,-1,-1,-1
338,8,412,1700,50,50,1,-1,-1,-1
339,1,409,1535,50,50,1,-1,-1,-1
339,2,414,765,50,50,1,-1,-1,-1
339,3,393,1594,50,50,1,-1,-1,-1
339,4,459,1420,50,50,1,-1,-1,-1
339,5,624,1561,50,50,1,-1,-1,-1
339,6,529,876,50,50,1,-1,-1,-1
339,7,474,1127,50,50,1,-1,-1,-1
339,8,407,1701,50,50,1,-1,-1,-1
340,1,399,1579,50,50,1,-1,-1,-1
340,2,419,749,50,50,1,-1,-1,-1
340,3,404,1643,50,50,1,-1,-1,-1
340,4,457,1420,50,50,1,-1,-1,-1
340,5,613,1559,50,50,1,-1,-1,-1
340,6,538,911,50,50,1,-1,-1,-1
340,7,468,1136,50,50,1,-1,-1,-1
340,8,423,1688,50,50,1,-1,-1,-1
341,1,405,1648,50,50,1,-1,-1,-1
341,2,424,738,50,50,1,-1,-1,-1
341,3,422,1690,50,50,1,-1,-1,-1
341,4,457,1420,50,50,1,-1,-1,-1
341,5,606,1555,50,50,1,-1,-1,-1
341,6,546,950,50,50,1,-1,-1,-1
341,7,462,1148,50,50,1,-1,-1,-1
341,8,402,1583,50,50,1,-1,-1,-1
342,1,402,1649,50,50,1,-1,-1,-1
342,2,430,730,50,50,1,-1,-1,-1
342,4,457,1420,50,50,1,-1,-1,-1
342,5,588,1562,50,50,1,-1,-1,-1
342,6,555,992,50,50,1,-1,-1,-1
342,7,457,1166,50,50,1,-1,-1,-1
342,8,402,1584,50,50,1,-1,-1,-1
343,1,402,1651,50,50,1,-1,-1,-1
343,2,435,727,50,50,1,-1,-1,-1
343,4,457,1420,50,50,1,-1,-1,-1
343,5,594,1546,50,50,1,-1,-1,-1
343,6,563,1040,50,50,1,-1,-1,-1
343,7,451,1188,50,50,1,-1,-1,-1
343,8,403,1583,50,50,1,-1,-1,-1
344,1,402,1652,50,50,1,-1,-1,-1
344,2,440,727,50,50,1,-1,-1,-1
344,3,411,1703,50,50,1,-1,-1,-1
344,4,456,1421,50,50,1,-1,-1,-1
344,5,591,1543,50,50,1,-1,-1,-1
344,6,572,1091,50,50,1,-1,-1,-1
344,7,444,1212,50,50,1,-1,-1,-1
344,8,403,1583,50,50,1,-1,-1,-1
345,1,403,1652,50,50,1,-1,-1,-1
345,2,446,732,50,50,1,-1,-1,-1
345,3,404,1708,50,50,1,-1,-1,-1
345,4,458,1422,50,50,1,-1,-1,-1
345,5,594,1540,50,50,1,-1,-1,-1
345,6,582,1147,50,50,1,-1,-1,-1
345,7,438,1244,50,50,1,-1,-1,-1
345,8,403,1581,50,50,1,-1,-1,-1
346,1,403,1653,50,50,1,-1,-1,-1
346,2,452,740,50,50,1,-1,-1,-1
346,3,405,1709,50,50,1,-1,-1,-1
346,4,464,1419,50,50,1,-1,-1,-1
346,5,597,1548,50,50,1,-1,-1,-1
346,6,591,1207,50,50,1,-1,-1,-1
346,7,431,1278,50,50,1,-1,-1,-1
346,8,401,1581,50,50,1,-1,-1,-1
347,1,401,1654,50,50,1,-1,-1,-1
347,2,458,753,50,50,1,-1,-1,-1
347,4,461,1422,50,50,1,-1,-1,-1
347,5,606,1548,50,50,1,-1,-1,-1
347,6,600,1272,50,50,1,-1,-1,-1
347,7,427,1318,50,50,1,-1,-1,-1
347,8,395,1583,50,50,1,-1,-1,-1
348,1,401,1650,50,50,1,-1,-1,-1
348,2,463,770,50,50,1,-1,-1,-1
348,4,463,1422,50,50,1,-1,-1,-1
348,5,618,1551,50,50,1,-1,-1,-1
348,6,610,1342,50,50,1,-1,-1,-1
348,7,422,1362,50,50,1,-1,-1,-1
348,8,390,1585,50,50,1,-1,-1,-1
349,1,410,1640,50,50,1,-1,-1,-1
349,2,470,792,50,50,1,-1,-1,-1
349,3,361,1629,50,50,1,-1,-1,-1
349,4,466,1420,50,50,1,-1,-1,-1
349,5,639,1554,50,50,1,-1,-1,-1
349,6,620,1415,50,50,1,-1,-1,-1
349,7,417,1409,50,50,1,-1,-1,-1
349,8,380,1591,50,50,1,-1,-1,-1
350,1,409,1640,50,50,1,-1,-1,-1
350,2,475,816,50,50,1,-1,-1,-1
350,4,469,1418,50,50,1,-1,-1,-1
350,5,646,1562,50,50,1,-1,-1,-1
350,6,630,1493,50,50,1,-1,-1,-1
350,7,415,1460,50,50,1,-1,-1,-1
350,8,375,1601,50,50,1,-1,-1,-1
351,1,409,1639,50,50,1,-1,-1,-1
351,2,481,844,50,50,1,-1,-1,-1
351,4,471,1417,50,50,1,-1,-1,-1
351,6,639,1569,50,50,1,-1,-1,-1
351,7,409,1512,50,50,1,-1,-1,-1
351,8,369,1608,50,50,1,-1,-1,-1
352,1,414,1637,50,50,1,-1,-1,-1
352,2,488,878,50,50,1,-1,-1,-1
352,4,475,1415,50,50,1,-1,-1,-1
352,5,636,1578,50,50,1,-1,-1,-1
352,6,891,1075,50,50,1,-1,-1,-1
352,7,402,1581,50,50,1,-1,-1,-1
352,8,368,1614,50,50,1,-1,-1,-1
353,1,891,1075,50,50,1,-1,-1,-1
353,2,494,916,50,50,1,-1,-1,-1
353,4,477,1414,50,50,1,-1,-1,-1
353,5,629,1580,50,50,1,-1,-1,-1
353,7,420,1677,50,50,1,-1,-1,-1
353,8,397,1616,50,50,1,-1,-1,-1
354,2,501,955,50,50,1,-1,-1,-1
354,4,479,1413,50,50,1,-1,-1,-1
354,5,621,1581,50,50,1,-1,-1,-1
354,8,396,1621,50,50,1,-1,-1,-1
355,2,508,1001,50,50,1,-1,-1,-1
355,4,482,1413,50,50,1,-1,-1,-1
355,5,621,1581,50,50,1,-1,-1,-1
355,7,424,1655,50,50,1,-1,-1,-1
355,8,404,1621,50,50,1,-1,-1,-1
356,2,515,1051,50,50,1,-1,-1,-1
356,4,483,1413,50,50,1,-1,-1,-1
356,5,615,1582,50,50,1,-1,-1,-1
356,7,429,1667,50,50,1,-1,-1,-1
356,8,412,1624,50,50,1,-1,-1,-1
357,2,521,1105,50,50,1,-1,-1,-1
357,3,893,1075,50,50,1,-1,-1,-1
357,4,484,1413,50,50,1,-1,-1,-1
357,5,609,1588,50,50,1,-1,-1,-1
357,7,437,1671,50,50,1,-1,-1,-1
357,8,421,1628,50,50,1,-1,-1,-1
358,2,529,1164,50,50,1,-1,-1,-1
358,3,893,1075,50,50,1,-1,-1,-1
358,4,487,1412,50,50,1,-1,-1,-1
358,5,606,1596,50,50,1,-1,-1,-1
358,8,427,1633,50,50,1,-1,-1,-1
359,2,537,1229,50,50,1,-1,-1,-1
359,3,893,1075,50,50,1,-1,-1,-1
359,4,493,1409,50,50,1,-1,-1,-1
359,5,604,1607,50,50,1,-1,-1,-1
359,8,442,1647,50,50,1,-1,-1,-1
360,2,544,1296,50,50,1,-1,-1,-1
360,4,494,1408,50,50,1,-1,-1,-1
360,5,606,1620,50,50,1,-1,-1,-1
360,8,447,1654,50,50,1,-1,-1,-1
361,2,551,1368,50,50,1,-1,-1,-1
361,4,388,1622,50,50,1,-1,-1,-1
361,5,612,1640,50,50,1,-1,-1,-1
361,8,454,1663,50,50,1,-1,-1,-1
362,2,560,1445,50,50,1,-1,-1,-1
362,4,387,1621,50,50,1,-1,-1,-1
362,5,613,1656,50,50,1,-1,-1,-1
362,8,457,1668,50,50,1,-1,-1,-1
363,2,572,1511,50,50,1,-1,-1,-1
363,5,611,1671,50,50,1,-1,-1,-1
363,8,456,1674,50,50,1,-1,-1,-1
364,2,581,1623,50,50,1,-1,-1,-1
364,4,443,1723,50,50,1,-1,-1,-1
364,5,611,1681,50,50,1,-1,-1,-1
364,8,466,1682,50,50,1,-1,-1,-1
365,2,445,1728,50,50,1,-1,-1,-1
365,3,500,1409,50,50,1,-1,-1,-1
365,4,389,1627,50,50,1,-1,-1,-1
365,5,609,1681,50,50,1,-1,-1,-1
365,8,465,1686,50,50,1,-1,-1,-1
366,5,600,1680,50,50,1,-1,-1,-1
366,8,464,1691,50,50,1,-1,-1,-1
367,3,601,1665,50,50,1,-1,-1,-1
367,5,441,1736,50,50,1,-1,-1,-1
367,8,460,1695,50,50,1,-1,-1,-1
