2,1,577,1688,50,50,1,-1,-1,-1
2,2,445,1477,50,50,1,-1,-1,-1
2,3,541,838,50,50,1,-1,-1,-1
2,4,401,1485,50,50,1,-1,-1,-1
3,1,574,1621,50,50,1,-1,-1,-1
3,2,446,1528,50,50,1,-1,-1,-1
3,3,545,777,50,50,1,-1,-1,-1
3,4,403,1534,50,50,1,-1,-1,-1
4,1,572,1497,50,50,1,-1,-1,-1
4,2,437,1586,50,50,1,-1,-1,-1
4,3,549,722,50,50,1,-1,-1,-1
4,4,599,1614,50,50,1,-1,-1,-1
5,1,560,1368,50,50,1,-1,-1,-1
5,2,437,1643,50,50,1,-1,-1,-1
5,3,554,673,50,50,1,-1,-1,-1
5,4,599,1614,50,50,1,-1,-1,-1
6,1,542,1249,50,50,1,-1,-1,-1
6,2,438,1690,50,50,1,-1,-1,-1
6,3,558,629,50,50,1,-1,-1,-1
6,4,599,1614,50,50,1,-1,-1,-1
7,1,537,1150,50,50,1,-1,-1,-1
7,2,592,1312,50,50,1,-1,-1,-1
7,3,561,591,50,50,1,-1,-1,-1
7,4,599,1614,50,50,1,-1,-1,-1
7,5,444,1700,50,50,1,-1,-1,-1
7,6,567,1358,50,50,1,-1,-1,-1
8,1,533,1063,50,50,1,-1,-1,-1
8,3,565,557,50,50,1,-1,-1,-1
8,4,599,1614,50,50,1,-1,-1,-1
8,5,459,1637,50,50,1,-1,-1,-1
8,6,606,1356,50,50,1,-1,-1,-1
9,1,530,985,50,50,1,-1,-1,-1
9,3,569,529,50,50,1,-1,-1,-1
9,4,599,1615,50,50,1,-1,-1,-1
9,5,477,1512,50,50,1,-1,-1,-1
9,6,618,1432,50,50,1,-1,-1,-1
10,1,527,915,50,50,1,-1,-1,-1
10,3,573,505,50,50,1,-1,-1,-1
10,4,458,1391,50,50,1,-1,-1,-1
10,5,498,1378,50,50,1,-1,-1,-1
10,6,626,1518,50,50,1,-1,-1,-1
11,1,523,852,50,50,1,-1,-1,-1
11,3,577,485,50,50,1,-1,-1,-1
11,4,500,1332,50,50,1,-1,-1,-1
11,5,509,1266,50,50,1,-1,-1,-1
11,6,622,1568,50,50,1,-1,-1,-1
12,1,520,797,50,50,1,-1,-1,-1
12,3,581,469,50,50,1,-1,-1,-1
12,4,489,1333,50,50,1,-1,-1,-1
12,5,519,1165,50,50,1,-1,-1,-1
12,6,616,1543,50,50,1,-1,-1,-1
13,1,517,748,50,50,1,-1,-1,-1
13,3,585,459,50,50,1,-1,-1,-1
13,4,432,1379,50,50,1,-1,-1,-1
13,5,528,1078,50,50,1,-1,-1,-1
13,6,613,1449,50,50,1,-1,-1,-1
13,7,480,1397,50,50,1,-1,-1,-1
14,1,513,705,50,50,1,-1,-1,-1
14,3,589,451,50,50,1,-1,-1,-1
14,4,594,1371,50,50,1,-1,-1,-1
14,5,536,1000,50,50,1,-1,-1,-1
14,6,593,1332,50,50,1,-1,-1,-1
14,7,456,1502,50,50,1,-1,-1,-1
15,1,508,667,50,50,1,-1,-1,-1
15,3,593,447,50,50,1,-1,-1,-1
15,4,597,1311,50,50,1,-1,-1,-1
15,5,544,930,50,50,1,-1,-1,-1
15,6,585,1220,50,50,1,-1,-1,-1
15,7,434,1595,50,50,1,-1,-1,-1
16,1,504,635,50,50,1,-1,-1,-1
16,3,597,448,50,50,1,-1,-1,-1
16,4,602,1311,50,50,1,-1,-1,-1
16,5,552,868,50,50,1,-1,-1,-1
16,6,580,1124,50,50,1,-1,-1,-1
16,7,438,1632,50,50,1,-1,-1,-1
16,8,586,1360,50,50,1,-1,-1,-1
17,1,499,608,50,50,1,-1,-1,-1
17,3,602,452,50,50,1,-1,-1,-1
17,4,616,1352,50,50,1,-1,-1,-1
17,5,560,814,50,50,1,-1,-1,-1
17,6,574,1037,50,50,1,-1,-1,-1
17,7,457,1583,50,50,1,-1,-1,-1
18,1,495,586,50,50,1,-1,-1,-1
18,3,607,460,50,50,1,-1,-1,-1
18,4,634,1422,50,50,1,-1,-1,-1
18,5,566,765,50,50,1,-1,-1,-1
18,6,570,960,50,50,1,-1,-1,-1
18,7,489,1477,50,50,1,-1,-1,-1
18,8,449,1473,50,50,1,-1,-1,-1
19,1,490,568,50,50,1,-1,-1,-1
19,3,612,473,50,50,1,-1,-1,-1
19,4,643,1511,50,50,1,-1,-1,-1
19,5,573,722,50,50,1,-1,-1,-1
19,6,566,891,50,50,1,-1,-1,-1
19,7,512,1352,50,50,1,-1,-1,-1
19,8,447,1374,50,50,1,-1,-1,-1
20,1,485,555,50,50,1,-1,-1,-1
20,3,617,489,50,50,1,-1,-1,-1
20,4,629,1559,50,50,1,-1,-1,-1
20,5,581,685,50,50,1,-1,-1,-1
20,6,561,829,50,50,1,-1,-1,-1
20,7,520,1244,50,50,1,-1,-1,-1
21,1,481,547,50,50,1,-1,-1,-1
21,3,622,510,50,50,1,-1,-1,-1
21,4,623,1541,50,50,1,-1,-1,-1
21,5,588,652,50,50,1,-1,-1,-1
21,6,556,774,50,50,1,-1,-1,-1
21,7,525,1147,50,50,1,-1,-1,-1
22,1,476,542,50,50,1,-1,-1,-1
22,3,627,534,50,50,1,-1,-1,-1
22,4,626,1453,50,50,1,-1,-1,-1
22,5,595,625,50,50,1,-1,-1,-1
22,6,551,725,50,50,1,-1,-1,-1
22,7,531,1060,50,50,1,-1,-1,-1
22,8,442,1393,50,50,1,-1,-1,-1
23,1,472,542,50,50,1,-1,-1,-1
23,3,633,563,50,50,1,-1,-1,-1
23,4,613,1337,50,50,1,-1,-1,-1
23,5,603,602,50,50,1,-1,-1,-1
23,6,546,682,50,50,1,-1,-1,-1
23,7,536,983,50,50,1,-1,-1,-1
23,8,422,1524,50,50,1,-1,-1,-1
24,1,467,546,50,50,1,-1,-1,-1
24,4,606,1228,50,50,1,-1,-1,-1
24,5,610,583,50,50,1,-1,-1,-1
24,6,542,644,50,50,1,-1,-1,-1
24,7,543,913,50,50,1,-1,-1,-1
24,8,417,1626,50,50,1,-1,-1,-1
25,1,463,554,50,50,1,-1,-1,-1
25,3,645,636,50,50,1,-1,-1,-1
25,4,602,1131,50,50,1,-1,-1,-1
25,5,617,568,50,50,1,-1,-1,-1
25,6,538,613,50,50,1,-1,-1,-1
25,7,549,851,50,50,1,-1,-1,-1
25,8,430,1646,50,50,1,-1,-1,-1
26,1,458,567,50,50,1,-1,-1,-1
26,3,652,679,50,50,1,-1,-1,-1
26,4,598,1043,50,50,1,-1,-1,-1
26,5,624,559,50,50,1,-1,-1,-1
26,6,534,586,50,50,1,-1,-1,-1
26,7,556,797,50,50,1,-1,-1,-1
26,8,452,1583,50,50,1,-1,-1,-1
27,1,453,586,50,50,1,-1,-1,-1
27,3,660,735,50,50,1,-1,-1,-1
27,4,593,957,50,50,1,-1,-1,-1
27,5,633,553,50,50,1,-1,-1,-1
27,6,530,563,50,50,1,-1,-1,-1
27,7,564,743,50,50,1,-1,-1,-1
27,8,476,1441,50,50,1,-1,-1,-1
28,1,448,608,50,50,1,-1,-1,-1
28,3,667,792,50,50,1,-1,-1,-1
28,4,588,888,50,50,1,-1,-1,-1
28,5,641,552,50,50,1,-1,-1,-1
28,6,526,547,50,50,1,-1,-1,-1
28,7,570,701,50,50,1,-1,-1,-1
28,8,489,1316,50,50,1,-1,-1,-1
28,9,646,1553,50,50,1,-1,-1,-1
29,1,444,635,50,50,1,-1,-1,-1
29,3,674,853,50,50,1,-1,-1,-1
29,4,583,827,50,50,1,-1,-1,-1
29,5,649,555,50,50,1,-1,-1,-1
29,6,523,535,50,50,1,-1,-1,-1
29,7,576,667,50,50,1,-1,-1,-1
29,8,501,1203,50,50,1,-1,-1,-1
29,9,637,1566,50,50,1,-1,-1,-1
30,1,439,667,50,50,1,-1,-1,-1
30,3,683,923,50,50,1,-1,-1,-1
30,4,578,774,50,50,1,-1,-1,-1
30,5,657,562,50,50,1,-1,-1,-1
30,6,519,527,50,50,1,-1,-1,-1
30,7,582,636,50,50,1,-1,-1,-1
30,8,508,1101,50,50,1,-1,-1,-1
30,9,633,1497,50,50,1,-1,-1,-1
31,1,435,703,50,50,1,-1,-1,-1
31,3,692,1001,50,50,1,-1,-1,-1
31,4,573,726,50,50,1,-1,-1,-1
31,5,665,574,50,50,1,-1,-1,-1
31,6,516,523,50,50,1,-1,-1,-1
31,7,588,610,50,50,1,-1,-1,-1
31,8,515,1009,50,50,1,-1,-1,-1
31,9,627,1376,50,50,1,-1,-1,-1
32,1,431,745,50,50,1,-1,-1,-1
32,2,422,1543,50,50,1,-1,-1,-1
32,3,702,1087,50,50,1,-1,-1,-1
32,4,569,685,50,50,1,-1,-1,-1
32,5,673,590,50,50,1,-1,-1,-1
32,6,513,523,50,50,1,-1,-1,-1
32,7,593,590,50,50,1,-1,-1,-1
32,8,523,927,50,50,1,-1,-1,-1
32,9,619,1258,50,50,1,-1,-1,-1
33,1,426,793,50,50,1,-1,-1,-1
33,2,422,1626,50,50,1,-1,-1,-1
33,3,713,1182,50,50,1,-1,-1,-1
33,4,565,649,50,50,1,-1,-1,-1
33,5,682,610,50,50,1,-1,-1,-1
33,6,509,527,50,50,1,-1,-1,-1
33,7,598,573,50,50,1,-1,-1,-1
33,8,531,852,50,50,1,-1,-1,-1
33,9,612,1150,50,50,1,-1,-1,-1
34,1,420,846,50,50,1,-1,-1,-1
34,2,439,1648,50,50,1,-1,-1,-1
34,3,724,1290,50,50,1,-1,-1,-1
34,4,561,618,50,50,1,-1,-1,-1
34,5,691,635,50,50,1,-1,-1,-1
34,6,506,535,50,50,1,-1,-1,-1
34,7,604,562,50,50,1,-1,-1,-1
34,8,540,787,50,50,1,-1,-1,-1
34,9,606,1056,50,50,1,-1,-1,-1
35,1,415,906,50,50,1,-1,-1,-1
35,2,462,1584,50,50,1,-1,-1,-1
35,3,730,1402,50,50,1,-1,-1,-1
35,4,558,592,50,50,1,-1,-1,-1
35,5,700,665,50,50,1,-1,-1,-1
35,6,502,548,50,50,1,-1,-1,-1
35,7,610,554,50,50,1,-1,-1,-1
35,8,548,728,50,50,1,-1,-1,-1
35,9,602,970,50,50,1,-1,-1,-1
36,1,409,973,50,50,1,-1,-1,-1
36,2,482,1458,50,50,1,-1,-1,-1
36,3,746,1478,50,50,1,-1,-1,-1
36,4,555,572,50,50,1,-1,-1,-1
36,5,710,699,50,50,1,-1,-1,-1
36,6,498,564,50,50,1,-1,-1,-1
36,7,616,550,50,50,1,-1,-1,-1
36,8,556,676,50,50,1,-1,-1,-1
36,9,599,892,50,50,1,-1,-1,-1
37,1,403,1048,50,50,1,-1,-1,-1
37,2,488,1332,50,50,1,-1,-1,-1
37,3,726,1534,50,50,1,-1,-1,-1
37,4,552,555,50,50,1,-1,-1,-1
37,5,721,738,50,50,1,-1,-1,-1
37,6,494,585,50,50,1,-1,-1,-1
37,7,623,550,50,50,1,-1,-1,-1
37,8,565,630,50,50,1,-1,-1,-1
37,9,595,821,50,50,1,-1,-1,-1
38,1,395,1133,50,50,1,-1,-1,-1
38,2,498,1214,50,50,1,-1,-1,-1
38,3,696,1579,50,50,1,-1,-1,-1
38,4,548,543,50,50,1,-1,-1,-1
38,5,731,783,50,50,1,-1,-1,-1
38,6,490,611,50,50,1,-1,-1,-1
38,7,630,555,50,50,1,-1,-1,-1
38,8,573,590,50,50,1,-1,-1,-1
38,9,592,757,50,50,1,-1,-1,-1
39,1,388,1226,50,50,1,-1,-1,-1
39,2,507,1111,50,50,1,-1,-1,-1
39,3,680,1576,50,50,1,-1,-1,-1
39,4,545,535,50,50,1,-1,-1,-1
39,5,743,834,50,50,1,-1,-1,-1
39,6,487,641,50,50,1,-1,-1,-1
39,7,636,563,50,50,1,-1,-1,-1
39,8,580,555,50,50,1,-1,-1,-1
39,9,588,701,50,50,1,-1,-1,-1
40,1,381,1332,50,50,1,-1,-1,-1
40,2,515,1018,50,50,1,-1,-1,-1
40,3,671,1510,50,50,1,-1,-1,-1
40,4,542,532,50,50,1,-1,-1,-1
40,5,755,891,50,50,1,-1,-1,-1
40,6,483,677,50,50,1,-1,-1,-1
40,7,643,576,50,50,1,-1,-1,-1
40,8,587,524,50,50,1,-1,-1,-1
40,9,585,650,50,50,1,-1,-1,-1
41,1,357,1405,50,50,1,-1,-1,-1
41,2,521,936,50,50,1,-1,-1,-1
41,3,661,1391,50,50,1,-1,-1,-1
41,4,538,532,50,50,1,-1,-1,-1
41,5,768,955,50,50,1,-1,-1,-1
41,6,480,718,50,50,1,-1,-1,-1
41,7,650,593,50,50,1,-1,-1,-1
41,8,595,499,50,50,1,-1,-1,-1
41,9,582,606,50,50,1,-1,-1,-1
42,2,527,863,50,50,1,-1,-1,-1
42,3,648,1273,50,50,1,-1,-1,-1
42,4,534,536,50,50,1,-1,-1,-1
42,5,781,1026,50,50,1,-1,-1,-1
42,6,475,763,50,50,1,-1,-1,-1
42,7,656,614,50,50,1,-1,-1,-1
42,8,601,478,50,50,1,-1,-1,-1
42,9,578,567,50,50,1,-1,-1,-1
43,1,405,1543,50,50,1,-1,-1,-1
43,2,533,798,50,50,1,-1,-1,-1
43,3,637,1160,50,50,1,-1,-1,-1
43,4,531,545,50,50,1,-1,-1,-1
43,5,797,1107,50,50,1,-1,-1,-1
43,6,472,815,50,50,1,-1,-1,-1
43,7,664,639,50,50,1,-1,-1,-1
43,8,608,461,50,50,1,-1,-1,-1
43,9,575,533,50,50,1,-1,-1,-1
44,1,428,1618,50,50,1,-1,-1,-1
44,2,538,741,50,50,1,-1,-1,-1
44,3,627,1062,50,50,1,-1,-1,-1
44,4,528,558,50,50,1,-1,-1,-1
44,5,813,1196,50,50,1,-1,-1,-1
44,6,467,872,50,50,1,-1,-1,-1
44,7,671,669,50,50,1,-1,-1,-1
44,8,615,449,50,50,1,-1,-1,-1
44,9,571,504,50,50,1,-1,-1,-1
45,1,459,1630,50,50,1,-1,-1,-1
45,2,542,690,50,50,1,-1,-1,-1
45,3,620,975,50,50,1,-1,-1,-1
45,4,525,575,50,50,1,-1,-1,-1
45,5,830,1296,50,50,1,-1,-1,-1
45,6,463,936,50,50,1,-1,-1,-1
45,7,678,704,50,50,1,-1,-1,-1
45,8,623,440,50,50,1,-1,-1,-1
45,9,569,481,50,50,1,-1,-1,-1
46,1,486,1559,50,50,1,-1,-1,-1
46,2,547,645,50,50,1,-1,-1,-1
46,3,613,896,50,50,1,-1,-1,-1
46,4,522,597,50,50,1,-1,-1,-1
46,5,856,1406,50,50,1,-1,-1,-1
46,6,458,1008,50,50,1,-1,-1,-1
46,7,687,744,50,50,1,-1,-1,-1
46,8,630,435,50,50,1,-1,-1,-1
46,9,566,462,50,50,1,-1,-1,-1
47,1,505,1437,50,50,1,-1,-1,-1
47,3,606,825,50,50,1,-1,-1,-1
47,4,519,623,50,50,1,-1,-1,-1
47,5,832,1475,50,50,1,-1,-1,-1
47,6,453,1087,50,50,1,-1,-1,-1
47,7,696,789,50,50,1,-1,-1,-1
47,8,638,435,50,50,1,-1,-1,-1
47,9,564,447,50,50,1,-1,-1,-1
48,1,513,1320,50,50,1,-1,-1,-1
48,2,556,572,50,50,1,-1,-1,-1
48,3,599,761,50,50,1,-1,-1,-1
48,4,517,654,50,50,1,-1,-1,-1
48,5,808,1540,50,50,1,-1,-1,-1
48,6,448,1175,50,50,1,-1,-1,-1
48,7,704,839,50,50,1,-1,-1,-1
48,8,646,438,50,50,1,-1,-1,-1
48,9,561,437,50,50,1,-1,-1,-1
49,1,523,1212,50,50,1,-1,-1,-1
49,2,561,543,50,50,1,-1,-1,-1
49,3,593,704,50,50,1,-1,-1,-1
49,4,515,690,50,50,1,-1,-1,-1
49,5,759,1586,50,50,1,-1,-1,-1
49,6,442,1277,50,50,1,-1,-1,-1
49,7,713,896,50,50,1,-1,-1,-1
49,8,655,445,50,50,1,-1,-1,-1
49,9,559,430,50,50,1,-1,-1,-1
50,1,531,1117,50,50,1,-1,-1,-1
50,2,565,518,50,50,1,-1,-1,-1
50,3,586,653,50,50,1,-1,-1,-1
50,4,512,731,50,50,1,-1,-1,-1
50,5,726,1563,50,50,1,-1,-1,-1
50,6,438,1381,50,50,1,-1,-1,-1
50,7,723,959,50,50,1,-1,-1,-1
50,8,663,457,50,50,1,-1,-1,-1
50,9,557,427,50,50,1,-1,-1,-1
51,1,537,1031,50,50,1,-1,-1,-1
51,2,570,498,50,50,1,-1,-1,-1
51,3,579,609,50,50,1,-1,-1,-1
51,4,508,776,50,50,1,-1,-1,-1
51,5,713,1461,50,50,1,-1,-1,-1
51,6,423,1451,50,50,1,-1,-1,-1
51,7,734,1028,50,50,1,-1,-1,-1
51,8,672,472,50,50,1,-1,-1,-1
51,9,555,428,50,50,1,-1,-1,-1
52,1,541,955,50,50,1,-1,-1,-1
52,2,574,483,50,50,1,-1,-1,-1
52,3,573,570,50,50,1,-1,-1,-1
52,4,505,828,50,50,1,-1,-1,-1
52,5,699,1337,50,50,1,-1,-1,-1
52,7,746,1106,50,50,1,-1,-1,-1
52,8,681,491,50,50,1,-1,-1,-1
52,9,553,434,50,50,1,-1,-1,-1
53,1,545,888,50,50,1,-1,-1,-1
53,2,579,472,50,50,1,-1,-1,-1
53,3,567,537,50,50,1,-1,-1,-1
53,4,500,886,50,50,1,-1,-1,-1
53,5,687,1222,50,50,1,-1,-1,-1
53,6,452,1579,50,50,1,-1,-1,-1
53,7,757,1192,50,50,1,-1,-1,-1
53,8,690,516,50,50,1,-1,-1,-1
53,9,550,443,50,50,1,-1,-1,-1
54,1,550,828,50,50,1,-1,-1,-1
54,3,561,508,50,50,1,-1,-1,-1
54,4,497,951,50,50,1,-1,-1,-1
54,5,677,1121,50,50,1,-1,-1,-1
54,6,466,1654,50,50,1,-1,-1,-1
54,7,772,1289,50,50,1,-1,-1,-1
54,8,699,544,50,50,1,-1,-1,-1
54,9,548,456,50,50,1,-1,-1,-1
55,1,554,774,50,50,1,-1,-1,-1
55,2,589,461,50,50,1,-1,-1,-1
55,3,550,479,50,50,1,-1,-1,-1
55,4,493,1023,50,50,1,-1,-1,-1
55,5,670,1031,50,50,1,-1,-1,-1
55,6,489,1678,50,50,1,-1,-1,-1
55,7,787,1396,50,50,1,-1,-1,-1
55,8,709,578,50,50,1,-1,-1,-1
56,1,559,727,50,50,1,-1,-1,-1
56,2,594,461,50,50,1,-1,-1,-1
56,4,489,1103,50,50,1,-1,-1,-1
56,5,662,949,50,50,1,-1,-1,-1
56,6,515,1598,50,50,1,-1,-1,-1
56,7,802,1476,50,50,1,-1,-1,-1
56,8,720,616,50,50,1,-1,-1,-1
56,9,543,497,50,50,1,-1,-1,-1
57,1,563,686,50,50,1,-1,-1,-1
57,2,600,465,50,50,1,-1,-1,-1
57,3,545,450,50,50,1,-1,-1,-1
57,4,485,1193,50,50,1,-1,-1,-1
57,5,654,876,50,50,1,-1,-1,-1
57,6,527,1462,50,50,1,-1,-1,-1
57,7,798,1532,50,50,1,-1,-1,-1
57,8,730,659,50,50,1,-1,-1,-1
57,9,541,524,50,50,1,-1,-1,-1
58,1,568,650,50,50,1,-1,-1,-1
58,2,605,474,50,50,1,-1,-1,-1
58,3,540,440,50,50,1,-1,-1,-1
58,4,480,1294,50,50,1,-1,-1,-1
58,5,647,810,50,50,1,-1,-1,-1
58,6,534,1336,50,50,1,-1,-1,-1
58,7,782,1596,50,50,1,-1,-1,-1
58,8,741,709,50,50,1,-1,-1,-1
58,9,539,556,50,50,1,-1,-1,-1
59,1,574,620,50,50,1,-1,-1,-1
59,2,611,486,50,50,1,-1,-1,-1
59,3,535,433,50,50,1,-1,-1,-1
59,4,476,1404,50,50,1,-1,-1,-1
59,5,640,752,50,50,1,-1,-1,-1
59,6,542,1220,50,50,1,-1,-1,-1
59,7,761,1647,50,50,1,-1,-1,-1
59,8,752,764,50,50,1,-1,-1,-1
59,9,537,595,50,50,1,-1,-1,-1
60,1,580,594,50,50,1,-1,-1,-1
60,2,616,501,50,50,1,-1,-1,-1
60,3,530,430,50,50,1,-1,-1,-1
60,4,487,1488,50,50,1,-1,-1,-1
60,5,634,701,50,50,1,-1,-1,-1
60,6,548,1115,50,50,1,-1,-1,-1
60,7,742,1649,50,50,1,-1,-1,-1
60,8,765,825,50,50,1,-1,-1,-1
60,9,535,639,50,50,1,-1,-1,-1
61,1,585,573,50,50,1,-1,-1,-1
61,2,622,521,50,50,1,-1,-1,-1
61,3,526,431,50,50,1,-1,-1,-1
61,4,496,1555,50,50,1,-1,-1,-1
61,5,627,655,50,50,1,-1,-1,-1
61,6,554,1023,50,50,1,-1,-1,-1
61,7,735,1573,50,50,1,-1,-1,-1
61,8,778,895,50,50,1,-1,-1,-1
61,9,533,690,50,50,1,-1,-1,-1
62,1,590,556,50,50,1,-1,-1,-1
62,2,628,544,50,50,1,-1,-1,-1
62,3,521,436,50,50,1,-1,-1,-1
62,4,509,1613,50,50,1,-1,-1,-1
62,5,622,616,50,50,1,-1,-1,-1
62,6,559,941,50,50,1,-1,-1,-1
62,7,723,1439,50,50,1,-1,-1,-1
62,8,792,972,50,50,1,-1,-1,-1
62,9,531,746,50,50,1,-1,-1,-1
63,1,595,544,50,50,1,-1,-1,-1
63,3,516,445,50,50,1,-1,-1,-1
63,4,528,1677,50,50,1,-1,-1,-1
63,5,624,578,50,50,1,-1,-1,-1
63,6,563,867,50,50,1,-1,-1,-1
63,7,711,1312,50,50,1,-1,-1,-1
63,8,807,1057,50,50,1,-1,-1,-1
63,9,528,808,50,50,1,-1,-1,-1
64,1,606,546,50,50,1,-1,-1,-1
64,2,642,604,50,50,1,-1,-1,-1
64,3,511,458,50,50,1,-1,-1,-1
64,4,540,1719,50,50,1,-1,-1,-1
64,6,567,800,50,50,1,-1,-1,-1
64,7,699,1195,50,50,1,-1,-1,-1
64,8,825,1152,50,50,1,-1,-1,-1
64,9,526,880,50,50,1,-1,-1,-1
65,1,606,531,50,50,1,-1,-1,-1
65,2,647,641,50,50,1,-1,-1,-1
65,3,506,475,50,50,1,-1,-1,-1
65,4,559,1656,50,50,1,-1,-1,-1
65,6,572,742,50,50,1,-1,-1,-1
65,7,691,1091,50,50,1,-1,-1,-1
65,8,843,1260,50,50,1,-1,-1,-1
65,9,524,959,50,50,1,-1,-1,-1
66,1,606,521,50,50,1,-1,-1,-1
66,2,654,683,50,50,1,-1,-1,-1
66,3,501,495,50,50,1,-1,-1,-1
66,4,570,1529,50,50,1,-1,-1,-1
66,6,576,690,50,50,1,-1,-1,-1
66,7,684,998,50,50,1,-1,-1,-1
66,8,864,1380,50,50,1,-1,-1,-1
66,9,521,1049,50,50,1,-1,-1,-1
67,1,597,497,50,50,1,-1,-1,-1
67,2,663,729,50,50,1,-1,-1,-1
67,3,496,520,50,50,1,-1,-1,-1
67,4,575,1405,50,50,1,-1,-1,-1
67,5,617,537,50,50,1,-1,-1,-1
67,6,581,644,50,50,1,-1,-1,-1
67,7,676,913,50,50,1,-1,-1,-1
67,8,874,1471,50,50,1,-1,-1,-1
67,9,519,1148,50,50,1,-1,-1,-1
68,1,593,485,50,50,1,-1,-1,-1
68,2,671,780,50,50,1,-1,-1,-1
68,3,491,549,50,50,1,-1,-1,-1
68,4,579,1289,50,50,1,-1,-1,-1
68,5,622,545,50,50,1,-1,-1,-1
68,6,585,602,50,50,1,-1,-1,-1
68,7,671,836,50,50,1,-1,-1,-1
68,8,886,1535,50,50,1,-1,-1,-1
68,9,517,1264,50,50,1,-1,-1,-1
69,1,589,479,50,50,1,-1,-1,-1
69,2,679,838,50,50,1,-1,-1,-1
69,3,485,585,50,50,1,-1,-1,-1
69,4,579,1186,50,50,1,-1,-1,-1
69,6,591,566,50,50,1,-1,-1,-1
69,7,664,769,50,50,1,-1,-1,-1
69,8,840,1594,50,50,1,-1,-1,-1
69,9,513,1390,50,50,1,-1,-1,-1
70,1,585,475,50,50,1,-1,-1,-1
70,2,687,902,50,50,1,-1,-1,-1
70,3,480,623,50,50,1,-1,-1,-1
70,4,580,1094,50,50,1,-1,-1,-1
70,5,633,573,50,50,1,-1,-1,-1
70,6,595,535,50,50,1,-1,-1,-1
70,7,658,707,50,50,1,-1,-1,-1
70,8,816,1641,50,50,1,-1,-1,-1
70,9,511,1538,50,50,1,-1,-1,-1
71,1,581,476,50,50,1,-1,-1,-1
71,2,696,971,50,50,1,-1,-1,-1
71,3,474,668,50,50,1,-1,-1,-1
71,4,581,1012,50,50,1,-1,-1,-1
71,5,638,593,50,50,1,-1,-1,-1
71,7,652,652,50,50,1,-1,-1,-1
71,8,787,1633,50,50,1,-1,-1,-1
71,9,513,1649,50,50,1,-1,-1,-1
72,2,705,1049,50,50,1,-1,-1,-1
72,3,467,720,50,50,1,-1,-1,-1
72,4,583,939,50,50,1,-1,-1,-1
72,6,605,487,50,50,1,-1,-1,-1
72,7,646,609,50,50,1,-1,-1,-1
72,8,772,1538,50,50,1,-1,-1,-1
72,9,518,1675,50,50,1,-1,-1,-1
73,1,572,490,50,50,1,-1,-1,-1
73,2,716,1135,50,50,1,-1,-1,-1
73,3,462,776,50,50,1,-1,-1,-1
73,4,586,874,50,50,1,-1,-1,-1
73,5,651,648,50,50,1,-1,-1,-1
73,6,610,470,50,50,1,-1,-1,-1
73,7,643,559,50,50,1,-1,-1,-1
73,8,750,1411,50,50,1,-1,-1,-1
73,9,504,1699,50,50,1,-1,-1,-1
74,1,568,503,50,50,1,-1,-1,-1
74,2,727,1230,50,50,1,-1,-1,-1
74,3,456,839,50,50,1,-1,-1,-1
74,4,589,816,50,50,1,-1,-1,-1
74,5,657,682,50,50,1,-1,-1,-1
74,6,615,456,50,50,1,-1,-1,-1
74,7,638,520,50,50,1,-1,-1,-1
74,8,731,1293,50,50,1,-1,-1,-1
74,9,498,1726,50,50,1,-1,-1,-1
75,1,564,519,50,50,1,-1,-1,-1
75,2,740,1336,50,50,1,-1,-1,-1
75,3,449,909,50,50,1,-1,-1,-1
75,4,592,765,50,50,1,-1,-1,-1
75,5,663,720,50,50,1,-1,-1,-1
75,6,620,446,50,50,1,-1,-1,-1
75,7,633,488,50,50,1,-1,-1,-1
75,8,715,1189,50,50,1,-1,-1,-1
75,9,519,1737,50,50,1,-1,-1,-1
76,1,561,541,50,50,1,-1,-1,-1
76,2,751,1452,50,50,1,-1,-1,-1
76,3,442,988,50,50,1,-1,-1,-1
76,4,596,719,50,50,1,-1,-1,-1
76,5,671,763,50,50,1,-1,-1,-1
76,7,627,451,50,50,1,-1,-1,-1
76,8,699,1096,50,50,1,-1,-1,-1
76,9,540,1682,50,50,1,-1,-1,-1
77,1,557,567,50,50,1,-1,-1,-1
77,2,741,1533,50,50,1,-1,-1,-1
77,3,435,1076,50,50,1,-1,-1,-1
77,4,600,679,50,50,1,-1,-1,-1
77,5,678,813,50,50,1,-1,-1,-1
77,6,627,437,50,50,1,-1,-1,-1
77,8,684,1013,50,50,1,-1,-1,-1
77,9,556,1556,50,50,1,-1,-1,-1
78,1,554,597,50,50,1,-1,-1,-1
78,2,752,1567,50,50,1,-1,-1,-1
78,3,428,1173,50,50,1,-1,-1,-1
78,4,603,645,50,50,1,-1,-1,-1
78,5,685,867,50,50,1,-1,-1,-1
78,6,627,428,50,50,1,-1,-1,-1
78,8,670,939,50,50,1,-1,-1,-1
78,9,558,1424,50,50,1,-1,-1,-1
79,1,550,633,50,50,1,-1,-1,-1
79,2,744,1610,50,50,1,-1,-1,-1
79,3,419,1283,50,50,1,-1,-1,-1
79,4,606,615,50,50,1,-1,-1,-1
79,5,694,928,50,50,1,-1,-1,-1
79,6,617,402,50,50,1,-1,-1,-1
79,7,640,448,50,50,1,-1,-1,-1
79,8,658,872,50,50,1,-1,-1,-1
79,9,562,1303,50,50,1,-1,-1,-1
80,1,546,673,50,50,1,-1,-1,-1
80,2,739,1652,50,50,1,-1,-1,-1
80,3,411,1403,50,50,1,-1,-1,-1
80,4,611,590,50,50,1,-1,-1,-1
80,5,703,995,50,50,1,-1,-1,-1
80,6,614,392,50,50,1,-1,-1,-1
80,7,646,459,50,50,1,-1,-1,-1
80,8,645,814,50,50,1,-1,-1,-1
80,9,567,1196,50,50,1,-1,-1,-1
81,1,543,718,50,50,1,-1,-1,-1
81,2,734,1644,50,50,1,-1,-1,-1
81,4,613,571,50,50,1,-1,-1,-1
81,5,712,1070,50,50,1,-1,-1,-1
81,6,610,386,50,50,1,-1,-1,-1
81,7,652,474,50,50,1,-1,-1,-1
81,8,633,760,50,50,1,-1,-1,-1
81,9,570,1102,50,50,1,-1,-1,-1
82,1,538,769,50,50,1,-1,-1,-1
82,2,726,1542,50,50,1,-1,-1,-1
82,4,616,556,50,50,1,-1,-1,-1
82,5,723,1153,50,50,1,-1,-1,-1
82,6,607,383,50,50,1,-1,-1,-1
82,7,658,493,50,50,1,-1,-1,-1
82,8,621,713,50,50,1,-1,-1,-1
82,9,572,1019,50,50,1,-1,-1,-1
83,1,535,825,50,50,1,-1,-1,-1
83,2,711,1419,50,50,1,-1,-1,-1
83,4,619,546,50,50,1,-1,-1,-1
83,5,734,1247,50,50,1,-1,-1,-1
83,6,604,385,50,50,1,-1,-1,-1
83,7,664,517,50,50,1,-1,-1,-1
83,8,610,672,50,50,1,-1,-1,-1
83,9,575,946,50,50,1,-1,-1,-1
84,1,531,889,50,50,1,-1,-1,-1
84,2,698,1303,50,50,1,-1,-1,-1
84,3,473,1675,50,50,1,-1,-1,-1
84,4,622,540,50,50,1,-1,-1,-1
84,5,746,1351,50,50,1,-1,-1,-1
84,6,602,391,50,50,1,-1,-1,-1
84,7,670,545,50,50,1,-1,-1,-1
84,8,599,636,50,50,1,-1,-1,-1
84,9,577,881,50,50,1,-1,-1,-1
85,1,527,960,50,50,1,-1,-1,-1
85,2,686,1199,50,50,1,-1,-1,-1
85,3,482,1739,50,50,1,-1,-1,-1
85,4,626,538,50,50,1,-1,-1,-1
85,5,758,1466,50,50,1,-1,-1,-1
85,6,599,401,50,50,1,-1,-1,-1
85,7,677,578,50,50,1,-1,-1,-1
85,8,589,606,50,50,1,-1,-1,-1
85,9,579,823,50,50,1,-1,-1,-1
86,1,522,1048,50,50,1,-1,-1,-1
86,2,675,1097,50,50,1,-1,-1,-1
86,3,514,1747,50,50,1,-1,-1,-1
86,4,630,542,50,50,1,-1,-1,-1
86,5,791,1568,50,50,1,-1,-1,-1
86,6,596,417,50,50,1,-1,-1,-1
86,7,684,620,50,50,1,-1,-1,-1
86,8,578,578,50,50,1,-1,-1,-1
86,9,581,765,50,50,1,-1,-1,-1
87,1,518,1137,50,50,1,-1,-1,-1
87,2,667,1017,50,50,1,-1,-1,-1
87,3,534,1653,50,50,1,-1,-1,-1
87,4,634,550,50,50,1,-1,-1,-1
87,5,802,1607,50,50,1,-1,-1,-1
87,6,593,435,50,50,1,-1,-1,-1
87,7,692,665,50,50,1,-1,-1,-1
87,8,568,558,50,50,1,-1,-1,-1
87,9,584,721,50,50,1,-1,-1,-1
88,1,514,1235,50,50,1,-1,-1,-1
88,2,658,946,50,50,1,-1,-1,-1
88,3,548,1513,50,50,1,-1,-1,-1
88,4,638,562,50,50,1,-1,-1,-1
88,5,804,1626,50,50,1,-1,-1,-1
88,6,591,459,50,50,1,-1,-1,-1
88,7,700,714,50,50,1,-1,-1,-1
88,8,558,543,50,50,1,-1,-1,-1
88,9,587,683,50,50,1,-1,-1,-1
89,1,509,1347,50,50,1,-1,-1,-1
89,2,651,881,50,50,1,-1,-1,-1
89,3,555,1369,50,50,1,-1,-1,-1
89,4,643,578,50,50,1,-1,-1,-1
89,5,803,1637,50,50,1,-1,-1,-1
89,6,588,487,50,50,1,-1,-1,-1
89,7,708,768,50,50,1,-1,-1,-1
89,8,548,532,50,50,1,-1,-1,-1
89,9,590,650,50,50,1,-1,-1,-1
90,1,495,1460,50,50,1,-1,-1,-1
90,2,643,824,50,50,1,-1,-1,-1
90,3,555,1251,50,50,1,-1,-1,-1
90,4,648,600,50,50,1,-1,-1,-1
90,6,586,520,50,50,1,-1,-1,-1
90,7,718,829,50,50,1,-1,-1,-1
90,8,538,526,50,50,1,-1,-1,-1
90,9,592,623,50,50,1,-1,-1,-1
91,1,502,1494,50,50,1,-1,-1,-1
91,2,636,774,50,50,1,-1,-1,-1
91,3,555,1143,50,50,1,-1,-1,-1
91,4,653,626,50,50,1,-1,-1,-1
91,6,583,559,50,50,1,-1,-1,-1
91,7,727,899,50,50,1,-1,-1,-1
91,8,528,524,50,50,1,-1,-1,-1
91,9,596,600,50,50,1,-1,-1,-1
92,1,517,1523,50,50,1,-1,-1,-1
92,2,630,729,50,50,1,-1,-1,-1
92,3,556,1044,50,50,1,-1,-1,-1
92,4,658,656,50,50,1,-1,-1,-1
92,6,589,594,50,50,1,-1,-1,-1
92,7,739,976,50,50,1,-1,-1,-1
92,8,519,527,50,50,1,-1,-1,-1
93,1,517,1551,50,50,1,-1,-1,-1
93,2,623,690,50,50,1,-1,-1,-1
93,3,558,956,50,50,1,-1,-1,-1
93,4,665,693,50,50,1,-1,-1,-1
93,5,812,1581,50,50,1,-1,-1,-1
93,6,577,655,50,50,1,-1,-1,-1
93,7,751,1060,50,50,1,-1,-1,-1
93,8,510,534,50,50,1,-1,-1,-1
93,9,603,569,50,50,1,-1,-1,-1
94,1,522,1564,50,50,1,-1,-1,-1
94,2,616,656,50,50,1,-1,-1,-1
94,3,561,877,50,50,1,-1,-1,-1
94,4,671,735,50,50,1,-1,-1,-1
94,5,812,1569,50,50,1,-1,-1,-1
94,6,575,714,50,50,1,-1,-1,-1
94,7,765,1156,50,50,1,-1,-1,-1
94,8,500,546,50,50,1,-1,-1,-1
94,9,607,560,50,50,1,-1,-1,-1
95,1,520,1576,50,50,1,-1,-1,-1
95,2,610,628,50,50,1,-1,-1,-1
95,3,569,792,50,50,1,-1,-1,-1
95,4,677,782,50,50,1,-1,-1,-1
95,5,814,1558,50,50,1,-1,-1,-1
95,7,778,1264,50,50,1,-1,-1,-1
95,8,490,563,50,50,1,-1,-1,-1
95,9,610,555,50,50,1,-1,-1,-1
96,1,530,1580,50,50,1,-1,-1,-1
96,2,604,604,50,50,1,-1,-1,-1
96,3,566,744,50,50,1,-1,-1,-1
96,4,684,837,50,50,1,-1,-1,-1
96,5,811,1548,50,50,1,-1,-1,-1
96,6,570,852,50,50,1,-1,-1,-1
96,7,795,1383,50,50,1,-1,-1,-1
96,8,480,583,50,50,1,-1,-1,-1
96,9,614,554,50,50,1,-1,-1,-1
97,1,543,1576,50,50,1,-1,-1,-1
97,2,598,584,50,50,1,-1,-1,-1
97,3,569,687,50,50,1,-1,-1,-1
97,4,691,898,50,50,1,-1,-1,-1
97,5,810,1520,50,50,1,-1,-1,-1
97,6,569,934,50,50,1,-1,-1,-1
97,8,470,609,50,50,1,-1,-1,-1
98,1,544,1569,50,50,1,-1,-1,-1
98,2,607,568,50,50,1,-1,-1,-1
98,3,570,638,50,50,1,-1,-1,-1
98,4,698,968,50,50,1,-1,-1,-1
98,5,811,1554,50,50,1,-1,-1,-1
98,6,567,1027,50,50,1,-1,-1,-1
98,8,460,640,50,50,1,-1,-1,-1
99,1,540,1548,50,50,1,-1,-1,-1
99,3,572,593,50,50,1,-1,-1,-1
99,4,705,1046,50,50,1,-1,-1,-1
99,5,810,1565,50,50,1,-1,-1,-1
99,6,564,1132,50,50,1,-1,-1,-1
99,8,448,676,50,50,1,-1,-1,-1
99,9,625,579,50,50,1,-1,-1,-1
100,1,528,1522,50,50,1,-1,-1,-1
100,3,578,554,50,50,1,-1,-1,-1
100,4,715,1134,50,50,1,-1,-1,-1
100,5,813,1588,50,50,1,-1,-1,-1
100,6,563,1250,50,50,1,-1,-1,-1
100,8,437,718,50,50,1,-1,-1,-1
100,9,629,596,50,50,1,-1,-1,-1
101,1,515,1500,50,50,1,-1,-1,-1
101,3,576,536,50,50,1,-1,-1,-1
101,4,724,1232,50,50,1,-1,-1,-1
101,5,813,1613,50,50,1,-1,-1,-1
101,6,561,1382,50,50,1,-1,-1,-1
101,8,427,766,50,50,1,-1,-1,-1
101,9,633,617,50,50,1,-1,-1,-1
102,1,494,1481,50,50,1,-1,-1,-1
102,2,578,493,50,50,1,-1,-1,-1
102,3,571,554,50,50,1,-1,-1,-1
102,4,734,1344,50,50,1,-1,-1,-1
102,5,809,1634,50,50,1,-1,-1,-1
102,8,414,821,50,50,1,-1,-1,-1
102,9,638,644,50,50,1,-1,-1,-1
103,1,463,1487,50,50,1,-1,-1,-1
103,2,581,470,50,50,1,-1,-1,-1
103,3,566,562,50,50,1,-1,-1,-1
103,4,745,1468,50,50,1,-1,-1,-1
103,5,804,1654,50,50,1,-1,-1,-1
103,8,402,883,50,50,1,-1,-1,-1
103,9,642,675,50,50,1,-1,-1,-1
104,1,427,1501,50,50,1,-1,-1,-1
104,2,584,450,50,50,1,-1,-1,-1
104,3,561,573,50,50,1,-1,-1,-1
104,4,756,1610,50,50,1,-1,-1,-1
104,5,798,1668,50,50,1,-1,-1,-1
104,8,388,952,50,50,1,-1,-1,-1
104,9,647,711,50,50,1,-1,-1,-1
105,1,385,1523,50,50,1,-1,-1,-1
105,2,587,435,50,50,1,-1,-1,-1
105,3,556,590,50,50,1,-1,-1,-1
105,5,793,1678,50,50,1,-1,-1,-1
105,8,375,1031,50,50,1,-1,-1,-1
105,9,652,753,50,50,1,-1,-1,-1
106,1,343,1561,50,50,1,-1,-1,-1
106,2,590,424,50,50,1,-1,-1,-1
106,3,551,610,50,50,1,-1,-1,-1
106,4,391,1562,50,50,1,-1,-1,-1
106,5,786,1682,50,50,1,-1,-1,-1
106,8,359,1121,50,50,1,-1,-1,-1
106,9,657,799,50,50,1,-1,-1,-1
107,1,317,1590,50,50,1,-1,-1,-1
107,2,594,418,50,50,1,-1,-1,-1
107,3,545,636,50,50,1,-1,-1,-1
107,4,748,1678,50,50,1,-1,-1,-1
107,5,790,1682,50,50,1,-1,-1,-1
107,8,343,1221,50,50,1,-1,-1,-1
107,9,663,852,50,50,1,-1,-1,-1
108,1,285,1616,50,50,1,-1,-1,-1
108,2,596,415,50,50,1,-1,-1,-1
108,3,541,667,50,50,1,-1,-1,-1
108,4,739,1670,50,50,1,-1,-1,-1
108,5,783,1673,50,50,1,-1,-1,-1
108,8,325,1337,50,50,1,-1,-1,-1
108,9,669,911,50,50,1,-1,-1,-1
109,1,263,1629,50,50,1,-1,-1,-1
109,2,599,417,50,50,1,-1,-1,-1
109,3,536,703,50,50,1,-1,-1,-1
109,5,771,1660,50,50,1,-1,-1,-1
109,8,306,1464,50,50,1,-1,-1,-1
109,9,674,977,50,50,1,-1,-1,-1
110,2,602,425,50,50,1,-1,-1,-1
110,3,531,745,50,50,1,-1,-1,-1
110,5,767,1644,50,50,1,-1,-1,-1
110,8,265,1613,50,50,1,-1,-1,-1
110,9,682,1052,50,50,1,-1,-1,-1
111,1,251,1611,50,50,1,-1,-1,-1
111,2,605,435,50,50,1,-1,-1,-1
111,3,525,792,50,50,1,-1,-1,-1
111,5,767,1633,50,50,1,-1,-1,-1
111,8,295,1601,50,50,1,-1,-1,-1
111,9,690,1135,50,50,1,-1,-1,-1
112,1,259,1599,50,50,1,-1,-1,-1
112,2,608,451,50,50,1,-1,-1,-1
112,3,520,846,50,50,1,-1,-1,-1
112,5,767,1628,50,50,1,-1,-1,-1
112,9,698,1226,50,50,1,-1,-1,-1
113,1,281,1581,50,50,1,-1,-1,-1
113,2,611,471,50,50,1,-1,-1,-1
113,3,515,906,50,50,1,-1,-1,-1
113,5,770,1627,50,50,1,-1,-1,-1
113,9,707,1332,50,50,1,-1,-1,-1
114,1,307,1571,50,50,1,-1,-1,-1
114,2,615,495,50,50,1,-1,-1,-1
114,3,510,975,50,50,1,-1,-1,-1
114,5,772,1630,50,50,1,-1,-1,-1
114,9,717,1446,50,50,1,-1,-1,-1
115,1,331,1571,50,50,1,-1,-1,-1
115,2,619,524,50,50,1,-1,-1,-1
115,3,505,1051,50,50,1,-1,-1,-1
115,5,768,1632,50,50,1,-1,-1,-1
115,9,728,1575,50,50,1,-1,-1,-1
116,1,351,1578,50,50,1,-1,-1,-1
116,2,624,559,50,50,1,-1,-1,-1
116,3,499,1136,50,50,1,-1,-1,-1
116,5,733,1624,50,50,1,-1,-1,-1
117,1,373,1586,50,50,1,-1,-1,-1
117,2,630,599,50,50,1,-1,-1,-1
117,3,492,1232,50,50,1,-1,-1,-1
117,5,715,1618,50,50,1,-1,-1,-1
118,1,389,1594,50,50,1,-1,-1,-1
118,2,635,646,50,50,1,-1,-1,-1
118,3,485,1343,50,50,1,-1,-1,-1
118,5,694,1611,50,50,1,-1,-1,-1
119,1,430,1606,50,50,1,-1,-1,-1
119,2,641,699,50,50,1,-1,-1,-1
119,3,476,1463,50,50,1,-1,-1,-1
119,5,670,1601,50,50,1,-1,-1,-1
120,1,424,1577,50,50,1,-1,-1,-1
120,2,647,761,50,50,1,-1,-1,-1
120,3,467,1591,50,50,1,-1,-1,-1
120,5,658,1593,50,50,1,-1,-1,-1
120,9,660,1893,50,50,1,-1,-1,-1
121,1,449,1569,50,50,1,-1,-1,-1
121,2,651,829,50,50,1,-1,-1,-1
121,3,489,1587,50,50,1,-1,-1,-1
121,5,658,1587,50,50,1,-1,-1,-1
121,9,705,1595,50,50,1,-1,-1,-1
122,1,507,1574,50,50,1,-1,-1,-1
122,2,656,906,50,50,1,-1,-1,-1
122,3,467,1557,50,50,1,-1,-1,-1
122,5,666,1582,50,50,1,-1,-1,-1
122,9,716,1592,50,50,1,-1,-1,-1
123,1,529,1567,50,50,1,-1,-1,-1
123,2,663,991,50,50,1,-1,-1,-1
123,3,493,1550,50,50,1,-1,-1,-1
123,5,674,1578,50,50,1,-1,-1,-1
123,9,722,1582,50,50,1,-1,-1,-1
124,1,554,1570,50,50,1,-1,-1,-1
124,2,670,1089,50,50,1,-1,-1,-1
124,3,519,1551,50,50,1,-1,-1,-1
124,5,689,1576,50,50,1,-1,-1,-1
124,9,739,1579,50,50,1,-1,-1,-1
125,1,583,1581,50,50,1,-1,-1,-1
125,2,679,1199,50,50,1,-1,-1,-1
125,3,547,1565,50,50,1,-1,-1,-1
125,5,702,1587,50,50,1,-1,-1,-1
125,9,757,1585,50,50,1,-1,-1,-1
126,1,614,1580,50,50,1,-1,-1,-1
126,2,690,1325,50,50,1,-1,-1,-1
126,3,572,1592,50,50,1,-1,-1,-1
126,5,712,1608,50,50,1,-1,-1,-1
126,8,606,1621,50,50,1,-1,-1,-1
126,9,775,1602,50,50,1,-1,-1,-1
127,1,640,1598,50,50,1,-1,-1,-1
127,2,704,1467,50,50,1,-1,-1,-1
127,3,610,1626,50,50,1,-1,-1,-1
127,4,573,1639,50,50,1,-1,-1,-1
127,5,720,1633,50,50,1,-1,-1,-1
127,8,645,1656,50,50,1,-1,-1,-1
127,9,791,1628,50,50,1,-1,-1,-1
128,1,651,1639,50,50,1,-1,-1,-1
128,2,780,1611,50,50,1,-1,-1,-1
128,3,684,1670,50,50,1,-1,-1,-1
128,4,601,1657,50,50,1,-1,-1,-1
128,5,719,1638,50,50,1,-1,-1,-1
128,9,769,1650,50,50,1,-1,-1,-1
129,1,616,1650,50,50,1,-1,-1,-1
129,2,779,1606,50,50,1,-1,-1,-1
129,3,737,1624,50,50,1,-1,-1,-1
129,4,673,1623,50,50,1,-1,-1,-1
129,5,705,1650,50,50,1,-1,-1,-1
129,9,747,1678,50,50,1,-1,-1,-1
130,1,674,1592,50,50,1,-1,-1,-1
130,2,739,1596,50,50,1,-1,-1,-1
130,3,787,1586,50,50,1,-1,-1,-1
130,4,619,1632,50,50,1,-1,-1,-1
130,5,706,1617,50,50,1,-1,-1,-1
130,9,753,1649,50,50,1,-1,-1,-1
131,2,680,1564,50,50,1,-1,-1,-1
131,3,785,1566,50,50,1,-1,-1,-1
131,5,741,1577,50,50,1,-1,-1,-1
131,9,757,1631,50,50,1,-1,-1,-1
132,2,691,1554,50,50,1,-1,-1,-1
132,3,747,1570,50,50,1,-1,-1,-1
132,5,793,1560,50,50,1,-1,-1,-1
132,9,768,1626,50,50,1,-1,-1,-1
133,2,698,1547,50,50,1,-1,-1,-1
133,3,755,1564,50,50,1,-1,-1,-1
133,5,798,1552,50,50,1,-1,-1,-1
133,9,774,1620,50,50,1,-1,-1,-1
134,2,705,1538,50,50,1,-1,-1,-1
134,3,764,1556,50,50,1,-1,-1,-1
134,5,809,1546,50,50,1,-1,-1,-1
134,9,782,1612,50,50,1,-1,-1,-1
135,2,711,1528,50,50,1,-1,-1,-1
135,3,772,1546,50,50,1,-1,-1,-1
135,5,814,1533,50,50,1,-1,-1,-1
135,9,788,1601,50,50,1,-1,-1,-1
136,2,711,1522,50,50,1,-1,-1,-1
136,3,778,1534,50,50,1,-1,-1,-1
136,5,819,1520,50,50,1,-1,-1,-1
136,9,795,1589,50,50,1,-1,-1,-1
137,2,716,1511,50,50,1,-1,-1,-1
137,3,783,1523,50,50,1,-1,-1,-1
137,5,822,1506,50,50,1,-1,-1,-1
137,9,800,1577,50,50,1,-1,-1,-1
138,2,721,1500,50,50,1,-1,-1,-1
138,3,787,1511,50,50,1,-1,-1,-1
138,5,826,1492,50,50,1,-1,-1,-1
138,9,804,1565,50,50,1,-1,-1,-1
139,1,753,1515,50,50,1,-1,-1,-1
139,2,722,1485,50,50,1,-1,-1,-1
139,3,790,1498,50,50,1,-1,-1,-1
139,4,794,1893,50,50,1,-1,-1,-1
139,5,827,1476,50,50,1,-1,-1,-1
139,9,809,1552,50,50,1,-1,-1,-1
140,1,754,1503,50,50,1,-1,-1,-1
140,2,724,1472,50,50,1,-1,-1,-1
140,3,792,1486,50,50,1,-1,-1,-1
141,1,661,1494,50,50,1,-1,-1,-1
141,2,723,1459,50,50,1,-1,-1,-1
141,3,793,1469,50,50,1,-1,-1,-1
141,5,827,1444,50,50,1,-1,-1,-1
141,9,753,1492,50,50,1,-1,-1,-1
142,1,662,1474,50,50,1,-1,-1,-1
142,2,722,1446,50,50,1,-1,-1,-1
142,3,790,1457,50,50,1,-1,-1,-1
142,5,826,1429,50,50,1,-1,-1,-1
142,6,693,1879,50,50,1,-1,-1,-1
142,7,810,1848,50,50,1,-1,-1,-1
142,9,750,1480,50,50,1,-1,-1,-1
143,1,658,1463,50,50,1,-1,-1,-1
143,2,718,1436,50,50,1,-1,-1,-1
143,3,784,1444,50,50,1,-1,-1,-1
143,5,821,1414,50,50,1,-1,-1,-1
143,6,677,1870,50,50,1,-1,-1,-1
143,9,747,1470,50,50,1,-1,-1,-1
144,1,651,1450,50,50,1,-1,-1,-1
144,2,710,1425,50,50,1,-1,-1,-1
144,3,776,1429,50,50,1,-1,-1,-1
144,5,816,1398,50,50,1,-1,-1,-1
144,6,818,1437,50,50,1,-1,-1,-1
144,7,677,1852,50,50,1,-1,-1,-1
144,9,741,1460,50,50,1,-1,-1,-1
145,1,644,1440,50,50,1,-1,-1,-1
145,2,704,1413,50,50,1,-1,-1,-1
145,3,769,1418,50,50,1,-1,-1,-1
145,5,808,1384,50,50,1,-1,-1,-1
145,7,812,1427,50,50,1,-1,-1,-1
145,9,733,1452,50,50,1,-1,-1,-1
146,1,635,1430,50,50,1,-1,-1,-1
146,2,693,1407,50,50,1,-1,-1,-1
146,3,761,1409,50,50,1,-1,-1,-1
146,5,801,1373,50,50,1,-1,-1,-1
146,6,616,1789,50,50,1,-1,-1,-1
146,7,805,1418,50,50,1,-1,-1,-1
146,9,723,1444,50,50,1,-1,-1,-1
147,1,625,1422,50,50,1,-1,-1,-1
147,2,682,1400,50,50,1,-1,-1,-1
147,3,751,1400,50,50,1,-1,-1,-1
147,5,793,1366,50,50,1,-1,-1,-1
147,7,794,1413,50,50,1,-1,-1,-1
147,9,715,1437,50,50,1,-1,-1,-1
148,1,616,1415,50,50,1,-1,-1,-1
148,2,670,1396,50,50,1,-1,-1,-1
148,3,741,1396,50,50,1,-1,-1,-1
148,5,784,1360,50,50,1,-1,-1,-1
148,7,784,1409,50,50,1,-1,-1,-1
148,9,704,1433,50,50,1,-1,-1,-1
149,1,607,1410,50,50,1,-1,-1,-1
149,2,657,1394,50,50,1,-1,-1,-1
149,3,736,1396,50,50,1,-1,-1,-1
149,4,647,1749,50,50,1,-1,-1,-1
149,5,774,1357,50,50,1,-1,-1,-1
149,6,877,1408,50,50,1,-1,-1,-1
149,7,693,1375,50,50,1,-1,-1,-1
149,9,693,1431,50,50,1,-1,-1,-1
150,1,595,1409,50,50,1,-1,-1,-1
150,2,644,1395,50,50,1,-1,-1,-1
150,3,727,1395,50,50,1,-1,-1,-1
150,4,586,1860,50,50,1,-1,-1,-1
150,5,764,1356,50,50,1,-1,-1,-1
150,6,870,1399,50,50,1,-1,-1,-1
150,7,679,1375,50,50,1,-1,-1,-1
150,8,783,1838,50,50,1,-1,-1,-1
150,9,680,1431,50,50,1,-1,-1,-1
151,1,585,1406,50,50,1,-1,-1,-1
151,2,630,1395,50,50,1,-1,-1,-1
151,3,728,1401,50,50,1,-1,-1,-1
151,5,754,1359,50,50,1,-1,-1,-1
151,6,704,1772,50,50,1,-1,-1,-1
151,7,668,1377,50,50,1,-1,-1,-1
151,9,683,1414,50,50,1,-1,-1,-1
152,1,574,1405,50,50,1,-1,-1,-1
152,2,618,1395,50,50,1,-1,-1,-1
152,3,718,1407,50,50,1,-1,-1,-1
152,5,756,1375,50,50,1,-1,-1,-1
152,6,857,1388,50,50,1,-1,-1,-1
152,7,656,1378,50,50,1,-1,-1,-1
152,9,671,1416,50,50,1,-1,-1,-1
153,1,564,1406,50,50,1,-1,-1,-1
153,2,606,1396,50,50,1,-1,-1,-1
153,3,708,1412,50,50,1,-1,-1,-1
153,5,748,1380,50,50,1,-1,-1,-1
153,6,849,1386,50,50,1,-1,-1,-1
153,7,644,1378,50,50,1,-1,-1,-1
153,8,639,1762,50,50,1,-1,-1,-1
153,9,659,1418,50,50,1,-1,-1,-1
154,1,554,1408,50,50,1,-1,-1,-1
154,2,595,1398,50,50,1,-1,-1,-1
154,3,696,1417,50,50,1,-1,-1,-1
154,5,734,1389,50,50,1,-1,-1,-1
154,6,843,1384,50,50,1,-1,-1,-1
154,7,632,1380,50,50,1,-1,-1,-1
154,8,621,1767,50,50,1,-1,-1,-1
154,9,648,1420,50,50,1,-1,-1,-1
155,1,617,1762,50,50,1,-1,-1,-1
155,2,583,1400,50,50,1,-1,-1,-1
155,3,687,1423,50,50,1,-1,-1,-1
155,5,723,1395,50,50,1,-1,-1,-1
155,6,838,1384,50,50,1,-1,-1,-1
155,7,654,1400,50,50,1,-1,-1,-1
155,9,626,1437,50,50,1,-1,-1,-1
