1,1,444,1144,50,50,1,-1,-1,-1
1,2,565,1190,50,50,1,-1,-1,-1
1,3,432,1142,50,50,1,-1,-1,-1
2,1,438,1171,50,50,1,-1,-1,-1
2,2,563,1151,50,50,1,-1,-1,-1
2,3,433,1166,50,50,1,-1,-1,-1
3,1,433,1206,50,50,1,-1,-1,-1
3,2,560,1117,50,50,1,-1,-1,-1
3,3,434,1192,50,50,1,-1,-1,-1
4,1,426,1236,50,50,1,-1,-1,-1
4,2,559,1089,50,50,1,-1,-1,-1
4,3,434,1213,50,50,1,-1,-1,-1
5,1,425,1251,50,50,1,-1,-1,-1
5,2,560,1075,50,50,1,-1,-1,-1
5,3,434,1230,50,50,1,-1,-1,-1
6,1,429,1254,50,50,1,-1,-1,-1
6,2,563,1068,50,50,1,-1,-1,-1
6,3,438,1227,50,50,1,-1,-1,-1
7,1,437,1246,50,50,1,-1,-1,-1
7,2,572,1073,50,50,1,-1,-1,-1
7,3,447,1215,50,50,1,-1,-1,-1
8,1,447,1222,50,50,1,-1,-1,-1
8,2,578,1084,50,50,1,-1,-1,-1
8,3,457,1199,50,50,1,-1,-1,-1
9,1,455,1187,50,50,1,-1,-1,-1
9,2,581,1101,50,50,1,-1,-1,-1
9,3,464,1175,50,50,1,-1,-1,-1
10,1,467,1137,50,50,1,-1,-1,-1
10,2,586,1124,50,50,1,-1,-1,-1
10,3,469,1150,50,50,1,-1,-1,-1
11,1,476,1086,50,50,1,-1,-1,-1
11,2,592,1153,50,50,1,-1,-1,-1
11,3,470,1114,50,50,1,-1,-1,-1
12,1,483,1037,50,50,1,-1,-1,-1
12,2,592,1185,50,50,1,-1,-1,-1
12,3,473,1081,50,50,1,-1,-1,-1
13,1,488,996,50,50,1,-1,-1,-1
13,2,590,1216,50,50,1,-1,-1,-1
13,3,472,1058,50,50,1,-1,-1,-1
14,1,493,956,50,50,1,-1,-1,-1
14,2,587,1239,50,50,1,-1,-1,-1
14,3,468,1057,50,50,1,-1,-1,-1
15,1,499,920,50,50,1,-1,-1,-1
15,2,581,1252,50,50,1,-1,-1,-1
15,3,462,1058,50,50,1,-1,-1,-1
16,1,507,890,50,50,1,-1,-1,-1
16,2,576,1262,50,50,1,-1,-1,-1
16,3,455,1070,50,50,1,-1,-1,-1
17,1,514,868,50,50,1,-1,-1,-1
17,2,570,1263,50,50,1,-1,-1,-1
17,3,451,1075,50,50,1,-1,-1,-1
18,1,518,848,50,50,1,-1,-1,-1
18,2,562,1255,50,50,1,-1,-1,-1
18,3,448,1090,50,50,1,-1,-1,-1
19,1,523,836,50,50,1,-1,-1,-1
19,2,553,1248,50,50,1,-1,-1,-1
19,3,446,1104,50,50,1,-1,-1,-1
20,1,527,827,50,50,1,-1,-1,-1
20,2,544,1236,50,50,1,-1,-1,-1
20,3,444,1122,50,50,1,-1,-1,-1
21,1,533,823,50,50,1,-1,-1,-1
21,2,536,1215,50,50,1,-1,-1,-1
21,3,438,1138,50,50,1,-1,-1,-1
22,1,541,824,50,50,1,-1,-1,-1
22,2,529,1182,50,50,1,-1,-1,-1
22,3,433,1153,50,50,1,-1,-1,-1
23,1,548,832,50,50,1,-1,-1,-1
23,2,525,1138,50,50,1,-1,-1,-1
23,3,429,1171,50,50,1,-1,-1,-1
24,1,551,848,50,50,1,-1,-1,-1
24,2,519,1089,50,50,1,-1,-1,-1
24,3,426,1191,50,50,1,-1,-1,-1
25,1,556,865,50,50,1,-1,-1,-1
25,2,512,1046,50,50,1,-1,-1,-1
25,3,424,1208,50,50,1,-1,-1,-1
26,1,562,887,50,50,1,-1,-1,-1
26,2,506,1012,50,50,1,-1,-1,-1
26,3,422,1221,50,50,1,-1,-1,-1
27,1,569,916,50,50,1,-1,-1,-1
27,2,500,979,50,50,1,-1,-1,-1
27,3,422,1232,50,50,1,-1,-1,-1
28,1,574,951,50,50,1,-1,-1,-1
28,2,494,947,50,50,1,-1,-1,-1
28,3,426,1242,50,50,1,-1,-1,-1
29,1,579,986,50,50,1,-1,-1,-1
29,2,487,920,50,50,1,-1,-1,-1
29,3,432,1245,50,50,1,-1,-1,-1
30,1,585,1012,50,50,1,-1,-1,-1
30,2,479,905,50,50,1,-1,-1,-1
30,3,440,1240,50,50,1,-1,-1,-1
31,1,597,1026,50,50,1,-1,-1,-1
31,2,471,894,50,50,1,-1,-1,-1
31,3,449,1231,50,50,1,-1,-1,-1
32,1,604,1039,50,50,1,-1,-1,-1
32,2,464,887,50,50,1,-1,-1,-1
32,3,460,1219,50,50,1,-1,-1,-1
33,1,614,1056,50,50,1,-1,-1,-1
33,2,459,884,50,50,1,-1,-1,-1
33,3,471,1188,50,50,1,-1,-1,-1
34,1,615,1072,50,50,1,-1,-1,-1
34,2,453,888,50,50,1,-1,-1,-1
34,3,483,1144,50,50,1,-1,-1,-1
35,1,618,1090,50,50,1,-1,-1,-1
35,2,447,897,50,50,1,-1,-1,-1
35,3,493,1097,50,50,1,-1,-1,-1
36,1,616,1113,50,50,1,-1,-1,-1
36,2,440,909,50,50,1,-1,-1,-1
36,3,499,1052,50,50,1,-1,-1,-1
37,1,611,1138,50,50,1,-1,-1,-1
37,2,432,930,50,50,1,-1,-1,-1
37,3,502,1012,50,50,1,-1,-1,-1
38,1,605,1162,50,50,1,-1,-1,-1
38,2,424,953,50,50,1,-1,-1,-1
38,3,505,976,50,50,1,-1,-1,-1
39,1,597,1191,50,50,1,-1,-1,-1
39,2,418,979,50,50,1,-1,-1,-1
39,3,510,943,50,50,1,-1,-1,-1
40,1,585,1216,50,50,1,-1,-1,-1
40,2,412,1015,50,50,1,-1,-1,-1
40,3,515,913,50,50,1,-1,-1,-1
41,1,574,1235,50,50,1,-1,-1,-1
41,2,406,1050,50,50,1,-1,-1,-1
41,3,521,891,50,50,1,-1,-1,-1
42,1,565,1247,50,50,1,-1,-1,-1
42,2,398,1075,50,50,1,-1,-1,-1
42,3,528,874,50,50,1,-1,-1,-1
43,1,556,1245,50,50,1,-1,-1,-1
43,2,397,1085,50,50,1,-1,-1,-1
43,3,533,862,50,50,1,-1,-1,-1
44,1,543,1245,50,50,1,-1,-1,-1
44,2,400,1094,50,50,1,-1,-1,-1
44,3,538,854,50,50,1,-1,-1,-1
45,1,534,1233,50,50,1,-1,-1,-1
45,2,402,1106,50,50,1,-1,-1,-1
45,3,544,856,50,50,1,-1,-1,-1
46,1,528,1208,50,50,1,-1,-1,-1
46,2,404,1119,50,50,1,-1,-1,-1
46,3,550,859,50,50,1,-1,-1,-1
47,1,521,1169,50,50,1,-1,-1,-1
47,2,407,1132,50,50,1,-1,-1,-1
47,3,555,867,50,50,1,-1,-1,-1
48,1,515,1122,50,50,1,-1,-1,-1
48,2,407,1148,50,50,1,-1,-1,-1
48,3,560,880,50,50,1,-1,-1,-1
49,1,508,1072,50,50,1,-1,-1,-1
49,2,408,1163,50,50,1,-1,-1,-1
49,3,564,898,50,50,1,-1,-1,-1
50,1,502,1028,50,50,1,-1,-1,-1
50,2,408,1180,50,50,1,-1,-1,-1
50,3,567,920,50,50,1,-1,-1,-1
51,1,496,986,50,50,1,-1,-1,-1
51,2,408,1199,50,50,1,-1,-1,-1
51,3,572,949,50,50,1,-1,-1,-1
52,1,490,948,50,50,1,-1,-1,-1
52,2,410,1213,50,50,1,-1,-1,-1
52,3,578,984,50,50,1,-1,-1,-1
53,1,483,914,50,50,1,-1,-1,-1
53,2,413,1223,50,50,1,-1,-1,-1
53,3,584,1020,50,50,1,-1,-1,-1
54,1,476,884,50,50,1,-1,-1,-1
54,2,417,1232,50,50,1,-1,-1,-1
54,3,591,1038,50,50,1,-1,-1,-1
55,1,468,861,50,50,1,-1,-1,-1
55,2,423,1238,50,50,1,-1,-1,-1
55,3,600,1047,50,50,1,-1,-1,-1
56,1,459,843,50,50,1,-1,-1,-1
56,2,431,1238,50,50,1,-1,-1,-1
56,3,610,1049,50,50,1,-1,-1,-1
57,1,451,833,50,50,1,-1,-1,-1
57,2,443,1227,50,50,1,-1,-1,-1
57,3,617,1058,50,50,1,-1,-1,-1
58,1,444,827,50,50,1,-1,-1,-1
58,2,459,1206,50,50,1,-1,-1,-1
58,3,624,1069,50,50,1,-1,-1,-1
59,1,436,827,50,50,1,-1,-1,-1
59,2,471,1174,50,50,1,-1,-1,-1
59,3,624,1085,50,50,1,-1,-1,-1
60,1,428,833,50,50,1,-1,-1,-1
60,2,476,1122,50,50,1,-1,-1,-1
60,3,622,1098,50,50,1,-1,-1,-1
61,1,420,844,50,50,1,-1,-1,-1
61,2,482,1069,50,50,1,-1,-1,-1
61,3,621,1116,50,50,1,-1,-1,-1
62,1,412,863,50,50,1,-1,-1,-1
62,2,488,1017,50,50,1,-1,-1,-1
62,3,619,1139,50,50,1,-1,-1,-1
63,1,404,886,50,50,1,-1,-1,-1
63,2,496,971,50,50,1,-1,-1,-1
63,3,610,1159,50,50,1,-1,-1,-1
64,1,397,913,50,50,1,-1,-1,-1
64,2,504,928,50,50,1,-1,-1,-1
64,3,601,1177,50,50,1,-1,-1,-1
65,1,391,944,50,50,1,-1,-1,-1
65,2,513,889,50,50,1,-1,-1,-1
65,3,591,1194,50,50,1,-1,-1,-1
66,1,385,982,50,50,1,-1,-1,-1
66,2,522,855,50,50,1,-1,-1,-1
66,3,580,1208,50,50,1,-1,-1,-1
67,1,378,1019,50,50,1,-1,-1,-1
67,2,528,828,50,50,1,-1,-1,-1
67,3,567,1220,50,50,1,-1,-1,-1
68,1,371,1040,50,50,1,-1,-1,-1
68,2,534,806,50,50,1,-1,-1,-1
68,3,557,1227,50,50,1,-1,-1,-1
69,1,375,1051,50,50,1,-1,-1,-1
69,2,539,788,50,50,1,-1,-1,-1
69,3,551,1230,50,50,1,-1,-1,-1
70,1,379,1065,50,50,1,-1,-1,-1
70,2,545,778,50,50,1,-1,-1,-1
70,3,547,1226,50,50,1,-1,-1,-1
71,1,385,1083,50,50,1,-1,-1,-1
71,2,553,772,50,50,1,-1,-1,-1
71,3,543,1218,50,50,1,-1,-1,-1
72,1,393,1102,50,50,1,-1,-1,-1
72,2,562,772,50,50,1,-1,-1,-1
72,3,539,1195,50,50,1,-1,-1,-1
73,1,401,1127,50,50,1,-1,-1,-1
73,2,570,777,50,50,1,-1,-1,-1
73,3,536,1162,50,50,1,-1,-1,-1
74,1,406,1158,50,50,1,-1,-1,-1
74,2,578,785,50,50,1,-1,-1,-1
74,3,535,1118,50,50,1,-1,-1,-1
75,1,408,1176,50,50,1,-1,-1,-1
75,2,584,804,50,50,1,-1,-1,-1
75,3,531,1072,50,50,1,-1,-1,-1
76,1,409,1200,50,50,1,-1,-1,-1
76,2,591,826,50,50,1,-1,-1,-1
76,3,524,1022,50,50,1,-1,-1,-1
77,1,411,1213,50,50,1,-1,-1,-1
77,2,598,849,50,50,1,-1,-1,-1
77,3,517,978,50,50,1,-1,-1,-1
78,1,410,1225,50,50,1,-1,-1,-1
78,2,604,879,50,50,1,-1,-1,-1
78,3,510,939,50,50,1,-1,-1,-1
79,1,411,1236,50,50,1,-1,-1,-1
79,2,611,915,50,50,1,-1,-1,-1
79,3,503,906,50,50,1,-1,-1,-1
80,1,419,1244,50,50,1,-1,-1,-1
80,2,619,958,50,50,1,-1,-1,-1
80,3,497,875,50,50,1,-1,-1,-1
81,1,428,1243,50,50,1,-1,-1,-1
81,2,625,996,50,50,1,-1,-1,-1
81,3,492,851,50,50,1,-1,-1,-1
82,1,435,1238,50,50,1,-1,-1,-1
82,2,631,1023,50,50,1,-1,-1,-1
82,3,488,834,50,50,1,-1,-1,-1
83,1,445,1228,50,50,1,-1,-1,-1
83,2,638,1040,50,50,1,-1,-1,-1
83,3,483,822,50,50,1,-1,-1,-1
84,1,458,1209,50,50,1,-1,-1,-1
84,2,638,1057,50,50,1,-1,-1,-1
84,3,477,814,50,50,1,-1,-1,-1
85,1,472,1181,50,50,1,-1,-1,-1
85,2,634,1078,50,50,1,-1,-1,-1
85,3,469,817,50,50,1,-1,-1,-1
86,1,482,1145,50,50,1,-1,-1,-1
86,2,629,1092,50,50,1,-1,-1,-1
86,3,461,821,50,50,1,-1,-1,-1
87,1,488,1092,50,50,1,-1,-1,-1
87,2,625,1113,50,50,1,-1,-1,-1
87,3,453,828,50,50,1,-1,-1,-1
88,1,495,1035,50,50,1,-1,-1,-1
88,2,620,1137,50,50,1,-1,-1,-1
88,3,448,848,50,50,1,-1,-1,-1
89,1,501,985,50,50,1,-1,-1,-1
89,2,616,1155,50,50,1,-1,-1,-1
89,3,443,869,50,50,1,-1,-1,-1
90,1,510,946,50,50,1,-1,-1,-1
90,2,611,1174,50,50,1,-1,-1,-1
90,3,438,896,50,50,1,-1,-1,-1
91,1,519,911,50,50,1,-1,-1,-1
91,2,605,1197,50,50,1,-1,-1,-1
91,3,432,926,50,50,1,-1,-1,-1
92,1,527,877,50,50,1,-1,-1,-1
92,2,598,1216,50,50,1,-1,-1,-1
92,3,425,959,50,50,1,-1,-1,-1
93,1,534,848,50,50,1,-1,-1,-1
93,2,589,1229,50,50,1,-1,-1,-1
93,3,418,996,50,50,1,-1,-1,-1
94,1,540,827,50,50,1,-1,-1,-1
94,2,578,1240,50,50,1,-1,-1,-1
94,3,411,1035,50,50,1,-1,-1,-1
95,1,546,812,50,50,1,-1,-1,-1
95,2,567,1245,50,50,1,-1,-1,-1
95,3,405,1053,50,50,1,-1,-1,-1
96,1,552,799,50,50,1,-1,-1,-1
96,2,559,1239,50,50,1,-1,-1,-1
96,3,405,1067,50,50,1,-1,-1,-1
97,1,561,790,50,50,1,-1,-1,-1
97,2,553,1224,50,50,1,-1,-1,-1
97,3,405,1080,50,50,1,-1,-1,-1
98,1,571,788,50,50,1,-1,-1,-1
98,2,546,1192,50,50,1,-1,-1,-1
98,3,406,1095,50,50,1,-1,-1,-1
99,1,580,792,50,50,1,-1,-1,-1
99,2,540,1155,50,50,1,-1,-1,-1
99,3,408,1113,50,50,1,-1,-1,-1
100,1,589,803,50,50,1,-1,-1,-1
100,2,537,1109,50,50,1,-1,-1,-1
100,3,410,1134,50,50,1,-1,-1,-1
101,1,597,818,50,50,1,-1,-1,-1
101,2,531,1061,50,50,1,-1,-1,-1
101,3,411,1152,50,50,1,-1,-1,-1
102,1,604,841,50,50,1,-1,-1,-1
102,2,525,1016,50,50,1,-1,-1,-1
102,3,411,1173,50,50,1,-1,-1,-1
103,1,611,867,50,50,1,-1,-1,-1
103,2,519,972,50,50,1,-1,-1,-1
103,3,414,1190,50,50,1,-1,-1,-1
104,1,617,895,50,50,1,-1,-1,-1
104,2,512,934,50,50,1,-1,-1,-1
104,3,417,1207,50,50,1,-1,-1,-1
105,1,624,929,50,50,1,-1,-1,-1
105,2,506,901,50,50,1,-1,-1,-1
105,3,418,1223,50,50,1,-1,-1,-1
106,1,633,969,50,50,1,-1,-1,-1
106,2,497,873,50,50,1,-1,-1,-1
106,3,421,1234,50,50,1,-1,-1,-1
107,1,637,1004,50,50,1,-1,-1,-1
107,2,488,848,50,50,1,-1,-1,-1
107,3,426,1240,50,50,1,-1,-1,-1
108,1,641,1018,50,50,1,-1,-1,-1
108,2,482,831,50,50,1,-1,-1,-1
108,3,433,1239,50,50,1,-1,-1,-1
109,1,641,1030,50,50,1,-1,-1,-1
109,2,476,820,50,50,1,-1,-1,-1
109,3,443,1229,50,50,1,-1,-1,-1
110,1,638,1046,50,50,1,-1,-1,-1
110,2,469,813,50,50,1,-1,-1,-1
110,3,455,1207,50,50,1,-1,-1,-1
111,1,627,1061,50,50,1,-1,-1,-1
111,2,460,812,50,50,1,-1,-1,-1
111,3,467,1180,50,50,1,-1,-1,-1
112,1,620,1080,50,50,1,-1,-1,-1
112,2,451,818,50,50,1,-1,-1,-1
112,3,474,1145,50,50,1,-1,-1,-1
113,1,614,1101,50,50,1,-1,-1,-1
113,2,443,828,50,50,1,-1,-1,-1
113,3,481,1095,50,50,1,-1,-1,-1
114,1,610,1124,50,50,1,-1,-1,-1
114,2,435,844,50,50,1,-1,-1,-1
114,3,490,1041,50,50,1,-1,-1,-1
115,1,607,1148,50,50,1,-1,-1,-1
115,2,428,867,50,50,1,-1,-1,-1
115,3,497,993,50,50,1,-1,-1,-1
116,1,606,1173,50,50,1,-1,-1,-1
116,2,422,896,50,50,1,-1,-1,-1
116,3,502,950,50,50,1,-1,-1,-1
117,1,601,1197,50,50,1,-1,-1,-1
117,2,417,930,50,50,1,-1,-1,-1
117,3,508,912,50,50,1,-1,-1,-1
118,1,593,1214,50,50,1,-1,-1,-1
118,2,409,963,50,50,1,-1,-1,-1
118,3,517,880,50,50,1,-1,-1,-1
119,1,585,1228,50,50,1,-1,-1,-1
119,2,403,1001,50,50,1,-1,-1,-1
119,3,526,855,50,50,1,-1,-1,-1
120,1,574,1240,50,50,1,-1,-1,-1
120,2,396,1040,50,50,1,-1,-1,-1
120,3,533,835,50,50,1,-1,-1,-1
121,1,562,1239,50,50,1,-1,-1,-1
121,2,385,1063,50,50,1,-1,-1,-1
121,3,539,819,50,50,1,-1,-1,-1
122,1,554,1236,50,50,1,-1,-1,-1
122,2,383,1076,50,50,1,-1,-1,-1
122,3,545,808,50,50,1,-1,-1,-1
123,1,548,1228,50,50,1,-1,-1,-1
123,2,383,1091,50,50,1,-1,-1,-1
123,3,550,800,50,50,1,-1,-1,-1
124,1,541,1217,50,50,1,-1,-1,-1
124,2,388,1109,50,50,1,-1,-1,-1
124,3,556,799,50,50,1,-1,-1,-1
125,1,534,1185,50,50,1,-1,-1,-1
125,2,391,1127,50,50,1,-1,-1,-1
125,3,564,806,50,50,1,-1,-1,-1
126,1,533,1144,50,50,1,-1,-1,-1
126,2,395,1145,50,50,1,-1,-1,-1
126,3,572,819,50,50,1,-1,-1,-1
127,1,527,1100,50,50,1,-1,-1,-1
127,2,398,1165,50,50,1,-1,-1,-1
127,3,578,837,50,50,1,-1,-1,-1
128,1,520,1048,50,50,1,-1,-1,-1
128,2,398,1183,50,50,1,-1,-1,-1
128,3,583,858,50,50,1,-1,-1,-1
129,1,515,1005,50,50,1,-1,-1,-1
129,2,400,1202,50,50,1,-1,-1,-1
129,3,587,881,50,50,1,-1,-1,-1
130,1,511,968,50,50,1,-1,-1,-1
130,2,403,1220,50,50,1,-1,-1,-1
130,3,594,910,50,50,1,-1,-1,-1
131,1,502,929,50,50,1,-1,-1,-1
131,2,406,1234,50,50,1,-1,-1,-1
131,3,604,947,50,50,1,-1,-1,-1
132,1,495,896,50,50,1,-1,-1,-1
132,2,413,1240,50,50,1,-1,-1,-1
132,3,608,987,50,50,1,-1,-1,-1
133,1,489,866,50,50,1,-1,-1,-1
133,2,417,1240,50,50,1,-1,-1,-1
133,3,613,1019,50,50,1,-1,-1,-1
134,1,483,844,50,50,1,-1,-1,-1
134,2,423,1239,50,50,1,-1,-1,-1
134,3,624,1033,50,50,1,-1,-1,-1
135,1,477,831,50,50,1,-1,-1,-1
135,2,432,1233,50,50,1,-1,-1,-1
135,3,632,1046,50,50,1,-1,-1,-1
136,1,471,824,50,50,1,-1,-1,-1
136,2,444,1220,50,50,1,-1,-1,-1
136,3,635,1058,50,50,1,-1,-1,-1
137,1,465,820,50,50,1,-1,-1,-1
137,2,457,1196,50,50,1,-1,-1,-1
137,3,634,1072,50,50,1,-1,-1,-1
138,1,458,819,50,50,1,-1,-1,-1
138,2,470,1161,50,50,1,-1,-1,-1
138,3,631,1087,50,50,1,-1,-1,-1
139,1,451,827,50,50,1,-1,-1,-1
139,2,479,1112,50,50,1,-1,-1,-1
139,3,627,1103,50,50,1,-1,-1,-1
140,1,443,841,50,50,1,-1,-1,-1
140,2,486,1054,50,50,1,-1,-1,-1
140,3,623,1121,50,50,1,-1,-1,-1
141,1,435,862,50,50,1,-1,-1,-1
141,2,492,1003,50,50,1,-1,-1,-1
141,3,618,1140,50,50,1,-1,-1,-1
142,1,431,886,50,50,1,-1,-1,-1
142,2,498,959,50,50,1,-1,-1,-1
142,3,613,1164,50,50,1,-1,-1,-1
143,1,427,912,50,50,1,-1,-1,-1
143,2,505,918,50,50,1,-1,-1,-1
143,3,606,1186,50,50,1,-1,-1,-1
144,1,419,941,50,50,1,-1,-1,-1
144,2,512,881,50,50,1,-1,-1,-1
144,3,598,1208,50,50,1,-1,-1,-1
145,1,411,977,50,50,1,-1,-1,-1
145,2,519,850,50,50,1,-1,-1,-1
145,3,589,1225,50,50,1,-1,-1,-1
146,1,403,1013,50,50,1,-1,-1,-1
146,2,524,825,50,50,1,-1,-1,-1
146,3,581,1237,50,50,1,-1,-1,-1
147,1,395,1039,50,50,1,-1,-1,-1
147,2,529,804,50,50,1,-1,-1,-1
147,3,572,1243,50,50,1,-1,-1,-1
148,1,397,1057,50,50,1,-1,-1,-1
148,2,536,790,50,50,1,-1,-1,-1
148,3,563,1239,50,50,1,-1,-1,-1
149,1,398,1075,50,50,1,-1,-1,-1
149,2,544,780,50,50,1,-1,-1,-1
149,3,553,1226,50,50,1,-1,-1,-1
150,1,399,1097,50,50,1,-1,-1,-1
150,2,552,774,50,50,1,-1,-1,-1
150,3,543,1204,50,50,1,-1,-1,-1
151,1,399,1119,50,50,1,-1,-1,-1
151,2,560,774,50,50,1,-1,-1,-1
151,3,537,1175,50,50,1,-1,-1,-1
152,1,399,1141,50,50,1,-1,-1,-1
152,2,568,778,50,50,1,-1,-1,-1
152,3,531,1140,50,50,1,-1,-1,-1
153,1,400,1164,50,50,1,-1,-1,-1
153,2,573,791,50,50,1,-1,-1,-1
153,3,527,1089,50,50,1,-1,-1,-1
154,1,401,1187,50,50,1,-1,-1,-1
154,2,578,810,50,50,1,-1,-1,-1
154,3,522,1040,50,50,1,-1,-1,-1
155,1,401,1205,50,50,1,-1,-1,-1
155,2,583,834,50,50,1,-1,-1,-1
155,3,517,997,50,50,1,-1,-1,-1
156,1,404,1220,50,50,1,-1,-1,-1
156,2,588,861,50,50,1,-1,-1,-1
156,3,510,959,50,50,1,-1,-1,-1
157,1,405,1235,50,50,1,-1,-1,-1
157,2,595,893,50,50,1,-1,-1,-1
157,3,503,923,50,50,1,-1,-1,-1
158,1,408,1245,50,50,1,-1,-1,-1
158,2,603,928,50,50,1,-1,-1,-1
158,3,496,892,50,50,1,-1,-1,-1
159,1,417,1249,50,50,1,-1,-1,-1
159,2,611,972,50,50,1,-1,-1,-1
159,3,488,869,50,50,1,-1,-1,-1
160,1,420,1245,50,50,1,-1,-1,-1
160,2,616,1014,50,50,1,-1,-1,-1
160,3,479,852,50,50,1,-1,-1,-1
161,1,429,1240,50,50,1,-1,-1,-1
161,2,621,1032,50,50,1,-1,-1,-1
161,3,471,838,50,50,1,-1,-1,-1
162,1,438,1229,50,50,1,-1,-1,-1
162,2,626,1041,50,50,1,-1,-1,-1
162,3,465,829,50,50,1,-1,-1,-1
163,1,447,1217,50,50,1,-1,-1,-1
163,2,626,1051,50,50,1,-1,-1,-1
163,3,459,825,50,50,1,-1,-1,-1
164,1,457,1195,50,50,1,-1,-1,-1
164,2,626,1067,50,50,1,-1,-1,-1
164,3,452,825,50,50,1,-1,-1,-1
165,1,468,1158,50,50,1,-1,-1,-1
165,2,624,1081,50,50,1,-1,-1,-1
165,3,444,832,50,50,1,-1,-1,-1
166,1,475,1115,50,50,1,-1,-1,-1
166,2,623,1100,50,50,1,-1,-1,-1
166,3,435,846,50,50,1,-1,-1,-1
167,1,480,1064,50,50,1,-1,-1,-1
167,2,622,1122,50,50,1,-1,-1,-1
167,3,428,867,50,50,1,-1,-1,-1
168,1,488,1015,50,50,1,-1,-1,-1
168,2,621,1147,50,50,1,-1,-1,-1
168,3,422,891,50,50,1,-1,-1,-1
169,1,497,974,50,50,1,-1,-1,-1
169,2,615,1167,50,50,1,-1,-1,-1
169,3,415,919,50,50,1,-1,-1,-1
170,1,503,940,50,50,1,-1,-1,-1
170,2,605,1187,50,50,1,-1,-1,-1
170,3,409,953,50,50,1,-1,-1,-1
171,1,511,907,50,50,1,-1,-1,-1
171,2,599,1205,50,50,1,-1,-1,-1
171,3,402,989,50,50,1,-1,-1,-1
172,1,520,878,50,50,1,-1,-1,-1
172,2,593,1223,50,50,1,-1,-1,-1
172,3,394,1025,50,50,1,-1,-1,-1
173,1,528,856,50,50,1,-1,-1,-1
173,2,584,1240,50,50,1,-1,-1,-1
173,3,386,1050,50,50,1,-1,-1,-1
174,1,533,840,50,50,1,-1,-1,-1
174,2,573,1245,50,50,1,-1,-1,-1
174,3,384,1063,50,50,1,-1,-1,-1
175,1,538,827,50,50,1,-1,-1,-1
175,2,561,1239,50,50,1,-1,-1,-1
175,3,385,1079,50,50,1,-1,-1,-1
176,1,545,818,50,50,1,-1,-1,-1
176,2,551,1230,50,50,1,-1,-1,-1
176,3,386,1096,50,50,1,-1,-1,-1
177,1,553,817,50,50,1,-1,-1,-1
177,2,543,1214,50,50,1,-1,-1,-1
177,3,389,1113,50,50,1,-1,-1,-1
178,1,562,821,50,50,1,-1,-1,-1
178,2,536,1187,50,50,1,-1,-1,-1
178,3,391,1129,50,50,1,-1,-1,-1
179,1,572,833,50,50,1,-1,-1,-1
179,2,534,1147,50,50,1,-1,-1,-1
179,3,392,1149,50,50,1,-1,-1,-1
180,1,579,848,50,50,1,-1,-1,-1
180,2,527,1099,50,50,1,-1,-1,-1
180,3,394,1171,50,50,1,-1,-1,-1
181,1,585,868,50,50,1,-1,-1,-1
181,2,520,1053,50,50,1,-1,-1,-1
181,3,397,1188,50,50,1,-1,-1,-1
182,1,592,893,50,50,1,-1,-1,-1
182,2,512,1011,50,50,1,-1,-1,-1
182,3,398,1205,50,50,1,-1,-1,-1
183,1,599,924,50,50,1,-1,-1,-1
183,2,504,973,50,50,1,-1,-1,-1
183,3,400,1219,50,50,1,-1,-1,-1
184,1,607,958,50,50,1,-1,-1,-1
184,2,496,940,50,50,1,-1,-1,-1
184,3,402,1235,50,50,1,-1,-1,-1
185,1,612,986,50,50,1,-1,-1,-1
185,2,488,910,50,50,1,-1,-1,-1
185,3,403,1247,50,50,1,-1,-1,-1
186,1,622,1006,50,50,1,-1,-1,-1
186,2,482,883,50,50,1,-1,-1,-1
186,3,412,1249,50,50,1,-1,-1,-1
187,1,631,1018,50,50,1,-1,-1,-1
187,2,475,863,50,50,1,-1,-1,-1
187,3,424,1246,50,50,1,-1,-1,-1
188,1,636,1030,50,50,1,-1,-1,-1
188,2,466,856,50,50,1,-1,-1,-1
188,3,436,1238,50,50,1,-1,-1,-1
189,1,639,1046,50,50,1,-1,-1,-1
189,2,457,850,50,50,1,-1,-1,-1
189,3,448,1223,50,50,1,-1,-1,-1
190,1,636,1061,50,50,1,-1,-1,-1
190,2,450,850,50,50,1,-1,-1,-1
190,3,460,1200,50,50,1,-1,-1,-1
191,1,635,1080,50,50,1,-1,-1,-1
191,2,442,854,50,50,1,-1,-1,-1
191,3,470,1157,50,50,1,-1,-1,-1
192,1,631,1095,50,50,1,-1,-1,-1
192,2,434,863,50,50,1,-1,-1,-1
192,3,479,1105,50,50,1,-1,-1,-1
193,1,628,1119,50,50,1,-1,-1,-1
193,2,426,882,50,50,1,-1,-1,-1
193,3,488,1050,50,50,1,-1,-1,-1
194,1,621,1142,50,50,1,-1,-1,-1
194,2,417,902,50,50,1,-1,-1,-1
194,3,496,998,50,50,1,-1,-1,-1
195,1,608,1168,50,50,1,-1,-1,-1
195,2,409,931,50,50,1,-1,-1,-1
195,3,501,954,50,50,1,-1,-1,-1
196,1,598,1190,50,50,1,-1,-1,-1
196,2,402,963,50,50,1,-1,-1,-1
196,3,506,916,50,50,1,-1,-1,-1
197,1,584,1213,50,50,1,-1,-1,-1
197,2,395,998,50,50,1,-1,-1,-1
197,3,511,882,50,50,1,-1,-1,-1
198,1,572,1230,50,50,1,-1,-1,-1
198,2,385,1033,50,50,1,-1,-1,-1
198,3,518,856,50,50,1,-1,-1,-1
199,1,562,1234,50,50,1,-1,-1,-1
199,2,380,1055,50,50,1,-1,-1,-1
199,3,525,833,50,50,1,-1,-1,-1
200,1,552,1241,50,50,1,-1,-1,-1
200,2,377,1062,50,50,1,-1,-1,-1
200,3,530,814,50,50,1,-1,-1,-1
201,1,543,1239,50,50,1,-1,-1,-1
201,2,380,1076,50,50,1,-1,-1,-1
201,3,536,799,50,50,1,-1,-1,-1
202,1,535,1225,50,50,1,-1,-1,-1
202,2,386,1090,50,50,1,-1,-1,-1
202,3,543,788,50,50,1,-1,-1,-1
203,1,530,1196,50,50,1,-1,-1,-1
203,2,390,1108,50,50,1,-1,-1,-1
203,3,550,788,50,50,1,-1,-1,-1
204,1,521,1158,50,50,1,-1,-1,-1
204,2,393,1130,50,50,1,-1,-1,-1
204,3,558,794,50,50,1,-1,-1,-1
205,1,516,1116,50,50,1,-1,-1,-1
205,2,395,1154,50,50,1,-1,-1,-1
205,3,566,803,50,50,1,-1,-1,-1
206,1,513,1064,50,50,1,-1,-1,-1
206,2,396,1175,50,50,1,-1,-1,-1
206,3,571,818,50,50,1,-1,-1,-1
207,1,507,1012,50,50,1,-1,-1,-1
207,2,396,1196,50,50,1,-1,-1,-1
207,3,575,836,50,50,1,-1,-1,-1
208,1,501,968,50,50,1,-1,-1,-1
208,2,396,1212,50,50,1,-1,-1,-1
208,3,580,858,50,50,1,-1,-1,-1
209,1,494,925,50,50,1,-1,-1,-1
209,2,397,1229,50,50,1,-1,-1,-1
209,3,586,885,50,50,1,-1,-1,-1
210,1,487,889,50,50,1,-1,-1,-1
210,2,399,1241,50,50,1,-1,-1,-1
210,3,593,920,50,50,1,-1,-1,-1
211,1,481,858,50,50,1,-1,-1,-1
211,2,406,1243,50,50,1,-1,-1,-1
211,3,600,965,50,50,1,-1,-1,-1
212,1,475,836,50,50,1,-1,-1,-1
212,2,411,1247,50,50,1,-1,-1,-1
212,3,603,1005,50,50,1,-1,-1,-1
213,1,470,820,50,50,1,-1,-1,-1
213,2,418,1248,50,50,1,-1,-1,-1
213,3,613,1028,50,50,1,-1,-1,-1
214,1,464,806,50,50,1,-1,-1,-1
214,2,428,1242,50,50,1,-1,-1,-1
214,3,621,1034,50,50,1,-1,-1,-1
215,1,456,796,50,50,1,-1,-1,-1
215,2,435,1233,50,50,1,-1,-1,-1
215,3,626,1048,50,50,1,-1,-1,-1
216,1,447,796,50,50,1,-1,-1,-1
216,2,443,1213,50,50,1,-1,-1,-1
216,3,629,1060,50,50,1,-1,-1,-1
217,1,440,801,50,50,1,-1,-1,-1
217,2,453,1183,50,50,1,-1,-1,-1
217,3,632,1077,50,50,1,-1,-1,-1
218,1,433,809,50,50,1,-1,-1,-1
218,2,460,1140,50,50,1,-1,-1,-1
218,3,633,1093,50,50,1,-1,-1,-1
219,1,426,820,50,50,1,-1,-1,-1
219,2,468,1085,50,50,1,-1,-1,-1
219,3,628,1112,50,50,1,-1,-1,-1
220,1,422,843,50,50,1,-1,-1,-1
220,2,473,1031,50,50,1,-1,-1,-1
220,3,622,1125,50,50,1,-1,-1,-1
221,1,417,869,50,50,1,-1,-1,-1
221,2,479,983,50,50,1,-1,-1,-1
221,3,617,1151,50,50,1,-1,-1,-1
222,1,411,897,50,50,1,-1,-1,-1
222,2,485,941,50,50,1,-1,-1,-1
222,3,610,1173,50,50,1,-1,-1,-1
223,1,403,930,50,50,1,-1,-1,-1
223,2,491,902,50,50,1,-1,-1,-1
223,3,602,1193,50,50,1,-1,-1,-1
224,1,395,967,50,50,1,-1,-1,-1
224,2,497,866,50,50,1,-1,-1,-1
224,3,593,1213,50,50,1,-1,-1,-1
225,1,389,1006,50,50,1,-1,-1,-1
225,2,503,835,50,50,1,-1,-1,-1
225,3,583,1228,50,50,1,-1,-1,-1
226,1,380,1031,50,50,1,-1,-1,-1
226,2,508,810,50,50,1,-1,-1,-1
226,3,573,1237,50,50,1,-1,-1,-1
227,1,374,1046,50,50,1,-1,-1,-1
227,2,514,790,50,50,1,-1,-1,-1
227,3,564,1242,50,50,1,-1,-1,-1
228,1,374,1066,50,50,1,-1,-1,-1
228,2,520,776,50,50,1,-1,-1,-1
228,3,557,1242,50,50,1,-1,-1,-1
229,1,377,1084,50,50,1,-1,-1,-1
229,2,526,770,50,50,1,-1,-1,-1
229,3,548,1228,50,50,1,-1,-1,-1
230,1,382,1107,50,50,1,-1,-1,-1
230,2,533,766,50,50,1,-1,-1,-1
230,3,540,1200,50,50,1,-1,-1,-1
231,1,384,1129,50,50,1,-1,-1,-1
231,2,539,768,50,50,1,-1,-1,-1
231,3,533,1170,50,50,1,-1,-1,-1
232,1,385,1155,50,50,1,-1,-1,-1
232,2,545,778,50,50,1,-1,-1,-1
232,3,528,1128,50,50,1,-1,-1,-1
233,1,386,1176,50,50,1,-1,-1,-1
233,2,551,792,50,50,1,-1,-1,-1
233,3,523,1082,50,50,1,-1,-1,-1
234,1,388,1199,50,50,1,-1,-1,-1
234,2,558,813,50,50,1,-1,-1,-1
234,3,517,1035,50,50,1,-1,-1,-1
235,1,390,1215,50,50,1,-1,-1,-1
235,2,561,835,50,50,1,-1,-1,-1
235,3,510,989,50,50,1,-1,-1,-1
236,1,393,1229,50,50,1,-1,-1,-1
236,2,565,862,50,50,1,-1,-1,-1
236,3,501,950,50,50,1,-1,-1,-1
237,1,395,1240,50,50,1,-1,-1,-1
237,2,572,894,50,50,1,-1,-1,-1
237,3,491,916,50,50,1,-1,-1,-1
238,1,399,1249,50,50,1,-1,-1,-1
238,2,579,933,50,50,1,-1,-1,-1
238,3,484,888,50,50,1,-1,-1,-1
239,1,408,1247,50,50,1,-1,-1,-1
239,2,582,975,50,50,1,-1,-1,-1
239,3,478,863,50,50,1,-1,-1,-1
240,1,414,1245,50,50,1,-1,-1,-1
240,2,585,1009,50,50,1,-1,-1,-1
240,3,471,845,50,50,1,-1,-1,-1
241,1,421,1242,50,50,1,-1,-1,-1
241,2,591,1019,50,50,1,-1,-1,-1
241,3,462,833,50,50,1,-1,-1,-1
242,1,432,1232,50,50,1,-1,-1,-1
242,2,598,1025,50,50,1,-1,-1,-1
242,3,453,827,50,50,1,-1,-1,-1
243,1,442,1214,50,50,1,-1,-1,-1
243,2,605,1035,50,50,1,-1,-1,-1
243,3,444,826,50,50,1,-1,-1,-1
244,1,452,1192,50,50,1,-1,-1,-1
244,2,612,1048,50,50,1,-1,-1,-1
244,3,435,830,50,50,1,-1,-1,-1
245,1,464,1154,50,50,1,-1,-1,-1
245,2,619,1061,50,50,1,-1,-1,-1
245,3,426,836,50,50,1,-1,-1,-1
246,1,474,1099,50,50,1,-1,-1,-1
246,2,624,1077,50,50,1,-1,-1,-1
246,3,420,854,50,50,1,-1,-1,-1
247,1,481,1046,50,50,1,-1,-1,-1
247,2,627,1100,50,50,1,-1,-1,-1
247,3,415,878,50,50,1,-1,-1,-1
248,1,489,998,50,50,1,-1,-1,-1
248,2,628,1125,50,50,1,-1,-1,-1
248,3,409,905,50,50,1,-1,-1,-1
249,1,497,956,50,50,1,-1,-1,-1
249,2,628,1151,50,50,1,-1,-1,-1
249,3,401,934,50,50,1,-1,-1,-1
250,1,505,917,50,50,1,-1,-1,-1
250,2,624,1172,50,50,1,-1,-1,-1
250,3,392,967,50,50,1,-1,-1,-1
251,1,513,880,50,50,1,-1,-1,-1
251,2,622,1195,50,50,1,-1,-1,-1
251,3,386,1003,50,50,1,-1,-1,-1
252,1,520,848,50,50,1,-1,-1,-1
252,2,618,1215,50,50,1,-1,-1,-1
252,3,379,1040,50,50,1,-1,-1,-1
253,1,528,826,50,50,1,-1,-1,-1
253,2,608,1231,50,50,1,-1,-1,-1
253,3,364,1071,50,50,1,-1,-1,-1
254,1,535,810,50,50,1,-1,-1,-1
254,2,595,1239,50,50,1,-1,-1,-1
254,3,365,1082,50,50,1,-1,-1,-1
255,1,544,799,50,50,1,-1,-1,-1
255,2,583,1233,50,50,1,-1,-1,-1
255,3,365,1088,50,50,1,-1,-1,-1
256,1,554,790,50,50,1,-1,-1,-1
256,2,572,1225,50,50,1,-1,-1,-1
256,3,366,1097,50,50,1,-1,-1,-1
257,1,563,785,50,50,1,-1,-1,-1
257,2,564,1215,50,50,1,-1,-1,-1
257,3,369,1101,50,50,1,-1,-1,-1
258,1,573,791,50,50,1,-1,-1,-1
258,2,559,1190,50,50,1,-1,-1,-1
258,3,371,1110,50,50,1,-1,-1,-1
259,1,581,799,50,50,1,-1,-1,-1
259,2,553,1148,50,50,1,-1,-1,-1
259,3,370,1125,50,50,1,-1,-1,-1
260,1,587,813,50,50,1,-1,-1,-1
260,2,549,1105,50,50,1,-1,-1,-1
260,3,371,1143,50,50,1,-1,-1,-1
261,1,593,832,50,50,1,-1,-1,-1
261,2,544,1060,50,50,1,-1,-1,-1
261,3,374,1157,50,50,1,-1,-1,-1
262,1,601,857,50,50,1,-1,-1,-1
262,2,538,1014,50,50,1,-1,-1,-1
262,3,379,1177,50,50,1,-1,-1,-1
263,1,610,889,50,50,1,-1,-1,-1
263,2,527,969,50,50,1,-1,-1,-1
263,3,382,1195,50,50,1,-1,-1,-1
264,1,616,924,50,50,1,-1,-1,-1
264,2,517,927,50,50,1,-1,-1,-1
264,3,386,1208,50,50,1,-1,-1,-1
265,1,622,962,50,50,1,-1,-1,-1
265,2,508,894,50,50,1,-1,-1,-1
265,3,393,1223,50,50,1,-1,-1,-1
266,1,629,1000,50,50,1,-1,-1,-1
266,2,499,864,50,50,1,-1,-1,-1
266,3,401,1234,50,50,1,-1,-1,-1
267,1,635,1018,50,50,1,-1,-1,-1
267,2,490,844,50,50,1,-1,-1,-1
267,3,409,1237,50,50,1,-1,-1,-1
268,1,643,1032,50,50,1,-1,-1,-1
268,2,481,827,50,50,1,-1,-1,-1
268,3,418,1237,50,50,1,-1,-1,-1
269,1,648,1045,50,50,1,-1,-1,-1
269,2,472,814,50,50,1,-1,-1,-1
269,3,429,1234,50,50,1,-1,-1,-1
270,1,644,1050,50,50,1,-1,-1,-1
270,2,463,809,50,50,1,-1,-1,-1
270,3,441,1218,50,50,1,-1,-1,-1
271,1,639,1062,50,50,1,-1,-1,-1
271,2,453,811,50,50,1,-1,-1,-1
271,3,453,1190,50,50,1,-1,-1,-1
272,1,634,1076,50,50,1,-1,-1,-1
272,2,443,814,50,50,1,-1,-1,-1
272,3,467,1149,50,50,1,-1,-1,-1
273,1,630,1092,50,50,1,-1,-1,-1
273,2,432,823,50,50,1,-1,-1,-1
273,3,478,1101,50,50,1,-1,-1,-1
274,1,627,1107,50,50,1,-1,-1,-1
274,2,421,838,50,50,1,-1,-1,-1
274,3,484,1051,50,50,1,-1,-1,-1
275,1,624,1125,50,50,1,-1,-1,-1
275,2,410,857,50,50,1,-1,-1,-1
275,3,487,999,50,50,1,-1,-1,-1
276,1,620,1149,50,50,1,-1,-1,-1
276,2,404,885,50,50,1,-1,-1,-1
276,3,493,953,50,50,1,-1,-1,-1
277,1,614,1171,50,50,1,-1,-1,-1
277,2,399,920,50,50,1,-1,-1,-1
277,3,498,908,50,50,1,-1,-1,-1
278,1,606,1183,50,50,1,-1,-1,-1
278,2,393,958,50,50,1,-1,-1,-1
278,3,504,870,50,50,1,-1,-1,-1
279,1,599,1206,50,50,1,-1,-1,-1
279,2,384,996,50,50,1,-1,-1,-1
279,3,512,840,50,50,1,-1,-1,-1
280,1,591,1222,50,50,1,-1,-1,-1
280,2,370,1030,50,50,1,-1,-1,-1
280,3,519,815,50,50,1,-1,-1,-1
281,1,585,1232,50,50,1,-1,-1,-1
281,2,366,1044,50,50,1,-1,-1,-1
281,3,526,797,50,50,1,-1,-1,-1
282,1,578,1241,50,50,1,-1,-1,-1
282,2,364,1049,50,50,1,-1,-1,-1
282,3,532,783,50,50,1,-1,-1,-1
283,1,569,1240,50,50,1,-1,-1,-1
283,2,365,1059,50,50,1,-1,-1,-1
283,3,538,772,50,50,1,-1,-1,-1
284,1,563,1229,50,50,1,-1,-1,-1
284,2,368,1075,50,50,1,-1,-1,-1
284,3,543,766,50,50,1,-1,-1,-1
285,1,560,1211,50,50,1,-1,-1,-1
285,2,375,1088,50,50,1,-1,-1,-1
285,3,548,767,50,50,1,-1,-1,-1
286,1,556,1184,50,50,1,-1,-1,-1
286,2,380,1106,50,50,1,-1,-1,-1
286,3,555,773,50,50,1,-1,-1,-1
287,1,549,1140,50,50,1,-1,-1,-1
287,2,381,1124,50,50,1,-1,-1,-1
287,3,563,787,50,50,1,-1,-1,-1
288,1,544,1090,50,50,1,-1,-1,-1
288,2,382,1139,50,50,1,-1,-1,-1
288,3,571,804,50,50,1,-1,-1,-1
289,1,539,1041,50,50,1,-1,-1,-1
289,2,382,1157,50,50,1,-1,-1,-1
289,3,578,825,50,50,1,-1,-1,-1
290,1,533,1000,50,50,1,-1,-1,-1
290,2,383,1177,50,50,1,-1,-1,-1
290,3,582,851,50,50,1,-1,-1,-1
291,1,527,961,50,50,1,-1,-1,-1
291,2,388,1191,50,50,1,-1,-1,-1
291,3,584,882,50,50,1,-1,-1,-1
292,1,521,924,50,50,1,-1,-1,-1
292,2,391,1209,50,50,1,-1,-1,-1
292,3,587,917,50,50,1,-1,-1,-1
293,1,514,894,50,50,1,-1,-1,-1
293,2,392,1223,50,50,1,-1,-1,-1
293,3,594,954,50,50,1,-1,-1,-1
294,1,506,865,50,50,1,-1,-1,-1
294,2,395,1233,50,50,1,-1,-1,-1
294,3,603,994,50,50,1,-1,-1,-1
295,1,499,845,50,50,1,-1,-1,-1
295,2,400,1243,50,50,1,-1,-1,-1
295,3,612,1007,50,50,1,-1,-1,-1
296,1,492,830,50,50,1,-1,-1,-1
296,2,408,1244,50,50,1,-1,-1,-1
296,3,619,1013,50,50,1,-1,-1,-1
297,1,484,821,50,50,1,-1,-1,-1
297,2,417,1236,50,50,1,-1,-1,-1
297,3,628,1022,50,50,1,-1,-1,-1
298,1,476,817,50,50,1,-1,-1,-1
298,2,429,1225,50,50,1,-1,-1,-1
298,3,635,1036,50,50,1,-1,-1,-1
299,1,467,819,50,50,1,-1,-1,-1
299,2,444,1206,50,50,1,-1,-1,-1
299,3,641,1051,50,50,1,-1,-1,-1
300,1,459,827,50,50,1,-1,-1,-1
300,2,457,1173,50,50,1,-1,-1,-1
300,3,644,1068,50,50,1,-1,-1,-1
301,1,453,842,50,50,1,-1,-1,-1
301,2,469,1120,50,50,1,-1,-1,-1
301,3,644,1091,50,50,1,-1,-1,-1
302,1,447,861,50,50,1,-1,-1,-1
302,2,478,1062,50,50,1,-1,-1,-1
302,3,644,1114,50,50,1,-1,-1,-1
303,1,441,885,50,50,1,-1,-1,-1
303,2,485,1007,50,50,1,-1,-1,-1
303,3,644,1137,50,50,1,-1,-1,-1
304,1,435,917,50,50,1,-1,-1,-1
304,2,493,962,50,50,1,-1,-1,-1
304,3,635,1162,50,50,1,-1,-1,-1
305,1,428,951,50,50,1,-1,-1,-1
305,2,501,919,50,50,1,-1,-1,-1
305,3,627,1184,50,50,1,-1,-1,-1
306,1,420,987,50,50,1,-1,-1,-1
306,2,515,881,50,50,1,-1,-1,-1
306,3,619,1204,50,50,1,-1,-1,-1
307,1,412,1025,50,50,1,-1,-1,-1
307,2,526,847,50,50,1,-1,-1,-1
307,3,610,1223,50,50,1,-1,-1,-1
308,1,405,1047,50,50,1,-1,-1,-1
308,2,533,823,50,50,1,-1,-1,-1
308,3,600,1235,50,50,1,-1,-1,-1
309,1,404,1067,50,50,1,-1,-1,-1
309,2,540,800,50,50,1,-1,-1,-1
309,3,592,1238,50,50,1,-1,-1,-1
310,1,403,1079,50,50,1,-1,-1,-1
310,2,548,784,50,50,1,-1,-1,-1
310,3,585,1234,50,50,1,-1,-1,-1
311,1,403,1091,50,50,1,-1,-1,-1
311,2,555,772,50,50,1,-1,-1,-1
311,3,577,1232,50,50,1,-1,-1,-1
312,1,403,1108,50,50,1,-1,-1,-1
312,2,566,765,50,50,1,-1,-1,-1
312,3,571,1214,50,50,1,-1,-1,-1
313,1,402,1120,50,50,1,-1,-1,-1
313,2,578,763,50,50,1,-1,-1,-1
313,3,567,1182,50,50,1,-1,-1,-1
314,1,401,1138,50,50,1,-1,-1,-1
314,2,590,765,50,50,1,-1,-1,-1
314,3,563,1145,50,50,1,-1,-1,-1
315,1,400,1155,50,50,1,-1,-1,-1
315,2,597,773,50,50,1,-1,-1,-1
315,3,558,1097,50,50,1,-1,-1,-1
316,1,401,1169,50,50,1,-1,-1,-1
316,2,604,788,50,50,1,-1,-1,-1
316,3,551,1040,50,50,1,-1,-1,-1
317,1,401,1186,50,50,1,-1,-1,-1
317,2,610,806,50,50,1,-1,-1,-1
317,3,543,988,50,50,1,-1,-1,-1
318,1,402,1198,50,50,1,-1,-1,-1
318,2,617,831,50,50,1,-1,-1,-1
318,3,537,938,50,50,1,-1,-1,-1
319,1,402,1209,50,50,1,-1,-1,-1
319,2,627,864,50,50,1,-1,-1,-1
319,3,532,896,50,50,1,-1,-1,-1
320,1,401,1219,50,50,1,-1,-1,-1
320,2,637,902,50,50,1,-1,-1,-1
320,3,526,860,50,50,1,-1,-1,-1
321,1,404,1225,50,50,1,-1,-1,-1
321,2,646,943,50,50,1,-1,-1,-1
321,3,518,832,50,50,1,-1,-1,-1
322,1,406,1234,50,50,1,-1,-1,-1
322,2,652,982,50,50,1,-1,-1,-1
322,3,510,807,50,50,1,-1,-1,-1
323,1,412,1237,50,50,1,-1,-1,-1
323,2,657,1013,50,50,1,-1,-1,-1
323,3,501,783,50,50,1,-1,-1,-1
324,1,421,1235,50,50,1,-1,-1,-1
324,2,664,1023,50,50,1,-1,-1,-1
324,3,489,768,50,50,1,-1,-1,-1
325,1,430,1229,50,50,1,-1,-1,-1
325,2,666,1037,50,50,1,-1,-1,-1
325,3,480,759,50,50,1,-1,-1,-1
326,1,439,1217,50,50,1,-1,-1,-1
326,2,665,1053,50,50,1,-1,-1,-1
326,3,472,754,50,50,1,-1,-1,-1
327,1,449,1194,50,50,1,-1,-1,-1
327,2,660,1069,50,50,1,-1,-1,-1
327,3,463,758,50,50,1,-1,-1,-1
328,1,461,1162,50,50,1,-1,-1,-1
328,2,657,1087,50,50,1,-1,-1,-1
328,3,455,766,50,50,1,-1,-1,-1
329,1,473,1114,50,50,1,-1,-1,-1
329,2,652,1106,50,50,1,-1,-1,-1
329,3,446,776,50,50,1,-1,-1,-1
330,1,480,1058,50,50,1,-1,-1,-1
330,2,648,1128,50,50,1,-1,-1,-1
330,3,441,792,50,50,1,-1,-1,-1
331,1,487,1004,50,50,1,-1,-1,-1
331,2,640,1148,50,50,1,-1,-1,-1
331,3,433,820,50,50,1,-1,-1,-1
332,1,495,959,50,50,1,-1,-1,-1
332,2,631,1167,50,50,1,-1,-1,-1
332,3,425,848,50,50,1,-1,-1,-1
333,1,505,923,50,50,1,-1,-1,-1
333,2,621,1189,50,50,1,-1,-1,-1
333,3,418,880,50,50,1,-1,-1,-1
334,1,517,886,50,50,1,-1,-1,-1
334,2,612,1206,50,50,1,-1,-1,-1
334,3,410,917,50,50,1,-1,-1,-1
335,1,527,855,50,50,1,-1,-1,-1
335,2,603,1222,50,50,1,-1,-1,-1
335,3,401,960,50,50,1,-1,-1,-1
336,1,537,828,50,50,1,-1,-1,-1
336,2,592,1234,50,50,1,-1,-1,-1
336,3,393,1004,50,50,1,-1,-1,-1
337,1,545,808,50,50,1,-1,-1,-1
337,2,581,1239,50,50,1,-1,-1,-1
337,3,386,1040,50,50,1,-1,-1,-1
338,1,550,796,50,50,1,-1,-1,-1
338,2,572,1240,50,50,1,-1,-1,-1
338,3,382,1057,50,50,1,-1,-1,-1
339,1,558,788,50,50,1,-1,-1,-1
339,2,567,1232,50,50,1,-1,-1,-1
339,3,383,1068,50,50,1,-1,-1,-1
340,1,567,785,50,50,1,-1,-1,-1
340,2,564,1220,50,50,1,-1,-1,-1
340,3,388,1077,50,50,1,-1,-1,-1
341,1,578,787,50,50,1,-1,-1,-1
341,2,561,1202,50,50,1,-1,-1,-1
341,3,393,1083,50,50,1,-1,-1,-1
342,1,590,793,50,50,1,-1,-1,-1
342,2,561,1173,50,50,1,-1,-1,-1
342,3,396,1088,50,50,1,-1,-1,-1
343,1,599,804,50,50,1,-1,-1,-1
343,2,558,1125,50,50,1,-1,-1,-1
343,3,399,1093,50,50,1,-1,-1,-1
344,1,604,821,50,50,1,-1,-1,-1
344,2,554,1077,50,50,1,-1,-1,-1
344,3,400,1097,50,50,1,-1,-1,-1
345,1,613,845,50,50,1,-1,-1,-1
345,2,549,1030,50,50,1,-1,-1,-1
345,3,400,1101,50,50,1,-1,-1,-1
346,1,622,873,50,50,1,-1,-1,-1
346,2,543,985,50,50,1,-1,-1,-1
346,3,400,1107,50,50,1,-1,-1,-1
347,1,631,905,50,50,1,-1,-1,-1
347,2,533,942,50,50,1,-1,-1,-1
347,3,400,1114,50,50,1,-1,-1,-1
348,1,641,943,50,50,1,-1,-1,-1
348,2,523,903,50,50,1,-1,-1,-1
348,3,401,1117,50,50,1,-1,-1,-1
349,1,649,984,50,50,1,-1,-1,-1
349,2,516,879,50,50,1,-1,-1,-1
349,3,401,1118,50,50,1,-1,-1,-1
350,1,656,1022,50,50,1,-1,-1,-1
350,2,510,855,50,50,1,-1,-1,-1
350,3,401,1119,50,50,1,-1,-1,-1
351,1,660,1038,50,50,1,-1,-1,-1
351,2,504,837,50,50,1,-1,-1,-1
351,3,400,1118,50,50,1,-1,-1,-1
352,1,664,1043,50,50,1,-1,-1,-1
352,2,496,821,50,50,1,-1,-1,-1
352,3,398,1116,50,50,1,-1,-1,-1
353,1,660,1048,50,50,1,-1,-1,-1
353,2,487,811,50,50,1,-1,-1,-1
353,3,393,1114,50,50,1,-1,-1,-1
354,1,658,1054,50,50,1,-1,-1,-1
354,2,477,809,50,50,1,-1,-1,-1
354,3,390,1113,50,50,1,-1,-1,-1
355,1,653,1059,50,50,1,-1,-1,-1
355,2,467,814,50,50,1,-1,-1,-1
355,3,387,1108,50,50,1,-1,-1,-1
356,1,653,1062,50,50,1,-1,-1,-1
356,2,457,823,50,50,1,-1,-1,-1
356,3,384,1104,50,50,1,-1,-1,-1
357,1,651,1063,50,50,1,-1,-1,-1
357,2,450,841,50,50,1,-1,-1,-1
357,3,378,1104,50,50,1,-1,-1,-1
358,1,654,1064,50,50,1,-1,-1,-1
358,2,443,861,50,50,1,-1,-1,-1
358,3,373,1102,50,50,1,-1,-1,-1
359,1,655,1067,50,50,1,-1,-1,-1
359,2,436,883,50,50,1,-1,-1,-1
359,3,367,1104,50,50,1,-1,-1,-1
360,1,654,1066,50,50,1,-1,-1,-1
360,2,429,909,50,50,1,-1,-1,-1
360,3,361,1105,50,50,1,-1,-1,-1
361,1,653,1066,50,50,1,-1,-1,-1
361,2,419,946,50,50,1,-1,-1,-1
361,3,358,1107,50,50,1,-1,-1,-1
362,1,652,1068,50,50,1,-1,-1,-1
362,2,410,986,50,50,1,-1,-1,-1
362,3,354,1113,50,50,1,-1,-1,-1
363,1,652,1070,50,50,1,-1,-1,-1
363,2,404,1032,50,50,1,-1,-1,-1
363,3,351,1114,50,50,1,-1,-1,-1
364,1,653,1069,50,50,1,-1,-1,-1
364,2,398,1078,50,50,1,-1,-1,-1
364,3,348,1115,50,50,1,-1,-1,-1
365,1,653,1070,50,50,1,-1,-1,-1
365,2,394,1104,50,50,1,-1,-1,-1
365,3,350,1114,50,50,1,-1,-1,-1
366,1,653,1072,50,50,1,-1,-1,-1
366,2,393,1108,50,50,1,-1,-1,-1
366,3,355,1118,50,50,1,-1,-1,-1
367,1,654,1071,50,50,1,-1,-1,-1
367,2,391,1103,50,50,1,-1,-1,-1
367,3,359,1121,50,50,1,-1,-1,-1
368,1,654,1073,50,50,1,-1,-1,-1
368,2,391,1099,50,50,1,-1,-1,-1
368,3,358,1119,50,50,1,-1,-1,-1
369,1,653,1072,50,50,1,-1,-1,-1
369,2,393,1098,50,50,1,-1,-1,-1
369,3,358,1114,50,50,1,-1,-1,-1
370,1,652,1073,50,50,1,-1,-1,-1
370,2,396,1096,50,50,1,-1,-1,-1
370,3,358,1111,50,50,1,-1,-1,-1
371,1,653,1073,50,50,1,-1,-1,-1
371,2,398,1094,50,50,1,-1,-1,-1
371,3,359,1110,50,50,1,-1,-1,-1
372,1,654,1073,50,50,1,-1,-1,-1
372,2,397,1093,50,50,1,-1,-1,-1
372,3,362,1109,50,50,1,-1,-1,-1
373,1,655,1073,50,50,1,-1,-1,-1
373,2,397,1092,50,50,1,-1,-1,-1
373,3,364,1108,50,50,1,-1,-1,-1
374,1,655,1072,50,50,1,-1,-1,-1
374,2,398,1093,50,50,1,-1,-1,-1
374,3,364,1104,50,50,1,-1,-1,-1
375,1,655,1072,50,50,1,-1,-1,-1
375,2,398,1090,50,50,1,-1,-1,-1
375,3,364,1103,50,50,1,-1,-1,-1
376,1,654,1073,50,50,1,-1,-1,-1
376,2,399,1091,50,50,1,-1,-1,-1
376,3,365,1103,50,50,1,-1,-1,-1
377,1,655,1072,50,50,1,-1,-1,-1
377,2,399,1091,50,50,1,-1,-1,-1
377,3,363,1101,50,50,1,-1,-1,-1
378,1,656,1072,50,50,1,-1,-1,-1
378,2,400,1091,50,50,1,-1,-1,-1
378,3,362,1100,50,50,1,-1,-1,-1
379,1,656,1072,50,50,1,-1,-1,-1
379,2,400,1091,50,50,1,-1,-1,-1
379,3,364,1103,50,50,1,-1,-1,-1
380,1,656,1072,50,50,1,-1,-1,-1
380,2,400,1091,50,50,1,-1,-1,-1
380,3,365,1103,50,50,1,-1,-1,-1
381,1,656,1073,50,50,1,-1,-1,-1
381,2,400,1089,50,50,1,-1,-1,-1
381,3,366,1103,50,50,1,-1,-1,-1
382,1,657,1074,50,50,1,-1,-1,-1
382,2,400,1089,50,50,1,-1,-1,-1
382,3,366,1101,50,50,1,-1,-1,-1
383,1,658,1075,50,50,1,-1,-1,-1
383,2,399,1088,50,50,1,-1,-1,-1
383,3,366,1101,50,50,1,-1,-1,-1
384,1,659,1077,50,50,1,-1,-1,-1
384,2,399,1088,50,50,1,-1,-1,-1
384,3,365,1102,50,50,1,-1,-1,-1
385,1,660,1081,50,50,1,-1,-1,-1
385,2,400,1089,50,50,1,-1,-1,-1
385,3,365,1102,50,50,1,-1,-1,-1
386,1,660,1084,50,50,1,-1,-1,-1
386,2,399,1089,50,50,1,-1,-1,-1
386,3,365,1103,50,50,1,-1,-1,-1
