1,1,699,1146,50,50,1,-1,-1,-1
1,2,460,1134,50,50,1,-1,-1,-1
1,3,669,1134,50,50,1,-1,-1,-1
2,1,697,1149,50,50,1,-1,-1,-1
2,2,460,1138,50,50,1,-1,-1,-1
2,3,669,1137,50,50,1,-1,-1,-1
3,1,697,1152,50,50,1,-1,-1,-1
3,2,462,1139,50,50,1,-1,-1,-1
3,3,665,1140,50,50,1,-1,-1,-1
4,1,690,1163,50,50,1,-1,-1,-1
4,2,465,1138,50,50,1,-1,-1,-1
4,3,664,1146,50,50,1,-1,-1,-1
5,1,687,1168,50,50,1,-1,-1,-1
5,2,468,1139,50,50,1,-1,-1,-1
5,3,660,1151,50,50,1,-1,-1,-1
6,1,677,1175,50,50,1,-1,-1,-1
6,2,469,1142,50,50,1,-1,-1,-1
6,3,655,1156,50,50,1,-1,-1,-1
7,1,677,1179,50,50,1,-1,-1,-1
7,2,470,1143,50,50,1,-1,-1,-1
7,3,649,1159,50,50,1,-1,-1,-1
8,1,669,1179,50,50,1,-1,-1,-1
8,2,471,1142,50,50,1,-1,-1,-1
8,3,643,1160,50,50,1,-1,-1,-1
9,1,667,1181,50,50,1,-1,-1,-1
9,2,471,1140,50,50,1,-1,-1,-1
9,3,640,1159,50,50,1,-1,-1,-1
10,1,662,1178,50,50,1,-1,-1,-1
10,2,469,1141,50,50,1,-1,-1,-1
10,3,637,1157,50,50,1,-1,-1,-1
11,1,657,1173,50,50,1,-1,-1,-1
11,2,467,1142,50,50,1,-1,-1,-1
11,3,633,1154,50,50,1,-1,-1,-1
12,1,656,1170,50,50,1,-1,-1,-1
12,2,466,1142,50,50,1,-1,-1,-1
12,3,630,1152,50,50,1,-1,-1,-1
13,1,656,1170,50,50,1,-1,-1,-1
13,2,465,1142,50,50,1,-1,-1,-1
13,3,633,1153,50,50,1,-1,-1,-1
14,1,657,1168,50,50,1,-1,-1,-1
14,2,466,1141,50,50,1,-1,-1,-1
14,3,636,1152,50,50,1,-1,-1,-1
15,1,658,1162,50,50,1,-1,-1,-1
15,2,465,1141,50,50,1,-1,-1,-1
15,3,635,1152,50,50,1,-1,-1,-1
16,1,661,1165,50,50,1,-1,-1,-1
16,2,464,1142,50,50,1,-1,-1,-1
16,3,634,1152,50,50,1,-1,-1,-1
17,1,664,1168,50,50,1,-1,-1,-1
17,2,464,1143,50,50,1,-1,-1,-1
17,3,635,1152,50,50,1,-1,-1,-1
18,1,665,1168,50,50,1,-1,-1,-1
18,2,464,1144,50,50,1,-1,-1,-1
18,3,636,1153,50,50,1,-1,-1,-1
19,1,664,1168,50,50,1,-1,-1,-1
19,2,463,1144,50,50,1,-1,-1,-1
19,3,638,1155,50,50,1,-1,-1,-1
20,1,664,1169,50,50,1,-1,-1,-1
20,2,463,1144,50,50,1,-1,-1,-1
20,3,641,1154,50,50,1,-1,-1,-1
21,1,668,1170,50,50,1,-1,-1,-1
21,2,465,1144,50,50,1,-1,-1,-1
21,3,644,1152,50,50,1,-1,-1,-1
22,1,668,1170,50,50,1,-1,-1,-1
22,2,467,1144,50,50,1,-1,-1,-1
22,3,644,1152,50,50,1,-1,-1,-1
23,1,667,1171,50,50,1,-1,-1,-1
23,2,468,1144,50,50,1,-1,-1,-1
23,3,643,1153,50,50,1,-1,-1,-1
24,1,667,1173,50,50,1,-1,-1,-1
24,2,469,1144,50,50,1,-1,-1,-1
24,3,646,1154,50,50,1,-1,-1,-1
25,1,668,1175,50,50,1,-1,-1,-1
25,2,470,1144,50,50,1,-1,-1,-1
25,3,649,1155,50,50,1,-1,-1,-1
26,1,669,1176,50,50,1,-1,-1,-1
26,2,471,1144,50,50,1,-1,-1,-1
26,3,648,1155,50,50,1,-1,-1,-1
27,1,668,1176,50,50,1,-1,-1,-1
27,2,472,1144,50,50,1,-1,-1,-1
27,3,646,1156,50,50,1,-1,-1,-1
28,1,666,1177,50,50,1,-1,-1,-1
28,2,473,1145,50,50,1,-1,-1,-1
28,3,646,1158,50,50,1,-1,-1,-1
29,1,663,1180,50,50,1,-1,-1,-1
29,2,473,1146,50,50,1,-1,-1,-1
29,3,644,1161,50,50,1,-1,-1,-1
30,1,659,1183,50,50,1,-1,-1,-1
30,2,473,1146,50,50,1,-1,-1,-1
30,3,640,1164,50,50,1,-1,-1,-1
31,1,657,1185,50,50,1,-1,-1,-1
31,2,473,1146,50,50,1,-1,-1,-1
31,3,637,1166,50,50,1,-1,-1,-1
32,1,657,1186,50,50,1,-1,-1,-1
32,2,472,1146,50,50,1,-1,-1,-1
32,3,633,1166,50,50,1,-1,-1,-1
33,1,655,1187,50,50,1,-1,-1,-1
33,2,471,1147,50,50,1,-1,-1,-1
33,3,629,1165,50,50,1,-1,-1,-1
34,1,648,1189,50,50,1,-1,-1,-1
34,2,471,1148,50,50,1,-1,-1,-1
34,3,625,1165,50,50,1,-1,-1,-1
35,1,640,1179,50,50,1,-1,-1,-1
35,2,471,1148,50,50,1,-1,-1,-1
35,3,621,1163,50,50,1,-1,-1,-1
36,1,634,1166,50,50,1,-1,-1,-1
36,2,471,1148,50,50,1,-1,-1,-1
36,3,616,1142,50,50,1,-1,-1,-1
37,1,628,1139,50,50,1,-1,-1,-1
37,2,471,1148,50,50,1,-1,-1,-1
37,3,611,1109,50,50,1,-1,-1,-1
38,1,618,1091,50,50,1,-1,-1,-1
38,2,471,1148,50,50,1,-1,-1,-1
38,3,607,1067,50,50,1,-1,-1,-1
39,1,613,1026,50,50,1,-1,-1,-1
39,2,471,1146,50,50,1,-1,-1,-1
39,3,605,1027,50,50,1,-1,-1,-1
40,1,618,972,50,50,1,-1,-1,-1
40,2,470,1143,50,50,1,-1,-1,-1
40,3,605,994,50,50,1,-1,-1,-1
41,1,615,919,50,50,1,-1,-1,-1
41,2,469,1141,50,50,1,-1,-1,-1
41,3,609,976,50,50,1,-1,-1,-1
42,1,616,878,50,50,1,-1,-1,-1
42,2,468,1139,50,50,1,-1,-1,-1
42,3,615,963,50,50,1,-1,-1,-1
43,1,616,843,50,50,1,-1,-1,-1
43,2,468,1137,50,50,1,-1,-1,-1
43,3,623,969,50,50,1,-1,-1,-1
44,1,618,810,50,50,1,-1,-1,-1
44,2,469,1137,50,50,1,-1,-1,-1
44,3,631,982,50,50,1,-1,-1,-1
45,1,620,781,50,50,1,-1,-1,-1
45,2,469,1138,50,50,1,-1,-1,-1
45,3,634,1001,50,50,1,-1,-1,-1
46,1,621,757,50,50,1,-1,-1,-1
46,2,468,1137,50,50,1,-1,-1,-1
46,3,633,1026,50,50,1,-1,-1,-1
47,1,622,738,50,50,1,-1,-1,-1
47,2,467,1134,50,50,1,-1,-1,-1
47,3,632,1057,50,50,1,-1,-1,-1
48,1,623,727,50,50,1,-1,-1,-1
48,2,464,1135,50,50,1,-1,-1,-1
48,3,633,1094,50,50,1,-1,-1,-1
49,1,627,725,50,50,1,-1,-1,-1
49,2,463,1136,50,50,1,-1,-1,-1
49,3,633,1126,50,50,1,-1,-1,-1
50,1,632,726,50,50,1,-1,-1,-1
50,2,462,1137,50,50,1,-1,-1,-1
50,3,631,1132,50,50,1,-1,-1,-1
51,1,635,732,50,50,1,-1,-1,-1
51,2,462,1141,50,50,1,-1,-1,-1
51,3,625,1118,50,50,1,-1,-1,-1
52,1,638,744,50,50,1,-1,-1,-1
52,2,464,1147,50,50,1,-1,-1,-1
52,3,606,1078,50,50,1,-1,-1,-1
53,1,642,763,50,50,1,-1,-1,-1
53,2,467,1153,50,50,1,-1,-1,-1
53,3,594,1024,50,50,1,-1,-1,-1
54,1,646,787,50,50,1,-1,-1,-1
54,2,468,1157,50,50,1,-1,-1,-1
54,3,585,973,50,50,1,-1,-1,-1
55,1,649,816,50,50,1,-1,-1,-1
55,2,467,1160,50,50,1,-1,-1,-1
55,3,579,933,50,50,1,-1,-1,-1
56,1,653,848,50,50,1,-1,-1,-1
56,2,469,1166,50,50,1,-1,-1,-1
56,3,571,901,50,50,1,-1,-1,-1
57,1,657,881,50,50,1,-1,-1,-1
57,2,473,1176,50,50,1,-1,-1,-1
57,3,563,870,50,50,1,-1,-1,-1
58,1,660,913,50,50,1,-1,-1,-1
58,2,478,1185,50,50,1,-1,-1,-1
58,3,556,843,50,50,1,-1,-1,-1
59,1,664,949,50,50,1,-1,-1,-1
59,2,487,1192,50,50,1,-1,-1,-1
59,3,549,816,50,50,1,-1,-1,-1
60,1,673,977,50,50,1,-1,-1,-1
60,2,498,1196,50,50,1,-1,-1,-1
60,3,543,798,50,50,1,-1,-1,-1
61,1,670,994,50,50,1,-1,-1,-1
61,2,513,1191,50,50,1,-1,-1,-1
61,3,534,791,50,50,1,-1,-1,-1
62,1,667,1001,50,50,1,-1,-1,-1
62,2,535,1178,50,50,1,-1,-1,-1
62,3,524,790,50,50,1,-1,-1,-1
63,1,667,1009,50,50,1,-1,-1,-1
63,2,558,1160,50,50,1,-1,-1,-1
63,3,515,792,50,50,1,-1,-1,-1
64,1,666,1018,50,50,1,-1,-1,-1
64,2,576,1131,50,50,1,-1,-1,-1
64,3,505,801,50,50,1,-1,-1,-1
65,1,666,1027,50,50,1,-1,-1,-1
65,2,583,1073,50,50,1,-1,-1,-1
65,3,498,814,50,50,1,-1,-1,-1
66,1,666,1036,50,50,1,-1,-1,-1
66,2,587,1007,50,50,1,-1,-1,-1
66,3,494,833,50,50,1,-1,-1,-1
67,1,665,1042,50,50,1,-1,-1,-1
67,2,581,942,50,50,1,-1,-1,-1
67,3,490,856,50,50,1,-1,-1,-1
68,1,668,1046,50,50,1,-1,-1,-1
68,2,573,886,50,50,1,-1,-1,-1
68,3,485,885,50,50,1,-1,-1,-1
69,1,670,1051,50,50,1,-1,-1,-1
69,2,565,837,50,50,1,-1,-1,-1
69,3,481,916,50,50,1,-1,-1,-1
70,1,675,1055,50,50,1,-1,-1,-1
70,2,558,788,50,50,1,-1,-1,-1
70,3,478,946,50,50,1,-1,-1,-1
71,1,680,1055,50,50,1,-1,-1,-1
71,2,551,739,50,50,1,-1,-1,-1
71,3,474,980,50,50,1,-1,-1,-1
72,1,680,1058,50,50,1,-1,-1,-1
72,2,546,694,50,50,1,-1,-1,-1
72,3,470,1020,50,50,1,-1,-1,-1
73,1,685,1060,50,50,1,-1,-1,-1
73,2,543,661,50,50,1,-1,-1,-1
73,3,466,1058,50,50,1,-1,-1,-1
74,1,690,1059,50,50,1,-1,-1,-1
74,2,538,638,50,50,1,-1,-1,-1
74,3,463,1089,50,50,1,-1,-1,-1
75,1,691,1059,50,50,1,-1,-1,-1
75,2,532,620,50,50,1,-1,-1,-1
75,3,467,1115,50,50,1,-1,-1,-1
76,1,693,1060,50,50,1,-1,-1,-1
76,2,526,602,50,50,1,-1,-1,-1
76,3,479,1140,50,50,1,-1,-1,-1
77,1,695,1060,50,50,1,-1,-1,-1
77,2,520,586,50,50,1,-1,-1,-1
77,3,494,1159,50,50,1,-1,-1,-1
78,1,697,1059,50,50,1,-1,-1,-1
78,2,517,584,50,50,1,-1,-1,-1
78,3,508,1173,50,50,1,-1,-1,-1
79,1,696,1058,50,50,1,-1,-1,-1
79,2,513,586,50,50,1,-1,-1,-1
79,3,521,1177,50,50,1,-1,-1,-1
80,1,694,1056,50,50,1,-1,-1,-1
80,2,507,589,50,50,1,-1,-1,-1
80,3,535,1168,50,50,1,-1,-1,-1
81,1,693,1053,50,50,1,-1,-1,-1
81,2,502,597,50,50,1,-1,-1,-1
81,3,552,1150,50,50,1,-1,-1,-1
82,1,695,1054,50,50,1,-1,-1,-1
82,2,500,615,50,50,1,-1,-1,-1
82,3,568,1116,50,50,1,-1,-1,-1
83,1,691,1057,50,50,1,-1,-1,-1
83,2,497,647,50,50,1,-1,-1,-1
83,3,577,1068,50,50,1,-1,-1,-1
84,1,693,1064,50,50,1,-1,-1,-1
84,2,497,678,50,50,1,-1,-1,-1
84,3,576,1003,50,50,1,-1,-1,-1
85,1,688,1072,50,50,1,-1,-1,-1
85,2,498,709,50,50,1,-1,-1,-1
85,3,577,944,50,50,1,-1,-1,-1
86,1,685,1077,50,50,1,-1,-1,-1
86,2,499,747,50,50,1,-1,-1,-1
86,3,581,897,50,50,1,-1,-1,-1
87,1,679,1087,50,50,1,-1,-1,-1
87,2,499,791,50,50,1,-1,-1,-1
87,3,583,860,50,50,1,-1,-1,-1
88,1,675,1099,50,50,1,-1,-1,-1
88,2,499,835,50,50,1,-1,-1,-1
88,3,585,825,50,50,1,-1,-1,-1
89,1,668,1115,50,50,1,-1,-1,-1
89,2,495,889,50,50,1,-1,-1,-1
89,3,589,790,50,50,1,-1,-1,-1
90,1,661,1135,50,50,1,-1,-1,-1
90,2,494,943,50,50,1,-1,-1,-1
90,3,592,762,50,50,1,-1,-1,-1
91,1,655,1151,50,50,1,-1,-1,-1
91,2,489,980,50,50,1,-1,-1,-1
91,3,594,738,50,50,1,-1,-1,-1
92,1,646,1168,50,50,1,-1,-1,-1
92,2,490,996,50,50,1,-1,-1,-1
92,3,597,718,50,50,1,-1,-1,-1
93,1,637,1185,50,50,1,-1,-1,-1
93,2,495,1009,50,50,1,-1,-1,-1
93,3,601,709,50,50,1,-1,-1,-1
94,1,625,1188,50,50,1,-1,-1,-1
94,2,500,1022,50,50,1,-1,-1,-1
94,3,605,702,50,50,1,-1,-1,-1
95,1,608,1176,50,50,1,-1,-1,-1
95,2,502,1035,50,50,1,-1,-1,-1
95,3,610,698,50,50,1,-1,-1,-1
96,1,602,1159,50,50,1,-1,-1,-1
96,2,503,1048,50,50,1,-1,-1,-1
96,3,617,700,50,50,1,-1,-1,-1
97,1,593,1128,50,50,1,-1,-1,-1
97,2,500,1064,50,50,1,-1,-1,-1
97,3,625,714,50,50,1,-1,-1,-1
98,1,583,1063,50,50,1,-1,-1,-1
98,2,495,1080,50,50,1,-1,-1,-1
98,3,629,739,50,50,1,-1,-1,-1
99,1,575,994,50,50,1,-1,-1,-1
99,2,494,1092,50,50,1,-1,-1,-1
99,3,633,766,50,50,1,-1,-1,-1
100,1,573,921,50,50,1,-1,-1,-1
100,2,492,1102,50,50,1,-1,-1,-1
100,3,638,794,50,50,1,-1,-1,-1
101,1,577,867,50,50,1,-1,-1,-1
101,2,491,1109,50,50,1,-1,-1,-1
101,3,643,822,50,50,1,-1,-1,-1
102,1,577,805,50,50,1,-1,-1,-1
102,2,489,1116,50,50,1,-1,-1,-1
102,3,649,854,50,50,1,-1,-1,-1
103,1,576,742,50,50,1,-1,-1,-1
103,2,483,1123,50,50,1,-1,-1,-1
103,3,654,887,50,50,1,-1,-1,-1
104,1,578,689,50,50,1,-1,-1,-1
104,2,477,1124,50,50,1,-1,-1,-1
104,3,663,927,50,50,1,-1,-1,-1
105,1,580,650,50,50,1,-1,-1,-1
105,2,473,1125,50,50,1,-1,-1,-1
105,3,670,961,50,50,1,-1,-1,-1
106,1,581,616,50,50,1,-1,-1,-1
106,2,469,1128,50,50,1,-1,-1,-1
106,3,672,989,50,50,1,-1,-1,-1
107,1,582,585,50,50,1,-1,-1,-1
107,2,467,1129,50,50,1,-1,-1,-1
107,3,672,1013,50,50,1,-1,-1,-1
108,1,584,557,50,50,1,-1,-1,-1
108,2,464,1129,50,50,1,-1,-1,-1
108,3,671,1037,50,50,1,-1,-1,-1
109,1,586,533,50,50,1,-1,-1,-1
109,2,461,1129,50,50,1,-1,-1,-1
109,3,668,1065,50,50,1,-1,-1,-1
110,1,588,514,50,50,1,-1,-1,-1
110,2,459,1130,50,50,1,-1,-1,-1
110,3,662,1098,50,50,1,-1,-1,-1
111,1,589,504,50,50,1,-1,-1,-1
111,2,458,1130,50,50,1,-1,-1,-1
111,3,653,1129,50,50,1,-1,-1,-1
112,1,593,506,50,50,1,-1,-1,-1
112,2,458,1130,50,50,1,-1,-1,-1
112,3,641,1150,50,50,1,-1,-1,-1
113,1,598,510,50,50,1,-1,-1,-1
113,2,458,1129,50,50,1,-1,-1,-1
113,3,628,1161,50,50,1,-1,-1,-1
114,1,602,518,50,50,1,-1,-1,-1
114,2,459,1125,50,50,1,-1,-1,-1
114,3,617,1165,50,50,1,-1,-1,-1
115,1,606,532,50,50,1,-1,-1,-1
115,2,461,1121,50,50,1,-1,-1,-1
115,3,605,1151,50,50,1,-1,-1,-1
116,1,611,555,50,50,1,-1,-1,-1
116,2,462,1121,50,50,1,-1,-1,-1
116,3,591,1119,50,50,1,-1,-1,-1
117,1,616,582,50,50,1,-1,-1,-1
117,2,464,1120,50,50,1,-1,-1,-1
117,3,576,1070,50,50,1,-1,-1,-1
118,1,621,614,50,50,1,-1,-1,-1
118,2,466,1119,50,50,1,-1,-1,-1
118,3,559,1008,50,50,1,-1,-1,-1
119,1,627,650,50,50,1,-1,-1,-1
119,2,467,1120,50,50,1,-1,-1,-1
119,3,548,946,50,50,1,-1,-1,-1
120,1,633,691,50,50,1,-1,-1,-1
120,2,467,1123,50,50,1,-1,-1,-1
120,3,537,888,50,50,1,-1,-1,-1
121,1,638,738,50,50,1,-1,-1,-1
121,2,468,1128,50,50,1,-1,-1,-1
121,3,526,845,50,50,1,-1,-1,-1
122,1,645,792,50,50,1,-1,-1,-1
122,2,471,1133,50,50,1,-1,-1,-1
122,3,514,803,50,50,1,-1,-1,-1
123,1,653,851,50,50,1,-1,-1,-1
123,2,475,1140,50,50,1,-1,-1,-1
123,3,505,769,50,50,1,-1,-1,-1
124,1,658,903,50,50,1,-1,-1,-1
124,2,480,1155,50,50,1,-1,-1,-1
124,3,497,736,50,50,1,-1,-1,-1
125,1,663,945,50,50,1,-1,-1,-1
125,2,486,1172,50,50,1,-1,-1,-1
125,3,489,708,50,50,1,-1,-1,-1
126,1,658,959,50,50,1,-1,-1,-1
126,2,492,1186,50,50,1,-1,-1,-1
126,3,481,688,50,50,1,-1,-1,-1
127,1,652,981,50,50,1,-1,-1,-1
127,2,514,1188,50,50,1,-1,-1,-1
127,3,472,679,50,50,1,-1,-1,-1
128,1,650,985,50,50,1,-1,-1,-1
128,2,518,1187,50,50,1,-1,-1,-1
128,3,463,670,50,50,1,-1,-1,-1
129,1,646,995,50,50,1,-1,-1,-1
129,2,528,1169,50,50,1,-1,-1,-1
129,3,454,661,50,50,1,-1,-1,-1
130,1,644,1017,50,50,1,-1,-1,-1
130,2,537,1090,50,50,1,-1,-1,-1
130,3,443,665,50,50,1,-1,-1,-1
131,1,643,1022,50,50,1,-1,-1,-1
131,2,538,1072,50,50,1,-1,-1,-1
131,3,436,667,50,50,1,-1,-1,-1
132,1,644,1036,50,50,1,-1,-1,-1
132,2,536,1006,50,50,1,-1,-1,-1
132,3,431,682,50,50,1,-1,-1,-1
133,1,646,1056,50,50,1,-1,-1,-1
133,2,522,912,50,50,1,-1,-1,-1
133,3,425,722,50,50,1,-1,-1,-1
134,1,645,1065,50,50,1,-1,-1,-1
134,2,512,831,50,50,1,-1,-1,-1
134,3,416,761,50,50,1,-1,-1,-1
135,1,645,1069,50,50,1,-1,-1,-1
135,2,510,807,50,50,1,-1,-1,-1
135,3,415,769,50,50,1,-1,-1,-1
136,1,655,1081,50,50,1,-1,-1,-1
136,2,502,722,50,50,1,-1,-1,-1
136,3,407,827,50,50,1,-1,-1,-1
137,1,659,1087,50,50,1,-1,-1,-1
137,2,494,665,50,50,1,-1,-1,-1
137,3,402,884,50,50,1,-1,-1,-1
138,1,661,1087,50,50,1,-1,-1,-1
138,2,495,649,50,50,1,-1,-1,-1
138,3,397,910,50,50,1,-1,-1,-1
139,1,669,1093,50,50,1,-1,-1,-1
139,2,484,590,50,50,1,-1,-1,-1
139,3,393,979,50,50,1,-1,-1,-1
140,1,670,1099,50,50,1,-1,-1,-1
140,2,480,556,50,50,1,-1,-1,-1
140,3,391,1026,50,50,1,-1,-1,-1
141,1,674,1102,50,50,1,-1,-1,-1
141,2,475,530,50,50,1,-1,-1,-1
141,3,400,1065,50,50,1,-1,-1,-1
142,1,675,1106,50,50,1,-1,-1,-1
142,2,472,512,50,50,1,-1,-1,-1
142,3,410,1098,50,50,1,-1,-1,-1
143,1,676,1107,50,50,1,-1,-1,-1
143,2,469,499,50,50,1,-1,-1,-1
143,3,423,1127,50,50,1,-1,-1,-1
144,1,677,1109,50,50,1,-1,-1,-1
144,2,465,492,50,50,1,-1,-1,-1
144,3,442,1149,50,50,1,-1,-1,-1
145,1,677,1110,50,50,1,-1,-1,-1
145,2,459,493,50,50,1,-1,-1,-1
145,3,462,1164,50,50,1,-1,-1,-1
146,1,677,1108,50,50,1,-1,-1,-1
146,2,454,505,50,50,1,-1,-1,-1
146,3,480,1167,50,50,1,-1,-1,-1
147,1,677,1108,50,50,1,-1,-1,-1
147,2,450,520,50,50,1,-1,-1,-1
147,3,495,1154,50,50,1,-1,-1,-1
148,1,677,1105,50,50,1,-1,-1,-1
148,2,447,539,50,50,1,-1,-1,-1
148,3,507,1130,50,50,1,-1,-1,-1
149,1,677,1101,50,50,1,-1,-1,-1
149,2,445,565,50,50,1,-1,-1,-1
149,3,524,1094,50,50,1,-1,-1,-1
150,1,677,1098,50,50,1,-1,-1,-1
150,2,443,595,50,50,1,-1,-1,-1
150,3,535,1033,50,50,1,-1,-1,-1
151,1,675,1099,50,50,1,-1,-1,-1
151,2,441,628,50,50,1,-1,-1,-1
151,3,541,972,50,50,1,-1,-1,-1
152,1,672,1102,50,50,1,-1,-1,-1
152,2,441,671,50,50,1,-1,-1,-1
152,3,542,914,50,50,1,-1,-1,-1
153,1,668,1105,50,50,1,-1,-1,-1
153,2,441,719,50,50,1,-1,-1,-1
153,3,543,878,50,50,1,-1,-1,-1
154,1,663,1109,50,50,1,-1,-1,-1
154,2,440,767,50,50,1,-1,-1,-1
154,3,542,830,50,50,1,-1,-1,-1
155,1,658,1113,50,50,1,-1,-1,-1
155,2,440,822,50,50,1,-1,-1,-1
155,3,544,794,50,50,1,-1,-1,-1
156,1,650,1128,50,50,1,-1,-1,-1
156,2,440,880,50,50,1,-1,-1,-1
156,3,548,762,50,50,1,-1,-1,-1
157,1,643,1144,50,50,1,-1,-1,-1
157,2,439,925,50,50,1,-1,-1,-1
157,3,554,735,50,50,1,-1,-1,-1
158,1,639,1159,50,50,1,-1,-1,-1
158,2,435,948,50,50,1,-1,-1,-1
158,3,558,716,50,50,1,-1,-1,-1
159,1,634,1170,50,50,1,-1,-1,-1
159,2,437,963,50,50,1,-1,-1,-1
159,3,561,707,50,50,1,-1,-1,-1
160,1,625,1183,50,50,1,-1,-1,-1
160,2,444,981,50,50,1,-1,-1,-1
160,3,566,701,50,50,1,-1,-1,-1
161,1,613,1195,50,50,1,-1,-1,-1
161,2,452,1002,50,50,1,-1,-1,-1
161,3,570,700,50,50,1,-1,-1,-1
162,1,597,1192,50,50,1,-1,-1,-1
162,2,456,1019,50,50,1,-1,-1,-1
162,3,575,705,50,50,1,-1,-1,-1
163,1,583,1172,50,50,1,-1,-1,-1
163,2,458,1038,50,50,1,-1,-1,-1
163,3,580,717,50,50,1,-1,-1,-1
164,1,569,1132,50,50,1,-1,-1,-1
164,2,459,1060,50,50,1,-1,-1,-1
164,3,585,732,50,50,1,-1,-1,-1
165,1,554,1074,50,50,1,-1,-1,-1
165,2,459,1083,50,50,1,-1,-1,-1
165,3,592,749,50,50,1,-1,-1,-1
166,1,546,1003,50,50,1,-1,-1,-1
166,2,461,1097,50,50,1,-1,-1,-1
166,3,599,774,50,50,1,-1,-1,-1
167,1,540,930,50,50,1,-1,-1,-1
167,2,461,1110,50,50,1,-1,-1,-1
167,3,604,806,50,50,1,-1,-1,-1
168,1,540,873,50,50,1,-1,-1,-1
168,2,457,1117,50,50,1,-1,-1,-1
168,3,611,844,50,50,1,-1,-1,-1
169,1,541,818,50,50,1,-1,-1,-1
169,2,455,1120,50,50,1,-1,-1,-1
169,3,618,886,50,50,1,-1,-1,-1
170,1,542,765,50,50,1,-1,-1,-1
170,2,452,1123,50,50,1,-1,-1,-1
170,3,624,924,50,50,1,-1,-1,-1
171,1,540,712,50,50,1,-1,-1,-1
171,2,445,1119,50,50,1,-1,-1,-1
171,3,630,958,50,50,1,-1,-1,-1
172,1,539,669,50,50,1,-1,-1,-1
172,2,443,1122,50,50,1,-1,-1,-1
172,3,638,984,50,50,1,-1,-1,-1
173,1,539,638,50,50,1,-1,-1,-1
173,2,442,1121,50,50,1,-1,-1,-1
173,3,642,1016,50,50,1,-1,-1,-1
174,1,538,615,50,50,1,-1,-1,-1
174,2,441,1125,50,50,1,-1,-1,-1
174,3,637,1049,50,50,1,-1,-1,-1
175,1,537,594,50,50,1,-1,-1,-1
175,2,439,1129,50,50,1,-1,-1,-1
175,3,631,1083,50,50,1,-1,-1,-1
176,1,537,574,50,50,1,-1,-1,-1
176,2,437,1130,50,50,1,-1,-1,-1
176,3,622,1116,50,50,1,-1,-1,-1
177,1,538,558,50,50,1,-1,-1,-1
177,2,438,1130,50,50,1,-1,-1,-1
177,3,613,1143,50,50,1,-1,-1,-1
178,1,539,550,50,50,1,-1,-1,-1
178,2,439,1130,50,50,1,-1,-1,-1
178,3,600,1156,50,50,1,-1,-1,-1
179,1,541,551,50,50,1,-1,-1,-1
179,2,440,1127,50,50,1,-1,-1,-1
179,3,589,1168,50,50,1,-1,-1,-1
180,1,544,555,50,50,1,-1,-1,-1
180,2,441,1124,50,50,1,-1,-1,-1
180,3,579,1169,50,50,1,-1,-1,-1
181,1,547,566,50,50,1,-1,-1,-1
181,2,441,1126,50,50,1,-1,-1,-1
181,3,563,1146,50,50,1,-1,-1,-1
182,1,549,587,50,50,1,-1,-1,-1
182,2,439,1125,50,50,1,-1,-1,-1
182,3,543,1111,50,50,1,-1,-1,-1
183,1,551,610,50,50,1,-1,-1,-1
183,2,442,1124,50,50,1,-1,-1,-1
183,3,523,1062,50,50,1,-1,-1,-1
184,1,553,634,50,50,1,-1,-1,-1
184,2,445,1125,50,50,1,-1,-1,-1
184,3,512,1009,50,50,1,-1,-1,-1
185,1,555,665,50,50,1,-1,-1,-1
185,2,447,1127,50,50,1,-1,-1,-1
185,3,505,954,50,50,1,-1,-1,-1
186,1,558,700,50,50,1,-1,-1,-1
186,2,449,1130,50,50,1,-1,-1,-1
186,3,501,902,50,50,1,-1,-1,-1
187,1,563,741,50,50,1,-1,-1,-1
187,2,452,1135,50,50,1,-1,-1,-1
187,3,496,858,50,50,1,-1,-1,-1
188,1,572,793,50,50,1,-1,-1,-1
188,2,457,1148,50,50,1,-1,-1,-1
188,3,490,824,50,50,1,-1,-1,-1
189,1,579,853,50,50,1,-1,-1,-1
189,2,463,1162,50,50,1,-1,-1,-1
189,3,484,796,50,50,1,-1,-1,-1
190,1,580,905,50,50,1,-1,-1,-1
190,2,469,1176,50,50,1,-1,-1,-1
190,3,478,770,50,50,1,-1,-1,-1
191,1,581,947,50,50,1,-1,-1,-1
191,2,474,1190,50,50,1,-1,-1,-1
191,3,472,746,50,50,1,-1,-1,-1
192,1,590,966,50,50,1,-1,-1,-1
192,2,485,1199,50,50,1,-1,-1,-1
192,3,466,728,50,50,1,-1,-1,-1
193,1,599,982,50,50,1,-1,-1,-1
193,2,500,1195,50,50,1,-1,-1,-1
193,3,459,715,50,50,1,-1,-1,-1
194,1,610,996,50,50,1,-1,-1,-1
194,2,515,1173,50,50,1,-1,-1,-1
194,3,453,709,50,50,1,-1,-1,-1
195,1,620,1010,50,50,1,-1,-1,-1
195,2,528,1146,50,50,1,-1,-1,-1
195,3,448,715,50,50,1,-1,-1,-1
196,1,627,1023,50,50,1,-1,-1,-1
196,2,537,1098,50,50,1,-1,-1,-1
196,3,443,724,50,50,1,-1,-1,-1
197,1,633,1036,50,50,1,-1,-1,-1
197,2,537,1034,50,50,1,-1,-1,-1
197,3,437,737,50,50,1,-1,-1,-1
198,1,635,1046,50,50,1,-1,-1,-1
198,2,533,964,50,50,1,-1,-1,-1
198,3,432,755,50,50,1,-1,-1,-1
199,1,639,1058,50,50,1,-1,-1,-1
199,2,528,898,50,50,1,-1,-1,-1
199,3,428,777,50,50,1,-1,-1,-1
200,1,644,1068,50,50,1,-1,-1,-1
200,2,519,841,50,50,1,-1,-1,-1
200,3,425,806,50,50,1,-1,-1,-1
201,1,649,1076,50,50,1,-1,-1,-1
201,2,513,781,50,50,1,-1,-1,-1
201,3,422,840,50,50,1,-1,-1,-1
202,1,654,1085,50,50,1,-1,-1,-1
202,2,505,724,50,50,1,-1,-1,-1
202,3,419,877,50,50,1,-1,-1,-1
203,1,657,1086,50,50,1,-1,-1,-1
203,2,504,678,50,50,1,-1,-1,-1
203,3,416,917,50,50,1,-1,-1,-1
204,1,663,1092,50,50,1,-1,-1,-1
204,2,502,636,50,50,1,-1,-1,-1
204,3,417,956,50,50,1,-1,-1,-1
205,1,669,1096,50,50,1,-1,-1,-1
205,2,499,603,50,50,1,-1,-1,-1
205,3,418,992,50,50,1,-1,-1,-1
206,1,676,1101,50,50,1,-1,-1,-1
206,2,495,577,50,50,1,-1,-1,-1
206,3,421,1028,50,50,1,-1,-1,-1
207,1,680,1103,50,50,1,-1,-1,-1
207,2,491,555,50,50,1,-1,-1,-1
207,3,433,1055,50,50,1,-1,-1,-1
208,1,681,1104,50,50,1,-1,-1,-1
208,2,487,536,50,50,1,-1,-1,-1
208,3,447,1079,50,50,1,-1,-1,-1
209,1,684,1108,50,50,1,-1,-1,-1
209,2,483,522,50,50,1,-1,-1,-1
209,3,462,1106,50,50,1,-1,-1,-1
210,1,687,1105,50,50,1,-1,-1,-1
210,2,481,516,50,50,1,-1,-1,-1
210,3,478,1136,50,50,1,-1,-1,-1
211,1,686,1103,50,50,1,-1,-1,-1
211,2,477,517,50,50,1,-1,-1,-1
211,3,497,1152,50,50,1,-1,-1,-1
212,1,685,1102,50,50,1,-1,-1,-1
212,2,474,524,50,50,1,-1,-1,-1
212,3,513,1145,50,50,1,-1,-1,-1
213,1,686,1099,50,50,1,-1,-1,-1
213,2,470,540,50,50,1,-1,-1,-1
213,3,530,1126,50,50,1,-1,-1,-1
214,1,687,1096,50,50,1,-1,-1,-1
214,2,465,564,50,50,1,-1,-1,-1
214,3,544,1089,50,50,1,-1,-1,-1
215,1,688,1097,50,50,1,-1,-1,-1
215,2,468,589,50,50,1,-1,-1,-1
215,3,554,1036,50,50,1,-1,-1,-1
216,1,687,1096,50,50,1,-1,-1,-1
216,2,471,617,50,50,1,-1,-1,-1
216,3,563,974,50,50,1,-1,-1,-1
217,1,685,1095,50,50,1,-1,-1,-1
217,2,472,649,50,50,1,-1,-1,-1
217,3,566,912,50,50,1,-1,-1,-1
218,1,683,1094,50,50,1,-1,-1,-1
218,2,471,692,50,50,1,-1,-1,-1
218,3,566,852,50,50,1,-1,-1,-1
219,1,680,1095,50,50,1,-1,-1,-1
219,2,470,737,50,50,1,-1,-1,-1
219,3,567,796,50,50,1,-1,-1,-1
220,1,676,1102,50,50,1,-1,-1,-1
220,2,470,785,50,50,1,-1,-1,-1
220,3,570,747,50,50,1,-1,-1,-1
221,1,675,1112,50,50,1,-1,-1,-1
221,2,473,841,50,50,1,-1,-1,-1
221,3,574,714,50,50,1,-1,-1,-1
222,1,672,1124,50,50,1,-1,-1,-1
222,2,476,893,50,50,1,-1,-1,-1
222,3,578,691,50,50,1,-1,-1,-1
223,1,663,1138,50,50,1,-1,-1,-1
223,2,474,921,50,50,1,-1,-1,-1
223,3,582,670,50,50,1,-1,-1,-1
224,1,655,1155,50,50,1,-1,-1,-1
224,2,473,947,50,50,1,-1,-1,-1
224,3,586,649,50,50,1,-1,-1,-1
225,1,647,1170,50,50,1,-1,-1,-1
225,2,473,967,50,50,1,-1,-1,-1
225,3,590,631,50,50,1,-1,-1,-1
226,1,639,1181,50,50,1,-1,-1,-1
226,2,475,992,50,50,1,-1,-1,-1
226,3,597,622,50,50,1,-1,-1,-1
227,1,631,1191,50,50,1,-1,-1,-1
227,2,475,1014,50,50,1,-1,-1,-1
227,3,605,617,50,50,1,-1,-1,-1
228,1,621,1195,50,50,1,-1,-1,-1
228,2,476,1039,50,50,1,-1,-1,-1
228,3,610,619,50,50,1,-1,-1,-1
229,1,608,1185,50,50,1,-1,-1,-1
229,2,477,1062,50,50,1,-1,-1,-1
229,3,616,624,50,50,1,-1,-1,-1
230,1,596,1168,50,50,1,-1,-1,-1
230,2,479,1080,50,50,1,-1,-1,-1
230,3,623,635,50,50,1,-1,-1,-1
231,1,584,1128,50,50,1,-1,-1,-1
231,2,480,1097,50,50,1,-1,-1,-1
231,3,631,652,50,50,1,-1,-1,-1
232,1,576,1063,50,50,1,-1,-1,-1
232,2,481,1112,50,50,1,-1,-1,-1
232,3,638,674,50,50,1,-1,-1,-1
233,1,569,990,50,50,1,-1,-1,-1
233,2,479,1122,50,50,1,-1,-1,-1
233,3,644,702,50,50,1,-1,-1,-1
234,1,567,919,50,50,1,-1,-1,-1
234,2,477,1124,50,50,1,-1,-1,-1
234,3,649,740,50,50,1,-1,-1,-1
235,1,568,866,50,50,1,-1,-1,-1
235,2,474,1126,50,50,1,-1,-1,-1
235,3,656,780,50,50,1,-1,-1,-1
236,1,572,806,50,50,1,-1,-1,-1
236,2,466,1123,50,50,1,-1,-1,-1
236,3,663,821,50,50,1,-1,-1,-1
237,1,574,747,50,50,1,-1,-1,-1
237,2,459,1122,50,50,1,-1,-1,-1
237,3,671,867,50,50,1,-1,-1,-1
238,1,579,697,50,50,1,-1,-1,-1
238,2,458,1124,50,50,1,-1,-1,-1
238,3,679,912,50,50,1,-1,-1,-1
239,1,579,661,50,50,1,-1,-1,-1
239,2,459,1125,50,50,1,-1,-1,-1
239,3,686,947,50,50,1,-1,-1,-1
240,1,580,630,50,50,1,-1,-1,-1
240,2,457,1128,50,50,1,-1,-1,-1
240,3,692,980,50,50,1,-1,-1,-1
241,1,581,601,50,50,1,-1,-1,-1
241,2,456,1125,50,50,1,-1,-1,-1
241,3,694,1009,50,50,1,-1,-1,-1
242,1,582,575,50,50,1,-1,-1,-1
242,2,454,1127,50,50,1,-1,-1,-1
242,3,689,1043,50,50,1,-1,-1,-1
243,1,584,553,50,50,1,-1,-1,-1
243,2,452,1125,50,50,1,-1,-1,-1
243,3,679,1081,50,50,1,-1,-1,-1
244,1,587,542,50,50,1,-1,-1,-1
244,2,451,1125,50,50,1,-1,-1,-1
244,3,665,1120,50,50,1,-1,-1,-1
245,1,593,541,50,50,1,-1,-1,-1
245,2,449,1126,50,50,1,-1,-1,-1
245,3,645,1152,50,50,1,-1,-1,-1
246,1,598,541,50,50,1,-1,-1,-1
246,2,450,1128,50,50,1,-1,-1,-1
246,3,631,1167,50,50,1,-1,-1,-1
247,1,602,543,50,50,1,-1,-1,-1
247,2,451,1125,50,50,1,-1,-1,-1
247,3,619,1160,50,50,1,-1,-1,-1
248,1,605,555,50,50,1,-1,-1,-1
248,2,450,1126,50,50,1,-1,-1,-1
248,3,607,1133,50,50,1,-1,-1,-1
249,1,608,573,50,50,1,-1,-1,-1
249,2,451,1127,50,50,1,-1,-1,-1
249,3,596,1104,50,50,1,-1,-1,-1
250,1,611,598,50,50,1,-1,-1,-1
250,2,455,1128,50,50,1,-1,-1,-1
250,3,578,1051,50,50,1,-1,-1,-1
251,1,617,627,50,50,1,-1,-1,-1
251,2,459,1132,50,50,1,-1,-1,-1
251,3,563,997,50,50,1,-1,-1,-1
252,1,625,660,50,50,1,-1,-1,-1
252,2,463,1136,50,50,1,-1,-1,-1
252,3,555,950,50,50,1,-1,-1,-1
253,1,630,698,50,50,1,-1,-1,-1
253,2,463,1140,50,50,1,-1,-1,-1
253,3,548,905,50,50,1,-1,-1,-1
254,1,635,744,50,50,1,-1,-1,-1
254,2,465,1146,50,50,1,-1,-1,-1
254,3,540,866,50,50,1,-1,-1,-1
255,1,643,794,50,50,1,-1,-1,-1
255,2,471,1158,50,50,1,-1,-1,-1
255,3,533,840,50,50,1,-1,-1,-1
256,1,649,848,50,50,1,-1,-1,-1
256,2,475,1173,50,50,1,-1,-1,-1
256,3,525,813,50,50,1,-1,-1,-1
257,1,655,903,50,50,1,-1,-1,-1
257,2,479,1188,50,50,1,-1,-1,-1
257,3,516,793,50,50,1,-1,-1,-1
258,1,661,947,50,50,1,-1,-1,-1
258,2,483,1200,50,50,1,-1,-1,-1
258,3,507,774,50,50,1,-1,-1,-1
259,1,660,966,50,50,1,-1,-1,-1
259,2,494,1207,50,50,1,-1,-1,-1
259,3,499,760,50,50,1,-1,-1,-1
260,1,657,980,50,50,1,-1,-1,-1
260,2,509,1203,50,50,1,-1,-1,-1
260,3,490,755,50,50,1,-1,-1,-1
261,1,655,986,50,50,1,-1,-1,-1
261,2,522,1187,50,50,1,-1,-1,-1
261,3,482,754,50,50,1,-1,-1,-1
262,1,654,996,50,50,1,-1,-1,-1
262,2,540,1160,50,50,1,-1,-1,-1
262,3,475,757,50,50,1,-1,-1,-1
263,1,652,1008,50,50,1,-1,-1,-1
263,2,541,1100,50,50,1,-1,-1,-1
263,3,469,769,50,50,1,-1,-1,-1
264,1,650,1015,50,50,1,-1,-1,-1
264,2,542,1035,50,50,1,-1,-1,-1
264,3,462,787,50,50,1,-1,-1,-1
265,1,648,1023,50,50,1,-1,-1,-1
265,2,536,963,50,50,1,-1,-1,-1
265,3,456,809,50,50,1,-1,-1,-1
266,1,647,1032,50,50,1,-1,-1,-1
266,2,529,900,50,50,1,-1,-1,-1
266,3,450,838,50,50,1,-1,-1,-1
267,1,648,1039,50,50,1,-1,-1,-1
267,2,517,840,50,50,1,-1,-1,-1
267,3,446,871,50,50,1,-1,-1,-1
268,1,651,1044,50,50,1,-1,-1,-1
268,2,507,781,50,50,1,-1,-1,-1
268,3,444,908,50,50,1,-1,-1,-1
269,1,654,1052,50,50,1,-1,-1,-1
269,2,500,728,50,50,1,-1,-1,-1
269,3,441,946,50,50,1,-1,-1,-1
270,1,658,1058,50,50,1,-1,-1,-1
270,2,493,677,50,50,1,-1,-1,-1
270,3,438,982,50,50,1,-1,-1,-1
271,1,663,1063,50,50,1,-1,-1,-1
271,2,487,640,50,50,1,-1,-1,-1
271,3,436,1017,50,50,1,-1,-1,-1
272,1,670,1070,50,50,1,-1,-1,-1
272,2,483,610,50,50,1,-1,-1,-1
272,3,430,1050,50,50,1,-1,-1,-1
273,1,670,1075,50,50,1,-1,-1,-1
273,2,480,584,50,50,1,-1,-1,-1
273,3,426,1081,50,50,1,-1,-1,-1
274,1,673,1080,50,50,1,-1,-1,-1
274,2,474,565,50,50,1,-1,-1,-1
274,3,432,1109,50,50,1,-1,-1,-1
275,1,676,1085,50,50,1,-1,-1,-1
275,2,467,548,50,50,1,-1,-1,-1
275,3,440,1137,50,50,1,-1,-1,-1
276,1,679,1086,50,50,1,-1,-1,-1
276,2,461,533,50,50,1,-1,-1,-1
276,3,448,1163,50,50,1,-1,-1,-1
277,1,679,1085,50,50,1,-1,-1,-1
277,2,455,525,50,50,1,-1,-1,-1
277,3,458,1179,50,50,1,-1,-1,-1
278,1,678,1086,50,50,1,-1,-1,-1
278,2,450,531,50,50,1,-1,-1,-1
278,3,469,1182,50,50,1,-1,-1,-1
279,1,676,1084,50,50,1,-1,-1,-1
279,2,445,539,50,50,1,-1,-1,-1
279,3,480,1168,50,50,1,-1,-1,-1
280,1,672,1082,50,50,1,-1,-1,-1
280,2,440,548,50,50,1,-1,-1,-1
280,3,489,1147,50,50,1,-1,-1,-1
281,1,668,1084,50,50,1,-1,-1,-1
281,2,437,564,50,50,1,-1,-1,-1
281,3,496,1112,50,50,1,-1,-1,-1
282,1,666,1088,50,50,1,-1,-1,-1
282,2,436,591,50,50,1,-1,-1,-1
282,3,504,1057,50,50,1,-1,-1,-1
283,1,666,1090,50,50,1,-1,-1,-1
283,2,434,619,50,50,1,-1,-1,-1
283,3,505,988,50,50,1,-1,-1,-1
284,1,665,1093,50,50,1,-1,-1,-1
284,2,430,651,50,50,1,-1,-1,-1
284,3,508,925,50,50,1,-1,-1,-1
285,1,659,1105,50,50,1,-1,-1,-1
285,2,425,690,50,50,1,-1,-1,-1
285,3,512,877,50,50,1,-1,-1,-1
286,1,651,1116,50,50,1,-1,-1,-1
286,2,424,733,50,50,1,-1,-1,-1
286,3,517,836,50,50,1,-1,-1,-1
287,1,644,1126,50,50,1,-1,-1,-1
287,2,425,787,50,50,1,-1,-1,-1
287,3,522,798,50,50,1,-1,-1,-1
288,1,639,1138,50,50,1,-1,-1,-1
288,2,425,844,50,50,1,-1,-1,-1
288,3,526,765,50,50,1,-1,-1,-1
289,1,633,1153,50,50,1,-1,-1,-1
289,2,424,903,50,50,1,-1,-1,-1
289,3,529,736,50,50,1,-1,-1,-1
290,1,625,1168,50,50,1,-1,-1,-1
290,2,423,952,50,50,1,-1,-1,-1
290,3,533,717,50,50,1,-1,-1,-1
291,1,616,1183,50,50,1,-1,-1,-1
291,2,423,980,50,50,1,-1,-1,-1
291,3,539,700,50,50,1,-1,-1,-1
292,1,608,1192,50,50,1,-1,-1,-1
292,2,425,992,50,50,1,-1,-1,-1
292,3,546,684,50,50,1,-1,-1,-1
293,1,598,1193,50,50,1,-1,-1,-1
293,2,431,1006,50,50,1,-1,-1,-1
293,3,554,676,50,50,1,-1,-1,-1
294,1,587,1192,50,50,1,-1,-1,-1
294,2,438,1018,50,50,1,-1,-1,-1
294,3,561,675,50,50,1,-1,-1,-1
295,1,571,1177,50,50,1,-1,-1,-1
295,2,445,1024,50,50,1,-1,-1,-1
295,3,568,677,50,50,1,-1,-1,-1
296,1,553,1145,50,50,1,-1,-1,-1
296,2,448,1025,50,50,1,-1,-1,-1
296,3,576,690,50,50,1,-1,-1,-1
297,1,539,1093,50,50,1,-1,-1,-1
297,2,452,1029,50,50,1,-1,-1,-1
297,3,583,712,50,50,1,-1,-1,-1
298,1,528,1023,50,50,1,-1,-1,-1
298,2,455,1033,50,50,1,-1,-1,-1
298,3,590,736,50,50,1,-1,-1,-1
299,1,523,949,50,50,1,-1,-1,-1
299,2,455,1037,50,50,1,-1,-1,-1
299,3,597,761,50,50,1,-1,-1,-1
300,1,521,887,50,50,1,-1,-1,-1
300,2,456,1040,50,50,1,-1,-1,-1
300,3,605,790,50,50,1,-1,-1,-1
301,1,518,826,50,50,1,-1,-1,-1
301,2,455,1042,50,50,1,-1,-1,-1
301,3,614,828,50,50,1,-1,-1,-1
302,1,514,769,50,50,1,-1,-1,-1
302,2,452,1043,50,50,1,-1,-1,-1
302,3,623,868,50,50,1,-1,-1,-1
303,1,515,711,50,50,1,-1,-1,-1
303,2,449,1045,50,50,1,-1,-1,-1
303,3,631,905,50,50,1,-1,-1,-1
304,1,516,665,50,50,1,-1,-1,-1
304,2,447,1048,50,50,1,-1,-1,-1
304,3,639,942,50,50,1,-1,-1,-1
305,1,516,625,50,50,1,-1,-1,-1
305,2,445,1050,50,50,1,-1,-1,-1
305,3,646,977,50,50,1,-1,-1,-1
306,1,516,588,50,50,1,-1,-1,-1
306,2,444,1053,50,50,1,-1,-1,-1
306,3,650,1006,50,50,1,-1,-1,-1
307,1,513,562,50,50,1,-1,-1,-1
307,2,443,1058,50,50,1,-1,-1,-1
307,3,650,1036,50,50,1,-1,-1,-1
308,1,511,542,50,50,1,-1,-1,-1
308,2,438,1059,50,50,1,-1,-1,-1
308,3,645,1069,50,50,1,-1,-1,-1
309,1,510,525,50,50,1,-1,-1,-1
309,2,436,1060,50,50,1,-1,-1,-1
309,3,635,1099,50,50,1,-1,-1,-1
310,1,511,511,50,50,1,-1,-1,-1
310,2,434,1062,50,50,1,-1,-1,-1
310,3,620,1125,50,50,1,-1,-1,-1
311,1,512,506,50,50,1,-1,-1,-1
311,2,429,1063,50,50,1,-1,-1,-1
311,3,609,1150,50,50,1,-1,-1,-1
312,1,516,509,50,50,1,-1,-1,-1
312,2,424,1063,50,50,1,-1,-1,-1
312,3,595,1169,50,50,1,-1,-1,-1
313,1,520,512,50,50,1,-1,-1,-1
313,2,422,1064,50,50,1,-1,-1,-1
313,3,578,1172,50,50,1,-1,-1,-1
314,1,520,526,50,50,1,-1,-1,-1
314,2,419,1065,50,50,1,-1,-1,-1
314,3,560,1162,50,50,1,-1,-1,-1
315,1,521,548,50,50,1,-1,-1,-1
315,2,416,1066,50,50,1,-1,-1,-1
315,3,542,1140,50,50,1,-1,-1,-1
316,1,522,571,50,50,1,-1,-1,-1
316,2,415,1067,50,50,1,-1,-1,-1
316,3,524,1107,50,50,1,-1,-1,-1
317,1,524,596,50,50,1,-1,-1,-1
317,2,415,1071,50,50,1,-1,-1,-1
317,3,502,1055,50,50,1,-1,-1,-1
318,1,527,629,50,50,1,-1,-1,-1
318,2,415,1075,50,50,1,-1,-1,-1
318,3,491,994,50,50,1,-1,-1,-1
319,1,531,667,50,50,1,-1,-1,-1
319,2,415,1079,50,50,1,-1,-1,-1
319,3,483,933,50,50,1,-1,-1,-1
320,1,534,706,50,50,1,-1,-1,-1
320,2,415,1083,50,50,1,-1,-1,-1
320,3,475,878,50,50,1,-1,-1,-1
321,1,535,760,50,50,1,-1,-1,-1
321,2,417,1095,50,50,1,-1,-1,-1
321,3,466,832,50,50,1,-1,-1,-1
322,1,541,818,50,50,1,-1,-1,-1
322,2,420,1113,50,50,1,-1,-1,-1
322,3,458,791,50,50,1,-1,-1,-1
323,1,546,878,50,50,1,-1,-1,-1
323,2,424,1132,50,50,1,-1,-1,-1
323,3,451,758,50,50,1,-1,-1,-1
324,1,551,928,50,50,1,-1,-1,-1
324,2,428,1149,50,50,1,-1,-1,-1
324,3,444,728,50,50,1,-1,-1,-1
325,1,561,949,50,50,1,-1,-1,-1
325,2,435,1165,50,50,1,-1,-1,-1
325,3,437,703,50,50,1,-1,-1,-1
326,1,568,969,50,50,1,-1,-1,-1
326,2,446,1181,50,50,1,-1,-1,-1
326,3,430,683,50,50,1,-1,-1,-1
327,1,581,983,50,50,1,-1,-1,-1
327,2,458,1190,50,50,1,-1,-1,-1
327,3,423,675,50,50,1,-1,-1,-1
328,1,589,998,50,50,1,-1,-1,-1
328,2,471,1185,50,50,1,-1,-1,-1
328,3,415,673,50,50,1,-1,-1,-1
329,1,595,1010,50,50,1,-1,-1,-1
329,2,488,1168,50,50,1,-1,-1,-1
329,3,408,672,50,50,1,-1,-1,-1
330,1,602,1023,50,50,1,-1,-1,-1
330,2,497,1128,50,50,1,-1,-1,-1
330,3,402,679,50,50,1,-1,-1,-1
331,1,609,1031,50,50,1,-1,-1,-1
331,2,500,1067,50,50,1,-1,-1,-1
331,3,397,699,50,50,1,-1,-1,-1
332,1,612,1039,50,50,1,-1,-1,-1
332,2,499,995,50,50,1,-1,-1,-1
332,3,393,715,50,50,1,-1,-1,-1
333,1,618,1047,50,50,1,-1,-1,-1
333,2,495,924,50,50,1,-1,-1,-1
333,3,386,738,50,50,1,-1,-1,-1
334,1,624,1050,50,50,1,-1,-1,-1
334,2,486,857,50,50,1,-1,-1,-1
334,3,383,766,50,50,1,-1,-1,-1
335,1,629,1056,50,50,1,-1,-1,-1
335,2,476,796,50,50,1,-1,-1,-1
335,3,384,796,50,50,1,-1,-1,-1
336,1,634,1061,50,50,1,-1,-1,-1
336,2,466,742,50,50,1,-1,-1,-1
336,3,384,828,50,50,1,-1,-1,-1
337,1,638,1066,50,50,1,-1,-1,-1
337,2,458,691,50,50,1,-1,-1,-1
337,3,378,869,50,50,1,-1,-1,-1
338,1,643,1071,50,50,1,-1,-1,-1
338,2,450,644,50,50,1,-1,-1,-1
338,3,376,909,50,50,1,-1,-1,-1
339,1,648,1076,50,50,1,-1,-1,-1
339,2,441,607,50,50,1,-1,-1,-1
339,3,374,949,50,50,1,-1,-1,-1
340,1,651,1081,50,50,1,-1,-1,-1
340,2,437,581,50,50,1,-1,-1,-1
340,3,375,987,50,50,1,-1,-1,-1
341,1,653,1086,50,50,1,-1,-1,-1
341,2,433,558,50,50,1,-1,-1,-1
341,3,382,1025,50,50,1,-1,-1,-1
342,1,655,1090,50,50,1,-1,-1,-1
342,2,429,537,50,50,1,-1,-1,-1
342,3,394,1061,50,50,1,-1,-1,-1
343,1,656,1093,50,50,1,-1,-1,-1
343,2,425,520,50,50,1,-1,-1,-1
343,3,412,1092,50,50,1,-1,-1,-1
344,1,656,1095,50,50,1,-1,-1,-1
344,2,419,510,50,50,1,-1,-1,-1
344,3,433,1129,50,50,1,-1,-1,-1
345,1,656,1098,50,50,1,-1,-1,-1
345,2,412,506,50,50,1,-1,-1,-1
345,3,454,1157,50,50,1,-1,-1,-1
346,1,657,1102,50,50,1,-1,-1,-1
346,2,407,508,50,50,1,-1,-1,-1
346,3,471,1166,50,50,1,-1,-1,-1
347,1,658,1103,50,50,1,-1,-1,-1
347,2,402,517,50,50,1,-1,-1,-1
347,3,484,1158,50,50,1,-1,-1,-1
348,1,657,1102,50,50,1,-1,-1,-1
348,2,398,534,50,50,1,-1,-1,-1
348,3,493,1134,50,50,1,-1,-1,-1
349,1,656,1103,50,50,1,-1,-1,-1
349,2,394,558,50,50,1,-1,-1,-1
349,3,499,1094,50,50,1,-1,-1,-1
350,1,654,1105,50,50,1,-1,-1,-1
350,2,390,589,50,50,1,-1,-1,-1
350,3,499,1036,50,50,1,-1,-1,-1
351,1,653,1109,50,50,1,-1,-1,-1
351,2,387,623,50,50,1,-1,-1,-1
351,3,501,977,50,50,1,-1,-1,-1
352,1,652,1113,50,50,1,-1,-1,-1
352,2,385,660,50,50,1,-1,-1,-1
352,3,507,918,50,50,1,-1,-1,-1
353,1,644,1119,50,50,1,-1,-1,-1
353,2,384,702,50,50,1,-1,-1,-1
353,3,513,867,50,50,1,-1,-1,-1
354,1,636,1128,50,50,1,-1,-1,-1
354,2,383,749,50,50,1,-1,-1,-1
354,3,519,825,50,50,1,-1,-1,-1
355,1,633,1137,50,50,1,-1,-1,-1
355,2,382,803,50,50,1,-1,-1,-1
355,3,524,785,50,50,1,-1,-1,-1
356,1,628,1146,50,50,1,-1,-1,-1
356,2,381,861,50,50,1,-1,-1,-1
356,3,530,753,50,50,1,-1,-1,-1
357,1,623,1155,50,50,1,-1,-1,-1
357,2,380,907,50,50,1,-1,-1,-1
357,3,536,726,50,50,1,-1,-1,-1
358,1,618,1169,50,50,1,-1,-1,-1
358,2,376,940,50,50,1,-1,-1,-1
358,3,541,705,50,50,1,-1,-1,-1
359,1,612,1184,50,50,1,-1,-1,-1
359,2,374,960,50,50,1,-1,-1,-1
359,3,547,691,50,50,1,-1,-1,-1
360,1,603,1186,50,50,1,-1,-1,-1
360,2,375,979,50,50,1,-1,-1,-1
360,3,553,682,50,50,1,-1,-1,-1
361,1,593,1184,50,50,1,-1,-1,-1
361,2,380,997,50,50,1,-1,-1,-1
361,3,561,677,50,50,1,-1,-1,-1
362,1,581,1174,50,50,1,-1,-1,-1
362,2,393,1014,50,50,1,-1,-1,-1
362,3,570,674,50,50,1,-1,-1,-1
363,1,567,1152,50,50,1,-1,-1,-1
363,2,405,1029,50,50,1,-1,-1,-1
363,3,579,684,50,50,1,-1,-1,-1
364,1,556,1103,50,50,1,-1,-1,-1
364,2,411,1045,50,50,1,-1,-1,-1
364,3,588,701,50,50,1,-1,-1,-1
365,1,551,1034,50,50,1,-1,-1,-1
365,2,417,1060,50,50,1,-1,-1,-1
365,3,596,720,50,50,1,-1,-1,-1
366,1,550,962,50,50,1,-1,-1,-1
366,2,422,1072,50,50,1,-1,-1,-1
366,3,604,741,50,50,1,-1,-1,-1
367,1,549,892,50,50,1,-1,-1,-1
367,2,425,1082,50,50,1,-1,-1,-1
367,3,612,767,50,50,1,-1,-1,-1
368,1,547,829,50,50,1,-1,-1,-1
368,2,427,1090,50,50,1,-1,-1,-1
368,3,620,800,50,50,1,-1,-1,-1
369,1,545,768,50,50,1,-1,-1,-1
369,2,424,1090,50,50,1,-1,-1,-1
369,3,629,840,50,50,1,-1,-1,-1
370,1,545,708,50,50,1,-1,-1,-1
370,2,423,1091,50,50,1,-1,-1,-1
370,3,639,882,50,50,1,-1,-1,-1
371,1,546,655,50,50,1,-1,-1,-1
371,2,420,1094,50,50,1,-1,-1,-1
371,3,649,922,50,50,1,-1,-1,-1
372,1,549,613,50,50,1,-1,-1,-1
372,2,417,1098,50,50,1,-1,-1,-1
372,3,657,957,50,50,1,-1,-1,-1
373,1,552,580,50,50,1,-1,-1,-1
373,2,417,1097,50,50,1,-1,-1,-1
373,3,666,989,50,50,1,-1,-1,-1
374,1,554,553,50,50,1,-1,-1,-1
374,2,414,1098,50,50,1,-1,-1,-1
374,3,670,1023,50,50,1,-1,-1,-1
375,1,556,531,50,50,1,-1,-1,-1
375,2,411,1102,50,50,1,-1,-1,-1
375,3,665,1058,50,50,1,-1,-1,-1
376,1,558,512,50,50,1,-1,-1,-1
376,2,412,1103,50,50,1,-1,-1,-1
376,3,650,1095,50,50,1,-1,-1,-1
377,1,560,496,50,50,1,-1,-1,-1
377,2,412,1105,50,50,1,-1,-1,-1
377,3,634,1132,50,50,1,-1,-1,-1
378,1,563,488,50,50,1,-1,-1,-1
378,2,412,1108,50,50,1,-1,-1,-1
378,3,619,1157,50,50,1,-1,-1,-1
379,1,566,488,50,50,1,-1,-1,-1
379,2,413,1109,50,50,1,-1,-1,-1
379,3,607,1172,50,50,1,-1,-1,-1
380,1,570,493,50,50,1,-1,-1,-1
380,2,413,1107,50,50,1,-1,-1,-1
380,3,599,1167,50,50,1,-1,-1,-1
381,1,575,502,50,50,1,-1,-1,-1
381,2,415,1104,50,50,1,-1,-1,-1
381,3,591,1140,50,50,1,-1,-1,-1
382,1,581,516,50,50,1,-1,-1,-1
382,2,416,1104,50,50,1,-1,-1,-1
382,3,580,1114,50,50,1,-1,-1,-1
383,1,586,542,50,50,1,-1,-1,-1
383,2,420,1105,50,50,1,-1,-1,-1
383,3,560,1065,50,50,1,-1,-1,-1
384,1,590,571,50,50,1,-1,-1,-1
384,2,423,1110,50,50,1,-1,-1,-1
384,3,550,1015,50,50,1,-1,-1,-1
385,1,594,601,50,50,1,-1,-1,-1
385,2,426,1118,50,50,1,-1,-1,-1
385,3,542,971,50,50,1,-1,-1,-1
386,1,598,635,50,50,1,-1,-1,-1
386,2,430,1128,50,50,1,-1,-1,-1
386,3,534,927,50,50,1,-1,-1,-1
387,1,603,671,50,50,1,-1,-1,-1
387,2,435,1139,50,50,1,-1,-1,-1
387,3,526,883,50,50,1,-1,-1,-1
388,1,609,713,50,50,1,-1,-1,-1
388,2,440,1151,50,50,1,-1,-1,-1
388,3,518,846,50,50,1,-1,-1,-1
389,1,615,763,50,50,1,-1,-1,-1
389,2,448,1166,50,50,1,-1,-1,-1
389,3,511,812,50,50,1,-1,-1,-1
390,1,621,821,50,50,1,-1,-1,-1
390,2,459,1176,50,50,1,-1,-1,-1
390,3,504,791,50,50,1,-1,-1,-1
391,1,628,881,50,50,1,-1,-1,-1
391,2,471,1181,50,50,1,-1,-1,-1
391,3,498,776,50,50,1,-1,-1,-1
392,1,634,932,50,50,1,-1,-1,-1
392,2,487,1185,50,50,1,-1,-1,-1
392,3,491,762,50,50,1,-1,-1,-1
393,1,641,964,50,50,1,-1,-1,-1
393,2,504,1190,50,50,1,-1,-1,-1
393,3,484,753,50,50,1,-1,-1,-1
394,1,642,976,50,50,1,-1,-1,-1
394,2,516,1176,50,50,1,-1,-1,-1
394,3,476,751,50,50,1,-1,-1,-1
395,1,642,989,50,50,1,-1,-1,-1
395,2,526,1151,50,50,1,-1,-1,-1
395,3,468,756,50,50,1,-1,-1,-1
396,1,638,1001,50,50,1,-1,-1,-1
396,2,535,1110,50,50,1,-1,-1,-1
396,3,459,766,50,50,1,-1,-1,-1
397,1,633,1013,50,50,1,-1,-1,-1
397,2,538,1052,50,50,1,-1,-1,-1
397,3,449,782,50,50,1,-1,-1,-1
398,1,631,1017,50,50,1,-1,-1,-1
398,2,532,981,50,50,1,-1,-1,-1
398,3,439,803,50,50,1,-1,-1,-1
399,1,630,1024,50,50,1,-1,-1,-1
399,2,521,910,50,50,1,-1,-1,-1
399,3,438,833,50,50,1,-1,-1,-1
400,1,629,1031,50,50,1,-1,-1,-1
400,2,508,845,50,50,1,-1,-1,-1
400,3,437,866,50,50,1,-1,-1,-1
401,1,629,1038,50,50,1,-1,-1,-1
401,2,499,791,50,50,1,-1,-1,-1
401,3,433,901,50,50,1,-1,-1,-1
402,1,630,1042,50,50,1,-1,-1,-1
402,2,493,744,50,50,1,-1,-1,-1
402,3,430,935,50,50,1,-1,-1,-1
403,1,634,1048,50,50,1,-1,-1,-1
403,2,485,702,50,50,1,-1,-1,-1
403,3,429,968,50,50,1,-1,-1,-1
404,1,640,1053,50,50,1,-1,-1,-1
404,2,477,662,50,50,1,-1,-1,-1
404,3,427,1000,50,50,1,-1,-1,-1
405,1,646,1058,50,50,1,-1,-1,-1
405,2,469,624,50,50,1,-1,-1,-1
405,3,425,1032,50,50,1,-1,-1,-1
406,1,648,1063,50,50,1,-1,-1,-1
406,2,461,590,50,50,1,-1,-1,-1
406,3,422,1065,50,50,1,-1,-1,-1
407,1,651,1068,50,50,1,-1,-1,-1
407,2,455,575,50,50,1,-1,-1,-1
407,3,424,1096,50,50,1,-1,-1,-1
408,1,651,1076,50,50,1,-1,-1,-1
408,2,449,561,50,50,1,-1,-1,-1
408,3,438,1125,50,50,1,-1,-1,-1
409,1,651,1084,50,50,1,-1,-1,-1
409,2,443,549,50,50,1,-1,-1,-1
409,3,446,1152,50,50,1,-1,-1,-1
410,1,651,1086,50,50,1,-1,-1,-1
410,2,438,539,50,50,1,-1,-1,-1
410,3,454,1175,50,50,1,-1,-1,-1
411,1,650,1089,50,50,1,-1,-1,-1
411,2,433,538,50,50,1,-1,-1,-1
411,3,465,1182,50,50,1,-1,-1,-1
412,1,648,1093,50,50,1,-1,-1,-1
412,2,427,546,50,50,1,-1,-1,-1
412,3,473,1163,50,50,1,-1,-1,-1
413,1,648,1096,50,50,1,-1,-1,-1
413,2,420,559,50,50,1,-1,-1,-1
413,3,483,1132,50,50,1,-1,-1,-1
414,1,647,1098,50,50,1,-1,-1,-1
414,2,413,576,50,50,1,-1,-1,-1
414,3,495,1093,50,50,1,-1,-1,-1
415,1,646,1102,50,50,1,-1,-1,-1
415,2,407,597,50,50,1,-1,-1,-1
415,3,502,1035,50,50,1,-1,-1,-1
416,1,645,1106,50,50,1,-1,-1,-1
416,2,407,629,50,50,1,-1,-1,-1
416,3,509,977,50,50,1,-1,-1,-1
417,1,644,1110,50,50,1,-1,-1,-1
417,2,406,667,50,50,1,-1,-1,-1
417,3,513,919,50,50,1,-1,-1,-1
418,1,641,1116,50,50,1,-1,-1,-1
418,2,404,708,50,50,1,-1,-1,-1
418,3,516,866,50,50,1,-1,-1,-1
419,1,635,1129,50,50,1,-1,-1,-1
419,2,402,750,50,50,1,-1,-1,-1
419,3,523,822,50,50,1,-1,-1,-1
420,1,631,1142,50,50,1,-1,-1,-1
420,2,397,795,50,50,1,-1,-1,-1
420,3,529,783,50,50,1,-1,-1,-1
421,1,627,1154,50,50,1,-1,-1,-1
421,2,394,846,50,50,1,-1,-1,-1
421,3,538,760,50,50,1,-1,-1,-1
422,1,623,1167,50,50,1,-1,-1,-1
422,2,392,899,50,50,1,-1,-1,-1
422,3,543,738,50,50,1,-1,-1,-1
423,1,618,1183,50,50,1,-1,-1,-1
423,2,392,946,50,50,1,-1,-1,-1
423,3,547,722,50,50,1,-1,-1,-1
424,1,613,1198,50,50,1,-1,-1,-1
424,2,394,974,50,50,1,-1,-1,-1
424,3,552,712,50,50,1,-1,-1,-1
425,1,610,1205,50,50,1,-1,-1,-1
425,2,399,993,50,50,1,-1,-1,-1
425,3,558,703,50,50,1,-1,-1,-1
426,1,604,1207,50,50,1,-1,-1,-1
426,2,405,1012,50,50,1,-1,-1,-1
426,3,565,697,50,50,1,-1,-1,-1
427,1,590,1197,50,50,1,-1,-1,-1
427,2,413,1030,50,50,1,-1,-1,-1
427,3,574,700,50,50,1,-1,-1,-1
428,1,572,1167,50,50,1,-1,-1,-1
428,2,423,1039,50,50,1,-1,-1,-1
428,3,583,714,50,50,1,-1,-1,-1
429,1,560,1118,50,50,1,-1,-1,-1
429,2,434,1044,50,50,1,-1,-1,-1
429,3,593,732,50,50,1,-1,-1,-1
430,1,554,1051,50,50,1,-1,-1,-1
430,2,443,1051,50,50,1,-1,-1,-1
430,3,603,752,50,50,1,-1,-1,-1
431,1,552,975,50,50,1,-1,-1,-1
431,2,443,1056,50,50,1,-1,-1,-1
431,3,611,778,50,50,1,-1,-1,-1
432,1,550,901,50,50,1,-1,-1,-1
432,2,444,1061,50,50,1,-1,-1,-1
432,3,619,809,50,50,1,-1,-1,-1
433,1,548,835,50,50,1,-1,-1,-1
433,2,446,1064,50,50,1,-1,-1,-1
433,3,627,842,50,50,1,-1,-1,-1
434,1,548,780,50,50,1,-1,-1,-1
434,2,446,1065,50,50,1,-1,-1,-1
434,3,635,881,50,50,1,-1,-1,-1
435,1,545,722,50,50,1,-1,-1,-1
435,2,446,1066,50,50,1,-1,-1,-1
435,3,644,922,50,50,1,-1,-1,-1
436,1,544,671,50,50,1,-1,-1,-1
436,2,446,1066,50,50,1,-1,-1,-1
436,3,653,958,50,50,1,-1,-1,-1
437,1,544,629,50,50,1,-1,-1,-1
437,2,444,1066,50,50,1,-1,-1,-1
437,3,662,994,50,50,1,-1,-1,-1
438,1,544,594,50,50,1,-1,-1,-1
438,2,442,1066,50,50,1,-1,-1,-1
438,3,668,1022,50,50,1,-1,-1,-1
439,1,543,562,50,50,1,-1,-1,-1
439,2,438,1067,50,50,1,-1,-1,-1
439,3,666,1052,50,50,1,-1,-1,-1
440,1,542,533,50,50,1,-1,-1,-1
440,2,434,1068,50,50,1,-1,-1,-1
440,3,661,1086,50,50,1,-1,-1,-1
441,1,541,509,50,50,1,-1,-1,-1
441,2,430,1069,50,50,1,-1,-1,-1
441,3,649,1124,50,50,1,-1,-1,-1
442,1,542,496,50,50,1,-1,-1,-1
442,2,428,1070,50,50,1,-1,-1,-1
442,3,637,1161,50,50,1,-1,-1,-1
443,1,543,485,50,50,1,-1,-1,-1
443,2,428,1073,50,50,1,-1,-1,-1
443,3,621,1185,50,50,1,-1,-1,-1
444,1,545,475,50,50,1,-1,-1,-1
444,2,429,1074,50,50,1,-1,-1,-1
444,3,607,1193,50,50,1,-1,-1,-1
445,1,549,469,50,50,1,-1,-1,-1
445,2,430,1074,50,50,1,-1,-1,-1
445,3,595,1180,50,50,1,-1,-1,-1
446,1,552,481,50,50,1,-1,-1,-1
446,2,430,1073,50,50,1,-1,-1,-1
446,3,578,1157,50,50,1,-1,-1,-1
447,1,555,496,50,50,1,-1,-1,-1
447,2,430,1072,50,50,1,-1,-1,-1
447,3,560,1132,50,50,1,-1,-1,-1
448,1,560,522,50,50,1,-1,-1,-1
448,2,430,1074,50,50,1,-1,-1,-1
448,3,540,1072,50,50,1,-1,-1,-1
449,1,564,549,50,50,1,-1,-1,-1
449,2,430,1078,50,50,1,-1,-1,-1
449,3,522,1003,50,50,1,-1,-1,-1
450,1,567,579,50,50,1,-1,-1,-1
450,2,429,1076,50,50,1,-1,-1,-1
450,3,511,933,50,50,1,-1,-1,-1
451,1,568,614,50,50,1,-1,-1,-1
451,2,429,1077,50,50,1,-1,-1,-1
451,3,507,883,50,50,1,-1,-1,-1
452,1,572,657,50,50,1,-1,-1,-1
452,2,429,1080,50,50,1,-1,-1,-1
452,3,501,838,50,50,1,-1,-1,-1
453,1,578,702,50,50,1,-1,-1,-1
453,2,430,1095,50,50,1,-1,-1,-1
453,3,493,801,50,50,1,-1,-1,-1
454,1,584,747,50,50,1,-1,-1,-1
454,2,432,1111,50,50,1,-1,-1,-1
454,3,487,767,50,50,1,-1,-1,-1
455,1,588,798,50,50,1,-1,-1,-1
455,2,435,1129,50,50,1,-1,-1,-1
455,3,481,733,50,50,1,-1,-1,-1
456,1,592,854,50,50,1,-1,-1,-1
456,2,443,1147,50,50,1,-1,-1,-1
456,3,475,701,50,50,1,-1,-1,-1
457,1,597,904,50,50,1,-1,-1,-1
457,2,456,1164,50,50,1,-1,-1,-1
457,3,468,675,50,50,1,-1,-1,-1
458,1,598,936,50,50,1,-1,-1,-1
458,2,471,1176,50,50,1,-1,-1,-1
458,3,461,662,50,50,1,-1,-1,-1
459,1,602,949,50,50,1,-1,-1,-1
459,2,483,1181,50,50,1,-1,-1,-1
459,3,455,654,50,50,1,-1,-1,-1
460,1,608,968,50,50,1,-1,-1,-1
460,2,498,1174,50,50,1,-1,-1,-1
460,3,450,649,50,50,1,-1,-1,-1
461,1,613,992,50,50,1,-1,-1,-1
461,2,517,1156,50,50,1,-1,-1,-1
461,3,445,648,50,50,1,-1,-1,-1
462,1,619,1017,50,50,1,-1,-1,-1
462,2,526,1111,50,50,1,-1,-1,-1
462,3,440,652,50,50,1,-1,-1,-1
463,1,626,1043,50,50,1,-1,-1,-1
463,2,527,1051,50,50,1,-1,-1,-1
463,3,435,670,50,50,1,-1,-1,-1
464,1,634,1067,50,50,1,-1,-1,-1
464,2,523,981,50,50,1,-1,-1,-1
464,3,429,694,50,50,1,-1,-1,-1
465,1,641,1086,50,50,1,-1,-1,-1
465,2,515,911,50,50,1,-1,-1,-1
465,3,428,723,50,50,1,-1,-1,-1
466,1,646,1103,50,50,1,-1,-1,-1
466,2,508,848,50,50,1,-1,-1,-1
466,3,426,754,50,50,1,-1,-1,-1
467,1,648,1117,50,50,1,-1,-1,-1
467,2,500,789,50,50,1,-1,-1,-1
467,3,423,788,50,50,1,-1,-1,-1
468,1,653,1126,50,50,1,-1,-1,-1
468,2,493,731,50,50,1,-1,-1,-1
468,3,419,824,50,50,1,-1,-1,-1
469,1,660,1127,50,50,1,-1,-1,-1
469,2,486,674,50,50,1,-1,-1,-1
469,3,417,862,50,50,1,-1,-1,-1
470,1,667,1131,50,50,1,-1,-1,-1
470,2,480,624,50,50,1,-1,-1,-1
470,3,416,902,50,50,1,-1,-1,-1
471,1,674,1140,50,50,1,-1,-1,-1
471,2,473,584,50,50,1,-1,-1,-1
471,3,416,941,50,50,1,-1,-1,-1
472,1,675,1141,50,50,1,-1,-1,-1
472,2,465,555,50,50,1,-1,-1,-1
472,3,416,980,50,50,1,-1,-1,-1
473,1,678,1144,50,50,1,-1,-1,-1
473,2,457,535,50,50,1,-1,-1,-1
473,3,420,1008,50,50,1,-1,-1,-1
474,1,678,1144,50,50,1,-1,-1,-1
474,2,453,515,50,50,1,-1,-1,-1
474,3,429,1043,50,50,1,-1,-1,-1
475,1,679,1143,50,50,1,-1,-1,-1
475,2,449,496,50,50,1,-1,-1,-1
475,3,438,1080,50,50,1,-1,-1,-1
476,1,680,1142,50,50,1,-1,-1,-1
476,2,444,481,50,50,1,-1,-1,-1
476,3,451,1119,50,50,1,-1,-1,-1
477,1,680,1140,50,50,1,-1,-1,-1
477,2,439,477,50,50,1,-1,-1,-1
477,3,465,1149,50,50,1,-1,-1,-1
478,1,679,1136,50,50,1,-1,-1,-1
478,2,434,483,50,50,1,-1,-1,-1
478,3,479,1163,50,50,1,-1,-1,-1
479,1,676,1133,50,50,1,-1,-1,-1
479,2,430,491,50,50,1,-1,-1,-1
479,3,494,1160,50,50,1,-1,-1,-1
480,1,673,1132,50,50,1,-1,-1,-1
480,2,425,502,50,50,1,-1,-1,-1
480,3,505,1135,50,50,1,-1,-1,-1
481,1,673,1129,50,50,1,-1,-1,-1
481,2,421,520,50,50,1,-1,-1,-1
481,3,510,1101,50,50,1,-1,-1,-1
482,1,672,1125,50,50,1,-1,-1,-1
482,2,418,546,50,50,1,-1,-1,-1
482,3,514,1057,50,50,1,-1,-1,-1
483,1,664,1126,50,50,1,-1,-1,-1
483,2,415,578,50,50,1,-1,-1,-1
483,3,517,995,50,50,1,-1,-1,-1
484,1,657,1131,50,50,1,-1,-1,-1
484,2,413,618,50,50,1,-1,-1,-1
484,3,521,933,50,50,1,-1,-1,-1
485,1,653,1138,50,50,1,-1,-1,-1
485,2,411,660,50,50,1,-1,-1,-1
485,3,524,882,50,50,1,-1,-1,-1
486,1,649,1143,50,50,1,-1,-1,-1
486,2,410,705,50,50,1,-1,-1,-1
486,3,528,836,50,50,1,-1,-1,-1
487,1,641,1149,50,50,1,-1,-1,-1
487,2,409,753,50,50,1,-1,-1,-1
487,3,532,790,50,50,1,-1,-1,-1
488,1,634,1161,50,50,1,-1,-1,-1
488,2,409,811,50,50,1,-1,-1,-1
488,3,539,750,50,50,1,-1,-1,-1
489,1,629,1179,50,50,1,-1,-1,-1
489,2,409,875,50,50,1,-1,-1,-1
489,3,546,717,50,50,1,-1,-1,-1
490,1,625,1188,50,50,1,-1,-1,-1
490,2,410,932,50,50,1,-1,-1,-1
490,3,552,690,50,50,1,-1,-1,-1
491,1,622,1195,50,50,1,-1,-1,-1
491,2,409,972,50,50,1,-1,-1,-1
491,3,558,678,50,50,1,-1,-1,-1
492,1,617,1207,50,50,1,-1,-1,-1
492,2,406,993,50,50,1,-1,-1,-1
492,3,561,670,50,50,1,-1,-1,-1
493,1,609,1208,50,50,1,-1,-1,-1
493,2,405,1010,50,50,1,-1,-1,-1
493,3,565,664,50,50,1,-1,-1,-1
494,1,596,1200,50,50,1,-1,-1,-1
494,2,410,1026,50,50,1,-1,-1,-1
494,3,571,660,50,50,1,-1,-1,-1
495,1,579,1175,50,50,1,-1,-1,-1
495,2,419,1040,50,50,1,-1,-1,-1
495,3,578,660,50,50,1,-1,-1,-1
496,1,564,1128,50,50,1,-1,-1,-1
496,2,430,1048,50,50,1,-1,-1,-1
496,3,586,665,50,50,1,-1,-1,-1
497,1,551,1062,50,50,1,-1,-1,-1
497,2,440,1050,50,50,1,-1,-1,-1
497,3,595,681,50,50,1,-1,-1,-1
498,1,551,985,50,50,1,-1,-1,-1
498,2,447,1054,50,50,1,-1,-1,-1
498,3,604,700,50,50,1,-1,-1,-1
499,1,551,912,50,50,1,-1,-1,-1
499,2,449,1060,50,50,1,-1,-1,-1
499,3,612,724,50,50,1,-1,-1,-1
500,1,553,848,50,50,1,-1,-1,-1
500,2,447,1067,50,50,1,-1,-1,-1
500,3,621,753,50,50,1,-1,-1,-1
501,1,556,783,50,50,1,-1,-1,-1
501,2,443,1068,50,50,1,-1,-1,-1
501,3,629,787,50,50,1,-1,-1,-1
502,1,557,720,50,50,1,-1,-1,-1
502,2,439,1070,50,50,1,-1,-1,-1
502,3,637,831,50,50,1,-1,-1,-1
503,1,559,666,50,50,1,-1,-1,-1
503,2,434,1078,50,50,1,-1,-1,-1
503,3,645,878,50,50,1,-1,-1,-1
504,1,562,623,50,50,1,-1,-1,-1
504,2,428,1082,50,50,1,-1,-1,-1
504,3,653,927,50,50,1,-1,-1,-1
505,1,564,584,50,50,1,-1,-1,-1
505,2,427,1081,50,50,1,-1,-1,-1
505,3,662,969,50,50,1,-1,-1,-1
506,1,565,548,50,50,1,-1,-1,-1
506,2,425,1078,50,50,1,-1,-1,-1
506,3,666,997,50,50,1,-1,-1,-1
507,1,566,517,50,50,1,-1,-1,-1
507,2,421,1079,50,50,1,-1,-1,-1
507,3,667,1026,50,50,1,-1,-1,-1
508,1,568,496,50,50,1,-1,-1,-1
508,2,419,1084,50,50,1,-1,-1,-1
508,3,666,1060,50,50,1,-1,-1,-1
509,1,570,482,50,50,1,-1,-1,-1
509,2,418,1086,50,50,1,-1,-1,-1
509,3,656,1100,50,50,1,-1,-1,-1
510,1,573,469,50,50,1,-1,-1,-1
510,2,419,1086,50,50,1,-1,-1,-1
510,3,645,1136,50,50,1,-1,-1,-1
511,1,576,456,50,50,1,-1,-1,-1
511,2,421,1084,50,50,1,-1,-1,-1
511,3,638,1165,50,50,1,-1,-1,-1
512,1,581,459,50,50,1,-1,-1,-1
512,2,425,1087,50,50,1,-1,-1,-1
512,3,631,1181,50,50,1,-1,-1,-1
513,1,588,464,50,50,1,-1,-1,-1
513,2,426,1087,50,50,1,-1,-1,-1
513,3,620,1181,50,50,1,-1,-1,-1
514,1,595,469,50,50,1,-1,-1,-1
514,2,428,1088,50,50,1,-1,-1,-1
514,3,606,1166,50,50,1,-1,-1,-1
515,1,601,486,50,50,1,-1,-1,-1
515,2,432,1091,50,50,1,-1,-1,-1
515,3,597,1136,50,50,1,-1,-1,-1
516,1,608,512,50,50,1,-1,-1,-1
516,2,436,1094,50,50,1,-1,-1,-1
516,3,587,1086,50,50,1,-1,-1,-1
517,1,615,539,50,50,1,-1,-1,-1
517,2,440,1097,50,50,1,-1,-1,-1
517,3,571,1025,50,50,1,-1,-1,-1
518,1,620,571,50,50,1,-1,-1,-1
518,2,444,1102,50,50,1,-1,-1,-1
518,3,555,962,50,50,1,-1,-1,-1
519,1,627,612,50,50,1,-1,-1,-1
519,2,445,1113,50,50,1,-1,-1,-1
519,3,545,902,50,50,1,-1,-1,-1
520,1,634,654,50,50,1,-1,-1,-1
520,2,446,1126,50,50,1,-1,-1,-1
520,3,536,855,50,50,1,-1,-1,-1
521,1,639,700,50,50,1,-1,-1,-1
521,2,447,1140,50,50,1,-1,-1,-1
521,3,527,816,50,50,1,-1,-1,-1
522,1,646,752,50,50,1,-1,-1,-1
522,2,449,1155,50,50,1,-1,-1,-1
522,3,520,782,50,50,1,-1,-1,-1
523,1,655,811,50,50,1,-1,-1,-1
523,2,457,1173,50,50,1,-1,-1,-1
523,3,511,752,50,50,1,-1,-1,-1
524,1,664,875,50,50,1,-1,-1,-1
524,2,466,1192,50,50,1,-1,-1,-1
524,3,499,726,50,50,1,-1,-1,-1
525,1,678,934,50,50,1,-1,-1,-1
525,2,479,1201,50,50,1,-1,-1,-1
525,3,487,703,50,50,1,-1,-1,-1
526,1,670,962,50,50,1,-1,-1,-1
526,2,493,1203,50,50,1,-1,-1,-1
526,3,476,688,50,50,1,-1,-1,-1
527,1,659,983,50,50,1,-1,-1,-1
527,2,506,1192,50,50,1,-1,-1,-1
527,3,469,684,50,50,1,-1,-1,-1
528,1,648,992,50,50,1,-1,-1,-1
528,2,521,1169,50,50,1,-1,-1,-1
528,3,462,686,50,50,1,-1,-1,-1
529,1,647,1003,50,50,1,-1,-1,-1
529,2,535,1121,50,50,1,-1,-1,-1
529,3,453,691,50,50,1,-1,-1,-1
530,1,645,1015,50,50,1,-1,-1,-1
530,2,538,1047,50,50,1,-1,-1,-1
530,3,443,700,50,50,1,-1,-1,-1
531,1,644,1034,50,50,1,-1,-1,-1
531,2,530,970,50,50,1,-1,-1,-1
531,3,434,717,50,50,1,-1,-1,-1
532,1,640,1055,50,50,1,-1,-1,-1
532,2,521,896,50,50,1,-1,-1,-1
532,3,426,741,50,50,1,-1,-1,-1
533,1,633,1071,50,50,1,-1,-1,-1
533,2,513,829,50,50,1,-1,-1,-1
533,3,420,770,50,50,1,-1,-1,-1
534,1,626,1087,50,50,1,-1,-1,-1
534,2,506,769,50,50,1,-1,-1,-1
534,3,415,800,50,50,1,-1,-1,-1
535,1,622,1107,50,50,1,-1,-1,-1
535,2,500,712,50,50,1,-1,-1,-1
535,3,411,833,50,50,1,-1,-1,-1
536,1,630,1120,50,50,1,-1,-1,-1
536,2,495,660,50,50,1,-1,-1,-1
536,3,407,868,50,50,1,-1,-1,-1
537,1,634,1128,50,50,1,-1,-1,-1
537,2,490,612,50,50,1,-1,-1,-1
537,3,403,904,50,50,1,-1,-1,-1
538,1,643,1137,50,50,1,-1,-1,-1
538,2,485,571,50,50,1,-1,-1,-1
538,3,398,941,50,50,1,-1,-1,-1
539,1,653,1146,50,50,1,-1,-1,-1
539,2,481,538,50,50,1,-1,-1,-1
539,3,393,977,50,50,1,-1,-1,-1
540,1,656,1148,50,50,1,-1,-1,-1
540,2,477,510,50,50,1,-1,-1,-1
540,3,390,1012,50,50,1,-1,-1,-1
541,1,658,1149,50,50,1,-1,-1,-1
541,2,473,486,50,50,1,-1,-1,-1
541,3,394,1048,50,50,1,-1,-1,-1
542,1,660,1149,50,50,1,-1,-1,-1
542,2,469,466,50,50,1,-1,-1,-1
542,3,403,1082,50,50,1,-1,-1,-1
543,1,662,1148,50,50,1,-1,-1,-1
543,2,465,449,50,50,1,-1,-1,-1
543,3,418,1117,50,50,1,-1,-1,-1
544,1,664,1142,50,50,1,-1,-1,-1
544,2,461,449,50,50,1,-1,-1,-1
544,3,439,1149,50,50,1,-1,-1,-1
545,1,661,1137,50,50,1,-1,-1,-1
545,2,458,453,50,50,1,-1,-1,-1
545,3,459,1171,50,50,1,-1,-1,-1
546,1,661,1134,50,50,1,-1,-1,-1
546,2,455,458,50,50,1,-1,-1,-1
546,3,475,1171,50,50,1,-1,-1,-1
547,1,662,1130,50,50,1,-1,-1,-1
547,2,452,467,50,50,1,-1,-1,-1
547,3,491,1159,50,50,1,-1,-1,-1
548,1,663,1126,50,50,1,-1,-1,-1
548,2,451,484,50,50,1,-1,-1,-1
548,3,505,1141,50,50,1,-1,-1,-1
549,1,664,1123,50,50,1,-1,-1,-1
549,2,452,510,50,50,1,-1,-1,-1
549,3,516,1098,50,50,1,-1,-1,-1
550,1,663,1125,50,50,1,-1,-1,-1
550,2,453,542,50,50,1,-1,-1,-1
550,3,526,1046,50,50,1,-1,-1,-1
551,1,662,1128,50,50,1,-1,-1,-1
551,2,452,581,50,50,1,-1,-1,-1
551,3,527,986,50,50,1,-1,-1,-1
552,1,662,1131,50,50,1,-1,-1,-1
552,2,450,622,50,50,1,-1,-1,-1
552,3,528,927,50,50,1,-1,-1,-1
553,1,661,1135,50,50,1,-1,-1,-1
553,2,448,665,50,50,1,-1,-1,-1
553,3,529,870,50,50,1,-1,-1,-1
554,1,658,1144,50,50,1,-1,-1,-1
554,2,447,714,50,50,1,-1,-1,-1
554,3,530,826,50,50,1,-1,-1,-1
555,1,653,1158,50,50,1,-1,-1,-1
555,2,448,768,50,50,1,-1,-1,-1
555,3,531,783,50,50,1,-1,-1,-1
556,1,649,1166,50,50,1,-1,-1,-1
556,2,449,828,50,50,1,-1,-1,-1
556,3,535,749,50,50,1,-1,-1,-1
557,1,645,1176,50,50,1,-1,-1,-1
557,2,452,890,50,50,1,-1,-1,-1
557,3,538,718,50,50,1,-1,-1,-1
558,1,641,1189,50,50,1,-1,-1,-1
558,2,454,943,50,50,1,-1,-1,-1
558,3,543,695,50,50,1,-1,-1,-1
559,1,637,1204,50,50,1,-1,-1,-1
559,2,453,966,50,50,1,-1,-1,-1
559,3,547,678,50,50,1,-1,-1,-1
560,1,623,1203,50,50,1,-1,-1,-1
560,2,456,981,50,50,1,-1,-1,-1
560,3,550,667,50,50,1,-1,-1,-1
561,1,608,1207,50,50,1,-1,-1,-1
561,2,457,994,50,50,1,-1,-1,-1
561,3,555,661,50,50,1,-1,-1,-1
562,1,594,1202,50,50,1,-1,-1,-1
562,2,457,1005,50,50,1,-1,-1,-1
562,3,560,658,50,50,1,-1,-1,-1
563,1,576,1179,50,50,1,-1,-1,-1
563,2,457,1014,50,50,1,-1,-1,-1
563,3,566,658,50,50,1,-1,-1,-1
564,1,551,1145,50,50,1,-1,-1,-1
564,2,458,1023,50,50,1,-1,-1,-1
564,3,573,673,50,50,1,-1,-1,-1
565,1,540,1081,50,50,1,-1,-1,-1
565,2,455,1028,50,50,1,-1,-1,-1
565,3,580,695,50,50,1,-1,-1,-1
566,1,535,1007,50,50,1,-1,-1,-1
566,2,453,1032,50,50,1,-1,-1,-1
566,3,585,720,50,50,1,-1,-1,-1
567,1,532,928,50,50,1,-1,-1,-1
567,2,449,1036,50,50,1,-1,-1,-1
567,3,590,748,50,50,1,-1,-1,-1
568,1,528,859,50,50,1,-1,-1,-1
568,2,446,1040,50,50,1,-1,-1,-1
568,3,597,779,50,50,1,-1,-1,-1
569,1,525,792,50,50,1,-1,-1,-1
569,2,442,1040,50,50,1,-1,-1,-1
569,3,604,813,50,50,1,-1,-1,-1
570,1,524,729,50,50,1,-1,-1,-1
570,2,438,1042,50,50,1,-1,-1,-1
570,3,611,851,50,50,1,-1,-1,-1
571,1,524,671,50,50,1,-1,-1,-1
571,2,435,1045,50,50,1,-1,-1,-1
571,3,618,889,50,50,1,-1,-1,-1
572,1,526,626,50,50,1,-1,-1,-1
572,2,432,1048,50,50,1,-1,-1,-1
572,3,623,925,50,50,1,-1,-1,-1
573,1,529,586,50,50,1,-1,-1,-1
573,2,429,1049,50,50,1,-1,-1,-1
573,3,630,962,50,50,1,-1,-1,-1
574,1,530,550,50,50,1,-1,-1,-1
574,2,429,1053,50,50,1,-1,-1,-1
574,3,638,999,50,50,1,-1,-1,-1
575,1,530,520,50,50,1,-1,-1,-1
575,2,429,1059,50,50,1,-1,-1,-1
575,3,640,1035,50,50,1,-1,-1,-1
576,1,530,497,50,50,1,-1,-1,-1
576,2,427,1064,50,50,1,-1,-1,-1
576,3,630,1078,50,50,1,-1,-1,-1
577,1,531,479,50,50,1,-1,-1,-1
577,2,427,1068,50,50,1,-1,-1,-1
577,3,626,1123,50,50,1,-1,-1,-1
578,1,532,463,50,50,1,-1,-1,-1
578,2,426,1069,50,50,1,-1,-1,-1
578,3,621,1166,50,50,1,-1,-1,-1
579,1,535,449,50,50,1,-1,-1,-1
579,2,426,1069,50,50,1,-1,-1,-1
579,3,615,1185,50,50,1,-1,-1,-1
580,1,542,448,50,50,1,-1,-1,-1
580,2,426,1069,50,50,1,-1,-1,-1
580,3,605,1186,50,50,1,-1,-1,-1
581,1,550,452,50,50,1,-1,-1,-1
581,2,425,1070,50,50,1,-1,-1,-1
581,3,594,1183,50,50,1,-1,-1,-1
582,1,555,463,50,50,1,-1,-1,-1
582,2,425,1072,50,50,1,-1,-1,-1
582,3,581,1164,50,50,1,-1,-1,-1
583,1,559,480,50,50,1,-1,-1,-1
583,2,427,1073,50,50,1,-1,-1,-1
583,3,568,1132,50,50,1,-1,-1,-1
584,1,564,501,50,50,1,-1,-1,-1
584,2,430,1076,50,50,1,-1,-1,-1
584,3,556,1081,50,50,1,-1,-1,-1
585,1,568,526,50,50,1,-1,-1,-1
585,2,434,1085,50,50,1,-1,-1,-1
585,3,547,1022,50,50,1,-1,-1,-1
586,1,571,559,50,50,1,-1,-1,-1
586,2,436,1099,50,50,1,-1,-1,-1
586,3,534,967,50,50,1,-1,-1,-1
587,1,575,593,50,50,1,-1,-1,-1
587,2,437,1110,50,50,1,-1,-1,-1
587,3,523,918,50,50,1,-1,-1,-1
588,1,580,628,50,50,1,-1,-1,-1
588,2,439,1122,50,50,1,-1,-1,-1
588,3,514,872,50,50,1,-1,-1,-1
589,1,587,670,50,50,1,-1,-1,-1
589,2,444,1144,50,50,1,-1,-1,-1
589,3,507,834,50,50,1,-1,-1,-1
590,1,595,719,50,50,1,-1,-1,-1
590,2,449,1162,50,50,1,-1,-1,-1
590,3,501,798,50,50,1,-1,-1,-1
591,1,602,773,50,50,1,-1,-1,-1
591,2,453,1176,50,50,1,-1,-1,-1
591,3,494,766,50,50,1,-1,-1,-1
592,1,606,833,50,50,1,-1,-1,-1
592,2,460,1195,50,50,1,-1,-1,-1
592,3,486,741,50,50,1,-1,-1,-1
593,1,609,895,50,50,1,-1,-1,-1
593,2,468,1205,50,50,1,-1,-1,-1
593,3,480,728,50,50,1,-1,-1,-1
594,1,619,934,50,50,1,-1,-1,-1
594,2,479,1206,50,50,1,-1,-1,-1
594,3,472,722,50,50,1,-1,-1,-1
595,1,623,957,50,50,1,-1,-1,-1
595,2,496,1199,50,50,1,-1,-1,-1
595,3,464,719,50,50,1,-1,-1,-1
596,1,627,976,50,50,1,-1,-1,-1
596,2,516,1181,50,50,1,-1,-1,-1
596,3,456,719,50,50,1,-1,-1,-1
597,1,632,997,50,50,1,-1,-1,-1
597,2,533,1145,50,50,1,-1,-1,-1
597,3,447,728,50,50,1,-1,-1,-1
598,1,636,1021,50,50,1,-1,-1,-1
598,2,531,1080,50,50,1,-1,-1,-1
598,3,442,744,50,50,1,-1,-1,-1
599,1,639,1040,50,50,1,-1,-1,-1
599,2,528,1010,50,50,1,-1,-1,-1
599,3,437,763,50,50,1,-1,-1,-1
600,1,641,1056,50,50,1,-1,-1,-1
600,2,524,937,50,50,1,-1,-1,-1
600,3,433,785,50,50,1,-1,-1,-1
601,1,644,1064,50,50,1,-1,-1,-1
601,2,516,868,50,50,1,-1,-1,-1
601,3,429,813,50,50,1,-1,-1,-1
602,1,648,1074,50,50,1,-1,-1,-1
602,2,508,808,50,50,1,-1,-1,-1
602,3,425,844,50,50,1,-1,-1,-1
603,1,650,1082,50,50,1,-1,-1,-1
603,2,502,756,50,50,1,-1,-1,-1
603,3,421,877,50,50,1,-1,-1,-1
604,1,654,1085,50,50,1,-1,-1,-1
604,2,495,710,50,50,1,-1,-1,-1
604,3,418,912,50,50,1,-1,-1,-1
605,1,660,1087,50,50,1,-1,-1,-1
605,2,487,668,50,50,1,-1,-1,-1
605,3,416,947,50,50,1,-1,-1,-1
606,1,666,1091,50,50,1,-1,-1,-1
606,2,481,630,50,50,1,-1,-1,-1
606,3,414,982,50,50,1,-1,-1,-1
607,1,671,1094,50,50,1,-1,-1,-1
607,2,476,599,50,50,1,-1,-1,-1
607,3,419,1010,50,50,1,-1,-1,-1
608,1,671,1097,50,50,1,-1,-1,-1
608,2,471,577,50,50,1,-1,-1,-1
608,3,429,1035,50,50,1,-1,-1,-1
609,1,674,1100,50,50,1,-1,-1,-1
609,2,465,561,50,50,1,-1,-1,-1
609,3,437,1061,50,50,1,-1,-1,-1
610,1,677,1099,50,50,1,-1,-1,-1
610,2,459,546,50,50,1,-1,-1,-1
610,3,445,1091,50,50,1,-1,-1,-1
611,1,677,1099,50,50,1,-1,-1,-1
611,2,453,534,50,50,1,-1,-1,-1
611,3,453,1122,50,50,1,-1,-1,-1
612,1,675,1102,50,50,1,-1,-1,-1
612,2,448,527,50,50,1,-1,-1,-1
612,3,463,1151,50,50,1,-1,-1,-1
613,1,672,1102,50,50,1,-1,-1,-1
613,2,441,525,50,50,1,-1,-1,-1
613,3,474,1168,50,50,1,-1,-1,-1
614,1,668,1101,50,50,1,-1,-1,-1
614,2,435,532,50,50,1,-1,-1,-1
614,3,485,1158,50,50,1,-1,-1,-1
615,1,664,1100,50,50,1,-1,-1,-1
615,2,434,551,50,50,1,-1,-1,-1
615,3,495,1126,50,50,1,-1,-1,-1
616,1,661,1099,50,50,1,-1,-1,-1
616,2,432,572,50,50,1,-1,-1,-1
616,3,507,1099,50,50,1,-1,-1,-1
617,1,659,1101,50,50,1,-1,-1,-1
617,2,429,595,50,50,1,-1,-1,-1
617,3,517,1061,50,50,1,-1,-1,-1
618,1,655,1108,50,50,1,-1,-1,-1
618,2,426,624,50,50,1,-1,-1,-1
618,3,524,1008,50,50,1,-1,-1,-1
619,1,653,1116,50,50,1,-1,-1,-1
619,2,423,658,50,50,1,-1,-1,-1
619,3,527,955,50,50,1,-1,-1,-1
620,1,651,1126,50,50,1,-1,-1,-1
620,2,421,698,50,50,1,-1,-1,-1
620,3,529,911,50,50,1,-1,-1,-1
621,1,644,1139,50,50,1,-1,-1,-1
621,2,420,745,50,50,1,-1,-1,-1
621,3,533,876,50,50,1,-1,-1,-1
622,1,635,1158,50,50,1,-1,-1,-1
622,2,420,798,50,50,1,-1,-1,-1
622,3,536,847,50,50,1,-1,-1,-1
623,1,631,1170,50,50,1,-1,-1,-1
623,2,420,855,50,50,1,-1,-1,-1
623,3,539,818,50,50,1,-1,-1,-1
624,1,625,1184,50,50,1,-1,-1,-1
624,2,421,914,50,50,1,-1,-1,-1
624,3,543,795,50,50,1,-1,-1,-1
625,1,616,1201,50,50,1,-1,-1,-1
625,2,419,949,50,50,1,-1,-1,-1
625,3,548,775,50,50,1,-1,-1,-1
626,1,604,1209,50,50,1,-1,-1,-1
626,2,412,979,50,50,1,-1,-1,-1
626,3,554,761,50,50,1,-1,-1,-1
627,1,595,1204,50,50,1,-1,-1,-1
627,2,412,993,50,50,1,-1,-1,-1
627,3,560,753,50,50,1,-1,-1,-1
628,1,582,1191,50,50,1,-1,-1,-1
628,2,416,1009,50,50,1,-1,-1,-1
628,3,568,754,50,50,1,-1,-1,-1
629,1,568,1173,50,50,1,-1,-1,-1
629,2,420,1023,50,50,1,-1,-1,-1
629,3,577,761,50,50,1,-1,-1,-1
630,1,551,1126,50,50,1,-1,-1,-1
630,2,424,1036,50,50,1,-1,-1,-1
630,3,585,779,50,50,1,-1,-1,-1
631,1,541,1057,50,50,1,-1,-1,-1
631,2,430,1044,50,50,1,-1,-1,-1
631,3,593,800,50,50,1,-1,-1,-1
632,1,541,982,50,50,1,-1,-1,-1
632,2,434,1049,50,50,1,-1,-1,-1
632,3,601,823,50,50,1,-1,-1,-1
633,1,542,906,50,50,1,-1,-1,-1
633,2,436,1055,50,50,1,-1,-1,-1
633,3,609,848,50,50,1,-1,-1,-1
634,1,546,837,50,50,1,-1,-1,-1
634,2,436,1062,50,50,1,-1,-1,-1
634,3,617,875,50,50,1,-1,-1,-1
635,1,550,772,50,50,1,-1,-1,-1
635,2,435,1066,50,50,1,-1,-1,-1
635,3,625,904,50,50,1,-1,-1,-1
636,1,554,712,50,50,1,-1,-1,-1
636,2,434,1067,50,50,1,-1,-1,-1
636,3,632,937,50,50,1,-1,-1,-1
637,1,558,660,50,50,1,-1,-1,-1
637,2,431,1071,50,50,1,-1,-1,-1
637,3,641,974,50,50,1,-1,-1,-1
638,1,561,618,50,50,1,-1,-1,-1
638,2,429,1074,50,50,1,-1,-1,-1
638,3,647,1009,50,50,1,-1,-1,-1
639,1,564,577,50,50,1,-1,-1,-1
639,2,426,1077,50,50,1,-1,-1,-1
639,3,649,1038,50,50,1,-1,-1,-1
640,1,568,538,50,50,1,-1,-1,-1
640,2,426,1078,50,50,1,-1,-1,-1
640,3,645,1068,50,50,1,-1,-1,-1
641,1,574,512,50,50,1,-1,-1,-1
641,2,426,1081,50,50,1,-1,-1,-1
641,3,638,1101,50,50,1,-1,-1,-1
642,1,579,488,50,50,1,-1,-1,-1
642,2,426,1082,50,50,1,-1,-1,-1
642,3,629,1134,50,50,1,-1,-1,-1
643,1,585,468,50,50,1,-1,-1,-1
643,2,426,1083,50,50,1,-1,-1,-1
643,3,624,1161,50,50,1,-1,-1,-1
644,1,592,455,50,50,1,-1,-1,-1
644,2,426,1084,50,50,1,-1,-1,-1
644,3,622,1180,50,50,1,-1,-1,-1
645,1,598,448,50,50,1,-1,-1,-1
645,2,426,1085,50,50,1,-1,-1,-1
645,3,618,1179,50,50,1,-1,-1,-1
646,1,606,446,50,50,1,-1,-1,-1
646,2,427,1086,50,50,1,-1,-1,-1
646,3,609,1168,50,50,1,-1,-1,-1
647,1,611,450,50,50,1,-1,-1,-1
647,2,428,1087,50,50,1,-1,-1,-1
647,3,595,1136,50,50,1,-1,-1,-1
648,1,617,461,50,50,1,-1,-1,-1
648,2,430,1088,50,50,1,-1,-1,-1
648,3,584,1092,50,50,1,-1,-1,-1
649,1,628,483,50,50,1,-1,-1,-1
649,2,434,1091,50,50,1,-1,-1,-1
649,3,572,1030,50,50,1,-1,-1,-1
650,1,638,510,50,50,1,-1,-1,-1
650,2,438,1096,50,50,1,-1,-1,-1
650,3,560,968,50,50,1,-1,-1,-1
651,1,643,538,50,50,1,-1,-1,-1
651,2,441,1102,50,50,1,-1,-1,-1
651,3,550,908,50,50,1,-1,-1,-1
652,1,651,572,50,50,1,-1,-1,-1
652,2,441,1109,50,50,1,-1,-1,-1
652,3,541,853,50,50,1,-1,-1,-1
653,1,660,604,50,50,1,-1,-1,-1
653,2,440,1116,50,50,1,-1,-1,-1
653,3,535,806,50,50,1,-1,-1,-1
654,1,673,646,50,50,1,-1,-1,-1
654,2,442,1124,50,50,1,-1,-1,-1
654,3,531,763,50,50,1,-1,-1,-1
655,1,682,699,50,50,1,-1,-1,-1
655,2,447,1135,50,50,1,-1,-1,-1
655,3,525,728,50,50,1,-1,-1,-1
656,1,691,762,50,50,1,-1,-1,-1
656,2,453,1150,50,50,1,-1,-1,-1
656,3,518,702,50,50,1,-1,-1,-1
657,1,700,826,50,50,1,-1,-1,-1
657,2,461,1166,50,50,1,-1,-1,-1
657,3,511,683,50,50,1,-1,-1,-1
658,1,705,881,50,50,1,-1,-1,-1
658,2,473,1177,50,50,1,-1,-1,-1
658,3,503,668,50,50,1,-1,-1,-1
659,1,700,913,50,50,1,-1,-1,-1
659,2,482,1180,50,50,1,-1,-1,-1
659,3,495,657,50,50,1,-1,-1,-1
660,1,689,939,50,50,1,-1,-1,-1
660,2,495,1180,50,50,1,-1,-1,-1
660,3,489,651,50,50,1,-1,-1,-1
661,1,683,966,50,50,1,-1,-1,-1
661,2,515,1176,50,50,1,-1,-1,-1
661,3,483,647,50,50,1,-1,-1,-1
662,1,678,992,50,50,1,-1,-1,-1
662,2,536,1158,50,50,1,-1,-1,-1
662,3,476,651,50,50,1,-1,-1,-1
663,1,677,1021,50,50,1,-1,-1,-1
663,2,549,1117,50,50,1,-1,-1,-1
663,3,468,662,50,50,1,-1,-1,-1
664,1,675,1049,50,50,1,-1,-1,-1
664,2,550,1059,50,50,1,-1,-1,-1
664,3,461,679,50,50,1,-1,-1,-1
665,1,675,1070,50,50,1,-1,-1,-1
665,2,549,989,50,50,1,-1,-1,-1
665,3,457,705,50,50,1,-1,-1,-1
666,1,673,1087,50,50,1,-1,-1,-1
666,2,535,911,50,50,1,-1,-1,-1
666,3,452,736,50,50,1,-1,-1,-1
667,1,671,1101,50,50,1,-1,-1,-1
667,2,525,846,50,50,1,-1,-1,-1
667,3,449,772,50,50,1,-1,-1,-1
668,1,672,1112,50,50,1,-1,-1,-1
668,2,515,789,50,50,1,-1,-1,-1
668,3,445,810,50,50,1,-1,-1,-1
669,1,673,1117,50,50,1,-1,-1,-1
669,2,500,727,50,50,1,-1,-1,-1
669,3,441,852,50,50,1,-1,-1,-1
670,1,674,1123,50,50,1,-1,-1,-1
670,2,488,676,50,50,1,-1,-1,-1
670,3,439,895,50,50,1,-1,-1,-1
671,1,674,1128,50,50,1,-1,-1,-1
671,2,479,634,50,50,1,-1,-1,-1
671,3,437,939,50,50,1,-1,-1,-1
672,1,673,1133,50,50,1,-1,-1,-1
672,2,471,594,50,50,1,-1,-1,-1
672,3,434,982,50,50,1,-1,-1,-1
673,1,671,1137,50,50,1,-1,-1,-1
673,2,463,559,50,50,1,-1,-1,-1
673,3,431,1019,50,50,1,-1,-1,-1
674,1,668,1140,50,50,1,-1,-1,-1
674,2,454,534,50,50,1,-1,-1,-1
674,3,432,1052,50,50,1,-1,-1,-1
675,1,667,1141,50,50,1,-1,-1,-1
675,2,443,514,50,50,1,-1,-1,-1
675,3,434,1080,50,50,1,-1,-1,-1
676,1,666,1135,50,50,1,-1,-1,-1
676,2,432,497,50,50,1,-1,-1,-1
676,3,439,1107,50,50,1,-1,-1,-1
677,1,665,1133,50,50,1,-1,-1,-1
677,2,422,484,50,50,1,-1,-1,-1
677,3,446,1135,50,50,1,-1,-1,-1
678,1,659,1130,50,50,1,-1,-1,-1
678,2,414,477,50,50,1,-1,-1,-1
678,3,452,1161,50,50,1,-1,-1,-1
679,1,657,1125,50,50,1,-1,-1,-1
679,2,406,475,50,50,1,-1,-1,-1
679,3,460,1175,50,50,1,-1,-1,-1
680,1,656,1123,50,50,1,-1,-1,-1
680,2,399,482,50,50,1,-1,-1,-1
680,3,469,1177,50,50,1,-1,-1,-1
681,1,655,1122,50,50,1,-1,-1,-1
681,2,392,499,50,50,1,-1,-1,-1
681,3,474,1166,50,50,1,-1,-1,-1
682,1,651,1116,50,50,1,-1,-1,-1
682,2,384,519,50,50,1,-1,-1,-1
682,3,475,1147,50,50,1,-1,-1,-1
683,1,649,1114,50,50,1,-1,-1,-1
683,2,375,541,50,50,1,-1,-1,-1
683,3,479,1116,50,50,1,-1,-1,-1
684,1,647,1116,50,50,1,-1,-1,-1
684,2,367,570,50,50,1,-1,-1,-1
684,3,483,1056,50,50,1,-1,-1,-1
685,1,644,1115,50,50,1,-1,-1,-1
685,2,364,612,50,50,1,-1,-1,-1
685,3,484,995,50,50,1,-1,-1,-1
686,1,642,1116,50,50,1,-1,-1,-1
686,2,359,656,50,50,1,-1,-1,-1
686,3,484,941,50,50,1,-1,-1,-1
687,1,640,1117,50,50,1,-1,-1,-1
687,2,354,702,50,50,1,-1,-1,-1
687,3,487,898,50,50,1,-1,-1,-1
688,1,635,1119,50,50,1,-1,-1,-1
688,2,349,753,50,50,1,-1,-1,-1
688,3,488,859,50,50,1,-1,-1,-1
689,1,634,1120,50,50,1,-1,-1,-1
689,2,344,807,50,50,1,-1,-1,-1
689,3,488,824,50,50,1,-1,-1,-1
690,1,633,1121,50,50,1,-1,-1,-1
690,2,339,862,50,50,1,-1,-1,-1
690,3,490,794,50,50,1,-1,-1,-1
691,1,632,1122,50,50,1,-1,-1,-1
691,2,334,920,50,50,1,-1,-1,-1
691,3,493,765,50,50,1,-1,-1,-1
692,1,631,1125,50,50,1,-1,-1,-1
692,2,332,960,50,50,1,-1,-1,-1
692,3,496,738,50,50,1,-1,-1,-1
693,1,629,1125,50,50,1,-1,-1,-1
693,2,331,983,50,50,1,-1,-1,-1
693,3,499,721,50,50,1,-1,-1,-1
694,1,628,1107,50,50,1,-1,-1,-1
694,2,339,1001,50,50,1,-1,-1,-1
694,3,503,713,50,50,1,-1,-1,-1
695,1,630,1095,50,50,1,-1,-1,-1
695,2,355,1017,50,50,1,-1,-1,-1
695,3,508,708,50,50,1,-1,-1,-1
696,1,634,1089,50,50,1,-1,-1,-1
696,2,371,1033,50,50,1,-1,-1,-1
696,3,513,707,50,50,1,-1,-1,-1
697,1,638,1080,50,50,1,-1,-1,-1
697,2,380,1048,50,50,1,-1,-1,-1
697,3,519,711,50,50,1,-1,-1,-1
698,1,639,1074,50,50,1,-1,-1,-1
698,2,391,1063,50,50,1,-1,-1,-1
698,3,526,724,50,50,1,-1,-1,-1
699,1,638,1068,50,50,1,-1,-1,-1
699,2,405,1073,50,50,1,-1,-1,-1
699,3,530,748,50,50,1,-1,-1,-1
700,1,637,1062,50,50,1,-1,-1,-1
700,2,416,1074,50,50,1,-1,-1,-1
700,3,534,775,50,50,1,-1,-1,-1
701,1,635,1060,50,50,1,-1,-1,-1
701,2,424,1078,50,50,1,-1,-1,-1
701,3,539,803,50,50,1,-1,-1,-1
702,1,633,1058,50,50,1,-1,-1,-1
702,2,427,1082,50,50,1,-1,-1,-1
702,3,544,838,50,50,1,-1,-1,-1
703,1,629,1057,50,50,1,-1,-1,-1
703,2,432,1083,50,50,1,-1,-1,-1
703,3,554,880,50,50,1,-1,-1,-1
704,1,625,1060,50,50,1,-1,-1,-1
704,2,433,1085,50,50,1,-1,-1,-1
704,3,565,928,50,50,1,-1,-1,-1
705,1,620,1064,50,50,1,-1,-1,-1
705,2,434,1087,50,50,1,-1,-1,-1
705,3,574,980,50,50,1,-1,-1,-1
706,1,617,1062,50,50,1,-1,-1,-1
706,2,435,1088,50,50,1,-1,-1,-1
706,3,581,1033,50,50,1,-1,-1,-1
707,1,613,1058,50,50,1,-1,-1,-1
707,2,433,1087,50,50,1,-1,-1,-1
707,3,579,1061,50,50,1,-1,-1,-1
708,1,611,1055,50,50,1,-1,-1,-1
708,2,431,1086,50,50,1,-1,-1,-1
708,3,577,1057,50,50,1,-1,-1,-1
709,1,615,1055,50,50,1,-1,-1,-1
709,2,431,1086,50,50,1,-1,-1,-1
709,3,579,1051,50,50,1,-1,-1,-1
710,1,618,1054,50,50,1,-1,-1,-1
710,2,427,1085,50,50,1,-1,-1,-1
710,3,582,1051,50,50,1,-1,-1,-1
711,1,620,1049,50,50,1,-1,-1,-1
711,2,426,1084,50,50,1,-1,-1,-1
711,3,584,1048,50,50,1,-1,-1,-1
712,1,623,1050,50,50,1,-1,-1,-1
712,2,424,1082,50,50,1,-1,-1,-1
712,3,588,1048,50,50,1,-1,-1,-1
713,1,628,1050,50,50,1,-1,-1,-1
713,2,422,1080,50,50,1,-1,-1,-1
713,3,592,1048,50,50,1,-1,-1,-1
714,1,634,1049,50,50,1,-1,-1,-1
714,2,423,1079,50,50,1,-1,-1,-1
714,3,597,1046,50,50,1,-1,-1,-1
715,1,640,1050,50,50,1,-1,-1,-1
715,2,424,1078,50,50,1,-1,-1,-1
715,3,603,1044,50,50,1,-1,-1,-1
716,1,644,1051,50,50,1,-1,-1,-1
716,2,424,1077,50,50,1,-1,-1,-1
716,3,608,1047,50,50,1,-1,-1,-1
717,1,647,1050,50,50,1,-1,-1,-1
717,2,425,1078,50,50,1,-1,-1,-1
717,3,609,1049,50,50,1,-1,-1,-1
718,1,651,1047,50,50,1,-1,-1,-1
718,2,427,1080,50,50,1,-1,-1,-1
718,3,613,1047,50,50,1,-1,-1,-1
719,1,653,1046,50,50,1,-1,-1,-1
719,2,429,1081,50,50,1,-1,-1,-1
719,3,616,1047,50,50,1,-1,-1,-1
720,1,655,1047,50,50,1,-1,-1,-1
720,2,431,1082,50,50,1,-1,-1,-1
720,3,617,1047,50,50,1,-1,-1,-1
721,1,655,1047,50,50,1,-1,-1,-1
721,2,433,1082,50,50,1,-1,-1,-1
721,3,619,1047,50,50,1,-1,-1,-1
722,1,656,1048,50,50,1,-1,-1,-1
722,2,434,1078,50,50,1,-1,-1,-1
722,3,622,1048,50,50,1,-1,-1,-1
723,1,658,1050,50,50,1,-1,-1,-1
723,2,435,1075,50,50,1,-1,-1,-1
723,3,625,1049,50,50,1,-1,-1,-1
724,1,660,1052,50,50,1,-1,-1,-1
724,2,435,1075,50,50,1,-1,-1,-1
724,3,626,1049,50,50,1,-1,-1,-1
725,1,662,1054,50,50,1,-1,-1,-1
725,2,435,1073,50,50,1,-1,-1,-1
725,3,627,1049,50,50,1,-1,-1,-1
726,1,664,1055,50,50,1,-1,-1,-1
726,2,437,1071,50,50,1,-1,-1,-1
726,3,629,1050,50,50,1,-1,-1,-1
727,1,665,1052,50,50,1,-1,-1,-1
727,2,439,1070,50,50,1,-1,-1,-1
727,3,630,1051,50,50,1,-1,-1,-1
728,1,665,1052,50,50,1,-1,-1,-1
728,2,438,1071,50,50,1,-1,-1,-1
728,3,631,1052,50,50,1,-1,-1,-1
729,1,666,1052,50,50,1,-1,-1,-1
729,2,436,1072,50,50,1,-1,-1,-1
729,3,633,1054,50,50,1,-1,-1,-1
730,1,665,1052,50,50,1,-1,-1,-1
730,2,436,1074,50,50,1,-1,-1,-1
730,3,631,1055,50,50,1,-1,-1,-1
731,1,663,1052,50,50,1,-1,-1,-1
731,2,436,1076,50,50,1,-1,-1,-1
731,3,629,1056,50,50,1,-1,-1,-1
732,1,663,1052,50,50,1,-1,-1,-1
732,2,436,1078,50,50,1,-1,-1,-1
732,3,629,1056,50,50,1,-1,-1,-1
733,1,663,1051,50,50,1,-1,-1,-1
733,2,437,1075,50,50,1,-1,-1,-1
733,3,629,1056,50,50,1,-1,-1,-1
734,1,663,1050,50,50,1,-1,-1,-1
734,2,440,1073,50,50,1,-1,-1,-1
734,3,630,1056,50,50,1,-1,-1,-1
735,1,664,1050,50,50,1,-1,-1,-1
735,2,440,1074,50,50,1,-1,-1,-1
735,3,632,1055,50,50,1,-1,-1,-1
736,1,666,1050,50,50,1,-1,-1,-1
736,2,441,1075,50,50,1,-1,-1,-1
736,3,634,1055,50,50,1,-1,-1,-1
737,1,668,1051,50,50,1,-1,-1,-1
737,2,442,1076,50,50,1,-1,-1,-1
737,3,636,1058,50,50,1,-1,-1,-1
738,1,670,1052,50,50,1,-1,-1,-1
738,2,442,1076,50,50,1,-1,-1,-1
738,3,636,1061,50,50,1,-1,-1,-1
739,1,672,1053,50,50,1,-1,-1,-1
739,2,442,1075,50,50,1,-1,-1,-1
739,3,639,1061,50,50,1,-1,-1,-1
740,1,671,1054,50,50,1,-1,-1,-1
740,2,443,1073,50,50,1,-1,-1,-1
740,3,642,1060,50,50,1,-1,-1,-1
741,1,670,1055,50,50,1,-1,-1,-1
741,2,444,1073,50,50,1,-1,-1,-1
741,3,645,1061,50,50,1,-1,-1,-1
742,1,671,1057,50,50,1,-1,-1,-1
742,2,444,1073,50,50,1,-1,-1,-1
742,3,646,1064,50,50,1,-1,-1,-1
743,1,672,1059,50,50,1,-1,-1,-1
743,2,444,1073,50,50,1,-1,-1,-1
743,3,647,1065,50,50,1,-1,-1,-1
744,1,671,1059,50,50,1,-1,-1,-1
744,2,445,1074,50,50,1,-1,-1,-1
744,3,646,1065,50,50,1,-1,-1,-1
745,1,669,1059,50,50,1,-1,-1,-1
745,2,446,1075,50,50,1,-1,-1,-1
745,3,644,1065,50,50,1,-1,-1,-1
746,1,667,1059,50,50,1,-1,-1,-1
746,2,447,1076,50,50,1,-1,-1,-1
746,3,643,1065,50,50,1,-1,-1,-1
747,1,666,1059,50,50,1,-1,-1,-1
747,2,447,1077,50,50,1,-1,-1,-1
747,3,644,1066,50,50,1,-1,-1,-1
748,1,666,1062,50,50,1,-1,-1,-1
748,2,446,1078,50,50,1,-1,-1,-1
748,3,645,1068,50,50,1,-1,-1,-1
749,1,665,1066,50,50,1,-1,-1,-1
749,2,446,1079,50,50,1,-1,-1,-1
749,3,645,1068,50,50,1,-1,-1,-1
750,1,663,1068,50,50,1,-1,-1,-1
750,2,448,1079,50,50,1,-1,-1,-1
750,3,645,1068,50,50,1,-1,-1,-1
751,1,663,1069,50,50,1,-1,-1,-1
751,2,450,1079,50,50,1,-1,-1,-1
751,3,645,1068,50,50,1,-1,-1,-1
752,1,663,1069,50,50,1,-1,-1,-1
752,2,451,1079,50,50,1,-1,-1,-1
752,3,644,1069,50,50,1,-1,-1,-1
753,1,661,1068,50,50,1,-1,-1,-1
753,2,450,1079,50,50,1,-1,-1,-1
753,3,643,1069,50,50,1,-1,-1,-1
754,1,660,1066,50,50,1,-1,-1,-1
754,2,450,1078,50,50,1,-1,-1,-1
754,3,642,1069,50,50,1,-1,-1,-1
755,1,658,1063,50,50,1,-1,-1,-1
755,2,450,1077,50,50,1,-1,-1,-1
755,3,641,1068,50,50,1,-1,-1,-1
756,1,656,1061,50,50,1,-1,-1,-1
756,2,449,1078,50,50,1,-1,-1,-1
756,3,640,1067,50,50,1,-1,-1,-1
757,1,655,1060,50,50,1,-1,-1,-1
757,2,449,1079,50,50,1,-1,-1,-1
757,3,639,1066,50,50,1,-1,-1,-1
758,1,658,1058,50,50,1,-1,-1,-1
758,2,450,1079,50,50,1,-1,-1,-1
758,3,638,1065,50,50,1,-1,-1,-1
759,1,660,1055,50,50,1,-1,-1,-1
759,2,451,1079,50,50,1,-1,-1,-1
759,3,638,1065,50,50,1,-1,-1,-1
760,1,658,1053,50,50,1,-1,-1,-1
760,2,452,1079,50,50,1,-1,-1,-1
760,3,639,1065,50,50,1,-1,-1,-1
761,1,657,1053,50,50,1,-1,-1,-1
761,2,453,1079,50,50,1,-1,-1,-1
761,3,638,1064,50,50,1,-1,-1,-1
762,1,658,1055,50,50,1,-1,-1,-1
762,2,453,1079,50,50,1,-1,-1,-1
762,3,637,1063,50,50,1,-1,-1,-1
763,1,659,1056,50,50,1,-1,-1,-1
763,2,453,1079,50,50,1,-1,-1,-1
763,3,637,1062,50,50,1,-1,-1,-1
764,1,658,1059,50,50,1,-1,-1,-1
764,2,453,1078,50,50,1,-1,-1,-1
764,3,637,1062,50,50,1,-1,-1,-1
