1,1,476,1028,50,50,1,-1,-1,-1
1,2,596,1091,50,50,1,-1,-1,-1
1,3,478,1057,50,50,1,-1,-1,-1
2,1,476,1033,50,50,1,-1,-1,-1
2,2,589,1084,50,50,1,-1,-1,-1
2,3,472,1057,50,50,1,-1,-1,-1
3,1,476,1038,50,50,1,-1,-1,-1
3,2,590,1088,50,50,1,-1,-1,-1
3,3,472,1062,50,50,1,-1,-1,-1
4,1,476,1046,50,50,1,-1,-1,-1
4,2,590,1087,50,50,1,-1,-1,-1
4,3,472,1072,50,50,1,-1,-1,-1
5,1,476,1060,50,50,1,-1,-1,-1
5,2,590,1086,50,50,1,-1,-1,-1
5,3,474,1087,50,50,1,-1,-1,-1
6,1,476,1081,50,50,1,-1,-1,-1
6,2,590,1085,50,50,1,-1,-1,-1
6,3,476,1106,50,50,1,-1,-1,-1
7,1,476,1114,50,50,1,-1,-1,-1
7,2,590,1084,50,50,1,-1,-1,-1
7,3,475,1129,50,50,1,-1,-1,-1
8,1,473,1144,50,50,1,-1,-1,-1
8,2,591,1081,50,50,1,-1,-1,-1
8,3,472,1155,50,50,1,-1,-1,-1
9,1,473,1168,50,50,1,-1,-1,-1
9,2,592,1077,50,50,1,-1,-1,-1
9,3,474,1163,50,50,1,-1,-1,-1
10,1,469,1191,50,50,1,-1,-1,-1
10,2,593,1073,50,50,1,-1,-1,-1
10,3,471,1179,50,50,1,-1,-1,-1
11,1,466,1212,50,50,1,-1,-1,-1
11,2,594,1071,50,50,1,-1,-1,-1
11,3,467,1197,50,50,1,-1,-1,-1
12,1,462,1222,50,50,1,-1,-1,-1
12,2,596,1070,50,50,1,-1,-1,-1
12,3,464,1202,50,50,1,-1,-1,-1
13,1,461,1227,50,50,1,-1,-1,-1
13,2,598,1069,50,50,1,-1,-1,-1
13,3,460,1210,50,50,1,-1,-1,-1
14,1,457,1234,50,50,1,-1,-1,-1
14,2,599,1067,50,50,1,-1,-1,-1
14,3,458,1213,50,50,1,-1,-1,-1
15,1,454,1241,50,50,1,-1,-1,-1
15,2,600,1065,50,50,1,-1,-1,-1
15,3,456,1217,50,50,1,-1,-1,-1
16,1,453,1248,50,50,1,-1,-1,-1
16,2,601,1063,50,50,1,-1,-1,-1
16,3,454,1222,50,50,1,-1,-1,-1
17,1,452,1255,50,50,1,-1,-1,-1
17,2,602,1062,50,50,1,-1,-1,-1
17,3,452,1227,50,50,1,-1,-1,-1
18,1,450,1263,50,50,1,-1,-1,-1
18,2,603,1061,50,50,1,-1,-1,-1
18,3,450,1232,50,50,1,-1,-1,-1
19,1,446,1271,50,50,1,-1,-1,-1
19,2,603,1060,50,50,1,-1,-1,-1
19,3,451,1235,50,50,1,-1,-1,-1
20,1,444,1269,50,50,1,-1,-1,-1
20,2,603,1059,50,50,1,-1,-1,-1
20,3,453,1238,50,50,1,-1,-1,-1
21,1,448,1258,50,50,1,-1,-1,-1
21,2,603,1058,50,50,1,-1,-1,-1
21,3,457,1229,50,50,1,-1,-1,-1
22,1,456,1240,50,50,1,-1,-1,-1
22,2,605,1059,50,50,1,-1,-1,-1
22,3,464,1213,50,50,1,-1,-1,-1
23,1,463,1201,50,50,1,-1,-1,-1
23,2,608,1062,50,50,1,-1,-1,-1
23,3,472,1181,50,50,1,-1,-1,-1
24,1,472,1142,50,50,1,-1,-1,-1
24,2,611,1065,50,50,1,-1,-1,-1
24,3,477,1147,50,50,1,-1,-1,-1
25,1,479,1070,50,50,1,-1,-1,-1
25,2,611,1065,50,50,1,-1,-1,-1
25,3,481,1101,50,50,1,-1,-1,-1
26,1,487,1006,50,50,1,-1,-1,-1
26,2,611,1064,50,50,1,-1,-1,-1
26,3,483,1060,50,50,1,-1,-1,-1
27,1,496,947,50,50,1,-1,-1,-1
27,2,612,1064,50,50,1,-1,-1,-1
27,3,479,1038,50,50,1,-1,-1,-1
28,1,505,893,50,50,1,-1,-1,-1
28,2,614,1065,50,50,1,-1,-1,-1
28,3,473,1036,50,50,1,-1,-1,-1
29,1,514,840,50,50,1,-1,-1,-1
29,2,616,1066,50,50,1,-1,-1,-1
29,3,468,1055,50,50,1,-1,-1,-1
30,1,523,794,50,50,1,-1,-1,-1
30,2,620,1069,50,50,1,-1,-1,-1
30,3,463,1082,50,50,1,-1,-1,-1
31,1,531,755,50,50,1,-1,-1,-1
31,2,636,1074,50,50,1,-1,-1,-1
31,3,457,1115,50,50,1,-1,-1,-1
32,1,538,723,50,50,1,-1,-1,-1
32,2,648,1076,50,50,1,-1,-1,-1
32,3,450,1153,50,50,1,-1,-1,-1
33,1,545,695,50,50,1,-1,-1,-1
33,2,656,1080,50,50,1,-1,-1,-1
33,3,443,1192,50,50,1,-1,-1,-1
34,1,552,670,50,50,1,-1,-1,-1
34,2,660,1088,50,50,1,-1,-1,-1
34,3,443,1213,50,50,1,-1,-1,-1
35,1,560,650,50,50,1,-1,-1,-1
35,2,663,1092,50,50,1,-1,-1,-1
35,3,442,1215,50,50,1,-1,-1,-1
36,1,568,641,50,50,1,-1,-1,-1
36,2,664,1097,50,50,1,-1,-1,-1
36,3,435,1200,50,50,1,-1,-1,-1
37,1,576,639,50,50,1,-1,-1,-1
37,2,656,1101,50,50,1,-1,-1,-1
37,3,434,1168,50,50,1,-1,-1,-1
38,1,584,638,50,50,1,-1,-1,-1
38,2,643,1093,50,50,1,-1,-1,-1
38,3,436,1117,50,50,1,-1,-1,-1
39,1,592,637,50,50,1,-1,-1,-1
39,2,626,1084,50,50,1,-1,-1,-1
39,3,444,1053,50,50,1,-1,-1,-1
40,1,601,645,50,50,1,-1,-1,-1
40,2,596,1063,50,50,1,-1,-1,-1
40,3,451,993,50,50,1,-1,-1,-1
41,1,607,660,50,50,1,-1,-1,-1
41,2,563,1048,50,50,1,-1,-1,-1
41,3,457,939,50,50,1,-1,-1,-1
42,1,613,683,50,50,1,-1,-1,-1
42,2,533,1037,50,50,1,-1,-1,-1
42,3,468,889,50,50,1,-1,-1,-1
43,1,620,711,50,50,1,-1,-1,-1
43,2,504,1030,50,50,1,-1,-1,-1
43,3,482,844,50,50,1,-1,-1,-1
44,1,628,744,50,50,1,-1,-1,-1
44,2,481,1029,50,50,1,-1,-1,-1
44,3,495,804,50,50,1,-1,-1,-1
45,1,636,780,50,50,1,-1,-1,-1
45,2,471,1040,50,50,1,-1,-1,-1
45,3,508,767,50,50,1,-1,-1,-1
46,1,643,821,50,50,1,-1,-1,-1
46,2,465,1067,50,50,1,-1,-1,-1
46,3,519,738,50,50,1,-1,-1,-1
47,1,651,866,50,50,1,-1,-1,-1
47,2,459,1097,50,50,1,-1,-1,-1
47,3,528,716,50,50,1,-1,-1,-1
48,1,658,921,50,50,1,-1,-1,-1
48,2,452,1131,50,50,1,-1,-1,-1
48,3,535,699,50,50,1,-1,-1,-1
49,1,665,978,50,50,1,-1,-1,-1
49,2,444,1167,50,50,1,-1,-1,-1
49,3,542,686,50,50,1,-1,-1,-1
50,1,671,1003,50,50,1,-1,-1,-1
50,2,440,1190,50,50,1,-1,-1,-1
50,3,551,678,50,50,1,-1,-1,-1
51,1,669,1006,50,50,1,-1,-1,-1
51,2,440,1191,50,50,1,-1,-1,-1
51,3,561,674,50,50,1,-1,-1,-1
52,1,661,1009,50,50,1,-1,-1,-1
52,2,438,1166,50,50,1,-1,-1,-1
52,3,571,677,50,50,1,-1,-1,-1
53,1,642,1010,50,50,1,-1,-1,-1
53,2,443,1118,50,50,1,-1,-1,-1
53,3,582,683,50,50,1,-1,-1,-1
54,1,617,1011,50,50,1,-1,-1,-1
54,2,447,1059,50,50,1,-1,-1,-1
54,3,593,696,50,50,1,-1,-1,-1
55,1,585,1011,50,50,1,-1,-1,-1
55,2,451,1000,50,50,1,-1,-1,-1
55,3,603,715,50,50,1,-1,-1,-1
56,1,552,1014,50,50,1,-1,-1,-1
56,2,461,942,50,50,1,-1,-1,-1
56,3,613,739,50,50,1,-1,-1,-1
57,1,526,1020,50,50,1,-1,-1,-1
57,2,472,888,50,50,1,-1,-1,-1
57,3,622,768,50,50,1,-1,-1,-1
58,1,501,1031,50,50,1,-1,-1,-1
58,2,483,839,50,50,1,-1,-1,-1
58,3,631,802,50,50,1,-1,-1,-1
59,1,481,1049,50,50,1,-1,-1,-1
59,2,494,795,50,50,1,-1,-1,-1
59,3,639,839,50,50,1,-1,-1,-1
60,1,476,1077,50,50,1,-1,-1,-1
60,2,503,756,50,50,1,-1,-1,-1
60,3,647,883,50,50,1,-1,-1,-1
61,1,470,1108,50,50,1,-1,-1,-1
61,2,511,722,50,50,1,-1,-1,-1
61,3,656,932,50,50,1,-1,-1,-1
62,1,462,1144,50,50,1,-1,-1,-1
62,2,520,697,50,50,1,-1,-1,-1
62,3,665,980,50,50,1,-1,-1,-1
63,1,453,1177,50,50,1,-1,-1,-1
63,2,530,679,50,50,1,-1,-1,-1
63,3,672,993,50,50,1,-1,-1,-1
64,1,441,1195,50,50,1,-1,-1,-1
64,2,540,665,50,50,1,-1,-1,-1
64,3,673,995,50,50,1,-1,-1,-1
65,1,437,1198,50,50,1,-1,-1,-1
65,2,551,656,50,50,1,-1,-1,-1
65,3,674,997,50,50,1,-1,-1,-1
66,1,435,1181,50,50,1,-1,-1,-1
66,2,562,650,50,50,1,-1,-1,-1
66,3,671,998,50,50,1,-1,-1,-1
67,1,432,1139,50,50,1,-1,-1,-1
67,2,573,648,50,50,1,-1,-1,-1
67,3,655,998,50,50,1,-1,-1,-1
68,1,438,1078,50,50,1,-1,-1,-1
68,2,583,657,50,50,1,-1,-1,-1
68,3,636,1000,50,50,1,-1,-1,-1
69,1,444,1007,50,50,1,-1,-1,-1
69,2,592,670,50,50,1,-1,-1,-1
69,3,612,1005,50,50,1,-1,-1,-1
70,1,452,938,50,50,1,-1,-1,-1
70,2,601,684,50,50,1,-1,-1,-1
70,3,572,1010,50,50,1,-1,-1,-1
71,1,460,879,50,50,1,-1,-1,-1
71,2,610,702,50,50,1,-1,-1,-1
71,3,540,1016,50,50,1,-1,-1,-1
72,1,470,827,50,50,1,-1,-1,-1
72,2,622,729,50,50,1,-1,-1,-1
72,3,508,1028,50,50,1,-1,-1,-1
73,1,482,774,50,50,1,-1,-1,-1
73,2,634,762,50,50,1,-1,-1,-1
73,3,479,1046,50,50,1,-1,-1,-1
74,1,493,725,50,50,1,-1,-1,-1
74,2,642,801,50,50,1,-1,-1,-1
74,3,459,1074,50,50,1,-1,-1,-1
75,1,503,685,50,50,1,-1,-1,-1
75,2,648,844,50,50,1,-1,-1,-1
75,3,451,1100,50,50,1,-1,-1,-1
76,1,510,651,50,50,1,-1,-1,-1
76,2,655,890,50,50,1,-1,-1,-1
76,3,443,1126,50,50,1,-1,-1,-1
77,1,518,619,50,50,1,-1,-1,-1
77,2,664,939,50,50,1,-1,-1,-1
77,3,437,1148,50,50,1,-1,-1,-1
78,1,526,597,50,50,1,-1,-1,-1
78,2,675,984,50,50,1,-1,-1,-1
78,3,431,1169,50,50,1,-1,-1,-1
79,1,536,581,50,50,1,-1,-1,-1
79,2,671,991,50,50,1,-1,-1,-1
79,3,429,1188,50,50,1,-1,-1,-1
80,1,546,566,50,50,1,-1,-1,-1
80,2,666,997,50,50,1,-1,-1,-1
80,3,430,1181,50,50,1,-1,-1,-1
81,1,556,555,50,50,1,-1,-1,-1
81,2,657,998,50,50,1,-1,-1,-1
81,3,427,1158,50,50,1,-1,-1,-1
82,1,567,553,50,50,1,-1,-1,-1
82,2,645,999,50,50,1,-1,-1,-1
82,3,426,1109,50,50,1,-1,-1,-1
83,1,576,557,50,50,1,-1,-1,-1
83,2,627,1004,50,50,1,-1,-1,-1
83,3,428,1046,50,50,1,-1,-1,-1
84,1,588,563,50,50,1,-1,-1,-1
84,2,597,1009,50,50,1,-1,-1,-1
84,3,440,981,50,50,1,-1,-1,-1
85,1,598,577,50,50,1,-1,-1,-1
85,2,559,1011,50,50,1,-1,-1,-1
85,3,449,922,50,50,1,-1,-1,-1
86,1,604,598,50,50,1,-1,-1,-1
86,2,533,1017,50,50,1,-1,-1,-1
86,3,455,869,50,50,1,-1,-1,-1
87,1,611,627,50,50,1,-1,-1,-1
87,2,507,1027,50,50,1,-1,-1,-1
87,3,461,819,50,50,1,-1,-1,-1
88,1,620,660,50,50,1,-1,-1,-1
88,2,487,1046,50,50,1,-1,-1,-1
88,3,467,772,50,50,1,-1,-1,-1
89,1,630,692,50,50,1,-1,-1,-1
89,2,467,1071,50,50,1,-1,-1,-1
89,3,475,728,50,50,1,-1,-1,-1
90,1,638,733,50,50,1,-1,-1,-1
90,2,457,1097,50,50,1,-1,-1,-1
90,3,485,690,50,50,1,-1,-1,-1
91,1,646,782,50,50,1,-1,-1,-1
91,2,447,1124,50,50,1,-1,-1,-1
91,3,496,665,50,50,1,-1,-1,-1
92,1,656,833,50,50,1,-1,-1,-1
92,2,436,1153,50,50,1,-1,-1,-1
92,3,503,643,50,50,1,-1,-1,-1
93,1,667,886,50,50,1,-1,-1,-1
93,2,426,1175,50,50,1,-1,-1,-1
93,3,512,627,50,50,1,-1,-1,-1
94,1,677,940,50,50,1,-1,-1,-1
94,2,418,1186,50,50,1,-1,-1,-1
94,3,522,612,50,50,1,-1,-1,-1
95,1,683,973,50,50,1,-1,-1,-1
95,2,409,1193,50,50,1,-1,-1,-1
95,3,530,605,50,50,1,-1,-1,-1
96,1,671,980,50,50,1,-1,-1,-1
96,2,400,1176,50,50,1,-1,-1,-1
96,3,539,604,50,50,1,-1,-1,-1
97,1,652,983,50,50,1,-1,-1,-1
97,2,391,1142,50,50,1,-1,-1,-1
97,3,548,606,50,50,1,-1,-1,-1
98,1,632,989,50,50,1,-1,-1,-1
98,2,397,1078,50,50,1,-1,-1,-1
98,3,557,612,50,50,1,-1,-1,-1
99,1,605,995,50,50,1,-1,-1,-1
99,2,402,1014,50,50,1,-1,-1,-1
99,3,566,623,50,50,1,-1,-1,-1
100,1,565,1002,50,50,1,-1,-1,-1
100,2,414,957,50,50,1,-1,-1,-1
100,3,574,642,50,50,1,-1,-1,-1
101,1,534,1011,50,50,1,-1,-1,-1
101,2,429,899,50,50,1,-1,-1,-1
101,3,582,666,50,50,1,-1,-1,-1
102,1,506,1024,50,50,1,-1,-1,-1
102,2,444,844,50,50,1,-1,-1,-1
102,3,589,697,50,50,1,-1,-1,-1
103,1,486,1042,50,50,1,-1,-1,-1
103,2,457,793,50,50,1,-1,-1,-1
103,3,596,733,50,50,1,-1,-1,-1
104,1,471,1064,50,50,1,-1,-1,-1
104,2,471,751,50,50,1,-1,-1,-1
104,3,603,773,50,50,1,-1,-1,-1
105,1,465,1093,50,50,1,-1,-1,-1
105,2,485,716,50,50,1,-1,-1,-1
105,3,611,818,50,50,1,-1,-1,-1
106,1,456,1119,50,50,1,-1,-1,-1
106,2,499,686,50,50,1,-1,-1,-1
106,3,620,868,50,50,1,-1,-1,-1
107,1,446,1149,50,50,1,-1,-1,-1
107,2,513,660,50,50,1,-1,-1,-1
107,3,630,924,50,50,1,-1,-1,-1
108,1,431,1173,50,50,1,-1,-1,-1
108,2,526,638,50,50,1,-1,-1,-1
108,3,640,981,50,50,1,-1,-1,-1
109,1,423,1188,50,50,1,-1,-1,-1
109,2,539,622,50,50,1,-1,-1,-1
109,3,645,1003,50,50,1,-1,-1,-1
110,1,418,1188,50,50,1,-1,-1,-1
110,2,552,615,50,50,1,-1,-1,-1
110,3,648,1009,50,50,1,-1,-1,-1
111,1,413,1170,50,50,1,-1,-1,-1
111,2,565,612,50,50,1,-1,-1,-1
111,3,647,1010,50,50,1,-1,-1,-1
112,1,412,1135,50,50,1,-1,-1,-1
112,2,578,612,50,50,1,-1,-1,-1
112,3,639,1011,50,50,1,-1,-1,-1
113,1,419,1073,50,50,1,-1,-1,-1
113,2,591,620,50,50,1,-1,-1,-1
113,3,609,1010,50,50,1,-1,-1,-1
114,1,429,1005,50,50,1,-1,-1,-1
114,2,604,631,50,50,1,-1,-1,-1
114,3,580,1008,50,50,1,-1,-1,-1
115,1,442,944,50,50,1,-1,-1,-1
115,2,617,649,50,50,1,-1,-1,-1
115,3,550,1007,50,50,1,-1,-1,-1
116,1,453,890,50,50,1,-1,-1,-1
116,2,630,670,50,50,1,-1,-1,-1
116,3,518,1011,50,50,1,-1,-1,-1
117,1,468,844,50,50,1,-1,-1,-1
117,2,644,697,50,50,1,-1,-1,-1
117,3,497,1020,50,50,1,-1,-1,-1
118,1,482,799,50,50,1,-1,-1,-1
118,2,658,730,50,50,1,-1,-1,-1
118,3,475,1035,50,50,1,-1,-1,-1
119,1,496,757,50,50,1,-1,-1,-1
119,2,670,769,50,50,1,-1,-1,-1
119,3,463,1061,50,50,1,-1,-1,-1
120,1,509,720,50,50,1,-1,-1,-1
120,2,681,812,50,50,1,-1,-1,-1
120,3,456,1092,50,50,1,-1,-1,-1
121,1,521,690,50,50,1,-1,-1,-1
121,2,694,860,50,50,1,-1,-1,-1
121,3,444,1117,50,50,1,-1,-1,-1
122,1,532,666,50,50,1,-1,-1,-1
122,2,707,914,50,50,1,-1,-1,-1
122,3,438,1145,50,50,1,-1,-1,-1
123,1,546,650,50,50,1,-1,-1,-1
123,2,717,963,50,50,1,-1,-1,-1
123,3,426,1170,50,50,1,-1,-1,-1
124,1,560,638,50,50,1,-1,-1,-1
124,2,717,977,50,50,1,-1,-1,-1
124,3,419,1185,50,50,1,-1,-1,-1
125,1,574,631,50,50,1,-1,-1,-1
125,2,706,979,50,50,1,-1,-1,-1
125,3,423,1170,50,50,1,-1,-1,-1
126,1,588,627,50,50,1,-1,-1,-1
126,2,688,982,50,50,1,-1,-1,-1
126,3,422,1146,50,50,1,-1,-1,-1
127,1,601,630,50,50,1,-1,-1,-1
127,2,665,986,50,50,1,-1,-1,-1
127,3,425,1096,50,50,1,-1,-1,-1
128,1,613,641,50,50,1,-1,-1,-1
128,2,632,990,50,50,1,-1,-1,-1
128,3,429,1036,50,50,1,-1,-1,-1
129,1,624,656,50,50,1,-1,-1,-1
129,2,591,990,50,50,1,-1,-1,-1
129,3,441,975,50,50,1,-1,-1,-1
130,1,636,675,50,50,1,-1,-1,-1
130,2,548,993,50,50,1,-1,-1,-1
130,3,450,919,50,50,1,-1,-1,-1
131,1,651,700,50,50,1,-1,-1,-1
131,2,510,1004,50,50,1,-1,-1,-1
131,3,459,864,50,50,1,-1,-1,-1
132,1,665,728,50,50,1,-1,-1,-1
132,2,475,1021,50,50,1,-1,-1,-1
132,3,468,818,50,50,1,-1,-1,-1
133,1,677,763,50,50,1,-1,-1,-1
133,2,463,1043,50,50,1,-1,-1,-1
133,3,477,775,50,50,1,-1,-1,-1
134,1,687,806,50,50,1,-1,-1,-1
134,2,456,1068,50,50,1,-1,-1,-1
134,3,487,738,50,50,1,-1,-1,-1
135,1,702,852,50,50,1,-1,-1,-1
135,2,450,1099,50,50,1,-1,-1,-1
135,3,498,706,50,50,1,-1,-1,-1
136,1,716,905,50,50,1,-1,-1,-1
136,2,444,1128,50,50,1,-1,-1,-1
136,3,510,683,50,50,1,-1,-1,-1
137,1,725,962,50,50,1,-1,-1,-1
137,2,438,1156,50,50,1,-1,-1,-1
137,3,522,664,50,50,1,-1,-1,-1
138,1,730,992,50,50,1,-1,-1,-1
138,2,430,1183,50,50,1,-1,-1,-1
138,3,533,648,50,50,1,-1,-1,-1
139,1,727,993,50,50,1,-1,-1,-1
139,2,420,1184,50,50,1,-1,-1,-1
139,3,543,637,50,50,1,-1,-1,-1
140,1,718,996,50,50,1,-1,-1,-1
140,2,413,1174,50,50,1,-1,-1,-1
140,3,553,634,50,50,1,-1,-1,-1
141,1,700,1000,50,50,1,-1,-1,-1
141,2,414,1138,50,50,1,-1,-1,-1
141,3,563,634,50,50,1,-1,-1,-1
142,1,668,1002,50,50,1,-1,-1,-1
142,2,419,1077,50,50,1,-1,-1,-1
142,3,573,640,50,50,1,-1,-1,-1
143,1,626,1001,50,50,1,-1,-1,-1
143,2,424,1016,50,50,1,-1,-1,-1
143,3,583,652,50,50,1,-1,-1,-1
144,1,582,999,50,50,1,-1,-1,-1
144,2,431,955,50,50,1,-1,-1,-1
144,3,593,668,50,50,1,-1,-1,-1
145,1,545,1002,50,50,1,-1,-1,-1
145,2,445,893,50,50,1,-1,-1,-1
145,3,603,688,50,50,1,-1,-1,-1
146,1,509,1006,50,50,1,-1,-1,-1
146,2,459,838,50,50,1,-1,-1,-1
146,3,612,716,50,50,1,-1,-1,-1
147,1,479,1025,50,50,1,-1,-1,-1
147,2,471,788,50,50,1,-1,-1,-1
147,3,620,749,50,50,1,-1,-1,-1
148,1,461,1048,50,50,1,-1,-1,-1
148,2,482,746,50,50,1,-1,-1,-1
148,3,629,787,50,50,1,-1,-1,-1
149,1,454,1074,50,50,1,-1,-1,-1
149,2,492,709,50,50,1,-1,-1,-1
149,3,639,831,50,50,1,-1,-1,-1
150,1,446,1106,50,50,1,-1,-1,-1
150,2,502,680,50,50,1,-1,-1,-1
150,3,649,879,50,50,1,-1,-1,-1
151,1,438,1138,50,50,1,-1,-1,-1
151,2,512,653,50,50,1,-1,-1,-1
151,3,659,929,50,50,1,-1,-1,-1
152,1,429,1166,50,50,1,-1,-1,-1
152,2,523,631,50,50,1,-1,-1,-1
152,3,669,981,50,50,1,-1,-1,-1
153,1,422,1181,50,50,1,-1,-1,-1
153,2,535,616,50,50,1,-1,-1,-1
153,3,671,992,50,50,1,-1,-1,-1
154,1,416,1182,50,50,1,-1,-1,-1
154,2,548,607,50,50,1,-1,-1,-1
154,3,664,990,50,50,1,-1,-1,-1
155,1,412,1158,50,50,1,-1,-1,-1
155,2,561,601,50,50,1,-1,-1,-1
155,3,657,989,50,50,1,-1,-1,-1
156,1,415,1123,50,50,1,-1,-1,-1
156,2,574,598,50,50,1,-1,-1,-1
156,3,640,993,50,50,1,-1,-1,-1
157,1,417,1058,50,50,1,-1,-1,-1
157,2,584,606,50,50,1,-1,-1,-1
157,3,615,992,50,50,1,-1,-1,-1
158,1,423,990,50,50,1,-1,-1,-1
158,2,594,622,50,50,1,-1,-1,-1
158,3,586,993,50,50,1,-1,-1,-1
159,1,434,927,50,50,1,-1,-1,-1
159,2,605,637,50,50,1,-1,-1,-1
159,3,552,996,50,50,1,-1,-1,-1
160,1,447,875,50,50,1,-1,-1,-1
160,2,616,656,50,50,1,-1,-1,-1
160,3,522,1005,50,50,1,-1,-1,-1
161,1,460,828,50,50,1,-1,-1,-1
161,2,627,683,50,50,1,-1,-1,-1
161,3,495,1019,50,50,1,-1,-1,-1
162,1,473,786,50,50,1,-1,-1,-1
162,2,638,719,50,50,1,-1,-1,-1
162,3,472,1036,50,50,1,-1,-1,-1
163,1,486,746,50,50,1,-1,-1,-1
163,2,649,756,50,50,1,-1,-1,-1
163,3,463,1057,50,50,1,-1,-1,-1
164,1,499,712,50,50,1,-1,-1,-1
164,2,660,796,50,50,1,-1,-1,-1
164,3,454,1088,50,50,1,-1,-1,-1
165,1,512,683,50,50,1,-1,-1,-1
165,2,671,844,50,50,1,-1,-1,-1
165,3,446,1121,50,50,1,-1,-1,-1
166,1,525,661,50,50,1,-1,-1,-1
166,2,682,894,50,50,1,-1,-1,-1
166,3,440,1150,50,50,1,-1,-1,-1
167,1,538,646,50,50,1,-1,-1,-1
167,2,693,944,50,50,1,-1,-1,-1
167,3,435,1176,50,50,1,-1,-1,-1
168,1,551,634,50,50,1,-1,-1,-1
168,2,700,980,50,50,1,-1,-1,-1
168,3,427,1187,50,50,1,-1,-1,-1
169,1,563,627,50,50,1,-1,-1,-1
169,2,691,992,50,50,1,-1,-1,-1
169,3,419,1180,50,50,1,-1,-1,-1
170,1,574,626,50,50,1,-1,-1,-1
170,2,674,989,50,50,1,-1,-1,-1
170,3,420,1147,50,50,1,-1,-1,-1
171,1,585,633,50,50,1,-1,-1,-1
171,2,651,986,50,50,1,-1,-1,-1
171,3,422,1094,50,50,1,-1,-1,-1
172,1,596,643,50,50,1,-1,-1,-1
172,2,618,987,50,50,1,-1,-1,-1
172,3,425,1031,50,50,1,-1,-1,-1
173,1,608,658,50,50,1,-1,-1,-1
173,2,577,988,50,50,1,-1,-1,-1
173,3,434,967,50,50,1,-1,-1,-1
174,1,621,680,50,50,1,-1,-1,-1
174,2,536,989,50,50,1,-1,-1,-1
174,3,443,905,50,50,1,-1,-1,-1
175,1,634,707,50,50,1,-1,-1,-1
175,2,498,997,50,50,1,-1,-1,-1
175,3,452,856,50,50,1,-1,-1,-1
176,1,646,737,50,50,1,-1,-1,-1
176,2,471,1011,50,50,1,-1,-1,-1
176,3,461,810,50,50,1,-1,-1,-1
177,1,654,771,50,50,1,-1,-1,-1
177,2,457,1034,50,50,1,-1,-1,-1
177,3,470,765,50,50,1,-1,-1,-1
178,1,663,814,50,50,1,-1,-1,-1
178,2,451,1064,50,50,1,-1,-1,-1
178,3,481,725,50,50,1,-1,-1,-1
179,1,678,863,50,50,1,-1,-1,-1
179,2,446,1094,50,50,1,-1,-1,-1
179,3,493,691,50,50,1,-1,-1,-1
180,1,693,914,50,50,1,-1,-1,-1
180,2,440,1124,50,50,1,-1,-1,-1
180,3,504,664,50,50,1,-1,-1,-1
181,1,703,969,50,50,1,-1,-1,-1
181,2,433,1153,50,50,1,-1,-1,-1
181,3,515,640,50,50,1,-1,-1,-1
182,1,708,991,50,50,1,-1,-1,-1
182,2,428,1175,50,50,1,-1,-1,-1
182,3,525,623,50,50,1,-1,-1,-1
183,1,697,995,50,50,1,-1,-1,-1
183,2,420,1181,50,50,1,-1,-1,-1
183,3,535,613,50,50,1,-1,-1,-1
184,1,682,1002,50,50,1,-1,-1,-1
184,2,410,1160,50,50,1,-1,-1,-1
184,3,546,611,50,50,1,-1,-1,-1
185,1,655,1004,50,50,1,-1,-1,-1
185,2,406,1124,50,50,1,-1,-1,-1
185,3,557,610,50,50,1,-1,-1,-1
186,1,618,1002,50,50,1,-1,-1,-1
186,2,409,1065,50,50,1,-1,-1,-1
186,3,568,613,50,50,1,-1,-1,-1
187,1,577,996,50,50,1,-1,-1,-1
187,2,414,1002,50,50,1,-1,-1,-1
187,3,578,627,50,50,1,-1,-1,-1
188,1,537,996,50,50,1,-1,-1,-1
188,2,423,938,50,50,1,-1,-1,-1
188,3,587,643,50,50,1,-1,-1,-1
189,1,502,1006,50,50,1,-1,-1,-1
189,2,434,879,50,50,1,-1,-1,-1
189,3,595,664,50,50,1,-1,-1,-1
190,1,471,1017,50,50,1,-1,-1,-1
190,2,448,829,50,50,1,-1,-1,-1
190,3,603,689,50,50,1,-1,-1,-1
191,1,447,1033,50,50,1,-1,-1,-1
191,2,463,786,50,50,1,-1,-1,-1
191,3,613,721,50,50,1,-1,-1,-1
192,1,441,1046,50,50,1,-1,-1,-1
192,2,475,751,50,50,1,-1,-1,-1
192,3,625,759,50,50,1,-1,-1,-1
193,1,437,1070,50,50,1,-1,-1,-1
193,2,486,720,50,50,1,-1,-1,-1
193,3,636,801,50,50,1,-1,-1,-1
194,1,434,1100,50,50,1,-1,-1,-1
194,2,497,691,50,50,1,-1,-1,-1
194,3,646,848,50,50,1,-1,-1,-1
195,1,429,1128,50,50,1,-1,-1,-1
195,2,509,667,50,50,1,-1,-1,-1
195,3,655,904,50,50,1,-1,-1,-1
196,1,423,1151,50,50,1,-1,-1,-1
196,2,522,647,50,50,1,-1,-1,-1
196,3,664,962,50,50,1,-1,-1,-1
197,1,417,1173,50,50,1,-1,-1,-1
197,2,535,635,50,50,1,-1,-1,-1
197,3,664,988,50,50,1,-1,-1,-1
198,1,411,1166,50,50,1,-1,-1,-1
198,2,547,631,50,50,1,-1,-1,-1
198,3,657,989,50,50,1,-1,-1,-1
199,1,408,1139,50,50,1,-1,-1,-1
199,2,559,629,50,50,1,-1,-1,-1
199,3,650,988,50,50,1,-1,-1,-1
200,1,407,1077,50,50,1,-1,-1,-1
200,2,570,635,50,50,1,-1,-1,-1
200,3,626,991,50,50,1,-1,-1,-1
201,1,413,1012,50,50,1,-1,-1,-1
201,2,580,643,50,50,1,-1,-1,-1
201,3,596,995,50,50,1,-1,-1,-1
202,1,420,952,50,50,1,-1,-1,-1
202,2,591,659,50,50,1,-1,-1,-1
202,3,564,997,50,50,1,-1,-1,-1
203,1,431,898,50,50,1,-1,-1,-1
203,2,603,679,50,50,1,-1,-1,-1
203,3,530,1005,50,50,1,-1,-1,-1
204,1,444,850,50,50,1,-1,-1,-1
204,2,616,705,50,50,1,-1,-1,-1
204,3,503,1019,50,50,1,-1,-1,-1
205,1,457,804,50,50,1,-1,-1,-1
205,2,629,734,50,50,1,-1,-1,-1
205,3,479,1034,50,50,1,-1,-1,-1
206,1,470,760,50,50,1,-1,-1,-1
206,2,641,768,50,50,1,-1,-1,-1
206,3,467,1056,50,50,1,-1,-1,-1
207,1,481,723,50,50,1,-1,-1,-1
207,2,652,807,50,50,1,-1,-1,-1
207,3,460,1087,50,50,1,-1,-1,-1
208,1,492,696,50,50,1,-1,-1,-1
208,2,664,854,50,50,1,-1,-1,-1
208,3,457,1113,50,50,1,-1,-1,-1
209,1,503,678,50,50,1,-1,-1,-1
209,2,675,905,50,50,1,-1,-1,-1
209,3,451,1140,50,50,1,-1,-1,-1
210,1,515,660,50,50,1,-1,-1,-1
210,2,686,959,50,50,1,-1,-1,-1
210,3,442,1169,50,50,1,-1,-1,-1
211,1,527,646,50,50,1,-1,-1,-1
211,2,692,987,50,50,1,-1,-1,-1
211,3,428,1180,50,50,1,-1,-1,-1
212,1,540,635,50,50,1,-1,-1,-1
212,2,683,992,50,50,1,-1,-1,-1
212,3,419,1166,50,50,1,-1,-1,-1
213,1,552,635,50,50,1,-1,-1,-1
213,2,671,995,50,50,1,-1,-1,-1
213,3,416,1132,50,50,1,-1,-1,-1
214,1,564,639,50,50,1,-1,-1,-1
214,2,650,992,50,50,1,-1,-1,-1
214,3,415,1079,50,50,1,-1,-1,-1
215,1,575,645,50,50,1,-1,-1,-1
215,2,624,994,50,50,1,-1,-1,-1
215,3,422,1017,50,50,1,-1,-1,-1
216,1,586,657,50,50,1,-1,-1,-1
216,2,589,995,50,50,1,-1,-1,-1
216,3,432,948,50,50,1,-1,-1,-1
217,1,597,678,50,50,1,-1,-1,-1
217,2,549,999,50,50,1,-1,-1,-1
217,3,442,890,50,50,1,-1,-1,-1
218,1,608,702,50,50,1,-1,-1,-1
218,2,515,1008,50,50,1,-1,-1,-1
218,3,451,836,50,50,1,-1,-1,-1
219,1,619,729,50,50,1,-1,-1,-1
219,2,488,1022,50,50,1,-1,-1,-1
219,3,459,785,50,50,1,-1,-1,-1
220,1,631,763,50,50,1,-1,-1,-1
220,2,468,1043,50,50,1,-1,-1,-1
220,3,468,739,50,50,1,-1,-1,-1
221,1,643,802,50,50,1,-1,-1,-1
221,2,454,1074,50,50,1,-1,-1,-1
221,3,477,697,50,50,1,-1,-1,-1
222,1,654,848,50,50,1,-1,-1,-1
222,2,447,1103,50,50,1,-1,-1,-1
222,3,487,665,50,50,1,-1,-1,-1
223,1,665,896,50,50,1,-1,-1,-1
223,2,441,1134,50,50,1,-1,-1,-1
223,3,498,639,50,50,1,-1,-1,-1
224,1,676,953,50,50,1,-1,-1,-1
224,2,435,1163,50,50,1,-1,-1,-1
224,3,509,616,50,50,1,-1,-1,-1
225,1,684,994,50,50,1,-1,-1,-1
225,2,426,1180,50,50,1,-1,-1,-1
225,3,520,598,50,50,1,-1,-1,-1
226,1,691,1008,50,50,1,-1,-1,-1
226,2,414,1185,50,50,1,-1,-1,-1
226,3,530,586,50,50,1,-1,-1,-1
227,1,685,1010,50,50,1,-1,-1,-1
227,2,403,1172,50,50,1,-1,-1,-1
227,3,539,578,50,50,1,-1,-1,-1
228,1,668,1011,50,50,1,-1,-1,-1
228,2,398,1136,50,50,1,-1,-1,-1
228,3,547,577,50,50,1,-1,-1,-1
229,1,638,1012,50,50,1,-1,-1,-1
229,2,396,1075,50,50,1,-1,-1,-1
229,3,554,579,50,50,1,-1,-1,-1
230,1,601,1009,50,50,1,-1,-1,-1
230,2,404,1008,50,50,1,-1,-1,-1
230,3,559,589,50,50,1,-1,-1,-1
231,1,564,1006,50,50,1,-1,-1,-1
231,2,415,943,50,50,1,-1,-1,-1
231,3,567,606,50,50,1,-1,-1,-1
232,1,525,1012,50,50,1,-1,-1,-1
232,2,429,885,50,50,1,-1,-1,-1
232,3,578,626,50,50,1,-1,-1,-1
233,1,488,1025,50,50,1,-1,-1,-1
233,2,444,832,50,50,1,-1,-1,-1
233,3,590,650,50,50,1,-1,-1,-1
234,1,456,1038,50,50,1,-1,-1,-1
234,2,458,784,50,50,1,-1,-1,-1
234,3,599,681,50,50,1,-1,-1,-1
235,1,446,1054,50,50,1,-1,-1,-1
235,2,471,741,50,50,1,-1,-1,-1
235,3,608,716,50,50,1,-1,-1,-1
236,1,446,1088,50,50,1,-1,-1,-1
236,2,484,705,50,50,1,-1,-1,-1
236,3,618,758,50,50,1,-1,-1,-1
237,1,438,1124,50,50,1,-1,-1,-1
237,2,497,674,50,50,1,-1,-1,-1
237,3,626,804,50,50,1,-1,-1,-1
238,1,429,1156,50,50,1,-1,-1,-1
238,2,510,647,50,50,1,-1,-1,-1
238,3,634,857,50,50,1,-1,-1,-1
239,1,422,1175,50,50,1,-1,-1,-1
239,2,523,624,50,50,1,-1,-1,-1
239,3,641,914,50,50,1,-1,-1,-1
240,1,417,1179,50,50,1,-1,-1,-1
240,2,536,608,50,50,1,-1,-1,-1
240,3,649,968,50,50,1,-1,-1,-1
241,1,411,1174,50,50,1,-1,-1,-1
241,2,549,599,50,50,1,-1,-1,-1
241,3,655,997,50,50,1,-1,-1,-1
242,1,408,1152,50,50,1,-1,-1,-1
242,2,563,594,50,50,1,-1,-1,-1
242,3,654,994,50,50,1,-1,-1,-1
243,1,413,1109,50,50,1,-1,-1,-1
243,2,577,593,50,50,1,-1,-1,-1
243,3,642,997,50,50,1,-1,-1,-1
244,1,416,1044,50,50,1,-1,-1,-1
244,2,590,601,50,50,1,-1,-1,-1
244,3,618,1001,50,50,1,-1,-1,-1
245,1,422,977,50,50,1,-1,-1,-1
245,2,603,614,50,50,1,-1,-1,-1
245,3,584,1000,50,50,1,-1,-1,-1
246,1,432,919,50,50,1,-1,-1,-1
246,2,616,630,50,50,1,-1,-1,-1
246,3,548,1001,50,50,1,-1,-1,-1
247,1,444,871,50,50,1,-1,-1,-1
247,2,629,650,50,50,1,-1,-1,-1
247,3,518,1008,50,50,1,-1,-1,-1
248,1,457,827,50,50,1,-1,-1,-1
248,2,642,677,50,50,1,-1,-1,-1
248,3,496,1020,50,50,1,-1,-1,-1
249,1,470,783,50,50,1,-1,-1,-1
249,2,655,710,50,50,1,-1,-1,-1
249,3,477,1040,50,50,1,-1,-1,-1
250,1,482,742,50,50,1,-1,-1,-1
250,2,667,751,50,50,1,-1,-1,-1
250,3,460,1069,50,50,1,-1,-1,-1
251,1,495,710,50,50,1,-1,-1,-1
251,2,680,797,50,50,1,-1,-1,-1
251,3,453,1097,50,50,1,-1,-1,-1
252,1,507,685,50,50,1,-1,-1,-1
252,2,693,846,50,50,1,-1,-1,-1
252,3,445,1125,50,50,1,-1,-1,-1
253,1,518,665,50,50,1,-1,-1,-1
253,2,706,898,50,50,1,-1,-1,-1
253,3,437,1153,50,50,1,-1,-1,-1
254,1,529,649,50,50,1,-1,-1,-1
254,2,719,954,50,50,1,-1,-1,-1
254,3,431,1176,50,50,1,-1,-1,-1
255,1,540,639,50,50,1,-1,-1,-1
255,2,727,994,50,50,1,-1,-1,-1
255,3,419,1177,50,50,1,-1,-1,-1
256,1,551,634,50,50,1,-1,-1,-1
256,2,703,1001,50,50,1,-1,-1,-1
256,3,413,1162,50,50,1,-1,-1,-1
257,1,564,639,50,50,1,-1,-1,-1
257,2,687,999,50,50,1,-1,-1,-1
257,3,413,1115,50,50,1,-1,-1,-1
258,1,577,646,50,50,1,-1,-1,-1
258,2,656,998,50,50,1,-1,-1,-1
258,3,414,1055,50,50,1,-1,-1,-1
259,1,590,657,50,50,1,-1,-1,-1
259,2,621,998,50,50,1,-1,-1,-1
259,3,418,991,50,50,1,-1,-1,-1
260,1,602,675,50,50,1,-1,-1,-1
260,2,586,1002,50,50,1,-1,-1,-1
260,3,424,935,50,50,1,-1,-1,-1
261,1,613,697,50,50,1,-1,-1,-1
261,2,546,1010,50,50,1,-1,-1,-1
261,3,435,885,50,50,1,-1,-1,-1
262,1,623,722,50,50,1,-1,-1,-1
262,2,511,1027,50,50,1,-1,-1,-1
262,3,446,835,50,50,1,-1,-1,-1
263,1,632,752,50,50,1,-1,-1,-1
263,2,479,1042,50,50,1,-1,-1,-1
263,3,457,787,50,50,1,-1,-1,-1
264,1,642,791,50,50,1,-1,-1,-1
264,2,466,1063,50,50,1,-1,-1,-1
264,3,468,744,50,50,1,-1,-1,-1
265,1,653,836,50,50,1,-1,-1,-1
265,2,459,1093,50,50,1,-1,-1,-1
265,3,479,708,50,50,1,-1,-1,-1
266,1,666,884,50,50,1,-1,-1,-1
266,2,450,1120,50,50,1,-1,-1,-1
266,3,487,686,50,50,1,-1,-1,-1
267,1,678,936,50,50,1,-1,-1,-1
267,2,439,1142,50,50,1,-1,-1,-1
267,3,497,669,50,50,1,-1,-1,-1
268,1,686,988,50,50,1,-1,-1,-1
268,2,427,1166,50,50,1,-1,-1,-1
268,3,507,652,50,50,1,-1,-1,-1
269,1,690,1006,50,50,1,-1,-1,-1
269,2,415,1180,50,50,1,-1,-1,-1
269,3,518,637,50,50,1,-1,-1,-1
270,1,680,1004,50,50,1,-1,-1,-1
270,2,406,1169,50,50,1,-1,-1,-1
270,3,531,633,50,50,1,-1,-1,-1
271,1,663,1001,50,50,1,-1,-1,-1
271,2,401,1137,50,50,1,-1,-1,-1
271,3,544,635,50,50,1,-1,-1,-1
272,1,633,997,50,50,1,-1,-1,-1
272,2,405,1078,50,50,1,-1,-1,-1
272,3,554,643,50,50,1,-1,-1,-1
273,1,599,997,50,50,1,-1,-1,-1
273,2,409,1019,50,50,1,-1,-1,-1
273,3,562,652,50,50,1,-1,-1,-1
274,1,564,997,50,50,1,-1,-1,-1
274,2,422,950,50,50,1,-1,-1,-1
274,3,571,668,50,50,1,-1,-1,-1
275,1,528,999,50,50,1,-1,-1,-1
275,2,435,891,50,50,1,-1,-1,-1
275,3,581,688,50,50,1,-1,-1,-1
276,1,493,1011,50,50,1,-1,-1,-1
276,2,447,837,50,50,1,-1,-1,-1
276,3,591,712,50,50,1,-1,-1,-1
277,1,469,1027,50,50,1,-1,-1,-1
277,2,459,786,50,50,1,-1,-1,-1
277,3,601,742,50,50,1,-1,-1,-1
278,1,454,1046,50,50,1,-1,-1,-1
278,2,471,740,50,50,1,-1,-1,-1
278,3,610,782,50,50,1,-1,-1,-1
279,1,448,1073,50,50,1,-1,-1,-1
279,2,484,701,50,50,1,-1,-1,-1
279,3,620,826,50,50,1,-1,-1,-1
280,1,440,1105,50,50,1,-1,-1,-1
280,2,497,667,50,50,1,-1,-1,-1
280,3,629,872,50,50,1,-1,-1,-1
281,1,430,1134,50,50,1,-1,-1,-1
281,2,510,639,50,50,1,-1,-1,-1
281,3,638,922,50,50,1,-1,-1,-1
282,1,423,1157,50,50,1,-1,-1,-1
282,2,523,618,50,50,1,-1,-1,-1
282,3,647,976,50,50,1,-1,-1,-1
283,1,416,1174,50,50,1,-1,-1,-1
283,2,536,604,50,50,1,-1,-1,-1
283,3,652,998,50,50,1,-1,-1,-1
284,1,409,1161,50,50,1,-1,-1,-1
284,2,549,591,50,50,1,-1,-1,-1
284,3,655,1000,50,50,1,-1,-1,-1
285,1,405,1132,50,50,1,-1,-1,-1
285,2,562,580,50,50,1,-1,-1,-1
285,3,643,1001,50,50,1,-1,-1,-1
286,1,412,1069,50,50,1,-1,-1,-1
286,2,575,579,50,50,1,-1,-1,-1
286,3,618,999,50,50,1,-1,-1,-1
287,1,418,1006,50,50,1,-1,-1,-1
287,2,587,585,50,50,1,-1,-1,-1
287,3,591,998,50,50,1,-1,-1,-1
288,1,429,951,50,50,1,-1,-1,-1
288,2,599,597,50,50,1,-1,-1,-1
288,3,563,993,50,50,1,-1,-1,-1
289,1,443,902,50,50,1,-1,-1,-1
289,2,611,613,50,50,1,-1,-1,-1
289,3,534,996,50,50,1,-1,-1,-1
290,1,458,854,50,50,1,-1,-1,-1
290,2,624,634,50,50,1,-1,-1,-1
290,3,509,1008,50,50,1,-1,-1,-1
291,1,469,807,50,50,1,-1,-1,-1
291,2,637,657,50,50,1,-1,-1,-1
291,3,486,1021,50,50,1,-1,-1,-1
292,1,481,765,50,50,1,-1,-1,-1
292,2,650,693,50,50,1,-1,-1,-1
292,3,463,1036,50,50,1,-1,-1,-1
293,1,494,732,50,50,1,-1,-1,-1
293,2,663,730,50,50,1,-1,-1,-1
293,3,458,1068,50,50,1,-1,-1,-1
294,1,508,705,50,50,1,-1,-1,-1
294,2,675,770,50,50,1,-1,-1,-1
294,3,453,1098,50,50,1,-1,-1,-1
295,1,521,685,50,50,1,-1,-1,-1
295,2,686,815,50,50,1,-1,-1,-1
295,3,445,1128,50,50,1,-1,-1,-1
296,1,534,667,50,50,1,-1,-1,-1
296,2,698,865,50,50,1,-1,-1,-1
296,3,439,1158,50,50,1,-1,-1,-1
297,1,547,652,50,50,1,-1,-1,-1
297,2,711,919,50,50,1,-1,-1,-1
297,3,431,1180,50,50,1,-1,-1,-1
298,1,560,649,50,50,1,-1,-1,-1
298,2,724,972,50,50,1,-1,-1,-1
298,3,425,1172,50,50,1,-1,-1,-1
299,1,573,649,50,50,1,-1,-1,-1
299,2,720,991,50,50,1,-1,-1,-1
299,3,419,1155,50,50,1,-1,-1,-1
300,1,586,654,50,50,1,-1,-1,-1
300,2,699,996,50,50,1,-1,-1,-1
300,3,417,1107,50,50,1,-1,-1,-1
301,1,598,666,50,50,1,-1,-1,-1
301,2,669,997,50,50,1,-1,-1,-1
301,3,425,1046,50,50,1,-1,-1,-1
302,1,610,682,50,50,1,-1,-1,-1
302,2,625,998,50,50,1,-1,-1,-1
302,3,430,987,50,50,1,-1,-1,-1
303,1,623,702,50,50,1,-1,-1,-1
303,2,581,999,50,50,1,-1,-1,-1
303,3,438,931,50,50,1,-1,-1,-1
304,1,637,727,50,50,1,-1,-1,-1
304,2,543,1004,50,50,1,-1,-1,-1
304,3,452,880,50,50,1,-1,-1,-1
305,1,651,757,50,50,1,-1,-1,-1
305,2,506,1017,50,50,1,-1,-1,-1
305,3,461,832,50,50,1,-1,-1,-1
306,1,664,795,50,50,1,-1,-1,-1
306,2,478,1036,50,50,1,-1,-1,-1
306,3,470,786,50,50,1,-1,-1,-1
307,1,676,836,50,50,1,-1,-1,-1
307,2,464,1065,50,50,1,-1,-1,-1
307,3,479,750,50,50,1,-1,-1,-1
308,1,688,879,50,50,1,-1,-1,-1
308,2,455,1095,50,50,1,-1,-1,-1
308,3,489,723,50,50,1,-1,-1,-1
309,1,700,926,50,50,1,-1,-1,-1
309,2,446,1128,50,50,1,-1,-1,-1
309,3,499,699,50,50,1,-1,-1,-1
310,1,711,974,50,50,1,-1,-1,-1
310,2,432,1158,50,50,1,-1,-1,-1
310,3,511,679,50,50,1,-1,-1,-1
311,1,720,1005,50,50,1,-1,-1,-1
311,2,422,1176,50,50,1,-1,-1,-1
311,3,523,662,50,50,1,-1,-1,-1
312,1,717,1019,50,50,1,-1,-1,-1
312,2,417,1180,50,50,1,-1,-1,-1
312,3,533,653,50,50,1,-1,-1,-1
313,1,701,1019,50,50,1,-1,-1,-1
313,2,414,1155,50,50,1,-1,-1,-1
313,3,541,650,50,50,1,-1,-1,-1
314,1,676,1021,50,50,1,-1,-1,-1
314,2,416,1109,50,50,1,-1,-1,-1
314,3,552,650,50,50,1,-1,-1,-1
315,1,636,1016,50,50,1,-1,-1,-1
315,2,425,1047,50,50,1,-1,-1,-1
315,3,563,657,50,50,1,-1,-1,-1
316,1,593,1011,50,50,1,-1,-1,-1
316,2,433,979,50,50,1,-1,-1,-1
316,3,576,669,50,50,1,-1,-1,-1
317,1,548,1009,50,50,1,-1,-1,-1
317,2,442,918,50,50,1,-1,-1,-1
317,3,585,688,50,50,1,-1,-1,-1
318,1,509,1011,50,50,1,-1,-1,-1
318,2,453,867,50,50,1,-1,-1,-1
318,3,591,712,50,50,1,-1,-1,-1
319,1,476,1022,50,50,1,-1,-1,-1
319,2,464,819,50,50,1,-1,-1,-1
319,3,600,740,50,50,1,-1,-1,-1
320,1,460,1041,50,50,1,-1,-1,-1
320,2,475,774,50,50,1,-1,-1,-1
320,3,613,769,50,50,1,-1,-1,-1
321,1,449,1068,50,50,1,-1,-1,-1
321,2,488,734,50,50,1,-1,-1,-1
321,3,623,805,50,50,1,-1,-1,-1
322,1,442,1099,50,50,1,-1,-1,-1
322,2,501,700,50,50,1,-1,-1,-1
322,3,630,849,50,50,1,-1,-1,-1
323,1,434,1127,50,50,1,-1,-1,-1
323,2,512,672,50,50,1,-1,-1,-1
323,3,638,901,50,50,1,-1,-1,-1
324,1,426,1153,50,50,1,-1,-1,-1
324,2,523,650,50,50,1,-1,-1,-1
324,3,648,951,50,50,1,-1,-1,-1
325,1,417,1168,50,50,1,-1,-1,-1
325,2,534,632,50,50,1,-1,-1,-1
325,3,657,989,50,50,1,-1,-1,-1
326,1,408,1164,50,50,1,-1,-1,-1
326,2,545,620,50,50,1,-1,-1,-1
326,3,659,998,50,50,1,-1,-1,-1
327,1,403,1118,50,50,1,-1,-1,-1
327,2,556,612,50,50,1,-1,-1,-1
327,3,647,1000,50,50,1,-1,-1,-1
328,1,409,1060,50,50,1,-1,-1,-1
328,2,567,612,50,50,1,-1,-1,-1
328,3,623,1000,50,50,1,-1,-1,-1
329,1,416,999,50,50,1,-1,-1,-1
329,2,579,616,50,50,1,-1,-1,-1
329,3,596,1000,50,50,1,-1,-1,-1
330,1,430,944,50,50,1,-1,-1,-1
330,2,591,624,50,50,1,-1,-1,-1
330,3,564,999,50,50,1,-1,-1,-1
331,1,440,888,50,50,1,-1,-1,-1
331,2,602,639,50,50,1,-1,-1,-1
331,3,527,1002,50,50,1,-1,-1,-1
332,1,452,835,50,50,1,-1,-1,-1
332,2,613,660,50,50,1,-1,-1,-1
332,3,498,1014,50,50,1,-1,-1,-1
333,1,464,788,50,50,1,-1,-1,-1
333,2,624,686,50,50,1,-1,-1,-1
333,3,467,1028,50,50,1,-1,-1,-1
334,1,476,747,50,50,1,-1,-1,-1
334,2,634,716,50,50,1,-1,-1,-1
334,3,454,1045,50,50,1,-1,-1,-1
335,1,488,713,50,50,1,-1,-1,-1
335,2,646,750,50,50,1,-1,-1,-1
335,3,447,1072,50,50,1,-1,-1,-1
336,1,499,687,50,50,1,-1,-1,-1
336,2,659,790,50,50,1,-1,-1,-1
336,3,444,1107,50,50,1,-1,-1,-1
337,1,511,664,50,50,1,-1,-1,-1
337,2,669,839,50,50,1,-1,-1,-1
337,3,437,1134,50,50,1,-1,-1,-1
338,1,524,644,50,50,1,-1,-1,-1
338,2,678,891,50,50,1,-1,-1,-1
338,3,432,1159,50,50,1,-1,-1,-1
339,1,537,631,50,50,1,-1,-1,-1
339,2,687,945,50,50,1,-1,-1,-1
339,3,424,1172,50,50,1,-1,-1,-1
340,1,550,624,50,50,1,-1,-1,-1
340,2,681,962,50,50,1,-1,-1,-1
340,3,418,1156,50,50,1,-1,-1,-1
341,1,563,622,50,50,1,-1,-1,-1
341,2,671,968,50,50,1,-1,-1,-1
341,3,413,1116,50,50,1,-1,-1,-1
342,1,576,624,50,50,1,-1,-1,-1
342,2,650,972,50,50,1,-1,-1,-1
342,3,413,1060,50,50,1,-1,-1,-1
343,1,588,632,50,50,1,-1,-1,-1
343,2,620,976,50,50,1,-1,-1,-1
343,3,421,995,50,50,1,-1,-1,-1
344,1,598,650,50,50,1,-1,-1,-1
344,2,575,981,50,50,1,-1,-1,-1
344,3,435,934,50,50,1,-1,-1,-1
345,1,610,671,50,50,1,-1,-1,-1
345,2,533,988,50,50,1,-1,-1,-1
345,3,447,881,50,50,1,-1,-1,-1
346,1,622,693,50,50,1,-1,-1,-1
346,2,501,1002,50,50,1,-1,-1,-1
346,3,457,835,50,50,1,-1,-1,-1
347,1,634,727,50,50,1,-1,-1,-1
347,2,473,1023,50,50,1,-1,-1,-1
347,3,466,793,50,50,1,-1,-1,-1
348,1,646,763,50,50,1,-1,-1,-1
348,2,458,1053,50,50,1,-1,-1,-1
348,3,477,755,50,50,1,-1,-1,-1
349,1,658,803,50,50,1,-1,-1,-1
349,2,448,1087,50,50,1,-1,-1,-1
349,3,488,719,50,50,1,-1,-1,-1
350,1,670,846,50,50,1,-1,-1,-1
350,2,443,1113,50,50,1,-1,-1,-1
350,3,499,689,50,50,1,-1,-1,-1
351,1,681,894,50,50,1,-1,-1,-1
351,2,437,1141,50,50,1,-1,-1,-1
351,3,509,668,50,50,1,-1,-1,-1
352,1,692,948,50,50,1,-1,-1,-1
352,2,426,1167,50,50,1,-1,-1,-1
352,3,517,655,50,50,1,-1,-1,-1
353,1,699,981,50,50,1,-1,-1,-1
353,2,414,1174,50,50,1,-1,-1,-1
353,3,527,647,50,50,1,-1,-1,-1
354,1,694,994,50,50,1,-1,-1,-1
354,2,409,1156,50,50,1,-1,-1,-1
354,3,537,640,50,50,1,-1,-1,-1
355,1,676,991,50,50,1,-1,-1,-1
355,2,407,1117,50,50,1,-1,-1,-1
355,3,548,637,50,50,1,-1,-1,-1
356,1,652,987,50,50,1,-1,-1,-1
356,2,408,1052,50,50,1,-1,-1,-1
356,3,559,639,50,50,1,-1,-1,-1
357,1,613,986,50,50,1,-1,-1,-1
357,2,412,983,50,50,1,-1,-1,-1
357,3,570,650,50,50,1,-1,-1,-1
358,1,569,985,50,50,1,-1,-1,-1
358,2,423,920,50,50,1,-1,-1,-1
358,3,580,669,50,50,1,-1,-1,-1
359,1,525,985,50,50,1,-1,-1,-1
359,2,438,864,50,50,1,-1,-1,-1
359,3,590,691,50,50,1,-1,-1,-1
360,1,485,993,50,50,1,-1,-1,-1
360,2,453,818,50,50,1,-1,-1,-1
360,3,600,718,50,50,1,-1,-1,-1
361,1,463,1005,50,50,1,-1,-1,-1
361,2,466,775,50,50,1,-1,-1,-1
361,3,611,750,50,50,1,-1,-1,-1
362,1,454,1022,50,50,1,-1,-1,-1
362,2,479,732,50,50,1,-1,-1,-1
362,3,623,790,50,50,1,-1,-1,-1
363,1,450,1047,50,50,1,-1,-1,-1
363,2,492,697,50,50,1,-1,-1,-1
363,3,634,834,50,50,1,-1,-1,-1
364,1,447,1084,50,50,1,-1,-1,-1
364,2,505,663,50,50,1,-1,-1,-1
364,3,643,880,50,50,1,-1,-1,-1
365,1,443,1122,50,50,1,-1,-1,-1
365,2,516,633,50,50,1,-1,-1,-1
365,3,652,929,50,50,1,-1,-1,-1
366,1,432,1155,50,50,1,-1,-1,-1
366,2,527,612,50,50,1,-1,-1,-1
366,3,660,974,50,50,1,-1,-1,-1
367,1,412,1170,50,50,1,-1,-1,-1
367,2,538,602,50,50,1,-1,-1,-1
367,3,667,1001,50,50,1,-1,-1,-1
368,1,398,1166,50,50,1,-1,-1,-1
368,2,549,595,50,50,1,-1,-1,-1
368,3,673,1003,50,50,1,-1,-1,-1
369,1,391,1126,50,50,1,-1,-1,-1
369,2,562,595,50,50,1,-1,-1,-1
369,3,662,1001,50,50,1,-1,-1,-1
370,1,389,1073,50,50,1,-1,-1,-1
370,2,575,598,50,50,1,-1,-1,-1
370,3,641,999,50,50,1,-1,-1,-1
371,1,395,1010,50,50,1,-1,-1,-1
371,2,588,604,50,50,1,-1,-1,-1
371,3,615,996,50,50,1,-1,-1,-1
372,1,405,948,50,50,1,-1,-1,-1
372,2,600,618,50,50,1,-1,-1,-1
372,3,584,993,50,50,1,-1,-1,-1
373,1,420,888,50,50,1,-1,-1,-1
373,2,611,636,50,50,1,-1,-1,-1
373,3,545,993,50,50,1,-1,-1,-1
374,1,437,835,50,50,1,-1,-1,-1
374,2,622,657,50,50,1,-1,-1,-1
374,3,506,993,50,50,1,-1,-1,-1
375,1,451,786,50,50,1,-1,-1,-1
375,2,633,688,50,50,1,-1,-1,-1
375,3,475,1000,50,50,1,-1,-1,-1
376,1,463,741,50,50,1,-1,-1,-1
376,2,644,722,50,50,1,-1,-1,-1
376,3,458,1018,50,50,1,-1,-1,-1
377,1,475,700,50,50,1,-1,-1,-1
377,2,656,760,50,50,1,-1,-1,-1
377,3,442,1046,50,50,1,-1,-1,-1
378,1,488,664,50,50,1,-1,-1,-1
378,2,669,802,50,50,1,-1,-1,-1
378,3,439,1077,50,50,1,-1,-1,-1
379,1,502,635,50,50,1,-1,-1,-1
379,2,682,847,50,50,1,-1,-1,-1
379,3,436,1108,50,50,1,-1,-1,-1
380,1,516,613,50,50,1,-1,-1,-1
380,2,695,906,50,50,1,-1,-1,-1
380,3,429,1137,50,50,1,-1,-1,-1
381,1,530,594,50,50,1,-1,-1,-1
381,2,701,961,50,50,1,-1,-1,-1
381,3,423,1149,50,50,1,-1,-1,-1
382,1,543,583,50,50,1,-1,-1,-1
382,2,704,973,50,50,1,-1,-1,-1
382,3,419,1140,50,50,1,-1,-1,-1
383,1,557,578,50,50,1,-1,-1,-1
383,2,696,976,50,50,1,-1,-1,-1
383,3,416,1123,50,50,1,-1,-1,-1
384,1,568,573,50,50,1,-1,-1,-1
384,2,679,978,50,50,1,-1,-1,-1
384,3,411,1104,50,50,1,-1,-1,-1
385,1,581,578,50,50,1,-1,-1,-1
385,2,659,981,50,50,1,-1,-1,-1
385,3,406,1083,50,50,1,-1,-1,-1
386,1,594,590,50,50,1,-1,-1,-1
386,2,629,987,50,50,1,-1,-1,-1
386,3,406,1072,50,50,1,-1,-1,-1
387,1,608,605,50,50,1,-1,-1,-1
387,2,589,992,50,50,1,-1,-1,-1
387,3,407,1061,50,50,1,-1,-1,-1
388,1,622,626,50,50,1,-1,-1,-1
388,2,552,998,50,50,1,-1,-1,-1
388,3,410,1053,50,50,1,-1,-1,-1
389,1,635,655,50,50,1,-1,-1,-1
389,2,517,1009,50,50,1,-1,-1,-1
389,3,415,1050,50,50,1,-1,-1,-1
390,1,648,690,50,50,1,-1,-1,-1
390,2,485,1029,50,50,1,-1,-1,-1
390,3,420,1050,50,50,1,-1,-1,-1
391,1,662,725,50,50,1,-1,-1,-1
391,2,456,1051,50,50,1,-1,-1,-1
391,3,421,1043,50,50,1,-1,-1,-1
392,1,676,765,50,50,1,-1,-1,-1
392,2,442,1050,50,50,1,-1,-1,-1
392,3,413,1039,50,50,1,-1,-1,-1
393,1,689,814,50,50,1,-1,-1,-1
393,2,435,1047,50,50,1,-1,-1,-1
393,3,404,1043,50,50,1,-1,-1,-1
394,1,702,867,50,50,1,-1,-1,-1
394,2,430,1045,50,50,1,-1,-1,-1
394,3,399,1040,50,50,1,-1,-1,-1
395,1,715,925,50,50,1,-1,-1,-1
395,2,424,1047,50,50,1,-1,-1,-1
395,3,393,1041,50,50,1,-1,-1,-1
396,1,728,989,50,50,1,-1,-1,-1
396,2,417,1050,50,50,1,-1,-1,-1
396,3,386,1047,50,50,1,-1,-1,-1
397,1,736,1025,50,50,1,-1,-1,-1
397,2,414,1054,50,50,1,-1,-1,-1
397,3,381,1053,50,50,1,-1,-1,-1
398,1,737,1029,50,50,1,-1,-1,-1
398,2,412,1063,50,50,1,-1,-1,-1
398,3,381,1059,50,50,1,-1,-1,-1
399,1,732,1031,50,50,1,-1,-1,-1
399,2,412,1067,50,50,1,-1,-1,-1
399,3,378,1066,50,50,1,-1,-1,-1
400,1,725,1034,50,50,1,-1,-1,-1
400,2,412,1071,50,50,1,-1,-1,-1
400,3,380,1071,50,50,1,-1,-1,-1
401,1,718,1040,50,50,1,-1,-1,-1
401,2,412,1075,50,50,1,-1,-1,-1
401,3,381,1077,50,50,1,-1,-1,-1
402,1,713,1044,50,50,1,-1,-1,-1
402,2,413,1079,50,50,1,-1,-1,-1
402,3,382,1080,50,50,1,-1,-1,-1
403,1,709,1049,50,50,1,-1,-1,-1
403,2,415,1079,50,50,1,-1,-1,-1
403,3,383,1077,50,50,1,-1,-1,-1
404,1,705,1054,50,50,1,-1,-1,-1
404,2,417,1079,50,50,1,-1,-1,-1
404,3,384,1074,50,50,1,-1,-1,-1
405,1,703,1052,50,50,1,-1,-1,-1
405,2,417,1081,50,50,1,-1,-1,-1
405,3,385,1074,50,50,1,-1,-1,-1
406,1,701,1049,50,50,1,-1,-1,-1
406,2,415,1080,50,50,1,-1,-1,-1
406,3,386,1077,50,50,1,-1,-1,-1
407,1,699,1051,50,50,1,-1,-1,-1
407,2,417,1079,50,50,1,-1,-1,-1
407,3,388,1075,50,50,1,-1,-1,-1
408,1,699,1050,50,50,1,-1,-1,-1
408,2,419,1079,50,50,1,-1,-1,-1
408,3,388,1075,50,50,1,-1,-1,-1
409,1,699,1049,50,50,1,-1,-1,-1
409,2,420,1080,50,50,1,-1,-1,-1
409,3,388,1075,50,50,1,-1,-1,-1
410,1,699,1048,50,50,1,-1,-1,-1
410,2,420,1080,50,50,1,-1,-1,-1
410,3,388,1075,50,50,1,-1,-1,-1
411,1,699,1047,50,50,1,-1,-1,-1
411,2,420,1079,50,50,1,-1,-1,-1
411,3,389,1072,50,50,1,-1,-1,-1
412,1,700,1046,50,50,1,-1,-1,-1
412,2,420,1078,50,50,1,-1,-1,-1
412,3,390,1071,50,50,1,-1,-1,-1
413,1,701,1045,50,50,1,-1,-1,-1
413,2,420,1077,50,50,1,-1,-1,-1
413,3,391,1072,50,50,1,-1,-1,-1
414,1,699,1042,50,50,1,-1,-1,-1
414,2,420,1076,50,50,1,-1,-1,-1
414,3,392,1073,50,50,1,-1,-1,-1
415,1,697,1039,50,50,1,-1,-1,-1
415,2,420,1075,50,50,1,-1,-1,-1
415,3,393,1074,50,50,1,-1,-1,-1
416,1,696,1039,50,50,1,-1,-1,-1
416,2,420,1076,50,50,1,-1,-1,-1
416,3,390,1075,50,50,1,-1,-1,-1
417,1,695,1039,50,50,1,-1,-1,-1
417,2,420,1077,50,50,1,-1,-1,-1
417,3,387,1076,50,50,1,-1,-1,-1
418,1,695,1037,50,50,1,-1,-1,-1
418,2,420,1078,50,50,1,-1,-1,-1
418,3,386,1077,50,50,1,-1,-1,-1
419,1,695,1035,50,50,1,-1,-1,-1
419,2,420,1078,50,50,1,-1,-1,-1
419,3,385,1078,50,50,1,-1,-1,-1
420,1,695,1033,50,50,1,-1,-1,-1
420,2,419,1080,50,50,1,-1,-1,-1
420,3,387,1076,50,50,1,-1,-1,-1
421,1,694,1038,50,50,1,-1,-1,-1
421,2,418,1082,50,50,1,-1,-1,-1
421,3,389,1074,50,50,1,-1,-1,-1
422,1,694,1042,50,50,1,-1,-1,-1
422,2,417,1084,50,50,1,-1,-1,-1
422,3,388,1076,50,50,1,-1,-1,-1
423,1,689,1060,50,50,1,-1,-1,-1
423,2,416,1090,50,50,1,-1,-1,-1
423,3,388,1079,50,50,1,-1,-1,-1
424,1,681,1072,50,50,1,-1,-1,-1
424,2,416,1099,50,50,1,-1,-1,-1
424,3,386,1092,50,50,1,-1,-1,-1
425,1,673,1092,50,50,1,-1,-1,-1
425,2,417,1116,50,50,1,-1,-1,-1
425,3,387,1107,50,50,1,-1,-1,-1
426,1,667,1119,50,50,1,-1,-1,-1
426,2,418,1136,50,50,1,-1,-1,-1
426,3,387,1122,50,50,1,-1,-1,-1
427,1,662,1147,50,50,1,-1,-1,-1
427,2,419,1156,50,50,1,-1,-1,-1
427,3,388,1147,50,50,1,-1,-1,-1
428,1,655,1180,50,50,1,-1,-1,-1
428,2,419,1177,50,50,1,-1,-1,-1
428,3,389,1172,50,50,1,-1,-1,-1
429,1,644,1212,50,50,1,-1,-1,-1
429,2,418,1194,50,50,1,-1,-1,-1
429,3,393,1195,50,50,1,-1,-1,-1
430,1,631,1228,50,50,1,-1,-1,-1
430,2,418,1209,50,50,1,-1,-1,-1
430,3,394,1214,50,50,1,-1,-1,-1
