1,1,482,962,50,50,1,-1,-1,-1
1,2,567,1136,50,50,1,-1,-1,-1
1,3,442,984,50,50,1,-1,-1,-1
1,4,559,1118,50,50,1,-1,-1,-1
1,5,464,998,50,50,1,-1,-1,-1
2,1,469,949,50,50,1,-1,-1,-1
2,2,566,1133,50,50,1,-1,-1,-1
2,3,442,969,50,50,1,-1,-1,-1
2,4,554,1112,50,50,1,-1,-1,-1
2,5,460,987,50,50,1,-1,-1,-1
3,1,464,946,50,50,1,-1,-1,-1
3,2,563,1132,50,50,1,-1,-1,-1
3,3,438,960,50,50,1,-1,-1,-1
3,4,551,1112,50,50,1,-1,-1,-1
3,5,458,980,50,50,1,-1,-1,-1
4,1,463,942,50,50,1,-1,-1,-1
4,2,560,1136,50,50,1,-1,-1,-1
4,3,433,958,50,50,1,-1,-1,-1
4,4,549,1116,50,50,1,-1,-1,-1
4,5,454,980,50,50,1,-1,-1,-1
5,1,459,941,50,50,1,-1,-1,-1
5,2,558,1132,50,50,1,-1,-1,-1
5,3,428,954,50,50,1,-1,-1,-1
5,4,549,1115,50,50,1,-1,-1,-1
5,5,451,976,50,50,1,-1,-1,-1
6,1,458,938,50,50,1,-1,-1,-1
6,2,553,1132,50,50,1,-1,-1,-1
6,3,427,953,50,50,1,-1,-1,-1
6,4,544,1116,50,50,1,-1,-1,-1
6,5,448,974,50,50,1,-1,-1,-1
7,1,456,939,50,50,1,-1,-1,-1
7,2,552,1135,50,50,1,-1,-1,-1
7,3,423,953,50,50,1,-1,-1,-1
7,4,541,1116,50,50,1,-1,-1,-1
7,5,445,975,50,50,1,-1,-1,-1
8,1,452,941,50,50,1,-1,-1,-1
8,2,551,1138,50,50,1,-1,-1,-1
8,3,420,953,50,50,1,-1,-1,-1
8,4,538,1116,50,50,1,-1,-1,-1
8,5,442,975,50,50,1,-1,-1,-1
9,1,448,946,50,50,1,-1,-1,-1
9,2,546,1138,50,50,1,-1,-1,-1
9,3,417,954,50,50,1,-1,-1,-1
9,4,535,1118,50,50,1,-1,-1,-1
9,5,440,976,50,50,1,-1,-1,-1
10,1,447,950,50,50,1,-1,-1,-1
10,2,544,1138,50,50,1,-1,-1,-1
10,3,416,961,50,50,1,-1,-1,-1
10,4,532,1119,50,50,1,-1,-1,-1
10,5,438,983,50,50,1,-1,-1,-1
11,1,446,960,50,50,1,-1,-1,-1
11,2,540,1137,50,50,1,-1,-1,-1
11,3,415,971,50,50,1,-1,-1,-1
11,4,530,1116,50,50,1,-1,-1,-1
11,5,435,996,50,50,1,-1,-1,-1
12,1,446,975,50,50,1,-1,-1,-1
12,2,536,1132,50,50,1,-1,-1,-1
12,3,414,982,50,50,1,-1,-1,-1
12,4,525,1111,50,50,1,-1,-1,-1
12,5,433,1010,50,50,1,-1,-1,-1
13,1,445,996,50,50,1,-1,-1,-1
13,2,535,1122,50,50,1,-1,-1,-1
13,3,414,996,50,50,1,-1,-1,-1
13,4,521,1106,50,50,1,-1,-1,-1
13,5,432,1026,50,50,1,-1,-1,-1
14,1,446,1030,50,50,1,-1,-1,-1
14,2,532,1104,50,50,1,-1,-1,-1
14,3,415,1026,50,50,1,-1,-1,-1
14,4,521,1095,50,50,1,-1,-1,-1
14,5,435,1047,50,50,1,-1,-1,-1
15,1,446,1066,50,50,1,-1,-1,-1
15,2,530,1081,50,50,1,-1,-1,-1
15,3,416,1062,50,50,1,-1,-1,-1
15,4,520,1084,50,50,1,-1,-1,-1
15,5,438,1073,50,50,1,-1,-1,-1
16,1,445,1102,50,50,1,-1,-1,-1
16,2,529,1061,50,50,1,-1,-1,-1
16,3,415,1100,50,50,1,-1,-1,-1
16,4,519,1073,50,50,1,-1,-1,-1
16,5,437,1105,50,50,1,-1,-1,-1
17,1,444,1149,50,50,1,-1,-1,-1
17,2,532,1033,50,50,1,-1,-1,-1
17,3,413,1142,50,50,1,-1,-1,-1
17,4,522,1058,50,50,1,-1,-1,-1
17,5,435,1141,50,50,1,-1,-1,-1
18,1,441,1195,50,50,1,-1,-1,-1
18,2,535,1005,50,50,1,-1,-1,-1
18,3,409,1185,50,50,1,-1,-1,-1
18,4,527,1040,50,50,1,-1,-1,-1
18,5,431,1173,50,50,1,-1,-1,-1
19,1,440,1229,50,50,1,-1,-1,-1
19,2,541,992,50,50,1,-1,-1,-1
19,3,409,1216,50,50,1,-1,-1,-1
19,4,532,1022,50,50,1,-1,-1,-1
19,5,431,1196,50,50,1,-1,-1,-1
20,1,442,1249,50,50,1,-1,-1,-1
20,2,546,983,50,50,1,-1,-1,-1
20,3,408,1231,50,50,1,-1,-1,-1
20,4,534,1009,50,50,1,-1,-1,-1
20,5,432,1215,50,50,1,-1,-1,-1
21,1,448,1250,50,50,1,-1,-1,-1
21,2,552,978,50,50,1,-1,-1,-1
21,3,415,1237,50,50,1,-1,-1,-1
21,4,538,1012,50,50,1,-1,-1,-1
21,5,442,1217,50,50,1,-1,-1,-1
22,1,461,1226,50,50,1,-1,-1,-1
22,2,557,997,50,50,1,-1,-1,-1
22,3,433,1220,50,50,1,-1,-1,-1
22,4,542,1022,50,50,1,-1,-1,-1
22,5,454,1206,50,50,1,-1,-1,-1
23,1,481,1179,50,50,1,-1,-1,-1
23,2,562,1030,50,50,1,-1,-1,-1
23,3,447,1178,50,50,1,-1,-1,-1
23,4,545,1048,50,50,1,-1,-1,-1
23,5,466,1191,50,50,1,-1,-1,-1
24,1,490,1112,50,50,1,-1,-1,-1
24,2,566,1078,50,50,1,-1,-1,-1
24,3,460,1114,50,50,1,-1,-1,-1
24,4,548,1087,50,50,1,-1,-1,-1
24,5,471,1149,50,50,1,-1,-1,-1
25,1,498,1028,50,50,1,-1,-1,-1
25,2,565,1133,50,50,1,-1,-1,-1
25,3,469,1042,50,50,1,-1,-1,-1
25,4,550,1127,50,50,1,-1,-1,-1
25,5,477,1078,50,50,1,-1,-1,-1
26,1,507,948,50,50,1,-1,-1,-1
26,2,560,1178,50,50,1,-1,-1,-1
26,3,474,976,50,50,1,-1,-1,-1
26,4,545,1163,50,50,1,-1,-1,-1
26,5,479,1015,50,50,1,-1,-1,-1
27,1,513,878,50,50,1,-1,-1,-1
27,2,556,1210,50,50,1,-1,-1,-1
27,3,477,934,50,50,1,-1,-1,-1
27,4,538,1185,50,50,1,-1,-1,-1
27,5,480,976,50,50,1,-1,-1,-1
28,1,518,811,50,50,1,-1,-1,-1
28,2,549,1223,50,50,1,-1,-1,-1
28,3,480,922,50,50,1,-1,-1,-1
28,4,529,1193,50,50,1,-1,-1,-1
28,5,480,962,50,50,1,-1,-1,-1
29,1,523,746,50,50,1,-1,-1,-1
29,2,536,1225,50,50,1,-1,-1,-1
29,3,470,938,50,50,1,-1,-1,-1
29,4,521,1191,50,50,1,-1,-1,-1
29,5,478,964,50,50,1,-1,-1,-1
30,1,526,682,50,50,1,-1,-1,-1
30,2,527,1207,50,50,1,-1,-1,-1
30,3,461,964,50,50,1,-1,-1,-1
30,4,514,1176,50,50,1,-1,-1,-1
30,5,471,979,50,50,1,-1,-1,-1
31,1,529,625,50,50,1,-1,-1,-1
31,2,525,1166,50,50,1,-1,-1,-1
31,3,448,1012,50,50,1,-1,-1,-1
31,4,508,1135,50,50,1,-1,-1,-1
31,5,464,1021,50,50,1,-1,-1,-1
32,1,532,578,50,50,1,-1,-1,-1
32,2,525,1108,50,50,1,-1,-1,-1
32,3,436,1077,50,50,1,-1,-1,-1
32,4,503,1087,50,50,1,-1,-1,-1
32,5,455,1081,50,50,1,-1,-1,-1
33,1,536,539,50,50,1,-1,-1,-1
33,2,524,1038,50,50,1,-1,-1,-1
33,3,431,1142,50,50,1,-1,-1,-1
33,4,505,1049,50,50,1,-1,-1,-1
33,5,449,1138,50,50,1,-1,-1,-1
34,1,540,502,50,50,1,-1,-1,-1
34,2,520,969,50,50,1,-1,-1,-1
34,3,427,1201,50,50,1,-1,-1,-1
34,4,514,1016,50,50,1,-1,-1,-1
34,5,444,1175,50,50,1,-1,-1,-1
35,1,544,472,50,50,1,-1,-1,-1
35,2,515,907,50,50,1,-1,-1,-1
35,3,428,1233,50,50,1,-1,-1,-1
35,4,519,1001,50,50,1,-1,-1,-1
35,5,446,1202,50,50,1,-1,-1,-1
36,1,549,447,50,50,1,-1,-1,-1
36,2,509,848,50,50,1,-1,-1,-1
36,3,440,1231,50,50,1,-1,-1,-1
36,4,528,1002,50,50,1,-1,-1,-1
36,5,454,1210,50,50,1,-1,-1,-1
37,1,555,426,50,50,1,-1,-1,-1
37,2,501,794,50,50,1,-1,-1,-1
37,3,454,1209,50,50,1,-1,-1,-1
37,4,536,1023,50,50,1,-1,-1,-1
37,5,467,1191,50,50,1,-1,-1,-1
38,1,560,410,50,50,1,-1,-1,-1
38,2,493,748,50,50,1,-1,-1,-1
38,3,469,1161,50,50,1,-1,-1,-1
38,4,546,1056,50,50,1,-1,-1,-1
38,5,481,1167,50,50,1,-1,-1,-1
39,1,563,406,50,50,1,-1,-1,-1
39,2,486,707,50,50,1,-1,-1,-1
39,3,482,1095,50,50,1,-1,-1,-1
39,4,554,1106,50,50,1,-1,-1,-1
39,5,491,1111,50,50,1,-1,-1,-1
40,1,570,405,50,50,1,-1,-1,-1
40,2,479,670,50,50,1,-1,-1,-1
40,3,491,1018,50,50,1,-1,-1,-1
40,4,559,1156,50,50,1,-1,-1,-1
40,5,490,1053,50,50,1,-1,-1,-1
41,1,575,407,50,50,1,-1,-1,-1
41,2,472,643,50,50,1,-1,-1,-1
41,3,498,942,50,50,1,-1,-1,-1
41,4,557,1194,50,50,1,-1,-1,-1
41,5,488,1001,50,50,1,-1,-1,-1
42,1,580,413,50,50,1,-1,-1,-1
42,2,465,621,50,50,1,-1,-1,-1
42,3,505,872,50,50,1,-1,-1,-1
42,4,549,1208,50,50,1,-1,-1,-1
42,5,482,969,50,50,1,-1,-1,-1
43,1,583,426,50,50,1,-1,-1,-1
43,2,461,605,50,50,1,-1,-1,-1
43,3,511,807,50,50,1,-1,-1,-1
43,4,541,1204,50,50,1,-1,-1,-1
43,5,471,974,50,50,1,-1,-1,-1
44,1,585,447,50,50,1,-1,-1,-1
44,2,455,594,50,50,1,-1,-1,-1
44,3,517,745,50,50,1,-1,-1,-1
44,4,537,1183,50,50,1,-1,-1,-1
44,5,462,1003,50,50,1,-1,-1,-1
45,1,588,472,50,50,1,-1,-1,-1
45,2,450,586,50,50,1,-1,-1,-1
45,3,524,694,50,50,1,-1,-1,-1
45,4,534,1141,50,50,1,-1,-1,-1
45,5,456,1049,50,50,1,-1,-1,-1
46,1,592,501,50,50,1,-1,-1,-1
46,2,444,584,50,50,1,-1,-1,-1
46,3,531,647,50,50,1,-1,-1,-1
46,4,532,1068,50,50,1,-1,-1,-1
46,5,450,1104,50,50,1,-1,-1,-1
47,1,598,536,50,50,1,-1,-1,-1
47,2,434,587,50,50,1,-1,-1,-1
47,3,537,605,50,50,1,-1,-1,-1
47,4,530,996,50,50,1,-1,-1,-1
47,5,451,1158,50,50,1,-1,-1,-1
48,1,601,575,50,50,1,-1,-1,-1
48,2,427,599,50,50,1,-1,-1,-1
48,3,542,569,50,50,1,-1,-1,-1
48,4,528,927,50,50,1,-1,-1,-1
48,5,449,1205,50,50,1,-1,-1,-1
49,1,604,620,50,50,1,-1,-1,-1
49,2,419,618,50,50,1,-1,-1,-1
49,3,547,539,50,50,1,-1,-1,-1
49,4,526,858,50,50,1,-1,-1,-1
49,5,447,1228,50,50,1,-1,-1,-1
50,1,606,674,50,50,1,-1,-1,-1
50,2,410,638,50,50,1,-1,-1,-1
50,3,554,512,50,50,1,-1,-1,-1
50,4,522,790,50,50,1,-1,-1,-1
50,5,451,1221,50,50,1,-1,-1,-1
51,1,609,731,50,50,1,-1,-1,-1
51,2,402,666,50,50,1,-1,-1,-1
51,3,561,490,50,50,1,-1,-1,-1
51,4,517,726,50,50,1,-1,-1,-1
51,5,461,1192,50,50,1,-1,-1,-1
52,1,614,788,50,50,1,-1,-1,-1
52,2,399,698,50,50,1,-1,-1,-1
52,3,570,475,50,50,1,-1,-1,-1
52,4,513,669,50,50,1,-1,-1,-1
52,5,472,1139,50,50,1,-1,-1,-1
53,1,618,851,50,50,1,-1,-1,-1
53,2,397,733,50,50,1,-1,-1,-1
53,3,578,465,50,50,1,-1,-1,-1
53,4,509,614,50,50,1,-1,-1,-1
53,5,479,1069,50,50,1,-1,-1,-1
54,1,620,914,50,50,1,-1,-1,-1
54,2,389,777,50,50,1,-1,-1,-1
54,3,586,464,50,50,1,-1,-1,-1
54,4,504,568,50,50,1,-1,-1,-1
54,5,486,994,50,50,1,-1,-1,-1
55,1,620,961,50,50,1,-1,-1,-1
55,2,381,824,50,50,1,-1,-1,-1
55,3,593,471,50,50,1,-1,-1,-1
55,4,500,529,50,50,1,-1,-1,-1
55,5,490,924,50,50,1,-1,-1,-1
56,1,609,1006,50,50,1,-1,-1,-1
56,2,376,874,50,50,1,-1,-1,-1
56,3,600,480,50,50,1,-1,-1,-1
56,4,497,495,50,50,1,-1,-1,-1
56,5,494,857,50,50,1,-1,-1,-1
57,1,598,1063,50,50,1,-1,-1,-1
57,2,373,931,50,50,1,-1,-1,-1
57,3,606,492,50,50,1,-1,-1,-1
57,4,492,467,50,50,1,-1,-1,-1
57,5,501,795,50,50,1,-1,-1,-1
58,1,576,1128,50,50,1,-1,-1,-1
58,2,367,991,50,50,1,-1,-1,-1
58,3,612,510,50,50,1,-1,-1,-1
58,4,487,444,50,50,1,-1,-1,-1
58,5,510,738,50,50,1,-1,-1,-1
59,1,566,1169,50,50,1,-1,-1,-1
59,2,361,1040,50,50,1,-1,-1,-1
59,3,618,532,50,50,1,-1,-1,-1
59,4,482,426,50,50,1,-1,-1,-1
59,5,518,685,50,50,1,-1,-1,-1
60,1,563,1173,50,50,1,-1,-1,-1
60,2,358,1075,50,50,1,-1,-1,-1
60,3,624,560,50,50,1,-1,-1,-1
60,4,478,418,50,50,1,-1,-1,-1
60,5,526,640,50,50,1,-1,-1,-1
61,1,561,1134,50,50,1,-1,-1,-1
61,2,362,1105,50,50,1,-1,-1,-1
61,3,630,595,50,50,1,-1,-1,-1
61,4,472,416,50,50,1,-1,-1,-1
61,5,535,599,50,50,1,-1,-1,-1
62,1,558,1071,50,50,1,-1,-1,-1
62,2,367,1140,50,50,1,-1,-1,-1
62,3,636,634,50,50,1,-1,-1,-1
62,4,466,414,50,50,1,-1,-1,-1
62,5,541,569,50,50,1,-1,-1,-1
63,1,556,1006,50,50,1,-1,-1,-1
63,2,372,1178,50,50,1,-1,-1,-1
63,3,641,678,50,50,1,-1,-1,-1
63,4,460,422,50,50,1,-1,-1,-1
63,5,549,541,50,50,1,-1,-1,-1
64,1,552,942,50,50,1,-1,-1,-1
64,2,387,1211,50,50,1,-1,-1,-1
64,3,646,727,50,50,1,-1,-1,-1
64,4,455,434,50,50,1,-1,-1,-1
64,5,558,517,50,50,1,-1,-1,-1
65,1,544,876,50,50,1,-1,-1,-1
65,2,401,1233,50,50,1,-1,-1,-1
65,3,652,783,50,50,1,-1,-1,-1
65,4,451,452,50,50,1,-1,-1,-1
65,5,565,498,50,50,1,-1,-1,-1
66,1,537,813,50,50,1,-1,-1,-1
66,2,415,1234,50,50,1,-1,-1,-1
66,3,659,843,50,50,1,-1,-1,-1
66,4,446,474,50,50,1,-1,-1,-1
66,5,572,490,50,50,1,-1,-1,-1
67,1,533,759,50,50,1,-1,-1,-1
67,2,433,1220,50,50,1,-1,-1,-1
67,3,667,909,50,50,1,-1,-1,-1
67,4,440,505,50,50,1,-1,-1,-1
67,5,581,483,50,50,1,-1,-1,-1
68,1,529,708,50,50,1,-1,-1,-1
68,2,456,1192,50,50,1,-1,-1,-1
68,3,674,978,50,50,1,-1,-1,-1
68,4,434,540,50,50,1,-1,-1,-1
68,5,591,480,50,50,1,-1,-1,-1
69,1,524,659,50,50,1,-1,-1,-1
69,2,475,1136,50,50,1,-1,-1,-1
69,3,677,1028,50,50,1,-1,-1,-1
69,4,431,580,50,50,1,-1,-1,-1
69,5,599,485,50,50,1,-1,-1,-1
70,1,518,616,50,50,1,-1,-1,-1
70,2,483,1055,50,50,1,-1,-1,-1
70,3,668,1068,50,50,1,-1,-1,-1
70,4,429,623,50,50,1,-1,-1,-1
70,5,604,497,50,50,1,-1,-1,-1
71,1,512,579,50,50,1,-1,-1,-1
71,2,491,974,50,50,1,-1,-1,-1
71,3,644,1115,50,50,1,-1,-1,-1
71,4,424,673,50,50,1,-1,-1,-1
71,5,610,514,50,50,1,-1,-1,-1
72,1,507,550,50,50,1,-1,-1,-1
72,2,496,898,50,50,1,-1,-1,-1
72,3,622,1164,50,50,1,-1,-1,-1
72,4,420,733,50,50,1,-1,-1,-1
72,5,618,536,50,50,1,-1,-1,-1
73,1,501,527,50,50,1,-1,-1,-1
73,2,504,836,50,50,1,-1,-1,-1
73,3,604,1185,50,50,1,-1,-1,-1
73,4,413,799,50,50,1,-1,-1,-1
73,5,626,561,50,50,1,-1,-1,-1
74,1,494,508,50,50,1,-1,-1,-1
74,2,512,780,50,50,1,-1,-1,-1
74,3,590,1177,50,50,1,-1,-1,-1
74,4,409,865,50,50,1,-1,-1,-1
74,5,634,593,50,50,1,-1,-1,-1
75,1,488,494,50,50,1,-1,-1,-1
75,2,520,725,50,50,1,-1,-1,-1
75,3,585,1140,50,50,1,-1,-1,-1
75,4,405,934,50,50,1,-1,-1,-1
75,5,642,636,50,50,1,-1,-1,-1
76,1,480,487,50,50,1,-1,-1,-1
76,2,526,675,50,50,1,-1,-1,-1
76,3,583,1085,50,50,1,-1,-1,-1
76,4,405,990,50,50,1,-1,-1,-1
76,5,649,683,50,50,1,-1,-1,-1
77,1,473,486,50,50,1,-1,-1,-1
77,2,531,632,50,50,1,-1,-1,-1
77,3,582,1017,50,50,1,-1,-1,-1
77,4,404,1026,50,50,1,-1,-1,-1
77,5,656,731,50,50,1,-1,-1,-1
78,1,466,494,50,50,1,-1,-1,-1
78,2,539,597,50,50,1,-1,-1,-1
78,3,575,947,50,50,1,-1,-1,-1
78,4,406,1067,50,50,1,-1,-1,-1
78,5,663,785,50,50,1,-1,-1,-1
79,1,459,503,50,50,1,-1,-1,-1
79,2,545,571,50,50,1,-1,-1,-1
79,3,567,885,50,50,1,-1,-1,-1
79,4,412,1116,50,50,1,-1,-1,-1
79,5,669,842,50,50,1,-1,-1,-1
80,1,453,515,50,50,1,-1,-1,-1
80,2,551,545,50,50,1,-1,-1,-1
80,3,558,828,50,50,1,-1,-1,-1
80,4,427,1164,50,50,1,-1,-1,-1
80,5,673,907,50,50,1,-1,-1,-1
81,1,449,541,50,50,1,-1,-1,-1
81,2,558,522,50,50,1,-1,-1,-1
81,3,548,773,50,50,1,-1,-1,-1
81,4,445,1200,50,50,1,-1,-1,-1
81,5,678,972,50,50,1,-1,-1,-1
82,1,444,576,50,50,1,-1,-1,-1
82,2,565,506,50,50,1,-1,-1,-1
82,3,540,724,50,50,1,-1,-1,-1
82,4,453,1191,50,50,1,-1,-1,-1
82,5,686,1027,50,50,1,-1,-1,-1
83,1,435,611,50,50,1,-1,-1,-1
83,2,572,498,50,50,1,-1,-1,-1
83,3,533,678,50,50,1,-1,-1,-1
83,4,466,1147,50,50,1,-1,-1,-1
83,5,691,1061,50,50,1,-1,-1,-1
84,1,427,648,50,50,1,-1,-1,-1
84,2,577,499,50,50,1,-1,-1,-1
84,3,525,638,50,50,1,-1,-1,-1
84,4,482,1084,50,50,1,-1,-1,-1
84,5,679,1102,50,50,1,-1,-1,-1
85,1,421,688,50,50,1,-1,-1,-1
85,2,583,502,50,50,1,-1,-1,-1
85,3,516,605,50,50,1,-1,-1,-1
85,4,490,1009,50,50,1,-1,-1,-1
85,5,653,1139,50,50,1,-1,-1,-1
86,1,416,736,50,50,1,-1,-1,-1
86,2,589,514,50,50,1,-1,-1,-1
86,3,507,577,50,50,1,-1,-1,-1
86,4,490,942,50,50,1,-1,-1,-1
86,5,625,1166,50,50,1,-1,-1,-1
87,1,408,792,50,50,1,-1,-1,-1
87,2,595,528,50,50,1,-1,-1,-1
87,3,497,554,50,50,1,-1,-1,-1
87,4,496,875,50,50,1,-1,-1,-1
87,5,596,1191,50,50,1,-1,-1,-1
88,1,403,852,50,50,1,-1,-1,-1
88,2,602,546,50,50,1,-1,-1,-1
88,3,487,532,50,50,1,-1,-1,-1
88,4,501,810,50,50,1,-1,-1,-1
88,5,578,1199,50,50,1,-1,-1,-1
89,1,397,917,50,50,1,-1,-1,-1
89,2,609,569,50,50,1,-1,-1,-1
89,3,478,515,50,50,1,-1,-1,-1
89,4,507,749,50,50,1,-1,-1,-1
89,5,578,1172,50,50,1,-1,-1,-1
90,1,390,988,50,50,1,-1,-1,-1
90,2,616,597,50,50,1,-1,-1,-1
90,3,468,514,50,50,1,-1,-1,-1
90,4,512,699,50,50,1,-1,-1,-1
90,5,573,1133,50,50,1,-1,-1,-1
91,1,390,1047,50,50,1,-1,-1,-1
91,2,621,631,50,50,1,-1,-1,-1
91,3,457,519,50,50,1,-1,-1,-1
91,4,517,654,50,50,1,-1,-1,-1
91,5,568,1071,50,50,1,-1,-1,-1
92,1,398,1093,50,50,1,-1,-1,-1
92,2,625,669,50,50,1,-1,-1,-1
92,3,446,526,50,50,1,-1,-1,-1
92,4,522,612,50,50,1,-1,-1,-1
92,5,567,999,50,50,1,-1,-1,-1
93,1,409,1134,50,50,1,-1,-1,-1
93,2,629,714,50,50,1,-1,-1,-1
93,3,437,539,50,50,1,-1,-1,-1
93,4,527,577,50,50,1,-1,-1,-1
93,5,562,933,50,50,1,-1,-1,-1
94,1,421,1180,50,50,1,-1,-1,-1
94,2,634,765,50,50,1,-1,-1,-1
94,3,429,559,50,50,1,-1,-1,-1
94,4,530,552,50,50,1,-1,-1,-1
94,5,556,869,50,50,1,-1,-1,-1
95,1,433,1212,50,50,1,-1,-1,-1
95,2,640,821,50,50,1,-1,-1,-1
95,3,421,583,50,50,1,-1,-1,-1
95,4,535,532,50,50,1,-1,-1,-1
95,5,549,807,50,50,1,-1,-1,-1
96,1,442,1208,50,50,1,-1,-1,-1
96,2,646,878,50,50,1,-1,-1,-1
96,3,412,611,50,50,1,-1,-1,-1
96,4,541,516,50,50,1,-1,-1,-1
96,5,540,750,50,50,1,-1,-1,-1
97,1,451,1174,50,50,1,-1,-1,-1
97,2,651,937,50,50,1,-1,-1,-1
97,3,401,642,50,50,1,-1,-1,-1
97,4,547,503,50,50,1,-1,-1,-1
97,5,532,697,50,50,1,-1,-1,-1
98,1,459,1115,50,50,1,-1,-1,-1
98,2,654,973,50,50,1,-1,-1,-1
98,3,390,680,50,50,1,-1,-1,-1
98,4,554,492,50,50,1,-1,-1,-1
98,5,524,649,50,50,1,-1,-1,-1
99,1,463,1036,50,50,1,-1,-1,-1
99,2,648,1002,50,50,1,-1,-1,-1
99,3,380,732,50,50,1,-1,-1,-1
99,4,562,493,50,50,1,-1,-1,-1
99,5,517,606,50,50,1,-1,-1,-1
100,1,469,963,50,50,1,-1,-1,-1
100,2,638,1035,50,50,1,-1,-1,-1
100,3,373,791,50,50,1,-1,-1,-1
100,4,570,500,50,50,1,-1,-1,-1
100,5,511,573,50,50,1,-1,-1,-1
101,1,472,893,50,50,1,-1,-1,-1
101,2,628,1078,50,50,1,-1,-1,-1
101,3,366,851,50,50,1,-1,-1,-1
101,4,578,510,50,50,1,-1,-1,-1
101,5,505,545,50,50,1,-1,-1,-1
102,1,480,827,50,50,1,-1,-1,-1
102,2,606,1142,50,50,1,-1,-1,-1
102,3,358,912,50,50,1,-1,-1,-1
102,4,585,526,50,50,1,-1,-1,-1
102,5,496,523,50,50,1,-1,-1,-1
103,1,486,767,50,50,1,-1,-1,-1
103,2,579,1183,50,50,1,-1,-1,-1
103,3,348,978,50,50,1,-1,-1,-1
103,4,584,549,50,50,1,-1,-1,-1
103,5,487,504,50,50,1,-1,-1,-1
104,1,492,711,50,50,1,-1,-1,-1
104,2,558,1173,50,50,1,-1,-1,-1
104,3,340,1043,50,50,1,-1,-1,-1
104,4,591,576,50,50,1,-1,-1,-1
104,5,480,491,50,50,1,-1,-1,-1
105,1,500,661,50,50,1,-1,-1,-1
105,2,553,1137,50,50,1,-1,-1,-1
105,3,345,1084,50,50,1,-1,-1,-1
105,4,596,607,50,50,1,-1,-1,-1
105,5,473,485,50,50,1,-1,-1,-1
106,1,508,618,50,50,1,-1,-1,-1
106,2,544,1068,50,50,1,-1,-1,-1
106,3,364,1109,50,50,1,-1,-1,-1
106,4,601,640,50,50,1,-1,-1,-1
106,5,465,484,50,50,1,-1,-1,-1
107,1,515,580,50,50,1,-1,-1,-1
107,2,535,996,50,50,1,-1,-1,-1
107,3,378,1142,50,50,1,-1,-1,-1
107,4,605,686,50,50,1,-1,-1,-1
107,5,456,492,50,50,1,-1,-1,-1
108,1,520,548,50,50,1,-1,-1,-1
108,2,529,933,50,50,1,-1,-1,-1
108,3,390,1174,50,50,1,-1,-1,-1
108,4,610,737,50,50,1,-1,-1,-1
108,5,446,504,50,50,1,-1,-1,-1
109,1,525,520,50,50,1,-1,-1,-1
109,2,522,872,50,50,1,-1,-1,-1
109,3,404,1206,50,50,1,-1,-1,-1
109,4,615,790,50,50,1,-1,-1,-1
109,5,436,520,50,50,1,-1,-1,-1
110,1,529,503,50,50,1,-1,-1,-1
110,2,515,814,50,50,1,-1,-1,-1
110,3,416,1223,50,50,1,-1,-1,-1
110,4,620,844,50,50,1,-1,-1,-1
110,5,426,541,50,50,1,-1,-1,-1
111,1,536,492,50,50,1,-1,-1,-1
111,2,507,757,50,50,1,-1,-1,-1
111,3,425,1219,50,50,1,-1,-1,-1
111,4,624,903,50,50,1,-1,-1,-1
111,5,418,569,50,50,1,-1,-1,-1
112,1,543,485,50,50,1,-1,-1,-1
112,2,499,704,50,50,1,-1,-1,-1
112,3,436,1189,50,50,1,-1,-1,-1
112,4,633,949,50,50,1,-1,-1,-1
112,5,412,608,50,50,1,-1,-1,-1
113,1,549,481,50,50,1,-1,-1,-1
113,2,492,658,50,50,1,-1,-1,-1
113,3,447,1125,50,50,1,-1,-1,-1
113,4,639,989,50,50,1,-1,-1,-1
113,5,406,654,50,50,1,-1,-1,-1
114,1,556,484,50,50,1,-1,-1,-1
114,2,485,620,50,50,1,-1,-1,-1
114,3,452,1050,50,50,1,-1,-1,-1
114,4,635,1029,50,50,1,-1,-1,-1
114,5,400,705,50,50,1,-1,-1,-1
115,1,564,491,50,50,1,-1,-1,-1
115,2,478,587,50,50,1,-1,-1,-1
115,3,457,975,50,50,1,-1,-1,-1
115,4,626,1076,50,50,1,-1,-1,-1
115,5,392,758,50,50,1,-1,-1,-1
116,1,572,503,50,50,1,-1,-1,-1
116,2,470,558,50,50,1,-1,-1,-1
116,3,463,907,50,50,1,-1,-1,-1
116,4,610,1129,50,50,1,-1,-1,-1
116,5,384,814,50,50,1,-1,-1,-1
117,1,578,522,50,50,1,-1,-1,-1
117,2,461,535,50,50,1,-1,-1,-1
117,3,470,842,50,50,1,-1,-1,-1
117,4,587,1174,50,50,1,-1,-1,-1
117,5,376,873,50,50,1,-1,-1,-1
118,1,581,549,50,50,1,-1,-1,-1
118,2,452,519,50,50,1,-1,-1,-1
118,3,476,779,50,50,1,-1,-1,-1
118,4,566,1187,50,50,1,-1,-1,-1
118,5,368,938,50,50,1,-1,-1,-1
119,1,582,577,50,50,1,-1,-1,-1
119,2,444,509,50,50,1,-1,-1,-1
119,3,482,721,50,50,1,-1,-1,-1
119,4,549,1167,50,50,1,-1,-1,-1
119,5,363,995,50,50,1,-1,-1,-1
120,1,591,612,50,50,1,-1,-1,-1
120,2,435,503,50,50,1,-1,-1,-1
120,3,487,673,50,50,1,-1,-1,-1
120,4,539,1122,50,50,1,-1,-1,-1
120,5,361,1019,50,50,1,-1,-1,-1
121,1,598,654,50,50,1,-1,-1,-1
121,2,425,507,50,50,1,-1,-1,-1
121,3,493,632,50,50,1,-1,-1,-1
121,4,530,1053,50,50,1,-1,-1,-1
121,5,366,1051,50,50,1,-1,-1,-1
122,1,603,702,50,50,1,-1,-1,-1
122,2,415,514,50,50,1,-1,-1,-1
122,3,499,595,50,50,1,-1,-1,-1
122,4,521,984,50,50,1,-1,-1,-1
122,5,379,1088,50,50,1,-1,-1,-1
123,1,608,753,50,50,1,-1,-1,-1
123,2,409,526,50,50,1,-1,-1,-1
123,3,504,563,50,50,1,-1,-1,-1
123,4,515,920,50,50,1,-1,-1,-1
123,5,394,1125,50,50,1,-1,-1,-1
124,1,613,809,50,50,1,-1,-1,-1
124,2,404,546,50,50,1,-1,-1,-1
124,3,509,534,50,50,1,-1,-1,-1
124,4,509,856,50,50,1,-1,-1,-1
124,5,400,1165,50,50,1,-1,-1,-1
125,1,619,871,50,50,1,-1,-1,-1
125,2,395,570,50,50,1,-1,-1,-1
125,3,515,511,50,50,1,-1,-1,-1
125,4,503,795,50,50,1,-1,-1,-1
125,5,407,1203,50,50,1,-1,-1,-1
126,1,624,936,50,50,1,-1,-1,-1
126,2,385,598,50,50,1,-1,-1,-1
126,3,524,497,50,50,1,-1,-1,-1
126,4,495,741,50,50,1,-1,-1,-1
126,5,411,1206,50,50,1,-1,-1,-1
127,1,627,974,50,50,1,-1,-1,-1
127,2,375,632,50,50,1,-1,-1,-1
127,3,534,489,50,50,1,-1,-1,-1
127,4,488,697,50,50,1,-1,-1,-1
127,5,418,1182,50,50,1,-1,-1,-1
128,1,628,1007,50,50,1,-1,-1,-1
128,2,365,675,50,50,1,-1,-1,-1
128,3,543,488,50,50,1,-1,-1,-1
128,4,481,657,50,50,1,-1,-1,-1
128,5,419,1120,50,50,1,-1,-1,-1
129,1,616,1048,50,50,1,-1,-1,-1
129,2,360,722,50,50,1,-1,-1,-1
129,3,552,494,50,50,1,-1,-1,-1
129,4,473,624,50,50,1,-1,-1,-1
129,5,418,1047,50,50,1,-1,-1,-1
130,1,600,1099,50,50,1,-1,-1,-1
130,2,354,773,50,50,1,-1,-1,-1
130,3,559,504,50,50,1,-1,-1,-1
130,4,464,595,50,50,1,-1,-1,-1
130,5,422,972,50,50,1,-1,-1,-1
131,1,579,1151,50,50,1,-1,-1,-1
131,2,344,833,50,50,1,-1,-1,-1
131,3,566,517,50,50,1,-1,-1,-1
131,4,455,571,50,50,1,-1,-1,-1
131,5,429,905,50,50,1,-1,-1,-1
132,1,552,1185,50,50,1,-1,-1,-1
132,2,336,897,50,50,1,-1,-1,-1
132,3,570,535,50,50,1,-1,-1,-1
132,4,447,552,50,50,1,-1,-1,-1
132,5,440,844,50,50,1,-1,-1,-1
133,1,539,1183,50,50,1,-1,-1,-1
133,2,329,962,50,50,1,-1,-1,-1
133,3,574,558,50,50,1,-1,-1,-1
133,4,440,542,50,50,1,-1,-1,-1
133,5,451,787,50,50,1,-1,-1,-1
134,1,526,1149,50,50,1,-1,-1,-1
134,2,325,1018,50,50,1,-1,-1,-1
134,3,578,591,50,50,1,-1,-1,-1
134,4,433,536,50,50,1,-1,-1,-1
134,5,461,733,50,50,1,-1,-1,-1
135,1,520,1091,50,50,1,-1,-1,-1
135,2,322,1060,50,50,1,-1,-1,-1
135,3,583,632,50,50,1,-1,-1,-1
135,4,424,536,50,50,1,-1,-1,-1
135,5,470,682,50,50,1,-1,-1,-1
136,1,515,1025,50,50,1,-1,-1,-1
136,2,335,1092,50,50,1,-1,-1,-1
136,3,590,677,50,50,1,-1,-1,-1
136,4,413,542,50,50,1,-1,-1,-1
136,5,477,638,50,50,1,-1,-1,-1
137,1,507,959,50,50,1,-1,-1,-1
137,2,350,1128,50,50,1,-1,-1,-1
137,3,597,724,50,50,1,-1,-1,-1
137,4,402,551,50,50,1,-1,-1,-1
137,5,485,604,50,50,1,-1,-1,-1
138,1,498,894,50,50,1,-1,-1,-1
138,2,370,1168,50,50,1,-1,-1,-1
138,3,602,773,50,50,1,-1,-1,-1
138,4,393,565,50,50,1,-1,-1,-1
138,5,495,577,50,50,1,-1,-1,-1
139,1,493,831,50,50,1,-1,-1,-1
139,2,392,1202,50,50,1,-1,-1,-1
139,3,607,826,50,50,1,-1,-1,-1
139,4,386,588,50,50,1,-1,-1,-1
139,5,504,556,50,50,1,-1,-1,-1
140,1,490,776,50,50,1,-1,-1,-1
140,2,399,1204,50,50,1,-1,-1,-1
140,3,609,891,50,50,1,-1,-1,-1
140,4,380,619,50,50,1,-1,-1,-1
140,5,512,535,50,50,1,-1,-1,-1
141,1,485,725,50,50,1,-1,-1,-1
141,2,408,1187,50,50,1,-1,-1,-1
141,3,615,955,50,50,1,-1,-1,-1
141,4,373,653,50,50,1,-1,-1,-1
141,5,520,515,50,50,1,-1,-1,-1
142,1,479,682,50,50,1,-1,-1,-1
142,2,416,1138,50,50,1,-1,-1,-1
142,3,623,1014,50,50,1,-1,-1,-1
142,4,365,692,50,50,1,-1,-1,-1
142,5,528,508,50,50,1,-1,-1,-1
143,1,471,644,50,50,1,-1,-1,-1
143,2,420,1071,50,50,1,-1,-1,-1
143,3,618,1068,50,50,1,-1,-1,-1
143,4,357,736,50,50,1,-1,-1,-1
143,5,537,506,50,50,1,-1,-1,-1
144,1,465,608,50,50,1,-1,-1,-1
144,2,425,998,50,50,1,-1,-1,-1
144,3,602,1117,50,50,1,-1,-1,-1
144,4,349,784,50,50,1,-1,-1,-1
144,5,546,510,50,50,1,-1,-1,-1
145,1,458,579,50,50,1,-1,-1,-1
145,2,430,928,50,50,1,-1,-1,-1
145,3,581,1160,50,50,1,-1,-1,-1
145,4,341,835,50,50,1,-1,-1,-1
145,5,556,521,50,50,1,-1,-1,-1
146,1,451,558,50,50,1,-1,-1,-1
146,2,440,863,50,50,1,-1,-1,-1
146,3,560,1196,50,50,1,-1,-1,-1
146,4,332,889,50,50,1,-1,-1,-1
146,5,566,535,50,50,1,-1,-1,-1
147,1,444,542,50,50,1,-1,-1,-1
147,2,453,806,50,50,1,-1,-1,-1
147,3,544,1182,50,50,1,-1,-1,-1
147,4,324,950,50,50,1,-1,-1,-1
147,5,575,554,50,50,1,-1,-1,-1
148,1,436,533,50,50,1,-1,-1,-1
148,2,465,751,50,50,1,-1,-1,-1
148,3,527,1166,50,50,1,-1,-1,-1
148,4,317,1013,50,50,1,-1,-1,-1
148,5,583,580,50,50,1,-1,-1,-1
149,1,428,528,50,50,1,-1,-1,-1
149,2,475,701,50,50,1,-1,-1,-1
149,3,522,1122,50,50,1,-1,-1,-1
149,4,314,1069,50,50,1,-1,-1,-1
149,5,591,612,50,50,1,-1,-1,-1
150,1,419,527,50,50,1,-1,-1,-1
150,2,479,660,50,50,1,-1,-1,-1
150,3,518,1059,50,50,1,-1,-1,-1
150,4,314,1112,50,50,1,-1,-1,-1
150,5,598,649,50,50,1,-1,-1,-1
151,1,413,533,50,50,1,-1,-1,-1
151,2,484,620,50,50,1,-1,-1,-1
151,3,514,992,50,50,1,-1,-1,-1
151,4,326,1141,50,50,1,-1,-1,-1
151,5,603,692,50,50,1,-1,-1,-1
152,1,408,546,50,50,1,-1,-1,-1
152,2,495,591,50,50,1,-1,-1,-1
152,3,510,925,50,50,1,-1,-1,-1
152,4,347,1176,50,50,1,-1,-1,-1
152,5,609,741,50,50,1,-1,-1,-1
153,1,402,564,50,50,1,-1,-1,-1
153,2,508,568,50,50,1,-1,-1,-1
153,3,507,863,50,50,1,-1,-1,-1
153,4,372,1205,50,50,1,-1,-1,-1
153,5,617,795,50,50,1,-1,-1,-1
154,1,397,588,50,50,1,-1,-1,-1
154,2,515,547,50,50,1,-1,-1,-1
154,3,504,804,50,50,1,-1,-1,-1
154,4,388,1215,50,50,1,-1,-1,-1
154,5,626,853,50,50,1,-1,-1,-1
155,1,389,617,50,50,1,-1,-1,-1
155,2,524,530,50,50,1,-1,-1,-1
155,3,501,747,50,50,1,-1,-1,-1
155,4,404,1201,50,50,1,-1,-1,-1
155,5,634,917,50,50,1,-1,-1,-1
156,1,381,652,50,50,1,-1,-1,-1
156,2,533,519,50,50,1,-1,-1,-1
156,3,498,694,50,50,1,-1,-1,-1
156,4,419,1162,50,50,1,-1,-1,-1
156,5,642,986,50,50,1,-1,-1,-1
157,1,373,689,50,50,1,-1,-1,-1
157,2,543,518,50,50,1,-1,-1,-1
157,3,495,650,50,50,1,-1,-1,-1
157,4,429,1090,50,50,1,-1,-1,-1
157,5,647,1026,50,50,1,-1,-1,-1
158,1,368,733,50,50,1,-1,-1,-1
158,2,553,522,50,50,1,-1,-1,-1
158,3,490,620,50,50,1,-1,-1,-1
158,4,438,1020,50,50,1,-1,-1,-1
158,5,634,1065,50,50,1,-1,-1,-1
159,1,364,787,50,50,1,-1,-1,-1
159,2,563,529,50,50,1,-1,-1,-1
159,3,484,595,50,50,1,-1,-1,-1
159,4,447,954,50,50,1,-1,-1,-1
159,5,612,1103,50,50,1,-1,-1,-1
160,1,357,843,50,50,1,-1,-1,-1
160,2,573,538,50,50,1,-1,-1,-1
160,3,478,570,50,50,1,-1,-1,-1
160,4,456,891,50,50,1,-1,-1,-1
160,5,587,1141,50,50,1,-1,-1,-1
161,1,351,901,50,50,1,-1,-1,-1
161,2,583,557,50,50,1,-1,-1,-1
161,3,473,548,50,50,1,-1,-1,-1
161,4,465,828,50,50,1,-1,-1,-1
161,5,565,1174,50,50,1,-1,-1,-1
162,1,346,963,50,50,1,-1,-1,-1
162,2,589,580,50,50,1,-1,-1,-1
162,3,468,536,50,50,1,-1,-1,-1
162,4,474,770,50,50,1,-1,-1,-1
162,5,553,1181,50,50,1,-1,-1,-1
163,1,340,1025,50,50,1,-1,-1,-1
163,2,596,611,50,50,1,-1,-1,-1
163,3,463,525,50,50,1,-1,-1,-1
163,4,487,716,50,50,1,-1,-1,-1
163,5,547,1151,50,50,1,-1,-1,-1
164,1,338,1076,50,50,1,-1,-1,-1
164,2,605,647,50,50,1,-1,-1,-1
164,3,458,519,50,50,1,-1,-1,-1
164,4,499,665,50,50,1,-1,-1,-1
164,5,544,1105,50,50,1,-1,-1,-1
165,1,343,1114,50,50,1,-1,-1,-1
165,2,614,694,50,50,1,-1,-1,-1
165,3,453,527,50,50,1,-1,-1,-1
165,4,508,629,50,50,1,-1,-1,-1
165,5,540,1039,50,50,1,-1,-1,-1
166,1,361,1150,50,50,1,-1,-1,-1
166,2,623,740,50,50,1,-1,-1,-1
166,3,448,537,50,50,1,-1,-1,-1
166,4,519,600,50,50,1,-1,-1,-1
166,5,536,971,50,50,1,-1,-1,-1
167,1,384,1182,50,50,1,-1,-1,-1
167,2,634,793,50,50,1,-1,-1,-1
167,3,442,549,50,50,1,-1,-1,-1
167,4,528,573,50,50,1,-1,-1,-1
167,5,532,903,50,50,1,-1,-1,-1
168,1,407,1196,50,50,1,-1,-1,-1
168,2,644,848,50,50,1,-1,-1,-1
168,3,436,570,50,50,1,-1,-1,-1
168,4,535,548,50,50,1,-1,-1,-1
168,5,528,836,50,50,1,-1,-1,-1
169,1,426,1177,50,50,1,-1,-1,-1
169,2,654,904,50,50,1,-1,-1,-1
169,3,430,599,50,50,1,-1,-1,-1
169,4,542,530,50,50,1,-1,-1,-1
169,5,522,772,50,50,1,-1,-1,-1
170,1,444,1130,50,50,1,-1,-1,-1
170,2,664,960,50,50,1,-1,-1,-1
170,3,424,634,50,50,1,-1,-1,-1
170,4,550,517,50,50,1,-1,-1,-1
170,5,515,713,50,50,1,-1,-1,-1
171,1,462,1067,50,50,1,-1,-1,-1
171,2,666,1003,50,50,1,-1,-1,-1
171,3,419,675,50,50,1,-1,-1,-1
171,4,559,515,50,50,1,-1,-1,-1
171,5,508,660,50,50,1,-1,-1,-1
172,1,471,997,50,50,1,-1,-1,-1
172,2,664,1048,50,50,1,-1,-1,-1
172,3,415,718,50,50,1,-1,-1,-1
172,4,571,513,50,50,1,-1,-1,-1
172,5,500,618,50,50,1,-1,-1,-1
173,1,479,930,50,50,1,-1,-1,-1
173,2,644,1093,50,50,1,-1,-1,-1
173,3,414,770,50,50,1,-1,-1,-1
173,4,584,514,50,50,1,-1,-1,-1
173,5,492,581,50,50,1,-1,-1,-1
174,1,486,867,50,50,1,-1,-1,-1
174,2,616,1136,50,50,1,-1,-1,-1
174,3,408,827,50,50,1,-1,-1,-1
174,4,594,523,50,50,1,-1,-1,-1
174,5,485,549,50,50,1,-1,-1,-1
175,1,493,805,50,50,1,-1,-1,-1
175,2,596,1167,50,50,1,-1,-1,-1
175,3,402,886,50,50,1,-1,-1,-1
175,4,601,541,50,50,1,-1,-1,-1
175,5,478,518,50,50,1,-1,-1,-1
176,1,503,753,50,50,1,-1,-1,-1
176,2,584,1167,50,50,1,-1,-1,-1
176,3,397,949,50,50,1,-1,-1,-1
176,4,610,564,50,50,1,-1,-1,-1
176,5,473,493,50,50,1,-1,-1,-1
177,1,512,706,50,50,1,-1,-1,-1
177,2,580,1138,50,50,1,-1,-1,-1
177,3,391,1009,50,50,1,-1,-1,-1
177,4,620,591,50,50,1,-1,-1,-1
177,5,468,480,50,50,1,-1,-1,-1
178,1,520,668,50,50,1,-1,-1,-1
178,2,581,1090,50,50,1,-1,-1,-1
178,3,390,1062,50,50,1,-1,-1,-1
178,4,629,623,50,50,1,-1,-1,-1
178,5,462,472,50,50,1,-1,-1,-1
179,1,527,638,50,50,1,-1,-1,-1
179,2,580,1025,50,50,1,-1,-1,-1
179,3,396,1110,50,50,1,-1,-1,-1
179,4,637,658,50,50,1,-1,-1,-1
179,5,455,468,50,50,1,-1,-1,-1
180,1,535,609,50,50,1,-1,-1,-1
180,2,574,960,50,50,1,-1,-1,-1
180,3,404,1151,50,50,1,-1,-1,-1
180,4,645,697,50,50,1,-1,-1,-1
180,5,448,467,50,50,1,-1,-1,-1
181,1,542,584,50,50,1,-1,-1,-1
181,2,567,896,50,50,1,-1,-1,-1
181,3,416,1185,50,50,1,-1,-1,-1
181,4,653,743,50,50,1,-1,-1,-1
181,5,441,470,50,50,1,-1,-1,-1
182,1,550,564,50,50,1,-1,-1,-1
182,2,554,832,50,50,1,-1,-1,-1
182,3,428,1209,50,50,1,-1,-1,-1
182,4,661,793,50,50,1,-1,-1,-1
182,5,435,478,50,50,1,-1,-1,-1
183,1,558,548,50,50,1,-1,-1,-1
183,2,541,768,50,50,1,-1,-1,-1
183,3,438,1220,50,50,1,-1,-1,-1
183,4,669,847,50,50,1,-1,-1,-1
183,5,430,497,50,50,1,-1,-1,-1
184,1,566,542,50,50,1,-1,-1,-1
184,2,531,711,50,50,1,-1,-1,-1
184,3,451,1203,50,50,1,-1,-1,-1
184,4,677,904,50,50,1,-1,-1,-1
184,5,422,527,50,50,1,-1,-1,-1
185,1,576,544,50,50,1,-1,-1,-1
185,2,523,662,50,50,1,-1,-1,-1
185,3,459,1161,50,50,1,-1,-1,-1
185,4,685,949,50,50,1,-1,-1,-1
185,5,412,563,50,50,1,-1,-1,-1
186,1,585,549,50,50,1,-1,-1,-1
186,2,515,619,50,50,1,-1,-1,-1
186,3,477,1083,50,50,1,-1,-1,-1
186,4,682,979,50,50,1,-1,-1,-1
186,5,405,601,50,50,1,-1,-1,-1
187,1,592,558,50,50,1,-1,-1,-1
187,2,507,583,50,50,1,-1,-1,-1
187,3,486,1014,50,50,1,-1,-1,-1
187,4,674,1017,50,50,1,-1,-1,-1
187,5,399,640,50,50,1,-1,-1,-1
188,1,600,571,50,50,1,-1,-1,-1
188,2,498,551,50,50,1,-1,-1,-1
188,3,493,949,50,50,1,-1,-1,-1
188,4,655,1062,50,50,1,-1,-1,-1
188,5,393,683,50,50,1,-1,-1,-1
189,1,609,590,50,50,1,-1,-1,-1
189,2,489,523,50,50,1,-1,-1,-1
189,3,498,883,50,50,1,-1,-1,-1
189,4,630,1112,50,50,1,-1,-1,-1
189,5,386,738,50,50,1,-1,-1,-1
190,1,617,616,50,50,1,-1,-1,-1
190,2,479,503,50,50,1,-1,-1,-1
190,3,502,819,50,50,1,-1,-1,-1
190,4,616,1143,50,50,1,-1,-1,-1
190,5,380,798,50,50,1,-1,-1,-1
191,1,624,646,50,50,1,-1,-1,-1
191,2,469,489,50,50,1,-1,-1,-1
191,3,507,760,50,50,1,-1,-1,-1
191,4,600,1125,50,50,1,-1,-1,-1
191,5,375,861,50,50,1,-1,-1,-1
192,1,631,680,50,50,1,-1,-1,-1
192,2,459,483,50,50,1,-1,-1,-1
192,3,514,705,50,50,1,-1,-1,-1
192,4,597,1077,50,50,1,-1,-1,-1
192,5,370,929,50,50,1,-1,-1,-1
193,1,638,719,50,50,1,-1,-1,-1
193,2,450,480,50,50,1,-1,-1,-1
193,3,522,655,50,50,1,-1,-1,-1
193,4,588,1017,50,50,1,-1,-1,-1
193,5,369,974,50,50,1,-1,-1,-1
194,1,644,763,50,50,1,-1,-1,-1
194,2,440,480,50,50,1,-1,-1,-1
194,3,530,616,50,50,1,-1,-1,-1
194,4,580,953,50,50,1,-1,-1,-1
194,5,373,1009,50,50,1,-1,-1,-1
195,1,650,813,50,50,1,-1,-1,-1
195,2,430,490,50,50,1,-1,-1,-1
195,3,536,586,50,50,1,-1,-1,-1
195,4,571,895,50,50,1,-1,-1,-1
195,5,379,1047,50,50,1,-1,-1,-1
196,1,657,866,50,50,1,-1,-1,-1
196,2,418,504,50,50,1,-1,-1,-1
196,3,538,563,50,50,1,-1,-1,-1
196,4,563,840,50,50,1,-1,-1,-1
196,5,386,1086,50,50,1,-1,-1,-1
197,1,665,922,50,50,1,-1,-1,-1
197,2,406,526,50,50,1,-1,-1,-1
197,3,543,540,50,50,1,-1,-1,-1
197,4,555,787,50,50,1,-1,-1,-1
197,5,397,1137,50,50,1,-1,-1,-1
198,1,674,961,50,50,1,-1,-1,-1
198,2,396,555,50,50,1,-1,-1,-1
198,3,553,519,50,50,1,-1,-1,-1
198,4,547,741,50,50,1,-1,-1,-1
198,5,413,1182,50,50,1,-1,-1,-1
199,1,678,989,50,50,1,-1,-1,-1
199,2,388,589,50,50,1,-1,-1,-1
199,3,562,500,50,50,1,-1,-1,-1
199,4,539,697,50,50,1,-1,-1,-1
199,5,429,1167,50,50,1,-1,-1,-1
200,1,677,1019,50,50,1,-1,-1,-1
200,2,378,627,50,50,1,-1,-1,-1
200,3,567,497,50,50,1,-1,-1,-1
200,4,530,659,50,50,1,-1,-1,-1
200,5,448,1141,50,50,1,-1,-1,-1
201,1,673,1057,50,50,1,-1,-1,-1
201,2,368,672,50,50,1,-1,-1,-1
201,3,573,498,50,50,1,-1,-1,-1
201,4,521,628,50,50,1,-1,-1,-1
201,5,464,1091,50,50,1,-1,-1,-1
202,1,662,1105,50,50,1,-1,-1,-1
202,2,359,718,50,50,1,-1,-1,-1
202,3,579,501,50,50,1,-1,-1,-1
202,4,511,602,50,50,1,-1,-1,-1
202,5,466,1017,50,50,1,-1,-1,-1
203,1,634,1150,50,50,1,-1,-1,-1
203,2,350,769,50,50,1,-1,-1,-1
203,3,586,510,50,50,1,-1,-1,-1
203,4,503,591,50,50,1,-1,-1,-1
203,5,468,943,50,50,1,-1,-1,-1
204,1,603,1183,50,50,1,-1,-1,-1
204,2,342,825,50,50,1,-1,-1,-1
204,3,593,523,50,50,1,-1,-1,-1
204,4,495,579,50,50,1,-1,-1,-1
204,5,473,874,50,50,1,-1,-1,-1
205,1,580,1172,50,50,1,-1,-1,-1
205,2,333,889,50,50,1,-1,-1,-1
205,3,601,546,50,50,1,-1,-1,-1
205,4,488,571,50,50,1,-1,-1,-1
205,5,479,808,50,50,1,-1,-1,-1
206,1,577,1137,50,50,1,-1,-1,-1
206,2,324,957,50,50,1,-1,-1,-1
206,3,610,579,50,50,1,-1,-1,-1
206,4,481,566,50,50,1,-1,-1,-1
206,5,485,758,50,50,1,-1,-1,-1
207,1,570,1092,50,50,1,-1,-1,-1
207,2,317,1017,50,50,1,-1,-1,-1
207,3,618,614,50,50,1,-1,-1,-1
207,4,474,564,50,50,1,-1,-1,-1
207,5,492,714,50,50,1,-1,-1,-1
208,1,564,1032,50,50,1,-1,-1,-1
208,2,319,1062,50,50,1,-1,-1,-1
208,3,627,655,50,50,1,-1,-1,-1
208,4,465,567,50,50,1,-1,-1,-1
208,5,500,675,50,50,1,-1,-1,-1
209,1,555,965,50,50,1,-1,-1,-1
209,2,335,1103,50,50,1,-1,-1,-1
209,3,634,696,50,50,1,-1,-1,-1
209,4,456,578,50,50,1,-1,-1,-1
209,5,505,634,50,50,1,-1,-1,-1
210,1,545,899,50,50,1,-1,-1,-1
210,2,358,1138,50,50,1,-1,-1,-1
210,3,640,739,50,50,1,-1,-1,-1
210,4,447,602,50,50,1,-1,-1,-1
210,5,510,598,50,50,1,-1,-1,-1
211,1,536,840,50,50,1,-1,-1,-1
211,2,379,1176,50,50,1,-1,-1,-1
211,3,643,790,50,50,1,-1,-1,-1
211,4,436,630,50,50,1,-1,-1,-1
211,5,515,564,50,50,1,-1,-1,-1
212,1,527,781,50,50,1,-1,-1,-1
212,2,400,1205,50,50,1,-1,-1,-1
212,3,646,850,50,50,1,-1,-1,-1
212,4,427,663,50,50,1,-1,-1,-1
212,5,524,545,50,50,1,-1,-1,-1
213,1,518,728,50,50,1,-1,-1,-1
213,2,414,1189,50,50,1,-1,-1,-1
213,3,653,907,50,50,1,-1,-1,-1
213,4,420,699,50,50,1,-1,-1,-1
213,5,529,533,50,50,1,-1,-1,-1
214,1,509,678,50,50,1,-1,-1,-1
214,2,428,1155,50,50,1,-1,-1,-1
214,3,660,962,50,50,1,-1,-1,-1
214,4,409,739,50,50,1,-1,-1,-1
214,5,533,524,50,50,1,-1,-1,-1
215,1,499,636,50,50,1,-1,-1,-1
215,2,441,1092,50,50,1,-1,-1,-1
215,3,642,1004,50,50,1,-1,-1,-1
215,4,397,781,50,50,1,-1,-1,-1
215,5,538,519,50,50,1,-1,-1,-1
216,1,488,607,50,50,1,-1,-1,-1
216,2,446,1022,50,50,1,-1,-1,-1
216,3,626,1047,50,50,1,-1,-1,-1
216,4,392,829,50,50,1,-1,-1,-1
216,5,543,517,50,50,1,-1,-1,-1
217,1,479,580,50,50,1,-1,-1,-1
217,2,448,955,50,50,1,-1,-1,-1
217,3,608,1094,50,50,1,-1,-1,-1
217,4,385,881,50,50,1,-1,-1,-1
217,5,549,524,50,50,1,-1,-1,-1
218,1,469,560,50,50,1,-1,-1,-1
218,2,453,891,50,50,1,-1,-1,-1
218,3,583,1147,50,50,1,-1,-1,-1
218,4,377,941,50,50,1,-1,-1,-1
218,5,556,537,50,50,1,-1,-1,-1
219,1,459,545,50,50,1,-1,-1,-1
219,2,458,827,50,50,1,-1,-1,-1
219,3,558,1181,50,50,1,-1,-1,-1
219,4,366,1003,50,50,1,-1,-1,-1
219,5,562,556,50,50,1,-1,-1,-1
220,1,449,531,50,50,1,-1,-1,-1
220,2,463,766,50,50,1,-1,-1,-1
220,3,541,1175,50,50,1,-1,-1,-1
220,4,366,1049,50,50,1,-1,-1,-1
220,5,567,581,50,50,1,-1,-1,-1
221,1,440,522,50,50,1,-1,-1,-1
221,2,467,709,50,50,1,-1,-1,-1
221,3,528,1136,50,50,1,-1,-1,-1
221,4,358,1085,50,50,1,-1,-1,-1
221,5,572,611,50,50,1,-1,-1,-1
222,1,430,525,50,50,1,-1,-1,-1
222,2,471,660,50,50,1,-1,-1,-1
222,3,520,1078,50,50,1,-1,-1,-1
222,4,361,1117,50,50,1,-1,-1,-1
222,5,578,646,50,50,1,-1,-1,-1
223,1,419,536,50,50,1,-1,-1,-1
223,2,475,617,50,50,1,-1,-1,-1
223,3,514,1014,50,50,1,-1,-1,-1
223,4,364,1163,50,50,1,-1,-1,-1
223,5,584,688,50,50,1,-1,-1,-1
224,1,410,547,50,50,1,-1,-1,-1
224,2,480,582,50,50,1,-1,-1,-1
224,3,508,950,50,50,1,-1,-1,-1
224,4,378,1200,50,50,1,-1,-1,-1
224,5,590,733,50,50,1,-1,-1,-1
225,1,397,558,50,50,1,-1,-1,-1
225,2,487,556,50,50,1,-1,-1,-1
225,3,501,887,50,50,1,-1,-1,-1
225,4,393,1216,50,50,1,-1,-1,-1
225,5,596,781,50,50,1,-1,-1,-1
226,1,389,581,50,50,1,-1,-1,-1
226,2,493,534,50,50,1,-1,-1,-1
226,3,492,823,50,50,1,-1,-1,-1
226,4,410,1202,50,50,1,-1,-1,-1
226,5,602,833,50,50,1,-1,-1,-1
227,1,380,612,50,50,1,-1,-1,-1
227,2,499,512,50,50,1,-1,-1,-1
227,3,482,759,50,50,1,-1,-1,-1
227,4,421,1165,50,50,1,-1,-1,-1
227,5,605,895,50,50,1,-1,-1,-1
228,1,369,649,50,50,1,-1,-1,-1
228,2,504,497,50,50,1,-1,-1,-1
228,3,473,709,50,50,1,-1,-1,-1
228,4,429,1103,50,50,1,-1,-1,-1
228,5,609,959,50,50,1,-1,-1,-1
229,1,359,688,50,50,1,-1,-1,-1
229,2,509,485,50,50,1,-1,-1,-1
229,3,466,668,50,50,1,-1,-1,-1
229,4,436,1030,50,50,1,-1,-1,-1
229,5,614,1011,50,50,1,-1,-1,-1
230,1,352,728,50,50,1,-1,-1,-1
230,2,516,485,50,50,1,-1,-1,-1
230,3,459,634,50,50,1,-1,-1,-1
230,4,443,957,50,50,1,-1,-1,-1
230,5,612,1057,50,50,1,-1,-1,-1
231,1,344,778,50,50,1,-1,-1,-1
231,2,522,492,50,50,1,-1,-1,-1
231,3,451,602,50,50,1,-1,-1,-1
231,4,448,890,50,50,1,-1,-1,-1
231,5,589,1104,50,50,1,-1,-1,-1
232,1,336,833,50,50,1,-1,-1,-1
232,2,527,503,50,50,1,-1,-1,-1
232,3,443,573,50,50,1,-1,-1,-1
232,4,452,826,50,50,1,-1,-1,-1
232,5,566,1151,50,50,1,-1,-1,-1
233,1,326,894,50,50,1,-1,-1,-1
233,2,532,516,50,50,1,-1,-1,-1
233,3,434,553,50,50,1,-1,-1,-1
233,4,463,770,50,50,1,-1,-1,-1
233,5,546,1185,50,50,1,-1,-1,-1
234,1,316,960,50,50,1,-1,-1,-1
234,2,537,532,50,50,1,-1,-1,-1
234,3,423,540,50,50,1,-1,-1,-1
234,4,472,720,50,50,1,-1,-1,-1
234,5,533,1191,50,50,1,-1,-1,-1
235,1,310,1022,50,50,1,-1,-1,-1
235,2,542,555,50,50,1,-1,-1,-1
235,3,413,531,50,50,1,-1,-1,-1
235,4,481,671,50,50,1,-1,-1,-1
235,5,524,1174,50,50,1,-1,-1,-1
236,1,314,1066,50,50,1,-1,-1,-1
236,2,548,586,50,50,1,-1,-1,-1
236,3,403,524,50,50,1,-1,-1,-1
236,4,489,628,50,50,1,-1,-1,-1
236,5,515,1140,50,50,1,-1,-1,-1
237,1,328,1106,50,50,1,-1,-1,-1
237,2,555,627,50,50,1,-1,-1,-1
237,3,394,531,50,50,1,-1,-1,-1
237,4,497,592,50,50,1,-1,-1,-1
237,5,509,1049,50,50,1,-1,-1,-1
238,1,350,1146,50,50,1,-1,-1,-1
238,2,563,671,50,50,1,-1,-1,-1
238,3,385,546,50,50,1,-1,-1,-1
238,4,505,562,50,50,1,-1,-1,-1
238,5,500,986,50,50,1,-1,-1,-1
239,1,371,1184,50,50,1,-1,-1,-1
239,2,570,720,50,50,1,-1,-1,-1
239,3,375,560,50,50,1,-1,-1,-1
239,4,512,540,50,50,1,-1,-1,-1
239,5,499,922,50,50,1,-1,-1,-1
240,1,389,1205,50,50,1,-1,-1,-1
240,2,574,774,50,50,1,-1,-1,-1
240,3,364,579,50,50,1,-1,-1,-1
240,4,519,521,50,50,1,-1,-1,-1
240,5,495,861,50,50,1,-1,-1,-1
241,1,402,1199,50,50,1,-1,-1,-1
241,2,577,830,50,50,1,-1,-1,-1
241,3,353,600,50,50,1,-1,-1,-1
241,4,527,505,50,50,1,-1,-1,-1
241,5,490,799,50,50,1,-1,-1,-1
242,1,415,1169,50,50,1,-1,-1,-1
242,2,581,889,50,50,1,-1,-1,-1
242,3,343,625,50,50,1,-1,-1,-1
242,4,536,497,50,50,1,-1,-1,-1
242,5,484,744,50,50,1,-1,-1,-1
243,1,423,1116,50,50,1,-1,-1,-1
243,2,586,948,50,50,1,-1,-1,-1
243,3,336,666,50,50,1,-1,-1,-1
243,4,544,492,50,50,1,-1,-1,-1
243,5,479,696,50,50,1,-1,-1,-1
244,1,428,1042,50,50,1,-1,-1,-1
244,2,590,994,50,50,1,-1,-1,-1
244,3,329,712,50,50,1,-1,-1,-1
244,4,552,492,50,50,1,-1,-1,-1
244,5,474,649,50,50,1,-1,-1,-1
245,1,434,968,50,50,1,-1,-1,-1
245,2,587,1036,50,50,1,-1,-1,-1
245,3,321,760,50,50,1,-1,-1,-1
245,4,560,502,50,50,1,-1,-1,-1
245,5,469,608,50,50,1,-1,-1,-1
246,1,439,898,50,50,1,-1,-1,-1
246,2,581,1084,50,50,1,-1,-1,-1
246,3,312,812,50,50,1,-1,-1,-1
246,4,567,521,50,50,1,-1,-1,-1
246,5,461,574,50,50,1,-1,-1,-1
247,1,446,831,50,50,1,-1,-1,-1
247,2,573,1134,50,50,1,-1,-1,-1
247,3,302,869,50,50,1,-1,-1,-1
247,4,574,542,50,50,1,-1,-1,-1
247,5,456,551,50,50,1,-1,-1,-1
248,1,455,769,50,50,1,-1,-1,-1
248,2,560,1170,50,50,1,-1,-1,-1
248,3,292,930,50,50,1,-1,-1,-1
248,4,581,569,50,50,1,-1,-1,-1
248,5,450,529,50,50,1,-1,-1,-1
249,1,464,717,50,50,1,-1,-1,-1
249,2,546,1164,50,50,1,-1,-1,-1
249,3,282,993,50,50,1,-1,-1,-1
249,4,589,599,50,50,1,-1,-1,-1
249,5,443,511,50,50,1,-1,-1,-1
250,1,473,670,50,50,1,-1,-1,-1
250,2,540,1128,50,50,1,-1,-1,-1
250,3,281,1044,50,50,1,-1,-1,-1
250,4,597,634,50,50,1,-1,-1,-1
250,5,437,502,50,50,1,-1,-1,-1
251,1,480,629,50,50,1,-1,-1,-1
251,2,539,1078,50,50,1,-1,-1,-1
251,3,290,1085,50,50,1,-1,-1,-1
251,4,604,672,50,50,1,-1,-1,-1
251,5,431,496,50,50,1,-1,-1,-1
252,1,487,590,50,50,1,-1,-1,-1
252,2,534,1013,50,50,1,-1,-1,-1
252,3,300,1114,50,50,1,-1,-1,-1
252,4,610,716,50,50,1,-1,-1,-1
252,5,424,497,50,50,1,-1,-1,-1
253,1,495,558,50,50,1,-1,-1,-1
253,2,528,948,50,50,1,-1,-1,-1
253,3,332,1146,50,50,1,-1,-1,-1
253,4,615,768,50,50,1,-1,-1,-1
253,5,416,506,50,50,1,-1,-1,-1
254,1,504,532,50,50,1,-1,-1,-1
254,2,520,884,50,50,1,-1,-1,-1
254,3,357,1181,50,50,1,-1,-1,-1
254,4,620,826,50,50,1,-1,-1,-1
254,5,407,519,50,50,1,-1,-1,-1
255,1,512,514,50,50,1,-1,-1,-1
255,2,514,823,50,50,1,-1,-1,-1
255,3,375,1209,50,50,1,-1,-1,-1
255,4,626,887,50,50,1,-1,-1,-1
255,5,400,536,50,50,1,-1,-1,-1
256,1,519,499,50,50,1,-1,-1,-1
256,2,509,763,50,50,1,-1,-1,-1
256,3,397,1218,50,50,1,-1,-1,-1
256,4,637,946,50,50,1,-1,-1,-1
256,5,395,556,50,50,1,-1,-1,-1
257,1,526,488,50,50,1,-1,-1,-1
257,2,503,708,50,50,1,-1,-1,-1
257,3,411,1203,50,50,1,-1,-1,-1
257,4,648,986,50,50,1,-1,-1,-1
257,5,389,588,50,50,1,-1,-1,-1
258,1,534,484,50,50,1,-1,-1,-1
258,2,494,662,50,50,1,-1,-1,-1
258,3,429,1165,50,50,1,-1,-1,-1
258,4,653,1019,50,50,1,-1,-1,-1
258,5,383,626,50,50,1,-1,-1,-1
259,1,543,486,50,50,1,-1,-1,-1
259,2,486,622,50,50,1,-1,-1,-1
259,3,436,1103,50,50,1,-1,-1,-1
259,4,646,1061,50,50,1,-1,-1,-1
259,5,377,667,50,50,1,-1,-1,-1
260,1,551,496,50,50,1,-1,-1,-1
260,2,479,591,50,50,1,-1,-1,-1
260,3,442,1033,50,50,1,-1,-1,-1
260,4,629,1106,50,50,1,-1,-1,-1
260,5,375,718,50,50,1,-1,-1,-1
261,1,558,508,50,50,1,-1,-1,-1
261,2,472,561,50,50,1,-1,-1,-1
261,3,447,958,50,50,1,-1,-1,-1
261,4,601,1147,50,50,1,-1,-1,-1
261,5,368,773,50,50,1,-1,-1,-1
262,1,565,526,50,50,1,-1,-1,-1
262,2,465,534,50,50,1,-1,-1,-1
262,3,458,880,50,50,1,-1,-1,-1
262,4,573,1179,50,50,1,-1,-1,-1
262,5,362,833,50,50,1,-1,-1,-1
263,1,570,552,50,50,1,-1,-1,-1
263,2,458,510,50,50,1,-1,-1,-1
263,3,467,820,50,50,1,-1,-1,-1
263,4,552,1192,50,50,1,-1,-1,-1
263,5,357,895,50,50,1,-1,-1,-1
264,1,578,584,50,50,1,-1,-1,-1
264,2,452,508,50,50,1,-1,-1,-1
264,3,476,762,50,50,1,-1,-1,-1
264,4,543,1169,50,50,1,-1,-1,-1
264,5,351,958,50,50,1,-1,-1,-1
265,1,586,622,50,50,1,-1,-1,-1
265,2,446,506,50,50,1,-1,-1,-1
265,3,484,709,50,50,1,-1,-1,-1
265,4,536,1123,50,50,1,-1,-1,-1
265,5,346,1008,50,50,1,-1,-1,-1
266,1,594,663,50,50,1,-1,-1,-1
266,2,439,507,50,50,1,-1,-1,-1
266,3,491,664,50,50,1,-1,-1,-1
266,4,534,1063,50,50,1,-1,-1,-1
266,5,346,1045,50,50,1,-1,-1,-1
267,1,602,710,50,50,1,-1,-1,-1
267,2,432,510,50,50,1,-1,-1,-1
267,3,498,623,50,50,1,-1,-1,-1
267,4,530,998,50,50,1,-1,-1,-1
267,5,352,1088,50,50,1,-1,-1,-1
268,1,610,764,50,50,1,-1,-1,-1
268,2,425,521,50,50,1,-1,-1,-1
268,3,506,585,50,50,1,-1,-1,-1
268,4,526,933,50,50,1,-1,-1,-1
268,5,361,1137,50,50,1,-1,-1,-1
269,1,616,822,50,50,1,-1,-1,-1
269,2,418,538,50,50,1,-1,-1,-1
269,3,518,556,50,50,1,-1,-1,-1
269,4,521,869,50,50,1,-1,-1,-1
269,5,377,1178,50,50,1,-1,-1,-1
270,1,623,882,50,50,1,-1,-1,-1
270,2,411,563,50,50,1,-1,-1,-1
270,3,527,536,50,50,1,-1,-1,-1
270,4,516,807,50,50,1,-1,-1,-1
270,5,396,1200,50,50,1,-1,-1,-1
271,1,630,948,50,50,1,-1,-1,-1
271,2,404,596,50,50,1,-1,-1,-1
271,3,537,521,50,50,1,-1,-1,-1
271,4,511,747,50,50,1,-1,-1,-1
271,5,414,1190,50,50,1,-1,-1,-1
272,1,638,1008,50,50,1,-1,-1,-1
272,2,397,634,50,50,1,-1,-1,-1
272,3,544,508,50,50,1,-1,-1,-1
272,4,506,690,50,50,1,-1,-1,-1
272,5,429,1147,50,50,1,-1,-1,-1
273,1,640,1050,50,50,1,-1,-1,-1
273,2,389,676,50,50,1,-1,-1,-1
273,3,551,499,50,50,1,-1,-1,-1
273,4,501,653,50,50,1,-1,-1,-1
273,5,439,1087,50,50,1,-1,-1,-1
274,1,623,1092,50,50,1,-1,-1,-1
274,2,381,720,50,50,1,-1,-1,-1
274,3,560,496,50,50,1,-1,-1,-1
274,4,495,626,50,50,1,-1,-1,-1
274,5,447,1014,50,50,1,-1,-1,-1
275,1,597,1132,50,50,1,-1,-1,-1
275,2,375,771,50,50,1,-1,-1,-1
275,3,570,500,50,50,1,-1,-1,-1
275,4,490,599,50,50,1,-1,-1,-1
275,5,455,938,50,50,1,-1,-1,-1
276,1,581,1171,50,50,1,-1,-1,-1
276,2,371,829,50,50,1,-1,-1,-1
276,3,579,510,50,50,1,-1,-1,-1
276,4,482,572,50,50,1,-1,-1,-1
276,5,462,865,50,50,1,-1,-1,-1
277,1,565,1192,50,50,1,-1,-1,-1
277,2,366,894,50,50,1,-1,-1,-1
277,3,588,526,50,50,1,-1,-1,-1
277,4,473,550,50,50,1,-1,-1,-1
277,5,468,809,50,50,1,-1,-1,-1
278,1,559,1188,50,50,1,-1,-1,-1
278,2,357,963,50,50,1,-1,-1,-1
278,3,595,551,50,50,1,-1,-1,-1
278,4,469,533,50,50,1,-1,-1,-1
278,5,474,753,50,50,1,-1,-1,-1
279,1,555,1157,50,50,1,-1,-1,-1
279,2,351,1027,50,50,1,-1,-1,-1
279,3,603,582,50,50,1,-1,-1,-1
279,4,465,524,50,50,1,-1,-1,-1
279,5,480,707,50,50,1,-1,-1,-1
280,1,555,1100,50,50,1,-1,-1,-1
280,2,353,1065,50,50,1,-1,-1,-1
280,3,612,616,50,50,1,-1,-1,-1
280,4,459,524,50,50,1,-1,-1,-1
280,5,489,666,50,50,1,-1,-1,-1
281,1,554,1038,50,50,1,-1,-1,-1
281,2,362,1096,50,50,1,-1,-1,-1
281,3,621,652,50,50,1,-1,-1,-1
281,4,451,528,50,50,1,-1,-1,-1
281,5,497,624,50,50,1,-1,-1,-1
282,1,550,971,50,50,1,-1,-1,-1
282,2,378,1127,50,50,1,-1,-1,-1
282,3,629,694,50,50,1,-1,-1,-1
282,4,444,532,50,50,1,-1,-1,-1
282,5,506,582,50,50,1,-1,-1,-1
283,1,544,903,50,50,1,-1,-1,-1
283,2,393,1162,50,50,1,-1,-1,-1
283,3,634,738,50,50,1,-1,-1,-1
283,4,439,547,50,50,1,-1,-1,-1
283,5,515,550,50,50,1,-1,-1,-1
284,1,536,836,50,50,1,-1,-1,-1
284,2,407,1197,50,50,1,-1,-1,-1
284,3,642,794,50,50,1,-1,-1,-1
284,4,433,573,50,50,1,-1,-1,-1
284,5,526,528,50,50,1,-1,-1,-1
285,1,529,774,50,50,1,-1,-1,-1
285,2,418,1214,50,50,1,-1,-1,-1
285,3,651,858,50,50,1,-1,-1,-1
285,4,427,602,50,50,1,-1,-1,-1
285,5,532,510,50,50,1,-1,-1,-1
286,1,524,717,50,50,1,-1,-1,-1
286,2,427,1207,50,50,1,-1,-1,-1
286,3,658,924,50,50,1,-1,-1,-1
286,4,420,629,50,50,1,-1,-1,-1
286,5,540,498,50,50,1,-1,-1,-1
287,1,520,669,50,50,1,-1,-1,-1
287,2,439,1163,50,50,1,-1,-1,-1
287,3,664,982,50,50,1,-1,-1,-1
287,4,413,661,50,50,1,-1,-1,-1
287,5,547,494,50,50,1,-1,-1,-1
288,1,516,632,50,50,1,-1,-1,-1
288,2,448,1090,50,50,1,-1,-1,-1
288,3,661,1024,50,50,1,-1,-1,-1
288,4,407,704,50,50,1,-1,-1,-1
288,5,555,497,50,50,1,-1,-1,-1
289,1,510,598,50,50,1,-1,-1,-1
289,2,457,1018,50,50,1,-1,-1,-1
289,3,642,1064,50,50,1,-1,-1,-1
289,4,400,752,50,50,1,-1,-1,-1
289,5,563,502,50,50,1,-1,-1,-1
290,1,504,566,50,50,1,-1,-1,-1
290,2,465,951,50,50,1,-1,-1,-1
290,3,618,1110,50,50,1,-1,-1,-1
290,4,395,806,50,50,1,-1,-1,-1
290,5,571,511,50,50,1,-1,-1,-1
291,1,499,544,50,50,1,-1,-1,-1
291,2,472,889,50,50,1,-1,-1,-1
291,3,588,1157,50,50,1,-1,-1,-1
291,4,390,865,50,50,1,-1,-1,-1
291,5,579,524,50,50,1,-1,-1,-1
292,1,492,526,50,50,1,-1,-1,-1
292,2,480,823,50,50,1,-1,-1,-1
292,3,559,1192,50,50,1,-1,-1,-1
292,4,384,931,50,50,1,-1,-1,-1
292,5,584,549,50,50,1,-1,-1,-1
293,1,484,512,50,50,1,-1,-1,-1
293,2,489,760,50,50,1,-1,-1,-1
293,3,546,1191,50,50,1,-1,-1,-1
293,4,380,992,50,50,1,-1,-1,-1
293,5,590,583,50,50,1,-1,-1,-1
294,1,480,500,50,50,1,-1,-1,-1
294,2,501,705,50,50,1,-1,-1,-1
294,3,540,1155,50,50,1,-1,-1,-1
294,4,376,1044,50,50,1,-1,-1,-1
294,5,598,621,50,50,1,-1,-1,-1
295,1,476,494,50,50,1,-1,-1,-1
295,2,510,657,50,50,1,-1,-1,-1
295,3,538,1104,50,50,1,-1,-1,-1
295,4,375,1093,50,50,1,-1,-1,-1
295,5,608,659,50,50,1,-1,-1,-1
296,1,470,504,50,50,1,-1,-1,-1
296,2,517,618,50,50,1,-1,-1,-1
296,3,534,1034,50,50,1,-1,-1,-1
296,4,380,1132,50,50,1,-1,-1,-1
296,5,618,700,50,50,1,-1,-1,-1
297,1,462,517,50,50,1,-1,-1,-1
297,2,525,583,50,50,1,-1,-1,-1
297,3,529,964,50,50,1,-1,-1,-1
297,4,389,1170,50,50,1,-1,-1,-1
297,5,626,749,50,50,1,-1,-1,-1
298,1,453,534,50,50,1,-1,-1,-1
298,2,533,549,50,50,1,-1,-1,-1
298,3,524,896,50,50,1,-1,-1,-1
298,4,403,1198,50,50,1,-1,-1,-1
298,5,633,803,50,50,1,-1,-1,-1
299,1,449,555,50,50,1,-1,-1,-1
299,2,541,523,50,50,1,-1,-1,-1
299,3,520,834,50,50,1,-1,-1,-1
299,4,416,1216,50,50,1,-1,-1,-1
299,5,639,864,50,50,1,-1,-1,-1
300,1,445,582,50,50,1,-1,-1,-1
300,2,548,507,50,50,1,-1,-1,-1
300,3,513,773,50,50,1,-1,-1,-1
300,4,428,1218,50,50,1,-1,-1,-1
300,5,645,929,50,50,1,-1,-1,-1
301,1,438,618,50,50,1,-1,-1,-1
301,2,555,495,50,50,1,-1,-1,-1
301,3,506,718,50,50,1,-1,-1,-1
301,4,443,1189,50,50,1,-1,-1,-1
301,5,652,984,50,50,1,-1,-1,-1
302,1,432,657,50,50,1,-1,-1,-1
302,2,565,486,50,50,1,-1,-1,-1
302,3,499,673,50,50,1,-1,-1,-1
302,4,456,1138,50,50,1,-1,-1,-1
302,5,655,1028,50,50,1,-1,-1,-1
303,1,427,702,50,50,1,-1,-1,-1
303,2,575,480,50,50,1,-1,-1,-1
303,3,493,631,50,50,1,-1,-1,-1
303,4,461,1062,50,50,1,-1,-1,-1
303,5,646,1069,50,50,1,-1,-1,-1
304,1,422,748,50,50,1,-1,-1,-1
304,2,585,483,50,50,1,-1,-1,-1
304,3,489,597,50,50,1,-1,-1,-1
304,4,466,986,50,50,1,-1,-1,-1
304,5,628,1117,50,50,1,-1,-1,-1
305,1,414,798,50,50,1,-1,-1,-1
305,2,594,495,50,50,1,-1,-1,-1
305,3,486,569,50,50,1,-1,-1,-1
305,4,471,915,50,50,1,-1,-1,-1
305,5,608,1162,50,50,1,-1,-1,-1
306,1,411,859,50,50,1,-1,-1,-1
306,2,604,512,50,50,1,-1,-1,-1
306,3,483,542,50,50,1,-1,-1,-1
306,4,484,843,50,50,1,-1,-1,-1
306,5,588,1190,50,50,1,-1,-1,-1
307,1,410,922,50,50,1,-1,-1,-1
307,2,614,536,50,50,1,-1,-1,-1
307,3,478,523,50,50,1,-1,-1,-1
307,4,494,787,50,50,1,-1,-1,-1
307,5,581,1191,50,50,1,-1,-1,-1
308,1,404,982,50,50,1,-1,-1,-1
308,2,624,561,50,50,1,-1,-1,-1
308,3,474,510,50,50,1,-1,-1,-1
308,4,503,737,50,50,1,-1,-1,-1
308,5,575,1164,50,50,1,-1,-1,-1
309,1,400,1032,50,50,1,-1,-1,-1
309,2,631,590,50,50,1,-1,-1,-1
309,3,469,504,50,50,1,-1,-1,-1
309,4,510,693,50,50,1,-1,-1,-1
309,5,566,1112,50,50,1,-1,-1,-1
310,1,399,1075,50,50,1,-1,-1,-1
310,2,636,631,50,50,1,-1,-1,-1
310,3,463,503,50,50,1,-1,-1,-1
310,4,516,653,50,50,1,-1,-1,-1
310,5,565,1038,50,50,1,-1,-1,-1
311,1,401,1119,50,50,1,-1,-1,-1
311,2,641,672,50,50,1,-1,-1,-1
311,3,458,507,50,50,1,-1,-1,-1
311,4,522,616,50,50,1,-1,-1,-1
311,5,563,963,50,50,1,-1,-1,-1
312,1,409,1164,50,50,1,-1,-1,-1
312,2,650,721,50,50,1,-1,-1,-1
312,3,453,517,50,50,1,-1,-1,-1
312,4,530,583,50,50,1,-1,-1,-1
312,5,557,892,50,50,1,-1,-1,-1
313,1,423,1201,50,50,1,-1,-1,-1
313,2,659,775,50,50,1,-1,-1,-1
313,3,446,534,50,50,1,-1,-1,-1
313,4,539,560,50,50,1,-1,-1,-1
313,5,549,834,50,50,1,-1,-1,-1
314,1,431,1202,50,50,1,-1,-1,-1
314,2,668,831,50,50,1,-1,-1,-1
314,3,436,562,50,50,1,-1,-1,-1
314,4,548,542,50,50,1,-1,-1,-1
314,5,541,777,50,50,1,-1,-1,-1
315,1,443,1185,50,50,1,-1,-1,-1
315,2,676,894,50,50,1,-1,-1,-1
315,3,428,590,50,50,1,-1,-1,-1
315,4,558,526,50,50,1,-1,-1,-1
315,5,532,720,50,50,1,-1,-1,-1
316,1,457,1145,50,50,1,-1,-1,-1
316,2,684,954,50,50,1,-1,-1,-1
316,3,424,622,50,50,1,-1,-1,-1
316,4,567,512,50,50,1,-1,-1,-1
316,5,523,665,50,50,1,-1,-1,-1
317,1,476,1080,50,50,1,-1,-1,-1
317,2,689,1001,50,50,1,-1,-1,-1
317,3,420,659,50,50,1,-1,-1,-1
317,4,575,509,50,50,1,-1,-1,-1
317,5,513,614,50,50,1,-1,-1,-1
318,1,486,1006,50,50,1,-1,-1,-1
318,2,676,1046,50,50,1,-1,-1,-1
318,3,416,704,50,50,1,-1,-1,-1
318,4,584,516,50,50,1,-1,-1,-1
318,5,503,576,50,50,1,-1,-1,-1
319,1,490,936,50,50,1,-1,-1,-1
319,2,652,1089,50,50,1,-1,-1,-1
319,3,411,755,50,50,1,-1,-1,-1
319,4,594,527,50,50,1,-1,-1,-1
319,5,495,544,50,50,1,-1,-1,-1
320,1,499,869,50,50,1,-1,-1,-1
320,2,621,1133,50,50,1,-1,-1,-1
320,3,405,811,50,50,1,-1,-1,-1
320,4,604,541,50,50,1,-1,-1,-1
320,5,487,520,50,50,1,-1,-1,-1
321,1,508,802,50,50,1,-1,-1,-1
321,2,593,1166,50,50,1,-1,-1,-1
321,3,400,870,50,50,1,-1,-1,-1
321,4,612,558,50,50,1,-1,-1,-1
321,5,479,500,50,50,1,-1,-1,-1
322,1,517,744,50,50,1,-1,-1,-1
322,2,581,1173,50,50,1,-1,-1,-1
322,3,396,935,50,50,1,-1,-1,-1
322,4,618,584,50,50,1,-1,-1,-1
322,5,471,483,50,50,1,-1,-1,-1
323,1,524,700,50,50,1,-1,-1,-1
323,2,569,1159,50,50,1,-1,-1,-1
323,3,392,1001,50,50,1,-1,-1,-1
323,4,623,613,50,50,1,-1,-1,-1
323,5,462,474,50,50,1,-1,-1,-1
324,1,532,658,50,50,1,-1,-1,-1
324,2,561,1107,50,50,1,-1,-1,-1
324,3,386,1056,50,50,1,-1,-1,-1
324,4,628,647,50,50,1,-1,-1,-1
324,5,452,470,50,50,1,-1,-1,-1
325,1,540,618,50,50,1,-1,-1,-1
325,2,559,1042,50,50,1,-1,-1,-1
325,3,387,1106,50,50,1,-1,-1,-1
325,4,638,688,50,50,1,-1,-1,-1
325,5,442,468,50,50,1,-1,-1,-1
326,1,549,586,50,50,1,-1,-1,-1
326,2,555,974,50,50,1,-1,-1,-1
326,3,392,1151,50,50,1,-1,-1,-1
326,4,649,733,50,50,1,-1,-1,-1
326,5,432,471,50,50,1,-1,-1,-1
327,1,559,562,50,50,1,-1,-1,-1
327,2,551,906,50,50,1,-1,-1,-1
327,3,406,1190,50,50,1,-1,-1,-1
327,4,657,783,50,50,1,-1,-1,-1
327,5,424,482,50,50,1,-1,-1,-1
328,1,569,543,50,50,1,-1,-1,-1
328,2,545,838,50,50,1,-1,-1,-1
328,3,419,1211,50,50,1,-1,-1,-1
328,4,664,838,50,50,1,-1,-1,-1
328,5,417,505,50,50,1,-1,-1,-1
329,1,579,527,50,50,1,-1,-1,-1
329,2,537,774,50,50,1,-1,-1,-1
329,3,429,1214,50,50,1,-1,-1,-1
329,4,673,899,50,50,1,-1,-1,-1
329,5,406,531,50,50,1,-1,-1,-1
330,1,588,515,50,50,1,-1,-1,-1
330,2,528,719,50,50,1,-1,-1,-1
330,3,438,1188,50,50,1,-1,-1,-1
330,4,680,964,50,50,1,-1,-1,-1
330,5,397,563,50,50,1,-1,-1,-1
331,1,597,512,50,50,1,-1,-1,-1
331,2,519,674,50,50,1,-1,-1,-1
331,3,442,1141,50,50,1,-1,-1,-1
331,4,682,993,50,50,1,-1,-1,-1
331,5,389,598,50,50,1,-1,-1,-1
332,1,607,513,50,50,1,-1,-1,-1
332,2,511,634,50,50,1,-1,-1,-1
332,3,450,1075,50,50,1,-1,-1,-1
332,4,680,1036,50,50,1,-1,-1,-1
332,5,380,636,50,50,1,-1,-1,-1
333,1,618,519,50,50,1,-1,-1,-1
333,2,506,598,50,50,1,-1,-1,-1
333,3,460,1002,50,50,1,-1,-1,-1
333,4,658,1085,50,50,1,-1,-1,-1
333,5,372,678,50,50,1,-1,-1,-1
334,1,626,538,50,50,1,-1,-1,-1
334,2,501,571,50,50,1,-1,-1,-1
334,3,470,929,50,50,1,-1,-1,-1
334,4,637,1127,50,50,1,-1,-1,-1
334,5,363,732,50,50,1,-1,-1,-1
335,1,635,558,50,50,1,-1,-1,-1
335,2,495,547,50,50,1,-1,-1,-1
335,3,476,864,50,50,1,-1,-1,-1
335,4,615,1161,50,50,1,-1,-1,-1
335,5,354,791,50,50,1,-1,-1,-1
336,1,643,582,50,50,1,-1,-1,-1
336,2,487,527,50,50,1,-1,-1,-1
336,3,482,800,50,50,1,-1,-1,-1
336,4,605,1166,50,50,1,-1,-1,-1
336,5,346,855,50,50,1,-1,-1,-1
337,1,651,610,50,50,1,-1,-1,-1
337,2,478,509,50,50,1,-1,-1,-1
337,3,488,736,50,50,1,-1,-1,-1
337,4,596,1141,50,50,1,-1,-1,-1
337,5,339,921,50,50,1,-1,-1,-1
338,1,658,642,50,50,1,-1,-1,-1
338,2,469,500,50,50,1,-1,-1,-1
338,3,494,680,50,50,1,-1,-1,-1
338,4,591,1087,50,50,1,-1,-1,-1
338,5,330,982,50,50,1,-1,-1,-1
339,1,666,681,50,50,1,-1,-1,-1
339,2,460,502,50,50,1,-1,-1,-1
339,3,501,630,50,50,1,-1,-1,-1
339,4,581,1018,50,50,1,-1,-1,-1
339,5,327,1038,50,50,1,-1,-1,-1
340,1,675,728,50,50,1,-1,-1,-1
340,2,452,510,50,50,1,-1,-1,-1
340,3,508,590,50,50,1,-1,-1,-1
340,4,571,949,50,50,1,-1,-1,-1
340,5,330,1089,50,50,1,-1,-1,-1
341,1,684,781,50,50,1,-1,-1,-1
341,2,443,520,50,50,1,-1,-1,-1
341,3,515,556,50,50,1,-1,-1,-1
341,4,560,891,50,50,1,-1,-1,-1
341,5,343,1135,50,50,1,-1,-1,-1
342,1,692,839,50,50,1,-1,-1,-1
342,2,435,532,50,50,1,-1,-1,-1
342,3,522,528,50,50,1,-1,-1,-1
342,4,550,835,50,50,1,-1,-1,-1
342,5,365,1178,50,50,1,-1,-1,-1
343,1,700,899,50,50,1,-1,-1,-1
343,2,428,552,50,50,1,-1,-1,-1
343,3,529,504,50,50,1,-1,-1,-1
343,4,542,781,50,50,1,-1,-1,-1
343,5,389,1211,50,50,1,-1,-1,-1
344,1,708,962,50,50,1,-1,-1,-1
344,2,423,577,50,50,1,-1,-1,-1
344,3,537,482,50,50,1,-1,-1,-1
344,4,533,734,50,50,1,-1,-1,-1
344,5,405,1218,50,50,1,-1,-1,-1
345,1,711,1004,50,50,1,-1,-1,-1
345,2,419,610,50,50,1,-1,-1,-1
345,3,545,466,50,50,1,-1,-1,-1
345,4,524,690,50,50,1,-1,-1,-1
345,5,418,1196,50,50,1,-1,-1,-1
346,1,703,1044,50,50,1,-1,-1,-1
346,2,411,649,50,50,1,-1,-1,-1
346,3,554,462,50,50,1,-1,-1,-1
346,4,514,654,50,50,1,-1,-1,-1
346,5,432,1149,50,50,1,-1,-1,-1
347,1,677,1081,50,50,1,-1,-1,-1
347,2,403,693,50,50,1,-1,-1,-1
347,3,564,469,50,50,1,-1,-1,-1
347,4,503,621,50,50,1,-1,-1,-1
347,5,450,1081,50,50,1,-1,-1,-1
348,1,654,1119,50,50,1,-1,-1,-1
348,2,395,740,50,50,1,-1,-1,-1
348,3,572,471,50,50,1,-1,-1,-1
348,4,491,591,50,50,1,-1,-1,-1
348,5,461,1004,50,50,1,-1,-1,-1
349,1,627,1157,50,50,1,-1,-1,-1
349,2,386,792,50,50,1,-1,-1,-1
349,3,577,478,50,50,1,-1,-1,-1
349,4,481,576,50,50,1,-1,-1,-1
349,5,464,930,50,50,1,-1,-1,-1
350,1,598,1188,50,50,1,-1,-1,-1
350,2,380,852,50,50,1,-1,-1,-1
350,3,581,494,50,50,1,-1,-1,-1
350,4,470,565,50,50,1,-1,-1,-1
350,5,467,861,50,50,1,-1,-1,-1
351,1,582,1189,50,50,1,-1,-1,-1
351,2,373,917,50,50,1,-1,-1,-1
351,3,587,515,50,50,1,-1,-1,-1
351,4,459,556,50,50,1,-1,-1,-1
351,5,474,801,50,50,1,-1,-1,-1
352,1,568,1156,50,50,1,-1,-1,-1
352,2,364,982,50,50,1,-1,-1,-1
352,3,594,544,50,50,1,-1,-1,-1
352,4,449,552,50,50,1,-1,-1,-1
352,5,482,748,50,50,1,-1,-1,-1
353,1,563,1112,50,50,1,-1,-1,-1
353,2,359,1034,50,50,1,-1,-1,-1
353,3,602,577,50,50,1,-1,-1,-1
353,4,439,553,50,50,1,-1,-1,-1
353,5,491,699,50,50,1,-1,-1,-1
354,1,557,1048,50,50,1,-1,-1,-1
354,2,359,1083,50,50,1,-1,-1,-1
354,3,610,615,50,50,1,-1,-1,-1
354,4,428,560,50,50,1,-1,-1,-1
354,5,500,656,50,50,1,-1,-1,-1
355,1,544,975,50,50,1,-1,-1,-1
355,2,367,1125,50,50,1,-1,-1,-1
355,3,616,657,50,50,1,-1,-1,-1
355,4,417,573,50,50,1,-1,-1,-1
355,5,509,616,50,50,1,-1,-1,-1
356,1,535,904,50,50,1,-1,-1,-1
356,2,383,1172,50,50,1,-1,-1,-1
356,3,621,703,50,50,1,-1,-1,-1
356,4,405,590,50,50,1,-1,-1,-1
356,5,515,587,50,50,1,-1,-1,-1
357,1,527,845,50,50,1,-1,-1,-1
357,2,400,1205,50,50,1,-1,-1,-1
357,3,626,756,50,50,1,-1,-1,-1
357,4,392,615,50,50,1,-1,-1,-1
357,5,521,562,50,50,1,-1,-1,-1
358,1,521,790,50,50,1,-1,-1,-1
358,2,410,1196,50,50,1,-1,-1,-1
358,3,632,814,50,50,1,-1,-1,-1
358,4,381,650,50,50,1,-1,-1,-1
358,5,528,538,50,50,1,-1,-1,-1
359,1,513,738,50,50,1,-1,-1,-1
359,2,422,1169,50,50,1,-1,-1,-1
359,3,640,874,50,50,1,-1,-1,-1
359,4,373,690,50,50,1,-1,-1,-1
359,5,535,517,50,50,1,-1,-1,-1
360,1,504,688,50,50,1,-1,-1,-1
360,2,433,1113,50,50,1,-1,-1,-1
360,3,648,933,50,50,1,-1,-1,-1
360,4,365,732,50,50,1,-1,-1,-1
360,5,543,505,50,50,1,-1,-1,-1
361,1,496,647,50,50,1,-1,-1,-1
361,2,440,1042,50,50,1,-1,-1,-1
361,3,647,976,50,50,1,-1,-1,-1
361,4,353,778,50,50,1,-1,-1,-1
361,5,554,506,50,50,1,-1,-1,-1
362,1,489,611,50,50,1,-1,-1,-1
362,2,447,971,50,50,1,-1,-1,-1
362,3,635,1012,50,50,1,-1,-1,-1
362,4,342,825,50,50,1,-1,-1,-1
362,5,562,509,50,50,1,-1,-1,-1
363,1,482,576,50,50,1,-1,-1,-1
363,2,453,907,50,50,1,-1,-1,-1
363,3,619,1058,50,50,1,-1,-1,-1
363,4,331,879,50,50,1,-1,-1,-1
363,5,570,514,50,50,1,-1,-1,-1
364,1,471,551,50,50,1,-1,-1,-1
364,2,459,843,50,50,1,-1,-1,-1
364,3,599,1117,50,50,1,-1,-1,-1
364,4,321,942,50,50,1,-1,-1,-1
364,5,577,522,50,50,1,-1,-1,-1
365,1,459,528,50,50,1,-1,-1,-1
365,2,468,787,50,50,1,-1,-1,-1
365,3,571,1169,50,50,1,-1,-1,-1
365,4,311,1012,50,50,1,-1,-1,-1
365,5,585,539,50,50,1,-1,-1,-1
366,1,447,512,50,50,1,-1,-1,-1
366,2,477,732,50,50,1,-1,-1,-1
366,3,552,1176,50,50,1,-1,-1,-1
366,4,303,1072,50,50,1,-1,-1,-1
366,5,593,566,50,50,1,-1,-1,-1
367,1,437,510,50,50,1,-1,-1,-1
367,2,486,683,50,50,1,-1,-1,-1
367,3,544,1151,50,50,1,-1,-1,-1
367,4,306,1116,50,50,1,-1,-1,-1
367,5,600,599,50,50,1,-1,-1,-1
368,1,423,508,50,50,1,-1,-1,-1
368,2,495,641,50,50,1,-1,-1,-1
368,3,540,1098,50,50,1,-1,-1,-1
368,4,311,1147,50,50,1,-1,-1,-1
368,5,606,634,50,50,1,-1,-1,-1
369,1,411,512,50,50,1,-1,-1,-1
369,2,503,605,50,50,1,-1,-1,-1
369,3,535,1030,50,50,1,-1,-1,-1
369,4,328,1183,50,50,1,-1,-1,-1
369,5,612,674,50,50,1,-1,-1,-1
370,1,402,521,50,50,1,-1,-1,-1
370,2,512,574,50,50,1,-1,-1,-1
370,3,530,962,50,50,1,-1,-1,-1
370,4,346,1213,50,50,1,-1,-1,-1
370,5,619,718,50,50,1,-1,-1,-1
371,1,396,535,50,50,1,-1,-1,-1
371,2,522,548,50,50,1,-1,-1,-1
371,3,523,896,50,50,1,-1,-1,-1
371,4,367,1235,50,50,1,-1,-1,-1
371,5,627,766,50,50,1,-1,-1,-1
372,1,387,556,50,50,1,-1,-1,-1
372,2,532,531,50,50,1,-1,-1,-1
372,3,516,832,50,50,1,-1,-1,-1
372,4,384,1227,50,50,1,-1,-1,-1
372,5,635,821,50,50,1,-1,-1,-1
373,1,377,582,50,50,1,-1,-1,-1
373,2,540,520,50,50,1,-1,-1,-1
373,3,509,772,50,50,1,-1,-1,-1
373,4,397,1194,50,50,1,-1,-1,-1
373,5,644,882,50,50,1,-1,-1,-1
374,1,367,615,50,50,1,-1,-1,-1
374,2,548,515,50,50,1,-1,-1,-1
374,3,500,721,50,50,1,-1,-1,-1
374,4,405,1146,50,50,1,-1,-1,-1
374,5,651,948,50,50,1,-1,-1,-1
375,1,356,653,50,50,1,-1,-1,-1
375,2,556,510,50,50,1,-1,-1,-1
375,3,492,678,50,50,1,-1,-1,-1
375,4,417,1067,50,50,1,-1,-1,-1
375,5,656,995,50,50,1,-1,-1,-1
376,1,346,696,50,50,1,-1,-1,-1
376,2,564,509,50,50,1,-1,-1,-1
376,3,484,635,50,50,1,-1,-1,-1
376,4,432,995,50,50,1,-1,-1,-1
376,5,651,1040,50,50,1,-1,-1,-1
377,1,339,745,50,50,1,-1,-1,-1
377,2,572,524,50,50,1,-1,-1,-1
377,3,479,599,50,50,1,-1,-1,-1
377,4,437,920,50,50,1,-1,-1,-1
377,5,629,1080,50,50,1,-1,-1,-1
378,1,328,799,50,50,1,-1,-1,-1
378,2,581,544,50,50,1,-1,-1,-1
378,3,474,567,50,50,1,-1,-1,-1
378,4,445,847,50,50,1,-1,-1,-1
378,5,609,1122,50,50,1,-1,-1,-1
379,1,320,856,50,50,1,-1,-1,-1
379,2,591,565,50,50,1,-1,-1,-1
379,3,468,542,50,50,1,-1,-1,-1
379,4,453,779,50,50,1,-1,-1,-1
379,5,585,1157,50,50,1,-1,-1,-1
380,1,312,917,50,50,1,-1,-1,-1
380,2,601,589,50,50,1,-1,-1,-1
380,3,462,524,50,50,1,-1,-1,-1
380,4,464,723,50,50,1,-1,-1,-1
380,5,569,1175,50,50,1,-1,-1,-1
381,1,304,978,50,50,1,-1,-1,-1
381,2,610,619,50,50,1,-1,-1,-1
381,3,454,515,50,50,1,-1,-1,-1
381,4,475,673,50,50,1,-1,-1,-1
381,5,561,1155,50,50,1,-1,-1,-1
382,1,301,1022,50,50,1,-1,-1,-1
382,2,615,655,50,50,1,-1,-1,-1
382,3,444,509,50,50,1,-1,-1,-1
382,4,485,625,50,50,1,-1,-1,-1
382,5,557,1112,50,50,1,-1,-1,-1
383,1,309,1062,50,50,1,-1,-1,-1
383,2,620,694,50,50,1,-1,-1,-1
383,3,434,506,50,50,1,-1,-1,-1
383,4,495,580,50,50,1,-1,-1,-1
383,5,555,1055,50,50,1,-1,-1,-1
384,1,330,1102,50,50,1,-1,-1,-1
384,2,627,741,50,50,1,-1,-1,-1
384,3,426,512,50,50,1,-1,-1,-1
384,4,507,544,50,50,1,-1,-1,-1
384,5,553,987,50,50,1,-1,-1,-1
385,1,351,1151,50,50,1,-1,-1,-1
385,2,636,795,50,50,1,-1,-1,-1
385,3,418,522,50,50,1,-1,-1,-1
385,4,517,516,50,50,1,-1,-1,-1
385,5,546,920,50,50,1,-1,-1,-1
386,1,376,1189,50,50,1,-1,-1,-1
386,2,645,852,50,50,1,-1,-1,-1
386,3,411,539,50,50,1,-1,-1,-1
386,4,527,490,50,50,1,-1,-1,-1
386,5,537,864,50,50,1,-1,-1,-1
387,1,402,1202,50,50,1,-1,-1,-1
387,2,653,915,50,50,1,-1,-1,-1
387,3,403,561,50,50,1,-1,-1,-1
387,4,536,468,50,50,1,-1,-1,-1
387,5,527,814,50,50,1,-1,-1,-1
388,1,420,1188,50,50,1,-1,-1,-1
388,2,661,975,50,50,1,-1,-1,-1
388,3,398,593,50,50,1,-1,-1,-1
388,4,544,455,50,50,1,-1,-1,-1
388,5,517,767,50,50,1,-1,-1,-1
389,1,439,1143,50,50,1,-1,-1,-1
389,2,669,1025,50,50,1,-1,-1,-1
389,3,392,629,50,50,1,-1,-1,-1
389,4,554,449,50,50,1,-1,-1,-1
389,5,509,726,50,50,1,-1,-1,-1
390,1,451,1078,50,50,1,-1,-1,-1
390,2,672,1061,50,50,1,-1,-1,-1
390,3,386,667,50,50,1,-1,-1,-1
390,4,565,445,50,50,1,-1,-1,-1
390,5,502,688,50,50,1,-1,-1,-1
391,1,457,1003,50,50,1,-1,-1,-1
391,2,656,1106,50,50,1,-1,-1,-1
391,3,378,712,50,50,1,-1,-1,-1
391,4,576,445,50,50,1,-1,-1,-1
391,5,495,653,50,50,1,-1,-1,-1
392,1,461,935,50,50,1,-1,-1,-1
392,2,624,1149,50,50,1,-1,-1,-1
392,3,369,761,50,50,1,-1,-1,-1
392,4,586,450,50,50,1,-1,-1,-1
392,5,486,626,50,50,1,-1,-1,-1
393,1,468,869,50,50,1,-1,-1,-1
393,2,596,1184,50,50,1,-1,-1,-1
393,3,361,818,50,50,1,-1,-1,-1
393,4,596,464,50,50,1,-1,-1,-1
393,5,477,604,50,50,1,-1,-1,-1
394,1,474,802,50,50,1,-1,-1,-1
394,2,581,1183,50,50,1,-1,-1,-1
394,3,354,879,50,50,1,-1,-1,-1
394,4,606,484,50,50,1,-1,-1,-1
394,5,469,593,50,50,1,-1,-1,-1
395,1,480,742,50,50,1,-1,-1,-1
395,2,570,1175,50,50,1,-1,-1,-1
395,3,348,947,50,50,1,-1,-1,-1
395,4,617,509,50,50,1,-1,-1,-1
395,5,461,585,50,50,1,-1,-1,-1
396,1,485,690,50,50,1,-1,-1,-1
396,2,565,1132,50,50,1,-1,-1,-1
396,3,341,1017,50,50,1,-1,-1,-1
396,4,627,538,50,50,1,-1,-1,-1
396,5,453,581,50,50,1,-1,-1,-1
397,1,492,643,50,50,1,-1,-1,-1
397,2,565,1077,50,50,1,-1,-1,-1
397,3,338,1073,50,50,1,-1,-1,-1
397,4,634,576,50,50,1,-1,-1,-1
397,5,445,583,50,50,1,-1,-1,-1
398,1,500,602,50,50,1,-1,-1,-1
398,2,563,1012,50,50,1,-1,-1,-1
398,3,345,1116,50,50,1,-1,-1,-1
398,4,643,617,50,50,1,-1,-1,-1
398,5,437,590,50,50,1,-1,-1,-1
399,1,505,569,50,50,1,-1,-1,-1
399,2,554,946,50,50,1,-1,-1,-1
399,3,357,1157,50,50,1,-1,-1,-1
399,4,652,660,50,50,1,-1,-1,-1
399,5,429,603,50,50,1,-1,-1,-1
400,1,510,542,50,50,1,-1,-1,-1
400,2,545,881,50,50,1,-1,-1,-1
400,3,378,1187,50,50,1,-1,-1,-1
400,4,663,710,50,50,1,-1,-1,-1
400,5,420,620,50,50,1,-1,-1,-1
401,1,516,517,50,50,1,-1,-1,-1
401,2,535,817,50,50,1,-1,-1,-1
401,3,399,1193,50,50,1,-1,-1,-1
401,4,672,767,50,50,1,-1,-1,-1
401,5,410,644,50,50,1,-1,-1,-1
402,1,522,496,50,50,1,-1,-1,-1
402,2,525,761,50,50,1,-1,-1,-1
402,3,413,1171,50,50,1,-1,-1,-1
402,4,679,830,50,50,1,-1,-1,-1
402,5,399,681,50,50,1,-1,-1,-1
403,1,528,480,50,50,1,-1,-1,-1
403,2,515,707,50,50,1,-1,-1,-1
403,3,425,1135,50,50,1,-1,-1,-1
403,4,687,891,50,50,1,-1,-1,-1
403,5,387,725,50,50,1,-1,-1,-1
404,1,535,474,50,50,1,-1,-1,-1
404,2,506,659,50,50,1,-1,-1,-1
404,3,431,1062,50,50,1,-1,-1,-1
404,4,695,945,50,50,1,-1,-1,-1
404,5,381,766,50,50,1,-1,-1,-1
405,1,542,478,50,50,1,-1,-1,-1
405,2,498,622,50,50,1,-1,-1,-1
405,3,440,987,50,50,1,-1,-1,-1
405,4,690,982,50,50,1,-1,-1,-1
405,5,374,811,50,50,1,-1,-1,-1
406,1,548,486,50,50,1,-1,-1,-1
406,2,489,590,50,50,1,-1,-1,-1
406,3,449,916,50,50,1,-1,-1,-1
406,4,664,1028,50,50,1,-1,-1,-1
406,5,367,860,50,50,1,-1,-1,-1
407,1,555,498,50,50,1,-1,-1,-1
407,2,479,564,50,50,1,-1,-1,-1
407,3,456,859,50,50,1,-1,-1,-1
407,4,630,1084,50,50,1,-1,-1,-1
407,5,359,914,50,50,1,-1,-1,-1
408,1,562,514,50,50,1,-1,-1,-1
408,2,469,541,50,50,1,-1,-1,-1
408,3,463,805,50,50,1,-1,-1,-1
408,4,589,1141,50,50,1,-1,-1,-1
408,5,351,973,50,50,1,-1,-1,-1
409,1,569,532,50,50,1,-1,-1,-1
409,2,458,524,50,50,1,-1,-1,-1
409,3,470,753,50,50,1,-1,-1,-1
409,4,558,1174,50,50,1,-1,-1,-1
409,5,344,1034,50,50,1,-1,-1,-1
410,1,575,558,50,50,1,-1,-1,-1
410,2,447,510,50,50,1,-1,-1,-1
410,3,478,706,50,50,1,-1,-1,-1
410,4,539,1168,50,50,1,-1,-1,-1
410,5,337,1088,50,50,1,-1,-1,-1
411,1,579,592,50,50,1,-1,-1,-1
411,2,438,504,50,50,1,-1,-1,-1
411,3,487,664,50,50,1,-1,-1,-1
411,4,530,1143,50,50,1,-1,-1,-1
411,5,336,1133,50,50,1,-1,-1,-1
412,1,583,631,50,50,1,-1,-1,-1
412,2,428,509,50,50,1,-1,-1,-1
412,3,496,630,50,50,1,-1,-1,-1
412,4,526,1093,50,50,1,-1,-1,-1
412,5,345,1174,50,50,1,-1,-1,-1
413,1,589,673,50,50,1,-1,-1,-1
413,2,418,517,50,50,1,-1,-1,-1
413,3,505,606,50,50,1,-1,-1,-1
413,4,518,1020,50,50,1,-1,-1,-1
413,5,359,1199,50,50,1,-1,-1,-1
414,1,596,719,50,50,1,-1,-1,-1
414,2,408,529,50,50,1,-1,-1,-1
414,3,513,585,50,50,1,-1,-1,-1
414,4,510,948,50,50,1,-1,-1,-1
414,5,371,1214,50,50,1,-1,-1,-1
415,1,605,770,50,50,1,-1,-1,-1
415,2,399,548,50,50,1,-1,-1,-1
415,3,519,569,50,50,1,-1,-1,-1
415,4,508,886,50,50,1,-1,-1,-1
415,5,388,1224,50,50,1,-1,-1,-1
416,1,610,829,50,50,1,-1,-1,-1
416,2,390,571,50,50,1,-1,-1,-1
416,3,528,557,50,50,1,-1,-1,-1
416,4,506,829,50,50,1,-1,-1,-1
416,5,408,1214,50,50,1,-1,-1,-1
417,1,613,890,50,50,1,-1,-1,-1
417,2,378,602,50,50,1,-1,-1,-1
417,3,538,548,50,50,1,-1,-1,-1
417,4,502,777,50,50,1,-1,-1,-1
417,5,423,1170,50,50,1,-1,-1,-1
418,1,621,955,50,50,1,-1,-1,-1
418,2,365,636,50,50,1,-1,-1,-1
418,3,548,545,50,50,1,-1,-1,-1
418,4,497,731,50,50,1,-1,-1,-1
418,5,433,1108,50,50,1,-1,-1,-1
419,1,630,1000,50,50,1,-1,-1,-1
419,2,357,679,50,50,1,-1,-1,-1
419,3,557,549,50,50,1,-1,-1,-1
419,4,493,687,50,50,1,-1,-1,-1
419,5,441,1033,50,50,1,-1,-1,-1
420,1,629,1037,50,50,1,-1,-1,-1
420,2,349,729,50,50,1,-1,-1,-1
420,3,567,564,50,50,1,-1,-1,-1
420,4,490,650,50,50,1,-1,-1,-1
420,5,448,959,50,50,1,-1,-1,-1
421,1,618,1084,50,50,1,-1,-1,-1
421,2,340,782,50,50,1,-1,-1,-1
421,3,576,586,50,50,1,-1,-1,-1
421,4,485,618,50,50,1,-1,-1,-1
421,5,455,888,50,50,1,-1,-1,-1
422,1,598,1133,50,50,1,-1,-1,-1
422,2,331,841,50,50,1,-1,-1,-1
422,3,584,611,50,50,1,-1,-1,-1
422,4,479,592,50,50,1,-1,-1,-1
422,5,462,821,50,50,1,-1,-1,-1
423,1,582,1164,50,50,1,-1,-1,-1
423,2,320,905,50,50,1,-1,-1,-1
423,3,590,639,50,50,1,-1,-1,-1
423,4,473,572,50,50,1,-1,-1,-1
423,5,470,762,50,50,1,-1,-1,-1
424,1,574,1146,50,50,1,-1,-1,-1
424,2,308,972,50,50,1,-1,-1,-1
424,3,596,667,50,50,1,-1,-1,-1
424,4,467,558,50,50,1,-1,-1,-1
424,5,478,712,50,50,1,-1,-1,-1
425,1,566,1105,50,50,1,-1,-1,-1
425,2,304,1026,50,50,1,-1,-1,-1
425,3,603,702,50,50,1,-1,-1,-1
425,4,461,549,50,50,1,-1,-1,-1
425,5,488,669,50,50,1,-1,-1,-1
426,1,557,1046,50,50,1,-1,-1,-1
426,2,314,1054,50,50,1,-1,-1,-1
426,3,610,743,50,50,1,-1,-1,-1
426,4,456,547,50,50,1,-1,-1,-1
426,5,495,629,50,50,1,-1,-1,-1
427,1,551,979,50,50,1,-1,-1,-1
427,2,328,1090,50,50,1,-1,-1,-1
427,3,617,790,50,50,1,-1,-1,-1
427,4,450,554,50,50,1,-1,-1,-1
427,5,502,590,50,50,1,-1,-1,-1
428,1,545,912,50,50,1,-1,-1,-1
428,2,355,1132,50,50,1,-1,-1,-1
428,3,624,841,50,50,1,-1,-1,-1
428,4,443,563,50,50,1,-1,-1,-1
428,5,509,561,50,50,1,-1,-1,-1
429,1,539,851,50,50,1,-1,-1,-1
429,2,380,1172,50,50,1,-1,-1,-1
429,3,631,898,50,50,1,-1,-1,-1
429,4,436,576,50,50,1,-1,-1,-1
429,5,516,541,50,50,1,-1,-1,-1
430,1,532,795,50,50,1,-1,-1,-1
430,2,404,1209,50,50,1,-1,-1,-1
430,3,640,951,50,50,1,-1,-1,-1
430,4,430,595,50,50,1,-1,-1,-1
430,5,524,523,50,50,1,-1,-1,-1
431,1,526,740,50,50,1,-1,-1,-1
431,2,418,1206,50,50,1,-1,-1,-1
431,3,648,988,50,50,1,-1,-1,-1
431,4,426,619,50,50,1,-1,-1,-1
431,5,533,507,50,50,1,-1,-1,-1
432,1,521,688,50,50,1,-1,-1,-1
432,2,433,1178,50,50,1,-1,-1,-1
432,3,657,1023,50,50,1,-1,-1,-1
432,4,423,653,50,50,1,-1,-1,-1
432,5,542,498,50,50,1,-1,-1,-1
433,1,516,651,50,50,1,-1,-1,-1
433,2,442,1127,50,50,1,-1,-1,-1
433,3,652,1062,50,50,1,-1,-1,-1
433,4,419,692,50,50,1,-1,-1,-1
433,5,552,497,50,50,1,-1,-1,-1
434,1,511,622,50,50,1,-1,-1,-1
434,2,451,1050,50,50,1,-1,-1,-1
434,3,633,1108,50,50,1,-1,-1,-1
434,4,415,738,50,50,1,-1,-1,-1
434,5,562,502,50,50,1,-1,-1,-1
435,1,505,594,50,50,1,-1,-1,-1
435,2,460,973,50,50,1,-1,-1,-1
435,3,608,1148,50,50,1,-1,-1,-1
435,4,409,787,50,50,1,-1,-1,-1
435,5,572,511,50,50,1,-1,-1,-1
436,1,497,572,50,50,1,-1,-1,-1
436,2,468,897,50,50,1,-1,-1,-1
436,3,585,1179,50,50,1,-1,-1,-1
436,4,402,839,50,50,1,-1,-1,-1
436,5,579,525,50,50,1,-1,-1,-1
437,1,488,552,50,50,1,-1,-1,-1
437,2,474,830,50,50,1,-1,-1,-1
437,3,570,1180,50,50,1,-1,-1,-1
437,4,395,894,50,50,1,-1,-1,-1
437,5,583,545,50,50,1,-1,-1,-1
438,1,481,539,50,50,1,-1,-1,-1
438,2,479,767,50,50,1,-1,-1,-1
438,3,559,1166,50,50,1,-1,-1,-1
438,4,389,953,50,50,1,-1,-1,-1
438,5,588,575,50,50,1,-1,-1,-1
439,1,475,531,50,50,1,-1,-1,-1
439,2,484,707,50,50,1,-1,-1,-1
439,3,553,1129,50,50,1,-1,-1,-1
439,4,385,1012,50,50,1,-1,-1,-1
439,5,599,611,50,50,1,-1,-1,-1
440,1,469,529,50,50,1,-1,-1,-1
440,2,492,656,50,50,1,-1,-1,-1
440,3,549,1063,50,50,1,-1,-1,-1
440,4,388,1055,50,50,1,-1,-1,-1
440,5,609,648,50,50,1,-1,-1,-1
441,1,463,533,50,50,1,-1,-1,-1
441,2,501,612,50,50,1,-1,-1,-1
441,3,545,997,50,50,1,-1,-1,-1
441,4,397,1092,50,50,1,-1,-1,-1
441,5,618,694,50,50,1,-1,-1,-1
442,1,458,541,50,50,1,-1,-1,-1
442,2,509,574,50,50,1,-1,-1,-1
442,3,539,935,50,50,1,-1,-1,-1
442,4,402,1131,50,50,1,-1,-1,-1
442,5,626,744,50,50,1,-1,-1,-1
443,1,451,561,50,50,1,-1,-1,-1
443,2,518,540,50,50,1,-1,-1,-1
443,3,532,876,50,50,1,-1,-1,-1
443,4,408,1172,50,50,1,-1,-1,-1
443,5,634,794,50,50,1,-1,-1,-1
444,1,443,586,50,50,1,-1,-1,-1
444,2,527,508,50,50,1,-1,-1,-1
444,3,525,817,50,50,1,-1,-1,-1
444,4,420,1201,50,50,1,-1,-1,-1
444,5,641,846,50,50,1,-1,-1,-1
445,1,436,614,50,50,1,-1,-1,-1
445,2,535,484,50,50,1,-1,-1,-1
445,3,517,764,50,50,1,-1,-1,-1
445,4,427,1201,50,50,1,-1,-1,-1
445,5,646,904,50,50,1,-1,-1,-1
446,1,430,643,50,50,1,-1,-1,-1
446,2,542,468,50,50,1,-1,-1,-1
446,3,509,716,50,50,1,-1,-1,-1
446,4,435,1170,50,50,1,-1,-1,-1
446,5,653,961,50,50,1,-1,-1,-1
447,1,424,681,50,50,1,-1,-1,-1
447,2,549,458,50,50,1,-1,-1,-1
447,3,502,670,50,50,1,-1,-1,-1
447,4,443,1110,50,50,1,-1,-1,-1
447,5,656,1006,50,50,1,-1,-1,-1
448,1,418,726,50,50,1,-1,-1,-1
448,2,557,452,50,50,1,-1,-1,-1
448,3,493,636,50,50,1,-1,-1,-1
448,4,452,1040,50,50,1,-1,-1,-1
448,5,641,1047,50,50,1,-1,-1,-1
449,1,412,774,50,50,1,-1,-1,-1
449,2,565,451,50,50,1,-1,-1,-1
449,3,483,610,50,50,1,-1,-1,-1
449,4,462,966,50,50,1,-1,-1,-1
449,5,622,1095,50,50,1,-1,-1,-1
450,1,406,827,50,50,1,-1,-1,-1
450,2,572,462,50,50,1,-1,-1,-1
450,3,473,589,50,50,1,-1,-1,-1
450,4,469,897,50,50,1,-1,-1,-1
450,5,598,1145,50,50,1,-1,-1,-1
451,1,400,891,50,50,1,-1,-1,-1
451,2,579,475,50,50,1,-1,-1,-1
451,3,467,578,50,50,1,-1,-1,-1
451,4,476,836,50,50,1,-1,-1,-1
451,5,570,1185,50,50,1,-1,-1,-1
452,1,392,957,50,50,1,-1,-1,-1
452,2,586,489,50,50,1,-1,-1,-1
452,3,460,570,50,50,1,-1,-1,-1
452,4,484,779,50,50,1,-1,-1,-1
452,5,555,1199,50,50,1,-1,-1,-1
453,1,389,1019,50,50,1,-1,-1,-1
453,2,594,510,50,50,1,-1,-1,-1
453,3,452,563,50,50,1,-1,-1,-1
453,4,493,724,50,50,1,-1,-1,-1
453,5,546,1178,50,50,1,-1,-1,-1
454,1,382,1058,50,50,1,-1,-1,-1
454,2,602,536,50,50,1,-1,-1,-1
454,3,444,564,50,50,1,-1,-1,-1
454,4,502,674,50,50,1,-1,-1,-1
454,5,540,1132,50,50,1,-1,-1,-1
455,1,379,1098,50,50,1,-1,-1,-1
455,2,607,572,50,50,1,-1,-1,-1
455,3,436,574,50,50,1,-1,-1,-1
455,4,511,635,50,50,1,-1,-1,-1
455,5,541,1062,50,50,1,-1,-1,-1
456,1,382,1141,50,50,1,-1,-1,-1
456,2,609,616,50,50,1,-1,-1,-1
456,3,427,587,50,50,1,-1,-1,-1
456,4,521,598,50,50,1,-1,-1,-1
456,5,540,986,50,50,1,-1,-1,-1
457,1,390,1179,50,50,1,-1,-1,-1
457,2,614,662,50,50,1,-1,-1,-1
457,3,418,604,50,50,1,-1,-1,-1
457,4,530,565,50,50,1,-1,-1,-1
457,5,532,915,50,50,1,-1,-1,-1
458,1,400,1195,50,50,1,-1,-1,-1
458,2,621,712,50,50,1,-1,-1,-1
458,3,410,628,50,50,1,-1,-1,-1
458,4,538,535,50,50,1,-1,-1,-1
458,5,525,856,50,50,1,-1,-1,-1
459,1,406,1190,50,50,1,-1,-1,-1
459,2,629,764,50,50,1,-1,-1,-1
459,3,403,655,50,50,1,-1,-1,-1
459,4,545,513,50,50,1,-1,-1,-1
459,5,519,803,50,50,1,-1,-1,-1
460,1,418,1171,50,50,1,-1,-1,-1
460,2,636,824,50,50,1,-1,-1,-1
460,3,395,687,50,50,1,-1,-1,-1
460,4,553,502,50,50,1,-1,-1,-1
460,5,513,748,50,50,1,-1,-1,-1
461,1,423,1123,50,50,1,-1,-1,-1
461,2,645,887,50,50,1,-1,-1,-1
461,3,387,724,50,50,1,-1,-1,-1
461,4,561,500,50,50,1,-1,-1,-1
461,5,507,693,50,50,1,-1,-1,-1
462,1,431,1051,50,50,1,-1,-1,-1
462,2,650,937,50,50,1,-1,-1,-1
462,3,379,766,50,50,1,-1,-1,-1
462,4,571,496,50,50,1,-1,-1,-1
462,5,500,645,50,50,1,-1,-1,-1
463,1,439,979,50,50,1,-1,-1,-1
463,2,639,975,50,50,1,-1,-1,-1
463,3,372,815,50,50,1,-1,-1,-1
463,4,581,497,50,50,1,-1,-1,-1
463,5,497,607,50,50,1,-1,-1,-1
464,1,445,912,50,50,1,-1,-1,-1
464,2,627,1020,50,50,1,-1,-1,-1
464,3,366,868,50,50,1,-1,-1,-1
464,4,590,504,50,50,1,-1,-1,-1
464,5,494,576,50,50,1,-1,-1,-1
465,1,454,847,50,50,1,-1,-1,-1
465,2,611,1069,50,50,1,-1,-1,-1
465,3,360,923,50,50,1,-1,-1,-1
465,4,599,515,50,50,1,-1,-1,-1
465,5,486,553,50,50,1,-1,-1,-1
466,1,463,785,50,50,1,-1,-1,-1
466,2,595,1119,50,50,1,-1,-1,-1
466,3,354,979,50,50,1,-1,-1,-1
466,4,607,534,50,50,1,-1,-1,-1
466,5,481,534,50,50,1,-1,-1,-1
467,1,471,733,50,50,1,-1,-1,-1
467,2,586,1150,50,50,1,-1,-1,-1
467,3,345,1035,50,50,1,-1,-1,-1
467,4,616,557,50,50,1,-1,-1,-1
467,5,475,520,50,50,1,-1,-1,-1
468,1,478,683,50,50,1,-1,-1,-1
468,2,577,1148,50,50,1,-1,-1,-1
468,3,336,1066,50,50,1,-1,-1,-1
468,4,626,588,50,50,1,-1,-1,-1
468,5,468,509,50,50,1,-1,-1,-1
469,1,485,643,50,50,1,-1,-1,-1
469,2,571,1108,50,50,1,-1,-1,-1
469,3,334,1098,50,50,1,-1,-1,-1
469,4,635,629,50,50,1,-1,-1,-1
469,5,463,507,50,50,1,-1,-1,-1
470,1,493,605,50,50,1,-1,-1,-1
470,2,560,1046,50,50,1,-1,-1,-1
470,3,339,1127,50,50,1,-1,-1,-1
470,4,643,674,50,50,1,-1,-1,-1
470,5,457,509,50,50,1,-1,-1,-1
471,1,501,570,50,50,1,-1,-1,-1
471,2,548,981,50,50,1,-1,-1,-1
471,3,356,1160,50,50,1,-1,-1,-1
471,4,651,719,50,50,1,-1,-1,-1
471,5,449,514,50,50,1,-1,-1,-1
472,1,508,541,50,50,1,-1,-1,-1
472,2,541,918,50,50,1,-1,-1,-1
472,3,370,1194,50,50,1,-1,-1,-1
472,4,658,766,50,50,1,-1,-1,-1
472,5,441,526,50,50,1,-1,-1,-1
473,1,518,519,50,50,1,-1,-1,-1
473,2,534,855,50,50,1,-1,-1,-1
473,3,388,1214,50,50,1,-1,-1,-1
473,4,665,825,50,50,1,-1,-1,-1
473,5,433,544,50,50,1,-1,-1,-1
474,1,526,502,50,50,1,-1,-1,-1
474,2,525,798,50,50,1,-1,-1,-1
474,3,403,1214,50,50,1,-1,-1,-1
474,4,672,885,50,50,1,-1,-1,-1
474,5,427,567,50,50,1,-1,-1,-1
475,1,533,491,50,50,1,-1,-1,-1
475,2,517,749,50,50,1,-1,-1,-1
475,3,421,1191,50,50,1,-1,-1,-1
475,4,679,947,50,50,1,-1,-1,-1
475,5,423,598,50,50,1,-1,-1,-1
476,1,541,485,50,50,1,-1,-1,-1
476,2,510,704,50,50,1,-1,-1,-1
476,3,438,1143,50,50,1,-1,-1,-1
476,4,687,987,50,50,1,-1,-1,-1
476,5,418,636,50,50,1,-1,-1,-1
477,1,550,487,50,50,1,-1,-1,-1
477,2,502,663,50,50,1,-1,-1,-1
477,3,451,1074,50,50,1,-1,-1,-1
477,4,683,1022,50,50,1,-1,-1,-1
477,5,412,680,50,50,1,-1,-1,-1
478,1,558,493,50,50,1,-1,-1,-1
478,2,493,626,50,50,1,-1,-1,-1
478,3,460,1004,50,50,1,-1,-1,-1
478,4,667,1065,50,50,1,-1,-1,-1
478,5,406,728,50,50,1,-1,-1,-1
479,1,565,503,50,50,1,-1,-1,-1
479,2,484,597,50,50,1,-1,-1,-1
479,3,468,934,50,50,1,-1,-1,-1
479,4,639,1108,50,50,1,-1,-1,-1
479,5,400,778,50,50,1,-1,-1,-1
480,1,573,517,50,50,1,-1,-1,-1
480,2,473,574,50,50,1,-1,-1,-1
480,3,475,866,50,50,1,-1,-1,-1
480,4,612,1144,50,50,1,-1,-1,-1
480,5,394,832,50,50,1,-1,-1,-1
481,1,584,543,50,50,1,-1,-1,-1
481,2,462,558,50,50,1,-1,-1,-1
481,3,482,802,50,50,1,-1,-1,-1
481,4,588,1170,50,50,1,-1,-1,-1
481,5,388,889,50,50,1,-1,-1,-1
482,1,591,576,50,50,1,-1,-1,-1
482,2,452,548,50,50,1,-1,-1,-1
482,3,490,745,50,50,1,-1,-1,-1
482,4,577,1163,50,50,1,-1,-1,-1
482,5,382,951,50,50,1,-1,-1,-1
483,1,596,611,50,50,1,-1,-1,-1
483,2,442,540,50,50,1,-1,-1,-1
483,3,500,697,50,50,1,-1,-1,-1
483,4,571,1118,50,50,1,-1,-1,-1
483,5,377,1011,50,50,1,-1,-1,-1
484,1,602,647,50,50,1,-1,-1,-1
484,2,432,538,50,50,1,-1,-1,-1
484,3,508,656,50,50,1,-1,-1,-1
484,4,569,1061,50,50,1,-1,-1,-1
484,5,374,1066,50,50,1,-1,-1,-1
485,1,610,688,50,50,1,-1,-1,-1
485,2,422,545,50,50,1,-1,-1,-1
485,3,515,621,50,50,1,-1,-1,-1
485,4,563,994,50,50,1,-1,-1,-1
485,5,380,1106,50,50,1,-1,-1,-1
486,1,619,735,50,50,1,-1,-1,-1
486,2,412,556,50,50,1,-1,-1,-1
486,3,523,590,50,50,1,-1,-1,-1
486,4,554,927,50,50,1,-1,-1,-1
486,5,389,1142,50,50,1,-1,-1,-1
487,1,628,785,50,50,1,-1,-1,-1
487,2,400,575,50,50,1,-1,-1,-1
487,3,531,562,50,50,1,-1,-1,-1
487,4,546,871,50,50,1,-1,-1,-1
487,5,402,1183,50,50,1,-1,-1,-1
488,1,634,841,50,50,1,-1,-1,-1
488,2,390,598,50,50,1,-1,-1,-1
488,3,539,536,50,50,1,-1,-1,-1
488,4,535,819,50,50,1,-1,-1,-1
488,5,412,1192,50,50,1,-1,-1,-1
489,1,641,905,50,50,1,-1,-1,-1
489,2,382,627,50,50,1,-1,-1,-1
489,3,548,513,50,50,1,-1,-1,-1
489,4,524,771,50,50,1,-1,-1,-1
489,5,422,1177,50,50,1,-1,-1,-1
490,1,648,965,50,50,1,-1,-1,-1
490,2,374,658,50,50,1,-1,-1,-1
490,3,557,504,50,50,1,-1,-1,-1
490,4,513,723,50,50,1,-1,-1,-1
490,5,435,1122,50,50,1,-1,-1,-1
491,1,653,1003,50,50,1,-1,-1,-1
491,2,364,698,50,50,1,-1,-1,-1
491,3,567,504,50,50,1,-1,-1,-1
491,4,502,679,50,50,1,-1,-1,-1
491,5,453,1053,50,50,1,-1,-1,-1
492,1,649,1040,50,50,1,-1,-1,-1
492,2,352,746,50,50,1,-1,-1,-1
492,3,577,505,50,50,1,-1,-1,-1
492,4,491,641,50,50,1,-1,-1,-1
492,5,464,979,50,50,1,-1,-1,-1
493,1,637,1090,50,50,1,-1,-1,-1
493,2,342,799,50,50,1,-1,-1,-1
493,3,586,509,50,50,1,-1,-1,-1
493,4,479,610,50,50,1,-1,-1,-1
493,5,473,906,50,50,1,-1,-1,-1
494,1,613,1140,50,50,1,-1,-1,-1
494,2,335,855,50,50,1,-1,-1,-1
494,3,595,521,50,50,1,-1,-1,-1
494,4,467,591,50,50,1,-1,-1,-1
494,5,478,846,50,50,1,-1,-1,-1
495,1,586,1180,50,50,1,-1,-1,-1
495,2,329,916,50,50,1,-1,-1,-1
495,3,604,540,50,50,1,-1,-1,-1
495,4,456,575,50,50,1,-1,-1,-1
495,5,489,786,50,50,1,-1,-1,-1
496,1,573,1180,50,50,1,-1,-1,-1
496,2,322,978,50,50,1,-1,-1,-1
496,3,612,563,50,50,1,-1,-1,-1
496,4,444,562,50,50,1,-1,-1,-1
496,5,498,732,50,50,1,-1,-1,-1
497,1,569,1146,50,50,1,-1,-1,-1
497,2,316,1036,50,50,1,-1,-1,-1
497,3,619,591,50,50,1,-1,-1,-1
497,4,430,554,50,50,1,-1,-1,-1
497,5,503,687,50,50,1,-1,-1,-1
498,1,568,1092,50,50,1,-1,-1,-1
498,2,314,1085,50,50,1,-1,-1,-1
498,3,626,624,50,50,1,-1,-1,-1
498,4,416,551,50,50,1,-1,-1,-1
498,5,509,645,50,50,1,-1,-1,-1
499,1,567,1026,50,50,1,-1,-1,-1
499,2,332,1122,50,50,1,-1,-1,-1
499,3,633,660,50,50,1,-1,-1,-1
499,4,402,552,50,50,1,-1,-1,-1
499,5,516,609,50,50,1,-1,-1,-1
500,1,559,950,50,50,1,-1,-1,-1
500,2,355,1157,50,50,1,-1,-1,-1
500,3,641,707,50,50,1,-1,-1,-1
500,4,389,562,50,50,1,-1,-1,-1
500,5,524,575,50,50,1,-1,-1,-1
501,1,550,874,50,50,1,-1,-1,-1
501,2,378,1191,50,50,1,-1,-1,-1
501,3,650,754,50,50,1,-1,-1,-1
501,4,377,577,50,50,1,-1,-1,-1
501,5,531,547,50,50,1,-1,-1,-1
502,1,541,809,50,50,1,-1,-1,-1
502,2,394,1210,50,50,1,-1,-1,-1
502,3,659,804,50,50,1,-1,-1,-1
502,4,366,599,50,50,1,-1,-1,-1
502,5,537,531,50,50,1,-1,-1,-1
503,1,533,749,50,50,1,-1,-1,-1
503,2,408,1194,50,50,1,-1,-1,-1
503,3,668,856,50,50,1,-1,-1,-1
503,4,356,626,50,50,1,-1,-1,-1
503,5,546,521,50,50,1,-1,-1,-1
504,1,525,692,50,50,1,-1,-1,-1
504,2,422,1163,50,50,1,-1,-1,-1
504,3,672,916,50,50,1,-1,-1,-1
504,4,346,655,50,50,1,-1,-1,-1
504,5,555,511,50,50,1,-1,-1,-1
505,1,517,636,50,50,1,-1,-1,-1
505,2,432,1097,50,50,1,-1,-1,-1
505,3,675,961,50,50,1,-1,-1,-1
505,4,336,691,50,50,1,-1,-1,-1
505,5,563,505,50,50,1,-1,-1,-1
506,1,509,592,50,50,1,-1,-1,-1
506,2,442,1027,50,50,1,-1,-1,-1
506,3,673,996,50,50,1,-1,-1,-1
506,4,325,733,50,50,1,-1,-1,-1
506,5,570,506,50,50,1,-1,-1,-1
507,1,500,552,50,50,1,-1,-1,-1
507,2,451,957,50,50,1,-1,-1,-1
507,3,658,1043,50,50,1,-1,-1,-1
507,4,313,779,50,50,1,-1,-1,-1
507,5,578,517,50,50,1,-1,-1,-1
508,1,492,516,50,50,1,-1,-1,-1
508,2,458,890,50,50,1,-1,-1,-1
508,3,633,1090,50,50,1,-1,-1,-1
508,4,300,829,50,50,1,-1,-1,-1
508,5,586,533,50,50,1,-1,-1,-1
509,1,483,488,50,50,1,-1,-1,-1
509,2,465,823,50,50,1,-1,-1,-1
509,3,614,1135,50,50,1,-1,-1,-1
509,4,291,890,50,50,1,-1,-1,-1
509,5,594,552,50,50,1,-1,-1,-1
510,1,473,466,50,50,1,-1,-1,-1
510,2,470,761,50,50,1,-1,-1,-1
510,3,593,1156,50,50,1,-1,-1,-1
510,4,284,947,50,50,1,-1,-1,-1
510,5,602,575,50,50,1,-1,-1,-1
511,1,465,448,50,50,1,-1,-1,-1
511,2,477,708,50,50,1,-1,-1,-1
511,3,581,1152,50,50,1,-1,-1,-1
511,4,274,996,50,50,1,-1,-1,-1
511,5,610,603,50,50,1,-1,-1,-1
512,1,457,433,50,50,1,-1,-1,-1
512,2,484,665,50,50,1,-1,-1,-1
512,3,572,1117,50,50,1,-1,-1,-1
512,4,271,1017,50,50,1,-1,-1,-1
512,5,618,635,50,50,1,-1,-1,-1
513,1,449,425,50,50,1,-1,-1,-1
513,2,494,631,50,50,1,-1,-1,-1
513,3,566,1062,50,50,1,-1,-1,-1
513,4,278,1039,50,50,1,-1,-1,-1
513,5,622,675,50,50,1,-1,-1,-1
514,1,439,430,50,50,1,-1,-1,-1
514,2,502,603,50,50,1,-1,-1,-1
514,3,564,986,50,50,1,-1,-1,-1
514,4,289,1063,50,50,1,-1,-1,-1
514,5,627,718,50,50,1,-1,-1,-1
515,1,430,439,50,50,1,-1,-1,-1
515,2,510,576,50,50,1,-1,-1,-1
515,3,561,910,50,50,1,-1,-1,-1
515,4,304,1082,50,50,1,-1,-1,-1
515,5,635,770,50,50,1,-1,-1,-1
516,1,420,451,50,50,1,-1,-1,-1
516,2,518,550,50,50,1,-1,-1,-1
516,3,554,849,50,50,1,-1,-1,-1
516,4,320,1094,50,50,1,-1,-1,-1
516,5,645,827,50,50,1,-1,-1,-1
517,1,410,466,50,50,1,-1,-1,-1
517,2,526,533,50,50,1,-1,-1,-1
517,3,547,794,50,50,1,-1,-1,-1
517,4,330,1087,50,50,1,-1,-1,-1
517,5,655,889,50,50,1,-1,-1,-1
518,1,401,489,50,50,1,-1,-1,-1
518,2,532,520,50,50,1,-1,-1,-1
518,3,540,740,50,50,1,-1,-1,-1
518,4,341,1070,50,50,1,-1,-1,-1
518,5,663,954,50,50,1,-1,-1,-1
519,1,392,516,50,50,1,-1,-1,-1
519,2,539,515,50,50,1,-1,-1,-1
519,3,533,687,50,50,1,-1,-1,-1
519,4,339,1050,50,50,1,-1,-1,-1
519,5,665,1006,50,50,1,-1,-1,-1
520,1,384,552,50,50,1,-1,-1,-1
520,2,549,515,50,50,1,-1,-1,-1
520,3,529,643,50,50,1,-1,-1,-1
520,4,342,1034,50,50,1,-1,-1,-1
520,5,661,1026,50,50,1,-1,-1,-1
521,1,377,595,50,50,1,-1,-1,-1
521,2,560,520,50,50,1,-1,-1,-1
521,3,523,606,50,50,1,-1,-1,-1
521,4,338,1012,50,50,1,-1,-1,-1
521,5,651,1040,50,50,1,-1,-1,-1
522,1,369,641,50,50,1,-1,-1,-1
522,2,568,533,50,50,1,-1,-1,-1
522,3,515,573,50,50,1,-1,-1,-1
522,4,334,994,50,50,1,-1,-1,-1
522,5,641,1048,50,50,1,-1,-1,-1
523,1,358,692,50,50,1,-1,-1,-1
523,2,576,549,50,50,1,-1,-1,-1
523,3,507,543,50,50,1,-1,-1,-1
523,4,327,982,50,50,1,-1,-1,-1
523,5,632,1049,50,50,1,-1,-1,-1
524,1,347,746,50,50,1,-1,-1,-1
524,2,583,570,50,50,1,-1,-1,-1
524,3,498,521,50,50,1,-1,-1,-1
524,4,320,971,50,50,1,-1,-1,-1
524,5,626,1040,50,50,1,-1,-1,-1
525,1,340,807,50,50,1,-1,-1,-1
525,2,591,596,50,50,1,-1,-1,-1
525,3,493,508,50,50,1,-1,-1,-1
525,4,312,960,50,50,1,-1,-1,-1
525,5,620,1030,50,50,1,-1,-1,-1
526,1,331,877,50,50,1,-1,-1,-1
526,2,600,626,50,50,1,-1,-1,-1
526,3,487,500,50,50,1,-1,-1,-1
526,4,300,953,50,50,1,-1,-1,-1
526,5,618,1023,50,50,1,-1,-1,-1
527,1,328,941,50,50,1,-1,-1,-1
527,2,609,662,50,50,1,-1,-1,-1
527,3,481,492,50,50,1,-1,-1,-1
527,4,295,952,50,50,1,-1,-1,-1
527,5,617,1010,50,50,1,-1,-1,-1
528,1,331,955,50,50,1,-1,-1,-1
528,2,618,702,50,50,1,-1,-1,-1
528,3,474,493,50,50,1,-1,-1,-1
528,4,292,966,50,50,1,-1,-1,-1
528,5,616,997,50,50,1,-1,-1,-1
529,1,336,973,50,50,1,-1,-1,-1
529,2,625,750,50,50,1,-1,-1,-1
529,3,466,499,50,50,1,-1,-1,-1
529,4,299,978,50,50,1,-1,-1,-1
529,5,616,992,50,50,1,-1,-1,-1
530,1,346,989,50,50,1,-1,-1,-1
530,2,631,804,50,50,1,-1,-1,-1
530,3,459,507,50,50,1,-1,-1,-1
530,4,314,987,50,50,1,-1,-1,-1
530,5,617,985,50,50,1,-1,-1,-1
531,1,357,1003,50,50,1,-1,-1,-1
531,2,637,862,50,50,1,-1,-1,-1
531,3,452,523,50,50,1,-1,-1,-1
531,4,322,996,50,50,1,-1,-1,-1
531,5,619,981,50,50,1,-1,-1,-1
532,1,368,1012,50,50,1,-1,-1,-1
532,2,643,922,50,50,1,-1,-1,-1
532,3,447,552,50,50,1,-1,-1,-1
532,4,330,1007,50,50,1,-1,-1,-1
532,5,624,983,50,50,1,-1,-1,-1
533,1,370,1023,50,50,1,-1,-1,-1
533,2,651,971,50,50,1,-1,-1,-1
533,3,440,587,50,50,1,-1,-1,-1
533,4,336,1020,50,50,1,-1,-1,-1
533,5,630,986,50,50,1,-1,-1,-1
534,1,372,1033,50,50,1,-1,-1,-1
534,2,656,989,50,50,1,-1,-1,-1
534,3,432,625,50,50,1,-1,-1,-1
534,4,340,1029,50,50,1,-1,-1,-1
534,5,635,993,50,50,1,-1,-1,-1
535,1,374,1040,50,50,1,-1,-1,-1
535,2,661,1004,50,50,1,-1,-1,-1
535,3,424,664,50,50,1,-1,-1,-1
535,4,344,1039,50,50,1,-1,-1,-1
535,5,641,1010,50,50,1,-1,-1,-1
536,1,375,1042,50,50,1,-1,-1,-1
536,2,666,1022,50,50,1,-1,-1,-1
536,3,417,710,50,50,1,-1,-1,-1
536,4,346,1044,50,50,1,-1,-1,-1
536,5,645,1025,50,50,1,-1,-1,-1
537,1,376,1044,50,50,1,-1,-1,-1
537,2,669,1035,50,50,1,-1,-1,-1
537,3,411,763,50,50,1,-1,-1,-1
537,4,346,1047,50,50,1,-1,-1,-1
537,5,649,1038,50,50,1,-1,-1,-1
538,1,377,1047,50,50,1,-1,-1,-1
538,2,670,1047,50,50,1,-1,-1,-1
538,3,405,817,50,50,1,-1,-1,-1
538,4,347,1047,50,50,1,-1,-1,-1
538,5,648,1046,50,50,1,-1,-1,-1
539,1,378,1046,50,50,1,-1,-1,-1
539,2,670,1056,50,50,1,-1,-1,-1
539,3,399,874,50,50,1,-1,-1,-1
539,4,349,1046,50,50,1,-1,-1,-1
539,5,648,1055,50,50,1,-1,-1,-1
540,1,379,1042,50,50,1,-1,-1,-1
540,2,670,1064,50,50,1,-1,-1,-1
540,3,393,940,50,50,1,-1,-1,-1
540,4,350,1042,50,50,1,-1,-1,-1
540,5,645,1062,50,50,1,-1,-1,-1
541,1,380,1038,50,50,1,-1,-1,-1
541,2,670,1061,50,50,1,-1,-1,-1
541,3,386,1012,50,50,1,-1,-1,-1
541,4,351,1036,50,50,1,-1,-1,-1
541,5,644,1069,50,50,1,-1,-1,-1
542,1,380,1035,50,50,1,-1,-1,-1
542,2,670,1063,50,50,1,-1,-1,-1
542,3,385,1041,50,50,1,-1,-1,-1
542,4,357,1029,50,50,1,-1,-1,-1
542,5,641,1067,50,50,1,-1,-1,-1
543,1,379,1040,50,50,1,-1,-1,-1
543,2,669,1064,50,50,1,-1,-1,-1
543,3,383,1046,50,50,1,-1,-1,-1
543,4,359,1029,50,50,1,-1,-1,-1
543,5,641,1063,50,50,1,-1,-1,-1
544,1,379,1044,50,50,1,-1,-1,-1
544,2,668,1063,50,50,1,-1,-1,-1
544,3,382,1050,50,50,1,-1,-1,-1
544,4,359,1032,50,50,1,-1,-1,-1
544,5,642,1061,50,50,1,-1,-1,-1
545,1,379,1048,50,50,1,-1,-1,-1
545,2,668,1062,50,50,1,-1,-1,-1
545,3,382,1052,50,50,1,-1,-1,-1
545,4,359,1032,50,50,1,-1,-1,-1
545,5,643,1060,50,50,1,-1,-1,-1
546,1,379,1049,50,50,1,-1,-1,-1
546,2,669,1058,50,50,1,-1,-1,-1
546,3,386,1046,50,50,1,-1,-1,-1
546,4,359,1032,50,50,1,-1,-1,-1
546,5,644,1059,50,50,1,-1,-1,-1
547,1,379,1050,50,50,1,-1,-1,-1
547,2,670,1058,50,50,1,-1,-1,-1
547,3,385,1046,50,50,1,-1,-1,-1
547,4,359,1032,50,50,1,-1,-1,-1
547,5,645,1057,50,50,1,-1,-1,-1
548,1,379,1049,50,50,1,-1,-1,-1
548,2,671,1054,50,50,1,-1,-1,-1
548,3,385,1045,50,50,1,-1,-1,-1
548,4,358,1034,50,50,1,-1,-1,-1
548,5,646,1055,50,50,1,-1,-1,-1
549,1,378,1047,50,50,1,-1,-1,-1
549,2,672,1052,50,50,1,-1,-1,-1
549,3,386,1044,50,50,1,-1,-1,-1
549,4,358,1034,50,50,1,-1,-1,-1
549,5,647,1053,50,50,1,-1,-1,-1
550,1,376,1047,50,50,1,-1,-1,-1
550,2,670,1053,50,50,1,-1,-1,-1
550,3,386,1042,50,50,1,-1,-1,-1
550,4,358,1033,50,50,1,-1,-1,-1
550,5,646,1055,50,50,1,-1,-1,-1
551,1,374,1047,50,50,1,-1,-1,-1
551,2,668,1055,50,50,1,-1,-1,-1
551,3,385,1041,50,50,1,-1,-1,-1
551,4,357,1033,50,50,1,-1,-1,-1
551,5,646,1056,50,50,1,-1,-1,-1
552,1,372,1047,50,50,1,-1,-1,-1
552,2,667,1053,50,50,1,-1,-1,-1
552,3,387,1041,50,50,1,-1,-1,-1
552,4,355,1036,50,50,1,-1,-1,-1
552,5,646,1057,50,50,1,-1,-1,-1
553,1,371,1048,50,50,1,-1,-1,-1
553,2,666,1051,50,50,1,-1,-1,-1
553,3,386,1042,50,50,1,-1,-1,-1
553,4,355,1036,50,50,1,-1,-1,-1
553,5,643,1058,50,50,1,-1,-1,-1
554,1,373,1048,50,50,1,-1,-1,-1
554,2,665,1050,50,50,1,-1,-1,-1
554,3,384,1042,50,50,1,-1,-1,-1
554,4,354,1035,50,50,1,-1,-1,-1
554,5,641,1058,50,50,1,-1,-1,-1
555,1,375,1048,50,50,1,-1,-1,-1
555,2,665,1050,50,50,1,-1,-1,-1
555,3,383,1041,50,50,1,-1,-1,-1
555,4,354,1038,50,50,1,-1,-1,-1
555,5,640,1057,50,50,1,-1,-1,-1
556,1,374,1048,50,50,1,-1,-1,-1
556,2,665,1050,50,50,1,-1,-1,-1
556,3,382,1041,50,50,1,-1,-1,-1
556,4,354,1040,50,50,1,-1,-1,-1
556,5,639,1055,50,50,1,-1,-1,-1
557,1,373,1048,50,50,1,-1,-1,-1
557,2,666,1050,50,50,1,-1,-1,-1
557,3,381,1042,50,50,1,-1,-1,-1
557,4,354,1040,50,50,1,-1,-1,-1
557,5,641,1054,50,50,1,-1,-1,-1
558,1,373,1054,50,50,1,-1,-1,-1
558,2,669,1053,50,50,1,-1,-1,-1
558,3,380,1049,50,50,1,-1,-1,-1
558,4,353,1042,50,50,1,-1,-1,-1
558,5,642,1057,50,50,1,-1,-1,-1
559,1,373,1061,50,50,1,-1,-1,-1
559,2,672,1056,50,50,1,-1,-1,-1
559,3,378,1057,50,50,1,-1,-1,-1
559,4,349,1045,50,50,1,-1,-1,-1
559,5,645,1065,50,50,1,-1,-1,-1
560,1,373,1069,50,50,1,-1,-1,-1
560,2,672,1069,50,50,1,-1,-1,-1
560,3,372,1074,50,50,1,-1,-1,-1
560,4,346,1059,50,50,1,-1,-1,-1
560,5,648,1077,50,50,1,-1,-1,-1
561,1,371,1084,50,50,1,-1,-1,-1
561,2,672,1096,50,50,1,-1,-1,-1
561,3,362,1098,50,50,1,-1,-1,-1
561,4,342,1078,50,50,1,-1,-1,-1
561,5,649,1098,50,50,1,-1,-1,-1
562,1,366,1104,50,50,1,-1,-1,-1
562,2,674,1128,50,50,1,-1,-1,-1
562,3,353,1124,50,50,1,-1,-1,-1
562,4,336,1102,50,50,1,-1,-1,-1
562,5,649,1126,50,50,1,-1,-1,-1
563,1,360,1130,50,50,1,-1,-1,-1
563,2,676,1161,50,50,1,-1,-1,-1
563,3,349,1152,50,50,1,-1,-1,-1
563,4,328,1134,50,50,1,-1,-1,-1
563,5,648,1155,50,50,1,-1,-1,-1
564,1,354,1160,50,50,1,-1,-1,-1
564,2,675,1196,50,50,1,-1,-1,-1
564,3,345,1189,50,50,1,-1,-1,-1
564,4,323,1166,50,50,1,-1,-1,-1
564,5,647,1185,50,50,1,-1,-1,-1
565,1,351,1189,50,50,1,-1,-1,-1
565,2,671,1231,50,50,1,-1,-1,-1
565,3,343,1225,50,50,1,-1,-1,-1
565,4,319,1200,50,50,1,-1,-1,-1
565,5,644,1214,50,50,1,-1,-1,-1
