1,1,447,1249,50,50,1,-1,-1,-1
1,2,531,1315,50,50,1,-1,-1,-1
1,3,418,1251,50,50,1,-1,-1,-1
1,4,525,1301,50,50,1,-1,-1,-1
1,5,441,1274,50,50,1,-1,-1,-1
2,1,445,1273,50,50,1,-1,-1,-1
2,2,521,1285,50,50,1,-1,-1,-1
2,3,420,1271,50,50,1,-1,-1,-1
2,4,523,1295,50,50,1,-1,-1,-1
2,5,437,1287,50,50,1,-1,-1,-1
3,1,445,1297,50,50,1,-1,-1,-1
3,2,519,1264,50,50,1,-1,-1,-1
3,3,423,1296,50,50,1,-1,-1,-1
3,4,524,1285,50,50,1,-1,-1,-1
3,5,435,1302,50,50,1,-1,-1,-1
4,1,445,1327,50,50,1,-1,-1,-1
4,2,518,1240,50,50,1,-1,-1,-1
4,3,423,1325,50,50,1,-1,-1,-1
4,4,522,1261,50,50,1,-1,-1,-1
4,5,435,1321,50,50,1,-1,-1,-1
5,1,450,1361,50,50,1,-1,-1,-1
5,2,524,1221,50,50,1,-1,-1,-1
5,3,423,1357,50,50,1,-1,-1,-1
5,4,521,1244,50,50,1,-1,-1,-1
5,5,443,1344,50,50,1,-1,-1,-1
6,1,451,1390,50,50,1,-1,-1,-1
6,2,527,1207,50,50,1,-1,-1,-1
6,3,427,1381,50,50,1,-1,-1,-1
6,4,522,1231,50,50,1,-1,-1,-1
6,5,447,1364,50,50,1,-1,-1,-1
7,1,459,1407,50,50,1,-1,-1,-1
7,2,530,1198,50,50,1,-1,-1,-1
7,3,433,1397,50,50,1,-1,-1,-1
7,4,526,1226,50,50,1,-1,-1,-1
7,5,452,1377,50,50,1,-1,-1,-1
8,1,465,1412,50,50,1,-1,-1,-1
8,2,533,1205,50,50,1,-1,-1,-1
8,3,442,1399,50,50,1,-1,-1,-1
8,4,530,1228,50,50,1,-1,-1,-1
8,5,458,1379,50,50,1,-1,-1,-1
9,1,474,1392,50,50,1,-1,-1,-1
9,2,535,1221,50,50,1,-1,-1,-1
9,3,449,1386,50,50,1,-1,-1,-1
9,4,531,1238,50,50,1,-1,-1,-1
9,5,464,1366,50,50,1,-1,-1,-1
10,1,478,1334,50,50,1,-1,-1,-1
10,2,536,1252,50,50,1,-1,-1,-1
10,3,452,1338,50,50,1,-1,-1,-1
10,4,532,1257,50,50,1,-1,-1,-1
10,5,469,1345,50,50,1,-1,-1,-1
11,1,477,1266,50,50,1,-1,-1,-1
11,2,537,1286,50,50,1,-1,-1,-1
11,3,451,1278,50,50,1,-1,-1,-1
11,4,533,1284,50,50,1,-1,-1,-1
11,5,475,1291,50,50,1,-1,-1,-1
12,1,478,1176,50,50,1,-1,-1,-1
12,2,536,1323,50,50,1,-1,-1,-1
12,3,448,1204,50,50,1,-1,-1,-1
12,4,525,1313,50,50,1,-1,-1,-1
12,5,477,1229,50,50,1,-1,-1,-1
13,1,475,1097,50,50,1,-1,-1,-1
13,2,534,1354,50,50,1,-1,-1,-1
13,3,450,1143,50,50,1,-1,-1,-1
13,4,521,1337,50,50,1,-1,-1,-1
13,5,472,1176,50,50,1,-1,-1,-1
14,1,468,1025,50,50,1,-1,-1,-1
14,2,534,1370,50,50,1,-1,-1,-1
14,3,448,1108,50,50,1,-1,-1,-1
14,4,523,1346,50,50,1,-1,-1,-1
14,5,465,1137,50,50,1,-1,-1,-1
15,1,464,953,50,50,1,-1,-1,-1
15,2,530,1377,50,50,1,-1,-1,-1
15,3,439,1096,50,50,1,-1,-1,-1
15,4,520,1351,50,50,1,-1,-1,-1
15,5,456,1123,50,50,1,-1,-1,-1
16,1,460,884,50,50,1,-1,-1,-1
16,2,524,1372,50,50,1,-1,-1,-1
16,3,431,1108,50,50,1,-1,-1,-1
16,4,513,1342,50,50,1,-1,-1,-1
16,5,450,1128,50,50,1,-1,-1,-1
17,1,456,822,50,50,1,-1,-1,-1
17,2,518,1348,50,50,1,-1,-1,-1
17,3,426,1141,50,50,1,-1,-1,-1
17,4,508,1322,50,50,1,-1,-1,-1
17,5,445,1151,50,50,1,-1,-1,-1
18,1,451,764,50,50,1,-1,-1,-1
18,2,512,1300,50,50,1,-1,-1,-1
18,3,420,1190,50,50,1,-1,-1,-1
18,4,505,1292,50,50,1,-1,-1,-1
18,5,440,1196,50,50,1,-1,-1,-1
19,1,446,712,50,50,1,-1,-1,-1
19,2,513,1252,50,50,1,-1,-1,-1
19,3,422,1253,50,50,1,-1,-1,-1
19,4,504,1264,50,50,1,-1,-1,-1
19,5,439,1245,50,50,1,-1,-1,-1
20,1,442,663,50,50,1,-1,-1,-1
20,2,515,1200,50,50,1,-1,-1,-1
20,3,423,1309,50,50,1,-1,-1,-1
20,4,510,1236,50,50,1,-1,-1,-1
20,5,442,1296,50,50,1,-1,-1,-1
21,1,438,618,50,50,1,-1,-1,-1
21,2,517,1152,50,50,1,-1,-1,-1
21,3,432,1357,50,50,1,-1,-1,-1
21,4,517,1221,50,50,1,-1,-1,-1
21,5,449,1338,50,50,1,-1,-1,-1
22,1,435,580,50,50,1,-1,-1,-1
22,2,519,1111,50,50,1,-1,-1,-1
22,3,441,1377,50,50,1,-1,-1,-1
22,4,525,1216,50,50,1,-1,-1,-1
22,5,456,1354,50,50,1,-1,-1,-1
23,1,432,546,50,50,1,-1,-1,-1
23,2,521,1076,50,50,1,-1,-1,-1
23,3,451,1373,50,50,1,-1,-1,-1
23,4,532,1221,50,50,1,-1,-1,-1
23,5,464,1349,50,50,1,-1,-1,-1
24,1,429,519,50,50,1,-1,-1,-1
24,2,523,1046,50,50,1,-1,-1,-1
24,3,457,1339,50,50,1,-1,-1,-1
24,4,538,1240,50,50,1,-1,-1,-1
24,5,469,1322,50,50,1,-1,-1,-1
25,1,425,494,50,50,1,-1,-1,-1
25,2,525,1019,50,50,1,-1,-1,-1
25,3,459,1288,50,50,1,-1,-1,-1
25,4,539,1271,50,50,1,-1,-1,-1
25,5,470,1287,50,50,1,-1,-1,-1
26,1,420,472,50,50,1,-1,-1,-1
26,2,528,997,50,50,1,-1,-1,-1
26,3,463,1217,50,50,1,-1,-1,-1
26,4,538,1307,50,50,1,-1,-1,-1
26,5,471,1245,50,50,1,-1,-1,-1
27,1,415,456,50,50,1,-1,-1,-1
27,2,530,978,50,50,1,-1,-1,-1
27,3,467,1147,50,50,1,-1,-1,-1
27,4,537,1343,50,50,1,-1,-1,-1
27,5,471,1205,50,50,1,-1,-1,-1
28,1,411,448,50,50,1,-1,-1,-1
28,2,533,963,50,50,1,-1,-1,-1
28,3,478,1087,50,50,1,-1,-1,-1
28,4,536,1371,50,50,1,-1,-1,-1
28,5,470,1170,50,50,1,-1,-1,-1
29,1,407,443,50,50,1,-1,-1,-1
29,2,536,955,50,50,1,-1,-1,-1
29,3,485,1031,50,50,1,-1,-1,-1
29,4,531,1394,50,50,1,-1,-1,-1
29,5,465,1158,50,50,1,-1,-1,-1
30,1,403,438,50,50,1,-1,-1,-1
30,2,539,952,50,50,1,-1,-1,-1
30,3,490,982,50,50,1,-1,-1,-1
30,4,524,1401,50,50,1,-1,-1,-1
30,5,459,1162,50,50,1,-1,-1,-1
31,1,400,439,50,50,1,-1,-1,-1
31,2,542,952,50,50,1,-1,-1,-1
31,3,495,937,50,50,1,-1,-1,-1
31,4,516,1388,50,50,1,-1,-1,-1
31,5,447,1187,50,50,1,-1,-1,-1
32,1,397,443,50,50,1,-1,-1,-1
32,2,545,954,50,50,1,-1,-1,-1
32,3,499,896,50,50,1,-1,-1,-1
32,4,507,1358,50,50,1,-1,-1,-1
32,5,435,1216,50,50,1,-1,-1,-1
33,1,394,454,50,50,1,-1,-1,-1
33,2,548,964,50,50,1,-1,-1,-1
33,3,506,859,50,50,1,-1,-1,-1
33,4,498,1302,50,50,1,-1,-1,-1
33,5,432,1250,50,50,1,-1,-1,-1
34,1,390,470,50,50,1,-1,-1,-1
34,2,551,979,50,50,1,-1,-1,-1
34,3,513,825,50,50,1,-1,-1,-1
34,4,493,1226,50,50,1,-1,-1,-1
34,5,431,1289,50,50,1,-1,-1,-1
35,1,386,490,50,50,1,-1,-1,-1
35,2,554,997,50,50,1,-1,-1,-1
35,3,519,800,50,50,1,-1,-1,-1
35,4,492,1150,50,50,1,-1,-1,-1
35,5,438,1324,50,50,1,-1,-1,-1
36,1,382,514,50,50,1,-1,-1,-1
36,2,557,1019,50,50,1,-1,-1,-1
36,3,525,777,50,50,1,-1,-1,-1
36,4,494,1072,50,50,1,-1,-1,-1
36,5,449,1352,50,50,1,-1,-1,-1
37,1,380,545,50,50,1,-1,-1,-1
37,2,561,1048,50,50,1,-1,-1,-1
37,3,530,760,50,50,1,-1,-1,-1
37,4,496,996,50,50,1,-1,-1,-1
37,5,461,1361,50,50,1,-1,-1,-1
38,1,378,576,50,50,1,-1,-1,-1
38,2,565,1080,50,50,1,-1,-1,-1
38,3,539,745,50,50,1,-1,-1,-1
38,4,497,931,50,50,1,-1,-1,-1
38,5,470,1351,50,50,1,-1,-1,-1
39,1,375,611,50,50,1,-1,-1,-1
39,2,568,1113,50,50,1,-1,-1,-1
39,3,547,736,50,50,1,-1,-1,-1
39,4,500,867,50,50,1,-1,-1,-1
39,5,476,1325,50,50,1,-1,-1,-1
40,1,370,656,50,50,1,-1,-1,-1
40,2,571,1145,50,50,1,-1,-1,-1
40,3,553,734,50,50,1,-1,-1,-1
40,4,503,804,50,50,1,-1,-1,-1
40,5,478,1281,50,50,1,-1,-1,-1
41,1,369,703,50,50,1,-1,-1,-1
41,2,572,1168,50,50,1,-1,-1,-1
41,3,560,732,50,50,1,-1,-1,-1
41,4,505,752,50,50,1,-1,-1,-1
41,5,479,1227,50,50,1,-1,-1,-1
42,1,367,754,50,50,1,-1,-1,-1
42,2,574,1198,50,50,1,-1,-1,-1
42,3,567,734,50,50,1,-1,-1,-1
42,4,507,705,50,50,1,-1,-1,-1
42,5,478,1174,50,50,1,-1,-1,-1
43,1,364,811,50,50,1,-1,-1,-1
43,2,576,1231,50,50,1,-1,-1,-1
43,3,574,741,50,50,1,-1,-1,-1
43,4,509,654,50,50,1,-1,-1,-1
43,5,477,1129,50,50,1,-1,-1,-1
44,1,361,870,50,50,1,-1,-1,-1
44,2,577,1271,50,50,1,-1,-1,-1
44,3,581,752,50,50,1,-1,-1,-1
44,4,511,609,50,50,1,-1,-1,-1
44,5,476,1089,50,50,1,-1,-1,-1
45,1,358,931,50,50,1,-1,-1,-1
45,2,578,1312,50,50,1,-1,-1,-1
45,3,589,770,50,50,1,-1,-1,-1
45,4,512,571,50,50,1,-1,-1,-1
45,5,475,1052,50,50,1,-1,-1,-1
46,1,357,1001,50,50,1,-1,-1,-1
46,2,584,1342,50,50,1,-1,-1,-1
46,3,597,791,50,50,1,-1,-1,-1
46,4,514,539,50,50,1,-1,-1,-1
46,5,474,1018,50,50,1,-1,-1,-1
47,1,355,1079,50,50,1,-1,-1,-1
47,2,587,1334,50,50,1,-1,-1,-1
47,3,605,815,50,50,1,-1,-1,-1
47,4,517,510,50,50,1,-1,-1,-1
47,5,473,984,50,50,1,-1,-1,-1
48,1,350,1148,50,50,1,-1,-1,-1
48,2,581,1286,50,50,1,-1,-1,-1
48,3,613,844,50,50,1,-1,-1,-1
48,4,520,485,50,50,1,-1,-1,-1
48,5,471,959,50,50,1,-1,-1,-1
49,1,348,1196,50,50,1,-1,-1,-1
49,2,578,1227,50,50,1,-1,-1,-1
49,3,619,877,50,50,1,-1,-1,-1
49,4,523,467,50,50,1,-1,-1,-1
49,5,469,942,50,50,1,-1,-1,-1
50,1,352,1228,50,50,1,-1,-1,-1
50,2,569,1161,50,50,1,-1,-1,-1
50,3,626,913,50,50,1,-1,-1,-1
50,4,526,455,50,50,1,-1,-1,-1
50,5,469,928,50,50,1,-1,-1,-1
51,1,367,1257,50,50,1,-1,-1,-1
51,2,561,1093,50,50,1,-1,-1,-1
51,3,633,956,50,50,1,-1,-1,-1
51,4,529,445,50,50,1,-1,-1,-1
51,5,470,918,50,50,1,-1,-1,-1
52,1,387,1293,50,50,1,-1,-1,-1
52,2,552,1027,50,50,1,-1,-1,-1
52,3,640,1003,50,50,1,-1,-1,-1
52,4,532,438,50,50,1,-1,-1,-1
52,5,471,909,50,50,1,-1,-1,-1
53,1,409,1329,50,50,1,-1,-1,-1
53,2,541,969,50,50,1,-1,-1,-1
53,3,648,1051,50,50,1,-1,-1,-1
53,4,535,441,50,50,1,-1,-1,-1
53,5,470,906,50,50,1,-1,-1,-1
54,1,436,1364,50,50,1,-1,-1,-1
54,2,534,922,50,50,1,-1,-1,-1
54,3,656,1099,50,50,1,-1,-1,-1
54,4,538,444,50,50,1,-1,-1,-1
54,5,469,908,50,50,1,-1,-1,-1
55,1,464,1390,50,50,1,-1,-1,-1
55,2,526,875,50,50,1,-1,-1,-1
55,3,660,1141,50,50,1,-1,-1,-1
55,4,541,450,50,50,1,-1,-1,-1
55,5,467,917,50,50,1,-1,-1,-1
56,1,488,1392,50,50,1,-1,-1,-1
56,2,517,828,50,50,1,-1,-1,-1
56,3,663,1158,50,50,1,-1,-1,-1
56,4,544,464,50,50,1,-1,-1,-1
56,5,465,929,50,50,1,-1,-1,-1
57,1,503,1372,50,50,1,-1,-1,-1
57,2,508,785,50,50,1,-1,-1,-1
57,3,664,1180,50,50,1,-1,-1,-1
57,4,547,480,50,50,1,-1,-1,-1
57,5,465,946,50,50,1,-1,-1,-1
58,1,510,1321,50,50,1,-1,-1,-1
58,2,499,751,50,50,1,-1,-1,-1
58,3,659,1208,50,50,1,-1,-1,-1
58,4,551,503,50,50,1,-1,-1,-1
58,5,465,965,50,50,1,-1,-1,-1
59,1,513,1244,50,50,1,-1,-1,-1
59,2,490,727,50,50,1,-1,-1,-1
59,3,632,1242,50,50,1,-1,-1,-1
59,4,555,529,50,50,1,-1,-1,-1
59,5,465,987,50,50,1,-1,-1,-1
60,1,511,1164,50,50,1,-1,-1,-1
60,2,481,700,50,50,1,-1,-1,-1
60,3,609,1281,50,50,1,-1,-1,-1
60,4,558,559,50,50,1,-1,-1,-1
60,5,465,1018,50,50,1,-1,-1,-1
61,1,509,1085,50,50,1,-1,-1,-1
61,2,473,678,50,50,1,-1,-1,-1
61,3,579,1318,50,50,1,-1,-1,-1
61,4,561,593,50,50,1,-1,-1,-1
61,5,465,1051,50,50,1,-1,-1,-1
62,1,505,1010,50,50,1,-1,-1,-1
62,2,466,659,50,50,1,-1,-1,-1
62,3,562,1332,50,50,1,-1,-1,-1
62,4,564,631,50,50,1,-1,-1,-1
62,5,465,1089,50,50,1,-1,-1,-1
63,1,499,943,50,50,1,-1,-1,-1
63,2,459,643,50,50,1,-1,-1,-1
63,3,548,1317,50,50,1,-1,-1,-1
63,4,567,676,50,50,1,-1,-1,-1
63,5,466,1129,50,50,1,-1,-1,-1
64,1,493,879,50,50,1,-1,-1,-1
64,2,451,635,50,50,1,-1,-1,-1
64,3,532,1277,50,50,1,-1,-1,-1
64,4,572,731,50,50,1,-1,-1,-1
64,5,468,1170,50,50,1,-1,-1,-1
65,1,489,821,50,50,1,-1,-1,-1
65,2,442,633,50,50,1,-1,-1,-1
65,3,515,1223,50,50,1,-1,-1,-1
65,4,578,788,50,50,1,-1,-1,-1
65,5,462,1201,50,50,1,-1,-1,-1
66,1,486,767,50,50,1,-1,-1,-1
66,2,432,635,50,50,1,-1,-1,-1
66,3,511,1161,50,50,1,-1,-1,-1
66,4,582,847,50,50,1,-1,-1,-1
66,5,459,1231,50,50,1,-1,-1,-1
67,1,483,718,50,50,1,-1,-1,-1
67,2,424,641,50,50,1,-1,-1,-1
67,3,518,1115,50,50,1,-1,-1,-1
67,4,585,910,50,50,1,-1,-1,-1
67,5,457,1258,50,50,1,-1,-1,-1
68,1,480,673,50,50,1,-1,-1,-1
68,2,414,653,50,50,1,-1,-1,-1
68,3,521,1066,50,50,1,-1,-1,-1
68,4,588,977,50,50,1,-1,-1,-1
68,5,456,1293,50,50,1,-1,-1,-1
69,1,476,631,50,50,1,-1,-1,-1
69,2,405,666,50,50,1,-1,-1,-1
69,3,523,1019,50,50,1,-1,-1,-1
69,4,593,1051,50,50,1,-1,-1,-1
69,5,456,1327,50,50,1,-1,-1,-1
70,1,472,593,50,50,1,-1,-1,-1
70,2,399,682,50,50,1,-1,-1,-1
70,3,521,978,50,50,1,-1,-1,-1
70,4,599,1125,50,50,1,-1,-1,-1
70,5,454,1360,50,50,1,-1,-1,-1
71,1,468,560,50,50,1,-1,-1,-1
71,2,391,705,50,50,1,-1,-1,-1
71,3,520,946,50,50,1,-1,-1,-1
71,4,602,1187,50,50,1,-1,-1,-1
71,5,451,1373,50,50,1,-1,-1,-1
72,1,464,532,50,50,1,-1,-1,-1
72,2,381,735,50,50,1,-1,-1,-1
72,3,520,917,50,50,1,-1,-1,-1
72,4,597,1210,50,50,1,-1,-1,-1
72,5,450,1355,50,50,1,-1,-1,-1
73,1,460,510,50,50,1,-1,-1,-1
73,2,375,765,50,50,1,-1,-1,-1
73,3,522,894,50,50,1,-1,-1,-1
73,4,589,1238,50,50,1,-1,-1,-1
73,5,445,1309,50,50,1,-1,-1,-1
74,1,456,493,50,50,1,-1,-1,-1
74,2,368,800,50,50,1,-1,-1,-1
74,3,524,875,50,50,1,-1,-1,-1
74,4,575,1268,50,50,1,-1,-1,-1
74,5,442,1247,50,50,1,-1,-1,-1
75,1,453,481,50,50,1,-1,-1,-1
75,2,360,841,50,50,1,-1,-1,-1
75,3,526,858,50,50,1,-1,-1,-1
75,4,564,1301,50,50,1,-1,-1,-1
75,5,446,1179,50,50,1,-1,-1,-1
76,1,450,474,50,50,1,-1,-1,-1
76,2,352,886,50,50,1,-1,-1,-1
76,3,527,846,50,50,1,-1,-1,-1
76,4,555,1339,50,50,1,-1,-1,-1
76,5,450,1114,50,50,1,-1,-1,-1
77,1,447,471,50,50,1,-1,-1,-1
77,2,344,932,50,50,1,-1,-1,-1
77,3,528,838,50,50,1,-1,-1,-1
77,4,548,1375,50,50,1,-1,-1,-1
77,5,453,1053,50,50,1,-1,-1,-1
78,1,443,472,50,50,1,-1,-1,-1
78,2,337,984,50,50,1,-1,-1,-1
78,3,529,835,50,50,1,-1,-1,-1
78,4,539,1396,50,50,1,-1,-1,-1
78,5,459,997,50,50,1,-1,-1,-1
79,1,438,476,50,50,1,-1,-1,-1
79,2,330,1037,50,50,1,-1,-1,-1
79,3,530,837,50,50,1,-1,-1,-1
79,4,533,1409,50,50,1,-1,-1,-1
79,5,465,943,50,50,1,-1,-1,-1
80,1,433,487,50,50,1,-1,-1,-1
80,2,323,1096,50,50,1,-1,-1,-1
80,3,534,843,50,50,1,-1,-1,-1
80,4,527,1409,50,50,1,-1,-1,-1
80,5,471,893,50,50,1,-1,-1,-1
81,1,429,499,50,50,1,-1,-1,-1
81,2,316,1135,50,50,1,-1,-1,-1
81,3,537,855,50,50,1,-1,-1,-1
81,4,513,1398,50,50,1,-1,-1,-1
81,5,477,849,50,50,1,-1,-1,-1
82,1,427,516,50,50,1,-1,-1,-1
82,2,319,1150,50,50,1,-1,-1,-1
82,3,538,871,50,50,1,-1,-1,-1
82,4,497,1366,50,50,1,-1,-1,-1
82,5,482,811,50,50,1,-1,-1,-1
83,1,426,539,50,50,1,-1,-1,-1
83,2,330,1172,50,50,1,-1,-1,-1
83,3,539,890,50,50,1,-1,-1,-1
83,4,485,1301,50,50,1,-1,-1,-1
83,5,487,776,50,50,1,-1,-1,-1
84,1,425,568,50,50,1,-1,-1,-1
84,2,345,1198,50,50,1,-1,-1,-1
84,3,540,914,50,50,1,-1,-1,-1
84,4,476,1221,50,50,1,-1,-1,-1
84,5,493,745,50,50,1,-1,-1,-1
85,1,422,601,50,50,1,-1,-1,-1
85,2,376,1234,50,50,1,-1,-1,-1
85,3,541,942,50,50,1,-1,-1,-1
85,4,479,1139,50,50,1,-1,-1,-1
85,5,499,716,50,50,1,-1,-1,-1
86,1,418,637,50,50,1,-1,-1,-1
86,2,408,1274,50,50,1,-1,-1,-1
86,3,543,973,50,50,1,-1,-1,-1
86,4,482,1058,50,50,1,-1,-1,-1
86,5,505,695,50,50,1,-1,-1,-1
87,1,414,680,50,50,1,-1,-1,-1
87,2,447,1313,50,50,1,-1,-1,-1
87,3,546,1009,50,50,1,-1,-1,-1
87,4,485,979,50,50,1,-1,-1,-1
87,5,510,678,50,50,1,-1,-1,-1
88,1,410,726,50,50,1,-1,-1,-1
88,2,470,1318,50,50,1,-1,-1,-1
88,3,549,1052,50,50,1,-1,-1,-1
88,4,488,909,50,50,1,-1,-1,-1
88,5,515,667,50,50,1,-1,-1,-1
89,1,408,778,50,50,1,-1,-1,-1
89,2,485,1286,50,50,1,-1,-1,-1
89,3,551,1094,50,50,1,-1,-1,-1
89,4,491,844,50,50,1,-1,-1,-1
89,5,520,658,50,50,1,-1,-1,-1
90,1,407,836,50,50,1,-1,-1,-1
90,2,486,1234,50,50,1,-1,-1,-1
90,3,553,1133,50,50,1,-1,-1,-1
90,4,494,782,50,50,1,-1,-1,-1
90,5,525,652,50,50,1,-1,-1,-1
91,1,406,897,50,50,1,-1,-1,-1
91,2,485,1181,50,50,1,-1,-1,-1
91,3,557,1160,50,50,1,-1,-1,-1
91,4,497,723,50,50,1,-1,-1,-1
91,5,530,650,50,50,1,-1,-1,-1
92,1,405,964,50,50,1,-1,-1,-1
92,2,481,1133,50,50,1,-1,-1,-1
92,3,559,1192,50,50,1,-1,-1,-1
92,4,500,667,50,50,1,-1,-1,-1
92,5,534,659,50,50,1,-1,-1,-1
93,1,400,1035,50,50,1,-1,-1,-1
93,2,478,1089,50,50,1,-1,-1,-1
93,3,557,1231,50,50,1,-1,-1,-1
93,4,503,618,50,50,1,-1,-1,-1
93,5,540,667,50,50,1,-1,-1,-1
94,1,396,1112,50,50,1,-1,-1,-1
94,2,475,1046,50,50,1,-1,-1,-1
94,3,554,1280,50,50,1,-1,-1,-1
94,4,506,572,50,50,1,-1,-1,-1
94,5,549,679,50,50,1,-1,-1,-1
95,1,394,1187,50,50,1,-1,-1,-1
95,2,471,1009,50,50,1,-1,-1,-1
95,3,552,1330,50,50,1,-1,-1,-1
95,4,508,534,50,50,1,-1,-1,-1
95,5,557,700,50,50,1,-1,-1,-1
96,1,395,1221,50,50,1,-1,-1,-1
96,2,467,981,50,50,1,-1,-1,-1
96,3,554,1358,50,50,1,-1,-1,-1
96,4,510,500,50,50,1,-1,-1,-1
96,5,564,722,50,50,1,-1,-1,-1
97,1,412,1234,50,50,1,-1,-1,-1
97,2,463,958,50,50,1,-1,-1,-1
97,3,552,1350,50,50,1,-1,-1,-1
97,4,513,471,50,50,1,-1,-1,-1
97,5,570,751,50,50,1,-1,-1,-1
98,1,419,1249,50,50,1,-1,-1,-1
98,2,459,938,50,50,1,-1,-1,-1
98,3,544,1307,50,50,1,-1,-1,-1
98,4,518,448,50,50,1,-1,-1,-1
98,5,576,784,50,50,1,-1,-1,-1
99,1,430,1268,50,50,1,-1,-1,-1
99,2,455,919,50,50,1,-1,-1,-1
99,3,538,1248,50,50,1,-1,-1,-1
99,4,522,427,50,50,1,-1,-1,-1
99,5,583,822,50,50,1,-1,-1,-1
100,1,441,1293,50,50,1,-1,-1,-1
100,2,451,906,50,50,1,-1,-1,-1
100,3,531,1181,50,50,1,-1,-1,-1
100,4,526,412,50,50,1,-1,-1,-1
100,5,590,864,50,50,1,-1,-1,-1
101,1,451,1326,50,50,1,-1,-1,-1
101,2,447,898,50,50,1,-1,-1,-1
101,3,523,1108,50,50,1,-1,-1,-1
101,4,530,399,50,50,1,-1,-1,-1
101,5,597,909,50,50,1,-1,-1,-1
102,1,461,1362,50,50,1,-1,-1,-1
102,2,444,895,50,50,1,-1,-1,-1
102,3,517,1042,50,50,1,-1,-1,-1
102,4,534,389,50,50,1,-1,-1,-1
102,5,604,960,50,50,1,-1,-1,-1
103,1,471,1391,50,50,1,-1,-1,-1
103,2,442,895,50,50,1,-1,-1,-1
103,3,513,981,50,50,1,-1,-1,-1
103,4,537,385,50,50,1,-1,-1,-1
103,5,612,1014,50,50,1,-1,-1,-1
104,1,479,1401,50,50,1,-1,-1,-1
104,2,440,902,50,50,1,-1,-1,-1
104,3,510,927,50,50,1,-1,-1,-1
104,4,540,389,50,50,1,-1,-1,-1
104,5,620,1074,50,50,1,-1,-1,-1
105,1,493,1400,50,50,1,-1,-1,-1
105,2,436,912,50,50,1,-1,-1,-1
105,3,506,879,50,50,1,-1,-1,-1
105,4,544,396,50,50,1,-1,-1,-1
105,5,628,1139,50,50,1,-1,-1,-1
106,1,502,1368,50,50,1,-1,-1,-1
106,2,432,924,50,50,1,-1,-1,-1
106,3,501,835,50,50,1,-1,-1,-1
106,4,549,406,50,50,1,-1,-1,-1
106,5,632,1186,50,50,1,-1,-1,-1
107,1,507,1310,50,50,1,-1,-1,-1
107,2,429,944,50,50,1,-1,-1,-1
107,3,496,794,50,50,1,-1,-1,-1
107,4,555,423,50,50,1,-1,-1,-1
107,5,632,1219,50,50,1,-1,-1,-1
108,1,505,1232,50,50,1,-1,-1,-1
108,2,426,971,50,50,1,-1,-1,-1
108,3,491,756,50,50,1,-1,-1,-1
108,4,558,442,50,50,1,-1,-1,-1
108,5,626,1251,50,50,1,-1,-1,-1
109,1,501,1154,50,50,1,-1,-1,-1
109,2,423,1001,50,50,1,-1,-1,-1
109,3,487,724,50,50,1,-1,-1,-1
109,4,561,462,50,50,1,-1,-1,-1
109,5,608,1288,50,50,1,-1,-1,-1
110,1,496,1078,50,50,1,-1,-1,-1
110,2,421,1034,50,50,1,-1,-1,-1
110,3,483,696,50,50,1,-1,-1,-1
110,4,565,490,50,50,1,-1,-1,-1
110,5,590,1320,50,50,1,-1,-1,-1
111,1,491,1006,50,50,1,-1,-1,-1
111,2,419,1072,50,50,1,-1,-1,-1
111,3,478,675,50,50,1,-1,-1,-1
111,4,570,525,50,50,1,-1,-1,-1
111,5,574,1352,50,50,1,-1,-1,-1
112,1,486,938,50,50,1,-1,-1,-1
112,2,417,1114,50,50,1,-1,-1,-1
112,3,473,657,50,50,1,-1,-1,-1
112,4,575,564,50,50,1,-1,-1,-1
112,5,562,1370,50,50,1,-1,-1,-1
113,1,481,874,50,50,1,-1,-1,-1
113,2,416,1155,50,50,1,-1,-1,-1
113,3,469,645,50,50,1,-1,-1,-1
113,4,580,604,50,50,1,-1,-1,-1
113,5,555,1352,50,50,1,-1,-1,-1
114,1,476,819,50,50,1,-1,-1,-1
114,2,417,1191,50,50,1,-1,-1,-1
114,3,465,638,50,50,1,-1,-1,-1
114,4,585,647,50,50,1,-1,-1,-1
114,5,546,1318,50,50,1,-1,-1,-1
115,1,472,774,50,50,1,-1,-1,-1
115,2,419,1224,50,50,1,-1,-1,-1
115,3,461,635,50,50,1,-1,-1,-1
115,4,590,697,50,50,1,-1,-1,-1
115,5,544,1272,50,50,1,-1,-1,-1
116,1,468,729,50,50,1,-1,-1,-1
116,2,426,1255,50,50,1,-1,-1,-1
116,3,457,633,50,50,1,-1,-1,-1
116,4,594,756,50,50,1,-1,-1,-1
116,5,542,1214,50,50,1,-1,-1,-1
117,1,464,685,50,50,1,-1,-1,-1
117,2,433,1295,50,50,1,-1,-1,-1
117,3,452,638,50,50,1,-1,-1,-1
117,4,599,813,50,50,1,-1,-1,-1
117,5,541,1163,50,50,1,-1,-1,-1
118,1,459,645,50,50,1,-1,-1,-1
118,2,442,1332,50,50,1,-1,-1,-1
118,3,447,649,50,50,1,-1,-1,-1
118,4,604,874,50,50,1,-1,-1,-1
118,5,542,1110,50,50,1,-1,-1,-1
119,1,454,609,50,50,1,-1,-1,-1
119,2,447,1361,50,50,1,-1,-1,-1
119,3,442,662,50,50,1,-1,-1,-1
119,4,609,941,50,50,1,-1,-1,-1
119,5,543,1057,50,50,1,-1,-1,-1
120,1,451,581,50,50,1,-1,-1,-1
120,2,453,1382,50,50,1,-1,-1,-1
120,3,438,679,50,50,1,-1,-1,-1
120,4,615,1013,50,50,1,-1,-1,-1
120,5,545,1015,50,50,1,-1,-1,-1
121,1,449,561,50,50,1,-1,-1,-1
121,2,454,1394,50,50,1,-1,-1,-1
121,3,435,699,50,50,1,-1,-1,-1
121,4,621,1086,50,50,1,-1,-1,-1
121,5,548,981,50,50,1,-1,-1,-1
122,1,444,545,50,50,1,-1,-1,-1
122,2,459,1382,50,50,1,-1,-1,-1
122,3,432,726,50,50,1,-1,-1,-1
122,4,628,1158,50,50,1,-1,-1,-1
122,5,551,947,50,50,1,-1,-1,-1
123,1,440,531,50,50,1,-1,-1,-1
123,2,461,1346,50,50,1,-1,-1,-1
123,3,430,760,50,50,1,-1,-1,-1
123,4,626,1206,50,50,1,-1,-1,-1
123,5,553,916,50,50,1,-1,-1,-1
124,1,436,520,50,50,1,-1,-1,-1
124,2,461,1291,50,50,1,-1,-1,-1
124,3,427,793,50,50,1,-1,-1,-1
124,4,615,1235,50,50,1,-1,-1,-1
124,5,554,887,50,50,1,-1,-1,-1
125,1,431,515,50,50,1,-1,-1,-1
125,2,458,1221,50,50,1,-1,-1,-1
125,3,423,829,50,50,1,-1,-1,-1
125,4,602,1270,50,50,1,-1,-1,-1
125,5,555,866,50,50,1,-1,-1,-1
126,1,426,514,50,50,1,-1,-1,-1
126,2,459,1147,50,50,1,-1,-1,-1
126,3,419,871,50,50,1,-1,-1,-1
126,4,581,1303,50,50,1,-1,-1,-1
126,5,557,854,50,50,1,-1,-1,-1
127,1,423,516,50,50,1,-1,-1,-1
127,2,463,1078,50,50,1,-1,-1,-1
127,3,416,919,50,50,1,-1,-1,-1
127,4,565,1338,50,50,1,-1,-1,-1
127,5,558,843,50,50,1,-1,-1,-1
128,1,421,524,50,50,1,-1,-1,-1
128,2,467,1014,50,50,1,-1,-1,-1
128,3,413,970,50,50,1,-1,-1,-1
128,4,550,1376,50,50,1,-1,-1,-1
128,5,559,834,50,50,1,-1,-1,-1
129,1,419,535,50,50,1,-1,-1,-1
129,2,470,951,50,50,1,-1,-1,-1
129,3,410,1026,50,50,1,-1,-1,-1
129,4,534,1401,50,50,1,-1,-1,-1
129,5,560,829,50,50,1,-1,-1,-1
130,1,416,550,50,50,1,-1,-1,-1
130,2,474,896,50,50,1,-1,-1,-1
130,3,407,1085,50,50,1,-1,-1,-1
130,4,527,1398,50,50,1,-1,-1,-1
130,5,562,832,50,50,1,-1,-1,-1
131,1,413,571,50,50,1,-1,-1,-1
131,2,478,846,50,50,1,-1,-1,-1
131,3,404,1139,50,50,1,-1,-1,-1
131,4,514,1381,50,50,1,-1,-1,-1
131,5,565,838,50,50,1,-1,-1,-1
132,1,410,597,50,50,1,-1,-1,-1
132,2,481,802,50,50,1,-1,-1,-1
132,3,403,1174,50,50,1,-1,-1,-1
132,4,501,1342,50,50,1,-1,-1,-1
132,5,569,848,50,50,1,-1,-1,-1
133,1,407,625,50,50,1,-1,-1,-1
133,2,483,761,50,50,1,-1,-1,-1
133,3,405,1205,50,50,1,-1,-1,-1
133,4,490,1283,50,50,1,-1,-1,-1
133,5,573,864,50,50,1,-1,-1,-1
134,1,404,656,50,50,1,-1,-1,-1
134,2,485,723,50,50,1,-1,-1,-1
134,3,414,1235,50,50,1,-1,-1,-1
134,4,484,1208,50,50,1,-1,-1,-1
134,5,577,883,50,50,1,-1,-1,-1
135,1,401,694,50,50,1,-1,-1,-1
135,2,487,688,50,50,1,-1,-1,-1
135,3,424,1269,50,50,1,-1,-1,-1
135,4,484,1129,50,50,1,-1,-1,-1
135,5,579,908,50,50,1,-1,-1,-1
136,1,397,740,50,50,1,-1,-1,-1
136,2,490,657,50,50,1,-1,-1,-1
136,3,434,1305,50,50,1,-1,-1,-1
136,4,484,1053,50,50,1,-1,-1,-1
136,5,581,937,50,50,1,-1,-1,-1
137,1,394,787,50,50,1,-1,-1,-1
137,2,494,636,50,50,1,-1,-1,-1
137,3,447,1331,50,50,1,-1,-1,-1
137,4,487,982,50,50,1,-1,-1,-1
137,5,582,970,50,50,1,-1,-1,-1
138,1,392,835,50,50,1,-1,-1,-1
138,2,498,616,50,50,1,-1,-1,-1
138,3,459,1328,50,50,1,-1,-1,-1
138,4,489,918,50,50,1,-1,-1,-1
138,5,583,1009,50,50,1,-1,-1,-1
139,1,391,888,50,50,1,-1,-1,-1
139,2,502,602,50,50,1,-1,-1,-1
139,3,466,1287,50,50,1,-1,-1,-1
139,4,491,858,50,50,1,-1,-1,-1
139,5,590,1050,50,50,1,-1,-1,-1
140,1,389,949,50,50,1,-1,-1,-1
140,2,506,590,50,50,1,-1,-1,-1
140,3,463,1231,50,50,1,-1,-1,-1
140,4,493,800,50,50,1,-1,-1,-1
140,5,596,1097,50,50,1,-1,-1,-1
141,1,385,1012,50,50,1,-1,-1,-1
141,2,510,580,50,50,1,-1,-1,-1
141,3,460,1177,50,50,1,-1,-1,-1
141,4,496,746,50,50,1,-1,-1,-1
141,5,598,1143,50,50,1,-1,-1,-1
142,1,381,1080,50,50,1,-1,-1,-1
142,2,515,581,50,50,1,-1,-1,-1
142,3,458,1130,50,50,1,-1,-1,-1
142,4,497,703,50,50,1,-1,-1,-1
142,5,592,1185,50,50,1,-1,-1,-1
143,1,377,1152,50,50,1,-1,-1,-1
143,2,520,583,50,50,1,-1,-1,-1
143,3,456,1088,50,50,1,-1,-1,-1
143,4,497,665,50,50,1,-1,-1,-1
143,5,577,1224,50,50,1,-1,-1,-1
144,1,375,1217,50,50,1,-1,-1,-1
144,2,524,590,50,50,1,-1,-1,-1
144,3,454,1049,50,50,1,-1,-1,-1
144,4,498,629,50,50,1,-1,-1,-1
144,5,564,1270,50,50,1,-1,-1,-1
145,1,367,1255,50,50,1,-1,-1,-1
145,2,528,600,50,50,1,-1,-1,-1
145,3,452,1010,50,50,1,-1,-1,-1
145,4,499,594,50,50,1,-1,-1,-1
145,5,555,1320,50,50,1,-1,-1,-1
146,1,367,1275,50,50,1,-1,-1,-1
146,2,532,618,50,50,1,-1,-1,-1
146,3,449,977,50,50,1,-1,-1,-1
146,4,500,566,50,50,1,-1,-1,-1
146,5,547,1367,50,50,1,-1,-1,-1
147,1,371,1292,50,50,1,-1,-1,-1
147,2,536,639,50,50,1,-1,-1,-1
147,3,446,954,50,50,1,-1,-1,-1
147,4,501,542,50,50,1,-1,-1,-1
147,5,543,1377,50,50,1,-1,-1,-1
148,1,381,1309,50,50,1,-1,-1,-1
148,2,542,665,50,50,1,-1,-1,-1
148,3,443,934,50,50,1,-1,-1,-1
148,4,502,520,50,50,1,-1,-1,-1
148,5,538,1362,50,50,1,-1,-1,-1
149,1,390,1329,50,50,1,-1,-1,-1
149,2,549,699,50,50,1,-1,-1,-1
149,3,441,917,50,50,1,-1,-1,-1
149,4,504,505,50,50,1,-1,-1,-1
149,5,527,1316,50,50,1,-1,-1,-1
150,1,402,1353,50,50,1,-1,-1,-1
150,2,554,733,50,50,1,-1,-1,-1
150,3,439,901,50,50,1,-1,-1,-1
150,4,506,498,50,50,1,-1,-1,-1
150,5,517,1252,50,50,1,-1,-1,-1
151,1,414,1374,50,50,1,-1,-1,-1
151,2,555,768,50,50,1,-1,-1,-1
151,3,437,889,50,50,1,-1,-1,-1
151,4,509,493,50,50,1,-1,-1,-1
151,5,509,1181,50,50,1,-1,-1,-1
152,1,425,1390,50,50,1,-1,-1,-1
152,2,559,813,50,50,1,-1,-1,-1
152,3,435,885,50,50,1,-1,-1,-1
152,4,513,490,50,50,1,-1,-1,-1
152,5,506,1113,50,50,1,-1,-1,-1
153,1,442,1399,50,50,1,-1,-1,-1
153,2,564,865,50,50,1,-1,-1,-1
153,3,432,886,50,50,1,-1,-1,-1
153,4,518,494,50,50,1,-1,-1,-1
153,5,501,1046,50,50,1,-1,-1,-1
154,1,458,1404,50,50,1,-1,-1,-1
154,2,570,921,50,50,1,-1,-1,-1
154,3,429,890,50,50,1,-1,-1,-1
154,4,522,501,50,50,1,-1,-1,-1
154,5,496,980,50,50,1,-1,-1,-1
155,1,473,1404,50,50,1,-1,-1,-1
155,2,576,978,50,50,1,-1,-1,-1
155,3,426,899,50,50,1,-1,-1,-1
155,4,524,511,50,50,1,-1,-1,-1
155,5,490,924,50,50,1,-1,-1,-1
156,1,482,1393,50,50,1,-1,-1,-1
156,2,582,1038,50,50,1,-1,-1,-1
156,3,423,913,50,50,1,-1,-1,-1
156,4,524,529,50,50,1,-1,-1,-1
156,5,484,874,50,50,1,-1,-1,-1
157,1,490,1359,50,50,1,-1,-1,-1
157,2,587,1091,50,50,1,-1,-1,-1
157,3,422,929,50,50,1,-1,-1,-1
157,4,527,551,50,50,1,-1,-1,-1
157,5,478,826,50,50,1,-1,-1,-1
158,1,492,1290,50,50,1,-1,-1,-1
158,2,591,1137,50,50,1,-1,-1,-1
158,3,421,948,50,50,1,-1,-1,-1
158,4,530,574,50,50,1,-1,-1,-1
158,5,473,780,50,50,1,-1,-1,-1
159,1,491,1213,50,50,1,-1,-1,-1
159,2,589,1169,50,50,1,-1,-1,-1
159,3,420,974,50,50,1,-1,-1,-1
159,4,533,603,50,50,1,-1,-1,-1
159,5,470,740,50,50,1,-1,-1,-1
160,1,490,1136,50,50,1,-1,-1,-1
160,2,582,1195,50,50,1,-1,-1,-1
160,3,419,1007,50,50,1,-1,-1,-1
160,4,536,637,50,50,1,-1,-1,-1
160,5,467,705,50,50,1,-1,-1,-1
161,1,485,1058,50,50,1,-1,-1,-1
161,2,579,1216,50,50,1,-1,-1,-1
161,3,417,1042,50,50,1,-1,-1,-1
161,4,538,678,50,50,1,-1,-1,-1
161,5,463,678,50,50,1,-1,-1,-1
162,1,483,983,50,50,1,-1,-1,-1
162,2,577,1229,50,50,1,-1,-1,-1
162,3,415,1081,50,50,1,-1,-1,-1
162,4,540,722,50,50,1,-1,-1,-1
162,5,459,655,50,50,1,-1,-1,-1
163,1,483,921,50,50,1,-1,-1,-1
163,2,576,1240,50,50,1,-1,-1,-1
163,3,413,1123,50,50,1,-1,-1,-1
163,4,542,767,50,50,1,-1,-1,-1
163,5,455,636,50,50,1,-1,-1,-1
164,1,483,864,50,50,1,-1,-1,-1
164,2,580,1241,50,50,1,-1,-1,-1
164,3,411,1166,50,50,1,-1,-1,-1
164,4,545,816,50,50,1,-1,-1,-1
164,5,450,619,50,50,1,-1,-1,-1
165,1,481,810,50,50,1,-1,-1,-1
165,2,584,1239,50,50,1,-1,-1,-1
165,3,414,1205,50,50,1,-1,-1,-1
165,4,549,870,50,50,1,-1,-1,-1
165,5,445,605,50,50,1,-1,-1,-1
166,1,478,757,50,50,1,-1,-1,-1
166,2,588,1237,50,50,1,-1,-1,-1
166,3,414,1226,50,50,1,-1,-1,-1
166,4,554,932,50,50,1,-1,-1,-1
166,5,439,598,50,50,1,-1,-1,-1
167,1,475,705,50,50,1,-1,-1,-1
167,2,593,1239,50,50,1,-1,-1,-1
167,3,412,1241,50,50,1,-1,-1,-1
167,4,559,997,50,50,1,-1,-1,-1
167,5,433,595,50,50,1,-1,-1,-1
168,1,473,657,50,50,1,-1,-1,-1
168,2,595,1240,50,50,1,-1,-1,-1
168,3,413,1250,50,50,1,-1,-1,-1
168,4,563,1059,50,50,1,-1,-1,-1
168,5,428,598,50,50,1,-1,-1,-1
169,1,472,617,50,50,1,-1,-1,-1
169,2,597,1243,50,50,1,-1,-1,-1
169,3,417,1257,50,50,1,-1,-1,-1
169,4,568,1133,50,50,1,-1,-1,-1
169,5,423,604,50,50,1,-1,-1,-1
170,1,471,585,50,50,1,-1,-1,-1
170,2,592,1249,50,50,1,-1,-1,-1
170,3,421,1264,50,50,1,-1,-1,-1
170,4,572,1211,50,50,1,-1,-1,-1
170,5,419,614,50,50,1,-1,-1,-1
171,1,471,558,50,50,1,-1,-1,-1
171,2,589,1260,50,50,1,-1,-1,-1
171,3,422,1269,50,50,1,-1,-1,-1
171,4,568,1250,50,50,1,-1,-1,-1
171,5,415,628,50,50,1,-1,-1,-1
172,1,471,532,50,50,1,-1,-1,-1
172,2,584,1277,50,50,1,-1,-1,-1
172,3,422,1268,50,50,1,-1,-1,-1
172,4,565,1263,50,50,1,-1,-1,-1
172,5,411,648,50,50,1,-1,-1,-1
173,1,470,509,50,50,1,-1,-1,-1
173,2,583,1287,50,50,1,-1,-1,-1
173,3,414,1260,50,50,1,-1,-1,-1
173,4,564,1276,50,50,1,-1,-1,-1
173,5,408,675,50,50,1,-1,-1,-1
174,1,468,492,50,50,1,-1,-1,-1
174,2,584,1294,50,50,1,-1,-1,-1
174,3,407,1251,50,50,1,-1,-1,-1
174,4,562,1281,50,50,1,-1,-1,-1
174,5,405,705,50,50,1,-1,-1,-1
175,1,466,480,50,50,1,-1,-1,-1
175,2,584,1302,50,50,1,-1,-1,-1
175,3,400,1241,50,50,1,-1,-1,-1
175,4,560,1288,50,50,1,-1,-1,-1
175,5,401,740,50,50,1,-1,-1,-1
176,1,465,474,50,50,1,-1,-1,-1
176,2,584,1306,50,50,1,-1,-1,-1
176,3,393,1227,50,50,1,-1,-1,-1
176,4,563,1292,50,50,1,-1,-1,-1
176,5,397,778,50,50,1,-1,-1,-1
177,1,464,471,50,50,1,-1,-1,-1
177,2,588,1305,50,50,1,-1,-1,-1
177,3,384,1212,50,50,1,-1,-1,-1
177,4,566,1293,50,50,1,-1,-1,-1
177,5,393,820,50,50,1,-1,-1,-1
178,1,463,468,50,50,1,-1,-1,-1
178,2,590,1303,50,50,1,-1,-1,-1
178,3,372,1201,50,50,1,-1,-1,-1
178,4,568,1293,50,50,1,-1,-1,-1
178,5,389,864,50,50,1,-1,-1,-1
179,1,463,477,50,50,1,-1,-1,-1
179,2,593,1301,50,50,1,-1,-1,-1
179,3,364,1194,50,50,1,-1,-1,-1
179,4,571,1291,50,50,1,-1,-1,-1
179,5,384,913,50,50,1,-1,-1,-1
180,1,463,490,50,50,1,-1,-1,-1
180,2,596,1299,50,50,1,-1,-1,-1
180,3,360,1189,50,50,1,-1,-1,-1
180,4,574,1289,50,50,1,-1,-1,-1
180,5,381,968,50,50,1,-1,-1,-1
181,1,462,508,50,50,1,-1,-1,-1
181,2,598,1297,50,50,1,-1,-1,-1
181,3,355,1188,50,50,1,-1,-1,-1
181,4,577,1288,50,50,1,-1,-1,-1
181,5,379,1029,50,50,1,-1,-1,-1
182,1,461,526,50,50,1,-1,-1,-1
182,2,602,1297,50,50,1,-1,-1,-1
182,3,350,1188,50,50,1,-1,-1,-1
182,4,579,1289,50,50,1,-1,-1,-1
182,5,377,1094,50,50,1,-1,-1,-1
183,1,460,548,50,50,1,-1,-1,-1
183,2,607,1299,50,50,1,-1,-1,-1
183,3,349,1190,50,50,1,-1,-1,-1
183,4,581,1291,50,50,1,-1,-1,-1
183,5,375,1165,50,50,1,-1,-1,-1
184,1,459,575,50,50,1,-1,-1,-1
184,2,612,1300,50,50,1,-1,-1,-1
184,3,351,1200,50,50,1,-1,-1,-1
184,4,586,1292,50,50,1,-1,-1,-1
184,5,379,1196,50,50,1,-1,-1,-1
185,1,459,610,50,50,1,-1,-1,-1
185,2,617,1301,50,50,1,-1,-1,-1
185,3,357,1210,50,50,1,-1,-1,-1
185,4,591,1293,50,50,1,-1,-1,-1
185,5,389,1204,50,50,1,-1,-1,-1
186,1,459,651,50,50,1,-1,-1,-1
186,2,623,1300,50,50,1,-1,-1,-1
186,3,370,1222,50,50,1,-1,-1,-1
186,4,595,1292,50,50,1,-1,-1,-1
186,5,402,1220,50,50,1,-1,-1,-1
187,1,460,694,50,50,1,-1,-1,-1
187,2,629,1299,50,50,1,-1,-1,-1
187,3,385,1228,50,50,1,-1,-1,-1
187,4,601,1290,50,50,1,-1,-1,-1
187,5,413,1225,50,50,1,-1,-1,-1
188,1,461,739,50,50,1,-1,-1,-1
188,2,634,1298,50,50,1,-1,-1,-1
188,3,399,1234,50,50,1,-1,-1,-1
188,4,607,1288,50,50,1,-1,-1,-1
188,5,423,1233,50,50,1,-1,-1,-1
189,1,461,791,50,50,1,-1,-1,-1
189,2,637,1296,50,50,1,-1,-1,-1
189,3,410,1240,50,50,1,-1,-1,-1
189,4,612,1290,50,50,1,-1,-1,-1
189,5,434,1237,50,50,1,-1,-1,-1
190,1,460,852,50,50,1,-1,-1,-1
190,2,641,1296,50,50,1,-1,-1,-1
190,3,418,1243,50,50,1,-1,-1,-1
190,4,617,1290,50,50,1,-1,-1,-1
190,5,441,1240,50,50,1,-1,-1,-1
191,1,458,917,50,50,1,-1,-1,-1
191,2,645,1295,50,50,1,-1,-1,-1
191,3,426,1246,50,50,1,-1,-1,-1
191,4,620,1288,50,50,1,-1,-1,-1
191,5,446,1245,50,50,1,-1,-1,-1
192,1,458,981,50,50,1,-1,-1,-1
192,2,649,1294,50,50,1,-1,-1,-1
192,3,429,1245,50,50,1,-1,-1,-1
192,4,623,1289,50,50,1,-1,-1,-1
192,5,452,1246,50,50,1,-1,-1,-1
193,1,458,1052,50,50,1,-1,-1,-1
193,2,652,1294,50,50,1,-1,-1,-1
193,3,433,1243,50,50,1,-1,-1,-1
193,4,623,1288,50,50,1,-1,-1,-1
193,5,458,1243,50,50,1,-1,-1,-1
194,1,458,1129,50,50,1,-1,-1,-1
194,2,655,1294,50,50,1,-1,-1,-1
194,3,437,1241,50,50,1,-1,-1,-1
194,4,626,1289,50,50,1,-1,-1,-1
194,5,461,1244,50,50,1,-1,-1,-1
195,1,458,1206,50,50,1,-1,-1,-1
195,2,657,1293,50,50,1,-1,-1,-1
195,3,439,1239,50,50,1,-1,-1,-1
195,4,629,1290,50,50,1,-1,-1,-1
195,5,464,1242,50,50,1,-1,-1,-1
196,1,460,1255,50,50,1,-1,-1,-1
196,2,659,1292,50,50,1,-1,-1,-1
196,3,440,1242,50,50,1,-1,-1,-1
196,4,632,1291,50,50,1,-1,-1,-1
196,5,466,1246,50,50,1,-1,-1,-1
197,1,464,1261,50,50,1,-1,-1,-1
197,2,662,1295,50,50,1,-1,-1,-1
197,3,443,1249,50,50,1,-1,-1,-1
197,4,635,1291,50,50,1,-1,-1,-1
197,5,467,1252,50,50,1,-1,-1,-1
198,1,462,1260,50,50,1,-1,-1,-1
198,2,663,1295,50,50,1,-1,-1,-1
198,3,444,1257,50,50,1,-1,-1,-1
198,4,638,1290,50,50,1,-1,-1,-1
198,5,469,1255,50,50,1,-1,-1,-1
199,1,466,1263,50,50,1,-1,-1,-1
199,2,664,1295,50,50,1,-1,-1,-1
199,3,443,1258,50,50,1,-1,-1,-1
199,4,639,1288,50,50,1,-1,-1,-1
199,5,469,1259,50,50,1,-1,-1,-1
200,1,469,1268,50,50,1,-1,-1,-1
200,2,665,1295,50,50,1,-1,-1,-1
200,3,443,1261,50,50,1,-1,-1,-1
200,4,640,1287,50,50,1,-1,-1,-1
200,5,469,1261,50,50,1,-1,-1,-1
201,1,469,1272,50,50,1,-1,-1,-1
201,2,666,1295,50,50,1,-1,-1,-1
201,3,444,1264,50,50,1,-1,-1,-1
201,4,641,1287,50,50,1,-1,-1,-1
201,5,469,1265,50,50,1,-1,-1,-1
202,1,468,1275,50,50,1,-1,-1,-1
202,2,667,1298,50,50,1,-1,-1,-1
202,3,445,1267,50,50,1,-1,-1,-1
202,4,642,1290,50,50,1,-1,-1,-1
202,5,468,1268,50,50,1,-1,-1,-1
203,1,466,1279,50,50,1,-1,-1,-1
203,2,668,1301,50,50,1,-1,-1,-1
203,3,443,1272,50,50,1,-1,-1,-1
203,4,643,1294,50,50,1,-1,-1,-1
203,5,467,1273,50,50,1,-1,-1,-1
204,1,464,1283,50,50,1,-1,-1,-1
204,2,669,1303,50,50,1,-1,-1,-1
204,3,440,1275,50,50,1,-1,-1,-1
204,4,644,1295,50,50,1,-1,-1,-1
204,5,465,1276,50,50,1,-1,-1,-1
205,1,462,1285,50,50,1,-1,-1,-1
205,2,669,1302,50,50,1,-1,-1,-1
205,3,437,1278,50,50,1,-1,-1,-1
205,4,644,1295,50,50,1,-1,-1,-1
205,5,463,1279,50,50,1,-1,-1,-1
206,1,458,1286,50,50,1,-1,-1,-1
206,2,669,1301,50,50,1,-1,-1,-1
206,3,434,1278,50,50,1,-1,-1,-1
206,4,643,1295,50,50,1,-1,-1,-1
206,5,461,1280,50,50,1,-1,-1,-1
207,1,454,1287,50,50,1,-1,-1,-1
207,2,670,1297,50,50,1,-1,-1,-1
207,3,432,1279,50,50,1,-1,-1,-1
207,4,642,1293,50,50,1,-1,-1,-1
207,5,459,1281,50,50,1,-1,-1,-1
208,1,453,1286,50,50,1,-1,-1,-1
208,2,669,1294,50,50,1,-1,-1,-1
208,3,430,1280,50,50,1,-1,-1,-1
208,4,641,1290,50,50,1,-1,-1,-1
208,5,458,1280,50,50,1,-1,-1,-1
209,1,452,1285,50,50,1,-1,-1,-1
209,2,668,1292,50,50,1,-1,-1,-1
209,3,428,1281,50,50,1,-1,-1,-1
209,4,640,1287,50,50,1,-1,-1,-1
209,5,457,1279,50,50,1,-1,-1,-1
210,1,452,1288,50,50,1,-1,-1,-1
210,2,667,1290,50,50,1,-1,-1,-1
210,3,426,1281,50,50,1,-1,-1,-1
210,4,641,1286,50,50,1,-1,-1,-1
210,5,456,1278,50,50,1,-1,-1,-1
211,1,451,1286,50,50,1,-1,-1,-1
211,2,666,1288,50,50,1,-1,-1,-1
211,3,426,1281,50,50,1,-1,-1,-1
211,4,641,1285,50,50,1,-1,-1,-1
211,5,455,1280,50,50,1,-1,-1,-1
