1,1,422,1171,50,50,1,-1,-1,-1
1,2,512,1346,50,50,1,-1,-1,-1
1,3,390,1186,50,50,1,-1,-1,-1
1,4,502,1327,50,50,1,-1,-1,-1
1,5,404,1196,50,50,1,-1,-1,-1
2,1,412,1165,50,50,1,-1,-1,-1
2,2,503,1342,50,50,1,-1,-1,-1
2,3,388,1172,50,50,1,-1,-1,-1
2,4,502,1323,50,50,1,-1,-1,-1
2,5,398,1192,50,50,1,-1,-1,-1
3,1,407,1158,50,50,1,-1,-1,-1
3,2,503,1340,50,50,1,-1,-1,-1
3,3,386,1167,50,50,1,-1,-1,-1
3,4,501,1324,50,50,1,-1,-1,-1
3,5,396,1188,50,50,1,-1,-1,-1
4,1,406,1156,50,50,1,-1,-1,-1
4,2,502,1342,50,50,1,-1,-1,-1
4,3,384,1164,50,50,1,-1,-1,-1
4,4,499,1326,50,50,1,-1,-1,-1
4,5,394,1189,50,50,1,-1,-1,-1
5,1,405,1157,50,50,1,-1,-1,-1
5,2,501,1343,50,50,1,-1,-1,-1
5,3,382,1165,50,50,1,-1,-1,-1
5,4,497,1324,50,50,1,-1,-1,-1
5,5,392,1190,50,50,1,-1,-1,-1
6,1,405,1168,50,50,1,-1,-1,-1
6,2,497,1340,50,50,1,-1,-1,-1
6,3,379,1170,50,50,1,-1,-1,-1
6,4,497,1324,50,50,1,-1,-1,-1
6,5,394,1197,50,50,1,-1,-1,-1
7,1,406,1181,50,50,1,-1,-1,-1
7,2,493,1335,50,50,1,-1,-1,-1
7,3,377,1181,50,50,1,-1,-1,-1
7,4,496,1319,50,50,1,-1,-1,-1
7,5,396,1205,50,50,1,-1,-1,-1
8,1,407,1196,50,50,1,-1,-1,-1
8,2,492,1329,50,50,1,-1,-1,-1
8,3,375,1195,50,50,1,-1,-1,-1
8,4,494,1313,50,50,1,-1,-1,-1
8,5,398,1213,50,50,1,-1,-1,-1
9,1,405,1221,50,50,1,-1,-1,-1
9,2,490,1317,50,50,1,-1,-1,-1
9,3,376,1223,50,50,1,-1,-1,-1
9,4,492,1307,50,50,1,-1,-1,-1
9,5,399,1225,50,50,1,-1,-1,-1
10,1,405,1254,50,50,1,-1,-1,-1
10,2,487,1303,50,50,1,-1,-1,-1
10,3,377,1253,50,50,1,-1,-1,-1
10,4,490,1300,50,50,1,-1,-1,-1
10,5,399,1247,50,50,1,-1,-1,-1
11,1,405,1287,50,50,1,-1,-1,-1
11,2,488,1281,50,50,1,-1,-1,-1
11,3,378,1285,50,50,1,-1,-1,-1
11,4,488,1293,50,50,1,-1,-1,-1
11,5,401,1279,50,50,1,-1,-1,-1
12,1,406,1323,50,50,1,-1,-1,-1
12,2,489,1260,50,50,1,-1,-1,-1
12,3,381,1321,50,50,1,-1,-1,-1
12,4,489,1283,50,50,1,-1,-1,-1
12,5,405,1310,50,50,1,-1,-1,-1
13,1,409,1361,50,50,1,-1,-1,-1
13,2,492,1242,50,50,1,-1,-1,-1
13,3,383,1361,50,50,1,-1,-1,-1
13,4,494,1270,50,50,1,-1,-1,-1
13,5,408,1343,50,50,1,-1,-1,-1
14,1,414,1399,50,50,1,-1,-1,-1
14,2,496,1227,50,50,1,-1,-1,-1
14,3,389,1387,50,50,1,-1,-1,-1
14,4,495,1255,50,50,1,-1,-1,-1
14,5,413,1370,50,50,1,-1,-1,-1
15,1,421,1417,50,50,1,-1,-1,-1
15,2,499,1217,50,50,1,-1,-1,-1
15,3,396,1404,50,50,1,-1,-1,-1
15,4,498,1243,50,50,1,-1,-1,-1
15,5,418,1388,50,50,1,-1,-1,-1
16,1,429,1424,50,50,1,-1,-1,-1
16,2,503,1218,50,50,1,-1,-1,-1
16,3,404,1410,50,50,1,-1,-1,-1
16,4,503,1245,50,50,1,-1,-1,-1
16,5,426,1394,50,50,1,-1,-1,-1
17,1,443,1401,50,50,1,-1,-1,-1
17,2,507,1234,50,50,1,-1,-1,-1
17,3,415,1396,50,50,1,-1,-1,-1
17,4,509,1257,50,50,1,-1,-1,-1
17,5,434,1382,50,50,1,-1,-1,-1
18,1,455,1351,50,50,1,-1,-1,-1
18,2,512,1265,50,50,1,-1,-1,-1
18,3,430,1353,50,50,1,-1,-1,-1
18,4,514,1275,50,50,1,-1,-1,-1
18,5,443,1358,50,50,1,-1,-1,-1
19,1,463,1265,50,50,1,-1,-1,-1
19,2,519,1303,50,50,1,-1,-1,-1
19,3,442,1281,50,50,1,-1,-1,-1
19,4,517,1300,50,50,1,-1,-1,-1
19,5,451,1301,50,50,1,-1,-1,-1
20,1,468,1178,50,50,1,-1,-1,-1
20,2,518,1338,50,50,1,-1,-1,-1
20,3,444,1186,50,50,1,-1,-1,-1
20,4,513,1328,50,50,1,-1,-1,-1
20,5,457,1227,50,50,1,-1,-1,-1
21,1,472,1089,50,50,1,-1,-1,-1
21,2,516,1368,50,50,1,-1,-1,-1
21,3,446,1114,50,50,1,-1,-1,-1
21,4,510,1348,50,50,1,-1,-1,-1
21,5,463,1153,50,50,1,-1,-1,-1
22,1,475,996,50,50,1,-1,-1,-1
22,2,513,1379,50,50,1,-1,-1,-1
22,3,448,1067,50,50,1,-1,-1,-1
22,4,506,1360,50,50,1,-1,-1,-1
22,5,459,1101,50,50,1,-1,-1,-1
23,1,478,909,50,50,1,-1,-1,-1
23,2,509,1387,50,50,1,-1,-1,-1
23,3,443,1067,50,50,1,-1,-1,-1
23,4,501,1366,50,50,1,-1,-1,-1
23,5,454,1094,50,50,1,-1,-1,-1
24,1,480,825,50,50,1,-1,-1,-1
24,2,503,1387,50,50,1,-1,-1,-1
24,3,436,1081,50,50,1,-1,-1,-1
24,4,494,1365,50,50,1,-1,-1,-1
24,5,450,1102,50,50,1,-1,-1,-1
25,1,482,747,50,50,1,-1,-1,-1
25,2,499,1375,50,50,1,-1,-1,-1
25,3,429,1119,50,50,1,-1,-1,-1
25,4,491,1353,50,50,1,-1,-1,-1
25,5,441,1130,50,50,1,-1,-1,-1
26,1,484,684,50,50,1,-1,-1,-1
26,2,494,1347,50,50,1,-1,-1,-1
26,3,422,1172,50,50,1,-1,-1,-1
26,4,489,1331,50,50,1,-1,-1,-1
26,5,439,1180,50,50,1,-1,-1,-1
27,1,488,621,50,50,1,-1,-1,-1
27,2,491,1299,50,50,1,-1,-1,-1
27,3,419,1232,50,50,1,-1,-1,-1
27,4,487,1304,50,50,1,-1,-1,-1
27,5,437,1231,50,50,1,-1,-1,-1
28,1,491,562,50,50,1,-1,-1,-1
28,2,491,1253,50,50,1,-1,-1,-1
28,3,420,1290,50,50,1,-1,-1,-1
28,4,488,1273,50,50,1,-1,-1,-1
28,5,439,1276,50,50,1,-1,-1,-1
29,1,494,509,50,50,1,-1,-1,-1
29,2,498,1207,50,50,1,-1,-1,-1
29,3,422,1335,50,50,1,-1,-1,-1
29,4,494,1244,50,50,1,-1,-1,-1
29,5,438,1307,50,50,1,-1,-1,-1
30,1,496,464,50,50,1,-1,-1,-1
30,2,503,1169,50,50,1,-1,-1,-1
30,3,427,1334,50,50,1,-1,-1,-1
30,4,499,1223,50,50,1,-1,-1,-1
30,5,440,1317,50,50,1,-1,-1,-1
31,1,499,420,50,50,1,-1,-1,-1
31,2,506,1137,50,50,1,-1,-1,-1
31,3,434,1307,50,50,1,-1,-1,-1
31,4,501,1224,50,50,1,-1,-1,-1
31,5,445,1300,50,50,1,-1,-1,-1
32,1,502,379,50,50,1,-1,-1,-1
32,2,508,1107,50,50,1,-1,-1,-1
32,3,436,1268,50,50,1,-1,-1,-1
32,4,507,1247,50,50,1,-1,-1,-1
32,5,451,1261,50,50,1,-1,-1,-1
33,1,505,345,50,50,1,-1,-1,-1
33,2,510,1079,50,50,1,-1,-1,-1
33,3,434,1222,50,50,1,-1,-1,-1
33,4,513,1273,50,50,1,-1,-1,-1
33,5,448,1233,50,50,1,-1,-1,-1
34,1,509,316,50,50,1,-1,-1,-1
34,2,512,1056,50,50,1,-1,-1,-1
34,3,428,1175,50,50,1,-1,-1,-1
34,4,516,1303,50,50,1,-1,-1,-1
34,5,442,1211,50,50,1,-1,-1,-1
35,1,514,291,50,50,1,-1,-1,-1
35,2,514,1036,50,50,1,-1,-1,-1
35,3,424,1133,50,50,1,-1,-1,-1
35,4,519,1339,50,50,1,-1,-1,-1
35,5,436,1196,50,50,1,-1,-1,-1
36,1,518,271,50,50,1,-1,-1,-1
36,2,517,1023,50,50,1,-1,-1,-1
36,3,420,1100,50,50,1,-1,-1,-1
36,4,519,1372,50,50,1,-1,-1,-1
36,5,432,1192,50,50,1,-1,-1,-1
37,1,522,257,50,50,1,-1,-1,-1
37,2,521,1018,50,50,1,-1,-1,-1
37,3,416,1071,50,50,1,-1,-1,-1
37,4,514,1387,50,50,1,-1,-1,-1
37,5,428,1205,50,50,1,-1,-1,-1
38,1,526,246,50,50,1,-1,-1,-1
38,2,524,1016,50,50,1,-1,-1,-1
38,3,412,1044,50,50,1,-1,-1,-1
38,4,505,1386,50,50,1,-1,-1,-1
38,5,424,1226,50,50,1,-1,-1,-1
39,1,530,237,50,50,1,-1,-1,-1
39,2,528,1019,50,50,1,-1,-1,-1
39,3,408,1018,50,50,1,-1,-1,-1
39,4,496,1359,50,50,1,-1,-1,-1
39,5,421,1258,50,50,1,-1,-1,-1
40,1,534,231,50,50,1,-1,-1,-1
40,2,532,1024,50,50,1,-1,-1,-1
40,3,403,995,50,50,1,-1,-1,-1
40,4,488,1288,50,50,1,-1,-1,-1
40,5,425,1293,50,50,1,-1,-1,-1
41,1,538,235,50,50,1,-1,-1,-1
41,2,535,1032,50,50,1,-1,-1,-1
41,3,395,987,50,50,1,-1,-1,-1
41,4,480,1203,50,50,1,-1,-1,-1
41,5,429,1331,50,50,1,-1,-1,-1
42,1,543,245,50,50,1,-1,-1,-1
42,2,538,1048,50,50,1,-1,-1,-1
42,3,391,981,50,50,1,-1,-1,-1
42,4,479,1108,50,50,1,-1,-1,-1
42,5,436,1354,50,50,1,-1,-1,-1
43,1,548,252,50,50,1,-1,-1,-1
43,2,542,1072,50,50,1,-1,-1,-1
43,3,389,980,50,50,1,-1,-1,-1
43,4,477,1014,50,50,1,-1,-1,-1
43,5,442,1365,50,50,1,-1,-1,-1
44,1,550,267,50,50,1,-1,-1,-1
44,2,545,1099,50,50,1,-1,-1,-1
44,3,386,984,50,50,1,-1,-1,-1
44,4,473,929,50,50,1,-1,-1,-1
44,5,450,1368,50,50,1,-1,-1,-1
45,1,554,284,50,50,1,-1,-1,-1
45,2,548,1127,50,50,1,-1,-1,-1
45,3,381,991,50,50,1,-1,-1,-1
45,4,472,845,50,50,1,-1,-1,-1
45,5,458,1355,50,50,1,-1,-1,-1
46,1,559,309,50,50,1,-1,-1,-1
46,2,551,1160,50,50,1,-1,-1,-1
46,3,376,999,50,50,1,-1,-1,-1
46,4,471,769,50,50,1,-1,-1,-1
46,5,464,1312,50,50,1,-1,-1,-1
47,1,564,335,50,50,1,-1,-1,-1
47,2,555,1189,50,50,1,-1,-1,-1
47,3,373,1014,50,50,1,-1,-1,-1
47,4,470,701,50,50,1,-1,-1,-1
47,5,466,1263,50,50,1,-1,-1,-1
48,1,569,366,50,50,1,-1,-1,-1
48,2,558,1218,50,50,1,-1,-1,-1
48,3,370,1037,50,50,1,-1,-1,-1
48,4,469,637,50,50,1,-1,-1,-1
48,5,464,1208,50,50,1,-1,-1,-1
49,1,573,405,50,50,1,-1,-1,-1
49,2,561,1241,50,50,1,-1,-1,-1
49,3,366,1062,50,50,1,-1,-1,-1
49,4,467,580,50,50,1,-1,-1,-1
49,5,459,1161,50,50,1,-1,-1,-1
50,1,577,443,50,50,1,-1,-1,-1
50,2,563,1271,50,50,1,-1,-1,-1
50,3,361,1091,50,50,1,-1,-1,-1
50,4,465,524,50,50,1,-1,-1,-1
50,5,455,1120,50,50,1,-1,-1,-1
51,1,583,485,50,50,1,-1,-1,-1
51,2,557,1301,50,50,1,-1,-1,-1
51,3,357,1127,50,50,1,-1,-1,-1
51,4,463,474,50,50,1,-1,-1,-1
51,5,452,1083,50,50,1,-1,-1,-1
52,1,590,534,50,50,1,-1,-1,-1
52,2,554,1327,50,50,1,-1,-1,-1
52,3,354,1163,50,50,1,-1,-1,-1
52,4,461,428,50,50,1,-1,-1,-1
52,5,448,1047,50,50,1,-1,-1,-1
53,1,593,589,50,50,1,-1,-1,-1
53,2,554,1329,50,50,1,-1,-1,-1
53,3,351,1196,50,50,1,-1,-1,-1
53,4,459,389,50,50,1,-1,-1,-1
53,5,443,1015,50,50,1,-1,-1,-1
54,1,598,647,50,50,1,-1,-1,-1
54,2,549,1303,50,50,1,-1,-1,-1
54,3,350,1215,50,50,1,-1,-1,-1
54,4,457,354,50,50,1,-1,-1,-1
54,5,437,989,50,50,1,-1,-1,-1
55,1,602,707,50,50,1,-1,-1,-1
55,2,545,1262,50,50,1,-1,-1,-1
55,3,359,1236,50,50,1,-1,-1,-1
55,4,456,325,50,50,1,-1,-1,-1
55,5,432,970,50,50,1,-1,-1,-1
56,1,606,775,50,50,1,-1,-1,-1
56,2,542,1210,50,50,1,-1,-1,-1
56,3,367,1260,50,50,1,-1,-1,-1
56,4,456,302,50,50,1,-1,-1,-1
56,5,430,957,50,50,1,-1,-1,-1
57,1,611,845,50,50,1,-1,-1,-1
57,2,540,1162,50,50,1,-1,-1,-1
57,3,379,1286,50,50,1,-1,-1,-1
57,4,454,281,50,50,1,-1,-1,-1
57,5,426,943,50,50,1,-1,-1,-1
58,1,617,919,50,50,1,-1,-1,-1
58,2,539,1118,50,50,1,-1,-1,-1
58,3,400,1320,50,50,1,-1,-1,-1
58,4,453,262,50,50,1,-1,-1,-1
58,5,422,935,50,50,1,-1,-1,-1
59,1,622,999,50,50,1,-1,-1,-1
59,2,540,1077,50,50,1,-1,-1,-1
59,3,418,1354,50,50,1,-1,-1,-1
59,4,452,249,50,50,1,-1,-1,-1
59,5,418,930,50,50,1,-1,-1,-1
60,1,627,1084,50,50,1,-1,-1,-1
60,2,540,1039,50,50,1,-1,-1,-1
60,3,432,1386,50,50,1,-1,-1,-1
60,4,449,243,50,50,1,-1,-1,-1
60,5,413,929,50,50,1,-1,-1,-1
61,1,634,1164,50,50,1,-1,-1,-1
61,2,539,1004,50,50,1,-1,-1,-1
61,3,449,1396,50,50,1,-1,-1,-1
61,4,447,237,50,50,1,-1,-1,-1
61,5,408,935,50,50,1,-1,-1,-1
62,1,640,1193,50,50,1,-1,-1,-1
62,2,539,976,50,50,1,-1,-1,-1
62,3,464,1369,50,50,1,-1,-1,-1
62,4,445,236,50,50,1,-1,-1,-1
62,5,404,949,50,50,1,-1,-1,-1
63,1,639,1220,50,50,1,-1,-1,-1
63,2,540,955,50,50,1,-1,-1,-1
63,3,478,1302,50,50,1,-1,-1,-1
63,4,444,238,50,50,1,-1,-1,-1
63,5,400,969,50,50,1,-1,-1,-1
64,1,629,1253,50,50,1,-1,-1,-1
64,2,540,940,50,50,1,-1,-1,-1
64,3,485,1215,50,50,1,-1,-1,-1
64,4,443,252,50,50,1,-1,-1,-1
64,5,397,989,50,50,1,-1,-1,-1
65,1,612,1288,50,50,1,-1,-1,-1
65,2,540,929,50,50,1,-1,-1,-1
65,3,483,1121,50,50,1,-1,-1,-1
65,4,443,265,50,50,1,-1,-1,-1
65,5,394,1013,50,50,1,-1,-1,-1
66,1,591,1327,50,50,1,-1,-1,-1
66,2,540,918,50,50,1,-1,-1,-1
66,3,481,1027,50,50,1,-1,-1,-1
66,4,443,282,50,50,1,-1,-1,-1
66,5,391,1041,50,50,1,-1,-1,-1
67,1,568,1361,50,50,1,-1,-1,-1
67,2,540,915,50,50,1,-1,-1,-1
67,3,481,937,50,50,1,-1,-1,-1
67,4,442,301,50,50,1,-1,-1,-1
67,5,388,1077,50,50,1,-1,-1,-1
68,1,548,1375,50,50,1,-1,-1,-1
68,2,540,915,50,50,1,-1,-1,-1
68,3,480,855,50,50,1,-1,-1,-1
68,4,441,330,50,50,1,-1,-1,-1
68,5,385,1114,50,50,1,-1,-1,-1
69,1,530,1373,50,50,1,-1,-1,-1
69,2,540,918,50,50,1,-1,-1,-1
69,3,479,775,50,50,1,-1,-1,-1
69,4,440,361,50,50,1,-1,-1,-1
69,5,382,1154,50,50,1,-1,-1,-1
70,1,516,1355,50,50,1,-1,-1,-1
70,2,541,926,50,50,1,-1,-1,-1
70,3,478,701,50,50,1,-1,-1,-1
70,4,439,394,50,50,1,-1,-1,-1
70,5,385,1186,50,50,1,-1,-1,-1
71,1,505,1319,50,50,1,-1,-1,-1
71,2,541,943,50,50,1,-1,-1,-1
71,3,477,630,50,50,1,-1,-1,-1
71,4,439,431,50,50,1,-1,-1,-1
71,5,392,1214,50,50,1,-1,-1,-1
72,1,498,1268,50,50,1,-1,-1,-1
72,2,541,963,50,50,1,-1,-1,-1
72,3,476,562,50,50,1,-1,-1,-1
72,4,439,473,50,50,1,-1,-1,-1
72,5,399,1243,50,50,1,-1,-1,-1
73,1,496,1219,50,50,1,-1,-1,-1
73,2,541,987,50,50,1,-1,-1,-1
73,3,476,502,50,50,1,-1,-1,-1
73,4,439,521,50,50,1,-1,-1,-1
73,5,410,1275,50,50,1,-1,-1,-1
74,1,497,1171,50,50,1,-1,-1,-1
74,2,542,1014,50,50,1,-1,-1,-1
74,3,476,448,50,50,1,-1,-1,-1
74,4,439,573,50,50,1,-1,-1,-1
74,5,426,1311,50,50,1,-1,-1,-1
75,1,498,1124,50,50,1,-1,-1,-1
75,2,543,1044,50,50,1,-1,-1,-1
75,3,477,401,50,50,1,-1,-1,-1
75,4,439,629,50,50,1,-1,-1,-1
75,5,443,1345,50,50,1,-1,-1,-1
76,1,497,1084,50,50,1,-1,-1,-1
76,2,544,1080,50,50,1,-1,-1,-1
76,3,478,357,50,50,1,-1,-1,-1
76,4,440,689,50,50,1,-1,-1,-1
76,5,453,1349,50,50,1,-1,-1,-1
77,1,496,1053,50,50,1,-1,-1,-1
77,2,545,1118,50,50,1,-1,-1,-1
77,3,478,315,50,50,1,-1,-1,-1
77,4,441,754,50,50,1,-1,-1,-1
77,5,460,1339,50,50,1,-1,-1,-1
78,1,496,1022,50,50,1,-1,-1,-1
78,2,546,1159,50,50,1,-1,-1,-1
78,3,477,278,50,50,1,-1,-1,-1
78,4,440,826,50,50,1,-1,-1,-1
78,5,463,1309,50,50,1,-1,-1,-1
79,1,498,993,50,50,1,-1,-1,-1
79,2,550,1184,50,50,1,-1,-1,-1
79,3,476,249,50,50,1,-1,-1,-1
79,4,440,899,50,50,1,-1,-1,-1
79,5,464,1265,50,50,1,-1,-1,-1
80,1,501,971,50,50,1,-1,-1,-1
80,2,553,1204,50,50,1,-1,-1,-1
80,3,475,228,50,50,1,-1,-1,-1
80,4,440,972,50,50,1,-1,-1,-1
80,5,461,1212,50,50,1,-1,-1,-1
81,1,503,958,50,50,1,-1,-1,-1
81,2,555,1236,50,50,1,-1,-1,-1
81,3,476,208,50,50,1,-1,-1,-1
81,4,440,1048,50,50,1,-1,-1,-1
81,5,455,1160,50,50,1,-1,-1,-1
82,1,503,947,50,50,1,-1,-1,-1
82,2,545,1291,50,50,1,-1,-1,-1
82,3,477,188,50,50,1,-1,-1,-1
82,4,447,1125,50,50,1,-1,-1,-1
82,5,451,1127,50,50,1,-1,-1,-1
83,1,503,937,50,50,1,-1,-1,-1
83,2,538,1346,50,50,1,-1,-1,-1
83,3,478,174,50,50,1,-1,-1,-1
83,4,440,1208,50,50,1,-1,-1,-1
83,5,448,1096,50,50,1,-1,-1,-1
84,1,505,931,50,50,1,-1,-1,-1
84,2,531,1387,50,50,1,-1,-1,-1
84,3,479,166,50,50,1,-1,-1,-1
84,4,436,1240,50,50,1,-1,-1,-1
84,5,444,1065,50,50,1,-1,-1,-1
85,1,508,931,50,50,1,-1,-1,-1
85,2,519,1398,50,50,1,-1,-1,-1
85,3,480,159,50,50,1,-1,-1,-1
85,4,434,1255,50,50,1,-1,-1,-1
85,5,440,1037,50,50,1,-1,-1,-1
86,1,511,936,50,50,1,-1,-1,-1
86,2,499,1376,50,50,1,-1,-1,-1
86,3,480,160,50,50,1,-1,-1,-1
86,4,433,1266,50,50,1,-1,-1,-1
86,5,435,1013,50,50,1,-1,-1,-1
87,1,513,949,50,50,1,-1,-1,-1
87,2,479,1324,50,50,1,-1,-1,-1
87,3,480,167,50,50,1,-1,-1,-1
87,4,432,1279,50,50,1,-1,-1,-1
87,5,429,994,50,50,1,-1,-1,-1
88,1,515,968,50,50,1,-1,-1,-1
88,2,465,1238,50,50,1,-1,-1,-1
88,3,480,174,50,50,1,-1,-1,-1
88,4,433,1296,50,50,1,-1,-1,-1
88,5,424,981,50,50,1,-1,-1,-1
89,1,517,987,50,50,1,-1,-1,-1
89,2,457,1155,50,50,1,-1,-1,-1
89,3,481,186,50,50,1,-1,-1,-1
89,4,439,1318,50,50,1,-1,-1,-1
89,5,419,969,50,50,1,-1,-1,-1
90,1,518,1010,50,50,1,-1,-1,-1
90,2,453,1069,50,50,1,-1,-1,-1
90,3,482,203,50,50,1,-1,-1,-1
90,4,445,1337,50,50,1,-1,-1,-1
90,5,415,963,50,50,1,-1,-1,-1
91,1,519,1040,50,50,1,-1,-1,-1
91,2,451,982,50,50,1,-1,-1,-1
91,3,483,227,50,50,1,-1,-1,-1
91,4,447,1349,50,50,1,-1,-1,-1
91,5,411,964,50,50,1,-1,-1,-1
92,1,521,1075,50,50,1,-1,-1,-1
92,2,446,900,50,50,1,-1,-1,-1
92,3,484,254,50,50,1,-1,-1,-1
92,4,453,1356,50,50,1,-1,-1,-1
92,5,406,971,50,50,1,-1,-1,-1
93,1,523,1113,50,50,1,-1,-1,-1
93,2,443,821,50,50,1,-1,-1,-1
93,3,486,284,50,50,1,-1,-1,-1
93,4,459,1341,50,50,1,-1,-1,-1
93,5,401,983,50,50,1,-1,-1,-1
94,1,526,1147,50,50,1,-1,-1,-1
94,2,442,750,50,50,1,-1,-1,-1
94,3,488,317,50,50,1,-1,-1,-1
94,4,457,1302,50,50,1,-1,-1,-1
94,5,397,1000,50,50,1,-1,-1,-1
95,1,526,1175,50,50,1,-1,-1,-1
95,2,440,687,50,50,1,-1,-1,-1
95,3,490,356,50,50,1,-1,-1,-1
95,4,454,1254,50,50,1,-1,-1,-1
95,5,393,1018,50,50,1,-1,-1,-1
96,1,525,1206,50,50,1,-1,-1,-1
96,2,438,625,50,50,1,-1,-1,-1
96,3,491,400,50,50,1,-1,-1,-1
96,4,446,1202,50,50,1,-1,-1,-1
96,5,388,1039,50,50,1,-1,-1,-1
97,1,517,1245,50,50,1,-1,-1,-1
97,2,436,568,50,50,1,-1,-1,-1
97,3,491,447,50,50,1,-1,-1,-1
97,4,443,1157,50,50,1,-1,-1,-1
97,5,382,1064,50,50,1,-1,-1,-1
98,1,504,1288,50,50,1,-1,-1,-1
98,2,434,513,50,50,1,-1,-1,-1
98,3,491,500,50,50,1,-1,-1,-1
98,4,438,1117,50,50,1,-1,-1,-1
98,5,378,1099,50,50,1,-1,-1,-1
99,1,491,1331,50,50,1,-1,-1,-1
99,2,431,462,50,50,1,-1,-1,-1
99,3,493,558,50,50,1,-1,-1,-1
99,4,430,1079,50,50,1,-1,-1,-1
99,5,375,1137,50,50,1,-1,-1,-1
100,1,483,1343,50,50,1,-1,-1,-1
100,2,427,423,50,50,1,-1,-1,-1
100,3,496,618,50,50,1,-1,-1,-1
100,4,422,1047,50,50,1,-1,-1,-1
100,5,371,1175,50,50,1,-1,-1,-1
101,1,472,1341,50,50,1,-1,-1,-1
101,2,424,387,50,50,1,-1,-1,-1
101,3,499,685,50,50,1,-1,-1,-1
101,4,416,1019,50,50,1,-1,-1,-1
101,5,369,1211,50,50,1,-1,-1,-1
102,1,461,1309,50,50,1,-1,-1,-1
102,2,421,355,50,50,1,-1,-1,-1
102,3,500,756,50,50,1,-1,-1,-1
102,4,412,995,50,50,1,-1,-1,-1
102,5,368,1247,50,50,1,-1,-1,-1
103,1,457,1260,50,50,1,-1,-1,-1
103,2,418,326,50,50,1,-1,-1,-1
103,3,500,832,50,50,1,-1,-1,-1
103,4,407,979,50,50,1,-1,-1,-1
103,5,366,1270,50,50,1,-1,-1,-1
104,1,456,1208,50,50,1,-1,-1,-1
104,2,416,304,50,50,1,-1,-1,-1
104,3,502,910,50,50,1,-1,-1,-1
104,4,402,964,50,50,1,-1,-1,-1
104,5,371,1295,50,50,1,-1,-1,-1
105,1,456,1159,50,50,1,-1,-1,-1
105,2,414,285,50,50,1,-1,-1,-1
105,3,505,996,50,50,1,-1,-1,-1
105,4,397,950,50,50,1,-1,-1,-1
105,5,378,1326,50,50,1,-1,-1,-1
106,1,461,1114,50,50,1,-1,-1,-1
106,2,412,269,50,50,1,-1,-1,-1
106,3,508,1082,50,50,1,-1,-1,-1
106,4,391,945,50,50,1,-1,-1,-1
106,5,389,1356,50,50,1,-1,-1,-1
107,1,467,1075,50,50,1,-1,-1,-1
107,2,409,256,50,50,1,-1,-1,-1
107,3,511,1166,50,50,1,-1,-1,-1
107,4,385,947,50,50,1,-1,-1,-1
107,5,405,1385,50,50,1,-1,-1,-1
108,1,471,1040,50,50,1,-1,-1,-1
108,2,406,248,50,50,1,-1,-1,-1
108,3,514,1208,50,50,1,-1,-1,-1
108,4,379,949,50,50,1,-1,-1,-1
108,5,415,1397,50,50,1,-1,-1,-1
109,1,475,1007,50,50,1,-1,-1,-1
109,2,402,243,50,50,1,-1,-1,-1
109,3,519,1234,50,50,1,-1,-1,-1
109,4,373,955,50,50,1,-1,-1,-1
109,5,422,1380,50,50,1,-1,-1,-1
110,1,480,978,50,50,1,-1,-1,-1
110,2,397,249,50,50,1,-1,-1,-1
110,3,518,1261,50,50,1,-1,-1,-1
110,4,366,971,50,50,1,-1,-1,-1
110,5,429,1320,50,50,1,-1,-1,-1
111,1,485,956,50,50,1,-1,-1,-1
111,2,392,256,50,50,1,-1,-1,-1
111,3,509,1303,50,50,1,-1,-1,-1
111,4,359,988,50,50,1,-1,-1,-1
111,5,435,1231,50,50,1,-1,-1,-1
112,1,489,942,50,50,1,-1,-1,-1
112,2,389,270,50,50,1,-1,-1,-1
112,3,498,1338,50,50,1,-1,-1,-1
112,4,355,1010,50,50,1,-1,-1,-1
112,5,435,1142,50,50,1,-1,-1,-1
113,1,493,930,50,50,1,-1,-1,-1
113,2,386,285,50,50,1,-1,-1,-1
113,3,489,1364,50,50,1,-1,-1,-1
113,4,350,1036,50,50,1,-1,-1,-1
113,5,434,1053,50,50,1,-1,-1,-1
114,1,497,922,50,50,1,-1,-1,-1
114,2,384,308,50,50,1,-1,-1,-1
114,3,483,1379,50,50,1,-1,-1,-1
114,4,344,1068,50,50,1,-1,-1,-1
114,5,435,963,50,50,1,-1,-1,-1
115,1,501,916,50,50,1,-1,-1,-1
115,2,383,335,50,50,1,-1,-1,-1
115,3,479,1382,50,50,1,-1,-1,-1
115,4,337,1104,50,50,1,-1,-1,-1
115,5,440,874,50,50,1,-1,-1,-1
116,1,506,915,50,50,1,-1,-1,-1
116,2,382,366,50,50,1,-1,-1,-1
116,3,470,1383,50,50,1,-1,-1,-1
116,4,331,1143,50,50,1,-1,-1,-1
116,5,442,789,50,50,1,-1,-1,-1
117,1,511,920,50,50,1,-1,-1,-1
117,2,380,402,50,50,1,-1,-1,-1
117,3,462,1368,50,50,1,-1,-1,-1
117,4,326,1183,50,50,1,-1,-1,-1
117,5,443,709,50,50,1,-1,-1,-1
118,1,516,931,50,50,1,-1,-1,-1
118,2,377,444,50,50,1,-1,-1,-1
118,3,458,1337,50,50,1,-1,-1,-1
118,4,327,1215,50,50,1,-1,-1,-1
118,5,446,638,50,50,1,-1,-1,-1
119,1,520,948,50,50,1,-1,-1,-1
119,2,374,489,50,50,1,-1,-1,-1
119,3,459,1295,50,50,1,-1,-1,-1
119,4,338,1241,50,50,1,-1,-1,-1
119,5,448,576,50,50,1,-1,-1,-1
120,1,524,969,50,50,1,-1,-1,-1
120,2,371,537,50,50,1,-1,-1,-1
120,3,457,1240,50,50,1,-1,-1,-1
120,4,357,1268,50,50,1,-1,-1,-1
120,5,450,514,50,50,1,-1,-1,-1
121,1,528,994,50,50,1,-1,-1,-1
121,2,370,590,50,50,1,-1,-1,-1
121,3,462,1189,50,50,1,-1,-1,-1
121,4,385,1294,50,50,1,-1,-1,-1
121,5,448,455,50,50,1,-1,-1,-1
122,1,532,1022,50,50,1,-1,-1,-1
122,2,369,649,50,50,1,-1,-1,-1
122,3,466,1140,50,50,1,-1,-1,-1
122,4,412,1302,50,50,1,-1,-1,-1
122,5,449,406,50,50,1,-1,-1,-1
123,1,537,1053,50,50,1,-1,-1,-1
123,2,367,717,50,50,1,-1,-1,-1
123,3,469,1097,50,50,1,-1,-1,-1
123,4,425,1281,50,50,1,-1,-1,-1
123,5,452,360,50,50,1,-1,-1,-1
124,1,542,1089,50,50,1,-1,-1,-1
124,2,365,789,50,50,1,-1,-1,-1
124,3,473,1054,50,50,1,-1,-1,-1
124,4,433,1222,50,50,1,-1,-1,-1
124,5,454,316,50,50,1,-1,-1,-1
125,1,547,1130,50,50,1,-1,-1,-1
125,2,363,867,50,50,1,-1,-1,-1
125,3,478,1013,50,50,1,-1,-1,-1
125,4,431,1170,50,50,1,-1,-1,-1
125,5,455,279,50,50,1,-1,-1,-1
126,1,552,1169,50,50,1,-1,-1,-1
126,2,361,948,50,50,1,-1,-1,-1
126,3,484,979,50,50,1,-1,-1,-1
126,4,428,1128,50,50,1,-1,-1,-1
126,5,457,246,50,50,1,-1,-1,-1
127,1,553,1198,50,50,1,-1,-1,-1
127,2,363,1032,50,50,1,-1,-1,-1
127,3,490,954,50,50,1,-1,-1,-1
127,4,426,1088,50,50,1,-1,-1,-1
127,5,459,222,50,50,1,-1,-1,-1
128,1,545,1231,50,50,1,-1,-1,-1
128,2,362,1123,50,50,1,-1,-1,-1
128,3,497,934,50,50,1,-1,-1,-1
128,4,424,1048,50,50,1,-1,-1,-1
128,5,461,196,50,50,1,-1,-1,-1
129,1,535,1268,50,50,1,-1,-1,-1
129,2,356,1199,50,50,1,-1,-1,-1
129,3,503,916,50,50,1,-1,-1,-1
129,4,423,1013,50,50,1,-1,-1,-1
129,5,463,172,50,50,1,-1,-1,-1
130,1,525,1313,50,50,1,-1,-1,-1
130,2,355,1218,50,50,1,-1,-1,-1
130,3,509,904,50,50,1,-1,-1,-1
130,4,422,986,50,50,1,-1,-1,-1
130,5,464,155,50,50,1,-1,-1,-1
131,1,518,1361,50,50,1,-1,-1,-1
131,2,368,1230,50,50,1,-1,-1,-1
131,3,514,896,50,50,1,-1,-1,-1
131,4,421,961,50,50,1,-1,-1,-1
131,5,468,148,50,50,1,-1,-1,-1
132,1,511,1394,50,50,1,-1,-1,-1
132,2,381,1239,50,50,1,-1,-1,-1
132,3,518,891,50,50,1,-1,-1,-1
132,4,419,941,50,50,1,-1,-1,-1
132,5,469,142,50,50,1,-1,-1,-1
133,1,506,1384,50,50,1,-1,-1,-1
133,2,388,1252,50,50,1,-1,-1,-1
133,3,524,890,50,50,1,-1,-1,-1
133,4,416,927,50,50,1,-1,-1,-1
133,5,471,138,50,50,1,-1,-1,-1
134,1,497,1338,50,50,1,-1,-1,-1
134,2,395,1270,50,50,1,-1,-1,-1
134,3,531,891,50,50,1,-1,-1,-1
134,4,413,917,50,50,1,-1,-1,-1
134,5,474,140,50,50,1,-1,-1,-1
135,1,487,1259,50,50,1,-1,-1,-1
135,2,405,1296,50,50,1,-1,-1,-1
135,3,537,900,50,50,1,-1,-1,-1
135,4,411,911,50,50,1,-1,-1,-1
135,5,477,149,50,50,1,-1,-1,-1
136,1,483,1166,50,50,1,-1,-1,-1
136,2,420,1326,50,50,1,-1,-1,-1
136,3,542,918,50,50,1,-1,-1,-1
136,4,409,909,50,50,1,-1,-1,-1
136,5,480,162,50,50,1,-1,-1,-1
137,1,478,1073,50,50,1,-1,-1,-1
137,2,438,1354,50,50,1,-1,-1,-1
137,3,547,939,50,50,1,-1,-1,-1
137,4,407,913,50,50,1,-1,-1,-1
137,5,483,176,50,50,1,-1,-1,-1
138,1,473,984,50,50,1,-1,-1,-1
138,2,452,1366,50,50,1,-1,-1,-1
138,3,553,963,50,50,1,-1,-1,-1
138,4,404,920,50,50,1,-1,-1,-1
138,5,485,198,50,50,1,-1,-1,-1
139,1,471,902,50,50,1,-1,-1,-1
139,2,463,1364,50,50,1,-1,-1,-1
139,3,560,990,50,50,1,-1,-1,-1
139,4,403,935,50,50,1,-1,-1,-1
139,5,489,221,50,50,1,-1,-1,-1
140,1,469,821,50,50,1,-1,-1,-1
140,2,472,1347,50,50,1,-1,-1,-1
140,3,567,1023,50,50,1,-1,-1,-1
140,4,402,954,50,50,1,-1,-1,-1
140,5,491,252,50,50,1,-1,-1,-1
141,1,467,740,50,50,1,-1,-1,-1
141,2,473,1311,50,50,1,-1,-1,-1
141,3,573,1059,50,50,1,-1,-1,-1
141,4,400,976,50,50,1,-1,-1,-1
141,5,493,286,50,50,1,-1,-1,-1
142,1,463,665,50,50,1,-1,-1,-1
142,2,467,1259,50,50,1,-1,-1,-1
142,3,578,1098,50,50,1,-1,-1,-1
142,4,398,1002,50,50,1,-1,-1,-1
142,5,497,324,50,50,1,-1,-1,-1
143,1,458,596,50,50,1,-1,-1,-1
143,2,460,1207,50,50,1,-1,-1,-1
143,3,583,1131,50,50,1,-1,-1,-1
143,4,396,1033,50,50,1,-1,-1,-1
143,5,501,365,50,50,1,-1,-1,-1
144,1,455,534,50,50,1,-1,-1,-1
144,2,451,1160,50,50,1,-1,-1,-1
144,3,575,1165,50,50,1,-1,-1,-1
144,4,394,1068,50,50,1,-1,-1,-1
144,5,505,410,50,50,1,-1,-1,-1
145,1,452,478,50,50,1,-1,-1,-1
145,2,443,1120,50,50,1,-1,-1,-1
145,3,560,1203,50,50,1,-1,-1,-1
145,4,393,1109,50,50,1,-1,-1,-1
145,5,509,468,50,50,1,-1,-1,-1
146,1,450,424,50,50,1,-1,-1,-1
146,2,437,1087,50,50,1,-1,-1,-1
146,3,537,1250,50,50,1,-1,-1,-1
146,4,393,1154,50,50,1,-1,-1,-1
146,5,512,527,50,50,1,-1,-1,-1
147,1,448,374,50,50,1,-1,-1,-1
147,2,431,1055,50,50,1,-1,-1,-1
147,3,515,1296,50,50,1,-1,-1,-1
147,4,392,1197,50,50,1,-1,-1,-1
147,5,516,589,50,50,1,-1,-1,-1
148,1,446,332,50,50,1,-1,-1,-1
148,2,425,1025,50,50,1,-1,-1,-1
148,3,501,1317,50,50,1,-1,-1,-1
148,4,391,1233,50,50,1,-1,-1,-1
148,5,520,654,50,50,1,-1,-1,-1
149,1,444,300,50,50,1,-1,-1,-1
149,2,419,1000,50,50,1,-1,-1,-1
149,3,494,1285,50,50,1,-1,-1,-1
149,4,394,1259,50,50,1,-1,-1,-1
149,5,526,728,50,50,1,-1,-1,-1
150,1,442,269,50,50,1,-1,-1,-1
150,2,413,983,50,50,1,-1,-1,-1
150,3,490,1243,50,50,1,-1,-1,-1
150,4,398,1284,50,50,1,-1,-1,-1
150,5,529,807,50,50,1,-1,-1,-1
151,1,438,243,50,50,1,-1,-1,-1
151,2,407,970,50,50,1,-1,-1,-1
151,3,492,1187,50,50,1,-1,-1,-1
151,4,404,1315,50,50,1,-1,-1,-1
151,5,530,890,50,50,1,-1,-1,-1
152,1,433,217,50,50,1,-1,-1,-1
152,2,400,959,50,50,1,-1,-1,-1
152,3,495,1146,50,50,1,-1,-1,-1
152,4,410,1339,50,50,1,-1,-1,-1
152,5,537,974,50,50,1,-1,-1,-1
153,1,430,200,50,50,1,-1,-1,-1
153,2,393,955,50,50,1,-1,-1,-1
153,3,497,1092,50,50,1,-1,-1,-1
153,4,414,1360,50,50,1,-1,-1,-1
153,5,544,1060,50,50,1,-1,-1,-1
154,1,426,187,50,50,1,-1,-1,-1
154,2,386,953,50,50,1,-1,-1,-1
154,3,499,1052,50,50,1,-1,-1,-1
154,4,418,1379,50,50,1,-1,-1,-1
154,5,546,1155,50,50,1,-1,-1,-1
155,1,425,175,50,50,1,-1,-1,-1
155,2,379,956,50,50,1,-1,-1,-1
155,3,504,1008,50,50,1,-1,-1,-1
155,4,427,1385,50,50,1,-1,-1,-1
155,5,552,1216,50,50,1,-1,-1,-1
156,1,424,168,50,50,1,-1,-1,-1
156,2,371,965,50,50,1,-1,-1,-1
156,3,508,978,50,50,1,-1,-1,-1
156,4,438,1370,50,50,1,-1,-1,-1
156,5,555,1240,50,50,1,-1,-1,-1
157,1,422,166,50,50,1,-1,-1,-1
157,2,364,980,50,50,1,-1,-1,-1
157,3,511,954,50,50,1,-1,-1,-1
157,4,440,1313,50,50,1,-1,-1,-1
157,5,549,1268,50,50,1,-1,-1,-1
158,1,419,169,50,50,1,-1,-1,-1
158,2,358,998,50,50,1,-1,-1,-1
158,3,514,931,50,50,1,-1,-1,-1
158,4,445,1217,50,50,1,-1,-1,-1
158,5,536,1299,50,50,1,-1,-1,-1
159,1,415,177,50,50,1,-1,-1,-1
159,2,353,1021,50,50,1,-1,-1,-1
159,3,518,911,50,50,1,-1,-1,-1
159,4,447,1133,50,50,1,-1,-1,-1
159,5,519,1335,50,50,1,-1,-1,-1
160,1,412,191,50,50,1,-1,-1,-1
160,2,347,1045,50,50,1,-1,-1,-1
160,3,522,894,50,50,1,-1,-1,-1
160,4,450,1042,50,50,1,-1,-1,-1
160,5,507,1364,50,50,1,-1,-1,-1
161,1,410,209,50,50,1,-1,-1,-1
161,2,341,1076,50,50,1,-1,-1,-1
161,3,526,883,50,50,1,-1,-1,-1
161,4,451,966,50,50,1,-1,-1,-1
161,5,497,1391,50,50,1,-1,-1,-1
162,1,408,231,50,50,1,-1,-1,-1
162,2,335,1111,50,50,1,-1,-1,-1
162,3,531,880,50,50,1,-1,-1,-1
162,4,452,890,50,50,1,-1,-1,-1
162,5,490,1403,50,50,1,-1,-1,-1
163,1,405,257,50,50,1,-1,-1,-1
163,2,329,1153,50,50,1,-1,-1,-1
163,3,536,884,50,50,1,-1,-1,-1
163,4,454,817,50,50,1,-1,-1,-1
163,5,485,1408,50,50,1,-1,-1,-1
164,1,402,286,50,50,1,-1,-1,-1
164,2,323,1197,50,50,1,-1,-1,-1
164,3,540,889,50,50,1,-1,-1,-1
164,4,457,752,50,50,1,-1,-1,-1
164,5,474,1391,50,50,1,-1,-1,-1
165,1,402,320,50,50,1,-1,-1,-1
165,2,322,1232,50,50,1,-1,-1,-1
165,3,544,898,50,50,1,-1,-1,-1
165,4,459,697,50,50,1,-1,-1,-1
165,5,468,1365,50,50,1,-1,-1,-1
166,1,402,359,50,50,1,-1,-1,-1
166,2,330,1263,50,50,1,-1,-1,-1
166,3,549,910,50,50,1,-1,-1,-1
166,4,461,642,50,50,1,-1,-1,-1
166,5,464,1319,50,50,1,-1,-1,-1
167,1,399,403,50,50,1,-1,-1,-1
167,2,343,1290,50,50,1,-1,-1,-1
167,3,554,929,50,50,1,-1,-1,-1
167,4,463,587,50,50,1,-1,-1,-1
167,5,465,1263,50,50,1,-1,-1,-1
168,1,396,451,50,50,1,-1,-1,-1
168,2,361,1320,50,50,1,-1,-1,-1
168,3,559,952,50,50,1,-1,-1,-1
168,4,466,538,50,50,1,-1,-1,-1
168,5,467,1213,50,50,1,-1,-1,-1
169,1,395,503,50,50,1,-1,-1,-1
169,2,384,1353,50,50,1,-1,-1,-1
169,3,564,979,50,50,1,-1,-1,-1
169,4,470,498,50,50,1,-1,-1,-1
169,5,472,1166,50,50,1,-1,-1,-1
170,1,394,561,50,50,1,-1,-1,-1
170,2,410,1371,50,50,1,-1,-1,-1
170,3,568,1008,50,50,1,-1,-1,-1
170,4,471,463,50,50,1,-1,-1,-1
170,5,477,1123,50,50,1,-1,-1,-1
171,1,393,624,50,50,1,-1,-1,-1
171,2,434,1364,50,50,1,-1,-1,-1
171,3,572,1040,50,50,1,-1,-1,-1
171,4,472,430,50,50,1,-1,-1,-1
171,5,482,1079,50,50,1,-1,-1,-1
172,1,392,691,50,50,1,-1,-1,-1
172,2,446,1342,50,50,1,-1,-1,-1
172,3,577,1084,50,50,1,-1,-1,-1
172,4,474,402,50,50,1,-1,-1,-1
172,5,487,1041,50,50,1,-1,-1,-1
173,1,390,764,50,50,1,-1,-1,-1
173,2,453,1301,50,50,1,-1,-1,-1
173,3,582,1129,50,50,1,-1,-1,-1
173,4,476,377,50,50,1,-1,-1,-1
173,5,492,1010,50,50,1,-1,-1,-1
174,1,388,837,50,50,1,-1,-1,-1
174,2,452,1251,50,50,1,-1,-1,-1
174,3,583,1167,50,50,1,-1,-1,-1
174,4,479,357,50,50,1,-1,-1,-1
174,5,498,986,50,50,1,-1,-1,-1
175,1,386,921,50,50,1,-1,-1,-1
175,2,451,1201,50,50,1,-1,-1,-1
175,3,566,1200,50,50,1,-1,-1,-1
175,4,483,340,50,50,1,-1,-1,-1
175,5,504,967,50,50,1,-1,-1,-1
176,1,387,1009,50,50,1,-1,-1,-1
176,2,448,1155,50,50,1,-1,-1,-1
176,3,553,1233,50,50,1,-1,-1,-1
176,4,488,331,50,50,1,-1,-1,-1
176,5,509,953,50,50,1,-1,-1,-1
177,1,384,1099,50,50,1,-1,-1,-1
177,2,444,1116,50,50,1,-1,-1,-1
177,3,544,1271,50,50,1,-1,-1,-1
177,4,493,326,50,50,1,-1,-1,-1
177,5,513,942,50,50,1,-1,-1,-1
178,1,383,1190,50,50,1,-1,-1,-1
178,2,441,1086,50,50,1,-1,-1,-1
178,3,535,1320,50,50,1,-1,-1,-1
178,4,497,327,50,50,1,-1,-1,-1
178,5,518,935,50,50,1,-1,-1,-1
179,1,374,1238,50,50,1,-1,-1,-1
179,2,438,1056,50,50,1,-1,-1,-1
179,3,525,1366,50,50,1,-1,-1,-1
179,4,501,330,50,50,1,-1,-1,-1
179,5,524,929,50,50,1,-1,-1,-1
180,1,378,1261,50,50,1,-1,-1,-1
180,2,435,1028,50,50,1,-1,-1,-1
180,3,514,1376,50,50,1,-1,-1,-1
180,4,504,335,50,50,1,-1,-1,-1
180,5,532,932,50,50,1,-1,-1,-1
181,1,387,1279,50,50,1,-1,-1,-1
181,2,433,1006,50,50,1,-1,-1,-1
181,3,504,1336,50,50,1,-1,-1,-1
181,4,507,347,50,50,1,-1,-1,-1
181,5,540,938,50,50,1,-1,-1,-1
182,1,398,1299,50,50,1,-1,-1,-1
182,2,431,995,50,50,1,-1,-1,-1
182,3,490,1256,50,50,1,-1,-1,-1
182,4,510,360,50,50,1,-1,-1,-1
182,5,546,953,50,50,1,-1,-1,-1
183,1,410,1322,50,50,1,-1,-1,-1
183,2,429,985,50,50,1,-1,-1,-1
183,3,483,1173,50,50,1,-1,-1,-1
183,4,513,379,50,50,1,-1,-1,-1
183,5,551,973,50,50,1,-1,-1,-1
184,1,428,1349,50,50,1,-1,-1,-1
184,2,427,978,50,50,1,-1,-1,-1
184,3,481,1089,50,50,1,-1,-1,-1
184,4,515,405,50,50,1,-1,-1,-1
184,5,556,995,50,50,1,-1,-1,-1
185,1,445,1366,50,50,1,-1,-1,-1
185,2,424,977,50,50,1,-1,-1,-1
185,3,476,1009,50,50,1,-1,-1,-1
185,4,518,435,50,50,1,-1,-1,-1
185,5,562,1022,50,50,1,-1,-1,-1
186,1,462,1373,50,50,1,-1,-1,-1
186,2,421,979,50,50,1,-1,-1,-1
186,3,471,933,50,50,1,-1,-1,-1
186,4,522,468,50,50,1,-1,-1,-1
186,5,568,1052,50,50,1,-1,-1,-1
187,1,474,1365,50,50,1,-1,-1,-1
187,2,418,987,50,50,1,-1,-1,-1
187,3,467,859,50,50,1,-1,-1,-1
187,4,528,503,50,50,1,-1,-1,-1
187,5,575,1086,50,50,1,-1,-1,-1
188,1,482,1343,50,50,1,-1,-1,-1
188,2,415,1002,50,50,1,-1,-1,-1
188,3,461,783,50,50,1,-1,-1,-1
188,4,532,543,50,50,1,-1,-1,-1
188,5,581,1116,50,50,1,-1,-1,-1
189,1,482,1302,50,50,1,-1,-1,-1
189,2,412,1019,50,50,1,-1,-1,-1
189,3,456,717,50,50,1,-1,-1,-1
189,4,534,587,50,50,1,-1,-1,-1
189,5,584,1130,50,50,1,-1,-1,-1
190,1,480,1250,50,50,1,-1,-1,-1
190,2,409,1041,50,50,1,-1,-1,-1
190,3,452,659,50,50,1,-1,-1,-1
190,4,537,635,50,50,1,-1,-1,-1
190,5,583,1150,50,50,1,-1,-1,-1
191,1,474,1197,50,50,1,-1,-1,-1
191,2,408,1065,50,50,1,-1,-1,-1
191,3,448,606,50,50,1,-1,-1,-1
191,4,542,689,50,50,1,-1,-1,-1
191,5,581,1176,50,50,1,-1,-1,-1
192,1,466,1152,50,50,1,-1,-1,-1
192,2,407,1094,50,50,1,-1,-1,-1
192,3,444,555,50,50,1,-1,-1,-1
192,4,547,749,50,50,1,-1,-1,-1
192,5,574,1193,50,50,1,-1,-1,-1
193,1,460,1113,50,50,1,-1,-1,-1
193,2,406,1129,50,50,1,-1,-1,-1
193,3,440,504,50,50,1,-1,-1,-1
193,4,552,813,50,50,1,-1,-1,-1
193,5,568,1197,50,50,1,-1,-1,-1
194,1,453,1076,50,50,1,-1,-1,-1
194,2,404,1169,50,50,1,-1,-1,-1
194,3,436,465,50,50,1,-1,-1,-1
194,4,557,878,50,50,1,-1,-1,-1
194,5,568,1200,50,50,1,-1,-1,-1
195,1,446,1042,50,50,1,-1,-1,-1
195,2,402,1207,50,50,1,-1,-1,-1
195,3,432,430,50,50,1,-1,-1,-1
195,4,562,947,50,50,1,-1,-1,-1
195,5,567,1200,50,50,1,-1,-1,-1
196,1,440,1011,50,50,1,-1,-1,-1
196,2,398,1241,50,50,1,-1,-1,-1
196,3,426,397,50,50,1,-1,-1,-1
196,4,566,1020,50,50,1,-1,-1,-1
196,5,565,1197,50,50,1,-1,-1,-1
197,1,435,989,50,50,1,-1,-1,-1
197,2,399,1254,50,50,1,-1,-1,-1
197,3,421,367,50,50,1,-1,-1,-1
197,4,569,1099,50,50,1,-1,-1,-1
197,5,564,1196,50,50,1,-1,-1,-1
198,1,430,972,50,50,1,-1,-1,-1
198,2,406,1277,50,50,1,-1,-1,-1
198,3,417,343,50,50,1,-1,-1,-1
198,4,573,1167,50,50,1,-1,-1,-1
198,5,563,1194,50,50,1,-1,-1,-1
199,1,424,961,50,50,1,-1,-1,-1
199,2,410,1296,50,50,1,-1,-1,-1
199,3,412,323,50,50,1,-1,-1,-1
199,4,574,1188,50,50,1,-1,-1,-1
199,5,561,1208,50,50,1,-1,-1,-1
200,1,418,951,50,50,1,-1,-1,-1
200,2,416,1310,50,50,1,-1,-1,-1
200,3,406,309,50,50,1,-1,-1,-1
200,4,575,1199,50,50,1,-1,-1,-1
200,5,559,1208,50,50,1,-1,-1,-1
201,1,412,946,50,50,1,-1,-1,-1
201,2,415,1313,50,50,1,-1,-1,-1
201,3,401,299,50,50,1,-1,-1,-1
201,4,575,1206,50,50,1,-1,-1,-1
201,5,558,1218,50,50,1,-1,-1,-1
202,1,406,948,50,50,1,-1,-1,-1
202,2,410,1307,50,50,1,-1,-1,-1
202,3,396,294,50,50,1,-1,-1,-1
202,4,573,1218,50,50,1,-1,-1,-1
202,5,556,1227,50,50,1,-1,-1,-1
203,1,399,952,50,50,1,-1,-1,-1
203,2,408,1302,50,50,1,-1,-1,-1
203,3,392,292,50,50,1,-1,-1,-1
203,4,569,1231,50,50,1,-1,-1,-1
203,5,553,1237,50,50,1,-1,-1,-1
204,1,393,960,50,50,1,-1,-1,-1
204,2,400,1287,50,50,1,-1,-1,-1
204,3,389,296,50,50,1,-1,-1,-1
204,4,566,1241,50,50,1,-1,-1,-1
204,5,551,1249,50,50,1,-1,-1,-1
205,1,387,971,50,50,1,-1,-1,-1
205,2,391,1277,50,50,1,-1,-1,-1
205,3,386,305,50,50,1,-1,-1,-1
205,4,563,1253,50,50,1,-1,-1,-1
205,5,552,1259,50,50,1,-1,-1,-1
206,1,382,988,50,50,1,-1,-1,-1
206,2,379,1270,50,50,1,-1,-1,-1
206,3,380,320,50,50,1,-1,-1,-1
206,4,563,1262,50,50,1,-1,-1,-1
206,5,552,1266,50,50,1,-1,-1,-1
207,1,378,1015,50,50,1,-1,-1,-1
207,2,368,1264,50,50,1,-1,-1,-1
207,3,374,340,50,50,1,-1,-1,-1
207,4,563,1264,50,50,1,-1,-1,-1
207,5,553,1271,50,50,1,-1,-1,-1
208,1,370,1044,50,50,1,-1,-1,-1
208,2,357,1258,50,50,1,-1,-1,-1
208,3,369,365,50,50,1,-1,-1,-1
208,4,563,1270,50,50,1,-1,-1,-1
208,5,552,1272,50,50,1,-1,-1,-1
209,1,362,1078,50,50,1,-1,-1,-1
209,2,346,1258,50,50,1,-1,-1,-1
209,3,365,394,50,50,1,-1,-1,-1
209,4,560,1275,50,50,1,-1,-1,-1
209,5,551,1275,50,50,1,-1,-1,-1
210,1,357,1112,50,50,1,-1,-1,-1
210,2,337,1251,50,50,1,-1,-1,-1
210,3,361,428,50,50,1,-1,-1,-1
210,4,562,1278,50,50,1,-1,-1,-1
210,5,553,1278,50,50,1,-1,-1,-1
211,1,352,1150,50,50,1,-1,-1,-1
211,2,327,1248,50,50,1,-1,-1,-1
211,3,357,465,50,50,1,-1,-1,-1
211,4,563,1282,50,50,1,-1,-1,-1
211,5,554,1281,50,50,1,-1,-1,-1
212,1,347,1194,50,50,1,-1,-1,-1
212,2,321,1245,50,50,1,-1,-1,-1
212,3,354,510,50,50,1,-1,-1,-1
212,4,564,1288,50,50,1,-1,-1,-1
212,5,553,1282,50,50,1,-1,-1,-1
213,1,343,1234,50,50,1,-1,-1,-1
213,2,321,1242,50,50,1,-1,-1,-1
213,3,351,562,50,50,1,-1,-1,-1
213,4,563,1293,50,50,1,-1,-1,-1
213,5,553,1285,50,50,1,-1,-1,-1
214,1,348,1245,50,50,1,-1,-1,-1
214,2,322,1244,50,50,1,-1,-1,-1
214,3,348,618,50,50,1,-1,-1,-1
214,4,565,1298,50,50,1,-1,-1,-1
214,5,555,1285,50,50,1,-1,-1,-1
215,1,355,1249,50,50,1,-1,-1,-1
215,2,328,1248,50,50,1,-1,-1,-1
215,3,345,678,50,50,1,-1,-1,-1
215,4,564,1299,50,50,1,-1,-1,-1
215,5,554,1287,50,50,1,-1,-1,-1
216,1,362,1253,50,50,1,-1,-1,-1
216,2,337,1249,50,50,1,-1,-1,-1
216,3,341,744,50,50,1,-1,-1,-1
216,4,563,1299,50,50,1,-1,-1,-1
216,5,553,1289,50,50,1,-1,-1,-1
217,1,363,1253,50,50,1,-1,-1,-1
217,2,339,1251,50,50,1,-1,-1,-1
217,3,336,814,50,50,1,-1,-1,-1
217,4,565,1301,50,50,1,-1,-1,-1
217,5,553,1292,50,50,1,-1,-1,-1
218,1,361,1255,50,50,1,-1,-1,-1
218,2,340,1255,50,50,1,-1,-1,-1
218,3,332,891,50,50,1,-1,-1,-1
218,4,567,1304,50,50,1,-1,-1,-1
218,5,553,1295,50,50,1,-1,-1,-1
219,1,358,1253,50,50,1,-1,-1,-1
219,2,332,1255,50,50,1,-1,-1,-1
219,3,328,972,50,50,1,-1,-1,-1
219,4,568,1307,50,50,1,-1,-1,-1
219,5,551,1299,50,50,1,-1,-1,-1
220,1,348,1248,50,50,1,-1,-1,-1
220,2,324,1247,50,50,1,-1,-1,-1
220,3,325,1059,50,50,1,-1,-1,-1
220,4,568,1311,50,50,1,-1,-1,-1
220,5,550,1301,50,50,1,-1,-1,-1
221,1,338,1240,50,50,1,-1,-1,-1
221,2,314,1236,50,50,1,-1,-1,-1
221,3,323,1147,50,50,1,-1,-1,-1
221,4,569,1312,50,50,1,-1,-1,-1
221,5,549,1303,50,50,1,-1,-1,-1
222,1,328,1230,50,50,1,-1,-1,-1
222,2,304,1228,50,50,1,-1,-1,-1
222,3,321,1235,50,50,1,-1,-1,-1
222,4,570,1312,50,50,1,-1,-1,-1
222,5,548,1303,50,50,1,-1,-1,-1
223,1,323,1229,50,50,1,-1,-1,-1
223,2,297,1221,50,50,1,-1,-1,-1
223,3,315,1238,50,50,1,-1,-1,-1
223,4,568,1312,50,50,1,-1,-1,-1
223,5,546,1303,50,50,1,-1,-1,-1
224,1,324,1227,50,50,1,-1,-1,-1
224,2,295,1219,50,50,1,-1,-1,-1
224,3,309,1226,50,50,1,-1,-1,-1
224,4,566,1312,50,50,1,-1,-1,-1
224,5,544,1305,50,50,1,-1,-1,-1
225,1,325,1225,50,50,1,-1,-1,-1
225,2,297,1216,50,50,1,-1,-1,-1
225,3,313,1214,50,50,1,-1,-1,-1
225,4,565,1316,50,50,1,-1,-1,-1
225,5,545,1307,50,50,1,-1,-1,-1
226,1,328,1224,50,50,1,-1,-1,-1
226,2,302,1211,50,50,1,-1,-1,-1
226,3,321,1209,50,50,1,-1,-1,-1
226,4,564,1318,50,50,1,-1,-1,-1
226,5,545,1309,50,50,1,-1,-1,-1
227,1,331,1225,50,50,1,-1,-1,-1
227,2,309,1207,50,50,1,-1,-1,-1
227,3,330,1210,50,50,1,-1,-1,-1
227,4,563,1319,50,50,1,-1,-1,-1
227,5,545,1311,50,50,1,-1,-1,-1
228,1,335,1226,50,50,1,-1,-1,-1
228,2,315,1205,50,50,1,-1,-1,-1
228,3,336,1209,50,50,1,-1,-1,-1
228,4,562,1320,50,50,1,-1,-1,-1
228,5,546,1308,50,50,1,-1,-1,-1
229,1,339,1227,50,50,1,-1,-1,-1
229,2,318,1208,50,50,1,-1,-1,-1
229,3,341,1209,50,50,1,-1,-1,-1
229,4,561,1321,50,50,1,-1,-1,-1
229,5,545,1306,50,50,1,-1,-1,-1
230,1,342,1229,50,50,1,-1,-1,-1
230,2,321,1211,50,50,1,-1,-1,-1
230,3,346,1213,50,50,1,-1,-1,-1
230,4,560,1322,50,50,1,-1,-1,-1
230,5,542,1307,50,50,1,-1,-1,-1
231,1,344,1231,50,50,1,-1,-1,-1
231,2,323,1214,50,50,1,-1,-1,-1
231,3,351,1218,50,50,1,-1,-1,-1
231,4,561,1318,50,50,1,-1,-1,-1
231,5,540,1307,50,50,1,-1,-1,-1
232,1,346,1234,50,50,1,-1,-1,-1
232,2,325,1218,50,50,1,-1,-1,-1
232,3,352,1221,50,50,1,-1,-1,-1
232,4,562,1314,50,50,1,-1,-1,-1
232,5,539,1305,50,50,1,-1,-1,-1
233,1,347,1237,50,50,1,-1,-1,-1
233,2,327,1223,50,50,1,-1,-1,-1
233,3,353,1224,50,50,1,-1,-1,-1
233,4,560,1311,50,50,1,-1,-1,-1
233,5,538,1303,50,50,1,-1,-1,-1
234,1,348,1240,50,50,1,-1,-1,-1
234,2,329,1229,50,50,1,-1,-1,-1
234,3,356,1229,50,50,1,-1,-1,-1
234,4,558,1307,50,50,1,-1,-1,-1
234,5,537,1301,50,50,1,-1,-1,-1
235,1,350,1246,50,50,1,-1,-1,-1
235,2,331,1235,50,50,1,-1,-1,-1
235,3,359,1234,50,50,1,-1,-1,-1
235,4,557,1305,50,50,1,-1,-1,-1
235,5,537,1301,50,50,1,-1,-1,-1
236,1,352,1253,50,50,1,-1,-1,-1
236,2,333,1241,50,50,1,-1,-1,-1
236,3,362,1239,50,50,1,-1,-1,-1
236,4,556,1305,50,50,1,-1,-1,-1
236,5,536,1302,50,50,1,-1,-1,-1
237,1,355,1258,50,50,1,-1,-1,-1
237,2,335,1247,50,50,1,-1,-1,-1
237,3,365,1244,50,50,1,-1,-1,-1
237,4,555,1305,50,50,1,-1,-1,-1
237,5,535,1303,50,50,1,-1,-1,-1
238,1,358,1263,50,50,1,-1,-1,-1
238,2,337,1251,50,50,1,-1,-1,-1
238,3,368,1251,50,50,1,-1,-1,-1
238,4,553,1304,50,50,1,-1,-1,-1
238,5,535,1303,50,50,1,-1,-1,-1
239,1,360,1268,50,50,1,-1,-1,-1
239,2,339,1255,50,50,1,-1,-1,-1
239,3,372,1258,50,50,1,-1,-1,-1
239,4,554,1306,50,50,1,-1,-1,-1
239,5,536,1303,50,50,1,-1,-1,-1
240,1,362,1275,50,50,1,-1,-1,-1
240,2,343,1263,50,50,1,-1,-1,-1
240,3,376,1265,50,50,1,-1,-1,-1
240,4,555,1308,50,50,1,-1,-1,-1
240,5,537,1303,50,50,1,-1,-1,-1
241,1,365,1282,50,50,1,-1,-1,-1
241,2,347,1270,50,50,1,-1,-1,-1
241,3,379,1273,50,50,1,-1,-1,-1
241,4,559,1308,50,50,1,-1,-1,-1
241,5,538,1304,50,50,1,-1,-1,-1
242,1,368,1289,50,50,1,-1,-1,-1
242,2,350,1275,50,50,1,-1,-1,-1
242,3,382,1281,50,50,1,-1,-1,-1
242,4,561,1309,50,50,1,-1,-1,-1
242,5,541,1305,50,50,1,-1,-1,-1
243,1,371,1296,50,50,1,-1,-1,-1
243,2,353,1282,50,50,1,-1,-1,-1
243,3,386,1292,50,50,1,-1,-1,-1
243,4,563,1310,50,50,1,-1,-1,-1
243,5,545,1305,50,50,1,-1,-1,-1
244,1,375,1305,50,50,1,-1,-1,-1
244,2,357,1290,50,50,1,-1,-1,-1
244,3,388,1300,50,50,1,-1,-1,-1
244,4,566,1309,50,50,1,-1,-1,-1
244,5,547,1304,50,50,1,-1,-1,-1
245,1,379,1314,50,50,1,-1,-1,-1
245,2,363,1303,50,50,1,-1,-1,-1
245,3,392,1308,50,50,1,-1,-1,-1
245,4,568,1308,50,50,1,-1,-1,-1
245,5,549,1303,50,50,1,-1,-1,-1
246,1,385,1318,50,50,1,-1,-1,-1
246,2,365,1313,50,50,1,-1,-1,-1
246,3,396,1320,50,50,1,-1,-1,-1
246,4,571,1308,50,50,1,-1,-1,-1
246,5,553,1301,50,50,1,-1,-1,-1
247,1,391,1324,50,50,1,-1,-1,-1
247,2,370,1324,50,50,1,-1,-1,-1
247,3,400,1333,50,50,1,-1,-1,-1
247,4,574,1308,50,50,1,-1,-1,-1
247,5,556,1301,50,50,1,-1,-1,-1
248,1,396,1331,50,50,1,-1,-1,-1
248,2,376,1337,50,50,1,-1,-1,-1
248,3,406,1344,50,50,1,-1,-1,-1
248,4,577,1308,50,50,1,-1,-1,-1
248,5,559,1301,50,50,1,-1,-1,-1
