1,1,443,1163,50,50,1,-1,-1,-1
1,2,543,1292,50,50,1,-1,-1,-1
1,3,443,1192,50,50,1,-1,-1,-1
1,4,529,1282,50,50,1,-1,-1,-1
2,1,438,1152,50,50,1,-1,-1,-1
2,2,542,1287,50,50,1,-1,-1,-1
2,3,449,1174,50,50,1,-1,-1,-1
2,4,530,1284,50,50,1,-1,-1,-1
3,1,437,1142,50,50,1,-1,-1,-1
3,2,539,1291,50,50,1,-1,-1,-1
3,3,444,1165,50,50,1,-1,-1,-1
3,4,528,1287,50,50,1,-1,-1,-1
4,1,434,1137,50,50,1,-1,-1,-1
4,2,536,1298,50,50,1,-1,-1,-1
4,3,440,1161,50,50,1,-1,-1,-1
4,4,527,1290,50,50,1,-1,-1,-1
5,1,432,1134,50,50,1,-1,-1,-1
5,2,536,1301,50,50,1,-1,-1,-1
5,3,441,1157,50,50,1,-1,-1,-1
5,4,526,1293,50,50,1,-1,-1,-1
6,1,432,1131,50,50,1,-1,-1,-1
6,2,534,1305,50,50,1,-1,-1,-1
6,3,442,1154,50,50,1,-1,-1,-1
6,4,525,1296,50,50,1,-1,-1,-1
7,1,432,1128,50,50,1,-1,-1,-1
7,2,533,1308,50,50,1,-1,-1,-1
7,3,441,1156,50,50,1,-1,-1,-1
7,4,524,1297,50,50,1,-1,-1,-1
8,1,433,1136,50,50,1,-1,-1,-1
8,2,530,1310,50,50,1,-1,-1,-1
8,3,442,1159,50,50,1,-1,-1,-1
8,4,523,1298,50,50,1,-1,-1,-1
9,1,434,1144,50,50,1,-1,-1,-1
9,2,527,1308,50,50,1,-1,-1,-1
9,3,443,1164,50,50,1,-1,-1,-1
9,4,522,1298,50,50,1,-1,-1,-1
10,1,435,1155,50,50,1,-1,-1,-1
10,2,523,1303,50,50,1,-1,-1,-1
10,3,443,1174,50,50,1,-1,-1,-1
10,4,520,1291,50,50,1,-1,-1,-1
11,1,436,1172,50,50,1,-1,-1,-1
11,2,520,1297,50,50,1,-1,-1,-1
11,3,446,1192,50,50,1,-1,-1,-1
11,4,518,1284,50,50,1,-1,-1,-1
12,1,438,1198,50,50,1,-1,-1,-1
12,2,516,1279,50,50,1,-1,-1,-1
12,3,449,1215,50,50,1,-1,-1,-1
12,4,517,1279,50,50,1,-1,-1,-1
13,1,440,1231,50,50,1,-1,-1,-1
13,2,515,1258,50,50,1,-1,-1,-1
13,3,452,1243,50,50,1,-1,-1,-1
13,4,519,1273,50,50,1,-1,-1,-1
14,1,440,1276,50,50,1,-1,-1,-1
14,2,518,1241,50,50,1,-1,-1,-1
14,3,454,1276,50,50,1,-1,-1,-1
14,4,521,1266,50,50,1,-1,-1,-1
15,1,441,1323,50,50,1,-1,-1,-1
15,2,525,1217,50,50,1,-1,-1,-1
15,3,456,1312,50,50,1,-1,-1,-1
15,4,524,1246,50,50,1,-1,-1,-1
16,1,443,1364,50,50,1,-1,-1,-1
16,2,527,1198,50,50,1,-1,-1,-1
16,3,459,1346,50,50,1,-1,-1,-1
16,4,527,1226,50,50,1,-1,-1,-1
17,1,448,1396,50,50,1,-1,-1,-1
17,2,532,1186,50,50,1,-1,-1,-1
17,3,459,1368,50,50,1,-1,-1,-1
17,4,527,1217,50,50,1,-1,-1,-1
18,1,455,1412,50,50,1,-1,-1,-1
18,2,537,1185,50,50,1,-1,-1,-1
18,3,463,1386,50,50,1,-1,-1,-1
18,4,529,1213,50,50,1,-1,-1,-1
19,1,462,1405,50,50,1,-1,-1,-1
19,2,537,1198,50,50,1,-1,-1,-1
19,3,471,1387,50,50,1,-1,-1,-1
19,4,531,1219,50,50,1,-1,-1,-1
20,1,473,1374,50,50,1,-1,-1,-1
20,2,538,1227,50,50,1,-1,-1,-1
20,3,480,1372,50,50,1,-1,-1,-1
20,4,531,1241,50,50,1,-1,-1,-1
21,1,485,1302,50,50,1,-1,-1,-1
21,2,538,1265,50,50,1,-1,-1,-1
21,3,488,1327,50,50,1,-1,-1,-1
21,4,530,1276,50,50,1,-1,-1,-1
22,1,489,1215,50,50,1,-1,-1,-1
22,2,539,1306,50,50,1,-1,-1,-1
22,3,486,1255,50,50,1,-1,-1,-1
22,4,528,1311,50,50,1,-1,-1,-1
23,1,489,1123,50,50,1,-1,-1,-1
23,2,538,1348,50,50,1,-1,-1,-1
23,3,488,1185,50,50,1,-1,-1,-1
23,4,525,1332,50,50,1,-1,-1,-1
24,1,489,1032,50,50,1,-1,-1,-1
24,2,535,1369,50,50,1,-1,-1,-1
24,3,487,1132,50,50,1,-1,-1,-1
24,4,522,1354,50,50,1,-1,-1,-1
25,1,491,944,50,50,1,-1,-1,-1
25,2,531,1379,50,50,1,-1,-1,-1
25,3,478,1113,50,50,1,-1,-1,-1
25,4,517,1360,50,50,1,-1,-1,-1
26,1,494,861,50,50,1,-1,-1,-1
26,2,529,1382,50,50,1,-1,-1,-1
26,3,469,1118,50,50,1,-1,-1,-1
26,4,517,1356,50,50,1,-1,-1,-1
27,1,497,784,50,50,1,-1,-1,-1
27,2,524,1372,50,50,1,-1,-1,-1
27,3,459,1146,50,50,1,-1,-1,-1
27,4,514,1346,50,50,1,-1,-1,-1
28,1,500,709,50,50,1,-1,-1,-1
28,2,520,1345,50,50,1,-1,-1,-1
28,3,448,1180,50,50,1,-1,-1,-1
28,4,509,1324,50,50,1,-1,-1,-1
29,1,503,640,50,50,1,-1,-1,-1
29,2,514,1296,50,50,1,-1,-1,-1
29,3,443,1223,50,50,1,-1,-1,-1
29,4,508,1292,50,50,1,-1,-1,-1
30,1,506,577,50,50,1,-1,-1,-1
30,2,509,1239,50,50,1,-1,-1,-1
30,3,441,1271,50,50,1,-1,-1,-1
30,4,507,1259,50,50,1,-1,-1,-1
31,1,509,516,50,50,1,-1,-1,-1
31,2,504,1182,50,50,1,-1,-1,-1
31,3,447,1309,50,50,1,-1,-1,-1
31,4,506,1222,50,50,1,-1,-1,-1
32,1,513,460,50,50,1,-1,-1,-1
32,2,499,1133,50,50,1,-1,-1,-1
32,3,456,1329,50,50,1,-1,-1,-1
32,4,505,1193,50,50,1,-1,-1,-1
33,1,516,418,50,50,1,-1,-1,-1
33,2,494,1089,50,50,1,-1,-1,-1
33,3,463,1338,50,50,1,-1,-1,-1
33,4,504,1179,50,50,1,-1,-1,-1
34,1,520,375,50,50,1,-1,-1,-1
34,2,490,1048,50,50,1,-1,-1,-1
34,3,471,1324,50,50,1,-1,-1,-1
34,4,508,1169,50,50,1,-1,-1,-1
35,1,524,332,50,50,1,-1,-1,-1
35,2,486,1009,50,50,1,-1,-1,-1
35,3,476,1291,50,50,1,-1,-1,-1
35,4,513,1175,50,50,1,-1,-1,-1
36,1,528,297,50,50,1,-1,-1,-1
36,2,482,977,50,50,1,-1,-1,-1
36,3,476,1251,50,50,1,-1,-1,-1
36,4,520,1184,50,50,1,-1,-1,-1
37,1,532,267,50,50,1,-1,-1,-1
37,2,479,951,50,50,1,-1,-1,-1
37,3,477,1217,50,50,1,-1,-1,-1
37,4,520,1195,50,50,1,-1,-1,-1
38,1,536,240,50,50,1,-1,-1,-1
38,2,476,929,50,50,1,-1,-1,-1
38,3,481,1183,50,50,1,-1,-1,-1
38,4,519,1208,50,50,1,-1,-1,-1
39,1,539,216,50,50,1,-1,-1,-1
39,2,473,911,50,50,1,-1,-1,-1
39,3,486,1153,50,50,1,-1,-1,-1
39,4,517,1222,50,50,1,-1,-1,-1
40,1,542,200,50,50,1,-1,-1,-1
40,2,470,893,50,50,1,-1,-1,-1
40,3,490,1127,50,50,1,-1,-1,-1
40,4,514,1237,50,50,1,-1,-1,-1
41,1,545,184,50,50,1,-1,-1,-1
41,2,467,881,50,50,1,-1,-1,-1
41,3,494,1105,50,50,1,-1,-1,-1
41,4,511,1253,50,50,1,-1,-1,-1
42,1,551,173,50,50,1,-1,-1,-1
42,2,462,878,50,50,1,-1,-1,-1
42,3,499,1087,50,50,1,-1,-1,-1
42,4,509,1271,50,50,1,-1,-1,-1
43,1,557,165,50,50,1,-1,-1,-1
43,2,457,877,50,50,1,-1,-1,-1
43,3,504,1075,50,50,1,-1,-1,-1
43,4,507,1294,50,50,1,-1,-1,-1
44,1,562,167,50,50,1,-1,-1,-1
44,2,453,878,50,50,1,-1,-1,-1
44,3,510,1067,50,50,1,-1,-1,-1
44,4,504,1319,50,50,1,-1,-1,-1
45,1,567,168,50,50,1,-1,-1,-1
45,2,449,886,50,50,1,-1,-1,-1
45,3,515,1064,50,50,1,-1,-1,-1
45,4,501,1344,50,50,1,-1,-1,-1
46,1,572,172,50,50,1,-1,-1,-1
46,2,446,900,50,50,1,-1,-1,-1
46,3,520,1065,50,50,1,-1,-1,-1
46,4,503,1354,50,50,1,-1,-1,-1
47,1,577,183,50,50,1,-1,-1,-1
47,2,443,916,50,50,1,-1,-1,-1
47,3,524,1072,50,50,1,-1,-1,-1
47,4,505,1341,50,50,1,-1,-1,-1
48,1,582,197,50,50,1,-1,-1,-1
48,2,440,937,50,50,1,-1,-1,-1
48,3,530,1078,50,50,1,-1,-1,-1
48,4,506,1310,50,50,1,-1,-1,-1
49,1,587,215,50,50,1,-1,-1,-1
49,2,437,961,50,50,1,-1,-1,-1
49,3,537,1086,50,50,1,-1,-1,-1
49,4,507,1257,50,50,1,-1,-1,-1
50,1,592,237,50,50,1,-1,-1,-1
50,2,434,991,50,50,1,-1,-1,-1
50,3,542,1094,50,50,1,-1,-1,-1
50,4,501,1203,50,50,1,-1,-1,-1
51,1,597,264,50,50,1,-1,-1,-1
51,2,431,1026,50,50,1,-1,-1,-1
51,3,537,1112,50,50,1,-1,-1,-1
51,4,494,1154,50,50,1,-1,-1,-1
52,1,602,294,50,50,1,-1,-1,-1
52,2,429,1062,50,50,1,-1,-1,-1
52,3,535,1137,50,50,1,-1,-1,-1
52,4,490,1115,50,50,1,-1,-1,-1
53,1,608,327,50,50,1,-1,-1,-1
53,2,428,1103,50,50,1,-1,-1,-1
53,3,536,1171,50,50,1,-1,-1,-1
53,4,486,1077,50,50,1,-1,-1,-1
54,1,615,363,50,50,1,-1,-1,-1
54,2,426,1148,50,50,1,-1,-1,-1
54,3,540,1221,50,50,1,-1,-1,-1
54,4,482,1041,50,50,1,-1,-1,-1
55,1,622,407,50,50,1,-1,-1,-1
55,2,424,1194,50,50,1,-1,-1,-1
55,3,550,1281,50,50,1,-1,-1,-1
55,4,479,1009,50,50,1,-1,-1,-1
56,1,629,455,50,50,1,-1,-1,-1
56,2,423,1234,50,50,1,-1,-1,-1
56,3,563,1338,50,50,1,-1,-1,-1
56,4,476,986,50,50,1,-1,-1,-1
57,1,636,506,50,50,1,-1,-1,-1
57,2,424,1262,50,50,1,-1,-1,-1
57,3,571,1366,50,50,1,-1,-1,-1
57,4,472,969,50,50,1,-1,-1,-1
58,1,642,559,50,50,1,-1,-1,-1
58,2,430,1282,50,50,1,-1,-1,-1
58,3,577,1358,50,50,1,-1,-1,-1
58,4,468,953,50,50,1,-1,-1,-1
59,1,648,619,50,50,1,-1,-1,-1
59,2,437,1304,50,50,1,-1,-1,-1
59,3,570,1316,50,50,1,-1,-1,-1
59,4,464,941,50,50,1,-1,-1,-1
60,1,652,682,50,50,1,-1,-1,-1
60,2,444,1332,50,50,1,-1,-1,-1
60,3,570,1247,50,50,1,-1,-1,-1
60,4,460,934,50,50,1,-1,-1,-1
61,1,656,749,50,50,1,-1,-1,-1
61,2,457,1361,50,50,1,-1,-1,-1
61,3,565,1167,50,50,1,-1,-1,-1
61,4,456,929,50,50,1,-1,-1,-1
62,1,665,825,50,50,1,-1,-1,-1
62,2,470,1381,50,50,1,-1,-1,-1
62,3,560,1085,50,50,1,-1,-1,-1
62,4,452,928,50,50,1,-1,-1,-1
63,1,674,903,50,50,1,-1,-1,-1
63,2,482,1390,50,50,1,-1,-1,-1
63,3,553,1002,50,50,1,-1,-1,-1
63,4,448,934,50,50,1,-1,-1,-1
64,1,683,985,50,50,1,-1,-1,-1
64,2,490,1386,50,50,1,-1,-1,-1
64,3,548,924,50,50,1,-1,-1,-1
64,4,444,946,50,50,1,-1,-1,-1
65,1,692,1067,50,50,1,-1,-1,-1
65,2,500,1366,50,50,1,-1,-1,-1
65,3,543,850,50,50,1,-1,-1,-1
65,4,442,959,50,50,1,-1,-1,-1
66,1,701,1144,50,50,1,-1,-1,-1
66,2,506,1328,50,50,1,-1,-1,-1
66,3,538,781,50,50,1,-1,-1,-1
66,4,440,977,50,50,1,-1,-1,-1
67,1,706,1174,50,50,1,-1,-1,-1
67,2,510,1273,50,50,1,-1,-1,-1
67,3,533,716,50,50,1,-1,-1,-1
67,4,438,1001,50,50,1,-1,-1,-1
68,1,704,1205,50,50,1,-1,-1,-1
68,2,513,1211,50,50,1,-1,-1,-1
68,3,528,657,50,50,1,-1,-1,-1
68,4,435,1031,50,50,1,-1,-1,-1
69,1,692,1232,50,50,1,-1,-1,-1
69,2,515,1155,50,50,1,-1,-1,-1
69,3,523,602,50,50,1,-1,-1,-1
69,4,432,1063,50,50,1,-1,-1,-1
70,1,671,1259,50,50,1,-1,-1,-1
70,2,517,1099,50,50,1,-1,-1,-1
70,3,519,554,50,50,1,-1,-1,-1
70,4,429,1096,50,50,1,-1,-1,-1
71,1,649,1285,50,50,1,-1,-1,-1
71,2,519,1047,50,50,1,-1,-1,-1
71,3,516,510,50,50,1,-1,-1,-1
71,4,426,1135,50,50,1,-1,-1,-1
72,1,630,1299,50,50,1,-1,-1,-1
72,2,522,1001,50,50,1,-1,-1,-1
72,3,513,470,50,50,1,-1,-1,-1
72,4,423,1175,50,50,1,-1,-1,-1
73,1,616,1295,50,50,1,-1,-1,-1
73,2,525,962,50,50,1,-1,-1,-1
73,3,509,433,50,50,1,-1,-1,-1
73,4,419,1200,50,50,1,-1,-1,-1
74,1,602,1280,50,50,1,-1,-1,-1
74,2,528,925,50,50,1,-1,-1,-1
74,3,503,401,50,50,1,-1,-1,-1
74,4,423,1205,50,50,1,-1,-1,-1
75,1,590,1258,50,50,1,-1,-1,-1
75,2,532,893,50,50,1,-1,-1,-1
75,3,496,374,50,50,1,-1,-1,-1
75,4,434,1209,50,50,1,-1,-1,-1
76,1,576,1222,50,50,1,-1,-1,-1
76,2,536,865,50,50,1,-1,-1,-1
76,3,495,355,50,50,1,-1,-1,-1
76,4,454,1209,50,50,1,-1,-1,-1
77,1,563,1197,50,50,1,-1,-1,-1
77,2,539,842,50,50,1,-1,-1,-1
77,3,491,335,50,50,1,-1,-1,-1
77,4,478,1207,50,50,1,-1,-1,-1
78,1,550,1173,50,50,1,-1,-1,-1
78,2,542,824,50,50,1,-1,-1,-1
78,3,487,316,50,50,1,-1,-1,-1
78,4,495,1212,50,50,1,-1,-1,-1
79,1,536,1153,50,50,1,-1,-1,-1
79,2,545,810,50,50,1,-1,-1,-1
79,3,483,305,50,50,1,-1,-1,-1
79,4,512,1218,50,50,1,-1,-1,-1
80,1,524,1138,50,50,1,-1,-1,-1
80,2,550,798,50,50,1,-1,-1,-1
80,3,481,304,50,50,1,-1,-1,-1
80,4,523,1226,50,50,1,-1,-1,-1
81,1,512,1128,50,50,1,-1,-1,-1
81,2,556,794,50,50,1,-1,-1,-1
81,3,479,303,50,50,1,-1,-1,-1
81,4,525,1240,50,50,1,-1,-1,-1
82,1,499,1122,50,50,1,-1,-1,-1
82,2,560,790,50,50,1,-1,-1,-1
82,3,476,306,50,50,1,-1,-1,-1
82,4,522,1263,50,50,1,-1,-1,-1
83,1,484,1124,50,50,1,-1,-1,-1
83,2,564,790,50,50,1,-1,-1,-1
83,3,472,313,50,50,1,-1,-1,-1
83,4,516,1291,50,50,1,-1,-1,-1
84,1,472,1122,50,50,1,-1,-1,-1
84,2,568,794,50,50,1,-1,-1,-1
84,3,468,322,50,50,1,-1,-1,-1
84,4,514,1321,50,50,1,-1,-1,-1
85,1,461,1126,50,50,1,-1,-1,-1
85,2,573,809,50,50,1,-1,-1,-1
85,3,467,339,50,50,1,-1,-1,-1
85,4,518,1337,50,50,1,-1,-1,-1
86,1,452,1134,50,50,1,-1,-1,-1
86,2,579,826,50,50,1,-1,-1,-1
86,3,465,358,50,50,1,-1,-1,-1
86,4,523,1334,50,50,1,-1,-1,-1
87,1,444,1142,50,50,1,-1,-1,-1
87,2,585,846,50,50,1,-1,-1,-1
87,3,463,379,50,50,1,-1,-1,-1
87,4,525,1297,50,50,1,-1,-1,-1
88,1,439,1149,50,50,1,-1,-1,-1
88,2,592,869,50,50,1,-1,-1,-1
88,3,460,408,50,50,1,-1,-1,-1
88,4,527,1254,50,50,1,-1,-1,-1
89,1,445,1162,50,50,1,-1,-1,-1
89,2,598,897,50,50,1,-1,-1,-1
89,3,456,439,50,50,1,-1,-1,-1
89,4,528,1202,50,50,1,-1,-1,-1
90,1,455,1186,50,50,1,-1,-1,-1
90,2,603,934,50,50,1,-1,-1,-1
90,3,454,472,50,50,1,-1,-1,-1
90,4,529,1150,50,50,1,-1,-1,-1
91,1,458,1220,50,50,1,-1,-1,-1
91,2,608,974,50,50,1,-1,-1,-1
91,3,451,512,50,50,1,-1,-1,-1
91,4,531,1098,50,50,1,-1,-1,-1
92,1,461,1260,50,50,1,-1,-1,-1
92,2,613,1016,50,50,1,-1,-1,-1
92,3,449,557,50,50,1,-1,-1,-1
92,4,533,1047,50,50,1,-1,-1,-1
93,1,461,1313,50,50,1,-1,-1,-1
93,2,618,1063,50,50,1,-1,-1,-1
93,3,448,603,50,50,1,-1,-1,-1
93,4,536,1004,50,50,1,-1,-1,-1
94,1,465,1357,50,50,1,-1,-1,-1
94,2,625,1114,50,50,1,-1,-1,-1
94,3,449,655,50,50,1,-1,-1,-1
94,4,537,971,50,50,1,-1,-1,-1
95,1,472,1365,50,50,1,-1,-1,-1
95,2,632,1149,50,50,1,-1,-1,-1
95,3,448,713,50,50,1,-1,-1,-1
95,4,539,941,50,50,1,-1,-1,-1
96,1,480,1331,50,50,1,-1,-1,-1
96,2,634,1174,50,50,1,-1,-1,-1
96,3,445,778,50,50,1,-1,-1,-1
96,4,541,912,50,50,1,-1,-1,-1
97,1,490,1253,50,50,1,-1,-1,-1
97,2,617,1198,50,50,1,-1,-1,-1
97,3,441,844,50,50,1,-1,-1,-1
97,4,543,887,50,50,1,-1,-1,-1
98,1,492,1163,50,50,1,-1,-1,-1
98,2,606,1228,50,50,1,-1,-1,-1
98,3,440,912,50,50,1,-1,-1,-1
98,4,546,868,50,50,1,-1,-1,-1
99,1,494,1077,50,50,1,-1,-1,-1
99,2,596,1268,50,50,1,-1,-1,-1
99,3,442,989,50,50,1,-1,-1,-1
99,4,549,852,50,50,1,-1,-1,-1
100,1,493,991,50,50,1,-1,-1,-1
100,2,581,1318,50,50,1,-1,-1,-1
100,3,442,1067,50,50,1,-1,-1,-1
100,4,553,841,50,50,1,-1,-1,-1
101,1,492,908,50,50,1,-1,-1,-1
101,2,568,1361,50,50,1,-1,-1,-1
101,3,440,1148,50,50,1,-1,-1,-1
101,4,557,835,50,50,1,-1,-1,-1
102,1,491,827,50,50,1,-1,-1,-1
102,2,560,1381,50,50,1,-1,-1,-1
102,3,437,1217,50,50,1,-1,-1,-1
102,4,561,833,50,50,1,-1,-1,-1
103,1,490,749,50,50,1,-1,-1,-1
103,2,554,1388,50,50,1,-1,-1,-1
103,3,438,1247,50,50,1,-1,-1,-1
103,4,565,837,50,50,1,-1,-1,-1
104,1,489,677,50,50,1,-1,-1,-1
104,2,543,1367,50,50,1,-1,-1,-1
104,3,446,1266,50,50,1,-1,-1,-1
104,4,570,844,50,50,1,-1,-1,-1
105,1,488,615,50,50,1,-1,-1,-1
105,2,533,1333,50,50,1,-1,-1,-1
105,3,450,1288,50,50,1,-1,-1,-1
105,4,573,857,50,50,1,-1,-1,-1
106,1,488,555,50,50,1,-1,-1,-1
106,2,526,1286,50,50,1,-1,-1,-1
106,3,452,1301,50,50,1,-1,-1,-1
106,4,576,872,50,50,1,-1,-1,-1
107,1,489,498,50,50,1,-1,-1,-1
107,2,515,1231,50,50,1,-1,-1,-1
107,3,455,1308,50,50,1,-1,-1,-1
107,4,582,894,50,50,1,-1,-1,-1
108,1,490,448,50,50,1,-1,-1,-1
108,2,509,1176,50,50,1,-1,-1,-1
108,3,457,1317,50,50,1,-1,-1,-1
108,4,587,921,50,50,1,-1,-1,-1
109,1,491,403,50,50,1,-1,-1,-1
109,2,498,1125,50,50,1,-1,-1,-1
109,3,460,1325,50,50,1,-1,-1,-1
109,4,591,949,50,50,1,-1,-1,-1
110,1,492,362,50,50,1,-1,-1,-1
110,2,488,1077,50,50,1,-1,-1,-1
110,3,463,1329,50,50,1,-1,-1,-1
110,4,595,982,50,50,1,-1,-1,-1
111,1,492,324,50,50,1,-1,-1,-1
111,2,480,1035,50,50,1,-1,-1,-1
111,3,464,1326,50,50,1,-1,-1,-1
111,4,600,1019,50,50,1,-1,-1,-1
112,1,493,292,50,50,1,-1,-1,-1
112,2,473,999,50,50,1,-1,-1,-1
112,3,469,1318,50,50,1,-1,-1,-1
112,4,604,1059,50,50,1,-1,-1,-1
113,1,494,266,50,50,1,-1,-1,-1
113,2,466,968,50,50,1,-1,-1,-1
113,3,471,1300,50,50,1,-1,-1,-1
113,4,610,1107,50,50,1,-1,-1,-1
114,1,495,244,50,50,1,-1,-1,-1
114,2,459,939,50,50,1,-1,-1,-1
114,3,472,1272,50,50,1,-1,-1,-1
114,4,609,1139,50,50,1,-1,-1,-1
115,1,496,223,50,50,1,-1,-1,-1
115,2,452,916,50,50,1,-1,-1,-1
115,3,475,1252,50,50,1,-1,-1,-1
115,4,608,1151,50,50,1,-1,-1,-1
116,1,497,205,50,50,1,-1,-1,-1
116,2,445,893,50,50,1,-1,-1,-1
116,3,481,1224,50,50,1,-1,-1,-1
116,4,600,1168,50,50,1,-1,-1,-1
117,1,499,194,50,50,1,-1,-1,-1
117,2,438,877,50,50,1,-1,-1,-1
117,3,486,1200,50,50,1,-1,-1,-1
117,4,579,1180,50,50,1,-1,-1,-1
118,1,501,187,50,50,1,-1,-1,-1
118,2,430,868,50,50,1,-1,-1,-1
118,3,491,1183,50,50,1,-1,-1,-1
118,4,554,1197,50,50,1,-1,-1,-1
119,1,503,182,50,50,1,-1,-1,-1
119,2,422,863,50,50,1,-1,-1,-1
119,3,496,1166,50,50,1,-1,-1,-1
119,4,527,1215,50,50,1,-1,-1,-1
120,1,505,180,50,50,1,-1,-1,-1
120,2,414,862,50,50,1,-1,-1,-1
120,3,501,1155,50,50,1,-1,-1,-1
120,4,502,1236,50,50,1,-1,-1,-1
121,1,508,184,50,50,1,-1,-1,-1
121,2,406,865,50,50,1,-1,-1,-1
121,3,505,1148,50,50,1,-1,-1,-1
121,4,497,1254,50,50,1,-1,-1,-1
122,1,511,195,50,50,1,-1,-1,-1
122,2,398,870,50,50,1,-1,-1,-1
122,3,512,1148,50,50,1,-1,-1,-1
122,4,491,1275,50,50,1,-1,-1,-1
123,1,512,205,50,50,1,-1,-1,-1
123,2,391,884,50,50,1,-1,-1,-1
123,3,520,1151,50,50,1,-1,-1,-1
123,4,483,1301,50,50,1,-1,-1,-1
124,1,513,220,50,50,1,-1,-1,-1
124,2,384,900,50,50,1,-1,-1,-1
124,3,521,1157,50,50,1,-1,-1,-1
124,4,476,1325,50,50,1,-1,-1,-1
125,1,515,243,50,50,1,-1,-1,-1
125,2,377,920,50,50,1,-1,-1,-1
125,3,521,1158,50,50,1,-1,-1,-1
125,4,471,1321,50,50,1,-1,-1,-1
126,1,519,272,50,50,1,-1,-1,-1
126,2,370,944,50,50,1,-1,-1,-1
126,3,523,1154,50,50,1,-1,-1,-1
126,4,465,1287,50,50,1,-1,-1,-1
127,1,521,300,50,50,1,-1,-1,-1
127,2,363,976,50,50,1,-1,-1,-1
127,3,524,1159,50,50,1,-1,-1,-1
127,4,463,1242,50,50,1,-1,-1,-1
128,1,523,331,50,50,1,-1,-1,-1
128,2,356,1011,50,50,1,-1,-1,-1
128,3,515,1177,50,50,1,-1,-1,-1
128,4,458,1189,50,50,1,-1,-1,-1
129,1,527,368,50,50,1,-1,-1,-1
129,2,349,1051,50,50,1,-1,-1,-1
129,3,509,1198,50,50,1,-1,-1,-1
129,4,453,1137,50,50,1,-1,-1,-1
130,1,531,410,50,50,1,-1,-1,-1
130,2,342,1097,50,50,1,-1,-1,-1
130,3,509,1219,50,50,1,-1,-1,-1
130,4,450,1092,50,50,1,-1,-1,-1
131,1,534,457,50,50,1,-1,-1,-1
131,2,335,1144,50,50,1,-1,-1,-1
131,3,510,1253,50,50,1,-1,-1,-1
131,4,447,1051,50,50,1,-1,-1,-1
132,1,537,509,50,50,1,-1,-1,-1
132,2,328,1193,50,50,1,-1,-1,-1
132,3,513,1300,50,50,1,-1,-1,-1
132,4,444,1015,50,50,1,-1,-1,-1
133,1,540,564,50,50,1,-1,-1,-1
133,2,324,1226,50,50,1,-1,-1,-1
133,3,517,1342,50,50,1,-1,-1,-1
133,4,441,983,50,50,1,-1,-1,-1
134,1,543,622,50,50,1,-1,-1,-1
134,2,333,1241,50,50,1,-1,-1,-1
134,3,521,1361,50,50,1,-1,-1,-1
134,4,438,955,50,50,1,-1,-1,-1
135,1,547,684,50,50,1,-1,-1,-1
135,2,347,1245,50,50,1,-1,-1,-1
135,3,522,1343,50,50,1,-1,-1,-1
135,4,435,932,50,50,1,-1,-1,-1
136,1,551,750,50,50,1,-1,-1,-1
136,2,360,1254,50,50,1,-1,-1,-1
136,3,514,1294,50,50,1,-1,-1,-1
136,4,432,912,50,50,1,-1,-1,-1
137,1,555,820,50,50,1,-1,-1,-1
137,2,371,1273,50,50,1,-1,-1,-1
137,3,509,1219,50,50,1,-1,-1,-1
137,4,430,896,50,50,1,-1,-1,-1
138,1,559,898,50,50,1,-1,-1,-1
138,2,386,1301,50,50,1,-1,-1,-1
138,3,502,1132,50,50,1,-1,-1,-1
138,4,427,888,50,50,1,-1,-1,-1
139,1,562,983,50,50,1,-1,-1,-1
139,2,405,1330,50,50,1,-1,-1,-1
139,3,493,1043,50,50,1,-1,-1,-1
139,4,424,882,50,50,1,-1,-1,-1
140,1,567,1067,50,50,1,-1,-1,-1
140,2,424,1359,50,50,1,-1,-1,-1
140,3,486,965,50,50,1,-1,-1,-1
140,4,421,878,50,50,1,-1,-1,-1
141,1,572,1140,50,50,1,-1,-1,-1
141,2,439,1382,50,50,1,-1,-1,-1
141,3,480,891,50,50,1,-1,-1,-1
141,4,417,881,50,50,1,-1,-1,-1
142,1,576,1196,50,50,1,-1,-1,-1
142,2,447,1379,50,50,1,-1,-1,-1
142,3,474,820,50,50,1,-1,-1,-1
142,4,414,887,50,50,1,-1,-1,-1
143,1,579,1239,50,50,1,-1,-1,-1
143,2,455,1355,50,50,1,-1,-1,-1
143,3,468,750,50,50,1,-1,-1,-1
143,4,412,900,50,50,1,-1,-1,-1
144,1,576,1271,50,50,1,-1,-1,-1
144,2,458,1315,50,50,1,-1,-1,-1
144,3,463,684,50,50,1,-1,-1,-1
144,4,410,916,50,50,1,-1,-1,-1
145,1,572,1294,50,50,1,-1,-1,-1
145,2,463,1265,50,50,1,-1,-1,-1
145,3,458,627,50,50,1,-1,-1,-1
145,4,408,936,50,50,1,-1,-1,-1
146,1,567,1316,50,50,1,-1,-1,-1
146,2,467,1209,50,50,1,-1,-1,-1
146,3,453,573,50,50,1,-1,-1,-1
146,4,406,961,50,50,1,-1,-1,-1
147,1,560,1331,50,50,1,-1,-1,-1
147,2,468,1153,50,50,1,-1,-1,-1
147,3,447,522,50,50,1,-1,-1,-1
147,4,404,991,50,50,1,-1,-1,-1
148,1,552,1334,50,50,1,-1,-1,-1
148,2,470,1100,50,50,1,-1,-1,-1
148,3,441,476,50,50,1,-1,-1,-1
148,4,402,1025,50,50,1,-1,-1,-1
149,1,545,1330,50,50,1,-1,-1,-1
149,2,473,1053,50,50,1,-1,-1,-1
149,3,435,434,50,50,1,-1,-1,-1
149,4,400,1061,50,50,1,-1,-1,-1
150,1,539,1316,50,50,1,-1,-1,-1
150,2,476,1012,50,50,1,-1,-1,-1
150,3,429,397,50,50,1,-1,-1,-1
150,4,399,1102,50,50,1,-1,-1,-1
151,1,536,1295,50,50,1,-1,-1,-1
151,2,479,979,50,50,1,-1,-1,-1
151,3,424,369,50,50,1,-1,-1,-1
151,4,398,1145,50,50,1,-1,-1,-1
152,1,535,1265,50,50,1,-1,-1,-1
152,2,483,949,50,50,1,-1,-1,-1
152,3,419,347,50,50,1,-1,-1,-1
152,4,400,1165,50,50,1,-1,-1,-1
153,1,531,1239,50,50,1,-1,-1,-1
153,2,487,922,50,50,1,-1,-1,-1
153,3,414,326,50,50,1,-1,-1,-1
153,4,404,1181,50,50,1,-1,-1,-1
154,1,526,1214,50,50,1,-1,-1,-1
154,2,491,898,50,50,1,-1,-1,-1
154,3,409,308,50,50,1,-1,-1,-1
154,4,422,1182,50,50,1,-1,-1,-1
155,1,519,1190,50,50,1,-1,-1,-1
155,2,495,882,50,50,1,-1,-1,-1
155,3,404,292,50,50,1,-1,-1,-1
155,4,443,1190,50,50,1,-1,-1,-1
156,1,513,1172,50,50,1,-1,-1,-1
156,2,499,870,50,50,1,-1,-1,-1
156,3,399,277,50,50,1,-1,-1,-1
156,4,463,1206,50,50,1,-1,-1,-1
157,1,507,1160,50,50,1,-1,-1,-1
157,2,503,861,50,50,1,-1,-1,-1
157,3,394,273,50,50,1,-1,-1,-1
157,4,480,1223,50,50,1,-1,-1,-1
158,1,501,1154,50,50,1,-1,-1,-1
158,2,507,854,50,50,1,-1,-1,-1
158,3,389,274,50,50,1,-1,-1,-1
158,4,494,1239,50,50,1,-1,-1,-1
159,1,495,1148,50,50,1,-1,-1,-1
159,2,512,854,50,50,1,-1,-1,-1
159,3,384,279,50,50,1,-1,-1,-1
159,4,498,1259,50,50,1,-1,-1,-1
160,1,487,1151,50,50,1,-1,-1,-1
160,2,517,859,50,50,1,-1,-1,-1
160,3,379,287,50,50,1,-1,-1,-1
160,4,497,1286,50,50,1,-1,-1,-1
161,1,482,1152,50,50,1,-1,-1,-1
161,2,522,869,50,50,1,-1,-1,-1
161,3,374,296,50,50,1,-1,-1,-1
161,4,498,1317,50,50,1,-1,-1,-1
162,1,477,1157,50,50,1,-1,-1,-1
162,2,527,882,50,50,1,-1,-1,-1
162,3,368,312,50,50,1,-1,-1,-1
162,4,502,1346,50,50,1,-1,-1,-1
163,1,472,1165,50,50,1,-1,-1,-1
163,2,532,898,50,50,1,-1,-1,-1
163,3,366,327,50,50,1,-1,-1,-1
163,4,508,1352,50,50,1,-1,-1,-1
164,1,473,1166,50,50,1,-1,-1,-1
164,2,537,919,50,50,1,-1,-1,-1
164,3,364,349,50,50,1,-1,-1,-1
164,4,509,1328,50,50,1,-1,-1,-1
165,1,474,1172,50,50,1,-1,-1,-1
165,2,541,945,50,50,1,-1,-1,-1
165,3,361,377,50,50,1,-1,-1,-1
165,4,507,1280,50,50,1,-1,-1,-1
166,1,474,1183,50,50,1,-1,-1,-1
166,2,546,976,50,50,1,-1,-1,-1
166,3,357,410,50,50,1,-1,-1,-1
166,4,503,1226,50,50,1,-1,-1,-1
167,1,473,1210,50,50,1,-1,-1,-1
167,2,551,1011,50,50,1,-1,-1,-1
167,3,353,445,50,50,1,-1,-1,-1
167,4,499,1172,50,50,1,-1,-1,-1
168,1,472,1239,50,50,1,-1,-1,-1
168,2,556,1049,50,50,1,-1,-1,-1
168,3,348,481,50,50,1,-1,-1,-1
168,4,497,1118,50,50,1,-1,-1,-1
169,1,466,1282,50,50,1,-1,-1,-1
169,2,562,1093,50,50,1,-1,-1,-1
169,3,343,521,50,50,1,-1,-1,-1
169,4,496,1069,50,50,1,-1,-1,-1
170,1,455,1328,50,50,1,-1,-1,-1
170,2,568,1141,50,50,1,-1,-1,-1
170,3,340,567,50,50,1,-1,-1,-1
170,4,495,1024,50,50,1,-1,-1,-1
171,1,440,1369,50,50,1,-1,-1,-1
171,2,574,1189,50,50,1,-1,-1,-1
171,3,339,619,50,50,1,-1,-1,-1
171,4,494,985,50,50,1,-1,-1,-1
172,1,429,1367,50,50,1,-1,-1,-1
172,2,577,1214,50,50,1,-1,-1,-1
172,3,337,675,50,50,1,-1,-1,-1
172,4,492,954,50,50,1,-1,-1,-1
173,1,418,1308,50,50,1,-1,-1,-1
173,2,571,1233,50,50,1,-1,-1,-1
173,3,332,735,50,50,1,-1,-1,-1
173,4,490,928,50,50,1,-1,-1,-1
174,1,410,1220,50,50,1,-1,-1,-1
174,2,560,1258,50,50,1,-1,-1,-1
174,3,329,801,50,50,1,-1,-1,-1
174,4,489,906,50,50,1,-1,-1,-1
175,1,412,1129,50,50,1,-1,-1,-1
175,2,544,1292,50,50,1,-1,-1,-1
175,3,326,868,50,50,1,-1,-1,-1
175,4,488,885,50,50,1,-1,-1,-1
176,1,415,1043,50,50,1,-1,-1,-1
176,2,530,1327,50,50,1,-1,-1,-1
176,3,323,941,50,50,1,-1,-1,-1
176,4,488,871,50,50,1,-1,-1,-1
177,1,420,959,50,50,1,-1,-1,-1
177,2,521,1356,50,50,1,-1,-1,-1
177,3,321,1013,50,50,1,-1,-1,-1
177,4,488,860,50,50,1,-1,-1,-1
178,1,425,875,50,50,1,-1,-1,-1
178,2,511,1380,50,50,1,-1,-1,-1
178,3,318,1094,50,50,1,-1,-1,-1
178,4,488,852,50,50,1,-1,-1,-1
179,1,430,793,50,50,1,-1,-1,-1
179,2,498,1393,50,50,1,-1,-1,-1
179,3,315,1166,50,50,1,-1,-1,-1
179,4,487,848,50,50,1,-1,-1,-1
180,1,435,719,50,50,1,-1,-1,-1
180,2,486,1391,50,50,1,-1,-1,-1
180,3,313,1186,50,50,1,-1,-1,-1
180,4,485,850,50,50,1,-1,-1,-1
181,1,440,652,50,50,1,-1,-1,-1
181,2,475,1377,50,50,1,-1,-1,-1
181,3,322,1208,50,50,1,-1,-1,-1
181,4,483,856,50,50,1,-1,-1,-1
182,1,445,585,50,50,1,-1,-1,-1
182,2,458,1352,50,50,1,-1,-1,-1
182,3,334,1224,50,50,1,-1,-1,-1
182,4,481,869,50,50,1,-1,-1,-1
183,1,449,523,50,50,1,-1,-1,-1
183,2,446,1311,50,50,1,-1,-1,-1
183,3,346,1240,50,50,1,-1,-1,-1
183,4,482,885,50,50,1,-1,-1,-1
184,1,452,471,50,50,1,-1,-1,-1
184,2,436,1264,50,50,1,-1,-1,-1
184,3,362,1258,50,50,1,-1,-1,-1
184,4,483,904,50,50,1,-1,-1,-1
185,1,455,425,50,50,1,-1,-1,-1
185,2,429,1214,50,50,1,-1,-1,-1
185,3,371,1281,50,50,1,-1,-1,-1
185,4,483,927,50,50,1,-1,-1,-1
186,1,458,381,50,50,1,-1,-1,-1
186,2,425,1163,50,50,1,-1,-1,-1
186,3,381,1303,50,50,1,-1,-1,-1
186,4,483,956,50,50,1,-1,-1,-1
187,1,463,340,50,50,1,-1,-1,-1
187,2,422,1117,50,50,1,-1,-1,-1
187,3,391,1323,50,50,1,-1,-1,-1
187,4,483,989,50,50,1,-1,-1,-1
188,1,468,302,50,50,1,-1,-1,-1
188,2,419,1075,50,50,1,-1,-1,-1
188,3,398,1328,50,50,1,-1,-1,-1
188,4,483,1025,50,50,1,-1,-1,-1
189,1,473,273,50,50,1,-1,-1,-1
189,2,416,1037,50,50,1,-1,-1,-1
189,3,402,1325,50,50,1,-1,-1,-1
189,4,485,1065,50,50,1,-1,-1,-1
190,1,478,245,50,50,1,-1,-1,-1
190,2,413,1007,50,50,1,-1,-1,-1
190,3,405,1308,50,50,1,-1,-1,-1
190,4,486,1110,50,50,1,-1,-1,-1
191,1,483,222,50,50,1,-1,-1,-1
191,2,411,978,50,50,1,-1,-1,-1
191,3,410,1277,50,50,1,-1,-1,-1
191,4,488,1155,50,50,1,-1,-1,-1
192,1,489,201,50,50,1,-1,-1,-1
192,2,407,953,50,50,1,-1,-1,-1
192,3,416,1249,50,50,1,-1,-1,-1
192,4,500,1164,50,50,1,-1,-1,-1
193,1,495,182,50,50,1,-1,-1,-1
193,2,404,937,50,50,1,-1,-1,-1
193,3,425,1228,50,50,1,-1,-1,-1
193,4,503,1173,50,50,1,-1,-1,-1
194,1,501,171,50,50,1,-1,-1,-1
194,2,400,925,50,50,1,-1,-1,-1
194,3,432,1206,50,50,1,-1,-1,-1
194,4,497,1192,50,50,1,-1,-1,-1
195,1,507,163,50,50,1,-1,-1,-1
195,2,396,915,50,50,1,-1,-1,-1
195,3,441,1189,50,50,1,-1,-1,-1
195,4,488,1208,50,50,1,-1,-1,-1
196,1,513,158,50,50,1,-1,-1,-1
196,2,392,908,50,50,1,-1,-1,-1
196,3,450,1176,50,50,1,-1,-1,-1
196,4,479,1224,50,50,1,-1,-1,-1
197,1,519,157,50,50,1,-1,-1,-1
197,2,389,908,50,50,1,-1,-1,-1
197,3,458,1168,50,50,1,-1,-1,-1
197,4,473,1243,50,50,1,-1,-1,-1
198,1,525,160,50,50,1,-1,-1,-1
198,2,386,915,50,50,1,-1,-1,-1
198,3,467,1165,50,50,1,-1,-1,-1
198,4,476,1254,50,50,1,-1,-1,-1
199,1,530,169,50,50,1,-1,-1,-1
199,2,383,924,50,50,1,-1,-1,-1
199,3,475,1166,50,50,1,-1,-1,-1
199,4,476,1268,50,50,1,-1,-1,-1
200,1,536,182,50,50,1,-1,-1,-1
200,2,380,935,50,50,1,-1,-1,-1
200,3,482,1171,50,50,1,-1,-1,-1
200,4,472,1278,50,50,1,-1,-1,-1
201,1,542,199,50,50,1,-1,-1,-1
201,2,377,953,50,50,1,-1,-1,-1
201,3,490,1173,50,50,1,-1,-1,-1
201,4,464,1286,50,50,1,-1,-1,-1
202,1,548,219,50,50,1,-1,-1,-1
202,2,374,975,50,50,1,-1,-1,-1
202,3,483,1165,50,50,1,-1,-1,-1
202,4,453,1283,50,50,1,-1,-1,-1
203,1,554,242,50,50,1,-1,-1,-1
203,2,371,1000,50,50,1,-1,-1,-1
203,3,484,1158,50,50,1,-1,-1,-1
203,4,438,1279,50,50,1,-1,-1,-1
204,1,561,269,50,50,1,-1,-1,-1
204,2,369,1035,50,50,1,-1,-1,-1
204,3,487,1158,50,50,1,-1,-1,-1
204,4,416,1270,50,50,1,-1,-1,-1
205,1,568,299,50,50,1,-1,-1,-1
205,2,367,1070,50,50,1,-1,-1,-1
205,3,491,1164,50,50,1,-1,-1,-1
205,4,396,1259,50,50,1,-1,-1,-1
206,1,576,333,50,50,1,-1,-1,-1
206,2,365,1105,50,50,1,-1,-1,-1
206,3,496,1171,50,50,1,-1,-1,-1
206,4,377,1254,50,50,1,-1,-1,-1
207,1,584,370,50,50,1,-1,-1,-1
207,2,364,1145,50,50,1,-1,-1,-1
207,3,503,1179,50,50,1,-1,-1,-1
207,4,361,1249,50,50,1,-1,-1,-1
208,1,590,414,50,50,1,-1,-1,-1
208,2,363,1192,50,50,1,-1,-1,-1
208,3,516,1191,50,50,1,-1,-1,-1
208,4,350,1245,50,50,1,-1,-1,-1
209,1,597,465,50,50,1,-1,-1,-1
209,2,361,1230,50,50,1,-1,-1,-1
209,3,530,1202,50,50,1,-1,-1,-1
209,4,341,1251,50,50,1,-1,-1,-1
210,1,604,521,50,50,1,-1,-1,-1
210,2,371,1240,50,50,1,-1,-1,-1
210,3,545,1210,50,50,1,-1,-1,-1
210,4,340,1256,50,50,1,-1,-1,-1
211,1,611,577,50,50,1,-1,-1,-1
211,2,376,1244,50,50,1,-1,-1,-1
211,3,557,1214,50,50,1,-1,-1,-1
211,4,345,1257,50,50,1,-1,-1,-1
212,1,620,638,50,50,1,-1,-1,-1
212,2,385,1242,50,50,1,-1,-1,-1
212,3,569,1214,50,50,1,-1,-1,-1
212,4,358,1256,50,50,1,-1,-1,-1
213,1,629,701,50,50,1,-1,-1,-1
213,2,393,1242,50,50,1,-1,-1,-1
213,3,583,1213,50,50,1,-1,-1,-1
213,4,368,1256,50,50,1,-1,-1,-1
214,1,637,768,50,50,1,-1,-1,-1
214,2,401,1246,50,50,1,-1,-1,-1
214,3,597,1212,50,50,1,-1,-1,-1
214,4,377,1256,50,50,1,-1,-1,-1
215,1,645,839,50,50,1,-1,-1,-1
215,2,409,1251,50,50,1,-1,-1,-1
215,3,615,1207,50,50,1,-1,-1,-1
215,4,387,1261,50,50,1,-1,-1,-1
216,1,653,912,50,50,1,-1,-1,-1
216,2,417,1256,50,50,1,-1,-1,-1
216,3,628,1203,50,50,1,-1,-1,-1
216,4,397,1268,50,50,1,-1,-1,-1
217,1,660,991,50,50,1,-1,-1,-1
217,2,423,1264,50,50,1,-1,-1,-1
217,3,638,1198,50,50,1,-1,-1,-1
217,4,401,1276,50,50,1,-1,-1,-1
218,1,667,1074,50,50,1,-1,-1,-1
218,2,428,1274,50,50,1,-1,-1,-1
218,3,647,1195,50,50,1,-1,-1,-1
218,4,404,1286,50,50,1,-1,-1,-1
219,1,675,1156,50,50,1,-1,-1,-1
219,2,425,1280,50,50,1,-1,-1,-1
219,3,656,1192,50,50,1,-1,-1,-1
219,4,404,1296,50,50,1,-1,-1,-1
220,1,687,1188,50,50,1,-1,-1,-1
220,2,421,1287,50,50,1,-1,-1,-1
220,3,664,1199,50,50,1,-1,-1,-1
220,4,404,1301,50,50,1,-1,-1,-1
221,1,692,1199,50,50,1,-1,-1,-1
221,2,420,1288,50,50,1,-1,-1,-1
221,3,672,1209,50,50,1,-1,-1,-1
221,4,403,1303,50,50,1,-1,-1,-1
222,1,688,1200,50,50,1,-1,-1,-1
222,2,419,1289,50,50,1,-1,-1,-1
222,3,668,1217,50,50,1,-1,-1,-1
222,4,404,1307,50,50,1,-1,-1,-1
223,1,682,1207,50,50,1,-1,-1,-1
223,2,422,1288,50,50,1,-1,-1,-1
223,3,660,1224,50,50,1,-1,-1,-1
223,4,404,1307,50,50,1,-1,-1,-1
224,1,675,1211,50,50,1,-1,-1,-1
224,2,425,1287,50,50,1,-1,-1,-1
224,3,650,1229,50,50,1,-1,-1,-1
224,4,404,1306,50,50,1,-1,-1,-1
225,1,667,1218,50,50,1,-1,-1,-1
225,2,422,1284,50,50,1,-1,-1,-1
225,3,644,1235,50,50,1,-1,-1,-1
225,4,403,1304,50,50,1,-1,-1,-1
226,1,665,1223,50,50,1,-1,-1,-1
226,2,421,1282,50,50,1,-1,-1,-1
226,3,640,1239,50,50,1,-1,-1,-1
226,4,402,1302,50,50,1,-1,-1,-1
227,1,660,1229,50,50,1,-1,-1,-1
227,2,420,1280,50,50,1,-1,-1,-1
227,3,636,1242,50,50,1,-1,-1,-1
227,4,402,1299,50,50,1,-1,-1,-1
228,1,656,1230,50,50,1,-1,-1,-1
228,2,421,1279,50,50,1,-1,-1,-1
228,3,632,1245,50,50,1,-1,-1,-1
228,4,403,1296,50,50,1,-1,-1,-1
229,1,652,1232,50,50,1,-1,-1,-1
229,2,422,1278,50,50,1,-1,-1,-1
229,3,630,1247,50,50,1,-1,-1,-1
229,4,404,1294,50,50,1,-1,-1,-1
230,1,648,1236,50,50,1,-1,-1,-1
230,2,422,1278,50,50,1,-1,-1,-1
230,3,629,1247,50,50,1,-1,-1,-1
230,4,405,1293,50,50,1,-1,-1,-1
231,1,648,1237,50,50,1,-1,-1,-1
231,2,422,1279,50,50,1,-1,-1,-1
231,3,628,1247,50,50,1,-1,-1,-1
231,4,406,1292,50,50,1,-1,-1,-1
232,1,648,1237,50,50,1,-1,-1,-1
232,2,422,1278,50,50,1,-1,-1,-1
232,3,627,1248,50,50,1,-1,-1,-1
232,4,407,1292,50,50,1,-1,-1,-1
233,1,646,1233,50,50,1,-1,-1,-1
233,2,422,1277,50,50,1,-1,-1,-1
233,3,626,1247,50,50,1,-1,-1,-1
233,4,406,1291,50,50,1,-1,-1,-1
234,1,644,1230,50,50,1,-1,-1,-1
234,2,422,1276,50,50,1,-1,-1,-1
234,3,625,1246,50,50,1,-1,-1,-1
234,4,405,1290,50,50,1,-1,-1,-1
235,1,644,1229,50,50,1,-1,-1,-1
235,2,422,1275,50,50,1,-1,-1,-1
235,3,624,1245,50,50,1,-1,-1,-1
235,4,404,1291,50,50,1,-1,-1,-1
236,1,644,1228,50,50,1,-1,-1,-1
236,2,422,1274,50,50,1,-1,-1,-1
236,3,623,1244,50,50,1,-1,-1,-1
236,4,402,1292,50,50,1,-1,-1,-1
237,1,644,1227,50,50,1,-1,-1,-1
237,2,422,1275,50,50,1,-1,-1,-1
237,3,623,1244,50,50,1,-1,-1,-1
237,4,401,1292,50,50,1,-1,-1,-1
238,1,644,1227,50,50,1,-1,-1,-1
238,2,422,1277,50,50,1,-1,-1,-1
238,3,622,1243,50,50,1,-1,-1,-1
238,4,401,1292,50,50,1,-1,-1,-1
239,1,643,1228,50,50,1,-1,-1,-1
239,2,422,1279,50,50,1,-1,-1,-1
239,3,621,1242,50,50,1,-1,-1,-1
239,4,401,1292,50,50,1,-1,-1,-1
240,1,643,1228,50,50,1,-1,-1,-1
240,2,422,1280,50,50,1,-1,-1,-1
240,3,620,1242,50,50,1,-1,-1,-1
240,4,402,1291,50,50,1,-1,-1,-1
241,1,641,1226,50,50,1,-1,-1,-1
241,2,422,1281,50,50,1,-1,-1,-1
241,3,619,1242,50,50,1,-1,-1,-1
241,4,403,1290,50,50,1,-1,-1,-1
242,1,639,1224,50,50,1,-1,-1,-1
242,2,422,1282,50,50,1,-1,-1,-1
242,3,618,1242,50,50,1,-1,-1,-1
242,4,402,1290,50,50,1,-1,-1,-1
243,1,640,1226,50,50,1,-1,-1,-1
243,2,422,1281,50,50,1,-1,-1,-1
243,3,617,1242,50,50,1,-1,-1,-1
243,4,401,1290,50,50,1,-1,-1,-1
244,1,640,1228,50,50,1,-1,-1,-1
244,2,422,1280,50,50,1,-1,-1,-1
244,3,618,1243,50,50,1,-1,-1,-1
244,4,400,1290,50,50,1,-1,-1,-1
245,1,640,1228,50,50,1,-1,-1,-1
245,2,422,1280,50,50,1,-1,-1,-1
245,3,617,1244,50,50,1,-1,-1,-1
245,4,399,1290,50,50,1,-1,-1,-1
246,1,640,1228,50,50,1,-1,-1,-1
246,2,421,1278,50,50,1,-1,-1,-1
246,3,618,1245,50,50,1,-1,-1,-1
246,4,401,1289,50,50,1,-1,-1,-1
247,1,640,1228,50,50,1,-1,-1,-1
247,2,420,1276,50,50,1,-1,-1,-1
247,3,619,1246,50,50,1,-1,-1,-1
247,4,403,1288,50,50,1,-1,-1,-1
248,1,640,1230,50,50,1,-1,-1,-1
248,2,419,1274,50,50,1,-1,-1,-1
248,3,620,1245,50,50,1,-1,-1,-1
248,4,401,1288,50,50,1,-1,-1,-1
249,1,640,1230,50,50,1,-1,-1,-1
249,2,419,1274,50,50,1,-1,-1,-1
249,3,621,1244,50,50,1,-1,-1,-1
249,4,399,1289,50,50,1,-1,-1,-1
250,1,640,1232,50,50,1,-1,-1,-1
250,2,419,1275,50,50,1,-1,-1,-1
250,3,620,1245,50,50,1,-1,-1,-1
250,4,397,1290,50,50,1,-1,-1,-1
251,1,640,1232,50,50,1,-1,-1,-1
251,2,419,1276,50,50,1,-1,-1,-1
251,3,619,1246,50,50,1,-1,-1,-1
251,4,398,1289,50,50,1,-1,-1,-1
