1,1,488,1226,50,50,1,-1,-1,-1
2,1,490,1227,50,50,1,-1,-1,-1
3,1,490,1227,50,50,1,-1,-1,-1
4,1,490,1228,50,50,1,-1,-1,-1
5,1,491,1231,50,50,1,-1,-1,-1
6,1,491,1231,50,50,1,-1,-1,-1
7,1,495,1228,50,50,1,-1,-1,-1
8,1,499,1215,50,50,1,-1,-1,-1
9,1,505,1194,50,50,1,-1,-1,-1
10,1,511,1166,50,50,1,-1,-1,-1
11,1,516,1122,50,50,1,-1,-1,-1
12,1,520,1054,50,50,1,-1,-1,-1
13,1,523,993,50,50,1,-1,-1,-1
14,1,528,944,50,50,1,-1,-1,-1
15,1,534,905,50,50,1,-1,-1,-1
16,1,540,872,50,50,1,-1,-1,-1
17,1,545,842,50,50,1,-1,-1,-1
18,1,550,813,50,50,1,-1,-1,-1
19,1,555,788,50,50,1,-1,-1,-1
20,1,563,770,50,50,1,-1,-1,-1
21,1,574,761,50,50,1,-1,-1,-1
22,1,584,760,50,50,1,-1,-1,-1
23,1,592,763,50,50,1,-1,-1,-1
24,1,598,770,50,50,1,-1,-1,-1
25,1,605,781,50,50,1,-1,-1,-1
26,1,613,796,50,50,1,-1,-1,-1
27,1,624,821,50,50,1,-1,-1,-1
28,1,634,851,50,50,1,-1,-1,-1
29,1,644,884,50,50,1,-1,-1,-1
30,1,653,920,50,50,1,-1,-1,-1
31,1,661,955,50,50,1,-1,-1,-1
32,1,667,986,50,50,1,-1,-1,-1
33,1,675,1010,50,50,1,-1,-1,-1
34,1,683,1030,50,50,1,-1,-1,-1
35,1,686,1050,50,50,1,-1,-1,-1
36,1,684,1071,50,50,1,-1,-1,-1
37,1,674,1093,50,50,1,-1,-1,-1
38,1,663,1110,50,50,1,-1,-1,-1
39,1,657,1125,50,50,1,-1,-1,-1
40,1,651,1145,50,50,1,-1,-1,-1
41,1,642,1161,50,50,1,-1,-1,-1
42,1,636,1174,50,50,1,-1,-1,-1
43,1,631,1184,50,50,1,-1,-1,-1
44,1,627,1193,50,50,1,-1,-1,-1
45,1,619,1197,50,50,1,-1,-1,-1
46,1,610,1191,50,50,1,-1,-1,-1
47,1,601,1177,50,50,1,-1,-1,-1
48,1,590,1159,50,50,1,-1,-1,-1
49,1,578,1124,50,50,1,-1,-1,-1
50,1,567,1071,50,50,1,-1,-1,-1
51,1,559,1018,50,50,1,-1,-1,-1
52,1,554,966,50,50,1,-1,-1,-1
53,1,551,926,50,50,1,-1,-1,-1
54,1,547,895,50,50,1,-1,-1,-1
55,1,542,865,50,50,1,-1,-1,-1
56,1,537,839,50,50,1,-1,-1,-1
57,1,532,813,50,50,1,-1,-1,-1
58,1,525,789,50,50,1,-1,-1,-1
59,1,519,777,50,50,1,-1,-1,-1
60,1,515,774,50,50,1,-1,-1,-1
61,1,511,777,50,50,1,-1,-1,-1
62,1,507,784,50,50,1,-1,-1,-1
63,1,503,794,50,50,1,-1,-1,-1
64,1,499,809,50,50,1,-1,-1,-1
65,1,499,834,50,50,1,-1,-1,-1
66,1,499,866,50,50,1,-1,-1,-1
1,2,637,1204,50,50,1,-1,-1,-1
2,2,639,1194,50,50,1,-1,-1,-1
3,2,636,1177,50,50,1,-1,-1,-1
4,2,633,1162,50,50,1,-1,-1,-1
5,2,629,1145,50,50,1,-1,-1,-1
6,2,628,1132,50,50,1,-1,-1,-1
7,2,631,1123,50,50,1,-1,-1,-1
8,2,633,1114,50,50,1,-1,-1,-1
9,2,637,1111,50,50,1,-1,-1,-1
10,2,639,1113,50,50,1,-1,-1,-1
11,2,642,1118,50,50,1,-1,-1,-1
12,2,642,1128,50,50,1,-1,-1,-1
13,2,641,1142,50,50,1,-1,-1,-1
14,2,637,1156,50,50,1,-1,-1,-1
15,2,634,1170,50,50,1,-1,-1,-1
16,2,631,1181,50,50,1,-1,-1,-1
17,2,628,1193,50,50,1,-1,-1,-1
18,2,623,1203,50,50,1,-1,-1,-1
19,2,619,1206,50,50,1,-1,-1,-1
20,2,614,1197,50,50,1,-1,-1,-1
21,2,605,1179,50,50,1,-1,-1,-1
22,2,594,1160,50,50,1,-1,-1,-1
23,2,582,1133,50,50,1,-1,-1,-1
24,2,571,1094,50,50,1,-1,-1,-1
25,2,561,1044,50,50,1,-1,-1,-1
26,2,552,992,50,50,1,-1,-1,-1
27,2,546,945,50,50,1,-1,-1,-1
28,2,541,916,50,50,1,-1,-1,-1
29,2,535,884,50,50,1,-1,-1,-1
30,2,530,855,50,50,1,-1,-1,-1
31,2,524,832,50,50,1,-1,-1,-1
32,2,515,814,50,50,1,-1,-1,-1
33,2,506,804,50,50,1,-1,-1,-1
34,2,501,800,50,50,1,-1,-1,-1
35,2,497,801,50,50,1,-1,-1,-1
36,2,492,806,50,50,1,-1,-1,-1
37,2,484,822,50,50,1,-1,-1,-1
38,2,482,842,50,50,1,-1,-1,-1
39,2,479,866,50,50,1,-1,-1,-1
40,2,475,893,50,50,1,-1,-1,-1
41,2,471,921,50,50,1,-1,-1,-1
42,2,470,949,50,50,1,-1,-1,-1
43,2,469,978,50,50,1,-1,-1,-1
44,2,464,1005,50,50,1,-1,-1,-1
45,2,457,1017,50,50,1,-1,-1,-1
46,2,454,1028,50,50,1,-1,-1,-1
47,2,455,1043,50,50,1,-1,-1,-1
48,2,458,1062,50,50,1,-1,-1,-1
49,2,462,1081,50,50,1,-1,-1,-1
50,2,464,1101,50,50,1,-1,-1,-1
51,2,466,1123,50,50,1,-1,-1,-1
52,2,468,1143,50,50,1,-1,-1,-1
53,2,470,1163,50,50,1,-1,-1,-1
54,2,472,1182,50,50,1,-1,-1,-1
55,2,475,1199,50,50,1,-1,-1,-1
56,2,479,1214,50,50,1,-1,-1,-1
57,2,486,1221,50,50,1,-1,-1,-1
58,2,495,1219,50,50,1,-1,-1,-1
59,2,507,1200,50,50,1,-1,-1,-1
60,2,524,1183,50,50,1,-1,-1,-1
61,2,542,1158,50,50,1,-1,-1,-1
62,2,555,1119,50,50,1,-1,-1,-1
63,2,562,1068,50,50,1,-1,-1,-1
64,2,562,1012,50,50,1,-1,-1,-1
65,2,563,956,50,50,1,-1,-1,-1
66,2,566,907,50,50,1,-1,-1,-1
1,3,502,1196,50,50,1,-1,-1,-1
2,3,499,1198,50,50,1,-1,-1,-1
3,3,501,1198,50,50,1,-1,-1,-1
4,3,502,1201,50,50,1,-1,-1,-1
5,3,503,1200,50,50,1,-1,-1,-1
6,3,505,1199,50,50,1,-1,-1,-1
7,3,505,1189,50,50,1,-1,-1,-1
8,3,510,1185,50,50,1,-1,-1,-1
9,3,515,1172,50,50,1,-1,-1,-1
10,3,522,1147,50,50,1,-1,-1,-1
11,3,525,1108,50,50,1,-1,-1,-1
12,3,526,1068,50,50,1,-1,-1,-1
13,3,526,1033,50,50,1,-1,-1,-1
14,3,525,1011,50,50,1,-1,-1,-1
15,3,522,999,50,50,1,-1,-1,-1
16,3,517,996,50,50,1,-1,-1,-1
17,3,512,1000,50,50,1,-1,-1,-1
18,3,508,1009,50,50,1,-1,-1,-1
19,3,504,1022,50,50,1,-1,-1,-1
20,3,501,1038,50,50,1,-1,-1,-1
21,3,500,1055,50,50,1,-1,-1,-1
22,3,499,1072,50,50,1,-1,-1,-1
23,3,498,1089,50,50,1,-1,-1,-1
24,3,497,1106,50,50,1,-1,-1,-1
25,3,496,1123,50,50,1,-1,-1,-1
26,3,495,1141,50,50,1,-1,-1,-1
27,3,495,1160,50,50,1,-1,-1,-1
28,3,495,1181,50,50,1,-1,-1,-1
29,3,497,1199,50,50,1,-1,-1,-1
30,3,502,1209,50,50,1,-1,-1,-1
31,3,510,1210,50,50,1,-1,-1,-1
32,3,519,1201,50,50,1,-1,-1,-1
33,3,528,1182,50,50,1,-1,-1,-1
34,3,539,1161,50,50,1,-1,-1,-1
35,3,551,1124,50,50,1,-1,-1,-1
36,3,559,1073,50,50,1,-1,-1,-1
37,3,563,1012,50,50,1,-1,-1,-1
38,3,565,953,50,50,1,-1,-1,-1
39,3,563,907,50,50,1,-1,-1,-1
40,3,561,874,50,50,1,-1,-1,-1
41,3,563,842,50,50,1,-1,-1,-1
42,3,565,812,50,50,1,-1,-1,-1
43,3,566,786,50,50,1,-1,-1,-1
44,3,570,764,50,50,1,-1,-1,-1
45,3,575,746,50,50,1,-1,-1,-1
46,3,579,739,50,50,1,-1,-1,-1
47,3,584,739,50,50,1,-1,-1,-1
48,3,589,741,50,50,1,-1,-1,-1
49,3,593,750,50,50,1,-1,-1,-1
50,3,596,763,50,50,1,-1,-1,-1
51,3,599,781,50,50,1,-1,-1,-1
52,3,602,803,50,50,1,-1,-1,-1
53,3,606,832,50,50,1,-1,-1,-1
54,3,611,864,50,50,1,-1,-1,-1
55,3,617,899,50,50,1,-1,-1,-1
56,3,624,932,50,50,1,-1,-1,-1
57,3,633,953,50,50,1,-1,-1,-1
58,3,643,959,50,50,1,-1,-1,-1
59,3,651,966,50,50,1,-1,-1,-1
60,3,657,981,50,50,1,-1,-1,-1
61,3,662,1000,50,50,1,-1,-1,-1
62,3,667,1018,50,50,1,-1,-1,-1
63,3,672,1037,50,50,1,-1,-1,-1
64,3,676,1063,50,50,1,-1,-1,-1
65,3,674,1093,50,50,1,-1,-1,-1
66,3,671,1123,50,50,1,-1,-1,-1
