2,1,623,1206,50,50,1,-1,-1,-1
3,1,619,1197,50,50,1,-1,-1,-1
4,1,623,1207,50,50,1,-1,-1,-1
5,1,635,1204,50,50,1,-1,-1,-1
6,1,650,1200,50,50,1,-1,-1,-1
7,1,667,1194,50,50,1,-1,-1,-1
8,1,689,1182,50,50,1,-1,-1,-1
9,1,716,1177,50,50,1,-1,-1,-1
10,1,740,1161,50,50,1,-1,-1,-1
11,1,753,1129,50,50,1,-1,-1,-1
12,1,760,1116,50,50,1,-1,-1,-1
13,1,761,1102,50,50,1,-1,-1,-1
14,1,755,1089,50,50,1,-1,-1,-1
15,1,749,1075,50,50,1,-1,-1,-1
16,1,737,1059,50,50,1,-1,-1,-1
17,1,705,1049,50,50,1,-1,-1,-1
18,1,651,1020,50,50,1,-1,-1,-1
19,1,614,1004,50,50,1,-1,-1,-1
20,1,580,1005,50,50,1,-1,-1,-1
21,1,561,1015,50,50,1,-1,-1,-1
22,1,564,1018,50,50,1,-1,-1,-1
23,1,565,1027,50,50,1,-1,-1,-1
24,1,537,1067,50,50,1,-1,-1,-1
25,1,417,1016,50,50,1,-1,-1,-1
26,1,330,995,50,50,1,-1,-1,-1
27,1,289,1010,50,50,1,-1,-1,-1
28,1,266,1015,50,50,1,-1,-1,-1
29,1,250,1024,50,50,1,-1,-1,-1
30,1,247,1035,50,50,1,-1,-1,-1
31,1,242,1047,50,50,1,-1,-1,-1
32,1,261,1061,50,50,1,-1,-1,-1
33,1,276,1046,50,50,1,-1,-1,-1
34,1,289,1036,50,50,1,-1,-1,-1
35,1,317,1034,50,50,1,-1,-1,-1
36,1,354,1033,50,50,1,-1,-1,-1
37,1,385,1031,50,50,1,-1,-1,-1
38,1,432,996,50,50,1,-1,-1,-1
39,1,473,1001,50,50,1,-1,-1,-1
40,1,480,1013,50,50,1,-1,-1,-1
41,1,562,1033,50,50,1,-1,-1,-1
42,1,633,1027,50,50,1,-1,-1,-1
43,1,645,1021,50,50,1,-1,-1,-1
44,1,647,1009,50,50,1,-1,-1,-1
45,1,670,1009,50,50,1,-1,-1,-1
46,1,701,1013,50,50,1,-1,-1,-1
47,1,714,1011,50,50,1,-1,-1,-1
48,1,719,1023,50,50,1,-1,-1,-1
49,1,731,1047,50,50,1,-1,-1,-1
50,1,721,1028,50,50,1,-1,-1,-1
51,1,717,1027,50,50,1,-1,-1,-1
52,1,709,1038,50,50,1,-1,-1,-1
53,1,687,1048,50,50,1,-1,-1,-1
54,1,675,1039,50,50,1,-1,-1,-1
55,1,641,1027,50,50,1,-1,-1,-1
56,1,609,1026,50,50,1,-1,-1,-1
57,1,560,1051,50,50,1,-1,-1,-1
58,1,542,1049,50,50,1,-1,-1,-1
59,1,529,1043,50,50,1,-1,-1,-1
60,1,525,1041,50,50,1,-1,-1,-1
61,1,527,1043,50,50,1,-1,-1,-1
62,1,539,1053,50,50,1,-1,-1,-1
63,1,553,1068,50,50,1,-1,-1,-1
64,1,545,1062,50,50,1,-1,-1,-1
65,1,552,1052,50,50,1,-1,-1,-1
66,1,556,1053,50,50,1,-1,-1,-1
67,1,558,1054,50,50,1,-1,-1,-1
68,1,562,1055,50,50,1,-1,-1,-1
69,1,564,1055,50,50,1,-1,-1,-1
70,1,563,1063,50,50,1,-1,-1,-1
71,1,560,1065,50,50,1,-1,-1,-1
72,1,563,1053,50,50,1,-1,-1,-1
73,1,578,1073,50,50,1,-1,-1,-1
74,1,565,1074,50,50,1,-1,-1,-1
75,1,563,1068,50,50,1,-1,-1,-1
76,1,553,1048,50,50,1,-1,-1,-1
77,1,510,1035,50,50,1,-1,-1,-1
78,1,487,1049,50,50,1,-1,-1,-1
79,1,491,1048,50,50,1,-1,-1,-1
80,1,479,1050,50,50,1,-1,-1,-1
81,1,469,1050,50,50,1,-1,-1,-1
82,1,458,1050,50,50,1,-1,-1,-1
83,1,451,1047,50,50,1,-1,-1,-1
84,1,724,1029,50,50,1,-1,-1,-1
85,1,735,1020,50,50,1,-1,-1,-1
86,1,720,1027,50,50,1,-1,-1,-1
87,1,713,1036,50,50,1,-1,-1,-1
88,1,691,1029,50,50,1,-1,-1,-1
89,1,667,1014,50,50,1,-1,-1,-1
90,1,640,1009,50,50,1,-1,-1,-1
91,1,586,1051,50,50,1,-1,-1,-1
92,1,553,1054,50,50,1,-1,-1,-1
93,1,536,1047,50,50,1,-1,-1,-1
94,1,528,1034,50,50,1,-1,-1,-1
95,1,526,1042,50,50,1,-1,-1,-1
96,1,528,1048,50,50,1,-1,-1,-1
97,1,532,1059,50,50,1,-1,-1,-1
98,1,545,1061,50,50,1,-1,-1,-1
99,1,549,1052,50,50,1,-1,-1,-1
100,1,559,1055,50,50,1,-1,-1,-1
101,1,581,1080,50,50,1,-1,-1,-1
102,1,571,1057,50,50,1,-1,-1,-1
103,1,284,1042,50,50,1,-1,-1,-1
104,1,269,1039,50,50,1,-1,-1,-1
105,1,321,1045,50,50,1,-1,-1,-1
106,1,354,1026,50,50,1,-1,-1,-1
107,1,375,1007,50,50,1,-1,-1,-1
108,1,414,991,50,50,1,-1,-1,-1
109,1,454,988,50,50,1,-1,-1,-1
110,1,496,1022,50,50,1,-1,-1,-1
111,1,577,1047,50,50,1,-1,-1,-1
112,1,636,1008,50,50,1,-1,-1,-1
113,1,657,1007,50,50,1,-1,-1,-1
114,1,674,1007,50,50,1,-1,-1,-1
115,1,704,1005,50,50,1,-1,-1,-1
116,1,722,1009,50,50,1,-1,-1,-1
117,1,730,1015,50,50,1,-1,-1,-1
118,1,738,1021,50,50,1,-1,-1,-1
119,1,731,1036,50,50,1,-1,-1,-1
120,1,728,1036,50,50,1,-1,-1,-1
121,1,717,1030,50,50,1,-1,-1,-1
122,1,702,1022,50,50,1,-1,-1,-1
123,1,678,1013,50,50,1,-1,-1,-1
124,1,641,1009,50,50,1,-1,-1,-1
125,1,611,1021,50,50,1,-1,-1,-1
126,1,556,1054,50,50,1,-1,-1,-1
127,1,536,1051,50,50,1,-1,-1,-1
128,1,524,1043,50,50,1,-1,-1,-1
129,1,525,1033,50,50,1,-1,-1,-1
130,1,525,1037,50,50,1,-1,-1,-1
131,1,531,1051,50,50,1,-1,-1,-1
132,1,537,1053,50,50,1,-1,-1,-1
133,1,301,1025,50,50,1,-1,-1,-1
134,1,272,1018,50,50,1,-1,-1,-1
135,1,286,1035,50,50,1,-1,-1,-1
136,1,289,1061,50,50,1,-1,-1,-1
137,1,293,1053,50,50,1,-1,-1,-1
138,1,298,1028,50,50,1,-1,-1,-1
139,1,330,1025,50,50,1,-1,-1,-1
140,1,383,1007,50,50,1,-1,-1,-1
141,1,431,993,50,50,1,-1,-1,-1
142,1,463,990,50,50,1,-1,-1,-1
143,1,482,1006,50,50,1,-1,-1,-1
144,1,495,1048,50,50,1,-1,-1,-1
145,1,621,1020,50,50,1,-1,-1,-1
146,1,679,1027,50,50,1,-1,-1,-1
147,1,691,1016,50,50,1,-1,-1,-1
148,1,715,1015,50,50,1,-1,-1,-1
149,1,737,1022,50,50,1,-1,-1,-1
150,1,749,1031,50,50,1,-1,-1,-1
151,1,758,1030,50,50,1,-1,-1,-1
152,1,774,1022,50,50,1,-1,-1,-1
153,1,766,1019,50,50,1,-1,-1,-1
154,1,748,1027,50,50,1,-1,-1,-1
155,1,734,1021,50,50,1,-1,-1,-1
156,1,719,1014,50,50,1,-1,-1,-1
157,1,690,1015,50,50,1,-1,-1,-1
158,1,626,1003,50,50,1,-1,-1,-1
159,1,562,1010,50,50,1,-1,-1,-1
160,1,515,1016,50,50,1,-1,-1,-1
161,1,466,1025,50,50,1,-1,-1,-1
162,1,433,1045,50,50,1,-1,-1,-1
163,1,377,1039,50,50,1,-1,-1,-1
164,1,382,1035,50,50,1,-1,-1,-1
165,1,359,1045,50,50,1,-1,-1,-1
166,1,313,1053,50,50,1,-1,-1,-1
167,1,275,1055,50,50,1,-1,-1,-1
168,1,257,1048,50,50,1,-1,-1,-1
169,1,264,1034,50,50,1,-1,-1,-1
170,1,275,1045,50,50,1,-1,-1,-1
171,1,279,1041,50,50,1,-1,-1,-1
172,1,291,1032,50,50,1,-1,-1,-1
173,1,315,1030,50,50,1,-1,-1,-1
174,1,347,1031,50,50,1,-1,-1,-1
175,1,387,1021,50,50,1,-1,-1,-1
176,1,410,1019,50,50,1,-1,-1,-1
177,1,474,991,50,50,1,-1,-1,-1
178,1,588,1015,50,50,1,-1,-1,-1
179,1,589,1024,50,50,1,-1,-1,-1
180,1,588,1031,50,50,1,-1,-1,-1
181,1,608,1029,50,50,1,-1,-1,-1
182,1,645,1019,50,50,1,-1,-1,-1
183,1,701,1012,50,50,1,-1,-1,-1
184,1,725,1019,50,50,1,-1,-1,-1
185,1,744,1035,50,50,1,-1,-1,-1
186,1,732,1034,50,50,1,-1,-1,-1
187,1,734,1030,50,50,1,-1,-1,-1
188,1,729,1029,50,50,1,-1,-1,-1
189,1,719,1022,50,50,1,-1,-1,-1
190,1,714,1012,50,50,1,-1,-1,-1
191,1,682,1007,50,50,1,-1,-1,-1
192,1,643,1000,50,50,1,-1,-1,-1
193,1,596,989,50,50,1,-1,-1,-1
194,1,539,1004,50,50,1,-1,-1,-1
195,1,479,1045,50,50,1,-1,-1,-1
196,1,410,1042,50,50,1,-1,-1,-1
197,1,397,1039,50,50,1,-1,-1,-1
198,1,385,1045,50,50,1,-1,-1,-1
199,1,367,1046,50,50,1,-1,-1,-1
200,1,356,1002,50,50,1,-1,-1,-1
201,1,316,999,50,50,1,-1,-1,-1
202,1,269,1016,50,50,1,-1,-1,-1
203,1,261,1037,50,50,1,-1,-1,-1
204,1,263,1041,50,50,1,-1,-1,-1
205,1,284,1031,50,50,1,-1,-1,-1
206,1,303,1019,50,50,1,-1,-1,-1
207,1,301,1004,50,50,1,-1,-1,-1
208,1,302,1012,50,50,1,-1,-1,-1
209,1,323,1032,50,50,1,-1,-1,-1
210,1,360,1009,50,50,1,-1,-1,-1
211,1,430,986,50,50,1,-1,-1,-1
212,1,496,1012,50,50,1,-1,-1,-1
213,1,561,1061,50,50,1,-1,-1,-1
214,1,581,1055,50,50,1,-1,-1,-1
215,1,593,1044,50,50,1,-1,-1,-1
216,1,629,1026,50,50,1,-1,-1,-1
217,1,676,1037,50,50,1,-1,-1,-1
218,1,696,1053,50,50,1,-1,-1,-1
219,1,713,1043,50,50,1,-1,-1,-1
220,1,726,1043,50,50,1,-1,-1,-1
221,1,731,1042,50,50,1,-1,-1,-1
222,1,731,1040,50,50,1,-1,-1,-1
223,1,729,1039,50,50,1,-1,-1,-1
224,1,720,1039,50,50,1,-1,-1,-1
225,1,699,1036,50,50,1,-1,-1,-1
226,1,679,1029,50,50,1,-1,-1,-1
227,1,639,1017,50,50,1,-1,-1,-1
228,1,569,999,50,50,1,-1,-1,-1
229,1,507,1012,50,50,1,-1,-1,-1
230,1,453,1019,50,50,1,-1,-1,-1
231,1,417,1020,50,50,1,-1,-1,-1
232,1,383,1011,50,50,1,-1,-1,-1
233,1,343,999,50,50,1,-1,-1,-1
234,1,317,1003,50,50,1,-1,-1,-1
235,1,306,1014,50,50,1,-1,-1,-1
236,1,287,1014,50,50,1,-1,-1,-1
237,1,256,1013,50,50,1,-1,-1,-1
238,1,254,1013,50,50,1,-1,-1,-1
239,1,257,1013,50,50,1,-1,-1,-1
240,1,266,1013,50,50,1,-1,-1,-1
241,1,283,1014,50,50,1,-1,-1,-1
242,1,311,1021,50,50,1,-1,-1,-1
243,1,344,1019,50,50,1,-1,-1,-1
244,1,375,1005,50,50,1,-1,-1,-1
245,1,419,998,50,50,1,-1,-1,-1
246,1,455,997,50,50,1,-1,-1,-1
247,1,478,1001,50,50,1,-1,-1,-1
248,1,503,1053,50,50,1,-1,-1,-1
249,1,498,1050,50,50,1,-1,-1,-1
250,1,499,1039,50,50,1,-1,-1,-1
251,1,491,1036,50,50,1,-1,-1,-1
252,1,481,1037,50,50,1,-1,-1,-1
253,1,472,1048,50,50,1,-1,-1,-1
254,1,461,1052,50,50,1,-1,-1,-1
255,1,454,1056,50,50,1,-1,-1,-1
256,1,739,1030,50,50,1,-1,-1,-1
257,1,745,1022,50,50,1,-1,-1,-1
258,1,701,1039,50,50,1,-1,-1,-1
259,1,689,1045,50,50,1,-1,-1,-1
260,1,675,1037,50,50,1,-1,-1,-1
261,1,638,1011,50,50,1,-1,-1,-1
262,1,544,1004,50,50,1,-1,-1,-1
263,1,498,994,50,50,1,-1,-1,-1
264,1,451,1001,50,50,1,-1,-1,-1
265,1,412,1017,50,50,1,-1,-1,-1
266,1,393,1029,50,50,1,-1,-1,-1
267,1,377,1027,50,50,1,-1,-1,-1
268,1,333,1018,50,50,1,-1,-1,-1
269,1,289,1017,50,50,1,-1,-1,-1
270,1,275,1021,50,50,1,-1,-1,-1
271,1,267,1024,50,50,1,-1,-1,-1
272,1,269,1022,50,50,1,-1,-1,-1
273,1,272,1025,50,50,1,-1,-1,-1
274,1,277,1039,50,50,1,-1,-1,-1
275,1,294,1039,50,50,1,-1,-1,-1
276,1,323,1033,50,50,1,-1,-1,-1
277,1,379,1028,50,50,1,-1,-1,-1
278,1,439,1018,50,50,1,-1,-1,-1
279,1,489,1024,50,50,1,-1,-1,-1
280,1,534,1027,50,50,1,-1,-1,-1
281,1,576,1034,50,50,1,-1,-1,-1
282,1,607,1034,50,50,1,-1,-1,-1
283,1,631,1030,50,50,1,-1,-1,-1
284,1,666,1029,50,50,1,-1,-1,-1
285,1,690,1029,50,50,1,-1,-1,-1
286,1,712,1030,50,50,1,-1,-1,-1
287,1,727,1032,50,50,1,-1,-1,-1
288,1,736,1036,50,50,1,-1,-1,-1
289,1,751,1041,50,50,1,-1,-1,-1
290,1,749,1051,50,50,1,-1,-1,-1
291,1,740,1048,50,50,1,-1,-1,-1
292,1,729,1046,50,50,1,-1,-1,-1
293,1,713,1029,50,50,1,-1,-1,-1
294,1,673,1015,50,50,1,-1,-1,-1
295,1,624,998,50,50,1,-1,-1,-1
296,1,558,1003,50,50,1,-1,-1,-1
297,1,512,1008,50,50,1,-1,-1,-1
298,1,463,1017,50,50,1,-1,-1,-1
299,1,406,1024,50,50,1,-1,-1,-1
300,1,396,1000,50,50,1,-1,-1,-1
301,1,376,1012,50,50,1,-1,-1,-1
302,1,348,1020,50,50,1,-1,-1,-1
303,1,324,1024,50,50,1,-1,-1,-1
304,1,303,1026,50,50,1,-1,-1,-1
305,1,279,1020,50,50,1,-1,-1,-1
306,1,277,1020,50,50,1,-1,-1,-1
307,1,278,1020,50,50,1,-1,-1,-1
308,1,283,1031,50,50,1,-1,-1,-1
309,1,300,1042,50,50,1,-1,-1,-1
310,1,315,1045,50,50,1,-1,-1,-1
311,1,342,1024,50,50,1,-1,-1,-1
312,1,382,1013,50,50,1,-1,-1,-1
313,1,435,985,50,50,1,-1,-1,-1
314,1,472,990,50,50,1,-1,-1,-1
315,1,490,996,50,50,1,-1,-1,-1
316,1,491,997,50,50,1,-1,-1,-1
317,1,483,999,50,50,1,-1,-1,-1
318,1,476,1003,50,50,1,-1,-1,-1
319,1,465,1009,50,50,1,-1,-1,-1
320,1,455,1012,50,50,1,-1,-1,-1
321,1,442,1017,50,50,1,-1,-1,-1
322,1,451,1049,50,50,1,-1,-1,-1
323,1,443,1051,50,50,1,-1,-1,-1
324,1,436,1054,50,50,1,-1,-1,-1
325,1,714,1032,50,50,1,-1,-1,-1
326,1,710,1023,50,50,1,-1,-1,-1
327,1,660,1042,50,50,1,-1,-1,-1
328,1,627,1029,50,50,1,-1,-1,-1
329,1,600,1002,50,50,1,-1,-1,-1
330,1,541,1007,50,50,1,-1,-1,-1
331,1,497,1010,50,50,1,-1,-1,-1
332,1,449,1005,50,50,1,-1,-1,-1
333,1,404,1011,50,50,1,-1,-1,-1
334,1,370,1037,50,50,1,-1,-1,-1
335,1,376,1022,50,50,1,-1,-1,-1
336,1,354,1022,50,50,1,-1,-1,-1
337,1,318,1033,50,50,1,-1,-1,-1
338,1,279,1050,50,50,1,-1,-1,-1
339,1,268,1058,50,50,1,-1,-1,-1
340,1,273,1061,50,50,1,-1,-1,-1
341,1,281,1061,50,50,1,-1,-1,-1
342,1,277,1055,50,50,1,-1,-1,-1
343,1,296,1028,50,50,1,-1,-1,-1
344,1,328,1026,50,50,1,-1,-1,-1
345,1,359,1035,50,50,1,-1,-1,-1
346,1,418,1010,50,50,1,-1,-1,-1
347,1,452,986,50,50,1,-1,-1,-1
348,1,476,988,50,50,1,-1,-1,-1
349,1,509,1040,50,50,1,-1,-1,-1
350,1,505,1039,50,50,1,-1,-1,-1
351,1,504,1041,50,50,1,-1,-1,-1
352,1,497,1043,50,50,1,-1,-1,-1
353,1,487,1047,50,50,1,-1,-1,-1
354,1,478,1050,50,50,1,-1,-1,-1
355,1,470,1052,50,50,1,-1,-1,-1
356,1,461,1055,50,50,1,-1,-1,-1
357,1,455,1057,50,50,1,-1,-1,-1
358,1,451,1058,50,50,1,-1,-1,-1
359,1,448,1058,50,50,1,-1,-1,-1
360,1,448,1058,50,50,1,-1,-1,-1
361,1,449,1059,50,50,1,-1,-1,-1
362,1,627,1013,50,50,1,-1,-1,-1
363,1,620,1000,50,50,1,-1,-1,-1
364,1,532,998,50,50,1,-1,-1,-1
365,1,409,1042,50,50,1,-1,-1,-1
366,1,442,1009,50,50,1,-1,-1,-1
367,1,530,992,50,50,1,-1,-1,-1
368,1,537,993,50,50,1,-1,-1,-1
369,1,541,1005,50,50,1,-1,-1,-1
370,1,551,1016,50,50,1,-1,-1,-1
371,1,557,1033,50,50,1,-1,-1,-1
372,1,577,1060,50,50,1,-1,-1,-1
373,1,585,1061,50,50,1,-1,-1,-1
374,1,301,1033,50,50,1,-1,-1,-1
375,1,269,1052,50,50,1,-1,-1,-1
376,1,294,1042,50,50,1,-1,-1,-1
377,1,310,1031,50,50,1,-1,-1,-1
378,1,336,1029,50,50,1,-1,-1,-1
379,1,376,1025,50,50,1,-1,-1,-1
380,1,415,1016,50,50,1,-1,-1,-1
381,1,452,991,50,50,1,-1,-1,-1
382,1,490,1003,50,50,1,-1,-1,-1
383,1,512,1037,50,50,1,-1,-1,-1
384,1,506,1054,50,50,1,-1,-1,-1
385,1,614,1033,50,50,1,-1,-1,-1
386,1,701,1038,50,50,1,-1,-1,-1
387,1,715,1035,50,50,1,-1,-1,-1
388,1,722,1036,50,50,1,-1,-1,-1
389,1,735,1038,50,50,1,-1,-1,-1
390,1,753,1036,50,50,1,-1,-1,-1
391,1,746,1027,50,50,1,-1,-1,-1
392,1,735,1021,50,50,1,-1,-1,-1
393,1,731,1030,50,50,1,-1,-1,-1
394,1,709,1026,50,50,1,-1,-1,-1
395,1,676,1019,50,50,1,-1,-1,-1
396,1,634,1010,50,50,1,-1,-1,-1
397,1,600,1019,50,50,1,-1,-1,-1
398,1,550,1046,50,50,1,-1,-1,-1
399,1,457,1049,50,50,1,-1,-1,-1
400,1,403,1012,50,50,1,-1,-1,-1
401,1,373,995,50,50,1,-1,-1,-1
402,1,346,999,50,50,1,-1,-1,-1
403,1,317,1007,50,50,1,-1,-1,-1
404,1,289,1017,50,50,1,-1,-1,-1
405,1,266,1037,50,50,1,-1,-1,-1
406,1,259,1039,50,50,1,-1,-1,-1
407,1,263,1031,50,50,1,-1,-1,-1
408,1,271,1025,50,50,1,-1,-1,-1
409,1,282,1026,50,50,1,-1,-1,-1
410,1,303,1023,50,50,1,-1,-1,-1
411,1,330,1024,50,50,1,-1,-1,-1
412,1,357,1025,50,50,1,-1,-1,-1
413,1,399,1034,50,50,1,-1,-1,-1
414,1,477,1050,50,50,1,-1,-1,-1
415,1,581,1063,50,50,1,-1,-1,-1
416,1,600,1030,50,50,1,-1,-1,-1
417,1,592,1025,50,50,1,-1,-1,-1
418,1,611,1032,50,50,1,-1,-1,-1
419,1,631,1031,50,50,1,-1,-1,-1
420,1,681,1039,50,50,1,-1,-1,-1
421,1,732,1034,50,50,1,-1,-1,-1
422,1,740,1033,50,50,1,-1,-1,-1
423,1,732,1040,50,50,1,-1,-1,-1
424,1,731,1040,50,50,1,-1,-1,-1
425,1,736,1042,50,50,1,-1,-1,-1
426,1,733,1030,50,50,1,-1,-1,-1
427,1,704,1025,50,50,1,-1,-1,-1
428,1,671,1028,50,50,1,-1,-1,-1
429,1,637,1019,50,50,1,-1,-1,-1
430,1,599,1005,50,50,1,-1,-1,-1
431,1,561,997,50,50,1,-1,-1,-1
432,1,520,1007,50,50,1,-1,-1,-1
433,1,518,1010,50,50,1,-1,-1,-1
434,1,517,1030,50,50,1,-1,-1,-1
435,1,537,1044,50,50,1,-1,-1,-1
436,1,547,1048,50,50,1,-1,-1,-1
437,1,558,1051,50,50,1,-1,-1,-1
438,1,565,1053,50,50,1,-1,-1,-1
439,1,570,1055,50,50,1,-1,-1,-1
440,1,564,1054,50,50,1,-1,-1,-1
441,1,311,1027,50,50,1,-1,-1,-1
442,1,276,1042,50,50,1,-1,-1,-1
443,1,305,1057,50,50,1,-1,-1,-1
444,1,335,1041,50,50,1,-1,-1,-1
445,1,359,1019,50,50,1,-1,-1,-1
446,1,395,1004,50,50,1,-1,-1,-1
447,1,476,1013,50,50,1,-1,-1,-1
448,1,542,1028,50,50,1,-1,-1,-1
449,1,564,1029,50,50,1,-1,-1,-1
450,1,570,1041,50,50,1,-1,-1,-1
451,1,596,1040,50,50,1,-1,-1,-1
452,1,641,1044,50,50,1,-1,-1,-1
453,1,683,1057,50,50,1,-1,-1,-1
454,1,707,1046,50,50,1,-1,-1,-1
455,1,724,1032,50,50,1,-1,-1,-1
456,1,732,1048,50,50,1,-1,-1,-1
457,1,729,1060,50,50,1,-1,-1,-1
458,1,732,1045,50,50,1,-1,-1,-1
459,1,722,1041,50,50,1,-1,-1,-1
460,1,705,1036,50,50,1,-1,-1,-1
461,1,680,1046,50,50,1,-1,-1,-1
462,1,629,1041,50,50,1,-1,-1,-1
463,1,551,1044,50,50,1,-1,-1,-1
464,1,501,1013,50,50,1,-1,-1,-1
465,1,448,1015,50,50,1,-1,-1,-1
466,1,382,1008,50,50,1,-1,-1,-1
467,1,367,1013,50,50,1,-1,-1,-1
468,1,368,1016,50,50,1,-1,-1,-1
469,1,344,1027,50,50,1,-1,-1,-1
470,1,303,1029,50,50,1,-1,-1,-1
471,1,271,1024,50,50,1,-1,-1,-1
472,1,260,1021,50,50,1,-1,-1,-1
473,1,255,1032,50,50,1,-1,-1,-1
474,1,261,1037,50,50,1,-1,-1,-1
475,1,260,1030,50,50,1,-1,-1,-1
476,1,280,1023,50,50,1,-1,-1,-1
477,1,303,1016,50,50,1,-1,-1,-1
478,1,337,1007,50,50,1,-1,-1,-1
479,1,378,995,50,50,1,-1,-1,-1
480,1,419,985,50,50,1,-1,-1,-1
481,1,499,1007,50,50,1,-1,-1,-1
482,1,581,1019,50,50,1,-1,-1,-1
483,1,619,1025,50,50,1,-1,-1,-1
484,1,643,1032,50,50,1,-1,-1,-1
485,1,659,1041,50,50,1,-1,-1,-1
486,1,658,1057,50,50,1,-1,-1,-1
487,1,690,1043,50,50,1,-1,-1,-1
488,1,725,1040,50,50,1,-1,-1,-1
489,1,741,1038,50,50,1,-1,-1,-1
490,1,751,1040,50,50,1,-1,-1,-1
491,1,747,1050,50,50,1,-1,-1,-1
492,1,739,1059,50,50,1,-1,-1,-1
493,1,729,1053,50,50,1,-1,-1,-1
494,1,715,1048,50,50,1,-1,-1,-1
495,1,685,1047,50,50,1,-1,-1,-1
496,1,629,1044,50,50,1,-1,-1,-1
497,1,561,1045,50,50,1,-1,-1,-1
498,1,530,1039,50,50,1,-1,-1,-1
499,1,522,1041,50,50,1,-1,-1,-1
500,1,510,1046,50,50,1,-1,-1,-1
501,1,517,1049,50,50,1,-1,-1,-1
502,1,545,1062,50,50,1,-1,-1,-1
503,1,557,1064,50,50,1,-1,-1,-1
504,1,566,1065,50,50,1,-1,-1,-1
505,1,574,1066,50,50,1,-1,-1,-1
506,1,579,1067,50,50,1,-1,-1,-1
507,1,584,1066,50,50,1,-1,-1,-1
508,1,278,1036,50,50,1,-1,-1,-1
509,1,271,1047,50,50,1,-1,-1,-1
510,1,296,1033,50,50,1,-1,-1,-1
511,1,319,1025,50,50,1,-1,-1,-1
512,1,353,1027,50,50,1,-1,-1,-1
513,1,391,1015,50,50,1,-1,-1,-1
514,1,435,990,50,50,1,-1,-1,-1
515,1,478,989,50,50,1,-1,-1,-1
516,1,500,1004,50,50,1,-1,-1,-1
517,1,575,1032,50,50,1,-1,-1,-1
518,1,658,1029,50,50,1,-1,-1,-1
519,1,670,1006,50,50,1,-1,-1,-1
520,1,693,1009,50,50,1,-1,-1,-1
521,1,725,1031,50,50,1,-1,-1,-1
522,1,736,1035,50,50,1,-1,-1,-1
523,1,743,1029,50,50,1,-1,-1,-1
524,1,732,1018,50,50,1,-1,-1,-1
525,1,736,1019,50,50,1,-1,-1,-1
526,1,717,1018,50,50,1,-1,-1,-1
527,1,694,1017,50,50,1,-1,-1,-1
528,1,659,1006,50,50,1,-1,-1,-1
529,1,613,996,50,50,1,-1,-1,-1
530,1,547,1011,50,50,1,-1,-1,-1
531,1,465,1046,50,50,1,-1,-1,-1
532,1,395,1043,50,50,1,-1,-1,-1
533,1,420,1018,50,50,1,-1,-1,-1
534,1,499,1021,50,50,1,-1,-1,-1
535,1,536,1051,50,50,1,-1,-1,-1
536,1,544,1053,50,50,1,-1,-1,-1
537,1,551,1055,50,50,1,-1,-1,-1
538,1,557,1055,50,50,1,-1,-1,-1
539,1,561,1056,50,50,1,-1,-1,-1
540,1,293,1023,50,50,1,-1,-1,-1
541,1,258,1018,50,50,1,-1,-1,-1
542,1,303,1023,50,50,1,-1,-1,-1
543,1,304,1023,50,50,1,-1,-1,-1
544,1,301,1019,50,50,1,-1,-1,-1
545,1,333,1016,50,50,1,-1,-1,-1
546,1,368,1018,50,50,1,-1,-1,-1
547,1,463,1002,50,50,1,-1,-1,-1
548,1,581,1003,50,50,1,-1,-1,-1
549,1,612,1012,50,50,1,-1,-1,-1
550,1,625,1008,50,50,1,-1,-1,-1
551,1,662,1010,50,50,1,-1,-1,-1
552,1,704,1019,50,50,1,-1,-1,-1
553,1,729,1027,50,50,1,-1,-1,-1
554,1,746,1025,50,50,1,-1,-1,-1
555,1,751,1017,50,50,1,-1,-1,-1
556,1,753,1019,50,50,1,-1,-1,-1
557,1,754,1030,50,50,1,-1,-1,-1
558,1,744,1027,50,50,1,-1,-1,-1
559,1,724,1026,50,50,1,-1,-1,-1
560,1,699,1025,50,50,1,-1,-1,-1
561,1,659,1023,50,50,1,-1,-1,-1
562,1,618,1025,50,50,1,-1,-1,-1
563,1,554,1000,50,50,1,-1,-1,-1
564,1,495,1008,50,50,1,-1,-1,-1
565,1,453,1025,50,50,1,-1,-1,-1
566,1,413,1041,50,50,1,-1,-1,-1
567,1,400,1008,50,50,1,-1,-1,-1
568,1,379,1007,50,50,1,-1,-1,-1
569,1,343,1005,50,50,1,-1,-1,-1
570,1,289,1002,50,50,1,-1,-1,-1
571,1,271,1005,50,50,1,-1,-1,-1
572,1,259,1011,50,50,1,-1,-1,-1
573,1,255,1014,50,50,1,-1,-1,-1
574,1,259,1013,50,50,1,-1,-1,-1
575,1,267,1012,50,50,1,-1,-1,-1
576,1,282,1012,50,50,1,-1,-1,-1
577,1,300,1024,50,50,1,-1,-1,-1
578,1,325,1038,50,50,1,-1,-1,-1
579,1,388,1013,50,50,1,-1,-1,-1
580,1,449,1008,50,50,1,-1,-1,-1
581,1,493,1008,50,50,1,-1,-1,-1
582,1,543,1014,50,50,1,-1,-1,-1
583,1,593,1010,50,50,1,-1,-1,-1
584,1,648,1027,50,50,1,-1,-1,-1
585,1,642,1011,50,50,1,-1,-1,-1
586,1,652,1013,50,50,1,-1,-1,-1
587,1,693,1023,50,50,1,-1,-1,-1
588,1,705,1031,50,50,1,-1,-1,-1
589,1,713,1035,50,50,1,-1,-1,-1
590,1,715,1037,50,50,1,-1,-1,-1
591,1,714,1033,50,50,1,-1,-1,-1
592,1,723,1033,50,50,1,-1,-1,-1
593,1,707,1030,50,50,1,-1,-1,-1
594,1,679,1020,50,50,1,-1,-1,-1
595,1,643,1015,50,50,1,-1,-1,-1
596,1,568,992,50,50,1,-1,-1,-1
597,1,508,1003,50,50,1,-1,-1,-1
598,1,446,1027,50,50,1,-1,-1,-1
599,1,392,1035,50,50,1,-1,-1,-1
600,1,381,989,50,50,1,-1,-1,-1
601,1,352,991,50,50,1,-1,-1,-1
602,1,316,1000,50,50,1,-1,-1,-1
603,1,292,1002,50,50,1,-1,-1,-1
604,1,276,1002,50,50,1,-1,-1,-1
605,1,265,1003,50,50,1,-1,-1,-1
606,1,262,1000,50,50,1,-1,-1,-1
607,1,261,1003,50,50,1,-1,-1,-1
608,1,266,1002,50,50,1,-1,-1,-1
609,1,276,1003,50,50,1,-1,-1,-1
610,1,293,1003,50,50,1,-1,-1,-1
611,1,327,1012,50,50,1,-1,-1,-1
612,1,365,1014,50,50,1,-1,-1,-1
613,1,397,1003,50,50,1,-1,-1,-1
614,1,428,988,50,50,1,-1,-1,-1
615,1,463,989,50,50,1,-1,-1,-1
616,1,492,994,50,50,1,-1,-1,-1
617,1,496,1001,50,50,1,-1,-1,-1
618,1,506,1043,50,50,1,-1,-1,-1
619,1,502,1041,50,50,1,-1,-1,-1
620,1,505,1026,50,50,1,-1,-1,-1
621,1,479,1007,50,50,1,-1,-1,-1
622,1,482,1046,50,50,1,-1,-1,-1
623,1,471,1052,50,50,1,-1,-1,-1
624,1,472,1049,50,50,1,-1,-1,-1
625,1,475,1036,50,50,1,-1,-1,-1
626,1,472,1037,50,50,1,-1,-1,-1
627,1,471,1041,50,50,1,-1,-1,-1
628,1,469,1039,50,50,1,-1,-1,-1
629,1,467,1040,50,50,1,-1,-1,-1
630,1,451,1005,50,50,1,-1,-1,-1
631,1,446,997,50,50,1,-1,-1,-1
632,1,459,1015,50,50,1,-1,-1,-1
633,1,510,1015,50,50,1,-1,-1,-1
634,1,557,1053,50,50,1,-1,-1,-1
635,1,544,1054,50,50,1,-1,-1,-1
636,1,527,1044,50,50,1,-1,-1,-1
637,1,526,1029,50,50,1,-1,-1,-1
638,1,537,1031,50,50,1,-1,-1,-1
639,1,546,1043,50,50,1,-1,-1,-1
640,1,556,1043,50,50,1,-1,-1,-1
641,1,595,1057,50,50,1,-1,-1,-1
642,1,595,1057,50,50,1,-1,-1,-1
643,1,595,1057,50,50,1,-1,-1,-1
644,1,331,1009,50,50,1,-1,-1,-1
645,1,327,1005,50,50,1,-1,-1,-1
646,1,405,1009,50,50,1,-1,-1,-1
647,1,460,999,50,50,1,-1,-1,-1
648,1,502,1003,50,50,1,-1,-1,-1
649,1,556,1017,50,50,1,-1,-1,-1
650,1,627,1029,50,50,1,-1,-1,-1
651,1,638,1027,50,50,1,-1,-1,-1
652,1,637,1011,50,50,1,-1,-1,-1
653,1,680,1037,50,50,1,-1,-1,-1
654,1,698,1061,50,50,1,-1,-1,-1
655,1,708,1045,50,50,1,-1,-1,-1
656,1,723,1033,50,50,1,-1,-1,-1
657,1,721,1030,50,50,1,-1,-1,-1
658,1,709,1026,50,50,1,-1,-1,-1
659,1,700,1032,50,50,1,-1,-1,-1
660,1,676,1025,50,50,1,-1,-1,-1
661,1,640,1014,50,50,1,-1,-1,-1
662,1,581,1017,50,50,1,-1,-1,-1
663,1,524,1035,50,50,1,-1,-1,-1
664,1,508,1040,50,50,1,-1,-1,-1
665,1,505,1042,50,50,1,-1,-1,-1
666,1,526,1055,50,50,1,-1,-1,-1
667,1,517,1013,50,50,1,-1,-1,-1
668,1,507,1042,50,50,1,-1,-1,-1
669,1,540,1066,50,50,1,-1,-1,-1
670,1,552,1069,50,50,1,-1,-1,-1
671,1,288,1032,50,50,1,-1,-1,-1
672,1,265,1025,50,50,1,-1,-1,-1
673,1,283,1034,50,50,1,-1,-1,-1
674,1,288,1033,50,50,1,-1,-1,-1
675,1,285,1019,50,50,1,-1,-1,-1
676,1,301,1035,50,50,1,-1,-1,-1
677,1,332,1054,50,50,1,-1,-1,-1
678,1,362,1052,50,50,1,-1,-1,-1
679,1,391,1024,50,50,1,-1,-1,-1
680,1,427,1013,50,50,1,-1,-1,-1
681,1,485,987,50,50,1,-1,-1,-1
682,1,506,999,50,50,1,-1,-1,-1
683,1,525,1021,50,50,1,-1,-1,-1
684,1,524,1031,50,50,1,-1,-1,-1
685,1,521,1038,50,50,1,-1,-1,-1
686,1,514,1042,50,50,1,-1,-1,-1
687,1,506,1046,50,50,1,-1,-1,-1
688,1,498,1051,50,50,1,-1,-1,-1
689,1,488,1057,50,50,1,-1,-1,-1
690,1,482,1058,50,50,1,-1,-1,-1
691,1,480,1057,50,50,1,-1,-1,-1
692,1,477,1056,50,50,1,-1,-1,-1
693,1,471,1058,50,50,1,-1,-1,-1
694,1,474,1051,50,50,1,-1,-1,-1
695,1,578,1040,50,50,1,-1,-1,-1
696,1,573,1005,50,50,1,-1,-1,-1
697,1,539,1000,50,50,1,-1,-1,-1
698,1,510,1000,50,50,1,-1,-1,-1
699,1,488,1027,50,50,1,-1,-1,-1
700,1,491,1044,50,50,1,-1,-1,-1
701,1,496,1053,50,50,1,-1,-1,-1
702,1,504,1059,50,50,1,-1,-1,-1
703,1,521,1063,50,50,1,-1,-1,-1
704,1,530,1069,50,50,1,-1,-1,-1
705,1,537,1071,50,50,1,-1,-1,-1
706,1,567,1075,50,50,1,-1,-1,-1
707,1,571,1075,50,50,1,-1,-1,-1
708,1,295,1031,50,50,1,-1,-1,-1
709,1,272,1024,50,50,1,-1,-1,-1
710,1,320,1022,50,50,1,-1,-1,-1
711,1,346,1024,50,50,1,-1,-1,-1
712,1,371,1035,50,50,1,-1,-1,-1
713,1,407,1039,50,50,1,-1,-1,-1
714,1,476,1034,50,50,1,-1,-1,-1
715,1,556,1028,50,50,1,-1,-1,-1
716,1,624,1028,50,50,1,-1,-1,-1
717,1,641,1032,50,50,1,-1,-1,-1
718,1,660,1040,50,50,1,-1,-1,-1
719,1,685,1046,50,50,1,-1,-1,-1
720,1,707,1051,50,50,1,-1,-1,-1
721,1,723,1054,50,50,1,-1,-1,-1
722,1,730,1055,50,50,1,-1,-1,-1
723,1,733,1055,50,50,1,-1,-1,-1
724,1,731,1054,50,50,1,-1,-1,-1
725,1,722,1054,50,50,1,-1,-1,-1
726,1,705,1049,50,50,1,-1,-1,-1
727,1,681,1042,50,50,1,-1,-1,-1
728,1,648,1032,50,50,1,-1,-1,-1
729,1,613,1033,50,50,1,-1,-1,-1
730,1,582,1044,50,50,1,-1,-1,-1
731,1,522,1047,50,50,1,-1,-1,-1
732,1,494,1030,50,50,1,-1,-1,-1
733,1,486,1032,50,50,1,-1,-1,-1
734,1,489,1036,50,50,1,-1,-1,-1
735,1,492,1029,50,50,1,-1,-1,-1
736,1,501,1033,50,50,1,-1,-1,-1
737,1,509,1046,50,50,1,-1,-1,-1
738,1,547,1060,50,50,1,-1,-1,-1
739,1,552,1061,50,50,1,-1,-1,-1
740,1,556,1062,50,50,1,-1,-1,-1
741,1,557,1063,50,50,1,-1,-1,-1
742,1,561,1063,50,50,1,-1,-1,-1
743,1,561,1064,50,50,1,-1,-1,-1
744,1,564,1062,50,50,1,-1,-1,-1
745,1,564,1061,50,50,1,-1,-1,-1
746,1,563,1061,50,50,1,-1,-1,-1
747,1,562,1061,50,50,1,-1,-1,-1
748,1,564,1043,50,50,1,-1,-1,-1
749,1,557,1017,50,50,1,-1,-1,-1
750,1,502,1003,50,50,1,-1,-1,-1
751,1,507,1036,50,50,1,-1,-1,-1
752,1,501,1043,50,50,1,-1,-1,-1
753,1,495,1034,50,50,1,-1,-1,-1
754,1,485,1051,50,50,1,-1,-1,-1
755,1,474,1055,50,50,1,-1,-1,-1
756,1,467,1055,50,50,1,-1,-1,-1
757,1,460,1061,50,50,1,-1,-1,-1
758,1,709,1021,50,50,1,-1,-1,-1
759,1,737,1033,50,50,1,-1,-1,-1
760,1,712,1043,50,50,1,-1,-1,-1
761,1,691,1033,50,50,1,-1,-1,-1
762,1,664,1027,50,50,1,-1,-1,-1
763,1,623,1017,50,50,1,-1,-1,-1
764,1,570,1009,50,50,1,-1,-1,-1
765,1,519,999,50,50,1,-1,-1,-1
766,1,472,999,50,50,1,-1,-1,-1
767,1,425,1000,50,50,1,-1,-1,-1
768,1,384,1002,50,50,1,-1,-1,-1
769,1,322,1007,50,50,1,-1,-1,-1
770,1,322,1007,50,50,1,-1,-1,-1
771,1,301,1019,50,50,1,-1,-1,-1
772,1,273,1033,50,50,1,-1,-1,-1
773,1,262,1044,50,50,1,-1,-1,-1
774,1,263,1051,50,50,1,-1,-1,-1
775,1,271,1051,50,50,1,-1,-1,-1
776,1,277,1045,50,50,1,-1,-1,-1
777,1,285,1039,50,50,1,-1,-1,-1
778,1,319,1019,50,50,1,-1,-1,-1
779,1,365,1011,50,50,1,-1,-1,-1
780,1,379,1000,50,50,1,-1,-1,-1
781,1,465,983,50,50,1,-1,-1,-1
782,1,585,993,50,50,1,-1,-1,-1
783,1,603,1002,50,50,1,-1,-1,-1
784,1,604,1014,50,50,1,-1,-1,-1
785,1,609,1031,50,50,1,-1,-1,-1
786,1,668,1023,50,50,1,-1,-1,-1
787,1,711,1033,50,50,1,-1,-1,-1
788,1,719,1045,50,50,1,-1,-1,-1
789,1,723,1043,50,50,1,-1,-1,-1
790,1,730,1031,50,50,1,-1,-1,-1
791,1,737,1037,50,50,1,-1,-1,-1
792,1,733,1054,50,50,1,-1,-1,-1
793,1,714,1061,50,50,1,-1,-1,-1
794,1,689,1042,50,50,1,-1,-1,-1
795,1,659,1019,50,50,1,-1,-1,-1
796,1,620,1020,50,50,1,-1,-1,-1
797,1,574,1047,50,50,1,-1,-1,-1
798,1,517,1043,50,50,1,-1,-1,-1
799,1,460,1011,50,50,1,-1,-1,-1
800,1,398,1000,50,50,1,-1,-1,-1
801,1,367,1009,50,50,1,-1,-1,-1
802,1,363,1006,50,50,1,-1,-1,-1
803,1,359,1011,50,50,1,-1,-1,-1
804,1,327,1014,50,50,1,-1,-1,-1
805,1,288,1023,50,50,1,-1,-1,-1
806,1,254,1034,50,50,1,-1,-1,-1
807,1,274,1031,50,50,1,-1,-1,-1
808,1,273,1031,50,50,1,-1,-1,-1
809,1,268,1028,50,50,1,-1,-1,-1
810,1,286,1030,50,50,1,-1,-1,-1
811,1,301,1028,50,50,1,-1,-1,-1
812,1,322,1025,50,50,1,-1,-1,-1
813,1,355,1014,50,50,1,-1,-1,-1
814,1,390,1007,50,50,1,-1,-1,-1
815,1,421,999,50,50,1,-1,-1,-1
816,1,461,978,50,50,1,-1,-1,-1
817,1,492,1015,50,50,1,-1,-1,-1
818,1,498,1035,50,50,1,-1,-1,-1
819,1,498,1034,50,50,1,-1,-1,-1
820,1,493,1035,50,50,1,-1,-1,-1
821,1,487,1040,50,50,1,-1,-1,-1
822,1,482,1043,50,50,1,-1,-1,-1
823,1,479,1044,50,50,1,-1,-1,-1
824,1,474,1045,50,50,1,-1,-1,-1
825,1,469,1047,50,50,1,-1,-1,-1
826,1,465,1049,50,50,1,-1,-1,-1
827,1,461,1052,50,50,1,-1,-1,-1
828,1,460,1052,50,50,1,-1,-1,-1
829,1,459,1053,50,50,1,-1,-1,-1
830,1,656,1021,50,50,1,-1,-1,-1
831,1,641,1016,50,50,1,-1,-1,-1
832,1,539,1040,50,50,1,-1,-1,-1
833,1,431,988,50,50,1,-1,-1,-1
834,1,408,988,50,50,1,-1,-1,-1
835,1,424,1012,50,50,1,-1,-1,-1
836,1,484,1053,50,50,1,-1,-1,-1
837,1,484,1059,50,50,1,-1,-1,-1
838,1,484,1063,50,50,1,-1,-1,-1
839,1,310,1020,50,50,1,-1,-1,-1
840,1,267,1018,50,50,1,-1,-1,-1
841,1,274,1032,50,50,1,-1,-1,-1
842,1,268,1036,50,50,1,-1,-1,-1
843,1,267,1037,50,50,1,-1,-1,-1
844,1,274,1035,50,50,1,-1,-1,-1
845,1,287,1035,50,50,1,-1,-1,-1
846,1,304,1034,50,50,1,-1,-1,-1
847,1,332,1030,50,50,1,-1,-1,-1
848,1,371,1021,50,50,1,-1,-1,-1
849,1,419,1012,50,50,1,-1,-1,-1
850,1,468,1018,50,50,1,-1,-1,-1
851,1,524,1031,50,50,1,-1,-1,-1
852,1,572,1044,50,50,1,-1,-1,-1
853,1,621,1027,50,50,1,-1,-1,-1
854,1,630,1011,50,50,1,-1,-1,-1
855,1,654,1015,50,50,1,-1,-1,-1
856,1,679,1033,50,50,1,-1,-1,-1
857,1,701,1037,50,50,1,-1,-1,-1
858,1,719,1038,50,50,1,-1,-1,-1
859,1,736,1044,50,50,1,-1,-1,-1
860,1,750,1041,50,50,1,-1,-1,-1
861,1,739,1032,50,50,1,-1,-1,-1
862,1,719,1024,50,50,1,-1,-1,-1
863,1,698,1033,50,50,1,-1,-1,-1
864,1,691,1037,50,50,1,-1,-1,-1
865,1,657,1022,50,50,1,-1,-1,-1
866,1,601,1006,50,50,1,-1,-1,-1
867,1,535,1008,50,50,1,-1,-1,-1
868,1,490,1011,50,50,1,-1,-1,-1
869,1,448,1014,50,50,1,-1,-1,-1
870,1,416,1011,50,50,1,-1,-1,-1
871,1,386,1007,50,50,1,-1,-1,-1
872,1,355,1008,50,50,1,-1,-1,-1
873,1,317,1010,50,50,1,-1,-1,-1
874,1,285,1009,50,50,1,-1,-1,-1
875,1,277,1028,50,50,1,-1,-1,-1
876,1,264,1035,50,50,1,-1,-1,-1
877,1,261,1036,50,50,1,-1,-1,-1
878,1,264,1033,50,50,1,-1,-1,-1
879,1,274,1030,50,50,1,-1,-1,-1
880,1,281,1028,50,50,1,-1,-1,-1
881,1,288,1039,50,50,1,-1,-1,-1
882,1,321,1036,50,50,1,-1,-1,-1
883,1,352,1024,50,50,1,-1,-1,-1
884,1,400,1013,50,50,1,-1,-1,-1
885,1,464,981,50,50,1,-1,-1,-1
886,1,490,988,50,50,1,-1,-1,-1
887,1,496,992,50,50,1,-1,-1,-1
888,1,493,997,50,50,1,-1,-1,-1
889,1,517,1039,50,50,1,-1,-1,-1
890,1,515,1043,50,50,1,-1,-1,-1
891,1,508,1029,50,50,1,-1,-1,-1
892,1,505,1035,50,50,1,-1,-1,-1
893,1,509,1051,50,50,1,-1,-1,-1
894,1,498,1059,50,50,1,-1,-1,-1
895,1,494,1061,50,50,1,-1,-1,-1
896,1,491,1060,50,50,1,-1,-1,-1
897,1,491,1058,50,50,1,-1,-1,-1
898,1,490,1043,50,50,1,-1,-1,-1
899,1,640,1004,50,50,1,-1,-1,-1
900,1,653,1018,50,50,1,-1,-1,-1
901,1,577,1000,50,50,1,-1,-1,-1
902,1,456,997,50,50,1,-1,-1,-1
903,1,411,1037,50,50,1,-1,-1,-1
904,1,400,1037,50,50,1,-1,-1,-1
905,1,413,1006,50,50,1,-1,-1,-1
906,1,407,1015,50,50,1,-1,-1,-1
907,1,351,1019,50,50,1,-1,-1,-1
908,1,311,1009,50,50,1,-1,-1,-1
909,1,307,1006,50,50,1,-1,-1,-1
910,1,282,1025,50,50,1,-1,-1,-1
911,1,247,1039,50,50,1,-1,-1,-1
912,1,245,1036,50,50,1,-1,-1,-1
913,1,258,1020,50,50,1,-1,-1,-1
914,1,281,1027,50,50,1,-1,-1,-1
915,1,297,1024,50,50,1,-1,-1,-1
916,1,317,1021,50,50,1,-1,-1,-1
917,1,347,1017,50,50,1,-1,-1,-1
918,1,375,1015,50,50,1,-1,-1,-1
919,1,401,1005,50,50,1,-1,-1,-1
920,1,484,1006,50,50,1,-1,-1,-1
921,1,580,1005,50,50,1,-1,-1,-1
922,1,606,1016,50,50,1,-1,-1,-1
923,1,625,1045,50,50,1,-1,-1,-1
924,1,657,1034,50,50,1,-1,-1,-1
925,1,643,1020,50,50,1,-1,-1,-1
926,1,663,1018,50,50,1,-1,-1,-1
927,1,710,1018,50,50,1,-1,-1,-1
928,1,732,1030,50,50,1,-1,-1,-1
929,1,731,1036,50,50,1,-1,-1,-1
930,1,733,1037,50,50,1,-1,-1,-1
931,1,741,1034,50,50,1,-1,-1,-1
932,1,728,1041,50,50,1,-1,-1,-1
933,1,692,1040,50,50,1,-1,-1,-1
934,1,663,1057,50,50,1,-1,-1,-1
935,1,635,1031,50,50,1,-1,-1,-1
936,1,594,993,50,50,1,-1,-1,-1
937,1,537,1008,50,50,1,-1,-1,-1
938,1,484,1045,50,50,1,-1,-1,-1
939,1,423,1036,50,50,1,-1,-1,-1
940,1,424,1001,50,50,1,-1,-1,-1
941,1,409,996,50,50,1,-1,-1,-1
942,1,392,999,50,50,1,-1,-1,-1
943,1,375,1010,50,50,1,-1,-1,-1
944,1,354,1007,50,50,1,-1,-1,-1
945,1,319,1025,50,50,1,-1,-1,-1
946,1,303,1031,50,50,1,-1,-1,-1
947,1,299,1033,50,50,1,-1,-1,-1
948,1,299,1031,50,50,1,-1,-1,-1
949,1,306,1028,50,50,1,-1,-1,-1
950,1,318,1023,50,50,1,-1,-1,-1
951,1,342,1016,50,50,1,-1,-1,-1
952,1,373,1005,50,50,1,-1,-1,-1
953,1,415,995,50,50,1,-1,-1,-1
954,1,454,973,50,50,1,-1,-1,-1
955,1,484,974,50,50,1,-1,-1,-1
956,1,502,981,50,50,1,-1,-1,-1
957,1,589,1013,50,50,1,-1,-1,-1
958,1,650,996,50,50,1,-1,-1,-1
959,1,679,1001,50,50,1,-1,-1,-1
960,1,705,1015,50,50,1,-1,-1,-1
961,1,733,1021,50,50,1,-1,-1,-1
962,1,732,1012,50,50,1,-1,-1,-1
963,1,733,1014,50,50,1,-1,-1,-1
964,1,731,1021,50,50,1,-1,-1,-1
965,1,715,1018,50,50,1,-1,-1,-1
966,1,680,1013,50,50,1,-1,-1,-1
967,1,635,1002,50,50,1,-1,-1,-1
968,1,582,999,50,50,1,-1,-1,-1
969,1,529,1002,50,50,1,-1,-1,-1
970,1,486,1011,50,50,1,-1,-1,-1
971,1,453,1025,50,50,1,-1,-1,-1
972,1,444,1021,50,50,1,-1,-1,-1
973,1,422,1017,50,50,1,-1,-1,-1
974,1,373,1005,50,50,1,-1,-1,-1
975,1,317,1002,50,50,1,-1,-1,-1
976,1,297,1010,50,50,1,-1,-1,-1
977,1,279,1017,50,50,1,-1,-1,-1
978,1,271,1027,50,50,1,-1,-1,-1
979,1,268,1035,50,50,1,-1,-1,-1
980,1,275,1030,50,50,1,-1,-1,-1
981,1,285,1012,50,50,1,-1,-1,-1
982,1,302,1009,50,50,1,-1,-1,-1
983,1,321,1017,50,50,1,-1,-1,-1
984,1,342,1008,50,50,1,-1,-1,-1
985,1,379,999,50,50,1,-1,-1,-1
986,1,423,987,50,50,1,-1,-1,-1
987,1,474,969,50,50,1,-1,-1,-1
988,1,545,994,50,50,1,-1,-1,-1
989,1,627,1005,50,50,1,-1,-1,-1
990,1,657,1011,50,50,1,-1,-1,-1
991,1,658,999,50,50,1,-1,-1,-1
992,1,685,1002,50,50,1,-1,-1,-1
993,1,715,1008,50,50,1,-1,-1,-1
994,1,734,1011,50,50,1,-1,-1,-1
995,1,745,1012,50,50,1,-1,-1,-1
996,1,756,1014,50,50,1,-1,-1,-1
997,1,765,1023,50,50,1,-1,-1,-1
998,1,758,1025,50,50,1,-1,-1,-1
999,1,752,1015,50,50,1,-1,-1,-1
1000,1,733,1010,50,50,1,-1,-1,-1
1001,1,701,1004,50,50,1,-1,-1,-1
1002,1,673,1001,50,50,1,-1,-1,-1
1003,1,651,999,50,50,1,-1,-1,-1
1004,1,590,985,50,50,1,-1,-1,-1
1005,1,530,994,50,50,1,-1,-1,-1
1006,1,489,998,50,50,1,-1,-1,-1
1007,1,455,990,50,50,1,-1,-1,-1
1008,1,425,1000,50,50,1,-1,-1,-1
1009,1,417,1016,50,50,1,-1,-1,-1
1010,1,417,1032,50,50,1,-1,-1,-1
1011,1,411,1036,50,50,1,-1,-1,-1
1012,1,401,1020,50,50,1,-1,-1,-1
1013,1,418,1008,50,50,1,-1,-1,-1
1014,1,431,1004,50,50,1,-1,-1,-1
1015,1,428,1017,50,50,1,-1,-1,-1
1016,1,429,1037,50,50,1,-1,-1,-1
1017,1,420,1057,50,50,1,-1,-1,-1
1018,1,423,1091,50,50,1,-1,-1,-1
1019,1,426,1128,50,50,1,-1,-1,-1
1020,1,428,1151,50,50,1,-1,-1,-1
1021,1,430,1173,50,50,1,-1,-1,-1
1022,1,433,1189,50,50,1,-1,-1,-1
1023,1,436,1202,50,50,1,-1,-1,-1
1024,1,440,1213,50,50,1,-1,-1,-1
1025,1,442,1222,50,50,1,-1,-1,-1
1026,1,445,1228,50,50,1,-1,-1,-1
1027,1,446,1230,50,50,1,-1,-1,-1
1028,1,442,1231,50,50,1,-1,-1,-1
1029,1,439,1231,50,50,1,-1,-1,-1
1030,1,438,1230,50,50,1,-1,-1,-1
1031,1,440,1228,50,50,1,-1,-1,-1
1032,1,442,1225,50,50,1,-1,-1,-1
1033,1,443,1224,50,50,1,-1,-1,-1
1034,1,443,1223,50,50,1,-1,-1,-1
1035,1,443,1223,50,50,1,-1,-1,-1
1036,1,443,1222,50,50,1,-1,-1,-1
1037,1,443,1223,50,50,1,-1,-1,-1
1038,1,443,1223,50,50,1,-1,-1,-1
1039,1,444,1223,50,50,1,-1,-1,-1
1040,1,445,1223,50,50,1,-1,-1,-1
1041,1,446,1222,50,50,1,-1,-1,-1
1042,1,447,1222,50,50,1,-1,-1,-1
1043,1,448,1222,50,50,1,-1,-1,-1
1044,1,448,1221,50,50,1,-1,-1,-1
