2,1,495,1213,50,50,1,-1,-1,-1
2,2,629,1218,50,50,1,-1,-1,-1
2,3,505,1210,50,50,1,-1,-1,-1
3,1,494,1214,50,50,1,-1,-1,-1
3,2,626,1218,50,50,1,-1,-1,-1
3,3,505,1211,50,50,1,-1,-1,-1
4,1,494,1214,50,50,1,-1,-1,-1
4,2,627,1234,50,50,1,-1,-1,-1
4,3,505,1212,50,50,1,-1,-1,-1
5,1,495,1214,50,50,1,-1,-1,-1
5,2,626,1217,50,50,1,-1,-1,-1
5,3,505,1212,50,50,1,-1,-1,-1
6,1,495,1214,50,50,1,-1,-1,-1
6,2,629,1203,50,50,1,-1,-1,-1
6,3,505,1212,50,50,1,-1,-1,-1
7,1,496,1214,50,50,1,-1,-1,-1
7,2,630,1200,50,50,1,-1,-1,-1
7,3,506,1212,50,50,1,-1,-1,-1
8,1,496,1213,50,50,1,-1,-1,-1
8,2,629,1207,50,50,1,-1,-1,-1
8,3,506,1212,50,50,1,-1,-1,-1
9,1,497,1214,50,50,1,-1,-1,-1
9,2,629,1200,50,50,1,-1,-1,-1
9,3,507,1213,50,50,1,-1,-1,-1
10,1,497,1215,50,50,1,-1,-1,-1
10,2,627,1190,50,50,1,-1,-1,-1
10,3,507,1212,50,50,1,-1,-1,-1
11,1,497,1215,50,50,1,-1,-1,-1
11,2,625,1176,50,50,1,-1,-1,-1
11,3,487,1216,50,50,1,-1,-1,-1
12,1,498,1216,50,50,1,-1,-1,-1
12,2,621,1160,50,50,1,-1,-1,-1
12,3,491,1192,50,50,1,-1,-1,-1
13,1,498,1217,50,50,1,-1,-1,-1
13,2,622,1142,50,50,1,-1,-1,-1
13,3,493,1176,50,50,1,-1,-1,-1
14,1,500,1216,50,50,1,-1,-1,-1
14,2,624,1124,50,50,1,-1,-1,-1
14,3,494,1193,50,50,1,-1,-1,-1
15,1,503,1214,50,50,1,-1,-1,-1
15,2,625,1112,50,50,1,-1,-1,-1
15,3,491,1215,50,50,1,-1,-1,-1
16,1,507,1206,50,50,1,-1,-1,-1
16,2,626,1108,50,50,1,-1,-1,-1
16,3,491,1239,50,50,1,-1,-1,-1
17,1,512,1192,50,50,1,-1,-1,-1
17,2,621,1112,50,50,1,-1,-1,-1
17,3,494,1146,50,50,1,-1,-1,-1
18,1,517,1164,50,50,1,-1,-1,-1
18,2,623,1113,50,50,1,-1,-1,-1
18,3,496,1127,50,50,1,-1,-1,-1
19,1,512,1139,50,50,1,-1,-1,-1
19,2,630,1116,50,50,1,-1,-1,-1
19,3,497,1158,50,50,1,-1,-1,-1
20,1,522,1055,50,50,1,-1,-1,-1
20,2,628,1124,50,50,1,-1,-1,-1
20,3,621,1149,50,50,1,-1,-1,-1
21,1,525,1003,50,50,1,-1,-1,-1
21,2,625,1137,50,50,1,-1,-1,-1
21,3,639,1133,50,50,1,-1,-1,-1
22,1,527,962,50,50,1,-1,-1,-1
22,2,622,1152,50,50,1,-1,-1,-1
22,3,635,1148,50,50,1,-1,-1,-1
23,1,533,914,50,50,1,-1,-1,-1
23,2,624,1164,50,50,1,-1,-1,-1
23,3,510,977,50,50,1,-1,-1,-1
24,1,537,883,50,50,1,-1,-1,-1
24,2,619,1179,50,50,1,-1,-1,-1
24,3,537,896,50,50,1,-1,-1,-1
25,1,545,843,50,50,1,-1,-1,-1
25,2,617,1192,50,50,1,-1,-1,-1
25,3,504,978,50,50,1,-1,-1,-1
26,1,552,815,50,50,1,-1,-1,-1
26,2,616,1202,50,50,1,-1,-1,-1
26,3,530,1013,50,50,1,-1,-1,-1
27,1,559,792,50,50,1,-1,-1,-1
27,2,615,1207,50,50,1,-1,-1,-1
27,3,525,1039,50,50,1,-1,-1,-1
28,1,568,774,50,50,1,-1,-1,-1
28,2,612,1203,50,50,1,-1,-1,-1
28,3,515,1061,50,50,1,-1,-1,-1
29,1,576,764,50,50,1,-1,-1,-1
29,2,604,1192,50,50,1,-1,-1,-1
29,3,525,1065,50,50,1,-1,-1,-1
30,1,583,759,50,50,1,-1,-1,-1
30,2,592,1173,50,50,1,-1,-1,-1
30,3,508,1054,50,50,1,-1,-1,-1
31,1,590,759,50,50,1,-1,-1,-1
31,2,578,1139,50,50,1,-1,-1,-1
31,3,507,1072,50,50,1,-1,-1,-1
32,1,596,763,50,50,1,-1,-1,-1
32,2,570,1097,50,50,1,-1,-1,-1
32,3,509,1094,50,50,1,-1,-1,-1
33,1,604,776,50,50,1,-1,-1,-1
33,2,562,1046,50,50,1,-1,-1,-1
33,3,508,1118,50,50,1,-1,-1,-1
34,1,612,792,50,50,1,-1,-1,-1
34,2,554,999,50,50,1,-1,-1,-1
34,3,503,1143,50,50,1,-1,-1,-1
35,1,620,815,50,50,1,-1,-1,-1
35,2,549,958,50,50,1,-1,-1,-1
35,3,504,1165,50,50,1,-1,-1,-1
36,1,629,844,50,50,1,-1,-1,-1
36,2,542,919,50,50,1,-1,-1,-1
36,3,505,1186,50,50,1,-1,-1,-1
37,1,639,877,50,50,1,-1,-1,-1
37,2,534,886,50,50,1,-1,-1,-1
37,3,507,1201,50,50,1,-1,-1,-1
38,1,649,918,50,50,1,-1,-1,-1
38,2,524,861,50,50,1,-1,-1,-1
38,3,509,1210,50,50,1,-1,-1,-1
39,1,660,957,50,50,1,-1,-1,-1
39,2,516,834,50,50,1,-1,-1,-1
39,3,515,1212,50,50,1,-1,-1,-1
40,1,672,982,50,50,1,-1,-1,-1
40,2,511,819,50,50,1,-1,-1,-1
40,3,524,1207,50,50,1,-1,-1,-1
41,1,682,1000,50,50,1,-1,-1,-1
41,2,507,809,50,50,1,-1,-1,-1
41,3,535,1193,50,50,1,-1,-1,-1
42,1,698,1019,50,50,1,-1,-1,-1
42,2,501,804,50,50,1,-1,-1,-1
42,3,547,1171,50,50,1,-1,-1,-1
43,1,685,1041,50,50,1,-1,-1,-1
43,2,497,805,50,50,1,-1,-1,-1
43,3,557,1132,50,50,1,-1,-1,-1
44,1,677,1063,50,50,1,-1,-1,-1
44,2,492,806,50,50,1,-1,-1,-1
44,3,561,1076,50,50,1,-1,-1,-1
45,1,679,1089,50,50,1,-1,-1,-1
45,2,479,809,50,50,1,-1,-1,-1
45,3,563,1019,50,50,1,-1,-1,-1
46,1,670,1108,50,50,1,-1,-1,-1
46,2,474,826,50,50,1,-1,-1,-1
46,3,560,973,50,50,1,-1,-1,-1
47,1,658,1126,50,50,1,-1,-1,-1
47,2,479,858,50,50,1,-1,-1,-1
47,3,561,924,50,50,1,-1,-1,-1
48,1,647,1147,50,50,1,-1,-1,-1
48,2,479,905,50,50,1,-1,-1,-1
48,3,562,887,50,50,1,-1,-1,-1
49,1,641,1164,50,50,1,-1,-1,-1
49,2,480,935,50,50,1,-1,-1,-1
49,3,565,846,50,50,1,-1,-1,-1
50,1,635,1178,50,50,1,-1,-1,-1
50,2,477,973,50,50,1,-1,-1,-1
50,3,569,817,50,50,1,-1,-1,-1
51,1,629,1189,50,50,1,-1,-1,-1
51,2,461,997,50,50,1,-1,-1,-1
51,3,570,791,50,50,1,-1,-1,-1
52,1,624,1198,50,50,1,-1,-1,-1
52,2,434,1011,50,50,1,-1,-1,-1
52,3,577,765,50,50,1,-1,-1,-1
53,1,616,1202,50,50,1,-1,-1,-1
53,2,432,1034,50,50,1,-1,-1,-1
53,3,577,753,50,50,1,-1,-1,-1
54,1,608,1200,50,50,1,-1,-1,-1
54,2,434,1042,50,50,1,-1,-1,-1
54,3,580,743,50,50,1,-1,-1,-1
55,1,598,1189,50,50,1,-1,-1,-1
55,2,437,1053,50,50,1,-1,-1,-1
55,3,583,741,50,50,1,-1,-1,-1
56,1,580,1180,50,50,1,-1,-1,-1
56,2,461,1050,50,50,1,-1,-1,-1
56,3,587,743,50,50,1,-1,-1,-1
57,1,573,1156,50,50,1,-1,-1,-1
57,2,465,1068,50,50,1,-1,-1,-1
57,3,589,748,50,50,1,-1,-1,-1
58,1,576,1118,50,50,1,-1,-1,-1
58,2,460,1079,50,50,1,-1,-1,-1
58,3,594,760,50,50,1,-1,-1,-1
59,1,541,1046,50,50,1,-1,-1,-1
59,2,461,1091,50,50,1,-1,-1,-1
59,3,599,780,50,50,1,-1,-1,-1
60,1,553,979,50,50,1,-1,-1,-1
60,2,462,1105,50,50,1,-1,-1,-1
60,3,602,803,50,50,1,-1,-1,-1
61,1,594,951,50,50,1,-1,-1,-1
61,2,468,1121,50,50,1,-1,-1,-1
61,3,607,832,50,50,1,-1,-1,-1
62,1,619,935,50,50,1,-1,-1,-1
62,2,481,1182,50,50,1,-1,-1,-1
62,3,613,867,50,50,1,-1,-1,-1
63,1,627,925,50,50,1,-1,-1,-1
63,2,490,1214,50,50,1,-1,-1,-1
63,3,618,906,50,50,1,-1,-1,-1
64,1,623,920,50,50,1,-1,-1,-1
64,2,495,1227,50,50,1,-1,-1,-1
64,3,647,931,50,50,1,-1,-1,-1
65,1,526,813,50,50,1,-1,-1,-1
65,2,492,1241,50,50,1,-1,-1,-1
65,3,657,932,50,50,1,-1,-1,-1
66,1,512,803,50,50,1,-1,-1,-1
66,2,501,1237,50,50,1,-1,-1,-1
66,3,662,941,50,50,1,-1,-1,-1
67,1,518,784,50,50,1,-1,-1,-1
67,2,515,1227,50,50,1,-1,-1,-1
67,3,669,949,50,50,1,-1,-1,-1
68,1,516,779,50,50,1,-1,-1,-1
68,2,510,1217,50,50,1,-1,-1,-1
68,3,655,965,50,50,1,-1,-1,-1
69,1,513,778,50,50,1,-1,-1,-1
69,2,525,1201,50,50,1,-1,-1,-1
69,3,662,983,50,50,1,-1,-1,-1
70,1,510,782,50,50,1,-1,-1,-1
70,2,541,1169,50,50,1,-1,-1,-1
70,3,666,1005,50,50,1,-1,-1,-1
71,1,506,795,50,50,1,-1,-1,-1
71,2,577,1095,50,50,1,-1,-1,-1
71,3,670,1030,50,50,1,-1,-1,-1
72,1,503,812,50,50,1,-1,-1,-1
72,2,584,1048,50,50,1,-1,-1,-1
72,3,671,1059,50,50,1,-1,-1,-1
73,1,500,830,50,50,1,-1,-1,-1
73,2,564,966,50,50,1,-1,-1,-1
73,3,675,1096,50,50,1,-1,-1,-1
74,1,499,857,50,50,1,-1,-1,-1
74,2,566,921,50,50,1,-1,-1,-1
74,3,670,1131,50,50,1,-1,-1,-1
75,1,499,889,50,50,1,-1,-1,-1
75,2,577,894,50,50,1,-1,-1,-1
75,3,664,1157,50,50,1,-1,-1,-1
76,1,497,925,50,50,1,-1,-1,-1
76,2,580,861,50,50,1,-1,-1,-1
76,3,659,1177,50,50,1,-1,-1,-1
77,1,489,945,50,50,1,-1,-1,-1
77,2,583,832,50,50,1,-1,-1,-1
77,3,652,1192,50,50,1,-1,-1,-1
78,1,474,963,50,50,1,-1,-1,-1
78,2,588,806,50,50,1,-1,-1,-1
78,3,642,1201,50,50,1,-1,-1,-1
79,1,481,971,50,50,1,-1,-1,-1
79,2,589,767,50,50,1,-1,-1,-1
79,3,632,1201,50,50,1,-1,-1,-1
80,1,494,978,50,50,1,-1,-1,-1
80,2,593,754,50,50,1,-1,-1,-1
80,3,618,1191,50,50,1,-1,-1,-1
81,1,495,994,50,50,1,-1,-1,-1
81,2,598,747,50,50,1,-1,-1,-1
81,3,604,1173,50,50,1,-1,-1,-1
82,1,499,1012,50,50,1,-1,-1,-1
82,2,604,745,50,50,1,-1,-1,-1
82,3,589,1144,50,50,1,-1,-1,-1
83,1,501,1034,50,50,1,-1,-1,-1
83,2,609,748,50,50,1,-1,-1,-1
83,3,574,1127,50,50,1,-1,-1,-1
84,1,499,1058,50,50,1,-1,-1,-1
84,2,613,754,50,50,1,-1,-1,-1
84,3,564,1077,50,50,1,-1,-1,-1
85,1,502,1083,50,50,1,-1,-1,-1
85,2,610,760,50,50,1,-1,-1,-1
85,3,560,992,50,50,1,-1,-1,-1
86,1,503,1110,50,50,1,-1,-1,-1
86,2,618,781,50,50,1,-1,-1,-1
86,3,554,946,50,50,1,-1,-1,-1
87,1,501,1137,50,50,1,-1,-1,-1
87,2,634,813,50,50,1,-1,-1,-1
87,3,546,925,50,50,1,-1,-1,-1
88,1,499,1163,50,50,1,-1,-1,-1
88,2,641,844,50,50,1,-1,-1,-1
88,3,538,889,50,50,1,-1,-1,-1
89,1,495,1185,50,50,1,-1,-1,-1
89,2,649,879,50,50,1,-1,-1,-1
89,3,522,837,50,50,1,-1,-1,-1
90,1,493,1201,50,50,1,-1,-1,-1
90,2,657,915,50,50,1,-1,-1,-1
90,3,516,817,50,50,1,-1,-1,-1
91,1,496,1207,50,50,1,-1,-1,-1
91,2,659,933,50,50,1,-1,-1,-1
91,3,507,796,50,50,1,-1,-1,-1
92,1,502,1206,50,50,1,-1,-1,-1
92,2,503,781,50,50,1,-1,-1,-1
92,3,499,770,50,50,1,-1,-1,-1
93,1,512,1198,50,50,1,-1,-1,-1
93,2,497,775,50,50,1,-1,-1,-1
93,3,500,762,50,50,1,-1,-1,-1
94,1,523,1174,50,50,1,-1,-1,-1
94,2,484,760,50,50,1,-1,-1,-1
94,3,491,772,50,50,1,-1,-1,-1
95,1,535,1138,50,50,1,-1,-1,-1
95,2,477,765,50,50,1,-1,-1,-1
95,3,485,776,50,50,1,-1,-1,-1
96,1,538,1077,50,50,1,-1,-1,-1
96,2,479,784,50,50,1,-1,-1,-1
96,3,470,775,50,50,1,-1,-1,-1
97,1,543,1027,50,50,1,-1,-1,-1
97,2,473,799,50,50,1,-1,-1,-1
97,3,462,791,50,50,1,-1,-1,-1
98,1,542,976,50,50,1,-1,-1,-1
98,2,468,820,50,50,1,-1,-1,-1
98,3,455,813,50,50,1,-1,-1,-1
99,1,547,929,50,50,1,-1,-1,-1
99,2,462,846,50,50,1,-1,-1,-1
99,3,447,843,50,50,1,-1,-1,-1
100,1,552,890,50,50,1,-1,-1,-1
100,2,458,878,50,50,1,-1,-1,-1
100,3,461,956,50,50,1,-1,-1,-1
101,1,560,851,50,50,1,-1,-1,-1
101,2,453,914,50,50,1,-1,-1,-1
101,3,488,1008,50,50,1,-1,-1,-1
102,1,568,817,50,50,1,-1,-1,-1
102,2,448,955,50,50,1,-1,-1,-1
102,3,496,978,50,50,1,-1,-1,-1
103,1,575,790,50,50,1,-1,-1,-1
103,2,442,981,50,50,1,-1,-1,-1
103,3,416,977,50,50,1,-1,-1,-1
104,1,583,766,50,50,1,-1,-1,-1
104,2,435,1001,50,50,1,-1,-1,-1
104,3,423,1037,50,50,1,-1,-1,-1
105,1,587,751,50,50,1,-1,-1,-1
105,2,434,1016,50,50,1,-1,-1,-1
105,3,460,1012,50,50,1,-1,-1,-1
106,1,594,743,50,50,1,-1,-1,-1
106,2,440,1030,50,50,1,-1,-1,-1
106,3,421,1043,50,50,1,-1,-1,-1
107,1,598,737,50,50,1,-1,-1,-1
107,2,443,1047,50,50,1,-1,-1,-1
107,3,426,1061,50,50,1,-1,-1,-1
108,1,597,729,50,50,1,-1,-1,-1
108,2,448,1064,50,50,1,-1,-1,-1
108,3,463,1061,50,50,1,-1,-1,-1
109,1,605,736,50,50,1,-1,-1,-1
109,2,453,1070,50,50,1,-1,-1,-1
109,3,477,1085,50,50,1,-1,-1,-1
110,1,622,759,50,50,1,-1,-1,-1
110,2,454,1078,50,50,1,-1,-1,-1
110,3,482,1106,50,50,1,-1,-1,-1
111,1,640,796,50,50,1,-1,-1,-1
111,2,457,1089,50,50,1,-1,-1,-1
111,3,486,1121,50,50,1,-1,-1,-1
112,1,650,822,50,50,1,-1,-1,-1
112,2,459,1101,50,50,1,-1,-1,-1
112,3,490,1141,50,50,1,-1,-1,-1
113,1,649,832,50,50,1,-1,-1,-1
113,2,478,1152,50,50,1,-1,-1,-1
113,3,493,1161,50,50,1,-1,-1,-1
114,1,659,868,50,50,1,-1,-1,-1
114,2,478,1182,50,50,1,-1,-1,-1
114,3,494,1197,50,50,1,-1,-1,-1
115,1,670,910,50,50,1,-1,-1,-1
115,2,482,1196,50,50,1,-1,-1,-1
115,3,481,1220,50,50,1,-1,-1,-1
116,1,677,951,50,50,1,-1,-1,-1
116,2,488,1204,50,50,1,-1,-1,-1
116,3,491,1225,50,50,1,-1,-1,-1
117,1,695,972,50,50,1,-1,-1,-1
117,2,498,1206,50,50,1,-1,-1,-1
117,3,509,1215,50,50,1,-1,-1,-1
118,1,699,980,50,50,1,-1,-1,-1
118,2,508,1203,50,50,1,-1,-1,-1
118,3,523,1192,50,50,1,-1,-1,-1
119,1,691,989,50,50,1,-1,-1,-1
119,2,519,1191,50,50,1,-1,-1,-1
119,3,491,1209,50,50,1,-1,-1,-1
120,1,685,1000,50,50,1,-1,-1,-1
120,2,528,1171,50,50,1,-1,-1,-1
120,3,509,1197,50,50,1,-1,-1,-1
121,1,675,1014,50,50,1,-1,-1,-1
121,2,540,1136,50,50,1,-1,-1,-1
121,3,518,1175,50,50,1,-1,-1,-1
122,1,671,1033,50,50,1,-1,-1,-1
122,2,560,1091,50,50,1,-1,-1,-1
122,3,530,1133,50,50,1,-1,-1,-1
123,1,675,1058,50,50,1,-1,-1,-1
123,2,562,1052,50,50,1,-1,-1,-1
123,3,537,1077,50,50,1,-1,-1,-1
124,1,665,1082,50,50,1,-1,-1,-1
124,2,566,1013,50,50,1,-1,-1,-1
124,3,561,1025,50,50,1,-1,-1,-1
125,1,652,1109,50,50,1,-1,-1,-1
125,2,555,997,50,50,1,-1,-1,-1
125,3,553,950,50,50,1,-1,-1,-1
126,1,644,1130,50,50,1,-1,-1,-1
126,2,535,989,50,50,1,-1,-1,-1
126,3,551,892,50,50,1,-1,-1,-1
127,1,635,1149,50,50,1,-1,-1,-1
127,2,515,989,50,50,1,-1,-1,-1
127,3,554,836,50,50,1,-1,-1,-1
128,1,629,1166,50,50,1,-1,-1,-1
128,2,497,1019,50,50,1,-1,-1,-1
128,3,551,819,50,50,1,-1,-1,-1
129,1,624,1181,50,50,1,-1,-1,-1
129,2,479,1003,50,50,1,-1,-1,-1
129,3,566,799,50,50,1,-1,-1,-1
130,1,618,1202,50,50,1,-1,-1,-1
130,2,445,1026,50,50,1,-1,-1,-1
130,3,573,777,50,50,1,-1,-1,-1
131,1,600,1197,50,50,1,-1,-1,-1
131,2,437,1040,50,50,1,-1,-1,-1
131,3,578,762,50,50,1,-1,-1,-1
132,1,591,1192,50,50,1,-1,-1,-1
132,2,437,1054,50,50,1,-1,-1,-1
132,3,583,754,50,50,1,-1,-1,-1
133,1,596,1187,50,50,1,-1,-1,-1
133,2,443,1067,50,50,1,-1,-1,-1
133,3,588,751,50,50,1,-1,-1,-1
134,1,591,1159,50,50,1,-1,-1,-1
134,2,446,1079,50,50,1,-1,-1,-1
134,3,593,754,50,50,1,-1,-1,-1
135,1,551,1086,50,50,1,-1,-1,-1
135,2,445,1082,50,50,1,-1,-1,-1
135,3,599,761,50,50,1,-1,-1,-1
136,1,557,1021,50,50,1,-1,-1,-1
136,2,446,1087,50,50,1,-1,-1,-1
136,3,604,774,50,50,1,-1,-1,-1
137,1,584,964,50,50,1,-1,-1,-1
137,2,449,1092,50,50,1,-1,-1,-1
137,3,611,793,50,50,1,-1,-1,-1
138,1,601,947,50,50,1,-1,-1,-1
138,2,453,1101,50,50,1,-1,-1,-1
138,3,618,818,50,50,1,-1,-1,-1
139,1,626,943,50,50,1,-1,-1,-1
139,2,454,1109,50,50,1,-1,-1,-1
139,3,626,850,50,50,1,-1,-1,-1
140,1,643,949,50,50,1,-1,-1,-1
140,2,459,1117,50,50,1,-1,-1,-1
140,3,633,885,50,50,1,-1,-1,-1
141,1,657,956,50,50,1,-1,-1,-1
141,2,463,1165,50,50,1,-1,-1,-1
141,3,643,931,50,50,1,-1,-1,-1
142,1,671,973,50,50,1,-1,-1,-1
142,2,479,1193,50,50,1,-1,-1,-1
142,3,648,961,50,50,1,-1,-1,-1
143,1,493,1183,50,50,1,-1,-1,-1
143,2,500,1192,50,50,1,-1,-1,-1
143,3,664,976,50,50,1,-1,-1,-1
144,1,491,1203,50,50,1,-1,-1,-1
144,2,506,1194,50,50,1,-1,-1,-1
144,3,667,987,50,50,1,-1,-1,-1
145,1,513,1190,50,50,1,-1,-1,-1
145,2,498,1200,50,50,1,-1,-1,-1
145,3,667,998,50,50,1,-1,-1,-1
146,1,507,1186,50,50,1,-1,-1,-1
146,2,485,1205,50,50,1,-1,-1,-1
146,3,664,1010,50,50,1,-1,-1,-1
147,1,498,1186,50,50,1,-1,-1,-1
147,2,518,1155,50,50,1,-1,-1,-1
147,3,663,1025,50,50,1,-1,-1,-1
148,1,510,1148,50,50,1,-1,-1,-1
148,2,524,1100,50,50,1,-1,-1,-1
148,3,669,1041,50,50,1,-1,-1,-1
149,1,514,1091,50,50,1,-1,-1,-1
149,2,521,1039,50,50,1,-1,-1,-1
149,3,675,1063,50,50,1,-1,-1,-1
150,1,523,1037,50,50,1,-1,-1,-1
150,2,524,986,50,50,1,-1,-1,-1
150,3,679,1077,50,50,1,-1,-1,-1
151,1,530,1004,50,50,1,-1,-1,-1
151,2,525,937,50,50,1,-1,-1,-1
151,3,656,1093,50,50,1,-1,-1,-1
152,1,516,996,50,50,1,-1,-1,-1
152,2,528,893,50,50,1,-1,-1,-1
152,3,625,1118,50,50,1,-1,-1,-1
153,1,492,993,50,50,1,-1,-1,-1
153,2,532,858,50,50,1,-1,-1,-1
153,3,624,1124,50,50,1,-1,-1,-1
154,1,471,986,50,50,1,-1,-1,-1
154,2,535,819,50,50,1,-1,-1,-1
154,3,629,1135,50,50,1,-1,-1,-1
155,1,418,993,50,50,1,-1,-1,-1
155,2,542,788,50,50,1,-1,-1,-1
155,3,629,1153,50,50,1,-1,-1,-1
156,1,407,1011,50,50,1,-1,-1,-1
156,2,546,763,50,50,1,-1,-1,-1
156,3,628,1158,50,50,1,-1,-1,-1
157,1,404,1026,50,50,1,-1,-1,-1
157,2,555,739,50,50,1,-1,-1,-1
157,3,621,1169,50,50,1,-1,-1,-1
158,1,409,1039,50,50,1,-1,-1,-1
158,2,560,729,50,50,1,-1,-1,-1
158,3,615,1179,50,50,1,-1,-1,-1
159,1,416,1051,50,50,1,-1,-1,-1
159,2,562,721,50,50,1,-1,-1,-1
159,3,609,1195,50,50,1,-1,-1,-1
160,1,423,1063,50,50,1,-1,-1,-1
160,2,561,710,50,50,1,-1,-1,-1
160,3,579,1193,50,50,1,-1,-1,-1
161,1,427,1070,50,50,1,-1,-1,-1
161,2,567,714,50,50,1,-1,-1,-1
161,3,570,1175,50,50,1,-1,-1,-1
162,1,438,1074,50,50,1,-1,-1,-1
162,2,575,723,50,50,1,-1,-1,-1
162,3,581,1157,50,50,1,-1,-1,-1
163,1,438,1077,50,50,1,-1,-1,-1
163,2,589,750,50,50,1,-1,-1,-1
163,3,560,1110,50,50,1,-1,-1,-1
164,1,452,1126,50,50,1,-1,-1,-1
164,2,604,788,50,50,1,-1,-1,-1
164,3,537,1049,50,50,1,-1,-1,-1
165,1,473,1140,50,50,1,-1,-1,-1
165,2,609,815,50,50,1,-1,-1,-1
165,3,533,1002,50,50,1,-1,-1,-1
166,1,479,1143,50,50,1,-1,-1,-1
166,2,611,831,50,50,1,-1,-1,-1
166,3,552,967,50,50,1,-1,-1,-1
167,1,485,1155,50,50,1,-1,-1,-1
167,2,620,870,50,50,1,-1,-1,-1
167,3,582,948,50,50,1,-1,-1,-1
168,1,491,1169,50,50,1,-1,-1,-1
168,2,629,914,50,50,1,-1,-1,-1
168,3,626,941,50,50,1,-1,-1,-1
169,1,497,1180,50,50,1,-1,-1,-1
169,2,635,952,50,50,1,-1,-1,-1
169,3,612,965,50,50,1,-1,-1,-1
170,1,502,1186,50,50,1,-1,-1,-1
170,2,648,970,50,50,1,-1,-1,-1
170,3,502,798,50,50,1,-1,-1,-1
171,1,510,1188,50,50,1,-1,-1,-1
171,2,659,978,50,50,1,-1,-1,-1
171,3,491,766,50,50,1,-1,-1,-1
172,1,519,1183,50,50,1,-1,-1,-1
172,2,662,989,50,50,1,-1,-1,-1
172,3,491,765,50,50,1,-1,-1,-1
173,1,516,1180,50,50,1,-1,-1,-1
173,2,660,1001,50,50,1,-1,-1,-1
173,3,486,758,50,50,1,-1,-1,-1
174,1,493,1177,50,50,1,-1,-1,-1
174,2,660,1016,50,50,1,-1,-1,-1
174,3,474,747,50,50,1,-1,-1,-1
175,1,499,1139,50,50,1,-1,-1,-1
175,2,658,1031,50,50,1,-1,-1,-1
175,3,468,753,50,50,1,-1,-1,-1
176,1,520,1105,50,50,1,-1,-1,-1
176,2,653,1049,50,50,1,-1,-1,-1
176,3,462,765,50,50,1,-1,-1,-1
177,1,533,1029,50,50,1,-1,-1,-1
177,2,644,1070,50,50,1,-1,-1,-1
177,3,457,782,50,50,1,-1,-1,-1
178,1,539,958,50,50,1,-1,-1,-1
178,2,631,1097,50,50,1,-1,-1,-1
178,3,448,808,50,50,1,-1,-1,-1
179,1,543,914,50,50,1,-1,-1,-1
179,2,625,1119,50,50,1,-1,-1,-1
179,3,442,840,50,50,1,-1,-1,-1
180,1,548,882,50,50,1,-1,-1,-1
180,2,621,1139,50,50,1,-1,-1,-1
180,3,438,870,50,50,1,-1,-1,-1
181,1,560,841,50,50,1,-1,-1,-1
181,2,613,1158,50,50,1,-1,-1,-1
181,3,450,912,50,50,1,-1,-1,-1
182,1,565,815,50,50,1,-1,-1,-1
182,2,609,1172,50,50,1,-1,-1,-1
182,3,447,958,50,50,1,-1,-1,-1
183,1,571,791,50,50,1,-1,-1,-1
183,2,605,1183,50,50,1,-1,-1,-1
183,3,439,993,50,50,1,-1,-1,-1
184,1,578,773,50,50,1,-1,-1,-1
184,2,601,1190,50,50,1,-1,-1,-1
184,3,423,1023,50,50,1,-1,-1,-1
185,1,583,762,50,50,1,-1,-1,-1
185,2,595,1189,50,50,1,-1,-1,-1
185,3,417,1043,50,50,1,-1,-1,-1
186,1,590,757,50,50,1,-1,-1,-1
186,2,586,1183,50,50,1,-1,-1,-1
186,3,418,1053,50,50,1,-1,-1,-1
187,1,596,758,50,50,1,-1,-1,-1
187,2,580,1172,50,50,1,-1,-1,-1
187,3,443,1054,50,50,1,-1,-1,-1
188,1,602,761,50,50,1,-1,-1,-1
188,2,569,1145,50,50,1,-1,-1,-1
188,3,447,1074,50,50,1,-1,-1,-1
189,1,603,761,50,50,1,-1,-1,-1
189,2,549,1082,50,50,1,-1,-1,-1
189,3,441,1111,50,50,1,-1,-1,-1
190,1,619,789,50,50,1,-1,-1,-1
190,2,555,1016,50,50,1,-1,-1,-1
190,3,455,1123,50,50,1,-1,-1,-1
191,1,627,812,50,50,1,-1,-1,-1
191,2,595,963,50,50,1,-1,-1,-1
191,3,471,1129,50,50,1,-1,-1,-1
192,1,637,841,50,50,1,-1,-1,-1
192,2,613,948,50,50,1,-1,-1,-1
192,3,485,1161,50,50,1,-1,-1,-1
193,1,646,876,50,50,1,-1,-1,-1
193,2,618,943,50,50,1,-1,-1,-1
193,3,480,1180,50,50,1,-1,-1,-1
194,1,657,917,50,50,1,-1,-1,-1
194,2,632,958,50,50,1,-1,-1,-1
194,3,473,1167,50,50,1,-1,-1,-1
195,1,664,954,50,50,1,-1,-1,-1
195,2,624,972,50,50,1,-1,-1,-1
195,3,466,1168,50,50,1,-1,-1,-1
196,1,670,983,50,50,1,-1,-1,-1
196,2,651,971,50,50,1,-1,-1,-1
196,3,486,1185,50,50,1,-1,-1,-1
197,1,671,991,50,50,1,-1,-1,-1
197,2,687,986,50,50,1,-1,-1,-1
197,3,506,1195,50,50,1,-1,-1,-1
198,1,683,990,50,50,1,-1,-1,-1
198,2,516,1172,50,50,1,-1,-1,-1
198,3,516,1189,50,50,1,-1,-1,-1
199,1,673,999,50,50,1,-1,-1,-1
199,2,489,1190,50,50,1,-1,-1,-1
199,3,516,1165,50,50,1,-1,-1,-1
200,1,654,1013,50,50,1,-1,-1,-1
200,2,526,1136,50,50,1,-1,-1,-1
200,3,495,1164,50,50,1,-1,-1,-1
201,1,644,1045,50,50,1,-1,-1,-1
201,2,532,1084,50,50,1,-1,-1,-1
201,3,516,1131,50,50,1,-1,-1,-1
202,1,638,1063,50,50,1,-1,-1,-1
202,2,528,1027,50,50,1,-1,-1,-1
202,3,535,1052,50,50,1,-1,-1,-1
203,1,647,1069,50,50,1,-1,-1,-1
203,2,530,973,50,50,1,-1,-1,-1
203,3,544,991,50,50,1,-1,-1,-1
204,1,658,1074,50,50,1,-1,-1,-1
204,2,532,929,50,50,1,-1,-1,-1
204,3,534,952,50,50,1,-1,-1,-1
205,1,641,1118,50,50,1,-1,-1,-1
205,2,534,889,50,50,1,-1,-1,-1
205,3,534,906,50,50,1,-1,-1,-1
206,1,619,1144,50,50,1,-1,-1,-1
206,2,540,846,50,50,1,-1,-1,-1
206,3,429,892,50,50,1,-1,-1,-1
207,1,608,1167,50,50,1,-1,-1,-1
207,2,541,813,50,50,1,-1,-1,-1
207,3,407,964,50,50,1,-1,-1,-1
208,1,615,1177,50,50,1,-1,-1,-1
208,2,545,787,50,50,1,-1,-1,-1
208,3,404,981,50,50,1,-1,-1,-1
209,1,619,1174,50,50,1,-1,-1,-1
209,2,550,764,50,50,1,-1,-1,-1
209,3,417,981,50,50,1,-1,-1,-1
210,1,607,1194,50,50,1,-1,-1,-1
210,2,557,741,50,50,1,-1,-1,-1
210,3,444,992,50,50,1,-1,-1,-1
211,1,585,1204,50,50,1,-1,-1,-1
211,2,561,732,50,50,1,-1,-1,-1
211,3,450,1012,50,50,1,-1,-1,-1
212,1,579,1195,50,50,1,-1,-1,-1
212,2,566,728,50,50,1,-1,-1,-1
212,3,454,1029,50,50,1,-1,-1,-1
213,1,569,1178,50,50,1,-1,-1,-1
213,2,571,728,50,50,1,-1,-1,-1
213,3,431,1047,50,50,1,-1,-1,-1
214,1,558,1150,50,50,1,-1,-1,-1
214,2,576,733,50,50,1,-1,-1,-1
214,3,433,1062,50,50,1,-1,-1,-1
215,1,549,1109,50,50,1,-1,-1,-1
215,2,582,743,50,50,1,-1,-1,-1
215,3,432,1076,50,50,1,-1,-1,-1
216,1,545,1016,50,50,1,-1,-1,-1
216,2,589,761,50,50,1,-1,-1,-1
216,3,435,1089,50,50,1,-1,-1,-1
217,1,539,961,50,50,1,-1,-1,-1
217,2,595,786,50,50,1,-1,-1,-1
217,3,453,1140,50,50,1,-1,-1,-1
218,1,532,919,50,50,1,-1,-1,-1
218,2,601,814,50,50,1,-1,-1,-1
218,3,477,1165,50,50,1,-1,-1,-1
219,1,522,883,50,50,1,-1,-1,-1
219,2,607,849,50,50,1,-1,-1,-1
219,3,477,1181,50,50,1,-1,-1,-1
220,1,509,840,50,50,1,-1,-1,-1
220,2,615,889,50,50,1,-1,-1,-1
220,3,483,1183,50,50,1,-1,-1,-1
221,1,502,813,50,50,1,-1,-1,-1
221,2,622,930,50,50,1,-1,-1,-1
221,3,492,1171,50,50,1,-1,-1,-1
222,1,495,788,50,50,1,-1,-1,-1
222,2,632,952,50,50,1,-1,-1,-1
222,3,496,1178,50,50,1,-1,-1,-1
223,1,489,768,50,50,1,-1,-1,-1
223,2,644,961,50,50,1,-1,-1,-1
223,3,502,1193,50,50,1,-1,-1,-1
224,1,484,756,50,50,1,-1,-1,-1
224,2,647,973,50,50,1,-1,-1,-1
224,3,495,1209,50,50,1,-1,-1,-1
225,1,478,749,50,50,1,-1,-1,-1
225,2,650,989,50,50,1,-1,-1,-1
225,3,496,1204,50,50,1,-1,-1,-1
226,1,471,748,50,50,1,-1,-1,-1
226,2,653,1006,50,50,1,-1,-1,-1
226,3,481,1186,50,50,1,-1,-1,-1
227,1,465,752,50,50,1,-1,-1,-1
227,2,651,1024,50,50,1,-1,-1,-1
227,3,493,1158,50,50,1,-1,-1,-1
228,1,459,762,50,50,1,-1,-1,-1
228,2,653,1043,50,50,1,-1,-1,-1
228,3,515,1118,50,50,1,-1,-1,-1
229,1,453,777,50,50,1,-1,-1,-1
229,2,648,1062,50,50,1,-1,-1,-1
229,3,520,1067,50,50,1,-1,-1,-1
230,1,448,798,50,50,1,-1,-1,-1
230,2,633,1086,50,50,1,-1,-1,-1
230,3,522,1030,50,50,1,-1,-1,-1
231,1,443,825,50,50,1,-1,-1,-1
231,2,625,1117,50,50,1,-1,-1,-1
231,3,533,999,50,50,1,-1,-1,-1
232,1,439,857,50,50,1,-1,-1,-1
232,2,620,1152,50,50,1,-1,-1,-1
232,3,517,980,50,50,1,-1,-1,-1
233,1,435,895,50,50,1,-1,-1,-1
233,2,609,1158,50,50,1,-1,-1,-1
233,3,494,978,50,50,1,-1,-1,-1
234,1,431,939,50,50,1,-1,-1,-1
234,2,604,1173,50,50,1,-1,-1,-1
234,3,474,982,50,50,1,-1,-1,-1
235,1,430,969,50,50,1,-1,-1,-1
235,2,600,1185,50,50,1,-1,-1,-1
235,3,455,969,50,50,1,-1,-1,-1
236,1,420,988,50,50,1,-1,-1,-1
236,2,596,1193,50,50,1,-1,-1,-1
236,3,439,984,50,50,1,-1,-1,-1
237,1,414,1005,50,50,1,-1,-1,-1
237,2,590,1194,50,50,1,-1,-1,-1
237,3,400,1014,50,50,1,-1,-1,-1
238,1,419,1022,50,50,1,-1,-1,-1
238,2,581,1187,50,50,1,-1,-1,-1
238,3,402,1030,50,50,1,-1,-1,-1
239,1,397,1049,50,50,1,-1,-1,-1
239,2,581,1178,50,50,1,-1,-1,-1
239,3,422,1040,50,50,1,-1,-1,-1
240,1,562,1149,50,50,1,-1,-1,-1
240,2,580,1163,50,50,1,-1,-1,-1
240,3,427,1057,50,50,1,-1,-1,-1
241,1,581,1103,50,50,1,-1,-1,-1
241,2,585,1123,50,50,1,-1,-1,-1
241,3,431,1070,50,50,1,-1,-1,-1
242,1,558,1027,50,50,1,-1,-1,-1
242,2,565,1071,50,50,1,-1,-1,-1
242,3,439,1076,50,50,1,-1,-1,-1
243,1,552,976,50,50,1,-1,-1,-1
243,2,551,1025,50,50,1,-1,-1,-1
243,3,442,1087,50,50,1,-1,-1,-1
244,1,545,928,50,50,1,-1,-1,-1
244,2,557,991,50,50,1,-1,-1,-1
244,3,446,1098,50,50,1,-1,-1,-1
245,1,536,889,50,50,1,-1,-1,-1
245,2,584,955,50,50,1,-1,-1,-1
245,3,450,1110,50,50,1,-1,-1,-1
246,1,522,851,50,50,1,-1,-1,-1
246,2,637,933,50,50,1,-1,-1,-1
246,3,469,1174,50,50,1,-1,-1,-1
247,1,516,820,50,50,1,-1,-1,-1
247,2,671,918,50,50,1,-1,-1,-1
247,3,479,1203,50,50,1,-1,-1,-1
248,1,509,793,50,50,1,-1,-1,-1
248,2,673,935,50,50,1,-1,-1,-1
248,3,487,1209,50,50,1,-1,-1,-1
249,1,502,773,50,50,1,-1,-1,-1
249,2,681,956,50,50,1,-1,-1,-1
249,3,498,1210,50,50,1,-1,-1,-1
250,1,498,757,50,50,1,-1,-1,-1
250,2,686,966,50,50,1,-1,-1,-1
250,3,500,1210,50,50,1,-1,-1,-1
251,1,491,749,50,50,1,-1,-1,-1
251,2,686,977,50,50,1,-1,-1,-1
251,3,511,1199,50,50,1,-1,-1,-1
252,1,486,747,50,50,1,-1,-1,-1
252,2,685,990,50,50,1,-1,-1,-1
252,3,532,1176,50,50,1,-1,-1,-1
253,1,481,750,50,50,1,-1,-1,-1
253,2,682,1004,50,50,1,-1,-1,-1
253,3,535,1146,50,50,1,-1,-1,-1
254,1,474,758,50,50,1,-1,-1,-1
254,2,678,1020,50,50,1,-1,-1,-1
254,3,530,1105,50,50,1,-1,-1,-1
255,1,468,772,50,50,1,-1,-1,-1
255,2,672,1038,50,50,1,-1,-1,-1
255,3,557,1034,50,50,1,-1,-1,-1
256,1,463,793,50,50,1,-1,-1,-1
256,2,662,1060,50,50,1,-1,-1,-1
256,3,556,988,50,50,1,-1,-1,-1
257,1,459,819,50,50,1,-1,-1,-1
257,2,642,1090,50,50,1,-1,-1,-1
257,3,538,966,50,50,1,-1,-1,-1
258,1,454,850,50,50,1,-1,-1,-1
258,2,632,1126,50,50,1,-1,-1,-1
258,3,518,959,50,50,1,-1,-1,-1
259,1,450,889,50,50,1,-1,-1,-1
259,2,638,1154,50,50,1,-1,-1,-1
259,3,494,959,50,50,1,-1,-1,-1
260,1,446,933,50,50,1,-1,-1,-1
260,2,629,1177,50,50,1,-1,-1,-1
260,3,456,944,50,50,1,-1,-1,-1
261,1,447,961,50,50,1,-1,-1,-1
261,2,612,1182,50,50,1,-1,-1,-1
261,3,414,984,50,50,1,-1,-1,-1
262,1,459,981,50,50,1,-1,-1,-1
262,2,608,1195,50,50,1,-1,-1,-1
262,3,408,1001,50,50,1,-1,-1,-1
263,1,607,1191,50,50,1,-1,-1,-1
263,2,602,1201,50,50,1,-1,-1,-1
263,3,437,989,50,50,1,-1,-1,-1
264,1,629,1205,50,50,1,-1,-1,-1
264,2,594,1199,50,50,1,-1,-1,-1
264,3,439,1001,50,50,1,-1,-1,-1
265,1,600,1187,50,50,1,-1,-1,-1
265,2,595,1202,50,50,1,-1,-1,-1
265,3,440,1014,50,50,1,-1,-1,-1
266,1,586,1187,50,50,1,-1,-1,-1
266,2,601,1183,50,50,1,-1,-1,-1
266,3,440,1029,50,50,1,-1,-1,-1
267,1,577,1130,50,50,1,-1,-1,-1
267,2,577,1151,50,50,1,-1,-1,-1
267,3,442,1047,50,50,1,-1,-1,-1
268,1,569,1075,50,50,1,-1,-1,-1
268,2,573,1103,50,50,1,-1,-1,-1
268,3,451,1069,50,50,1,-1,-1,-1
269,1,563,1019,50,50,1,-1,-1,-1
269,2,555,1059,50,50,1,-1,-1,-1
269,3,456,1095,50,50,1,-1,-1,-1
270,1,553,970,50,50,1,-1,-1,-1
270,2,581,963,50,50,1,-1,-1,-1
270,3,457,1117,50,50,1,-1,-1,-1
271,1,546,925,50,50,1,-1,-1,-1
271,2,634,836,50,50,1,-1,-1,-1
271,3,461,1143,50,50,1,-1,-1,-1
272,1,541,872,50,50,1,-1,-1,-1
272,2,643,874,50,50,1,-1,-1,-1
272,3,461,1162,50,50,1,-1,-1,-1
273,1,521,852,50,50,1,-1,-1,-1
273,2,628,958,50,50,1,-1,-1,-1
273,3,463,1179,50,50,1,-1,-1,-1
274,1,514,821,50,50,1,-1,-1,-1
274,2,635,963,50,50,1,-1,-1,-1
274,3,468,1193,50,50,1,-1,-1,-1
275,1,503,779,50,50,1,-1,-1,-1
275,2,667,960,50,50,1,-1,-1,-1
275,3,474,1202,50,50,1,-1,-1,-1
276,1,502,764,50,50,1,-1,-1,-1
276,2,676,964,50,50,1,-1,-1,-1
276,3,483,1206,50,50,1,-1,-1,-1
277,1,513,767,50,50,1,-1,-1,-1
277,2,675,969,50,50,1,-1,-1,-1
277,3,494,1203,50,50,1,-1,-1,-1
278,1,487,758,50,50,1,-1,-1,-1
278,2,677,972,50,50,1,-1,-1,-1
278,3,507,1195,50,50,1,-1,-1,-1
279,1,473,746,50,50,1,-1,-1,-1
279,2,676,977,50,50,1,-1,-1,-1
279,3,520,1175,50,50,1,-1,-1,-1
280,1,466,752,50,50,1,-1,-1,-1
280,2,681,982,50,50,1,-1,-1,-1
280,3,531,1146,50,50,1,-1,-1,-1
281,1,459,764,50,50,1,-1,-1,-1
281,2,678,989,50,50,1,-1,-1,-1
281,3,538,1100,50,50,1,-1,-1,-1
282,1,452,781,50,50,1,-1,-1,-1
282,2,676,997,50,50,1,-1,-1,-1
282,3,540,1043,50,50,1,-1,-1,-1
283,1,443,804,50,50,1,-1,-1,-1
283,2,676,1009,50,50,1,-1,-1,-1
283,3,544,983,50,50,1,-1,-1,-1
284,1,437,832,50,50,1,-1,-1,-1
284,2,675,1022,50,50,1,-1,-1,-1
284,3,547,940,50,50,1,-1,-1,-1
285,1,446,872,50,50,1,-1,-1,-1
285,2,675,1036,50,50,1,-1,-1,-1
285,3,556,908,50,50,1,-1,-1,-1
286,1,448,928,50,50,1,-1,-1,-1
286,2,675,1053,50,50,1,-1,-1,-1
286,3,557,871,50,50,1,-1,-1,-1
287,1,445,981,50,50,1,-1,-1,-1
287,2,677,1079,50,50,1,-1,-1,-1
287,3,568,813,50,50,1,-1,-1,-1
288,1,404,995,50,50,1,-1,-1,-1
288,2,681,1106,50,50,1,-1,-1,-1
288,3,576,778,50,50,1,-1,-1,-1
289,1,401,1018,50,50,1,-1,-1,-1
289,2,689,1129,50,50,1,-1,-1,-1
289,3,581,753,50,50,1,-1,-1,-1
290,1,403,1028,50,50,1,-1,-1,-1
290,2,681,1132,50,50,1,-1,-1,-1
290,3,585,734,50,50,1,-1,-1,-1
291,1,427,1014,50,50,1,-1,-1,-1
291,2,668,1121,50,50,1,-1,-1,-1
291,3,593,723,50,50,1,-1,-1,-1
292,1,428,1022,50,50,1,-1,-1,-1
292,2,669,1118,50,50,1,-1,-1,-1
292,3,599,714,50,50,1,-1,-1,-1
293,1,433,1029,50,50,1,-1,-1,-1
293,2,673,1109,50,50,1,-1,-1,-1
293,3,607,711,50,50,1,-1,-1,-1
294,1,434,1035,50,50,1,-1,-1,-1
294,2,679,1097,50,50,1,-1,-1,-1
294,3,615,714,50,50,1,-1,-1,-1
295,1,437,1042,50,50,1,-1,-1,-1
295,2,688,1080,50,50,1,-1,-1,-1
295,3,623,723,50,50,1,-1,-1,-1
296,1,439,1048,50,50,1,-1,-1,-1
296,2,698,1064,50,50,1,-1,-1,-1
296,3,632,737,50,50,1,-1,-1,-1
297,1,447,1052,50,50,1,-1,-1,-1
297,2,709,1052,50,50,1,-1,-1,-1
297,3,641,757,50,50,1,-1,-1,-1
298,1,453,1055,50,50,1,-1,-1,-1
298,2,720,1043,50,50,1,-1,-1,-1
298,3,650,783,50,50,1,-1,-1,-1
299,1,455,1058,50,50,1,-1,-1,-1
299,2,730,1038,50,50,1,-1,-1,-1
299,3,660,814,50,50,1,-1,-1,-1
300,1,458,1060,50,50,1,-1,-1,-1
300,2,739,1038,50,50,1,-1,-1,-1
300,3,670,851,50,50,1,-1,-1,-1
301,1,459,1062,50,50,1,-1,-1,-1
301,2,746,1043,50,50,1,-1,-1,-1
301,3,681,894,50,50,1,-1,-1,-1
302,1,459,1063,50,50,1,-1,-1,-1
302,2,752,1048,50,50,1,-1,-1,-1
302,3,692,943,50,50,1,-1,-1,-1
303,1,460,1066,50,50,1,-1,-1,-1
303,2,753,1050,50,50,1,-1,-1,-1
303,3,703,998,50,50,1,-1,-1,-1
304,1,459,1067,50,50,1,-1,-1,-1
304,2,750,1045,50,50,1,-1,-1,-1
304,3,707,1039,50,50,1,-1,-1,-1
305,1,451,1064,50,50,1,-1,-1,-1
305,2,746,1048,50,50,1,-1,-1,-1
305,3,721,1049,50,50,1,-1,-1,-1
306,1,442,1067,50,50,1,-1,-1,-1
306,2,754,1037,50,50,1,-1,-1,-1
306,3,739,1043,50,50,1,-1,-1,-1
307,1,441,1088,50,50,1,-1,-1,-1
307,2,737,1040,50,50,1,-1,-1,-1
307,3,746,1029,50,50,1,-1,-1,-1
308,1,440,1088,50,50,1,-1,-1,-1
308,2,725,1053,50,50,1,-1,-1,-1
308,3,751,1033,50,50,1,-1,-1,-1
309,1,440,1089,50,50,1,-1,-1,-1
309,2,728,1059,50,50,1,-1,-1,-1
309,3,751,1032,50,50,1,-1,-1,-1
310,1,440,1089,50,50,1,-1,-1,-1
310,2,730,1059,50,50,1,-1,-1,-1
310,3,752,1031,50,50,1,-1,-1,-1
311,1,449,1065,50,50,1,-1,-1,-1
311,2,739,1066,50,50,1,-1,-1,-1
311,3,746,1024,50,50,1,-1,-1,-1
312,1,456,1070,50,50,1,-1,-1,-1
312,2,743,1055,50,50,1,-1,-1,-1
312,3,752,1030,50,50,1,-1,-1,-1
313,1,455,1069,50,50,1,-1,-1,-1
313,2,745,1043,50,50,1,-1,-1,-1
313,3,753,1032,50,50,1,-1,-1,-1
314,1,455,1069,50,50,1,-1,-1,-1
314,2,741,1042,50,50,1,-1,-1,-1
314,3,754,1034,50,50,1,-1,-1,-1
315,1,455,1069,50,50,1,-1,-1,-1
315,2,742,1044,50,50,1,-1,-1,-1
315,3,755,1036,50,50,1,-1,-1,-1
316,1,455,1069,50,50,1,-1,-1,-1
316,2,741,1044,50,50,1,-1,-1,-1
316,3,749,1030,50,50,1,-1,-1,-1
317,1,455,1069,50,50,1,-1,-1,-1
317,2,740,1044,50,50,1,-1,-1,-1
317,3,749,1030,50,50,1,-1,-1,-1
318,1,456,1070,50,50,1,-1,-1,-1
318,2,745,1046,50,50,1,-1,-1,-1
318,3,756,1038,50,50,1,-1,-1,-1
