2,1,687,1147,50,50,1,-1,-1,-1
2,2,470,1144,50,50,1,-1,-1,-1
2,3,712,1162,50,50,1,-1,-1,-1
3,1,684,1153,50,50,1,-1,-1,-1
3,2,471,1144,50,50,1,-1,-1,-1
3,3,705,1171,50,50,1,-1,-1,-1
4,1,682,1159,50,50,1,-1,-1,-1
4,2,485,1155,50,50,1,-1,-1,-1
4,3,702,1177,50,50,1,-1,-1,-1
5,1,678,1165,50,50,1,-1,-1,-1
5,2,481,1155,50,50,1,-1,-1,-1
5,3,701,1183,50,50,1,-1,-1,-1
6,1,673,1171,50,50,1,-1,-1,-1
6,2,472,1145,50,50,1,-1,-1,-1
6,3,694,1192,50,50,1,-1,-1,-1
7,1,667,1174,50,50,1,-1,-1,-1
7,2,472,1146,50,50,1,-1,-1,-1
7,3,686,1197,50,50,1,-1,-1,-1
8,1,662,1175,50,50,1,-1,-1,-1
8,2,471,1146,50,50,1,-1,-1,-1
9,1,658,1174,50,50,1,-1,-1,-1
9,2,473,1146,50,50,1,-1,-1,-1
9,3,659,1195,50,50,1,-1,-1,-1
10,1,655,1173,50,50,1,-1,-1,-1
10,2,473,1146,50,50,1,-1,-1,-1
10,3,643,1178,50,50,1,-1,-1,-1
11,1,652,1171,50,50,1,-1,-1,-1
11,2,471,1145,50,50,1,-1,-1,-1
11,3,645,1191,50,50,1,-1,-1,-1
12,1,650,1169,50,50,1,-1,-1,-1
12,2,470,1143,50,50,1,-1,-1,-1
12,3,667,1193,50,50,1,-1,-1,-1
13,1,650,1167,50,50,1,-1,-1,-1
13,2,470,1143,50,50,1,-1,-1,-1
13,3,649,1187,50,50,1,-1,-1,-1
14,1,649,1167,50,50,1,-1,-1,-1
14,2,470,1143,50,50,1,-1,-1,-1
14,3,619,1165,50,50,1,-1,-1,-1
15,1,650,1166,50,50,1,-1,-1,-1
15,2,469,1143,50,50,1,-1,-1,-1
15,3,629,1165,50,50,1,-1,-1,-1
16,1,651,1166,50,50,1,-1,-1,-1
16,2,469,1143,50,50,1,-1,-1,-1
16,3,652,1157,50,50,1,-1,-1,-1
17,1,653,1166,50,50,1,-1,-1,-1
17,2,469,1143,50,50,1,-1,-1,-1
17,3,653,1156,50,50,1,-1,-1,-1
18,1,652,1166,50,50,1,-1,-1,-1
18,2,469,1143,50,50,1,-1,-1,-1
18,3,654,1157,50,50,1,-1,-1,-1
19,1,655,1166,50,50,1,-1,-1,-1
19,2,470,1143,50,50,1,-1,-1,-1
19,3,655,1157,50,50,1,-1,-1,-1
20,1,655,1166,50,50,1,-1,-1,-1
20,2,470,1143,50,50,1,-1,-1,-1
20,3,657,1157,50,50,1,-1,-1,-1
21,1,657,1167,50,50,1,-1,-1,-1
21,2,470,1143,50,50,1,-1,-1,-1
21,3,657,1158,50,50,1,-1,-1,-1
22,1,658,1167,50,50,1,-1,-1,-1
22,2,471,1143,50,50,1,-1,-1,-1
22,3,658,1158,50,50,1,-1,-1,-1
23,1,657,1167,50,50,1,-1,-1,-1
23,2,471,1144,50,50,1,-1,-1,-1
23,3,647,1177,50,50,1,-1,-1,-1
24,1,657,1168,50,50,1,-1,-1,-1
24,2,472,1144,50,50,1,-1,-1,-1
24,3,650,1189,50,50,1,-1,-1,-1
25,1,658,1169,50,50,1,-1,-1,-1
25,2,472,1144,50,50,1,-1,-1,-1
25,3,650,1190,50,50,1,-1,-1,-1
26,1,657,1170,50,50,1,-1,-1,-1
26,2,472,1144,50,50,1,-1,-1,-1
26,3,649,1191,50,50,1,-1,-1,-1
27,1,657,1171,50,50,1,-1,-1,-1
27,2,471,1145,50,50,1,-1,-1,-1
27,3,647,1191,50,50,1,-1,-1,-1
28,1,654,1172,50,50,1,-1,-1,-1
28,2,473,1146,50,50,1,-1,-1,-1
28,3,644,1183,50,50,1,-1,-1,-1
29,1,653,1174,50,50,1,-1,-1,-1
29,2,473,1146,50,50,1,-1,-1,-1
29,3,630,1173,50,50,1,-1,-1,-1
30,1,650,1175,50,50,1,-1,-1,-1
30,2,474,1146,50,50,1,-1,-1,-1
30,3,621,1173,50,50,1,-1,-1,-1
31,1,650,1178,50,50,1,-1,-1,-1
31,2,474,1147,50,50,1,-1,-1,-1
31,3,621,1167,50,50,1,-1,-1,-1
32,1,647,1179,50,50,1,-1,-1,-1
32,2,474,1147,50,50,1,-1,-1,-1
32,3,623,1175,50,50,1,-1,-1,-1
33,1,644,1181,50,50,1,-1,-1,-1
33,2,474,1148,50,50,1,-1,-1,-1
33,3,622,1183,50,50,1,-1,-1,-1
34,1,640,1181,50,50,1,-1,-1,-1
34,2,474,1147,50,50,1,-1,-1,-1
34,3,625,1189,50,50,1,-1,-1,-1
35,1,634,1174,50,50,1,-1,-1,-1
35,2,474,1147,50,50,1,-1,-1,-1
35,3,632,1195,50,50,1,-1,-1,-1
36,1,629,1161,50,50,1,-1,-1,-1
36,2,474,1147,50,50,1,-1,-1,-1
36,3,616,1174,50,50,1,-1,-1,-1
37,1,612,1153,50,50,1,-1,-1,-1
37,2,474,1146,50,50,1,-1,-1,-1
37,3,604,1128,50,50,1,-1,-1,-1
38,1,617,1123,50,50,1,-1,-1,-1
38,2,474,1146,50,50,1,-1,-1,-1
38,3,590,1086,50,50,1,-1,-1,-1
39,1,637,1069,50,50,1,-1,-1,-1
39,2,474,1145,50,50,1,-1,-1,-1
39,3,594,1065,50,50,1,-1,-1,-1
40,1,643,1013,50,50,1,-1,-1,-1
40,2,474,1143,50,50,1,-1,-1,-1
40,3,597,1029,50,50,1,-1,-1,-1
41,1,624,950,50,50,1,-1,-1,-1
41,2,473,1142,50,50,1,-1,-1,-1
41,3,618,927,50,50,1,-1,-1,-1
42,1,617,881,50,50,1,-1,-1,-1
42,2,472,1141,50,50,1,-1,-1,-1
42,3,624,897,50,50,1,-1,-1,-1
43,1,617,841,50,50,1,-1,-1,-1
43,2,473,1140,50,50,1,-1,-1,-1
43,3,625,857,50,50,1,-1,-1,-1
44,1,618,807,50,50,1,-1,-1,-1
44,2,472,1140,50,50,1,-1,-1,-1
44,3,627,821,50,50,1,-1,-1,-1
45,1,619,779,50,50,1,-1,-1,-1
45,2,472,1139,50,50,1,-1,-1,-1
45,3,627,793,50,50,1,-1,-1,-1
46,1,620,756,50,50,1,-1,-1,-1
46,2,472,1138,50,50,1,-1,-1,-1
46,3,626,772,50,50,1,-1,-1,-1
47,1,622,740,50,50,1,-1,-1,-1
47,2,471,1137,50,50,1,-1,-1,-1
47,3,628,755,50,50,1,-1,-1,-1
48,1,625,730,50,50,1,-1,-1,-1
48,2,470,1138,50,50,1,-1,-1,-1
48,3,630,742,50,50,1,-1,-1,-1
49,1,626,723,50,50,1,-1,-1,-1
49,2,469,1140,50,50,1,-1,-1,-1
49,3,617,713,50,50,1,-1,-1,-1
50,1,629,723,50,50,1,-1,-1,-1
50,2,470,1142,50,50,1,-1,-1,-1
50,3,621,712,50,50,1,-1,-1,-1
51,1,631,729,50,50,1,-1,-1,-1
51,2,471,1145,50,50,1,-1,-1,-1
51,3,622,718,50,50,1,-1,-1,-1
52,1,635,740,50,50,1,-1,-1,-1
52,2,471,1148,50,50,1,-1,-1,-1
52,3,623,732,50,50,1,-1,-1,-1
53,1,638,757,50,50,1,-1,-1,-1
53,2,472,1152,50,50,1,-1,-1,-1
53,3,630,746,50,50,1,-1,-1,-1
54,1,642,779,50,50,1,-1,-1,-1
54,2,473,1157,50,50,1,-1,-1,-1
54,3,644,800,50,50,1,-1,-1,-1
55,1,646,808,50,50,1,-1,-1,-1
55,2,473,1163,50,50,1,-1,-1,-1
55,3,650,828,50,50,1,-1,-1,-1
56,1,651,841,50,50,1,-1,-1,-1
56,2,473,1169,50,50,1,-1,-1,-1
56,3,652,864,50,50,1,-1,-1,-1
57,1,655,881,50,50,1,-1,-1,-1
57,2,478,1177,50,50,1,-1,-1,-1
57,3,656,904,50,50,1,-1,-1,-1
58,1,661,926,50,50,1,-1,-1,-1
58,2,483,1186,50,50,1,-1,-1,-1
58,3,668,950,50,50,1,-1,-1,-1
59,1,658,958,50,50,1,-1,-1,-1
59,2,490,1193,50,50,1,-1,-1,-1
59,3,703,961,50,50,1,-1,-1,-1
60,1,668,968,50,50,1,-1,-1,-1
60,2,502,1196,50,50,1,-1,-1,-1
60,3,696,965,50,50,1,-1,-1,-1
61,1,696,977,50,50,1,-1,-1,-1
61,2,517,1195,50,50,1,-1,-1,-1
61,3,669,977,50,50,1,-1,-1,-1
62,1,694,987,50,50,1,-1,-1,-1
62,2,536,1187,50,50,1,-1,-1,-1
62,3,656,1001,50,50,1,-1,-1,-1
63,1,690,994,50,50,1,-1,-1,-1
63,2,557,1168,50,50,1,-1,-1,-1
63,3,654,1010,50,50,1,-1,-1,-1
64,1,665,1004,50,50,1,-1,-1,-1
64,2,576,1136,50,50,1,-1,-1,-1
64,3,653,1019,50,50,1,-1,-1,-1
65,1,685,1014,50,50,1,-1,-1,-1
65,2,599,1105,50,50,1,-1,-1,-1
65,3,664,1014,50,50,1,-1,-1,-1
66,1,652,1034,50,50,1,-1,-1,-1
66,2,583,1067,50,50,1,-1,-1,-1
66,3,667,1022,50,50,1,-1,-1,-1
67,1,690,1030,50,50,1,-1,-1,-1
67,2,519,997,50,50,1,-1,-1,-1
67,3,667,1030,50,50,1,-1,-1,-1
68,1,653,1051,50,50,1,-1,-1,-1
68,2,466,881,50,50,1,-1,-1,-1
68,3,668,1035,50,50,1,-1,-1,-1
69,1,559,972,50,50,1,-1,-1,-1
69,2,564,828,50,50,1,-1,-1,-1
69,3,670,1040,50,50,1,-1,-1,-1
70,1,479,948,50,50,1,-1,-1,-1
70,2,556,779,50,50,1,-1,-1,-1
70,3,673,1043,50,50,1,-1,-1,-1
71,1,442,1011,50,50,1,-1,-1,-1
71,2,540,731,50,50,1,-1,-1,-1
71,3,679,1045,50,50,1,-1,-1,-1
72,1,439,1036,50,50,1,-1,-1,-1
72,2,543,696,50,50,1,-1,-1,-1
72,3,683,1047,50,50,1,-1,-1,-1
73,1,462,1056,50,50,1,-1,-1,-1
73,2,537,662,50,50,1,-1,-1,-1
73,3,684,1047,50,50,1,-1,-1,-1
74,1,459,1082,50,50,1,-1,-1,-1
74,2,532,634,50,50,1,-1,-1,-1
74,3,690,1048,50,50,1,-1,-1,-1
75,1,452,1102,50,50,1,-1,-1,-1
75,2,528,612,50,50,1,-1,-1,-1
75,3,691,1048,50,50,1,-1,-1,-1
76,1,483,1147,50,50,1,-1,-1,-1
76,2,524,595,50,50,1,-1,-1,-1
76,3,694,1048,50,50,1,-1,-1,-1
77,1,495,1166,50,50,1,-1,-1,-1
77,2,520,585,50,50,1,-1,-1,-1
77,3,696,1048,50,50,1,-1,-1,-1
78,1,495,1183,50,50,1,-1,-1,-1
78,2,516,580,50,50,1,-1,-1,-1
78,3,695,1047,50,50,1,-1,-1,-1
79,1,492,1196,50,50,1,-1,-1,-1
79,2,513,580,50,50,1,-1,-1,-1
79,3,697,1046,50,50,1,-1,-1,-1
80,1,541,1190,50,50,1,-1,-1,-1
80,2,510,586,50,50,1,-1,-1,-1
80,3,696,1044,50,50,1,-1,-1,-1
81,1,570,1162,50,50,1,-1,-1,-1
81,2,507,598,50,50,1,-1,-1,-1
81,3,696,1045,50,50,1,-1,-1,-1
82,1,584,1133,50,50,1,-1,-1,-1
82,2,504,616,50,50,1,-1,-1,-1
82,3,696,1046,50,50,1,-1,-1,-1
83,1,565,1115,50,50,1,-1,-1,-1
83,2,502,640,50,50,1,-1,-1,-1
83,3,695,1048,50,50,1,-1,-1,-1
84,1,588,1050,50,50,1,-1,-1,-1
84,2,501,669,50,50,1,-1,-1,-1
84,3,693,1052,50,50,1,-1,-1,-1
85,1,576,948,50,50,1,-1,-1,-1
85,2,499,705,50,50,1,-1,-1,-1
85,3,689,1056,50,50,1,-1,-1,-1
86,1,576,903,50,50,1,-1,-1,-1
86,2,498,746,50,50,1,-1,-1,-1
86,3,687,1063,50,50,1,-1,-1,-1
87,1,588,880,50,50,1,-1,-1,-1
87,2,496,795,50,50,1,-1,-1,-1
87,3,685,1077,50,50,1,-1,-1,-1
88,1,586,818,50,50,1,-1,-1,-1
88,2,497,849,50,50,1,-1,-1,-1
88,3,680,1091,50,50,1,-1,-1,-1
89,1,588,782,50,50,1,-1,-1,-1
89,2,494,907,50,50,1,-1,-1,-1
89,3,673,1109,50,50,1,-1,-1,-1
90,1,591,752,50,50,1,-1,-1,-1
90,2,483,950,50,50,1,-1,-1,-1
90,3,659,1131,50,50,1,-1,-1,-1
91,1,593,729,50,50,1,-1,-1,-1
91,2,466,1005,50,50,1,-1,-1,-1
91,3,648,1154,50,50,1,-1,-1,-1
92,1,593,714,50,50,1,-1,-1,-1
92,2,465,1013,50,50,1,-1,-1,-1
92,3,642,1173,50,50,1,-1,-1,-1
93,1,597,703,50,50,1,-1,-1,-1
93,2,465,1023,50,50,1,-1,-1,-1
93,3,634,1188,50,50,1,-1,-1,-1
94,1,602,698,50,50,1,-1,-1,-1
94,2,467,1025,50,50,1,-1,-1,-1
94,3,623,1191,50,50,1,-1,-1,-1
95,1,606,698,50,50,1,-1,-1,-1
95,2,467,1037,50,50,1,-1,-1,-1
95,3,610,1185,50,50,1,-1,-1,-1
96,1,611,703,50,50,1,-1,-1,-1
96,2,498,1034,50,50,1,-1,-1,-1
96,3,597,1163,50,50,1,-1,-1,-1
97,1,617,715,50,50,1,-1,-1,-1
97,2,499,1048,50,50,1,-1,-1,-1
97,3,578,1123,50,50,1,-1,-1,-1
98,1,622,732,50,50,1,-1,-1,-1
98,2,498,1062,50,50,1,-1,-1,-1
98,3,575,1060,50,50,1,-1,-1,-1
99,1,628,754,50,50,1,-1,-1,-1
99,2,498,1079,50,50,1,-1,-1,-1
99,3,573,990,50,50,1,-1,-1,-1
100,1,635,782,50,50,1,-1,-1,-1
100,2,499,1091,50,50,1,-1,-1,-1
100,3,575,921,50,50,1,-1,-1,-1
101,1,641,817,50,50,1,-1,-1,-1
101,2,495,1101,50,50,1,-1,-1,-1
101,3,579,870,50,50,1,-1,-1,-1
102,1,648,857,50,50,1,-1,-1,-1
102,2,488,1109,50,50,1,-1,-1,-1
102,3,581,802,50,50,1,-1,-1,-1
103,1,655,898,50,50,1,-1,-1,-1
103,2,485,1115,50,50,1,-1,-1,-1
103,3,580,734,50,50,1,-1,-1,-1
104,1,661,929,50,50,1,-1,-1,-1
104,2,481,1120,50,50,1,-1,-1,-1
104,3,576,690,50,50,1,-1,-1,-1
105,1,653,954,50,50,1,-1,-1,-1
105,2,477,1124,50,50,1,-1,-1,-1
105,3,577,646,50,50,1,-1,-1,-1
106,1,686,968,50,50,1,-1,-1,-1
106,2,473,1125,50,50,1,-1,-1,-1
106,3,578,608,50,50,1,-1,-1,-1
107,1,701,994,50,50,1,-1,-1,-1
107,2,469,1128,50,50,1,-1,-1,-1
107,3,579,575,50,50,1,-1,-1,-1
108,1,697,1024,50,50,1,-1,-1,-1
108,2,467,1129,50,50,1,-1,-1,-1
108,3,581,549,50,50,1,-1,-1,-1
109,1,670,1055,50,50,1,-1,-1,-1
109,2,466,1128,50,50,1,-1,-1,-1
109,3,583,529,50,50,1,-1,-1,-1
110,1,642,1106,50,50,1,-1,-1,-1
110,2,463,1128,50,50,1,-1,-1,-1
110,3,586,514,50,50,1,-1,-1,-1
111,1,623,1151,50,50,1,-1,-1,-1
111,2,462,1127,50,50,1,-1,-1,-1
111,3,589,505,50,50,1,-1,-1,-1
112,1,625,1183,50,50,1,-1,-1,-1
112,2,462,1125,50,50,1,-1,-1,-1
112,3,592,502,50,50,1,-1,-1,-1
113,1,616,1190,50,50,1,-1,-1,-1
113,2,462,1123,50,50,1,-1,-1,-1
113,3,595,504,50,50,1,-1,-1,-1
114,1,607,1187,50,50,1,-1,-1,-1
114,2,462,1121,50,50,1,-1,-1,-1
114,3,599,512,50,50,1,-1,-1,-1
115,1,591,1175,50,50,1,-1,-1,-1
115,2,462,1119,50,50,1,-1,-1,-1
115,3,603,526,50,50,1,-1,-1,-1
116,1,575,1145,50,50,1,-1,-1,-1
116,2,463,1118,50,50,1,-1,-1,-1
116,3,607,545,50,50,1,-1,-1,-1
117,1,564,1110,50,50,1,-1,-1,-1
117,2,464,1117,50,50,1,-1,-1,-1
117,3,612,571,50,50,1,-1,-1,-1
118,1,557,1003,50,50,1,-1,-1,-1
118,2,466,1117,50,50,1,-1,-1,-1
118,3,617,603,50,50,1,-1,-1,-1
119,1,545,947,50,50,1,-1,-1,-1
119,2,467,1119,50,50,1,-1,-1,-1
119,3,622,640,50,50,1,-1,-1,-1
120,1,542,918,50,50,1,-1,-1,-1
120,2,470,1121,50,50,1,-1,-1,-1
120,3,628,684,50,50,1,-1,-1,-1
121,1,537,868,50,50,1,-1,-1,-1
121,2,471,1125,50,50,1,-1,-1,-1
121,3,634,733,50,50,1,-1,-1,-1
122,1,533,798,50,50,1,-1,-1,-1
122,2,477,1135,50,50,1,-1,-1,-1
122,3,641,789,50,50,1,-1,-1,-1
123,1,525,759,50,50,1,-1,-1,-1
123,2,482,1145,50,50,1,-1,-1,-1
123,3,648,851,50,50,1,-1,-1,-1
124,1,496,727,50,50,1,-1,-1,-1
124,2,485,1159,50,50,1,-1,-1,-1
124,3,654,902,50,50,1,-1,-1,-1
125,1,488,702,50,50,1,-1,-1,-1
125,2,488,1175,50,50,1,-1,-1,-1
125,3,646,928,50,50,1,-1,-1,-1
126,1,479,682,50,50,1,-1,-1,-1
126,2,494,1186,50,50,1,-1,-1,-1
126,3,662,938,50,50,1,-1,-1,-1
127,1,462,659,50,50,1,-1,-1,-1
127,2,514,1193,50,50,1,-1,-1,-1
127,3,647,961,50,50,1,-1,-1,-1
128,1,456,647,50,50,1,-1,-1,-1
128,2,514,1193,50,50,1,-1,-1,-1
128,3,647,961,50,50,1,-1,-1,-1
129,1,456,658,50,50,1,-1,-1,-1
129,2,492,1196,50,50,1,-1,-1,-1
129,3,648,974,50,50,1,-1,-1,-1
130,1,446,681,50,50,1,-1,-1,-1
130,2,510,1128,50,50,1,-1,-1,-1
130,3,648,1006,50,50,1,-1,-1,-1
131,1,446,681,50,50,1,-1,-1,-1
131,2,504,1060,50,50,1,-1,-1,-1
131,3,677,1043,50,50,1,-1,-1,-1
132,1,434,682,50,50,1,-1,-1,-1
132,2,530,1014,50,50,1,-1,-1,-1
132,3,648,1020,50,50,1,-1,-1,-1
133,1,407,723,50,50,1,-1,-1,-1
133,2,544,942,50,50,1,-1,-1,-1
133,3,650,1044,50,50,1,-1,-1,-1
134,1,400,756,50,50,1,-1,-1,-1
134,2,510,840,50,50,1,-1,-1,-1
134,3,650,1052,50,50,1,-1,-1,-1
135,1,419,777,50,50,1,-1,-1,-1
135,2,426,771,50,50,1,-1,-1,-1
135,3,650,1052,50,50,1,-1,-1,-1
136,1,405,840,50,50,1,-1,-1,-1
136,2,399,862,50,50,1,-1,-1,-1
136,3,653,1066,50,50,1,-1,-1,-1
137,1,398,931,50,50,1,-1,-1,-1
137,2,381,955,50,50,1,-1,-1,-1
137,3,657,1071,50,50,1,-1,-1,-1
138,1,381,955,50,50,1,-1,-1,-1
138,2,398,931,50,50,1,-1,-1,-1
138,3,657,1071,50,50,1,-1,-1,-1
139,1,381,982,50,50,1,-1,-1,-1
139,2,366,995,50,50,1,-1,-1,-1
139,3,664,1081,50,50,1,-1,-1,-1
140,1,384,1015,50,50,1,-1,-1,-1
140,2,370,1026,50,50,1,-1,-1,-1
140,3,673,1086,50,50,1,-1,-1,-1
141,1,395,1049,50,50,1,-1,-1,-1
141,2,664,1085,50,50,1,-1,-1,-1
141,3,676,1089,50,50,1,-1,-1,-1
142,1,405,1082,50,50,1,-1,-1,-1
142,2,681,1081,50,50,1,-1,-1,-1
142,3,678,1093,50,50,1,-1,-1,-1
143,1,407,1109,50,50,1,-1,-1,-1
143,2,661,1097,50,50,1,-1,-1,-1
143,3,679,1096,50,50,1,-1,-1,-1
144,1,449,1160,50,50,1,-1,-1,-1
144,2,661,1105,50,50,1,-1,-1,-1
144,3,681,1099,50,50,1,-1,-1,-1
145,1,471,1197,50,50,1,-1,-1,-1
145,2,662,1110,50,50,1,-1,-1,-1
145,3,682,1100,50,50,1,-1,-1,-1
146,1,479,1199,50,50,1,-1,-1,-1
146,2,509,1157,50,50,1,-1,-1,-1
146,3,672,1105,50,50,1,-1,-1,-1
147,1,498,1191,50,50,1,-1,-1,-1
147,2,476,1175,50,50,1,-1,-1,-1
147,3,673,1104,50,50,1,-1,-1,-1
148,1,511,1168,50,50,1,-1,-1,-1
148,2,497,1161,50,50,1,-1,-1,-1
148,3,673,1101,50,50,1,-1,-1,-1
149,1,507,1127,50,50,1,-1,-1,-1
149,2,525,1132,50,50,1,-1,-1,-1
149,3,672,1099,50,50,1,-1,-1,-1
150,1,552,1064,50,50,1,-1,-1,-1
150,2,534,1078,50,50,1,-1,-1,-1
150,3,671,1097,50,50,1,-1,-1,-1
151,1,534,962,50,50,1,-1,-1,-1
151,2,546,1019,50,50,1,-1,-1,-1
151,3,668,1097,50,50,1,-1,-1,-1
152,1,537,914,50,50,1,-1,-1,-1
152,2,554,968,50,50,1,-1,-1,-1
152,3,666,1098,50,50,1,-1,-1,-1
153,1,547,897,50,50,1,-1,-1,-1
153,2,537,919,50,50,1,-1,-1,-1
153,3,663,1101,50,50,1,-1,-1,-1
154,1,513,910,50,50,1,-1,-1,-1
154,2,497,894,50,50,1,-1,-1,-1
154,3,658,1106,50,50,1,-1,-1,-1
155,1,450,941,50,50,1,-1,-1,-1
155,2,455,888,50,50,1,-1,-1,-1
155,3,655,1114,50,50,1,-1,-1,-1
156,1,449,969,50,50,1,-1,-1,-1
156,2,412,910,50,50,1,-1,-1,-1
156,3,647,1127,50,50,1,-1,-1,-1
157,1,451,914,50,50,1,-1,-1,-1
157,2,403,933,50,50,1,-1,-1,-1
157,3,643,1141,50,50,1,-1,-1,-1
158,1,436,933,50,50,1,-1,-1,-1
158,2,409,960,50,50,1,-1,-1,-1
158,3,635,1159,50,50,1,-1,-1,-1
159,1,440,950,50,50,1,-1,-1,-1
159,2,610,1178,50,50,1,-1,-1,-1
159,3,628,1176,50,50,1,-1,-1,-1
160,1,448,965,50,50,1,-1,-1,-1
160,2,602,1190,50,50,1,-1,-1,-1
160,3,620,1189,50,50,1,-1,-1,-1
161,1,453,985,50,50,1,-1,-1,-1
161,2,603,1183,50,50,1,-1,-1,-1
161,3,609,1195,50,50,1,-1,-1,-1
162,1,452,1006,50,50,1,-1,-1,-1
162,2,615,1207,50,50,1,-1,-1,-1
162,3,595,1193,50,50,1,-1,-1,-1
163,1,453,1027,50,50,1,-1,-1,-1
163,2,580,1177,50,50,1,-1,-1,-1
163,3,574,1193,50,50,1,-1,-1,-1
164,1,454,1048,50,50,1,-1,-1,-1
164,2,561,1138,50,50,1,-1,-1,-1
164,3,563,1169,50,50,1,-1,-1,-1
165,1,457,1068,50,50,1,-1,-1,-1
165,2,551,1071,50,50,1,-1,-1,-1
165,3,466,1066,50,50,1,-1,-1,-1
166,1,461,1086,50,50,1,-1,-1,-1
166,2,543,1002,50,50,1,-1,-1,-1
166,3,531,1047,50,50,1,-1,-1,-1
167,1,463,1103,50,50,1,-1,-1,-1
167,2,542,938,50,50,1,-1,-1,-1
167,3,560,1016,50,50,1,-1,-1,-1
168,1,461,1111,50,50,1,-1,-1,-1
168,2,542,888,50,50,1,-1,-1,-1
168,3,565,978,50,50,1,-1,-1,-1
169,1,457,1118,50,50,1,-1,-1,-1
169,2,540,821,50,50,1,-1,-1,-1
169,3,567,935,50,50,1,-1,-1,-1
170,1,453,1121,50,50,1,-1,-1,-1
170,2,538,765,50,50,1,-1,-1,-1
170,3,585,933,50,50,1,-1,-1,-1
171,1,450,1123,50,50,1,-1,-1,-1
171,2,537,711,50,50,1,-1,-1,-1
171,3,605,947,50,50,1,-1,-1,-1
172,1,447,1125,50,50,1,-1,-1,-1
172,2,536,677,50,50,1,-1,-1,-1
172,3,623,970,50,50,1,-1,-1,-1
173,1,446,1125,50,50,1,-1,-1,-1
173,2,536,641,50,50,1,-1,-1,-1
173,3,647,1003,50,50,1,-1,-1,-1
174,1,444,1126,50,50,1,-1,-1,-1
174,2,535,611,50,50,1,-1,-1,-1
174,3,657,1056,50,50,1,-1,-1,-1
175,1,443,1127,50,50,1,-1,-1,-1
175,2,535,588,50,50,1,-1,-1,-1
175,3,628,1124,50,50,1,-1,-1,-1
176,1,443,1128,50,50,1,-1,-1,-1
176,2,536,569,50,50,1,-1,-1,-1
176,3,611,1151,50,50,1,-1,-1,-1
177,1,442,1127,50,50,1,-1,-1,-1
177,2,536,557,50,50,1,-1,-1,-1
177,3,605,1156,50,50,1,-1,-1,-1
178,1,441,1127,50,50,1,-1,-1,-1
178,2,537,551,50,50,1,-1,-1,-1
178,3,597,1168,50,50,1,-1,-1,-1
179,1,442,1125,50,50,1,-1,-1,-1
179,2,539,549,50,50,1,-1,-1,-1
179,3,587,1175,50,50,1,-1,-1,-1
180,1,442,1123,50,50,1,-1,-1,-1
180,2,540,554,50,50,1,-1,-1,-1
180,3,574,1174,50,50,1,-1,-1,-1
181,1,442,1122,50,50,1,-1,-1,-1
181,2,542,564,50,50,1,-1,-1,-1
181,3,564,1180,50,50,1,-1,-1,-1
182,1,441,1121,50,50,1,-1,-1,-1
182,2,544,580,50,50,1,-1,-1,-1
182,3,530,1129,50,50,1,-1,-1,-1
183,1,443,1121,50,50,1,-1,-1,-1
183,2,547,602,50,50,1,-1,-1,-1
183,3,513,1077,50,50,1,-1,-1,-1
184,1,445,1123,50,50,1,-1,-1,-1
184,2,550,629,50,50,1,-1,-1,-1
184,3,512,1022,50,50,1,-1,-1,-1
185,1,447,1125,50,50,1,-1,-1,-1
185,2,553,662,50,50,1,-1,-1,-1
185,3,508,955,50,50,1,-1,-1,-1
186,1,449,1130,50,50,1,-1,-1,-1
186,2,557,700,50,50,1,-1,-1,-1
186,3,505,908,50,50,1,-1,-1,-1
187,1,453,1137,50,50,1,-1,-1,-1
187,2,565,738,50,50,1,-1,-1,-1
187,3,497,864,50,50,1,-1,-1,-1
188,1,458,1147,50,50,1,-1,-1,-1
188,2,573,802,50,50,1,-1,-1,-1
188,3,490,823,50,50,1,-1,-1,-1
189,1,463,1162,50,50,1,-1,-1,-1
189,2,577,873,50,50,1,-1,-1,-1
189,3,483,789,50,50,1,-1,-1,-1
190,1,467,1175,50,50,1,-1,-1,-1
190,2,545,930,50,50,1,-1,-1,-1
190,3,477,761,50,50,1,-1,-1,-1
191,1,474,1186,50,50,1,-1,-1,-1
191,2,572,980,50,50,1,-1,-1,-1
191,3,471,739,50,50,1,-1,-1,-1
192,1,485,1195,50,50,1,-1,-1,-1
192,2,589,956,50,50,1,-1,-1,-1
192,3,465,723,50,50,1,-1,-1,-1
193,1,500,1192,50,50,1,-1,-1,-1
193,2,596,971,50,50,1,-1,-1,-1
193,3,460,713,50,50,1,-1,-1,-1
194,1,515,1180,50,50,1,-1,-1,-1
194,2,606,985,50,50,1,-1,-1,-1
194,3,455,708,50,50,1,-1,-1,-1
195,1,530,1154,50,50,1,-1,-1,-1
195,2,615,998,50,50,1,-1,-1,-1
195,3,450,709,50,50,1,-1,-1,-1
196,1,547,1136,50,50,1,-1,-1,-1
196,2,624,1010,50,50,1,-1,-1,-1
196,3,446,715,50,50,1,-1,-1,-1
197,1,535,1086,50,50,1,-1,-1,-1
197,2,631,1023,50,50,1,-1,-1,-1
197,3,442,727,50,50,1,-1,-1,-1
198,1,545,1009,50,50,1,-1,-1,-1
198,2,634,1034,50,50,1,-1,-1,-1
198,3,438,744,50,50,1,-1,-1,-1
199,1,541,947,50,50,1,-1,-1,-1
199,2,638,1045,50,50,1,-1,-1,-1
199,3,434,767,50,50,1,-1,-1,-1
200,1,496,904,50,50,1,-1,-1,-1
200,2,642,1055,50,50,1,-1,-1,-1
200,3,431,796,50,50,1,-1,-1,-1
201,1,430,849,50,50,1,-1,-1,-1
201,2,646,1064,50,50,1,-1,-1,-1
201,3,428,830,50,50,1,-1,-1,-1
202,1,429,888,50,50,1,-1,-1,-1
202,2,651,1071,50,50,1,-1,-1,-1
202,3,426,870,50,50,1,-1,-1,-1
203,1,462,939,50,50,1,-1,-1,-1
203,2,657,1077,50,50,1,-1,-1,-1
203,3,424,914,50,50,1,-1,-1,-1
204,1,458,960,50,50,1,-1,-1,-1
204,2,662,1084,50,50,1,-1,-1,-1
204,3,422,948,50,50,1,-1,-1,-1
205,1,436,976,50,50,1,-1,-1,-1
205,2,666,1090,50,50,1,-1,-1,-1
205,3,422,979,50,50,1,-1,-1,-1
206,1,456,1027,50,50,1,-1,-1,-1
206,2,671,1095,50,50,1,-1,-1,-1
206,3,424,1016,50,50,1,-1,-1,-1
207,1,661,1105,50,50,1,-1,-1,-1
207,2,675,1098,50,50,1,-1,-1,-1
207,3,432,1047,50,50,1,-1,-1,-1
208,1,489,551,50,50,1,-1,-1,-1
208,2,678,1100,50,50,1,-1,-1,-1
208,3,446,1077,50,50,1,-1,-1,-1
209,1,475,511,50,50,1,-1,-1,-1
209,2,681,1100,50,50,1,-1,-1,-1
209,3,485,1126,50,50,1,-1,-1,-1
210,1,487,530,50,50,1,-1,-1,-1
210,2,682,1101,50,50,1,-1,-1,-1
210,3,502,1166,50,50,1,-1,-1,-1
211,1,485,529,50,50,1,-1,-1,-1
211,2,684,1100,50,50,1,-1,-1,-1
211,3,495,1189,50,50,1,-1,-1,-1
212,1,475,525,50,50,1,-1,-1,-1
212,2,685,1099,50,50,1,-1,-1,-1
212,3,512,1186,50,50,1,-1,-1,-1
213,1,465,527,50,50,1,-1,-1,-1
213,2,686,1097,50,50,1,-1,-1,-1
213,3,529,1173,50,50,1,-1,-1,-1
214,1,462,547,50,50,1,-1,-1,-1
214,2,686,1095,50,50,1,-1,-1,-1
214,3,521,1128,50,50,1,-1,-1,-1
215,1,461,572,50,50,1,-1,-1,-1
215,2,684,1094,50,50,1,-1,-1,-1
215,3,527,1079,50,50,1,-1,-1,-1
216,1,456,606,50,50,1,-1,-1,-1
216,2,684,1093,50,50,1,-1,-1,-1
216,3,512,1007,50,50,1,-1,-1,-1
217,1,472,644,50,50,1,-1,-1,-1
217,2,683,1093,50,50,1,-1,-1,-1
217,3,519,911,50,50,1,-1,-1,-1
218,1,473,686,50,50,1,-1,-1,-1
218,2,682,1093,50,50,1,-1,-1,-1
218,3,563,855,50,50,1,-1,-1,-1
219,1,473,734,50,50,1,-1,-1,-1
219,2,680,1096,50,50,1,-1,-1,-1
219,3,577,803,50,50,1,-1,-1,-1
220,1,474,789,50,50,1,-1,-1,-1
220,2,678,1101,50,50,1,-1,-1,-1
220,3,573,759,50,50,1,-1,-1,-1
221,1,476,849,50,50,1,-1,-1,-1
221,2,674,1111,50,50,1,-1,-1,-1
221,3,573,717,50,50,1,-1,-1,-1
222,1,487,883,50,50,1,-1,-1,-1
222,2,666,1122,50,50,1,-1,-1,-1
222,3,575,688,50,50,1,-1,-1,-1
223,1,473,907,50,50,1,-1,-1,-1
223,2,662,1135,50,50,1,-1,-1,-1
223,3,579,660,50,50,1,-1,-1,-1
224,1,454,932,50,50,1,-1,-1,-1
224,2,654,1152,50,50,1,-1,-1,-1
224,3,584,639,50,50,1,-1,-1,-1
225,1,447,958,50,50,1,-1,-1,-1
225,2,646,1169,50,50,1,-1,-1,-1
225,3,589,623,50,50,1,-1,-1,-1
226,1,446,1001,50,50,1,-1,-1,-1
226,2,639,1184,50,50,1,-1,-1,-1
226,3,594,613,50,50,1,-1,-1,-1
227,1,452,1048,50,50,1,-1,-1,-1
227,2,630,1195,50,50,1,-1,-1,-1
227,3,600,609,50,50,1,-1,-1,-1
228,1,454,1070,50,50,1,-1,-1,-1
228,2,618,1197,50,50,1,-1,-1,-1
228,3,606,610,50,50,1,-1,-1,-1
229,1,457,1091,50,50,1,-1,-1,-1
229,2,601,1201,50,50,1,-1,-1,-1
229,3,612,616,50,50,1,-1,-1,-1
230,1,492,1110,50,50,1,-1,-1,-1
230,2,597,1195,50,50,1,-1,-1,-1
230,3,618,629,50,50,1,-1,-1,-1
231,1,575,1138,50,50,1,-1,-1,-1
231,2,599,1155,50,50,1,-1,-1,-1
231,3,625,647,50,50,1,-1,-1,-1
232,1,573,1052,50,50,1,-1,-1,-1
232,2,591,1066,50,50,1,-1,-1,-1
232,3,632,670,50,50,1,-1,-1,-1
233,1,607,974,50,50,1,-1,-1,-1
233,2,571,983,50,50,1,-1,-1,-1
233,3,639,699,50,50,1,-1,-1,-1
234,1,618,925,50,50,1,-1,-1,-1
234,2,573,918,50,50,1,-1,-1,-1
234,3,647,734,50,50,1,-1,-1,-1
235,1,623,893,50,50,1,-1,-1,-1
235,2,577,858,50,50,1,-1,-1,-1
235,3,655,775,50,50,1,-1,-1,-1
236,1,628,893,50,50,1,-1,-1,-1
236,2,580,802,50,50,1,-1,-1,-1
236,3,664,821,50,50,1,-1,-1,-1
237,1,634,901,50,50,1,-1,-1,-1
237,2,579,738,50,50,1,-1,-1,-1
237,3,672,871,50,50,1,-1,-1,-1
238,1,641,919,50,50,1,-1,-1,-1
238,2,576,697,50,50,1,-1,-1,-1
238,3,679,905,50,50,1,-1,-1,-1
239,1,475,1115,50,50,1,-1,-1,-1
239,2,577,656,50,50,1,-1,-1,-1
239,3,692,930,50,50,1,-1,-1,-1
240,1,459,1125,50,50,1,-1,-1,-1
240,2,578,622,50,50,1,-1,-1,-1
240,3,696,960,50,50,1,-1,-1,-1
241,1,461,1109,50,50,1,-1,-1,-1
241,2,580,593,50,50,1,-1,-1,-1
241,3,694,993,50,50,1,-1,-1,-1
242,1,460,1109,50,50,1,-1,-1,-1
242,2,582,570,50,50,1,-1,-1,-1
242,3,686,1031,50,50,1,-1,-1,-1
243,1,459,1109,50,50,1,-1,-1,-1
243,2,584,554,50,50,1,-1,-1,-1
243,3,678,1070,50,50,1,-1,-1,-1
244,1,459,1109,50,50,1,-1,-1,-1
244,2,587,542,50,50,1,-1,-1,-1
244,3,679,1106,50,50,1,-1,-1,-1
245,1,459,1109,50,50,1,-1,-1,-1
245,2,590,537,50,50,1,-1,-1,-1
245,3,645,1164,50,50,1,-1,-1,-1
246,1,461,1109,50,50,1,-1,-1,-1
246,2,593,537,50,50,1,-1,-1,-1
246,3,623,1189,50,50,1,-1,-1,-1
247,1,454,1125,50,50,1,-1,-1,-1
247,2,597,542,50,50,1,-1,-1,-1
247,3,604,1180,50,50,1,-1,-1,-1
248,1,428,1137,50,50,1,-1,-1,-1
248,2,601,554,50,50,1,-1,-1,-1
248,3,590,1165,50,50,1,-1,-1,-1
249,1,429,1137,50,50,1,-1,-1,-1
249,2,605,571,50,50,1,-1,-1,-1
249,3,580,1143,50,50,1,-1,-1,-1
250,1,435,1134,50,50,1,-1,-1,-1
250,2,610,593,50,50,1,-1,-1,-1
250,3,584,1103,50,50,1,-1,-1,-1
251,1,459,1129,50,50,1,-1,-1,-1
251,2,615,622,50,50,1,-1,-1,-1
251,3,601,1013,50,50,1,-1,-1,-1
252,1,478,1128,50,50,1,-1,-1,-1
252,2,620,656,50,50,1,-1,-1,-1
252,3,593,944,50,50,1,-1,-1,-1
253,1,473,1143,50,50,1,-1,-1,-1
253,2,626,696,50,50,1,-1,-1,-1
253,3,589,916,50,50,1,-1,-1,-1
254,1,477,1153,50,50,1,-1,-1,-1
254,2,632,741,50,50,1,-1,-1,-1
254,3,587,915,50,50,1,-1,-1,-1
255,1,490,1162,50,50,1,-1,-1,-1
255,2,638,792,50,50,1,-1,-1,-1
255,3,602,924,50,50,1,-1,-1,-1
256,1,488,1186,50,50,1,-1,-1,-1
256,2,645,850,50,50,1,-1,-1,-1
256,3,626,928,50,50,1,-1,-1,-1
257,1,465,1217,50,50,1,-1,-1,-1
257,2,649,908,50,50,1,-1,-1,-1
257,3,628,938,50,50,1,-1,-1,-1
258,1,495,1219,50,50,1,-1,-1,-1
258,2,646,944,50,50,1,-1,-1,-1
258,3,675,935,50,50,1,-1,-1,-1
259,1,496,1210,50,50,1,-1,-1,-1
259,2,644,988,50,50,1,-1,-1,-1
259,3,681,949,50,50,1,-1,-1,-1
260,1,509,1208,50,50,1,-1,-1,-1
260,2,659,1019,50,50,1,-1,-1,-1
260,3,660,962,50,50,1,-1,-1,-1
261,1,525,1213,50,50,1,-1,-1,-1
261,2,656,1026,50,50,1,-1,-1,-1
261,3,661,972,50,50,1,-1,-1,-1
262,1,517,1199,50,50,1,-1,-1,-1
262,2,643,1027,50,50,1,-1,-1,-1
262,3,654,982,50,50,1,-1,-1,-1
263,1,520,1150,50,50,1,-1,-1,-1
263,2,632,1025,50,50,1,-1,-1,-1
263,3,652,990,50,50,1,-1,-1,-1
264,1,540,1093,50,50,1,-1,-1,-1
264,2,653,1047,50,50,1,-1,-1,-1
264,3,653,999,50,50,1,-1,-1,-1
265,1,534,1032,50,50,1,-1,-1,-1
265,2,632,1044,50,50,1,-1,-1,-1
265,3,650,1008,50,50,1,-1,-1,-1
266,1,531,989,50,50,1,-1,-1,-1
266,2,635,1028,50,50,1,-1,-1,-1
266,3,650,1017,50,50,1,-1,-1,-1
267,1,529,949,50,50,1,-1,-1,-1
267,2,635,1036,50,50,1,-1,-1,-1
267,3,654,1026,50,50,1,-1,-1,-1
268,1,504,952,50,50,1,-1,-1,-1
268,2,638,1067,50,50,1,-1,-1,-1
268,3,655,1033,50,50,1,-1,-1,-1
269,1,483,965,50,50,1,-1,-1,-1
269,2,439,965,50,50,1,-1,-1,-1
269,3,656,1040,50,50,1,-1,-1,-1
270,1,466,979,50,50,1,-1,-1,-1
270,2,405,983,50,50,1,-1,-1,-1
270,3,658,1048,50,50,1,-1,-1,-1
271,1,452,1008,50,50,1,-1,-1,-1
271,2,421,1012,50,50,1,-1,-1,-1
271,3,660,1056,50,50,1,-1,-1,-1
272,1,422,1042,50,50,1,-1,-1,-1
272,2,649,1085,50,50,1,-1,-1,-1
272,3,656,1063,50,50,1,-1,-1,-1
273,1,405,1082,50,50,1,-1,-1,-1
273,2,677,1069,50,50,1,-1,-1,-1
273,3,658,1071,50,50,1,-1,-1,-1
274,1,408,1113,50,50,1,-1,-1,-1
274,2,436,1088,50,50,1,-1,-1,-1
274,3,673,1076,50,50,1,-1,-1,-1
275,1,418,1149,50,50,1,-1,-1,-1
275,2,429,1149,50,50,1,-1,-1,-1
275,3,693,1083,50,50,1,-1,-1,-1
276,1,425,1176,50,50,1,-1,-1,-1
276,2,473,1170,50,50,1,-1,-1,-1
276,3,675,1081,50,50,1,-1,-1,-1
277,1,463,1185,50,50,1,-1,-1,-1
277,2,473,1178,50,50,1,-1,-1,-1
277,3,658,1075,50,50,1,-1,-1,-1
278,1,484,1200,50,50,1,-1,-1,-1
278,2,474,1188,50,50,1,-1,-1,-1
278,3,655,1079,50,50,1,-1,-1,-1
279,1,497,1191,50,50,1,-1,-1,-1
279,2,461,1197,50,50,1,-1,-1,-1
279,3,654,1078,50,50,1,-1,-1,-1
280,1,497,1159,50,50,1,-1,-1,-1
280,2,467,1178,50,50,1,-1,-1,-1
280,3,654,1077,50,50,1,-1,-1,-1
281,1,497,1129,50,50,1,-1,-1,-1
281,2,477,1145,50,50,1,-1,-1,-1
281,3,653,1077,50,50,1,-1,-1,-1
282,1,497,1100,50,50,1,-1,-1,-1
282,2,482,1091,50,50,1,-1,-1,-1
282,3,671,1085,50,50,1,-1,-1,-1
283,1,523,1033,50,50,1,-1,-1,-1
283,2,463,1015,50,50,1,-1,-1,-1
283,3,691,1089,50,50,1,-1,-1,-1
284,1,528,977,50,50,1,-1,-1,-1
284,2,483,939,50,50,1,-1,-1,-1
284,3,688,1091,50,50,1,-1,-1,-1
285,1,517,909,50,50,1,-1,-1,-1
285,2,509,888,50,50,1,-1,-1,-1
285,3,656,1104,50,50,1,-1,-1,-1
286,1,508,843,50,50,1,-1,-1,-1
286,2,487,924,50,50,1,-1,-1,-1
286,3,649,1114,50,50,1,-1,-1,-1
287,1,513,806,50,50,1,-1,-1,-1
287,2,481,939,50,50,1,-1,-1,-1
287,3,643,1124,50,50,1,-1,-1,-1
288,1,519,765,50,50,1,-1,-1,-1
288,2,466,942,50,50,1,-1,-1,-1
288,3,634,1139,50,50,1,-1,-1,-1
289,1,527,727,50,50,1,-1,-1,-1
289,2,455,942,50,50,1,-1,-1,-1
289,3,626,1154,50,50,1,-1,-1,-1
290,1,533,707,50,50,1,-1,-1,-1
290,2,426,945,50,50,1,-1,-1,-1
290,3,620,1171,50,50,1,-1,-1,-1
291,1,538,691,50,50,1,-1,-1,-1
291,2,420,964,50,50,1,-1,-1,-1
291,3,614,1186,50,50,1,-1,-1,-1
292,1,544,678,50,50,1,-1,-1,-1
292,2,421,980,50,50,1,-1,-1,-1
292,3,606,1198,50,50,1,-1,-1,-1
293,1,550,671,50,50,1,-1,-1,-1
293,2,429,994,50,50,1,-1,-1,-1
293,3,594,1201,50,50,1,-1,-1,-1
294,1,557,669,50,50,1,-1,-1,-1
294,2,438,1005,50,50,1,-1,-1,-1
294,3,582,1198,50,50,1,-1,-1,-1
295,1,564,673,50,50,1,-1,-1,-1
295,2,444,1013,50,50,1,-1,-1,-1
295,3,568,1186,50,50,1,-1,-1,-1
296,1,571,683,50,50,1,-1,-1,-1
296,2,451,1019,50,50,1,-1,-1,-1
296,3,549,1179,50,50,1,-1,-1,-1
297,1,578,699,50,50,1,-1,-1,-1
297,2,456,1025,50,50,1,-1,-1,-1
297,3,533,1131,50,50,1,-1,-1,-1
298,1,586,720,50,50,1,-1,-1,-1
298,2,458,1026,50,50,1,-1,-1,-1
298,3,523,1069,50,50,1,-1,-1,-1
299,1,595,747,50,50,1,-1,-1,-1
299,2,459,1028,50,50,1,-1,-1,-1
299,3,524,1000,50,50,1,-1,-1,-1
300,1,603,781,50,50,1,-1,-1,-1
300,2,459,1030,50,50,1,-1,-1,-1
300,3,523,944,50,50,1,-1,-1,-1
301,1,612,820,50,50,1,-1,-1,-1
301,2,459,1033,50,50,1,-1,-1,-1
301,3,542,919,50,50,1,-1,-1,-1
302,1,621,867,50,50,1,-1,-1,-1
302,2,457,1035,50,50,1,-1,-1,-1
302,3,585,902,50,50,1,-1,-1,-1
303,1,627,921,50,50,1,-1,-1,-1
303,2,456,1037,50,50,1,-1,-1,-1
303,3,630,906,50,50,1,-1,-1,-1
304,1,664,981,50,50,1,-1,-1,-1
304,2,454,1039,50,50,1,-1,-1,-1
304,3,640,942,50,50,1,-1,-1,-1
305,1,669,1012,50,50,1,-1,-1,-1
305,2,452,1043,50,50,1,-1,-1,-1
305,3,652,971,50,50,1,-1,-1,-1
306,1,638,1006,50,50,1,-1,-1,-1
306,2,450,1046,50,50,1,-1,-1,-1
306,3,653,1000,50,50,1,-1,-1,-1
307,1,621,1064,50,50,1,-1,-1,-1
307,2,447,1049,50,50,1,-1,-1,-1
307,3,652,1030,50,50,1,-1,-1,-1
308,1,619,1099,50,50,1,-1,-1,-1
308,2,445,1051,50,50,1,-1,-1,-1
308,3,649,1070,50,50,1,-1,-1,-1
309,1,621,1108,50,50,1,-1,-1,-1
309,2,442,1053,50,50,1,-1,-1,-1
309,3,636,1101,50,50,1,-1,-1,-1
310,1,640,1092,50,50,1,-1,-1,-1
310,2,439,1055,50,50,1,-1,-1,-1
310,3,611,1136,50,50,1,-1,-1,-1
311,1,590,1157,50,50,1,-1,-1,-1
311,2,436,1055,50,50,1,-1,-1,-1
311,3,588,1177,50,50,1,-1,-1,-1
312,1,574,1184,50,50,1,-1,-1,-1
312,2,433,1056,50,50,1,-1,-1,-1
312,3,583,1192,50,50,1,-1,-1,-1
313,1,568,1196,50,50,1,-1,-1,-1
313,2,430,1056,50,50,1,-1,-1,-1
313,3,575,1185,50,50,1,-1,-1,-1
314,1,553,1190,50,50,1,-1,-1,-1
314,2,428,1058,50,50,1,-1,-1,-1
314,3,569,1166,50,50,1,-1,-1,-1
315,1,533,1149,50,50,1,-1,-1,-1
315,2,426,1060,50,50,1,-1,-1,-1
315,3,420,1093,50,50,1,-1,-1,-1
316,1,512,1102,50,50,1,-1,-1,-1
316,2,422,1064,50,50,1,-1,-1,-1
316,3,397,1063,50,50,1,-1,-1,-1
317,1,501,1046,50,50,1,-1,-1,-1
317,2,421,1067,50,50,1,-1,-1,-1
317,3,426,1052,50,50,1,-1,-1,-1
318,1,488,984,50,50,1,-1,-1,-1
318,2,419,1069,50,50,1,-1,-1,-1
318,3,486,1032,50,50,1,-1,-1,-1
319,1,481,928,50,50,1,-1,-1,-1
319,2,418,1074,50,50,1,-1,-1,-1
319,3,517,1010,50,50,1,-1,-1,-1
320,1,475,879,50,50,1,-1,-1,-1
320,2,419,1082,50,50,1,-1,-1,-1
320,3,497,963,50,50,1,-1,-1,-1
321,1,466,831,50,50,1,-1,-1,-1
321,2,421,1093,50,50,1,-1,-1,-1
321,3,486,923,50,50,1,-1,-1,-1
322,1,458,790,50,50,1,-1,-1,-1
322,2,425,1109,50,50,1,-1,-1,-1
322,3,497,911,50,50,1,-1,-1,-1
323,1,450,755,50,50,1,-1,-1,-1
323,2,428,1129,50,50,1,-1,-1,-1
323,3,529,909,50,50,1,-1,-1,-1
324,1,443,727,50,50,1,-1,-1,-1
324,2,432,1152,50,50,1,-1,-1,-1
324,3,583,916,50,50,1,-1,-1,-1
325,1,436,704,50,50,1,-1,-1,-1
325,2,438,1174,50,50,1,-1,-1,-1
325,3,567,934,50,50,1,-1,-1,-1
326,1,430,687,50,50,1,-1,-1,-1
326,2,449,1190,50,50,1,-1,-1,-1
326,3,572,951,50,50,1,-1,-1,-1
327,1,423,675,50,50,1,-1,-1,-1
327,2,462,1199,50,50,1,-1,-1,-1
327,3,578,967,50,50,1,-1,-1,-1
328,1,417,670,50,50,1,-1,-1,-1
328,2,477,1198,50,50,1,-1,-1,-1
328,3,584,981,50,50,1,-1,-1,-1
329,1,412,670,50,50,1,-1,-1,-1
329,2,492,1180,50,50,1,-1,-1,-1
329,3,591,994,50,50,1,-1,-1,-1
330,1,407,676,50,50,1,-1,-1,-1
330,2,510,1155,50,50,1,-1,-1,-1
330,3,596,1006,50,50,1,-1,-1,-1
331,1,402,687,50,50,1,-1,-1,-1
331,2,516,1087,50,50,1,-1,-1,-1
331,3,606,1016,50,50,1,-1,-1,-1
332,1,397,704,50,50,1,-1,-1,-1
332,2,516,1003,50,50,1,-1,-1,-1
332,3,612,1024,50,50,1,-1,-1,-1
333,1,393,726,50,50,1,-1,-1,-1
333,2,483,923,50,50,1,-1,-1,-1
333,3,618,1032,50,50,1,-1,-1,-1
334,1,389,754,50,50,1,-1,-1,-1
334,2,476,858,50,50,1,-1,-1,-1
334,3,622,1037,50,50,1,-1,-1,-1
335,1,385,785,50,50,1,-1,-1,-1
335,2,468,796,50,50,1,-1,-1,-1
335,3,626,1042,50,50,1,-1,-1,-1
336,1,382,823,50,50,1,-1,-1,-1
336,2,461,740,50,50,1,-1,-1,-1
336,3,630,1047,50,50,1,-1,-1,-1
337,1,378,868,50,50,1,-1,-1,-1
337,2,454,691,50,50,1,-1,-1,-1
337,3,635,1052,50,50,1,-1,-1,-1
338,1,377,916,50,50,1,-1,-1,-1
338,2,447,647,50,50,1,-1,-1,-1
338,3,640,1058,50,50,1,-1,-1,-1
339,1,375,950,50,50,1,-1,-1,-1
339,2,441,609,50,50,1,-1,-1,-1
339,3,646,1063,50,50,1,-1,-1,-1
340,1,379,985,50,50,1,-1,-1,-1
340,2,434,577,50,50,1,-1,-1,-1
340,3,650,1068,50,50,1,-1,-1,-1
341,1,389,1020,50,50,1,-1,-1,-1
341,2,429,551,50,50,1,-1,-1,-1
341,3,652,1073,50,50,1,-1,-1,-1
342,1,400,1057,50,50,1,-1,-1,-1
342,2,423,531,50,50,1,-1,-1,-1
342,3,657,1079,50,50,1,-1,-1,-1
343,1,405,1092,50,50,1,-1,-1,-1
343,2,418,517,50,50,1,-1,-1,-1
343,3,659,1082,50,50,1,-1,-1,-1
344,1,441,1142,50,50,1,-1,-1,-1
344,2,414,508,50,50,1,-1,-1,-1
344,3,660,1086,50,50,1,-1,-1,-1
345,1,477,1174,50,50,1,-1,-1,-1
345,2,409,505,50,50,1,-1,-1,-1
345,3,661,1090,50,50,1,-1,-1,-1
346,1,484,1184,50,50,1,-1,-1,-1
346,2,405,508,50,50,1,-1,-1,-1
346,3,657,1095,50,50,1,-1,-1,-1
347,1,481,1187,50,50,1,-1,-1,-1
347,2,401,516,50,50,1,-1,-1,-1
347,3,656,1098,50,50,1,-1,-1,-1
348,1,469,1169,50,50,1,-1,-1,-1
348,2,398,531,50,50,1,-1,-1,-1
348,3,656,1100,50,50,1,-1,-1,-1
349,1,486,1139,50,50,1,-1,-1,-1
349,2,395,551,50,50,1,-1,-1,-1
349,3,655,1102,50,50,1,-1,-1,-1
350,1,513,1076,50,50,1,-1,-1,-1
350,2,392,577,50,50,1,-1,-1,-1
350,3,653,1104,50,50,1,-1,-1,-1
351,1,519,1015,50,50,1,-1,-1,-1
351,2,389,609,50,50,1,-1,-1,-1
351,3,652,1108,50,50,1,-1,-1,-1
352,1,521,962,50,50,1,-1,-1,-1
352,2,387,646,50,50,1,-1,-1,-1
352,3,648,1112,50,50,1,-1,-1,-1
353,1,514,894,50,50,1,-1,-1,-1
353,2,384,690,50,50,1,-1,-1,-1
353,3,639,1120,50,50,1,-1,-1,-1
354,1,509,832,50,50,1,-1,-1,-1
354,2,383,739,50,50,1,-1,-1,-1
354,3,635,1127,50,50,1,-1,-1,-1
355,1,503,783,50,50,1,-1,-1,-1
355,2,381,793,50,50,1,-1,-1,-1
355,3,631,1135,50,50,1,-1,-1,-1
356,1,524,759,50,50,1,-1,-1,-1
356,2,380,858,50,50,1,-1,-1,-1
356,3,625,1145,50,50,1,-1,-1,-1
357,1,532,721,50,50,1,-1,-1,-1
357,2,391,906,50,50,1,-1,-1,-1
357,3,618,1157,50,50,1,-1,-1,-1
358,1,527,697,50,50,1,-1,-1,-1
358,2,369,930,50,50,1,-1,-1,-1
358,3,614,1169,50,50,1,-1,-1,-1
359,1,535,679,50,50,1,-1,-1,-1
359,2,351,957,50,50,1,-1,-1,-1
359,3,607,1181,50,50,1,-1,-1,-1
360,1,543,667,50,50,1,-1,-1,-1
360,2,354,972,50,50,1,-1,-1,-1
360,3,600,1187,50,50,1,-1,-1,-1
361,1,551,662,50,50,1,-1,-1,-1
361,2,377,981,50,50,1,-1,-1,-1
361,3,589,1187,50,50,1,-1,-1,-1
362,1,560,661,50,50,1,-1,-1,-1
362,2,387,998,50,50,1,-1,-1,-1
362,3,579,1180,50,50,1,-1,-1,-1
363,1,569,666,50,50,1,-1,-1,-1
363,2,395,1016,50,50,1,-1,-1,-1
363,3,567,1162,50,50,1,-1,-1,-1
364,1,571,683,50,50,1,-1,-1,-1
364,2,408,1032,50,50,1,-1,-1,-1
364,3,584,1138,50,50,1,-1,-1,-1
365,1,591,710,50,50,1,-1,-1,-1
365,2,417,1045,50,50,1,-1,-1,-1
365,3,581,1073,50,50,1,-1,-1,-1
366,1,608,749,50,50,1,-1,-1,-1
366,2,421,1057,50,50,1,-1,-1,-1
366,3,549,1015,50,50,1,-1,-1,-1
367,1,618,777,50,50,1,-1,-1,-1
367,2,426,1074,50,50,1,-1,-1,-1
367,3,546,951,50,50,1,-1,-1,-1
368,1,619,796,50,50,1,-1,-1,-1
368,2,425,1081,50,50,1,-1,-1,-1
368,3,568,895,50,50,1,-1,-1,-1
369,1,629,837,50,50,1,-1,-1,-1
369,2,425,1084,50,50,1,-1,-1,-1
369,3,629,862,50,50,1,-1,-1,-1
370,1,639,879,50,50,1,-1,-1,-1
370,2,424,1088,50,50,1,-1,-1,-1
370,3,659,901,50,50,1,-1,-1,-1
371,1,651,916,50,50,1,-1,-1,-1
371,2,423,1090,50,50,1,-1,-1,-1
371,3,677,953,50,50,1,-1,-1,-1
372,1,662,941,50,50,1,-1,-1,-1
372,2,421,1091,50,50,1,-1,-1,-1
372,3,637,943,50,50,1,-1,-1,-1
373,1,669,973,50,50,1,-1,-1,-1
373,2,420,1093,50,50,1,-1,-1,-1
373,3,693,980,50,50,1,-1,-1,-1
374,1,673,1010,50,50,1,-1,-1,-1
374,2,418,1095,50,50,1,-1,-1,-1
374,3,425,1087,50,50,1,-1,-1,-1
375,1,661,1047,50,50,1,-1,-1,-1
375,2,416,1098,50,50,1,-1,-1,-1
375,3,561,545,50,50,1,-1,-1,-1
376,1,656,1078,50,50,1,-1,-1,-1
376,2,415,1100,50,50,1,-1,-1,-1
376,3,544,503,50,50,1,-1,-1,-1
377,1,644,1093,50,50,1,-1,-1,-1
377,2,414,1101,50,50,1,-1,-1,-1
377,3,564,515,50,50,1,-1,-1,-1
378,1,635,1107,50,50,1,-1,-1,-1
378,2,414,1102,50,50,1,-1,-1,-1
378,3,568,508,50,50,1,-1,-1,-1
379,1,588,1169,50,50,1,-1,-1,-1
379,2,413,1103,50,50,1,-1,-1,-1
379,3,566,489,50,50,1,-1,-1,-1
380,1,586,1187,50,50,1,-1,-1,-1
380,2,414,1104,50,50,1,-1,-1,-1
380,3,562,480,50,50,1,-1,-1,-1
381,1,613,1163,50,50,1,-1,-1,-1
381,2,415,1105,50,50,1,-1,-1,-1
381,3,565,490,50,50,1,-1,-1,-1
382,1,587,1119,50,50,1,-1,-1,-1
382,2,418,1106,50,50,1,-1,-1,-1
382,3,568,506,50,50,1,-1,-1,-1
383,1,556,1076,50,50,1,-1,-1,-1
383,2,420,1109,50,50,1,-1,-1,-1
383,3,568,531,50,50,1,-1,-1,-1
384,1,532,1038,50,50,1,-1,-1,-1
384,2,423,1114,50,50,1,-1,-1,-1
384,3,585,561,50,50,1,-1,-1,-1
385,1,530,987,50,50,1,-1,-1,-1
385,2,428,1120,50,50,1,-1,-1,-1
385,3,590,590,50,50,1,-1,-1,-1
386,1,535,924,50,50,1,-1,-1,-1
386,2,434,1128,50,50,1,-1,-1,-1
386,3,595,629,50,50,1,-1,-1,-1
387,1,525,885,50,50,1,-1,-1,-1
387,2,439,1137,50,50,1,-1,-1,-1
387,3,601,671,50,50,1,-1,-1,-1
388,1,516,862,50,50,1,-1,-1,-1
388,2,446,1149,50,50,1,-1,-1,-1
388,3,607,719,50,50,1,-1,-1,-1
389,1,504,816,50,50,1,-1,-1,-1
389,2,454,1161,50,50,1,-1,-1,-1
389,3,613,772,50,50,1,-1,-1,-1
390,1,497,790,50,50,1,-1,-1,-1
390,2,464,1174,50,50,1,-1,-1,-1
390,3,619,830,50,50,1,-1,-1,-1
391,1,491,769,50,50,1,-1,-1,-1
391,2,477,1184,50,50,1,-1,-1,-1
391,3,626,891,50,50,1,-1,-1,-1
392,1,483,744,50,50,1,-1,-1,-1
392,2,491,1191,50,50,1,-1,-1,-1
392,3,635,923,50,50,1,-1,-1,-1
393,1,473,737,50,50,1,-1,-1,-1
393,2,504,1191,50,50,1,-1,-1,-1
393,3,634,942,50,50,1,-1,-1,-1
394,1,465,736,50,50,1,-1,-1,-1
394,2,517,1182,50,50,1,-1,-1,-1
394,3,625,963,50,50,1,-1,-1,-1
395,1,459,740,50,50,1,-1,-1,-1
395,2,531,1160,50,50,1,-1,-1,-1
395,3,636,972,50,50,1,-1,-1,-1
396,1,452,750,50,50,1,-1,-1,-1
396,2,541,1149,50,50,1,-1,-1,-1
396,3,635,983,50,50,1,-1,-1,-1
397,1,444,767,50,50,1,-1,-1,-1
397,2,531,1100,50,50,1,-1,-1,-1
397,3,634,993,50,50,1,-1,-1,-1
398,1,438,789,50,50,1,-1,-1,-1
398,2,543,1020,50,50,1,-1,-1,-1
398,3,634,1001,50,50,1,-1,-1,-1
399,1,430,817,50,50,1,-1,-1,-1
399,2,541,958,50,50,1,-1,-1,-1
399,3,632,1007,50,50,1,-1,-1,-1
400,1,440,853,50,50,1,-1,-1,-1
400,2,518,941,50,50,1,-1,-1,-1
400,3,632,1014,50,50,1,-1,-1,-1
401,1,436,891,50,50,1,-1,-1,-1
401,2,481,931,50,50,1,-1,-1,-1
401,3,630,1018,50,50,1,-1,-1,-1
402,1,433,929,50,50,1,-1,-1,-1
402,2,460,939,50,50,1,-1,-1,-1
402,3,632,1024,50,50,1,-1,-1,-1
403,1,429,966,50,50,1,-1,-1,-1
403,2,463,963,50,50,1,-1,-1,-1
403,3,635,1031,50,50,1,-1,-1,-1
404,1,418,996,50,50,1,-1,-1,-1
404,2,450,990,50,50,1,-1,-1,-1
404,3,642,1037,50,50,1,-1,-1,-1
405,1,414,1029,50,50,1,-1,-1,-1
405,2,399,1033,50,50,1,-1,-1,-1
405,3,653,1043,50,50,1,-1,-1,-1
406,1,420,1059,50,50,1,-1,-1,-1
406,2,462,612,50,50,1,-1,-1,-1
406,3,646,1048,50,50,1,-1,-1,-1
407,1,419,1086,50,50,1,-1,-1,-1
407,2,453,571,50,50,1,-1,-1,-1
407,3,648,1054,50,50,1,-1,-1,-1
408,1,413,1126,50,50,1,-1,-1,-1
408,2,451,572,50,50,1,-1,-1,-1
408,3,656,1066,50,50,1,-1,-1,-1
409,1,421,1177,50,50,1,-1,-1,-1
409,2,448,558,50,50,1,-1,-1,-1
409,3,656,1070,50,50,1,-1,-1,-1
410,1,453,1184,50,50,1,-1,-1,-1
410,2,436,538,50,50,1,-1,-1,-1
410,3,655,1077,50,50,1,-1,-1,-1
411,1,467,1186,50,50,1,-1,-1,-1
411,2,423,527,50,50,1,-1,-1,-1
411,3,655,1081,50,50,1,-1,-1,-1
412,1,465,1189,50,50,1,-1,-1,-1
412,2,417,534,50,50,1,-1,-1,-1
412,3,654,1086,50,50,1,-1,-1,-1
413,1,471,1163,50,50,1,-1,-1,-1
413,2,411,546,50,50,1,-1,-1,-1
413,3,653,1089,50,50,1,-1,-1,-1
414,1,485,1113,50,50,1,-1,-1,-1
414,2,411,557,50,50,1,-1,-1,-1
414,3,653,1091,50,50,1,-1,-1,-1
415,1,499,1074,50,50,1,-1,-1,-1
415,2,402,588,50,50,1,-1,-1,-1
415,3,646,1098,50,50,1,-1,-1,-1
416,1,513,1022,50,50,1,-1,-1,-1
416,2,395,619,50,50,1,-1,-1,-1
416,3,643,1103,50,50,1,-1,-1,-1
417,1,527,965,50,50,1,-1,-1,-1
417,2,392,654,50,50,1,-1,-1,-1
417,3,641,1109,50,50,1,-1,-1,-1
418,1,519,891,50,50,1,-1,-1,-1
418,2,403,697,50,50,1,-1,-1,-1
418,3,637,1118,50,50,1,-1,-1,-1
419,1,515,832,50,50,1,-1,-1,-1
419,2,400,743,50,50,1,-1,-1,-1
419,3,630,1128,50,50,1,-1,-1,-1
420,1,525,796,50,50,1,-1,-1,-1
420,2,397,794,50,50,1,-1,-1,-1
420,3,628,1140,50,50,1,-1,-1,-1
421,1,531,764,50,50,1,-1,-1,-1
421,2,395,849,50,50,1,-1,-1,-1
421,3,621,1156,50,50,1,-1,-1,-1
422,1,540,735,50,50,1,-1,-1,-1
422,2,394,904,50,50,1,-1,-1,-1
422,3,618,1171,50,50,1,-1,-1,-1
423,1,545,718,50,50,1,-1,-1,-1
423,2,387,940,50,50,1,-1,-1,-1
423,3,614,1187,50,50,1,-1,-1,-1
424,1,551,707,50,50,1,-1,-1,-1
424,2,386,964,50,50,1,-1,-1,-1
424,3,611,1200,50,50,1,-1,-1,-1
425,1,558,701,50,50,1,-1,-1,-1
425,2,391,983,50,50,1,-1,-1,-1
425,3,608,1210,50,50,1,-1,-1,-1
426,1,566,699,50,50,1,-1,-1,-1
426,2,399,1000,50,50,1,-1,-1,-1
426,3,600,1211,50,50,1,-1,-1,-1
427,1,573,703,50,50,1,-1,-1,-1
427,2,411,1013,50,50,1,-1,-1,-1
427,3,589,1204,50,50,1,-1,-1,-1
428,1,581,712,50,50,1,-1,-1,-1
428,2,420,1023,50,50,1,-1,-1,-1
428,3,581,1207,50,50,1,-1,-1,-1
429,1,590,727,50,50,1,-1,-1,-1
429,2,432,1031,50,50,1,-1,-1,-1
429,3,573,1167,50,50,1,-1,-1,-1
430,1,598,748,50,50,1,-1,-1,-1
430,2,439,1039,50,50,1,-1,-1,-1
430,3,586,1092,50,50,1,-1,-1,-1
431,1,607,775,50,50,1,-1,-1,-1
431,2,441,1045,50,50,1,-1,-1,-1
431,3,591,970,50,50,1,-1,-1,-1
432,1,617,807,50,50,1,-1,-1,-1
432,2,445,1048,50,50,1,-1,-1,-1
432,3,620,826,50,50,1,-1,-1,-1
433,1,626,845,50,50,1,-1,-1,-1
433,2,446,1050,50,50,1,-1,-1,-1
433,3,634,862,50,50,1,-1,-1,-1
434,1,636,888,50,50,1,-1,-1,-1
434,2,440,1055,50,50,1,-1,-1,-1
434,3,643,955,50,50,1,-1,-1,-1
435,1,643,923,50,50,1,-1,-1,-1
435,2,435,1063,50,50,1,-1,-1,-1
435,3,653,986,50,50,1,-1,-1,-1
436,1,658,953,50,50,1,-1,-1,-1
436,2,440,1055,50,50,1,-1,-1,-1
436,3,627,954,50,50,1,-1,-1,-1
437,1,670,982,50,50,1,-1,-1,-1
437,2,438,1058,50,50,1,-1,-1,-1
437,3,549,644,50,50,1,-1,-1,-1
438,1,670,1013,50,50,1,-1,-1,-1
438,2,436,1059,50,50,1,-1,-1,-1
438,3,543,588,50,50,1,-1,-1,-1
439,1,663,1046,50,50,1,-1,-1,-1
439,2,434,1061,50,50,1,-1,-1,-1
439,3,542,578,50,50,1,-1,-1,-1
440,1,660,1082,50,50,1,-1,-1,-1
440,2,433,1063,50,50,1,-1,-1,-1
440,3,541,550,50,50,1,-1,-1,-1
441,1,660,1112,50,50,1,-1,-1,-1
441,2,431,1067,50,50,1,-1,-1,-1
441,3,547,520,50,50,1,-1,-1,-1
442,1,653,1172,50,50,1,-1,-1,-1
442,2,430,1068,50,50,1,-1,-1,-1
442,3,543,490,50,50,1,-1,-1,-1
443,1,628,1203,50,50,1,-1,-1,-1
443,2,429,1069,50,50,1,-1,-1,-1
443,3,536,470,50,50,1,-1,-1,-1
444,1,591,1211,50,50,1,-1,-1,-1
444,2,427,1069,50,50,1,-1,-1,-1
444,3,538,464,50,50,1,-1,-1,-1
445,1,579,1203,50,50,1,-1,-1,-1
445,2,427,1069,50,50,1,-1,-1,-1
445,3,539,466,50,50,1,-1,-1,-1
446,1,573,1181,50,50,1,-1,-1,-1
446,2,428,1069,50,50,1,-1,-1,-1
446,3,539,473,50,50,1,-1,-1,-1
447,1,537,1145,50,50,1,-1,-1,-1
447,2,429,1069,50,50,1,-1,-1,-1
447,3,540,490,50,50,1,-1,-1,-1
448,1,518,1093,50,50,1,-1,-1,-1
448,2,428,1068,50,50,1,-1,-1,-1
448,3,539,511,50,50,1,-1,-1,-1
449,1,501,1015,50,50,1,-1,-1,-1
449,2,429,1070,50,50,1,-1,-1,-1
449,3,558,541,50,50,1,-1,-1,-1
450,1,510,937,50,50,1,-1,-1,-1
450,2,429,1071,50,50,1,-1,-1,-1
450,3,561,571,50,50,1,-1,-1,-1
451,1,506,886,50,50,1,-1,-1,-1
451,2,430,1074,50,50,1,-1,-1,-1
451,3,564,608,50,50,1,-1,-1,-1
452,1,495,835,50,50,1,-1,-1,-1
452,2,434,1080,50,50,1,-1,-1,-1
452,3,569,651,50,50,1,-1,-1,-1
453,1,488,791,50,50,1,-1,-1,-1
453,2,437,1090,50,50,1,-1,-1,-1
453,3,573,701,50,50,1,-1,-1,-1
454,1,482,750,50,50,1,-1,-1,-1
454,2,442,1104,50,50,1,-1,-1,-1
454,3,581,753,50,50,1,-1,-1,-1
455,1,477,718,50,50,1,-1,-1,-1
455,2,446,1126,50,50,1,-1,-1,-1
455,3,587,818,50,50,1,-1,-1,-1
456,1,470,692,50,50,1,-1,-1,-1
456,2,452,1149,50,50,1,-1,-1,-1
456,3,595,891,50,50,1,-1,-1,-1
457,1,465,671,50,50,1,-1,-1,-1
457,2,462,1169,50,50,1,-1,-1,-1
457,3,617,930,50,50,1,-1,-1,-1
458,1,459,656,50,50,1,-1,-1,-1
458,2,477,1193,50,50,1,-1,-1,-1
458,3,620,917,50,50,1,-1,-1,-1
459,1,454,647,50,50,1,-1,-1,-1
459,2,483,1207,50,50,1,-1,-1,-1
459,3,607,935,50,50,1,-1,-1,-1
460,1,449,644,50,50,1,-1,-1,-1
460,2,488,1205,50,50,1,-1,-1,-1
460,3,608,957,50,50,1,-1,-1,-1
461,1,444,646,50,50,1,-1,-1,-1
461,2,493,1188,50,50,1,-1,-1,-1
461,3,612,983,50,50,1,-1,-1,-1
462,1,440,654,50,50,1,-1,-1,-1
462,2,511,1159,50,50,1,-1,-1,-1
462,3,618,1010,50,50,1,-1,-1,-1
463,1,436,667,50,50,1,-1,-1,-1
463,2,523,1098,50,50,1,-1,-1,-1
463,3,626,1035,50,50,1,-1,-1,-1
464,1,433,686,50,50,1,-1,-1,-1
464,2,531,999,50,50,1,-1,-1,-1
464,3,630,1059,50,50,1,-1,-1,-1
465,1,429,711,50,50,1,-1,-1,-1
465,2,507,901,50,50,1,-1,-1,-1
465,3,626,1081,50,50,1,-1,-1,-1
466,1,426,741,50,50,1,-1,-1,-1
466,2,498,840,50,50,1,-1,-1,-1
466,3,629,1095,50,50,1,-1,-1,-1
467,1,424,776,50,50,1,-1,-1,-1
467,2,489,775,50,50,1,-1,-1,-1
467,3,630,1107,50,50,1,-1,-1,-1
468,1,421,817,50,50,1,-1,-1,-1
468,2,486,720,50,50,1,-1,-1,-1
468,3,637,1119,50,50,1,-1,-1,-1
469,1,419,861,50,50,1,-1,-1,-1
469,2,479,669,50,50,1,-1,-1,-1
469,3,641,1125,50,50,1,-1,-1,-1
470,1,419,908,50,50,1,-1,-1,-1
470,2,473,625,50,50,1,-1,-1,-1
470,3,648,1132,50,50,1,-1,-1,-1
471,1,417,939,50,50,1,-1,-1,-1
471,2,466,586,50,50,1,-1,-1,-1
471,3,670,1135,50,50,1,-1,-1,-1
472,1,418,974,50,50,1,-1,-1,-1
472,2,460,554,50,50,1,-1,-1,-1
472,3,674,1138,50,50,1,-1,-1,-1
473,1,424,1005,50,50,1,-1,-1,-1
473,2,455,527,50,50,1,-1,-1,-1
473,3,677,1140,50,50,1,-1,-1,-1
474,1,430,1040,50,50,1,-1,-1,-1
474,2,450,506,50,50,1,-1,-1,-1
474,3,679,1141,50,50,1,-1,-1,-1
475,1,436,1077,50,50,1,-1,-1,-1
475,2,445,491,50,50,1,-1,-1,-1
475,3,680,1142,50,50,1,-1,-1,-1
476,1,432,1111,50,50,1,-1,-1,-1
476,2,440,481,50,50,1,-1,-1,-1
476,3,680,1141,50,50,1,-1,-1,-1
477,1,441,1145,50,50,1,-1,-1,-1
477,2,436,478,50,50,1,-1,-1,-1
477,3,679,1139,50,50,1,-1,-1,-1
478,1,468,1193,50,50,1,-1,-1,-1
478,2,432,480,50,50,1,-1,-1,-1
478,3,680,1136,50,50,1,-1,-1,-1
479,1,494,1191,50,50,1,-1,-1,-1
479,2,428,487,50,50,1,-1,-1,-1
479,3,678,1133,50,50,1,-1,-1,-1
480,1,513,1146,50,50,1,-1,-1,-1
480,2,425,501,50,50,1,-1,-1,-1
480,3,676,1130,50,50,1,-1,-1,-1
481,1,522,1108,50,50,1,-1,-1,-1
481,2,422,520,50,50,1,-1,-1,-1
481,3,673,1128,50,50,1,-1,-1,-1
482,1,533,1052,50,50,1,-1,-1,-1
482,2,419,545,50,50,1,-1,-1,-1
482,3,669,1127,50,50,1,-1,-1,-1
483,1,537,991,50,50,1,-1,-1,-1
483,2,417,575,50,50,1,-1,-1,-1
483,3,666,1128,50,50,1,-1,-1,-1
484,1,517,930,50,50,1,-1,-1,-1
484,2,414,611,50,50,1,-1,-1,-1
484,3,661,1131,50,50,1,-1,-1,-1
485,1,480,900,50,50,1,-1,-1,-1
485,2,413,654,50,50,1,-1,-1,-1
485,3,654,1136,50,50,1,-1,-1,-1
486,1,449,896,50,50,1,-1,-1,-1
486,2,411,702,50,50,1,-1,-1,-1
486,3,648,1143,50,50,1,-1,-1,-1
487,1,436,897,50,50,1,-1,-1,-1
487,2,410,754,50,50,1,-1,-1,-1
487,3,640,1151,50,50,1,-1,-1,-1
488,1,421,906,50,50,1,-1,-1,-1
488,2,408,813,50,50,1,-1,-1,-1
488,3,632,1163,50,50,1,-1,-1,-1
489,1,409,916,50,50,1,-1,-1,-1
489,2,408,878,50,50,1,-1,-1,-1
489,3,627,1176,50,50,1,-1,-1,-1
490,1,441,929,50,50,1,-1,-1,-1
490,2,409,936,50,50,1,-1,-1,-1
490,3,622,1191,50,50,1,-1,-1,-1
491,1,427,957,50,50,1,-1,-1,-1
491,2,403,967,50,50,1,-1,-1,-1
491,3,618,1202,50,50,1,-1,-1,-1
492,1,401,989,50,50,1,-1,-1,-1
492,2,598,1207,50,50,1,-1,-1,-1
492,3,614,1212,50,50,1,-1,-1,-1
493,1,406,1004,50,50,1,-1,-1,-1
493,2,623,1208,50,50,1,-1,-1,-1
493,3,607,1214,50,50,1,-1,-1,-1
494,1,412,1015,50,50,1,-1,-1,-1
494,2,577,1203,50,50,1,-1,-1,-1
494,3,594,1205,50,50,1,-1,-1,-1
495,1,421,1026,50,50,1,-1,-1,-1
495,2,564,1185,50,50,1,-1,-1,-1
495,3,573,1201,50,50,1,-1,-1,-1
496,1,431,1035,50,50,1,-1,-1,-1
496,2,559,1135,50,50,1,-1,-1,-1
496,3,570,1090,50,50,1,-1,-1,-1
497,1,440,1043,50,50,1,-1,-1,-1
497,2,554,1061,50,50,1,-1,-1,-1
497,3,547,1093,50,50,1,-1,-1,-1
498,1,442,1050,50,50,1,-1,-1,-1
498,2,554,980,50,50,1,-1,-1,-1
498,3,534,1016,50,50,1,-1,-1,-1
499,1,443,1055,50,50,1,-1,-1,-1
499,2,555,915,50,50,1,-1,-1,-1
499,3,595,923,50,50,1,-1,-1,-1
500,1,443,1060,50,50,1,-1,-1,-1
500,2,556,855,50,50,1,-1,-1,-1
500,3,624,769,50,50,1,-1,-1,-1
501,1,441,1063,50,50,1,-1,-1,-1
501,2,556,783,50,50,1,-1,-1,-1
501,3,561,713,50,50,1,-1,-1,-1
502,1,438,1069,50,50,1,-1,-1,-1
502,2,558,710,50,50,1,-1,-1,-1
502,3,634,832,50,50,1,-1,-1,-1
503,1,436,1073,50,50,1,-1,-1,-1
503,2,559,666,50,50,1,-1,-1,-1
503,3,675,927,50,50,1,-1,-1,-1
504,1,433,1075,50,50,1,-1,-1,-1
504,2,565,637,50,50,1,-1,-1,-1
504,3,681,931,50,50,1,-1,-1,-1
505,1,430,1077,50,50,1,-1,-1,-1
505,2,562,602,50,50,1,-1,-1,-1
505,3,660,942,50,50,1,-1,-1,-1
506,1,428,1079,50,50,1,-1,-1,-1
506,2,570,559,50,50,1,-1,-1,-1
506,3,657,976,50,50,1,-1,-1,-1
507,1,426,1080,50,50,1,-1,-1,-1
507,2,567,512,50,50,1,-1,-1,-1
507,3,661,1009,50,50,1,-1,-1,-1
508,1,424,1083,50,50,1,-1,-1,-1
508,2,556,481,50,50,1,-1,-1,-1
508,3,658,1047,50,50,1,-1,-1,-1
509,1,423,1085,50,50,1,-1,-1,-1
509,2,563,460,50,50,1,-1,-1,-1
509,3,657,1084,50,50,1,-1,-1,-1
510,1,423,1087,50,50,1,-1,-1,-1
510,2,579,444,50,50,1,-1,-1,-1
510,3,649,1139,50,50,1,-1,-1,-1
511,1,425,1087,50,50,1,-1,-1,-1
511,2,574,439,50,50,1,-1,-1,-1
511,3,631,1179,50,50,1,-1,-1,-1
512,1,427,1087,50,50,1,-1,-1,-1
512,2,578,438,50,50,1,-1,-1,-1
512,3,625,1199,50,50,1,-1,-1,-1
513,1,430,1089,50,50,1,-1,-1,-1
513,2,581,444,50,50,1,-1,-1,-1
513,3,628,1196,50,50,1,-1,-1,-1
514,1,433,1091,50,50,1,-1,-1,-1
514,2,586,456,50,50,1,-1,-1,-1
514,3,633,1181,50,50,1,-1,-1,-1
515,1,436,1093,50,50,1,-1,-1,-1
515,2,589,474,50,50,1,-1,-1,-1
515,3,601,1136,50,50,1,-1,-1,-1
516,1,439,1095,50,50,1,-1,-1,-1
516,2,605,505,50,50,1,-1,-1,-1
516,3,563,1091,50,50,1,-1,-1,-1
517,1,443,1099,50,50,1,-1,-1,-1
517,2,617,549,50,50,1,-1,-1,-1
517,3,565,1067,50,50,1,-1,-1,-1
518,1,446,1107,50,50,1,-1,-1,-1
518,2,617,591,50,50,1,-1,-1,-1
518,3,563,1019,50,50,1,-1,-1,-1
519,1,447,1115,50,50,1,-1,-1,-1
519,2,631,625,50,50,1,-1,-1,-1
519,3,552,974,50,50,1,-1,-1,-1
520,1,450,1127,50,50,1,-1,-1,-1
520,2,637,671,50,50,1,-1,-1,-1
520,3,556,943,50,50,1,-1,-1,-1
521,1,454,1142,50,50,1,-1,-1,-1
521,2,646,724,50,50,1,-1,-1,-1
521,3,589,912,50,50,1,-1,-1,-1
522,1,460,1160,50,50,1,-1,-1,-1
522,2,652,784,50,50,1,-1,-1,-1
522,3,638,903,50,50,1,-1,-1,-1
523,1,467,1181,50,50,1,-1,-1,-1
523,2,661,849,50,50,1,-1,-1,-1
523,3,696,906,50,50,1,-1,-1,-1
524,1,474,1196,50,50,1,-1,-1,-1
524,2,674,915,50,50,1,-1,-1,-1
524,3,661,895,50,50,1,-1,-1,-1
525,1,485,1207,50,50,1,-1,-1,-1
525,2,656,948,50,50,1,-1,-1,-1
525,3,483,702,50,50,1,-1,-1,-1
526,1,498,1225,50,50,1,-1,-1,-1
526,2,646,972,50,50,1,-1,-1,-1
526,3,464,681,50,50,1,-1,-1,-1
527,1,512,1199,50,50,1,-1,-1,-1
527,2,641,985,50,50,1,-1,-1,-1
527,3,466,682,50,50,1,-1,-1,-1
528,1,528,1143,50,50,1,-1,-1,-1
528,2,635,994,50,50,1,-1,-1,-1
528,3,458,680,50,50,1,-1,-1,-1
529,1,511,1074,50,50,1,-1,-1,-1
529,2,634,1001,50,50,1,-1,-1,-1
529,3,450,684,50,50,1,-1,-1,-1
530,1,491,1042,50,50,1,-1,-1,-1
530,2,642,1003,50,50,1,-1,-1,-1
530,3,442,694,50,50,1,-1,-1,-1
531,1,489,963,50,50,1,-1,-1,-1
531,2,640,1021,50,50,1,-1,-1,-1
531,3,435,710,50,50,1,-1,-1,-1
532,1,518,899,50,50,1,-1,-1,-1
532,2,638,1041,50,50,1,-1,-1,-1
532,3,428,731,50,50,1,-1,-1,-1
533,1,508,830,50,50,1,-1,-1,-1
533,2,630,1060,50,50,1,-1,-1,-1
533,3,422,758,50,50,1,-1,-1,-1
534,1,501,762,50,50,1,-1,-1,-1
534,2,625,1079,50,50,1,-1,-1,-1
534,3,415,790,50,50,1,-1,-1,-1
535,1,500,707,50,50,1,-1,-1,-1
535,2,623,1095,50,50,1,-1,-1,-1
535,3,409,829,50,50,1,-1,-1,-1
536,1,494,654,50,50,1,-1,-1,-1
536,2,627,1110,50,50,1,-1,-1,-1
536,3,403,869,50,50,1,-1,-1,-1
537,1,489,608,50,50,1,-1,-1,-1
537,2,639,1124,50,50,1,-1,-1,-1
537,3,399,911,50,50,1,-1,-1,-1
538,1,484,568,50,50,1,-1,-1,-1
538,2,646,1139,50,50,1,-1,-1,-1
538,3,387,945,50,50,1,-1,-1,-1
539,1,479,533,50,50,1,-1,-1,-1
539,2,643,1142,50,50,1,-1,-1,-1
539,3,383,974,50,50,1,-1,-1,-1
540,1,475,505,50,50,1,-1,-1,-1
540,2,629,1146,50,50,1,-1,-1,-1
540,3,385,1005,50,50,1,-1,-1,-1
541,1,471,481,50,50,1,-1,-1,-1
541,2,636,1156,50,50,1,-1,-1,-1
541,3,395,1039,50,50,1,-1,-1,-1
542,1,467,466,50,50,1,-1,-1,-1
542,2,638,1155,50,50,1,-1,-1,-1
542,3,408,1074,50,50,1,-1,-1,-1
543,1,464,455,50,50,1,-1,-1,-1
543,2,660,1146,50,50,1,-1,-1,-1
543,3,404,1107,50,50,1,-1,-1,-1
544,1,461,450,50,50,1,-1,-1,-1
544,2,684,1143,50,50,1,-1,-1,-1
544,3,419,1139,50,50,1,-1,-1,-1
545,1,459,450,50,50,1,-1,-1,-1
545,2,684,1137,50,50,1,-1,-1,-1
545,3,463,1171,50,50,1,-1,-1,-1
546,1,456,456,50,50,1,-1,-1,-1
546,2,684,1133,50,50,1,-1,-1,-1
546,3,499,1191,50,50,1,-1,-1,-1
547,1,454,467,50,50,1,-1,-1,-1
547,2,686,1133,50,50,1,-1,-1,-1
547,3,511,1189,50,50,1,-1,-1,-1
548,1,453,485,50,50,1,-1,-1,-1
548,2,686,1129,50,50,1,-1,-1,-1
548,3,517,1175,50,50,1,-1,-1,-1
549,1,451,508,50,50,1,-1,-1,-1
549,2,683,1117,50,50,1,-1,-1,-1
549,3,512,1147,50,50,1,-1,-1,-1
550,1,450,537,50,50,1,-1,-1,-1
550,2,685,1125,50,50,1,-1,-1,-1
550,3,519,1096,50,50,1,-1,-1,-1
551,1,449,572,50,50,1,-1,-1,-1
551,2,682,1120,50,50,1,-1,-1,-1
551,3,527,978,50,50,1,-1,-1,-1
552,1,449,612,50,50,1,-1,-1,-1
552,2,657,1133,50,50,1,-1,-1,-1
552,3,525,926,50,50,1,-1,-1,-1
553,1,449,659,50,50,1,-1,-1,-1
553,2,654,1139,50,50,1,-1,-1,-1
553,3,532,896,50,50,1,-1,-1,-1
554,1,449,711,50,50,1,-1,-1,-1
554,2,652,1147,50,50,1,-1,-1,-1
554,3,515,851,50,50,1,-1,-1,-1
555,1,449,769,50,50,1,-1,-1,-1
555,2,649,1157,50,50,1,-1,-1,-1
555,3,452,792,50,50,1,-1,-1,-1
556,1,450,833,50,50,1,-1,-1,-1
556,2,645,1169,50,50,1,-1,-1,-1
556,3,453,857,50,50,1,-1,-1,-1
557,1,451,897,50,50,1,-1,-1,-1
557,2,641,1182,50,50,1,-1,-1,-1
557,3,484,923,50,50,1,-1,-1,-1
558,1,450,935,50,50,1,-1,-1,-1
558,2,635,1194,50,50,1,-1,-1,-1
558,3,620,1190,50,50,1,-1,-1,-1
559,1,446,964,50,50,1,-1,-1,-1
559,2,630,1205,50,50,1,-1,-1,-1
559,3,620,1217,50,50,1,-1,-1,-1
560,1,451,981,50,50,1,-1,-1,-1
560,2,620,1215,50,50,1,-1,-1,-1
560,3,609,1224,50,50,1,-1,-1,-1
561,1,453,995,50,50,1,-1,-1,-1
561,2,607,1231,50,50,1,-1,-1,-1
561,3,595,1226,50,50,1,-1,-1,-1
562,1,459,999,50,50,1,-1,-1,-1
562,2,586,1207,50,50,1,-1,-1,-1
562,3,582,1221,50,50,1,-1,-1,-1
563,1,459,1008,50,50,1,-1,-1,-1
563,2,567,1188,50,50,1,-1,-1,-1
563,3,477,1021,50,50,1,-1,-1,-1
564,1,461,1015,50,50,1,-1,-1,-1
564,2,561,1183,50,50,1,-1,-1,-1
564,3,559,659,50,50,1,-1,-1,-1
565,1,460,1022,50,50,1,-1,-1,-1
565,2,544,1132,50,50,1,-1,-1,-1
565,3,574,684,50,50,1,-1,-1,-1
566,1,456,1026,50,50,1,-1,-1,-1
566,2,537,1059,50,50,1,-1,-1,-1
566,3,581,728,50,50,1,-1,-1,-1
567,1,454,1030,50,50,1,-1,-1,-1
567,2,518,982,50,50,1,-1,-1,-1
567,3,594,747,50,50,1,-1,-1,-1
568,1,452,1033,50,50,1,-1,-1,-1
568,2,516,931,50,50,1,-1,-1,-1
568,3,596,763,50,50,1,-1,-1,-1
569,1,447,1035,50,50,1,-1,-1,-1
569,2,541,900,50,50,1,-1,-1,-1
569,3,601,805,50,50,1,-1,-1,-1
570,1,443,1038,50,50,1,-1,-1,-1
570,2,576,890,50,50,1,-1,-1,-1
570,3,607,849,50,50,1,-1,-1,-1
571,1,439,1040,50,50,1,-1,-1,-1
571,2,639,909,50,50,1,-1,-1,-1
571,3,614,889,50,50,1,-1,-1,-1
572,1,437,1042,50,50,1,-1,-1,-1
572,2,603,923,50,50,1,-1,-1,-1
572,3,625,927,50,50,1,-1,-1,-1
573,1,435,1045,50,50,1,-1,-1,-1
573,2,653,983,50,50,1,-1,-1,-1
573,3,637,959,50,50,1,-1,-1,-1
574,1,433,1048,50,50,1,-1,-1,-1
574,2,411,1049,50,50,1,-1,-1,-1
574,3,639,996,50,50,1,-1,-1,-1
575,1,432,1051,50,50,1,-1,-1,-1
575,2,409,1059,50,50,1,-1,-1,-1
575,3,636,1038,50,50,1,-1,-1,-1
576,1,431,1054,50,50,1,-1,-1,-1
576,2,411,1055,50,50,1,-1,-1,-1
576,3,633,1082,50,50,1,-1,-1,-1
577,1,430,1056,50,50,1,-1,-1,-1
577,2,410,1059,50,50,1,-1,-1,-1
577,3,632,1134,50,50,1,-1,-1,-1
578,1,430,1058,50,50,1,-1,-1,-1
578,2,410,1060,50,50,1,-1,-1,-1
578,3,625,1193,50,50,1,-1,-1,-1
579,1,430,1059,50,50,1,-1,-1,-1
579,2,409,1061,50,50,1,-1,-1,-1
579,3,599,1203,50,50,1,-1,-1,-1
580,1,430,1059,50,50,1,-1,-1,-1
580,2,409,1061,50,50,1,-1,-1,-1
580,3,580,1193,50,50,1,-1,-1,-1
581,1,430,1059,50,50,1,-1,-1,-1
581,2,409,1062,50,50,1,-1,-1,-1
581,3,566,1172,50,50,1,-1,-1,-1
582,1,430,1061,50,50,1,-1,-1,-1
582,2,409,1064,50,50,1,-1,-1,-1
582,3,560,1171,50,50,1,-1,-1,-1
583,1,431,1064,50,50,1,-1,-1,-1
583,2,410,1068,50,50,1,-1,-1,-1
583,3,571,1141,50,50,1,-1,-1,-1
584,1,432,1070,50,50,1,-1,-1,-1
584,2,411,1073,50,50,1,-1,-1,-1
584,3,578,1112,50,50,1,-1,-1,-1
585,1,436,1081,50,50,1,-1,-1,-1
585,2,413,1081,50,50,1,-1,-1,-1
585,3,541,1065,50,50,1,-1,-1,-1
586,1,438,1092,50,50,1,-1,-1,-1
586,2,417,1091,50,50,1,-1,-1,-1
586,3,519,1011,50,50,1,-1,-1,-1
587,1,442,1104,50,50,1,-1,-1,-1
587,2,420,1103,50,50,1,-1,-1,-1
587,3,512,973,50,50,1,-1,-1,-1
588,1,446,1122,50,50,1,-1,-1,-1
588,2,431,1136,50,50,1,-1,-1,-1
588,3,520,953,50,50,1,-1,-1,-1
589,1,450,1141,50,50,1,-1,-1,-1
589,2,425,1161,50,50,1,-1,-1,-1
589,3,527,929,50,50,1,-1,-1,-1
590,1,452,1162,50,50,1,-1,-1,-1
590,2,581,965,50,50,1,-1,-1,-1
590,3,543,902,50,50,1,-1,-1,-1
591,1,459,1184,50,50,1,-1,-1,-1
591,2,597,790,50,50,1,-1,-1,-1
591,3,583,891,50,50,1,-1,-1,-1
592,1,465,1204,50,50,1,-1,-1,-1
592,2,483,745,50,50,1,-1,-1,-1
592,3,629,897,50,50,1,-1,-1,-1
593,1,473,1214,50,50,1,-1,-1,-1
593,2,475,729,50,50,1,-1,-1,-1
593,3,635,905,50,50,1,-1,-1,-1
594,1,486,1217,50,50,1,-1,-1,-1
594,2,469,718,50,50,1,-1,-1,-1
594,3,627,931,50,50,1,-1,-1,-1
595,1,501,1211,50,50,1,-1,-1,-1
595,2,448,710,50,50,1,-1,-1,-1
595,3,625,963,50,50,1,-1,-1,-1
596,1,519,1193,50,50,1,-1,-1,-1
596,2,448,704,50,50,1,-1,-1,-1
596,3,644,989,50,50,1,-1,-1,-1
597,1,529,1188,50,50,1,-1,-1,-1
597,2,442,711,50,50,1,-1,-1,-1
597,3,636,994,50,50,1,-1,-1,-1
598,1,534,1135,50,50,1,-1,-1,-1
598,2,434,724,50,50,1,-1,-1,-1
598,3,642,1018,50,50,1,-1,-1,-1
599,1,543,1057,50,50,1,-1,-1,-1
599,2,429,744,50,50,1,-1,-1,-1
599,3,646,1039,50,50,1,-1,-1,-1
600,1,534,999,50,50,1,-1,-1,-1
600,2,423,767,50,50,1,-1,-1,-1
600,3,645,1055,50,50,1,-1,-1,-1
601,1,529,947,50,50,1,-1,-1,-1
601,2,416,800,50,50,1,-1,-1,-1
601,3,650,1068,50,50,1,-1,-1,-1
602,1,507,932,50,50,1,-1,-1,-1
602,2,427,836,50,50,1,-1,-1,-1
602,3,659,1087,50,50,1,-1,-1,-1
603,1,487,929,50,50,1,-1,-1,-1
603,2,438,886,50,50,1,-1,-1,-1
603,3,652,1079,50,50,1,-1,-1,-1
604,1,467,938,50,50,1,-1,-1,-1
604,2,458,935,50,50,1,-1,-1,-1
604,3,636,1075,50,50,1,-1,-1,-1
605,1,451,945,50,50,1,-1,-1,-1
605,2,433,937,50,50,1,-1,-1,-1
605,3,642,1074,50,50,1,-1,-1,-1
606,1,428,970,50,50,1,-1,-1,-1
606,2,406,968,50,50,1,-1,-1,-1
606,3,645,1077,50,50,1,-1,-1,-1
607,1,427,995,50,50,1,-1,-1,-1
607,2,430,1009,50,50,1,-1,-1,-1
607,3,671,1092,50,50,1,-1,-1,-1
608,1,429,1021,50,50,1,-1,-1,-1
608,2,436,1033,50,50,1,-1,-1,-1
608,3,695,1107,50,50,1,-1,-1,-1
609,1,676,1095,50,50,1,-1,-1,-1
609,2,433,1054,50,50,1,-1,-1,-1
609,3,687,1099,50,50,1,-1,-1,-1
610,1,447,1101,50,50,1,-1,-1,-1
610,2,439,1086,50,50,1,-1,-1,-1
610,3,676,1097,50,50,1,-1,-1,-1
611,1,465,1129,50,50,1,-1,-1,-1
611,2,433,1116,50,50,1,-1,-1,-1
611,3,675,1098,50,50,1,-1,-1,-1
612,1,681,1109,50,50,1,-1,-1,-1
612,2,453,1157,50,50,1,-1,-1,-1
612,3,675,1098,50,50,1,-1,-1,-1
613,1,687,1105,50,50,1,-1,-1,-1
613,2,473,1198,50,50,1,-1,-1,-1
613,3,673,1098,50,50,1,-1,-1,-1
614,1,677,1111,50,50,1,-1,-1,-1
614,2,482,1195,50,50,1,-1,-1,-1
614,3,671,1098,50,50,1,-1,-1,-1
615,1,676,1111,50,50,1,-1,-1,-1
615,2,481,1168,50,50,1,-1,-1,-1
615,3,669,1099,50,50,1,-1,-1,-1
616,1,675,1111,50,50,1,-1,-1,-1
616,2,500,1147,50,50,1,-1,-1,-1
616,3,667,1100,50,50,1,-1,-1,-1
617,1,649,1125,50,50,1,-1,-1,-1
617,2,506,1101,50,50,1,-1,-1,-1
617,3,664,1103,50,50,1,-1,-1,-1
618,1,642,1102,50,50,1,-1,-1,-1
618,2,521,1047,50,50,1,-1,-1,-1
618,3,662,1107,50,50,1,-1,-1,-1
619,1,639,1109,50,50,1,-1,-1,-1
619,2,529,1000,50,50,1,-1,-1,-1
619,3,657,1115,50,50,1,-1,-1,-1
620,1,635,1127,50,50,1,-1,-1,-1
620,2,531,965,50,50,1,-1,-1,-1
620,3,652,1127,50,50,1,-1,-1,-1
621,1,627,1154,50,50,1,-1,-1,-1
621,2,515,942,50,50,1,-1,-1,-1
621,3,646,1139,50,50,1,-1,-1,-1
622,1,615,1167,50,50,1,-1,-1,-1
622,2,483,919,50,50,1,-1,-1,-1
622,3,636,1157,50,50,1,-1,-1,-1
623,1,613,1178,50,50,1,-1,-1,-1
623,2,433,915,50,50,1,-1,-1,-1
623,3,626,1171,50,50,1,-1,-1,-1
624,1,615,1199,50,50,1,-1,-1,-1
624,2,425,913,50,50,1,-1,-1,-1
624,3,620,1186,50,50,1,-1,-1,-1
625,1,623,1213,50,50,1,-1,-1,-1
625,2,410,948,50,50,1,-1,-1,-1
625,3,612,1200,50,50,1,-1,-1,-1
626,1,595,1223,50,50,1,-1,-1,-1
626,2,402,984,50,50,1,-1,-1,-1
626,3,601,1210,50,50,1,-1,-1,-1
627,1,575,1213,50,50,1,-1,-1,-1
627,2,404,997,50,50,1,-1,-1,-1
627,3,592,1213,50,50,1,-1,-1,-1
628,1,561,1192,50,50,1,-1,-1,-1
628,2,412,1000,50,50,1,-1,-1,-1
628,3,571,1211,50,50,1,-1,-1,-1
629,1,561,1176,50,50,1,-1,-1,-1
629,2,419,1013,50,50,1,-1,-1,-1
629,3,395,1019,50,50,1,-1,-1,-1
630,1,557,1163,50,50,1,-1,-1,-1
630,2,425,1025,50,50,1,-1,-1,-1
630,3,571,763,50,50,1,-1,-1,-1
631,1,545,1101,50,50,1,-1,-1,-1
631,2,431,1036,50,50,1,-1,-1,-1
631,3,592,791,50,50,1,-1,-1,-1
632,1,535,1029,50,50,1,-1,-1,-1
632,2,434,1044,50,50,1,-1,-1,-1
632,3,540,977,50,50,1,-1,-1,-1
633,1,525,961,50,50,1,-1,-1,-1
633,2,438,1053,50,50,1,-1,-1,-1
633,3,457,1069,50,50,1,-1,-1,-1
634,1,554,936,50,50,1,-1,-1,-1
634,2,438,1058,50,50,1,-1,-1,-1
634,3,424,1044,50,50,1,-1,-1,-1
635,1,599,935,50,50,1,-1,-1,-1
635,2,438,1061,50,50,1,-1,-1,-1
635,3,423,1047,50,50,1,-1,-1,-1
636,1,629,945,50,50,1,-1,-1,-1
636,2,436,1065,50,50,1,-1,-1,-1
636,3,423,1049,50,50,1,-1,-1,-1
637,1,663,972,50,50,1,-1,-1,-1
637,2,435,1068,50,50,1,-1,-1,-1
637,3,424,1051,50,50,1,-1,-1,-1
638,1,647,997,50,50,1,-1,-1,-1
638,2,434,1068,50,50,1,-1,-1,-1
638,3,422,1052,50,50,1,-1,-1,-1
639,1,645,1023,50,50,1,-1,-1,-1
639,2,431,1071,50,50,1,-1,-1,-1
639,3,418,1054,50,50,1,-1,-1,-1
640,1,640,1054,50,50,1,-1,-1,-1
640,2,430,1073,50,50,1,-1,-1,-1
640,3,416,1055,50,50,1,-1,-1,-1
641,1,628,1086,50,50,1,-1,-1,-1
641,2,428,1075,50,50,1,-1,-1,-1
641,3,415,1056,50,50,1,-1,-1,-1
642,1,611,1134,50,50,1,-1,-1,-1
642,2,428,1076,50,50,1,-1,-1,-1
642,3,423,1058,50,50,1,-1,-1,-1
643,1,604,1168,50,50,1,-1,-1,-1
643,2,428,1077,50,50,1,-1,-1,-1
643,3,436,1066,50,50,1,-1,-1,-1
644,1,625,1183,50,50,1,-1,-1,-1
644,2,429,1078,50,50,1,-1,-1,-1
644,3,435,1066,50,50,1,-1,-1,-1
645,1,633,1176,50,50,1,-1,-1,-1
645,2,430,1078,50,50,1,-1,-1,-1
645,3,425,1060,50,50,1,-1,-1,-1
646,1,629,1170,50,50,1,-1,-1,-1
646,2,431,1079,50,50,1,-1,-1,-1
646,3,417,1059,50,50,1,-1,-1,-1
647,1,618,1169,50,50,1,-1,-1,-1
647,2,434,1081,50,50,1,-1,-1,-1
647,3,418,1060,50,50,1,-1,-1,-1
648,1,587,1115,50,50,1,-1,-1,-1
648,2,437,1083,50,50,1,-1,-1,-1
648,3,420,1062,50,50,1,-1,-1,-1
649,1,552,1051,50,50,1,-1,-1,-1
649,2,439,1087,50,50,1,-1,-1,-1
649,3,421,1064,50,50,1,-1,-1,-1
650,1,557,960,50,50,1,-1,-1,-1
650,2,442,1092,50,50,1,-1,-1,-1
650,3,421,1065,50,50,1,-1,-1,-1
651,1,590,907,50,50,1,-1,-1,-1
651,2,443,1098,50,50,1,-1,-1,-1
651,3,424,1071,50,50,1,-1,-1,-1
652,1,591,870,50,50,1,-1,-1,-1
652,2,445,1104,50,50,1,-1,-1,-1
652,3,423,1105,50,50,1,-1,-1,-1
653,1,591,863,50,50,1,-1,-1,-1
653,2,449,1113,50,50,1,-1,-1,-1
653,3,427,1114,50,50,1,-1,-1,-1
654,1,612,869,50,50,1,-1,-1,-1
654,2,452,1124,50,50,1,-1,-1,-1
654,3,431,1124,50,50,1,-1,-1,-1
655,1,637,874,50,50,1,-1,-1,-1
655,2,459,1138,50,50,1,-1,-1,-1
655,3,437,1136,50,50,1,-1,-1,-1
656,1,638,880,50,50,1,-1,-1,-1
656,2,462,1153,50,50,1,-1,-1,-1
656,3,478,1149,50,50,1,-1,-1,-1
657,1,654,881,50,50,1,-1,-1,-1
657,2,468,1167,50,50,1,-1,-1,-1
657,3,485,1163,50,50,1,-1,-1,-1
658,1,707,872,50,50,1,-1,-1,-1
658,2,489,1192,50,50,1,-1,-1,-1
658,3,477,1179,50,50,1,-1,-1,-1
659,1,725,899,50,50,1,-1,-1,-1
659,2,489,1206,50,50,1,-1,-1,-1
659,3,471,1207,50,50,1,-1,-1,-1
660,1,711,918,50,50,1,-1,-1,-1
660,2,491,1210,50,50,1,-1,-1,-1
660,3,503,1207,50,50,1,-1,-1,-1
661,1,681,947,50,50,1,-1,-1,-1
661,2,495,1198,50,50,1,-1,-1,-1
661,3,536,1182,50,50,1,-1,-1,-1
662,1,657,978,50,50,1,-1,-1,-1
662,2,506,1181,50,50,1,-1,-1,-1
662,3,539,1158,50,50,1,-1,-1,-1
663,1,674,1008,50,50,1,-1,-1,-1
663,2,523,1156,50,50,1,-1,-1,-1
663,3,513,1144,50,50,1,-1,-1,-1
664,1,673,1035,50,50,1,-1,-1,-1
664,2,547,1115,50,50,1,-1,-1,-1
664,3,523,1097,50,50,1,-1,-1,-1
665,1,672,1060,50,50,1,-1,-1,-1
665,2,567,1031,50,50,1,-1,-1,-1
665,3,558,1038,50,50,1,-1,-1,-1
666,1,679,1081,50,50,1,-1,-1,-1
666,2,536,932,50,50,1,-1,-1,-1
666,3,535,913,50,50,1,-1,-1,-1
667,1,679,1100,50,50,1,-1,-1,-1
667,2,518,857,50,50,1,-1,-1,-1
667,3,458,771,50,50,1,-1,-1,-1
668,1,680,1111,50,50,1,-1,-1,-1
668,2,501,788,50,50,1,-1,-1,-1
668,3,445,799,50,50,1,-1,-1,-1
669,1,679,1118,50,50,1,-1,-1,-1
669,2,497,723,50,50,1,-1,-1,-1
669,3,452,900,50,50,1,-1,-1,-1
670,1,679,1124,50,50,1,-1,-1,-1
670,2,488,673,50,50,1,-1,-1,-1
670,3,443,925,50,50,1,-1,-1,-1
671,1,679,1129,50,50,1,-1,-1,-1
671,2,476,626,50,50,1,-1,-1,-1
671,3,437,937,50,50,1,-1,-1,-1
672,1,678,1132,50,50,1,-1,-1,-1
672,2,466,588,50,50,1,-1,-1,-1
672,3,427,973,50,50,1,-1,-1,-1
673,1,676,1135,50,50,1,-1,-1,-1
673,2,457,554,50,50,1,-1,-1,-1
673,3,424,1005,50,50,1,-1,-1,-1
674,1,674,1137,50,50,1,-1,-1,-1
674,2,446,524,50,50,1,-1,-1,-1
674,3,426,1035,50,50,1,-1,-1,-1
675,1,673,1137,50,50,1,-1,-1,-1
675,2,437,502,50,50,1,-1,-1,-1
675,3,430,1065,50,50,1,-1,-1,-1
676,1,672,1136,50,50,1,-1,-1,-1
676,2,429,488,50,50,1,-1,-1,-1
676,3,420,1093,50,50,1,-1,-1,-1
677,1,670,1134,50,50,1,-1,-1,-1
677,2,420,477,50,50,1,-1,-1,-1
677,3,425,1157,50,50,1,-1,-1,-1
678,1,667,1130,50,50,1,-1,-1,-1
678,2,412,472,50,50,1,-1,-1,-1
678,3,455,1164,50,50,1,-1,-1,-1
679,1,665,1127,50,50,1,-1,-1,-1
679,2,404,473,50,50,1,-1,-1,-1
679,3,485,1160,50,50,1,-1,-1,-1
680,1,663,1124,50,50,1,-1,-1,-1
680,2,397,480,50,50,1,-1,-1,-1
680,3,490,1177,50,50,1,-1,-1,-1
681,1,660,1121,50,50,1,-1,-1,-1
681,2,389,492,50,50,1,-1,-1,-1
681,3,473,1189,50,50,1,-1,-1,-1
682,1,657,1118,50,50,1,-1,-1,-1
682,2,382,511,50,50,1,-1,-1,-1
682,3,473,1180,50,50,1,-1,-1,-1
683,1,655,1116,50,50,1,-1,-1,-1
683,2,376,534,50,50,1,-1,-1,-1
683,3,485,1144,50,50,1,-1,-1,-1
684,1,653,1115,50,50,1,-1,-1,-1
684,2,369,563,50,50,1,-1,-1,-1
684,3,497,1093,50,50,1,-1,-1,-1
685,1,650,1114,50,50,1,-1,-1,-1
685,2,363,599,50,50,1,-1,-1,-1
685,3,497,1039,50,50,1,-1,-1,-1
686,1,648,1115,50,50,1,-1,-1,-1
686,2,357,640,50,50,1,-1,-1,-1
686,3,491,1001,50,50,1,-1,-1,-1
687,1,645,1115,50,50,1,-1,-1,-1
687,2,352,686,50,50,1,-1,-1,-1
687,3,484,966,50,50,1,-1,-1,-1
688,1,638,1117,50,50,1,-1,-1,-1
688,2,347,739,50,50,1,-1,-1,-1
688,3,454,948,50,50,1,-1,-1,-1
689,1,635,1119,50,50,1,-1,-1,-1
689,2,342,797,50,50,1,-1,-1,-1
689,3,419,942,50,50,1,-1,-1,-1
690,1,633,1122,50,50,1,-1,-1,-1
690,2,337,861,50,50,1,-1,-1,-1
690,3,385,937,50,50,1,-1,-1,-1
691,1,630,1126,50,50,1,-1,-1,-1
691,2,335,923,50,50,1,-1,-1,-1
691,3,353,933,50,50,1,-1,-1,-1
692,1,631,1125,50,50,1,-1,-1,-1
692,2,495,733,50,50,1,-1,-1,-1
692,3,331,955,50,50,1,-1,-1,-1
693,1,630,1122,50,50,1,-1,-1,-1
693,2,490,708,50,50,1,-1,-1,-1
693,3,336,971,50,50,1,-1,-1,-1
694,1,632,1115,50,50,1,-1,-1,-1
694,2,496,698,50,50,1,-1,-1,-1
694,3,341,984,50,50,1,-1,-1,-1
695,1,633,1107,50,50,1,-1,-1,-1
695,2,501,693,50,50,1,-1,-1,-1
695,3,351,1002,50,50,1,-1,-1,-1
696,1,638,1097,50,50,1,-1,-1,-1
696,2,506,694,50,50,1,-1,-1,-1
696,3,355,1023,50,50,1,-1,-1,-1
697,1,640,1087,50,50,1,-1,-1,-1
697,2,510,702,50,50,1,-1,-1,-1
697,3,367,1039,50,50,1,-1,-1,-1
698,1,643,1080,50,50,1,-1,-1,-1
698,2,516,715,50,50,1,-1,-1,-1
698,3,397,1047,50,50,1,-1,-1,-1
699,1,643,1073,50,50,1,-1,-1,-1
699,2,526,723,50,50,1,-1,-1,-1
699,3,419,1061,50,50,1,-1,-1,-1
700,1,640,1067,50,50,1,-1,-1,-1
700,2,533,773,50,50,1,-1,-1,-1
700,3,427,1061,50,50,1,-1,-1,-1
701,1,637,1063,50,50,1,-1,-1,-1
701,2,540,803,50,50,1,-1,-1,-1
701,3,432,1072,50,50,1,-1,-1,-1
702,1,635,1061,50,50,1,-1,-1,-1
702,2,551,835,50,50,1,-1,-1,-1
702,3,436,1074,50,50,1,-1,-1,-1
703,1,632,1062,50,50,1,-1,-1,-1
703,2,555,886,50,50,1,-1,-1,-1
703,3,435,1077,50,50,1,-1,-1,-1
704,1,629,1065,50,50,1,-1,-1,-1
704,2,568,948,50,50,1,-1,-1,-1
704,3,437,1077,50,50,1,-1,-1,-1
705,1,625,1067,50,50,1,-1,-1,-1
705,2,569,1012,50,50,1,-1,-1,-1
705,3,436,1078,50,50,1,-1,-1,-1
706,1,591,1045,50,50,1,-1,-1,-1
706,2,553,1049,50,50,1,-1,-1,-1
706,3,437,1078,50,50,1,-1,-1,-1
707,1,584,1042,50,50,1,-1,-1,-1
707,2,561,1061,50,50,1,-1,-1,-1
707,3,437,1078,50,50,1,-1,-1,-1
708,1,585,1039,50,50,1,-1,-1,-1
708,2,571,1075,50,50,1,-1,-1,-1
708,3,437,1078,50,50,1,-1,-1,-1
709,1,605,1049,50,50,1,-1,-1,-1
709,2,593,1064,50,50,1,-1,-1,-1
709,3,436,1075,50,50,1,-1,-1,-1
710,1,609,1054,50,50,1,-1,-1,-1
710,2,607,1045,50,50,1,-1,-1,-1
710,3,435,1075,50,50,1,-1,-1,-1
711,1,613,1052,50,50,1,-1,-1,-1
711,2,614,1077,50,50,1,-1,-1,-1
711,3,434,1075,50,50,1,-1,-1,-1
712,1,618,1051,50,50,1,-1,-1,-1
712,2,621,1073,50,50,1,-1,-1,-1
712,3,432,1074,50,50,1,-1,-1,-1
713,1,622,1050,50,50,1,-1,-1,-1
713,2,631,1037,50,50,1,-1,-1,-1
713,3,432,1074,50,50,1,-1,-1,-1
714,1,627,1048,50,50,1,-1,-1,-1
714,2,636,1036,50,50,1,-1,-1,-1
714,3,431,1074,50,50,1,-1,-1,-1
715,1,631,1048,50,50,1,-1,-1,-1
715,2,588,1049,50,50,1,-1,-1,-1
715,3,432,1073,50,50,1,-1,-1,-1
716,1,635,1047,50,50,1,-1,-1,-1
716,2,585,1060,50,50,1,-1,-1,-1
716,3,432,1073,50,50,1,-1,-1,-1
717,1,638,1046,50,50,1,-1,-1,-1
717,2,589,1061,50,50,1,-1,-1,-1
717,3,434,1071,50,50,1,-1,-1,-1
718,1,641,1046,50,50,1,-1,-1,-1
718,2,592,1063,50,50,1,-1,-1,-1
718,3,434,1071,50,50,1,-1,-1,-1
719,1,644,1046,50,50,1,-1,-1,-1
719,2,595,1063,50,50,1,-1,-1,-1
719,3,435,1070,50,50,1,-1,-1,-1
720,1,645,1045,50,50,1,-1,-1,-1
720,2,595,1060,50,50,1,-1,-1,-1
720,3,437,1070,50,50,1,-1,-1,-1
721,1,647,1046,50,50,1,-1,-1,-1
721,2,598,1061,50,50,1,-1,-1,-1
721,3,438,1070,50,50,1,-1,-1,-1
722,1,649,1046,50,50,1,-1,-1,-1
722,2,599,1062,50,50,1,-1,-1,-1
722,3,438,1068,50,50,1,-1,-1,-1
723,1,652,1047,50,50,1,-1,-1,-1
723,2,602,1064,50,50,1,-1,-1,-1
723,3,439,1066,50,50,1,-1,-1,-1
724,1,653,1048,50,50,1,-1,-1,-1
724,2,604,1065,50,50,1,-1,-1,-1
724,3,440,1066,50,50,1,-1,-1,-1
725,1,655,1048,50,50,1,-1,-1,-1
725,2,610,1053,50,50,1,-1,-1,-1
725,3,441,1065,50,50,1,-1,-1,-1
726,1,657,1048,50,50,1,-1,-1,-1
726,2,635,1035,50,50,1,-1,-1,-1
726,3,441,1064,50,50,1,-1,-1,-1
727,1,658,1048,50,50,1,-1,-1,-1
727,2,668,1037,50,50,1,-1,-1,-1
727,3,442,1064,50,50,1,-1,-1,-1
728,1,660,1049,50,50,1,-1,-1,-1
728,2,676,1045,50,50,1,-1,-1,-1
728,3,442,1064,50,50,1,-1,-1,-1
729,1,660,1049,50,50,1,-1,-1,-1
729,2,676,1044,50,50,1,-1,-1,-1
729,3,436,1062,50,50,1,-1,-1,-1
730,1,664,1051,50,50,1,-1,-1,-1
730,2,677,1044,50,50,1,-1,-1,-1
730,3,420,1057,50,50,1,-1,-1,-1
731,1,664,1051,50,50,1,-1,-1,-1
731,2,677,1044,50,50,1,-1,-1,-1
731,3,423,1058,50,50,1,-1,-1,-1
732,1,664,1051,50,50,1,-1,-1,-1
732,2,677,1044,50,50,1,-1,-1,-1
732,3,422,1058,50,50,1,-1,-1,-1
733,1,663,1051,50,50,1,-1,-1,-1
733,2,677,1043,50,50,1,-1,-1,-1
733,3,418,1056,50,50,1,-1,-1,-1
734,1,663,1051,50,50,1,-1,-1,-1
734,2,677,1043,50,50,1,-1,-1,-1
734,3,424,1059,50,50,1,-1,-1,-1
735,1,661,1048,50,50,1,-1,-1,-1
735,2,678,1042,50,50,1,-1,-1,-1
735,3,424,1060,50,50,1,-1,-1,-1
736,1,654,1041,50,50,1,-1,-1,-1
736,2,678,1042,50,50,1,-1,-1,-1
736,3,428,1061,50,50,1,-1,-1,-1
737,1,644,1041,50,50,1,-1,-1,-1
737,2,679,1042,50,50,1,-1,-1,-1
737,3,440,1065,50,50,1,-1,-1,-1
738,1,645,1042,50,50,1,-1,-1,-1
738,2,680,1042,50,50,1,-1,-1,-1
738,3,439,1064,50,50,1,-1,-1,-1
739,1,657,1044,50,50,1,-1,-1,-1
739,2,681,1043,50,50,1,-1,-1,-1
739,3,427,1060,50,50,1,-1,-1,-1
740,1,666,1052,50,50,1,-1,-1,-1
740,2,681,1043,50,50,1,-1,-1,-1
740,3,428,1060,50,50,1,-1,-1,-1
741,1,666,1054,50,50,1,-1,-1,-1
741,2,682,1044,50,50,1,-1,-1,-1
741,3,427,1060,50,50,1,-1,-1,-1
742,1,667,1054,50,50,1,-1,-1,-1
742,2,682,1045,50,50,1,-1,-1,-1
742,3,428,1060,50,50,1,-1,-1,-1
743,1,668,1055,50,50,1,-1,-1,-1
743,2,682,1045,50,50,1,-1,-1,-1
743,3,429,1061,50,50,1,-1,-1,-1
744,1,668,1055,50,50,1,-1,-1,-1
744,2,682,1045,50,50,1,-1,-1,-1
744,3,430,1060,50,50,1,-1,-1,-1
745,1,669,1058,50,50,1,-1,-1,-1
745,2,673,1044,50,50,1,-1,-1,-1
745,3,431,1061,50,50,1,-1,-1,-1
746,1,670,1059,50,50,1,-1,-1,-1
746,2,680,1045,50,50,1,-1,-1,-1
746,3,431,1061,50,50,1,-1,-1,-1
747,1,669,1060,50,50,1,-1,-1,-1
747,2,680,1046,50,50,1,-1,-1,-1
747,3,431,1061,50,50,1,-1,-1,-1
748,1,669,1061,50,50,1,-1,-1,-1
748,2,680,1048,50,50,1,-1,-1,-1
748,3,431,1061,50,50,1,-1,-1,-1
749,1,668,1064,50,50,1,-1,-1,-1
749,2,454,1069,50,50,1,-1,-1,-1
749,3,432,1061,50,50,1,-1,-1,-1
750,1,666,1065,50,50,1,-1,-1,-1
750,2,455,1069,50,50,1,-1,-1,-1
750,3,432,1061,50,50,1,-1,-1,-1
751,1,665,1066,50,50,1,-1,-1,-1
751,2,470,1079,50,50,1,-1,-1,-1
751,3,432,1061,50,50,1,-1,-1,-1
752,1,664,1066,50,50,1,-1,-1,-1
752,2,456,1069,50,50,1,-1,-1,-1
752,3,433,1061,50,50,1,-1,-1,-1
753,1,663,1066,50,50,1,-1,-1,-1
753,2,456,1069,50,50,1,-1,-1,-1
753,3,433,1061,50,50,1,-1,-1,-1
754,1,662,1065,50,50,1,-1,-1,-1
754,2,457,1070,50,50,1,-1,-1,-1
754,3,433,1061,50,50,1,-1,-1,-1
755,1,661,1064,50,50,1,-1,-1,-1
755,2,457,1070,50,50,1,-1,-1,-1
755,3,434,1061,50,50,1,-1,-1,-1
756,1,660,1063,50,50,1,-1,-1,-1
756,2,458,1071,50,50,1,-1,-1,-1
756,3,435,1061,50,50,1,-1,-1,-1
757,1,660,1062,50,50,1,-1,-1,-1
757,2,458,1070,50,50,1,-1,-1,-1
757,3,436,1060,50,50,1,-1,-1,-1
758,1,659,1061,50,50,1,-1,-1,-1
758,2,459,1070,50,50,1,-1,-1,-1
758,3,436,1061,50,50,1,-1,-1,-1
759,1,659,1060,50,50,1,-1,-1,-1
759,2,459,1070,50,50,1,-1,-1,-1
759,3,436,1060,50,50,1,-1,-1,-1
760,1,660,1060,50,50,1,-1,-1,-1
760,2,460,1070,50,50,1,-1,-1,-1
760,3,437,1060,50,50,1,-1,-1,-1
761,1,660,1059,50,50,1,-1,-1,-1
761,2,460,1069,50,50,1,-1,-1,-1
761,3,437,1060,50,50,1,-1,-1,-1
762,1,660,1059,50,50,1,-1,-1,-1
762,2,460,1069,50,50,1,-1,-1,-1
762,3,437,1060,50,50,1,-1,-1,-1
763,1,659,1060,50,50,1,-1,-1,-1
763,2,461,1068,50,50,1,-1,-1,-1
763,3,437,1060,50,50,1,-1,-1,-1
764,1,659,1060,50,50,1,-1,-1,-1
764,2,461,1069,50,50,1,-1,-1,-1
764,3,437,1060,50,50,1,-1,-1,-1
