2,1,501,1115,50,50,1,-1,-1,-1
2,2,600,1236,50,50,1,-1,-1,-1
3,1,500,1110,50,50,1,-1,-1,-1
3,2,591,1238,50,50,1,-1,-1,-1
4,1,498,1099,50,50,1,-1,-1,-1
4,2,593,1241,50,50,1,-1,-1,-1
5,1,497,1095,50,50,1,-1,-1,-1
5,2,583,1239,50,50,1,-1,-1,-1
6,1,507,1095,50,50,1,-1,-1,-1
6,2,575,1240,50,50,1,-1,-1,-1
7,1,505,1097,50,50,1,-1,-1,-1
7,2,572,1233,50,50,1,-1,-1,-1
8,1,501,1103,50,50,1,-1,-1,-1
8,2,568,1225,50,50,1,-1,-1,-1
9,1,491,1117,50,50,1,-1,-1,-1
9,2,562,1214,50,50,1,-1,-1,-1
10,1,488,1132,50,50,1,-1,-1,-1
11,1,484,1158,50,50,1,-1,-1,-1
12,1,484,1190,50,50,1,-1,-1,-1
13,1,483,1230,50,50,1,-1,-1,-1
13,2,555,1128,50,50,1,-1,-1,-1
14,1,483,1275,50,50,1,-1,-1,-1
14,2,556,1109,50,50,1,-1,-1,-1
15,1,482,1320,50,50,1,-1,-1,-1
15,2,559,1110,50,50,1,-1,-1,-1
16,1,483,1351,50,50,1,-1,-1,-1
16,2,547,1118,50,50,1,-1,-1,-1
17,1,487,1355,50,50,1,-1,-1,-1
17,2,549,1114,50,50,1,-1,-1,-1
18,1,496,1328,50,50,1,-1,-1,-1
18,2,560,1107,50,50,1,-1,-1,-1
19,1,500,1268,50,50,1,-1,-1,-1
19,2,570,1133,50,50,1,-1,-1,-1
20,1,512,1189,50,50,1,-1,-1,-1
21,1,518,1113,50,50,1,-1,-1,-1
21,2,577,1216,50,50,1,-1,-1,-1
22,1,483,1068,50,50,1,-1,-1,-1
22,2,562,1252,50,50,1,-1,-1,-1
23,1,545,964,50,50,1,-1,-1,-1
23,2,574,1326,50,50,1,-1,-1,-1
24,1,544,914,50,50,1,-1,-1,-1
24,2,566,1354,50,50,1,-1,-1,-1
25,1,547,865,50,50,1,-1,-1,-1
25,2,553,1344,50,50,1,-1,-1,-1
26,1,552,817,50,50,1,-1,-1,-1
26,2,544,1329,50,50,1,-1,-1,-1
26,3,472,1059,50,50,1,-1,-1,-1
27,1,557,774,50,50,1,-1,-1,-1
27,2,526,1275,50,50,1,-1,-1,-1
27,3,467,1114,50,50,1,-1,-1,-1
28,1,562,737,50,50,1,-1,-1,-1
28,2,460,1179,50,50,1,-1,-1,-1
29,1,567,706,50,50,1,-1,-1,-1
29,2,513,1132,50,50,1,-1,-1,-1
29,3,460,1242,50,50,1,-1,-1,-1
30,1,575,682,50,50,1,-1,-1,-1
30,2,503,1089,50,50,1,-1,-1,-1
30,3,473,1303,50,50,1,-1,-1,-1
31,1,581,663,50,50,1,-1,-1,-1
31,2,490,1024,50,50,1,-1,-1,-1
31,3,478,1333,50,50,1,-1,-1,-1
32,1,586,647,50,50,1,-1,-1,-1
32,2,484,958,50,50,1,-1,-1,-1
32,3,498,1310,50,50,1,-1,-1,-1
33,1,592,637,50,50,1,-1,-1,-1
33,2,487,914,50,50,1,-1,-1,-1
33,3,508,1255,50,50,1,-1,-1,-1
33,4,554,1131,50,50,1,-1,-1,-1
34,1,598,631,50,50,1,-1,-1,-1
34,2,482,873,50,50,1,-1,-1,-1
34,3,510,1186,50,50,1,-1,-1,-1
35,1,604,631,50,50,1,-1,-1,-1
35,2,477,836,50,50,1,-1,-1,-1
35,3,517,1114,50,50,1,-1,-1,-1
35,4,571,1232,50,50,1,-1,-1,-1
36,1,611,636,50,50,1,-1,-1,-1
36,2,472,806,50,50,1,-1,-1,-1
36,3,510,1076,50,50,1,-1,-1,-1
36,4,568,1288,50,50,1,-1,-1,-1
37,1,617,645,50,50,1,-1,-1,-1
37,2,467,780,50,50,1,-1,-1,-1
37,3,529,992,50,50,1,-1,-1,-1
37,4,589,1337,50,50,1,-1,-1,-1
38,1,624,658,50,50,1,-1,-1,-1
38,2,464,764,50,50,1,-1,-1,-1
38,3,533,921,50,50,1,-1,-1,-1
38,4,592,1341,50,50,1,-1,-1,-1
39,1,629,673,50,50,1,-1,-1,-1
39,2,460,751,50,50,1,-1,-1,-1
39,3,537,880,50,50,1,-1,-1,-1
39,4,588,1318,50,50,1,-1,-1,-1
40,1,636,697,50,50,1,-1,-1,-1
40,2,456,741,50,50,1,-1,-1,-1
40,3,544,833,50,50,1,-1,-1,-1
40,4,577,1228,50,50,1,-1,-1,-1
41,1,651,760,50,50,1,-1,-1,-1
41,2,448,737,50,50,1,-1,-1,-1
41,3,557,756,50,50,1,-1,-1,-1
41,4,566,1107,50,50,1,-1,-1,-1
41,5,493,1229,50,50,1,-1,-1,-1
42,1,659,800,50,50,1,-1,-1,-1
42,2,444,742,50,50,1,-1,-1,-1
42,3,565,727,50,50,1,-1,-1,-1
42,4,567,1058,50,50,1,-1,-1,-1
42,5,505,1290,50,50,1,-1,-1,-1
43,1,667,844,50,50,1,-1,-1,-1
43,2,440,752,50,50,1,-1,-1,-1
43,3,572,703,50,50,1,-1,-1,-1
43,4,551,988,50,50,1,-1,-1,-1
43,5,502,1338,50,50,1,-1,-1,-1
44,1,676,894,50,50,1,-1,-1,-1
44,2,436,768,50,50,1,-1,-1,-1
44,3,579,684,50,50,1,-1,-1,-1
44,4,545,920,50,50,1,-1,-1,-1
44,5,506,1337,50,50,1,-1,-1,-1
45,1,684,949,50,50,1,-1,-1,-1
45,2,430,785,50,50,1,-1,-1,-1
45,3,586,671,50,50,1,-1,-1,-1
45,4,539,877,50,50,1,-1,-1,-1
45,5,517,1295,50,50,1,-1,-1,-1
46,1,693,1010,50,50,1,-1,-1,-1
46,2,427,810,50,50,1,-1,-1,-1
46,3,593,662,50,50,1,-1,-1,-1
46,4,532,832,50,50,1,-1,-1,-1
46,5,515,1231,50,50,1,-1,-1,-1
47,1,702,1059,50,50,1,-1,-1,-1
47,2,424,841,50,50,1,-1,-1,-1
47,3,601,657,50,50,1,-1,-1,-1
47,4,526,793,50,50,1,-1,-1,-1
47,5,520,1160,50,50,1,-1,-1,-1
48,1,707,1092,50,50,1,-1,-1,-1
48,2,420,877,50,50,1,-1,-1,-1
48,3,608,658,50,50,1,-1,-1,-1
48,4,520,759,50,50,1,-1,-1,-1
48,5,520,1097,50,50,1,-1,-1,-1
49,1,700,1125,50,50,1,-1,-1,-1
49,2,418,918,50,50,1,-1,-1,-1
49,3,616,665,50,50,1,-1,-1,-1
49,4,514,731,50,50,1,-1,-1,-1
49,5,510,1040,50,50,1,-1,-1,-1
50,1,691,1169,50,50,1,-1,-1,-1
50,2,415,965,50,50,1,-1,-1,-1
50,3,624,675,50,50,1,-1,-1,-1
50,4,509,707,50,50,1,-1,-1,-1
50,5,492,1088,50,50,1,-1,-1,-1
51,1,685,1225,50,50,1,-1,-1,-1
51,2,412,1017,50,50,1,-1,-1,-1
51,3,630,686,50,50,1,-1,-1,-1
51,4,506,693,50,50,1,-1,-1,-1
51,5,474,1111,50,50,1,-1,-1,-1
52,1,647,1292,50,50,1,-1,-1,-1
52,2,410,1072,50,50,1,-1,-1,-1
52,3,638,706,50,50,1,-1,-1,-1
52,4,501,682,50,50,1,-1,-1,-1
52,5,538,872,50,50,1,-1,-1,-1
53,1,638,1303,50,50,1,-1,-1,-1
53,2,410,1116,50,50,1,-1,-1,-1
53,3,647,732,50,50,1,-1,-1,-1
53,4,496,674,50,50,1,-1,-1,-1
53,5,544,829,50,50,1,-1,-1,-1
54,1,631,1282,50,50,1,-1,-1,-1
54,2,413,1160,50,50,1,-1,-1,-1
54,3,656,762,50,50,1,-1,-1,-1
54,4,491,671,50,50,1,-1,-1,-1
54,5,549,791,50,50,1,-1,-1,-1
55,1,614,1201,50,50,1,-1,-1,-1
55,2,411,1190,50,50,1,-1,-1,-1
55,3,665,798,50,50,1,-1,-1,-1
55,4,486,674,50,50,1,-1,-1,-1
55,5,554,759,50,50,1,-1,-1,-1
56,1,607,1141,50,50,1,-1,-1,-1
56,2,419,1227,50,50,1,-1,-1,-1
56,3,674,839,50,50,1,-1,-1,-1
56,4,482,681,50,50,1,-1,-1,-1
56,5,559,732,50,50,1,-1,-1,-1
57,1,598,1082,50,50,1,-1,-1,-1
57,3,684,885,50,50,1,-1,-1,-1
57,5,565,710,50,50,1,-1,-1,-1
58,1,594,1026,50,50,1,-1,-1,-1
58,2,469,1322,50,50,1,-1,-1,-1
58,3,694,937,50,50,1,-1,-1,-1
58,4,473,710,50,50,1,-1,-1,-1
58,5,573,697,50,50,1,-1,-1,-1
59,1,582,960,50,50,1,-1,-1,-1
59,2,491,1328,50,50,1,-1,-1,-1
59,3,704,994,50,50,1,-1,-1,-1
59,4,466,730,50,50,1,-1,-1,-1
59,5,579,686,50,50,1,-1,-1,-1
60,1,566,909,50,50,1,-1,-1,-1
60,2,509,1301,50,50,1,-1,-1,-1
60,3,715,1045,50,50,1,-1,-1,-1
60,4,462,758,50,50,1,-1,-1,-1
60,5,585,680,50,50,1,-1,-1,-1
61,1,556,865,50,50,1,-1,-1,-1
61,2,522,1232,50,50,1,-1,-1,-1
61,3,727,1086,50,50,1,-1,-1,-1
61,4,460,792,50,50,1,-1,-1,-1
61,5,591,679,50,50,1,-1,-1,-1
62,2,524,1163,50,50,1,-1,-1,-1
62,3,737,1112,50,50,1,-1,-1,-1
62,4,455,831,50,50,1,-1,-1,-1
62,5,597,682,50,50,1,-1,-1,-1
63,1,535,789,50,50,1,-1,-1,-1
63,2,525,1099,50,50,1,-1,-1,-1
63,3,727,1136,50,50,1,-1,-1,-1
63,4,452,875,50,50,1,-1,-1,-1
63,5,604,691,50,50,1,-1,-1,-1
64,1,526,759,50,50,1,-1,-1,-1
64,2,515,1073,50,50,1,-1,-1,-1
64,3,712,1172,50,50,1,-1,-1,-1
64,4,448,925,50,50,1,-1,-1,-1
64,5,612,703,50,50,1,-1,-1,-1
65,1,516,735,50,50,1,-1,-1,-1
65,2,518,1096,50,50,1,-1,-1,-1
65,3,693,1216,50,50,1,-1,-1,-1
65,4,445,980,50,50,1,-1,-1,-1
65,5,616,717,50,50,1,-1,-1,-1
66,1,509,719,50,50,1,-1,-1,-1
66,2,537,920,50,50,1,-1,-1,-1
66,3,668,1263,50,50,1,-1,-1,-1
66,4,442,1040,50,50,1,-1,-1,-1
66,5,623,740,50,50,1,-1,-1,-1
67,1,501,706,50,50,1,-1,-1,-1
67,2,540,882,50,50,1,-1,-1,-1
67,3,645,1286,50,50,1,-1,-1,-1
67,4,441,1092,50,50,1,-1,-1,-1
67,5,630,768,50,50,1,-1,-1,-1
68,1,492,698,50,50,1,-1,-1,-1
68,2,545,839,50,50,1,-1,-1,-1
68,3,629,1275,50,50,1,-1,-1,-1
68,4,436,1129,50,50,1,-1,-1,-1
68,5,638,802,50,50,1,-1,-1,-1
69,1,473,694,50,50,1,-1,-1,-1
69,2,556,772,50,50,1,-1,-1,-1
69,3,596,1141,50,50,1,-1,-1,-1
69,4,441,1215,50,50,1,-1,-1,-1
69,5,654,885,50,50,1,-1,-1,-1
70,1,465,701,50,50,1,-1,-1,-1
70,2,561,746,50,50,1,-1,-1,-1
70,3,588,1088,50,50,1,-1,-1,-1
70,5,663,933,50,50,1,-1,-1,-1
71,1,457,712,50,50,1,-1,-1,-1
71,2,567,725,50,50,1,-1,-1,-1
71,3,585,1030,50,50,1,-1,-1,-1
71,4,477,1325,50,50,1,-1,-1,-1
71,5,671,988,50,50,1,-1,-1,-1
72,1,448,729,50,50,1,-1,-1,-1
72,2,572,709,50,50,1,-1,-1,-1
72,3,576,964,50,50,1,-1,-1,-1
72,4,488,1335,50,50,1,-1,-1,-1
72,5,680,1045,50,50,1,-1,-1,-1
73,1,441,751,50,50,1,-1,-1,-1
73,2,578,699,50,50,1,-1,-1,-1
73,3,558,916,50,50,1,-1,-1,-1
73,4,498,1299,50,50,1,-1,-1,-1
73,5,691,1086,50,50,1,-1,-1,-1
74,1,432,777,50,50,1,-1,-1,-1
74,2,583,693,50,50,1,-1,-1,-1
74,3,547,874,50,50,1,-1,-1,-1
74,4,506,1219,50,50,1,-1,-1,-1
74,5,706,1116,50,50,1,-1,-1,-1
75,1,422,808,50,50,1,-1,-1,-1
75,2,589,692,50,50,1,-1,-1,-1
75,3,538,835,50,50,1,-1,-1,-1
75,4,505,1147,50,50,1,-1,-1,-1
75,5,704,1139,50,50,1,-1,-1,-1
76,1,414,846,50,50,1,-1,-1,-1
76,2,595,696,50,50,1,-1,-1,-1
76,3,528,802,50,50,1,-1,-1,-1
76,4,506,1083,50,50,1,-1,-1,-1
76,5,697,1164,50,50,1,-1,-1,-1
77,1,407,891,50,50,1,-1,-1,-1
77,2,601,704,50,50,1,-1,-1,-1
77,3,519,774,50,50,1,-1,-1,-1
77,4,503,1037,50,50,1,-1,-1,-1
77,5,675,1193,50,50,1,-1,-1,-1
78,1,399,941,50,50,1,-1,-1,-1
78,2,605,713,50,50,1,-1,-1,-1
78,3,509,750,50,50,1,-1,-1,-1
78,4,503,958,50,50,1,-1,-1,-1
78,5,652,1232,50,50,1,-1,-1,-1
79,1,391,997,50,50,1,-1,-1,-1
79,2,612,732,50,50,1,-1,-1,-1
79,3,500,733,50,50,1,-1,-1,-1
79,4,520,908,50,50,1,-1,-1,-1
79,5,630,1270,50,50,1,-1,-1,-1
80,1,384,1055,50,50,1,-1,-1,-1
80,2,618,756,50,50,1,-1,-1,-1
80,3,495,725,50,50,1,-1,-1,-1
80,4,524,860,50,50,1,-1,-1,-1
80,5,613,1286,50,50,1,-1,-1,-1
81,1,381,1101,50,50,1,-1,-1,-1
81,2,626,785,50,50,1,-1,-1,-1
81,3,486,717,50,50,1,-1,-1,-1
81,4,528,816,50,50,1,-1,-1,-1
81,5,607,1263,50,50,1,-1,-1,-1
82,1,380,1147,50,50,1,-1,-1,-1
82,2,633,819,50,50,1,-1,-1,-1
82,4,533,778,50,50,1,-1,-1,-1
82,5,590,1189,50,50,1,-1,-1,-1
83,1,386,1192,50,50,1,-1,-1,-1
83,2,641,859,50,50,1,-1,-1,-1
83,4,537,746,50,50,1,-1,-1,-1
83,5,579,1124,50,50,1,-1,-1,-1
84,1,404,1236,50,50,1,-1,-1,-1
84,2,648,903,50,50,1,-1,-1,-1
84,4,542,718,50,50,1,-1,-1,-1
84,5,576,1075,50,50,1,-1,-1,-1
85,1,420,1300,50,50,1,-1,-1,-1
85,2,657,954,50,50,1,-1,-1,-1
85,3,453,738,50,50,1,-1,-1,-1
85,4,550,699,50,50,1,-1,-1,-1
85,5,570,1019,50,50,1,-1,-1,-1
86,1,461,1335,50,50,1,-1,-1,-1
86,2,665,1010,50,50,1,-1,-1,-1
86,3,442,753,50,50,1,-1,-1,-1
86,4,555,682,50,50,1,-1,-1,-1
86,5,561,947,50,50,1,-1,-1,-1
87,1,475,1322,50,50,1,-1,-1,-1
87,2,673,1057,50,50,1,-1,-1,-1
87,3,437,779,50,50,1,-1,-1,-1
87,4,561,670,50,50,1,-1,-1,-1
87,5,545,906,50,50,1,-1,-1,-1
88,1,478,1288,50,50,1,-1,-1,-1
88,2,682,1096,50,50,1,-1,-1,-1
88,3,427,806,50,50,1,-1,-1,-1
88,4,566,664,50,50,1,-1,-1,-1
88,5,536,866,50,50,1,-1,-1,-1
89,1,483,1195,50,50,1,-1,-1,-1
89,2,688,1129,50,50,1,-1,-1,-1
89,3,419,841,50,50,1,-1,-1,-1
89,4,572,662,50,50,1,-1,-1,-1
89,5,527,830,50,50,1,-1,-1,-1
90,1,486,1123,50,50,1,-1,-1,-1
90,2,680,1165,50,50,1,-1,-1,-1
90,3,412,882,50,50,1,-1,-1,-1
90,4,578,666,50,50,1,-1,-1,-1
90,5,519,799,50,50,1,-1,-1,-1
91,1,487,1067,50,50,1,-1,-1,-1
91,2,668,1206,50,50,1,-1,-1,-1
91,3,404,929,50,50,1,-1,-1,-1
91,4,584,674,50,50,1,-1,-1,-1
91,5,511,773,50,50,1,-1,-1,-1
92,2,652,1268,50,50,1,-1,-1,-1
92,3,397,981,50,50,1,-1,-1,-1
92,4,587,682,50,50,1,-1,-1,-1
92,5,503,753,50,50,1,-1,-1,-1
93,1,492,936,50,50,1,-1,-1,-1
93,2,618,1308,50,50,1,-1,-1,-1
93,3,389,1037,50,50,1,-1,-1,-1
93,4,594,700,50,50,1,-1,-1,-1
93,5,499,744,50,50,1,-1,-1,-1
94,1,499,886,50,50,1,-1,-1,-1
94,2,600,1314,50,50,1,-1,-1,-1
94,3,385,1088,50,50,1,-1,-1,-1
94,4,600,723,50,50,1,-1,-1,-1
94,5,491,733,50,50,1,-1,-1,-1
95,1,503,838,50,50,1,-1,-1,-1
95,2,589,1291,50,50,1,-1,-1,-1
95,3,380,1136,50,50,1,-1,-1,-1
95,4,607,751,50,50,1,-1,-1,-1
95,5,484,729,50,50,1,-1,-1,-1
96,1,507,795,50,50,1,-1,-1,-1
96,2,567,1199,50,50,1,-1,-1,-1
96,3,378,1167,50,50,1,-1,-1,-1
96,4,615,785,50,50,1,-1,-1,-1
97,1,516,727,50,50,1,-1,-1,-1
97,2,559,1088,50,50,1,-1,-1,-1
97,3,397,1238,50,50,1,-1,-1,-1
97,4,630,869,50,50,1,-1,-1,-1
98,1,521,701,50,50,1,-1,-1,-1
98,2,549,1018,50,50,1,-1,-1,-1
98,3,423,1299,50,50,1,-1,-1,-1
98,4,638,918,50,50,1,-1,-1,-1
98,5,557,1112,50,50,1,-1,-1,-1
99,1,529,683,50,50,1,-1,-1,-1
99,2,548,956,50,50,1,-1,-1,-1
99,3,438,1330,50,50,1,-1,-1,-1
99,4,646,974,50,50,1,-1,-1,-1
99,5,601,1084,50,50,1,-1,-1,-1
100,1,534,668,50,50,1,-1,-1,-1
100,2,536,903,50,50,1,-1,-1,-1
100,3,447,1325,50,50,1,-1,-1,-1
100,4,655,1036,50,50,1,-1,-1,-1
100,5,445,802,50,50,1,-1,-1,-1
101,1,539,659,50,50,1,-1,-1,-1
101,2,530,858,50,50,1,-1,-1,-1
101,3,448,1289,50,50,1,-1,-1,-1
101,4,661,1084,50,50,1,-1,-1,-1
101,5,439,831,50,50,1,-1,-1,-1
102,1,545,653,50,50,1,-1,-1,-1
102,2,523,818,50,50,1,-1,-1,-1
102,3,448,1207,50,50,1,-1,-1,-1
102,4,667,1122,50,50,1,-1,-1,-1
102,5,433,866,50,50,1,-1,-1,-1
103,1,550,653,50,50,1,-1,-1,-1
103,2,517,783,50,50,1,-1,-1,-1
103,3,456,1141,50,50,1,-1,-1,-1
103,4,664,1159,50,50,1,-1,-1,-1
103,5,426,905,50,50,1,-1,-1,-1
104,1,556,658,50,50,1,-1,-1,-1
104,2,512,754,50,50,1,-1,-1,-1
104,3,463,1084,50,50,1,-1,-1,-1
104,4,647,1208,50,50,1,-1,-1,-1
104,5,420,950,50,50,1,-1,-1,-1
105,2,506,730,50,50,1,-1,-1,-1
105,3,470,1022,50,50,1,-1,-1,-1
105,4,630,1284,50,50,1,-1,-1,-1
106,1,565,678,50,50,1,-1,-1,-1
106,3,477,967,50,50,1,-1,-1,-1
106,4,608,1311,50,50,1,-1,-1,-1
106,5,410,1055,50,50,1,-1,-1,-1
107,1,571,698,50,50,1,-1,-1,-1
107,3,485,916,50,50,1,-1,-1,-1
107,4,590,1308,50,50,1,-1,-1,-1
107,5,405,1106,50,50,1,-1,-1,-1
108,1,578,723,50,50,1,-1,-1,-1
108,3,493,872,50,50,1,-1,-1,-1
108,4,570,1281,50,50,1,-1,-1,-1
108,5,412,1151,50,50,1,-1,-1,-1
109,1,585,754,50,50,1,-1,-1,-1
109,2,488,692,50,50,1,-1,-1,-1
109,3,501,833,50,50,1,-1,-1,-1
109,4,554,1198,50,50,1,-1,-1,-1
109,5,400,1175,50,50,1,-1,-1,-1
110,1,592,790,50,50,1,-1,-1,-1
110,2,484,693,50,50,1,-1,-1,-1
110,4,546,1136,50,50,1,-1,-1,-1
110,5,404,1209,50,50,1,-1,-1,-1
111,1,600,832,50,50,1,-1,-1,-1
111,3,517,772,50,50,1,-1,-1,-1
111,4,538,1091,50,50,1,-1,-1,-1
111,5,406,1244,50,50,1,-1,-1,-1
112,1,607,879,50,50,1,-1,-1,-1
112,3,527,751,50,50,1,-1,-1,-1
112,4,535,1019,50,50,1,-1,-1,-1
112,5,433,1301,50,50,1,-1,-1,-1
113,1,615,932,50,50,1,-1,-1,-1
113,2,471,729,50,50,1,-1,-1,-1
113,5,442,1336,50,50,1,-1,-1,-1
114,1,623,991,50,50,1,-1,-1,-1
114,2,464,748,50,50,1,-1,-1,-1
114,4,529,907,50,50,1,-1,-1,-1
114,5,465,1345,50,50,1,-1,-1,-1
115,1,631,1053,50,50,1,-1,-1,-1
115,2,460,776,50,50,1,-1,-1,-1
115,3,553,714,50,50,1,-1,-1,-1
115,4,524,865,50,50,1,-1,-1,-1
115,5,477,1327,50,50,1,-1,-1,-1
116,1,634,1102,50,50,1,-1,-1,-1
116,3,562,712,50,50,1,-1,-1,-1
116,4,520,826,50,50,1,-1,-1,-1
116,5,500,1249,50,50,1,-1,-1,-1
117,1,643,1142,50,50,1,-1,-1,-1
117,3,571,714,50,50,1,-1,-1,-1
117,4,516,793,50,50,1,-1,-1,-1
117,5,499,1182,50,50,1,-1,-1,-1
118,1,642,1183,50,50,1,-1,-1,-1
118,2,450,892,50,50,1,-1,-1,-1
118,4,512,765,50,50,1,-1,-1,-1
118,5,502,1114,50,50,1,-1,-1,-1
119,1,638,1221,50,50,1,-1,-1,-1
119,2,446,941,50,50,1,-1,-1,-1
119,4,508,742,50,50,1,-1,-1,-1
119,5,500,1070,50,50,1,-1,-1,-1
120,1,632,1281,50,50,1,-1,-1,-1
120,2,444,996,50,50,1,-1,-1,-1
120,3,596,746,50,50,1,-1,-1,-1
120,5,497,1095,50,50,1,-1,-1,-1
121,1,619,1294,50,50,1,-1,-1,-1
121,2,440,1056,50,50,1,-1,-1,-1
121,3,606,768,50,50,1,-1,-1,-1
121,4,505,718,50,50,1,-1,-1,-1
121,5,517,921,50,50,1,-1,-1,-1
122,1,617,1267,50,50,1,-1,-1,-1
122,2,440,1103,50,50,1,-1,-1,-1
122,3,616,795,50,50,1,-1,-1,-1
122,4,502,712,50,50,1,-1,-1,-1
122,5,522,883,50,50,1,-1,-1,-1
123,1,597,1193,50,50,1,-1,-1,-1
123,2,438,1148,50,50,1,-1,-1,-1
123,3,626,827,50,50,1,-1,-1,-1
123,4,499,710,50,50,1,-1,-1,-1
123,5,527,837,50,50,1,-1,-1,-1
124,1,591,1131,50,50,1,-1,-1,-1
124,2,437,1193,50,50,1,-1,-1,-1
124,3,637,865,50,50,1,-1,-1,-1
124,5,533,797,50,50,1,-1,-1,-1
125,1,586,1114,50,50,1,-1,-1,-1
125,2,463,1305,50,50,1,-1,-1,-1
125,3,658,955,50,50,1,-1,-1,-1
125,4,578,1022,50,50,1,-1,-1,-1
125,5,544,732,50,50,1,-1,-1,-1
126,1,608,1103,50,50,1,-1,-1,-1
126,2,480,1340,50,50,1,-1,-1,-1
126,3,670,1009,50,50,1,-1,-1,-1
126,4,568,957,50,50,1,-1,-1,-1
126,5,550,707,50,50,1,-1,-1,-1
127,1,484,774,50,50,1,-1,-1,-1
127,2,494,1339,50,50,1,-1,-1,-1
127,3,680,1061,50,50,1,-1,-1,-1
127,4,552,911,50,50,1,-1,-1,-1
127,5,559,691,50,50,1,-1,-1,-1
128,2,503,1309,50,50,1,-1,-1,-1
128,3,691,1097,50,50,1,-1,-1,-1
128,4,543,871,50,50,1,-1,-1,-1
128,5,566,679,50,50,1,-1,-1,-1
129,2,511,1223,50,50,1,-1,-1,-1
129,3,715,1140,50,50,1,-1,-1,-1
129,4,480,838,50,50,1,-1,-1,-1
129,5,572,670,50,50,1,-1,-1,-1
130,2,515,1154,50,50,1,-1,-1,-1
130,3,702,1167,50,50,1,-1,-1,-1
130,4,478,878,50,50,1,-1,-1,-1
130,5,579,665,50,50,1,-1,-1,-1
131,1,517,775,50,50,1,-1,-1,-1
131,2,515,1094,50,50,1,-1,-1,-1
131,3,693,1207,50,50,1,-1,-1,-1
131,4,477,923,50,50,1,-1,-1,-1
131,5,586,666,50,50,1,-1,-1,-1
132,1,508,754,50,50,1,-1,-1,-1
132,3,674,1266,50,50,1,-1,-1,-1
132,4,475,974,50,50,1,-1,-1,-1
132,5,593,672,50,50,1,-1,-1,-1
133,2,503,744,50,50,1,-1,-1,-1
133,3,650,1303,50,50,1,-1,-1,-1
133,4,473,1031,50,50,1,-1,-1,-1
133,5,600,682,50,50,1,-1,-1,-1
134,1,528,908,50,50,1,-1,-1,-1
134,2,496,733,50,50,1,-1,-1,-1
134,3,636,1307,50,50,1,-1,-1,-1
134,4,475,1083,50,50,1,-1,-1,-1
134,5,605,694,50,50,1,-1,-1,-1
135,1,532,864,50,50,1,-1,-1,-1
135,2,488,728,50,50,1,-1,-1,-1
135,3,625,1282,50,50,1,-1,-1,-1
135,4,476,1125,50,50,1,-1,-1,-1
135,5,613,715,50,50,1,-1,-1,-1
136,1,536,821,50,50,1,-1,-1,-1
136,2,480,727,50,50,1,-1,-1,-1
136,3,611,1197,50,50,1,-1,-1,-1
136,4,468,1163,50,50,1,-1,-1,-1
136,5,620,741,50,50,1,-1,-1,-1
137,3,599,1138,50,50,1,-1,-1,-1
137,4,473,1210,50,50,1,-1,-1,-1
137,5,541,783,50,50,1,-1,-1,-1
138,2,547,752,50,50,1,-1,-1,-1
138,3,591,1081,50,50,1,-1,-1,-1
138,4,484,1254,50,50,1,-1,-1,-1
138,5,637,808,50,50,1,-1,-1,-1
139,1,458,756,50,50,1,-1,-1,-1
139,2,550,724,50,50,1,-1,-1,-1
139,3,588,1028,50,50,1,-1,-1,-1
139,4,485,1313,50,50,1,-1,-1,-1
139,5,646,850,50,50,1,-1,-1,-1
140,1,603,1079,50,50,1,-1,-1,-1
140,2,558,705,50,50,1,-1,-1,-1
140,3,580,967,50,50,1,-1,-1,-1
140,4,494,1325,50,50,1,-1,-1,-1
140,5,655,897,50,50,1,-1,-1,-1
141,1,442,798,50,50,1,-1,-1,-1
141,2,563,691,50,50,1,-1,-1,-1
141,3,565,919,50,50,1,-1,-1,-1
141,4,514,1281,50,50,1,-1,-1,-1
141,5,664,950,50,50,1,-1,-1,-1
142,1,435,829,50,50,1,-1,-1,-1
142,2,568,678,50,50,1,-1,-1,-1
142,3,555,880,50,50,1,-1,-1,-1
142,4,501,1226,50,50,1,-1,-1,-1
142,5,673,1005,50,50,1,-1,-1,-1
143,1,430,866,50,50,1,-1,-1,-1
143,2,575,671,50,50,1,-1,-1,-1
143,3,547,842,50,50,1,-1,-1,-1
143,4,504,1157,50,50,1,-1,-1,-1
143,5,673,1050,50,50,1,-1,-1,-1
144,1,422,906,50,50,1,-1,-1,-1
144,2,579,671,50,50,1,-1,-1,-1
144,3,538,811,50,50,1,-1,-1,-1
144,4,506,1097,50,50,1,-1,-1,-1
144,5,669,1085,50,50,1,-1,-1,-1
145,1,415,953,50,50,1,-1,-1,-1
145,2,586,675,50,50,1,-1,-1,-1
145,3,530,785,50,50,1,-1,-1,-1
145,4,503,1044,50,50,1,-1,-1,-1
145,5,673,1109,50,50,1,-1,-1,-1
146,1,409,1006,50,50,1,-1,-1,-1
146,2,592,684,50,50,1,-1,-1,-1
146,3,522,765,50,50,1,-1,-1,-1
146,4,498,980,50,50,1,-1,-1,-1
146,5,650,1166,50,50,1,-1,-1,-1
147,1,403,1064,50,50,1,-1,-1,-1
147,2,595,692,50,50,1,-1,-1,-1
147,3,515,749,50,50,1,-1,-1,-1
147,4,515,916,50,50,1,-1,-1,-1
147,5,634,1219,50,50,1,-1,-1,-1
148,1,398,1120,50,50,1,-1,-1,-1
148,2,602,710,50,50,1,-1,-1,-1
148,3,511,744,50,50,1,-1,-1,-1
148,4,520,875,50,50,1,-1,-1,-1
148,5,623,1283,50,50,1,-1,-1,-1
149,1,393,1172,50,50,1,-1,-1,-1
149,2,608,733,50,50,1,-1,-1,-1
149,3,503,739,50,50,1,-1,-1,-1
149,4,525,832,50,50,1,-1,-1,-1
149,5,604,1298,50,50,1,-1,-1,-1
150,1,391,1209,50,50,1,-1,-1,-1
150,2,615,762,50,50,1,-1,-1,-1
150,4,529,795,50,50,1,-1,-1,-1
150,5,591,1279,50,50,1,-1,-1,-1
151,1,384,1243,50,50,1,-1,-1,-1
151,2,623,797,50,50,1,-1,-1,-1
151,4,534,763,50,50,1,-1,-1,-1
151,5,584,1194,50,50,1,-1,-1,-1
152,1,414,1311,50,50,1,-1,-1,-1
152,2,630,836,50,50,1,-1,-1,-1
152,4,538,736,50,50,1,-1,-1,-1
152,5,577,1133,50,50,1,-1,-1,-1
153,1,429,1339,50,50,1,-1,-1,-1
153,2,638,881,50,50,1,-1,-1,-1
153,4,543,715,50,50,1,-1,-1,-1
153,5,573,1080,50,50,1,-1,-1,-1
154,1,472,1338,50,50,1,-1,-1,-1
154,2,654,987,50,50,1,-1,-1,-1
154,3,461,813,50,50,1,-1,-1,-1
154,4,556,691,50,50,1,-1,-1,-1
154,5,597,1092,50,50,1,-1,-1,-1
155,1,477,1300,50,50,1,-1,-1,-1
155,2,662,1040,50,50,1,-1,-1,-1
155,3,456,844,50,50,1,-1,-1,-1
155,4,562,685,50,50,1,-1,-1,-1
155,5,541,904,50,50,1,-1,-1,-1
156,1,484,1212,50,50,1,-1,-1,-1
156,2,657,1091,50,50,1,-1,-1,-1
156,3,533,863,50,50,1,-1,-1,-1
156,4,568,684,50,50,1,-1,-1,-1
157,1,488,1138,50,50,1,-1,-1,-1
157,2,667,1118,50,50,1,-1,-1,-1
157,3,524,825,50,50,1,-1,-1,-1
157,4,574,689,50,50,1,-1,-1,-1
157,5,444,921,50,50,1,-1,-1,-1
158,1,489,1080,50,50,1,-1,-1,-1
158,2,664,1158,50,50,1,-1,-1,-1
158,3,516,793,50,50,1,-1,-1,-1
158,4,579,698,50,50,1,-1,-1,-1
158,5,438,968,50,50,1,-1,-1,-1
159,1,432,1021,50,50,1,-1,-1,-1
159,2,647,1205,50,50,1,-1,-1,-1
159,3,507,766,50,50,1,-1,-1,-1
159,4,585,711,50,50,1,-1,-1,-1
159,5,501,1141,50,50,1,-1,-1,-1
160,1,491,948,50,50,1,-1,-1,-1
160,2,620,1278,50,50,1,-1,-1,-1
160,4,589,726,50,50,1,-1,-1,-1
160,5,428,1079,50,50,1,-1,-1,-1
161,1,499,897,50,50,1,-1,-1,-1
161,2,614,1304,50,50,1,-1,-1,-1
161,3,495,733,50,50,1,-1,-1,-1
161,4,596,751,50,50,1,-1,-1,-1
161,5,424,1129,50,50,1,-1,-1,-1
162,1,502,848,50,50,1,-1,-1,-1
162,2,602,1305,50,50,1,-1,-1,-1
162,3,488,722,50,50,1,-1,-1,-1
162,4,603,780,50,50,1,-1,-1,-1
162,5,417,1175,50,50,1,-1,-1,-1
163,1,506,805,50,50,1,-1,-1,-1
163,2,598,1267,50,50,1,-1,-1,-1
163,3,480,716,50,50,1,-1,-1,-1
163,4,610,815,50,50,1,-1,-1,-1
163,5,415,1212,50,50,1,-1,-1,-1
164,1,509,767,50,50,1,-1,-1,-1
164,2,580,1188,50,50,1,-1,-1,-1
164,4,617,856,50,50,1,-1,-1,-1
164,5,427,1243,50,50,1,-1,-1,-1
165,1,513,735,50,50,1,-1,-1,-1
165,2,573,1120,50,50,1,-1,-1,-1
165,4,625,902,50,50,1,-1,-1,-1
165,5,437,1306,50,50,1,-1,-1,-1
166,1,517,708,50,50,1,-1,-1,-1
166,2,571,1076,50,50,1,-1,-1,-1
166,4,633,955,50,50,1,-1,-1,-1
166,5,446,1343,50,50,1,-1,-1,-1
167,1,524,689,50,50,1,-1,-1,-1
167,4,642,1013,50,50,1,-1,-1,-1
167,5,458,1363,50,50,1,-1,-1,-1
168,1,527,674,50,50,1,-1,-1,-1
168,2,552,928,50,50,1,-1,-1,-1
168,3,446,762,50,50,1,-1,-1,-1
168,4,648,1070,50,50,1,-1,-1,-1
168,5,464,1360,50,50,1,-1,-1,-1
169,1,532,662,50,50,1,-1,-1,-1
169,2,542,889,50,50,1,-1,-1,-1
169,3,439,785,50,50,1,-1,-1,-1
169,4,654,1122,50,50,1,-1,-1,-1
169,5,470,1333,50,50,1,-1,-1,-1
170,1,537,655,50,50,1,-1,-1,-1
170,2,534,842,50,50,1,-1,-1,-1
170,3,433,814,50,50,1,-1,-1,-1
170,4,659,1153,50,50,1,-1,-1,-1
170,5,449,1237,50,50,1,-1,-1,-1
171,1,542,654,50,50,1,-1,-1,-1
171,2,527,802,50,50,1,-1,-1,-1
171,3,425,847,50,50,1,-1,-1,-1
171,4,661,1181,50,50,1,-1,-1,-1
171,5,470,1183,50,50,1,-1,-1,-1
172,1,547,658,50,50,1,-1,-1,-1
172,2,519,767,50,50,1,-1,-1,-1
172,3,419,888,50,50,1,-1,-1,-1
172,4,650,1221,50,50,1,-1,-1,-1
172,5,475,1114,50,50,1,-1,-1,-1
173,1,485,1149,50,50,1,-1,-1,-1
173,2,512,738,50,50,1,-1,-1,-1
173,3,413,933,50,50,1,-1,-1,-1
173,4,630,1291,50,50,1,-1,-1,-1
173,5,477,1053,50,50,1,-1,-1,-1
174,2,505,715,50,50,1,-1,-1,-1
174,3,449,1094,50,50,1,-1,-1,-1
174,4,602,1329,50,50,1,-1,-1,-1
174,5,479,986,50,50,1,-1,-1,-1
175,1,402,1040,50,50,1,-1,-1,-1
175,2,560,693,50,50,1,-1,-1,-1
175,3,437,1132,50,50,1,-1,-1,-1
175,4,593,1341,50,50,1,-1,-1,-1
175,5,484,927,50,50,1,-1,-1,-1
176,2,565,717,50,50,1,-1,-1,-1
176,3,396,1102,50,50,1,-1,-1,-1
176,4,585,1334,50,50,1,-1,-1,-1
176,5,489,875,50,50,1,-1,-1,-1
177,1,489,678,50,50,1,-1,-1,-1
177,2,571,746,50,50,1,-1,-1,-1
177,3,393,1154,50,50,1,-1,-1,-1
177,4,574,1301,50,50,1,-1,-1,-1
177,5,493,829,50,50,1,-1,-1,-1
178,2,482,675,50,50,1,-1,-1,-1
178,3,388,1198,50,50,1,-1,-1,-1
178,4,558,1213,50,50,1,-1,-1,-1
178,5,497,788,50,50,1,-1,-1,-1
179,1,584,820,50,50,1,-1,-1,-1
179,3,383,1232,50,50,1,-1,-1,-1
179,4,561,1149,50,50,1,-1,-1,-1
179,5,501,752,50,50,1,-1,-1,-1
180,1,590,865,50,50,1,-1,-1,-1
180,3,407,1301,50,50,1,-1,-1,-1
180,4,555,1097,50,50,1,-1,-1,-1
180,5,506,722,50,50,1,-1,-1,-1
181,1,604,972,50,50,1,-1,-1,-1
181,3,446,1349,50,50,1,-1,-1,-1
181,4,560,1104,50,50,1,-1,-1,-1
181,5,518,681,50,50,1,-1,-1,-1
182,1,612,1034,50,50,1,-1,-1,-1
182,2,451,730,50,50,1,-1,-1,-1
182,3,463,1341,50,50,1,-1,-1,-1
182,4,536,917,50,50,1,-1,-1,-1
182,5,523,667,50,50,1,-1,-1,-1
183,1,616,1082,50,50,1,-1,-1,-1
183,2,445,757,50,50,1,-1,-1,-1
183,3,475,1306,50,50,1,-1,-1,-1
183,4,530,883,50,50,1,-1,-1,-1
183,5,528,657,50,50,1,-1,-1,-1
184,1,625,1125,50,50,1,-1,-1,-1
184,2,442,792,50,50,1,-1,-1,-1
184,3,478,1224,50,50,1,-1,-1,-1
184,4,525,844,50,50,1,-1,-1,-1
184,5,533,653,50,50,1,-1,-1,-1
185,1,625,1163,50,50,1,-1,-1,-1
185,3,484,1159,50,50,1,-1,-1,-1
185,4,435,828,50,50,1,-1,-1,-1
185,5,539,653,50,50,1,-1,-1,-1
186,1,617,1211,50,50,1,-1,-1,-1
186,2,514,784,50,50,1,-1,-1,-1
186,3,490,1096,50,50,1,-1,-1,-1
186,4,430,872,50,50,1,-1,-1,-1
186,5,545,659,50,50,1,-1,-1,-1
187,1,616,1282,50,50,1,-1,-1,-1
187,2,509,762,50,50,1,-1,-1,-1
187,3,491,1042,50,50,1,-1,-1,-1
187,4,425,921,50,50,1,-1,-1,-1
187,5,551,670,50,50,1,-1,-1,-1
188,1,603,1328,50,50,1,-1,-1,-1
188,3,483,1111,50,50,1,-1,-1,-1
188,4,421,976,50,50,1,-1,-1,-1
188,5,505,746,50,50,1,-1,-1,-1
189,1,599,1336,50,50,1,-1,-1,-1
189,2,560,700,50,50,1,-1,-1,-1
189,4,416,1037,50,50,1,-1,-1,-1
189,5,505,919,50,50,1,-1,-1,-1
190,1,592,1318,50,50,1,-1,-1,-1
190,2,566,726,50,50,1,-1,-1,-1
190,4,413,1090,50,50,1,-1,-1,-1
190,5,513,877,50,50,1,-1,-1,-1
191,1,583,1268,50,50,1,-1,-1,-1
191,2,519,835,50,50,1,-1,-1,-1
191,4,408,1140,50,50,1,-1,-1,-1
191,5,573,756,50,50,1,-1,-1,-1
192,1,567,1175,50,50,1,-1,-1,-1
192,4,410,1184,50,50,1,-1,-1,-1
192,5,579,792,50,50,1,-1,-1,-1
193,1,561,1110,50,50,1,-1,-1,-1
193,4,418,1227,50,50,1,-1,-1,-1
193,5,586,833,50,50,1,-1,-1,-1
194,1,558,1077,50,50,1,-1,-1,-1
194,2,540,742,50,50,1,-1,-1,-1
194,4,442,1303,50,50,1,-1,-1,-1
194,5,594,880,50,50,1,-1,-1,-1
195,1,556,1101,50,50,1,-1,-1,-1
195,2,480,778,50,50,1,-1,-1,-1
195,4,472,1337,50,50,1,-1,-1,-1
195,5,601,932,50,50,1,-1,-1,-1
196,1,577,1099,50,50,1,-1,-1,-1
196,2,556,711,50,50,1,-1,-1,-1
196,3,532,924,50,50,1,-1,-1,-1
196,4,490,1340,50,50,1,-1,-1,-1
196,5,609,990,50,50,1,-1,-1,-1
197,2,564,701,50,50,1,-1,-1,-1
197,3,524,890,50,50,1,-1,-1,-1
197,4,505,1306,50,50,1,-1,-1,-1
197,5,616,1052,50,50,1,-1,-1,-1
198,1,515,848,50,50,1,-1,-1,-1
198,2,572,696,50,50,1,-1,-1,-1
198,4,505,1223,50,50,1,-1,-1,-1
198,5,621,1102,50,50,1,-1,-1,-1
199,1,507,811,50,50,1,-1,-1,-1
199,2,579,696,50,50,1,-1,-1,-1
199,3,464,905,50,50,1,-1,-1,-1
199,4,509,1156,50,50,1,-1,-1,-1
199,5,625,1147,50,50,1,-1,-1,-1
200,1,499,780,50,50,1,-1,-1,-1
200,2,587,702,50,50,1,-1,-1,-1
200,3,462,950,50,50,1,-1,-1,-1
200,4,509,1096,50,50,1,-1,-1,-1
200,5,625,1197,50,50,1,-1,-1,-1
201,1,490,755,50,50,1,-1,-1,-1
201,2,595,712,50,50,1,-1,-1,-1
201,3,516,1138,50,50,1,-1,-1,-1
201,4,459,1002,50,50,1,-1,-1,-1
201,5,629,1272,50,50,1,-1,-1,-1
202,1,483,735,50,50,1,-1,-1,-1
202,2,601,722,50,50,1,-1,-1,-1
202,3,457,1061,50,50,1,-1,-1,-1
202,4,495,971,50,50,1,-1,-1,-1
202,5,629,1315,50,50,1,-1,-1,-1
203,1,479,724,50,50,1,-1,-1,-1
203,2,609,742,50,50,1,-1,-1,-1
203,3,456,1113,50,50,1,-1,-1,-1
203,4,515,913,50,50,1,-1,-1,-1
203,5,626,1317,50,50,1,-1,-1,-1
204,1,470,714,50,50,1,-1,-1,-1
204,2,618,767,50,50,1,-1,-1,-1
204,3,453,1162,50,50,1,-1,-1,-1
204,4,518,870,50,50,1,-1,-1,-1
204,5,619,1290,50,50,1,-1,-1,-1
205,1,463,710,50,50,1,-1,-1,-1
205,2,627,797,50,50,1,-1,-1,-1
205,3,452,1206,50,50,1,-1,-1,-1
205,4,520,828,50,50,1,-1,-1,-1
205,5,599,1198,50,50,1,-1,-1,-1
206,1,455,710,50,50,1,-1,-1,-1
206,2,637,833,50,50,1,-1,-1,-1
206,3,454,1243,50,50,1,-1,-1,-1
206,4,523,792,50,50,1,-1,-1,-1
206,5,591,1141,50,50,1,-1,-1,-1
207,2,646,873,50,50,1,-1,-1,-1
207,3,470,1310,50,50,1,-1,-1,-1
207,4,526,761,50,50,1,-1,-1,-1
207,5,583,1086,50,50,1,-1,-1,-1
208,1,588,1120,50,50,1,-1,-1,-1
208,2,656,920,50,50,1,-1,-1,-1
208,3,477,1342,50,50,1,-1,-1,-1
208,4,529,735,50,50,1,-1,-1,-1
208,5,577,1027,50,50,1,-1,-1,-1
209,1,619,1111,50,50,1,-1,-1,-1
209,2,666,972,50,50,1,-1,-1,-1
209,3,481,1343,50,50,1,-1,-1,-1
209,4,535,718,50,50,1,-1,-1,-1
209,5,565,968,50,50,1,-1,-1,-1
210,1,422,788,50,50,1,-1,-1,-1
210,2,685,1083,50,50,1,-1,-1,-1
210,3,471,1230,50,50,1,-1,-1,-1
210,4,542,694,50,50,1,-1,-1,-1
210,5,535,875,50,50,1,-1,-1,-1
211,1,416,820,50,50,1,-1,-1,-1
211,2,683,1129,50,50,1,-1,-1,-1
211,3,486,1174,50,50,1,-1,-1,-1
211,4,546,688,50,50,1,-1,-1,-1
211,5,524,836,50,50,1,-1,-1,-1
212,1,407,854,50,50,1,-1,-1,-1
212,2,685,1161,50,50,1,-1,-1,-1
212,3,491,1108,50,50,1,-1,-1,-1
212,4,550,688,50,50,1,-1,-1,-1
212,5,513,804,50,50,1,-1,-1,-1
213,1,403,897,50,50,1,-1,-1,-1
213,2,667,1207,50,50,1,-1,-1,-1
213,3,494,1056,50,50,1,-1,-1,-1
213,4,554,693,50,50,1,-1,-1,-1
213,5,503,776,50,50,1,-1,-1,-1
214,1,395,944,50,50,1,-1,-1,-1
214,2,487,1108,50,50,1,-1,-1,-1
214,3,493,997,50,50,1,-1,-1,-1
214,5,492,755,50,50,1,-1,-1,-1
215,1,389,997,50,50,1,-1,-1,-1
215,2,456,1101,50,50,1,-1,-1,-1
215,3,504,933,50,50,1,-1,-1,-1
215,4,612,1317,50,50,1,-1,-1,-1
215,5,484,742,50,50,1,-1,-1,-1
216,1,384,1054,50,50,1,-1,-1,-1
216,3,512,891,50,50,1,-1,-1,-1
216,4,602,1329,50,50,1,-1,-1,-1
216,5,564,733,50,50,1,-1,-1,-1
217,1,380,1104,50,50,1,-1,-1,-1
217,2,589,1309,50,50,1,-1,-1,-1
217,3,518,848,50,50,1,-1,-1,-1
217,4,465,726,50,50,1,-1,-1,-1
217,5,569,758,50,50,1,-1,-1,-1
218,1,373,1147,50,50,1,-1,-1,-1
218,2,555,1249,50,50,1,-1,-1,-1
218,3,523,812,50,50,1,-1,-1,-1
218,5,456,724,50,50,1,-1,-1,-1
219,1,377,1192,50,50,1,-1,-1,-1
219,2,562,1187,50,50,1,-1,-1,-1
219,3,579,823,50,50,1,-1,-1,-1
219,5,447,728,50,50,1,-1,-1,-1
220,1,381,1251,50,50,1,-1,-1,-1
220,2,554,1122,50,50,1,-1,-1,-1
220,3,584,863,50,50,1,-1,-1,-1
220,5,437,738,50,50,1,-1,-1,-1
221,1,407,1301,50,50,1,-1,-1,-1
221,2,550,1084,50,50,1,-1,-1,-1
221,3,590,909,50,50,1,-1,-1,-1
221,5,428,751,50,50,1,-1,-1,-1
222,1,453,1338,50,50,1,-1,-1,-1
222,2,551,722,50,50,1,-1,-1,-1
222,3,596,960,50,50,1,-1,-1,-1
222,5,417,768,50,50,1,-1,-1,-1
223,1,464,1327,50,50,1,-1,-1,-1
223,2,558,711,50,50,1,-1,-1,-1
223,3,602,1017,50,50,1,-1,-1,-1
223,5,410,795,50,50,1,-1,-1,-1
224,1,476,1294,50,50,1,-1,-1,-1
224,2,525,901,50,50,1,-1,-1,-1
224,3,606,1066,50,50,1,-1,-1,-1
224,5,401,825,50,50,1,-1,-1,-1
225,1,475,1198,50,50,1,-1,-1,-1
225,2,518,860,50,50,1,-1,-1,-1
225,3,608,1107,50,50,1,-1,-1,-1
225,5,393,859,50,50,1,-1,-1,-1
226,1,477,1131,50,50,1,-1,-1,-1
226,2,579,711,50,50,1,-1,-1,-1
226,3,613,1140,50,50,1,-1,-1,-1
226,5,382,899,50,50,1,-1,-1,-1
227,1,477,1076,50,50,1,-1,-1,-1
227,2,586,721,50,50,1,-1,-1,-1
227,3,607,1190,50,50,1,-1,-1,-1
227,5,373,946,50,50,1,-1,-1,-1
228,1,478,1015,50,50,1,-1,-1,-1
228,2,591,730,50,50,1,-1,-1,-1
228,3,585,1277,50,50,1,-1,-1,-1
228,5,365,998,50,50,1,-1,-1,-1
229,1,478,958,50,50,1,-1,-1,-1
229,2,599,749,50,50,1,-1,-1,-1
229,3,608,1303,50,50,1,-1,-1,-1
229,5,357,1056,50,50,1,-1,-1,-1
230,1,482,909,50,50,1,-1,-1,-1
230,2,607,773,50,50,1,-1,-1,-1
230,3,600,1308,50,50,1,-1,-1,-1
230,5,349,1108,50,50,1,-1,-1,-1
231,1,486,865,50,50,1,-1,-1,-1
231,2,615,803,50,50,1,-1,-1,-1
231,3,595,1273,50,50,1,-1,-1,-1
231,5,336,1153,50,50,1,-1,-1,-1
232,1,487,826,50,50,1,-1,-1,-1
232,2,624,837,50,50,1,-1,-1,-1
232,3,574,1198,50,50,1,-1,-1,-1
232,5,334,1204,50,50,1,-1,-1,-1
233,1,489,793,50,50,1,-1,-1,-1
233,2,632,877,50,50,1,-1,-1,-1
233,3,567,1134,50,50,1,-1,-1,-1
233,5,332,1253,50,50,1,-1,-1,-1
234,1,491,766,50,50,1,-1,-1,-1
234,2,641,921,50,50,1,-1,-1,-1
234,3,563,1089,50,50,1,-1,-1,-1
234,5,353,1288,50,50,1,-1,-1,-1
235,1,494,744,50,50,1,-1,-1,-1
235,2,651,972,50,50,1,-1,-1,-1
235,3,553,1017,50,50,1,-1,-1,-1
235,5,385,1322,50,50,1,-1,-1,-1
236,1,455,748,50,50,1,-1,-1,-1
236,2,660,1027,50,50,1,-1,-1,-1
236,3,540,975,50,50,1,-1,-1,-1
236,5,418,1347,50,50,1,-1,-1,-1
237,1,445,791,50,50,1,-1,-1,-1
237,2,674,1110,50,50,1,-1,-1,-1
237,3,523,873,50,50,1,-1,-1,-1
237,5,451,1321,50,50,1,-1,-1,-1
238,1,514,836,50,50,1,-1,-1,-1
238,2,677,1139,50,50,1,-1,-1,-1
238,3,510,711,50,50,1,-1,-1,-1
238,5,452,1277,50,50,1,-1,-1,-1
239,1,505,804,50,50,1,-1,-1,-1
239,2,665,1176,50,50,1,-1,-1,-1
239,5,463,1172,50,50,1,-1,-1,-1
240,1,497,778,50,50,1,-1,-1,-1
240,2,648,1225,50,50,1,-1,-1,-1
240,3,429,897,50,50,1,-1,-1,-1
240,5,470,1111,50,50,1,-1,-1,-1
241,1,501,749,50,50,1,-1,-1,-1
241,2,620,1287,50,50,1,-1,-1,-1
241,3,424,943,50,50,1,-1,-1,-1
241,5,475,1056,50,50,1,-1,-1,-1
242,1,522,750,50,50,1,-1,-1,-1
242,2,582,1329,50,50,1,-1,-1,-1
242,3,471,1109,50,50,1,-1,-1,-1
242,5,420,995,50,50,1,-1,-1,-1
243,1,526,775,50,50,1,-1,-1,-1
243,2,560,1329,50,50,1,-1,-1,-1
243,3,486,940,50,50,1,-1,-1,-1
243,5,416,1052,50,50,1,-1,-1,-1
244,1,532,805,50,50,1,-1,-1,-1
244,2,535,1299,50,50,1,-1,-1,-1
244,3,468,729,50,50,1,-1,-1,-1
244,5,415,1100,50,50,1,-1,-1,-1
245,1,518,846,50,50,1,-1,-1,-1
245,2,518,1219,50,50,1,-1,-1,-1
245,3,460,729,50,50,1,-1,-1,-1
245,5,414,1140,50,50,1,-1,-1,-1
246,1,540,880,50,50,1,-1,-1,-1
246,2,511,1148,50,50,1,-1,-1,-1
246,3,453,733,50,50,1,-1,-1,-1
246,5,411,1178,50,50,1,-1,-1,-1
247,1,546,918,50,50,1,-1,-1,-1
247,2,507,1093,50,50,1,-1,-1,-1
247,3,514,786,50,50,1,-1,-1,-1
247,5,422,1222,50,50,1,-1,-1,-1
248,2,496,1034,50,50,1,-1,-1,-1
248,3,521,760,50,50,1,-1,-1,-1
248,5,436,1288,50,50,1,-1,-1,-1
249,1,565,1036,50,50,1,-1,-1,-1
249,2,487,973,50,50,1,-1,-1,-1
249,3,531,743,50,50,1,-1,-1,-1
249,5,447,1314,50,50,1,-1,-1,-1
250,1,563,1094,50,50,1,-1,-1,-1
250,2,491,923,50,50,1,-1,-1,-1
250,3,538,729,50,50,1,-1,-1,-1
250,5,459,1296,50,50,1,-1,-1,-1
251,1,565,1138,50,50,1,-1,-1,-1
251,2,487,881,50,50,1,-1,-1,-1
251,3,546,719,50,50,1,-1,-1,-1
251,5,464,1217,50,50,1,-1,-1,-1
252,1,578,1174,50,50,1,-1,-1,-1
252,2,409,865,50,50,1,-1,-1,-1
252,3,554,715,50,50,1,-1,-1,-1
252,5,468,1153,50,50,1,-1,-1,-1
253,1,577,1215,50,50,1,-1,-1,-1
253,2,404,907,50,50,1,-1,-1,-1
253,3,562,715,50,50,1,-1,-1,-1
253,5,471,1090,50,50,1,-1,-1,-1
254,1,564,1258,50,50,1,-1,-1,-1
254,2,396,954,50,50,1,-1,-1,-1
254,3,570,720,50,50,1,-1,-1,-1
254,5,473,1036,50,50,1,-1,-1,-1
255,1,578,1311,50,50,1,-1,-1,-1
255,2,390,1006,50,50,1,-1,-1,-1
255,3,578,730,50,50,1,-1,-1,-1
255,5,447,1110,50,50,1,-1,-1,-1
256,1,578,1321,50,50,1,-1,-1,-1
256,2,384,1063,50,50,1,-1,-1,-1
256,3,584,741,50,50,1,-1,-1,-1
256,5,483,919,50,50,1,-1,-1,-1
257,1,569,1297,50,50,1,-1,-1,-1
257,2,381,1119,50,50,1,-1,-1,-1
257,3,592,761,50,50,1,-1,-1,-1
257,5,465,740,50,50,1,-1,-1,-1
258,1,556,1221,50,50,1,-1,-1,-1
258,2,377,1170,50,50,1,-1,-1,-1
258,3,601,786,50,50,1,-1,-1,-1
258,5,461,733,50,50,1,-1,-1,-1
259,1,554,1159,50,50,1,-1,-1,-1
259,2,377,1207,50,50,1,-1,-1,-1
259,3,610,816,50,50,1,-1,-1,-1
259,5,499,794,50,50,1,-1,-1,-1
260,1,550,1100,50,50,1,-1,-1,-1
260,2,393,1237,50,50,1,-1,-1,-1
260,3,620,852,50,50,1,-1,-1,-1
260,5,504,763,50,50,1,-1,-1,-1
261,1,564,1106,50,50,1,-1,-1,-1
261,2,422,1300,50,50,1,-1,-1,-1
261,3,629,893,50,50,1,-1,-1,-1
261,5,512,739,50,50,1,-1,-1,-1
262,1,576,1103,50,50,1,-1,-1,-1
262,2,442,1327,50,50,1,-1,-1,-1
262,3,639,939,50,50,1,-1,-1,-1
262,5,445,756,50,50,1,-1,-1,-1
263,1,601,1094,50,50,1,-1,-1,-1
263,2,464,1325,50,50,1,-1,-1,-1
263,3,650,991,50,50,1,-1,-1,-1
263,5,441,775,50,50,1,-1,-1,-1
264,1,519,883,50,50,1,-1,-1,-1
264,2,473,1300,50,50,1,-1,-1,-1
264,3,660,1045,50,50,1,-1,-1,-1
264,5,439,800,50,50,1,-1,-1,-1
265,1,536,690,50,50,1,-1,-1,-1
265,2,478,1225,50,50,1,-1,-1,-1
265,3,668,1090,50,50,1,-1,-1,-1
265,5,511,842,50,50,1,-1,-1,-1
266,1,548,694,50,50,1,-1,-1,-1
266,2,483,1093,50,50,1,-1,-1,-1
266,3,665,1168,50,50,1,-1,-1,-1
266,5,497,779,50,50,1,-1,-1,-1
267,1,491,755,50,50,1,-1,-1,-1
267,2,429,950,50,50,1,-1,-1,-1
267,3,650,1215,50,50,1,-1,-1,-1
267,5,486,1040,50,50,1,-1,-1,-1
268,1,484,736,50,50,1,-1,-1,-1
268,2,426,1001,50,50,1,-1,-1,-1
268,3,649,1283,50,50,1,-1,-1,-1
268,5,466,1090,50,50,1,-1,-1,-1
269,1,566,732,50,50,1,-1,-1,-1
269,2,497,918,50,50,1,-1,-1,-1
269,3,617,1318,50,50,1,-1,-1,-1
269,5,424,1057,50,50,1,-1,-1,-1
270,1,475,720,50,50,1,-1,-1,-1
270,2,573,757,50,50,1,-1,-1,-1
270,3,600,1312,50,50,1,-1,-1,-1
270,5,424,1110,50,50,1,-1,-1,-1
271,1,469,717,50,50,1,-1,-1,-1
271,2,508,832,50,50,1,-1,-1,-1
271,3,587,1275,50,50,1,-1,-1,-1
271,5,428,1162,50,50,1,-1,-1,-1
272,1,588,821,50,50,1,-1,-1,-1
272,3,566,1192,50,50,1,-1,-1,-1
272,5,418,1207,50,50,1,-1,-1,-1
273,1,596,862,50,50,1,-1,-1,-1
273,2,520,765,50,50,1,-1,-1,-1
273,3,560,1130,50,50,1,-1,-1,-1
273,5,430,1276,50,50,1,-1,-1,-1
274,1,604,907,50,50,1,-1,-1,-1
274,2,526,740,50,50,1,-1,-1,-1
274,3,556,1087,50,50,1,-1,-1,-1
274,5,443,1316,50,50,1,-1,-1,-1
275,1,612,958,50,50,1,-1,-1,-1
275,2,532,720,50,50,1,-1,-1,-1
275,3,564,1125,50,50,1,-1,-1,-1
275,5,458,1339,50,50,1,-1,-1,-1
276,1,621,1015,50,50,1,-1,-1,-1
276,2,442,776,50,50,1,-1,-1,-1
276,3,586,1114,50,50,1,-1,-1,-1
276,5,469,1332,50,50,1,-1,-1,-1
277,1,628,1069,50,50,1,-1,-1,-1
277,2,436,803,50,50,1,-1,-1,-1
277,3,525,908,50,50,1,-1,-1,-1
277,5,470,1298,50,50,1,-1,-1,-1
278,1,631,1116,50,50,1,-1,-1,-1
278,2,429,834,50,50,1,-1,-1,-1
278,3,551,688,50,50,1,-1,-1,-1
278,5,478,1220,50,50,1,-1,-1,-1
279,1,639,1147,50,50,1,-1,-1,-1
279,2,424,873,50,50,1,-1,-1,-1
279,3,557,689,50,50,1,-1,-1,-1
279,5,483,1149,50,50,1,-1,-1,-1
280,1,635,1186,50,50,1,-1,-1,-1
280,2,420,917,50,50,1,-1,-1,-1
280,3,500,800,50,50,1,-1,-1,-1
280,5,485,1083,50,50,1,-1,-1,-1
281,1,637,1233,50,50,1,-1,-1,-1
281,2,415,967,50,50,1,-1,-1,-1
281,3,492,774,50,50,1,-1,-1,-1
281,5,487,1025,50,50,1,-1,-1,-1
282,1,611,1298,50,50,1,-1,-1,-1
282,2,411,1023,50,50,1,-1,-1,-1
282,3,485,753,50,50,1,-1,-1,-1
282,5,490,955,50,50,1,-1,-1,-1
283,1,597,1314,50,50,1,-1,-1,-1
283,2,407,1078,50,50,1,-1,-1,-1
283,3,481,743,50,50,1,-1,-1,-1
283,5,500,901,50,50,1,-1,-1,-1
284,1,592,1296,50,50,1,-1,-1,-1
284,2,405,1130,50,50,1,-1,-1,-1
284,3,473,732,50,50,1,-1,-1,-1
284,5,506,851,50,50,1,-1,-1,-1
285,1,589,1249,50,50,1,-1,-1,-1
285,2,400,1174,50,50,1,-1,-1,-1
285,5,511,806,50,50,1,-1,-1,-1
286,1,571,1163,50,50,1,-1,-1,-1
286,2,400,1216,50,50,1,-1,-1,-1
286,3,605,822,50,50,1,-1,-1,-1
286,5,517,767,50,50,1,-1,-1,-1
287,1,562,1099,50,50,1,-1,-1,-1
287,2,404,1252,50,50,1,-1,-1,-1
287,3,613,863,50,50,1,-1,-1,-1
287,5,522,733,50,50,1,-1,-1,-1
288,1,565,1056,50,50,1,-1,-1,-1
288,2,431,1315,50,50,1,-1,-1,-1
288,3,622,910,50,50,1,-1,-1,-1
288,5,528,704,50,50,1,-1,-1,-1
289,1,572,1103,50,50,1,-1,-1,-1
289,2,452,1340,50,50,1,-1,-1,-1
289,3,631,962,50,50,1,-1,-1,-1
289,5,536,683,50,50,1,-1,-1,-1
290,1,591,1100,50,50,1,-1,-1,-1
290,2,467,1328,50,50,1,-1,-1,-1
290,3,639,1020,50,50,1,-1,-1,-1
290,5,543,665,50,50,1,-1,-1,-1
291,1,533,885,50,50,1,-1,-1,-1
291,2,472,1295,50,50,1,-1,-1,-1
291,3,647,1069,50,50,1,-1,-1,-1
291,5,549,652,50,50,1,-1,-1,-1
292,1,418,831,50,50,1,-1,-1,-1
292,2,476,1209,50,50,1,-1,-1,-1
292,3,656,1116,50,50,1,-1,-1,-1
292,5,556,644,50,50,1,-1,-1,-1
293,1,406,910,50,50,1,-1,-1,-1
293,2,482,1075,50,50,1,-1,-1,-1
293,3,645,1199,50,50,1,-1,-1,-1
293,5,569,643,50,50,1,-1,-1,-1
294,1,484,1008,50,50,1,-1,-1,-1
294,2,401,957,50,50,1,-1,-1,-1
294,3,638,1258,50,50,1,-1,-1,-1
294,5,576,649,50,50,1,-1,-1,-1
295,1,445,1112,50,50,1,-1,-1,-1
295,2,395,1011,50,50,1,-1,-1,-1
295,3,613,1309,50,50,1,-1,-1,-1
295,5,583,661,50,50,1,-1,-1,-1
296,1,495,886,50,50,1,-1,-1,-1
296,2,389,1070,50,50,1,-1,-1,-1
296,3,597,1325,50,50,1,-1,-1,-1
296,5,588,673,50,50,1,-1,-1,-1
297,1,491,719,50,50,1,-1,-1,-1
297,2,386,1122,50,50,1,-1,-1,-1
297,3,590,1313,50,50,1,-1,-1,-1
297,5,596,695,50,50,1,-1,-1,-1
298,1,505,788,50,50,1,-1,-1,-1
298,2,385,1169,50,50,1,-1,-1,-1
298,3,575,1272,50,50,1,-1,-1,-1
298,5,604,722,50,50,1,-1,-1,-1
299,1,511,747,50,50,1,-1,-1,-1
299,2,390,1210,50,50,1,-1,-1,-1
299,3,569,1180,50,50,1,-1,-1,-1
299,5,612,754,50,50,1,-1,-1,-1
300,1,516,712,50,50,1,-1,-1,-1
300,2,397,1248,50,50,1,-1,-1,-1
300,3,565,1112,50,50,1,-1,-1,-1
300,5,621,792,50,50,1,-1,-1,-1
301,1,522,682,50,50,1,-1,-1,-1
301,2,425,1305,50,50,1,-1,-1,-1
301,3,568,1063,50,50,1,-1,-1,-1
301,5,630,835,50,50,1,-1,-1,-1
302,1,530,662,50,50,1,-1,-1,-1
302,2,442,1340,50,50,1,-1,-1,-1
302,3,553,985,50,50,1,-1,-1,-1
302,5,639,884,50,50,1,-1,-1,-1
303,1,536,642,50,50,1,-1,-1,-1
303,2,460,1341,50,50,1,-1,-1,-1
303,3,548,914,50,50,1,-1,-1,-1
303,5,648,939,50,50,1,-1,-1,-1
304,1,542,628,50,50,1,-1,-1,-1
304,2,470,1309,50,50,1,-1,-1,-1
304,3,542,868,50,50,1,-1,-1,-1
304,5,658,999,50,50,1,-1,-1,-1
305,1,548,619,50,50,1,-1,-1,-1
305,2,470,1228,50,50,1,-1,-1,-1
305,3,536,819,50,50,1,-1,-1,-1
305,5,667,1062,50,50,1,-1,-1,-1
306,1,554,615,50,50,1,-1,-1,-1
306,2,478,1162,50,50,1,-1,-1,-1
306,3,531,777,50,50,1,-1,-1,-1
306,5,668,1116,50,50,1,-1,-1,-1
307,1,561,616,50,50,1,-1,-1,-1
307,2,480,1097,50,50,1,-1,-1,-1
307,3,525,741,50,50,1,-1,-1,-1
307,5,667,1157,50,50,1,-1,-1,-1
308,1,568,622,50,50,1,-1,-1,-1
308,2,484,1035,50,50,1,-1,-1,-1
308,3,520,709,50,50,1,-1,-1,-1
308,5,650,1207,50,50,1,-1,-1,-1
309,1,469,1098,50,50,1,-1,-1,-1
309,2,430,1008,50,50,1,-1,-1,-1
309,3,516,684,50,50,1,-1,-1,-1
309,5,616,1287,50,50,1,-1,-1,-1
310,1,493,913,50,50,1,-1,-1,-1
310,2,426,1067,50,50,1,-1,-1,-1
310,3,579,644,50,50,1,-1,-1,-1
310,5,609,1315,50,50,1,-1,-1,-1
311,1,499,863,50,50,1,-1,-1,-1
311,2,424,1117,50,50,1,-1,-1,-1
311,3,586,666,50,50,1,-1,-1,-1
311,5,603,1314,50,50,1,-1,-1,-1
312,1,505,818,50,50,1,-1,-1,-1
312,2,429,1160,50,50,1,-1,-1,-1
312,3,594,693,50,50,1,-1,-1,-1
312,5,595,1282,50,50,1,-1,-1,-1
313,1,509,778,50,50,1,-1,-1,-1
313,2,420,1190,50,50,1,-1,-1,-1
313,3,602,726,50,50,1,-1,-1,-1
313,5,569,1203,50,50,1,-1,-1,-1
314,1,515,744,50,50,1,-1,-1,-1
314,2,425,1231,50,50,1,-1,-1,-1
314,3,610,764,50,50,1,-1,-1,-1
314,5,563,1136,50,50,1,-1,-1,-1
315,1,520,716,50,50,1,-1,-1,-1
315,2,441,1280,50,50,1,-1,-1,-1
315,3,619,809,50,50,1,-1,-1,-1
315,5,556,1086,50,50,1,-1,-1,-1
316,1,526,692,50,50,1,-1,-1,-1
316,2,447,1316,50,50,1,-1,-1,-1
316,3,628,859,50,50,1,-1,-1,-1
316,5,549,1015,50,50,1,-1,-1,-1
317,1,486,668,50,50,1,-1,-1,-1
317,2,463,1338,50,50,1,-1,-1,-1
317,3,637,915,50,50,1,-1,-1,-1
317,5,539,957,50,50,1,-1,-1,-1
318,1,480,685,50,50,1,-1,-1,-1
318,2,478,1338,50,50,1,-1,-1,-1
318,3,647,978,50,50,1,-1,-1,-1
318,5,531,901,50,50,1,-1,-1,-1
319,1,477,711,50,50,1,-1,-1,-1
319,2,488,1307,50,50,1,-1,-1,-1
319,3,657,1045,50,50,1,-1,-1,-1
319,5,524,857,50,50,1,-1,-1,-1
320,1,553,653,50,50,1,-1,-1,-1
320,2,498,1231,50,50,1,-1,-1,-1
320,3,662,1097,50,50,1,-1,-1,-1
320,5,515,815,50,50,1,-1,-1,-1
321,1,567,662,50,50,1,-1,-1,-1
321,2,507,1091,50,50,1,-1,-1,-1
321,3,660,1168,50,50,1,-1,-1,-1
321,5,469,821,50,50,1,-1,-1,-1
322,1,570,668,50,50,1,-1,-1,-1
322,2,503,1040,50,50,1,-1,-1,-1
322,3,669,1211,50,50,1,-1,-1,-1
322,5,466,869,50,50,1,-1,-1,-1
323,1,577,684,50,50,1,-1,-1,-1
323,2,461,1059,50,50,1,-1,-1,-1
323,3,652,1254,50,50,1,-1,-1,-1
323,5,463,923,50,50,1,-1,-1,-1
324,1,585,705,50,50,1,-1,-1,-1
324,2,479,1085,50,50,1,-1,-1,-1
324,3,631,1293,50,50,1,-1,-1,-1
324,5,462,982,50,50,1,-1,-1,-1
325,1,592,732,50,50,1,-1,-1,-1
325,2,532,863,50,50,1,-1,-1,-1
325,3,619,1296,50,50,1,-1,-1,-1
325,5,460,1051,50,50,1,-1,-1,-1
326,1,539,818,50,50,1,-1,-1,-1
326,2,467,687,50,50,1,-1,-1,-1
326,3,611,1270,50,50,1,-1,-1,-1
326,5,461,1104,50,50,1,-1,-1,-1
327,1,608,800,50,50,1,-1,-1,-1
327,2,460,689,50,50,1,-1,-1,-1
327,3,592,1178,50,50,1,-1,-1,-1
327,5,458,1156,50,50,1,-1,-1,-1
328,1,616,842,50,50,1,-1,-1,-1
328,2,454,697,50,50,1,-1,-1,-1
328,3,582,1114,50,50,1,-1,-1,-1
328,5,459,1201,50,50,1,-1,-1,-1
329,1,625,890,50,50,1,-1,-1,-1
329,2,448,709,50,50,1,-1,-1,-1
329,3,578,1063,50,50,1,-1,-1,-1
329,5,469,1274,50,50,1,-1,-1,-1
330,1,634,943,50,50,1,-1,-1,-1
330,2,442,727,50,50,1,-1,-1,-1
330,3,587,1088,50,50,1,-1,-1,-1
330,5,476,1321,50,50,1,-1,-1,-1
331,1,643,1002,50,50,1,-1,-1,-1
331,2,433,746,50,50,1,-1,-1,-1
331,3,600,1088,50,50,1,-1,-1,-1
331,5,485,1322,50,50,1,-1,-1,-1
332,1,651,1057,50,50,1,-1,-1,-1
332,2,427,775,50,50,1,-1,-1,-1
332,3,537,884,50,50,1,-1,-1,-1
332,5,501,1277,50,50,1,-1,-1,-1
333,1,652,1104,50,50,1,-1,-1,-1
333,2,423,810,50,50,1,-1,-1,-1
333,3,593,658,50,50,1,-1,-1,-1
333,5,497,1193,50,50,1,-1,-1,-1
334,1,667,1132,50,50,1,-1,-1,-1
334,2,416,849,50,50,1,-1,-1,-1
334,3,601,655,50,50,1,-1,-1,-1
334,5,505,1119,50,50,1,-1,-1,-1
335,1,662,1177,50,50,1,-1,-1,-1
335,2,410,895,50,50,1,-1,-1,-1
335,3,610,658,50,50,1,-1,-1,-1
335,5,503,1068,50,50,1,-1,-1,-1
336,1,649,1255,50,50,1,-1,-1,-1
336,2,405,946,50,50,1,-1,-1,-1
336,3,618,665,50,50,1,-1,-1,-1
336,5,502,1014,50,50,1,-1,-1,-1
337,1,640,1301,50,50,1,-1,-1,-1
337,2,400,1003,50,50,1,-1,-1,-1
337,3,624,672,50,50,1,-1,-1,-1
337,5,515,924,50,50,1,-1,-1,-1
338,1,633,1309,50,50,1,-1,-1,-1
338,2,395,1063,50,50,1,-1,-1,-1
338,3,633,689,50,50,1,-1,-1,-1
338,5,522,881,50,50,1,-1,-1,-1
339,1,625,1283,50,50,1,-1,-1,-1
339,2,391,1117,50,50,1,-1,-1,-1
339,3,642,711,50,50,1,-1,-1,-1
339,5,527,832,50,50,1,-1,-1,-1
340,1,614,1198,50,50,1,-1,-1,-1
340,2,393,1163,50,50,1,-1,-1,-1
340,3,651,738,50,50,1,-1,-1,-1
340,5,533,789,50,50,1,-1,-1,-1
341,1,605,1137,50,50,1,-1,-1,-1
341,2,401,1208,50,50,1,-1,-1,-1
341,3,661,770,50,50,1,-1,-1,-1
341,5,538,751,50,50,1,-1,-1,-1
342,1,595,1081,50,50,1,-1,-1,-1
342,2,411,1240,50,50,1,-1,-1,-1
342,3,671,808,50,50,1,-1,-1,-1
342,5,544,719,50,50,1,-1,-1,-1
343,1,591,1026,50,50,1,-1,-1,-1
343,2,436,1311,50,50,1,-1,-1,-1
343,3,681,850,50,50,1,-1,-1,-1
343,5,552,695,50,50,1,-1,-1,-1
344,1,582,962,50,50,1,-1,-1,-1
344,2,448,1336,50,50,1,-1,-1,-1
344,3,691,899,50,50,1,-1,-1,-1
344,5,559,674,50,50,1,-1,-1,-1
345,1,565,914,50,50,1,-1,-1,-1
345,2,462,1328,50,50,1,-1,-1,-1
345,3,702,952,50,50,1,-1,-1,-1
345,5,565,659,50,50,1,-1,-1,-1
346,1,555,871,50,50,1,-1,-1,-1
346,2,468,1293,50,50,1,-1,-1,-1
346,3,714,1012,50,50,1,-1,-1,-1
346,5,572,648,50,50,1,-1,-1,-1
347,1,545,832,50,50,1,-1,-1,-1
347,2,475,1208,50,50,1,-1,-1,-1
347,3,724,1068,50,50,1,-1,-1,-1
347,5,578,642,50,50,1,-1,-1,-1
348,1,536,800,50,50,1,-1,-1,-1
348,2,483,1135,50,50,1,-1,-1,-1
348,3,731,1114,50,50,1,-1,-1,-1
348,5,586,642,50,50,1,-1,-1,-1
349,1,518,750,50,50,1,-1,-1,-1
349,2,492,1015,50,50,1,-1,-1,-1
349,3,713,1190,50,50,1,-1,-1,-1
349,5,600,655,50,50,1,-1,-1,-1
350,1,509,733,50,50,1,-1,-1,-1
350,2,500,940,50,50,1,-1,-1,-1
350,3,693,1250,50,50,1,-1,-1,-1
350,5,607,668,50,50,1,-1,-1,-1
351,1,503,727,50,50,1,-1,-1,-1
351,2,513,892,50,50,1,-1,-1,-1
351,3,661,1298,50,50,1,-1,-1,-1
351,5,613,684,50,50,1,-1,-1,-1
352,1,495,720,50,50,1,-1,-1,-1
352,2,522,843,50,50,1,-1,-1,-1
352,3,638,1310,50,50,1,-1,-1,-1
352,5,621,708,50,50,1,-1,-1,-1
353,1,338,1108,50,50,1,-1,-1,-1
353,2,530,800,50,50,1,-1,-1,-1
353,3,627,1285,50,50,1,-1,-1,-1
353,5,629,738,50,50,1,-1,-1,-1
354,1,334,1152,50,50,1,-1,-1,-1
354,2,539,763,50,50,1,-1,-1,-1
354,3,610,1210,50,50,1,-1,-1,-1
354,5,637,772,50,50,1,-1,-1,-1
355,1,342,1192,50,50,1,-1,-1,-1
355,2,547,731,50,50,1,-1,-1,-1
355,3,593,1139,50,50,1,-1,-1,-1
355,5,646,813,50,50,1,-1,-1,-1
356,1,358,1237,50,50,1,-1,-1,-1
356,2,556,704,50,50,1,-1,-1,-1
356,3,587,1085,50,50,1,-1,-1,-1
356,5,655,859,50,50,1,-1,-1,-1
357,1,392,1297,50,50,1,-1,-1,-1
357,2,567,685,50,50,1,-1,-1,-1
357,3,582,1028,50,50,1,-1,-1,-1
357,5,665,910,50,50,1,-1,-1,-1
358,1,436,1326,50,50,1,-1,-1,-1
358,2,576,669,50,50,1,-1,-1,-1
358,3,575,965,50,50,1,-1,-1,-1
358,5,674,967,50,50,1,-1,-1,-1
359,1,468,1313,50,50,1,-1,-1,-1
359,2,585,658,50,50,1,-1,-1,-1
359,3,556,914,50,50,1,-1,-1,-1
359,5,684,1030,50,50,1,-1,-1,-1
360,1,491,1237,50,50,1,-1,-1,-1
360,2,594,652,50,50,1,-1,-1,-1
360,3,546,874,50,50,1,-1,-1,-1
360,5,692,1080,50,50,1,-1,-1,-1
361,1,481,1177,50,50,1,-1,-1,-1
361,2,604,651,50,50,1,-1,-1,-1
361,3,537,836,50,50,1,-1,-1,-1
361,5,700,1116,50,50,1,-1,-1,-1
362,1,487,1111,50,50,1,-1,-1,-1
362,2,613,654,50,50,1,-1,-1,-1
362,3,528,804,50,50,1,-1,-1,-1
362,5,696,1156,50,50,1,-1,-1,-1
363,1,489,1054,50,50,1,-1,-1,-1
363,2,623,663,50,50,1,-1,-1,-1
363,3,519,776,50,50,1,-1,-1,-1
363,5,691,1214,50,50,1,-1,-1,-1
364,1,488,989,50,50,1,-1,-1,-1
364,2,633,676,50,50,1,-1,-1,-1
364,3,510,755,50,50,1,-1,-1,-1
364,5,671,1281,50,50,1,-1,-1,-1
365,1,496,927,50,50,1,-1,-1,-1
365,2,641,690,50,50,1,-1,-1,-1
365,3,504,742,50,50,1,-1,-1,-1
365,5,648,1306,50,50,1,-1,-1,-1
366,1,501,880,50,50,1,-1,-1,-1
366,2,651,713,50,50,1,-1,-1,-1
366,3,496,732,50,50,1,-1,-1,-1
366,5,642,1295,50,50,1,-1,-1,-1
367,1,506,834,50,50,1,-1,-1,-1
367,2,662,740,50,50,1,-1,-1,-1
367,3,488,726,50,50,1,-1,-1,-1
367,5,638,1252,50,50,1,-1,-1,-1
368,1,510,794,50,50,1,-1,-1,-1
368,2,673,773,50,50,1,-1,-1,-1
368,3,382,1248,50,50,1,-1,-1,-1
368,5,619,1160,50,50,1,-1,-1,-1
369,1,515,760,50,50,1,-1,-1,-1
369,2,684,812,50,50,1,-1,-1,-1
369,3,399,1312,50,50,1,-1,-1,-1
369,5,608,1097,50,50,1,-1,-1,-1
370,1,520,731,50,50,1,-1,-1,-1
370,2,695,854,50,50,1,-1,-1,-1
370,3,416,1342,50,50,1,-1,-1,-1
370,5,598,1041,50,50,1,-1,-1,-1
371,1,527,711,50,50,1,-1,-1,-1
371,2,707,902,50,50,1,-1,-1,-1
371,3,441,1357,50,50,1,-1,-1,-1
371,5,590,979,50,50,1,-1,-1,-1
372,1,532,692,50,50,1,-1,-1,-1
372,2,718,956,50,50,1,-1,-1,-1
372,3,456,1353,50,50,1,-1,-1,-1
372,5,574,924,50,50,1,-1,-1,-1
373,1,537,679,50,50,1,-1,-1,-1
373,2,731,1016,50,50,1,-1,-1,-1
373,3,472,1324,50,50,1,-1,-1,-1
373,5,562,879,50,50,1,-1,-1,-1
374,1,543,671,50,50,1,-1,-1,-1
374,2,742,1069,50,50,1,-1,-1,-1
374,3,470,1237,50,50,1,-1,-1,-1
374,5,550,838,50,50,1,-1,-1,-1
375,1,548,668,50,50,1,-1,-1,-1
375,2,749,1113,50,50,1,-1,-1,-1
375,3,477,1177,50,50,1,-1,-1,-1
375,5,539,802,50,50,1,-1,-1,-1
376,1,555,671,50,50,1,-1,-1,-1
376,2,745,1136,50,50,1,-1,-1,-1
376,3,483,1113,50,50,1,-1,-1,-1
376,5,529,772,50,50,1,-1,-1,-1
377,1,407,1004,50,50,1,-1,-1,-1
377,2,697,1234,50,50,1,-1,-1,-1
377,3,443,1098,50,50,1,-1,-1,-1
377,5,508,728,50,50,1,-1,-1,-1
378,1,497,932,50,50,1,-1,-1,-1
378,2,659,1292,50,50,1,-1,-1,-1
378,3,401,1062,50,50,1,-1,-1,-1
378,5,499,714,50,50,1,-1,-1,-1
379,1,505,885,50,50,1,-1,-1,-1
379,2,621,1323,50,50,1,-1,-1,-1
379,3,397,1117,50,50,1,-1,-1,-1
379,5,576,724,50,50,1,-1,-1,-1
380,1,511,842,50,50,1,-1,-1,-1
380,2,597,1311,50,50,1,-1,-1,-1
380,3,397,1167,50,50,1,-1,-1,-1
380,5,583,752,50,50,1,-1,-1,-1
381,1,472,706,50,50,1,-1,-1,-1
381,2,580,1267,50,50,1,-1,-1,-1
381,3,402,1206,50,50,1,-1,-1,-1
381,5,590,785,50,50,1,-1,-1,-1
382,2,558,1166,50,50,1,-1,-1,-1
382,3,408,1243,50,50,1,-1,-1,-1
382,5,598,823,50,50,1,-1,-1,-1
383,1,530,744,50,50,1,-1,-1,-1
383,2,551,1098,50,50,1,-1,-1,-1
383,3,424,1306,50,50,1,-1,-1,-1
383,5,605,867,50,50,1,-1,-1,-1
384,1,445,739,50,50,1,-1,-1,-1
384,2,552,1118,50,50,1,-1,-1,-1
384,3,442,1329,50,50,1,-1,-1,-1
384,5,613,917,50,50,1,-1,-1,-1
385,1,436,761,50,50,1,-1,-1,-1
385,2,573,1105,50,50,1,-1,-1,-1
385,3,456,1328,50,50,1,-1,-1,-1
385,5,620,973,50,50,1,-1,-1,-1
386,1,427,787,50,50,1,-1,-1,-1
386,2,523,907,50,50,1,-1,-1,-1
386,3,461,1301,50,50,1,-1,-1,-1
386,5,629,1034,50,50,1,-1,-1,-1
387,1,418,820,50,50,1,-1,-1,-1
387,2,561,690,50,50,1,-1,-1,-1
387,3,467,1223,50,50,1,-1,-1,-1
387,5,635,1091,50,50,1,-1,-1,-1
388,1,408,857,50,50,1,-1,-1,-1
388,2,569,689,50,50,1,-1,-1,-1
388,3,472,1153,50,50,1,-1,-1,-1
388,5,636,1133,50,50,1,-1,-1,-1
389,1,399,900,50,50,1,-1,-1,-1
389,2,498,771,50,50,1,-1,-1,-1
389,3,480,1095,50,50,1,-1,-1,-1
389,5,640,1164,50,50,1,-1,-1,-1
390,1,391,949,50,50,1,-1,-1,-1
390,2,490,736,50,50,1,-1,-1,-1
390,3,484,1040,50,50,1,-1,-1,-1
390,5,628,1205,50,50,1,-1,-1,-1
391,1,382,1005,50,50,1,-1,-1,-1
391,2,482,706,50,50,1,-1,-1,-1
391,3,485,976,50,50,1,-1,-1,-1
391,5,601,1273,50,50,1,-1,-1,-1
392,1,375,1059,50,50,1,-1,-1,-1
392,2,474,681,50,50,1,-1,-1,-1
392,3,500,920,50,50,1,-1,-1,-1
392,5,606,1296,50,50,1,-1,-1,-1
393,1,369,1115,50,50,1,-1,-1,-1
393,2,466,662,50,50,1,-1,-1,-1
393,3,509,875,50,50,1,-1,-1,-1
393,5,594,1304,50,50,1,-1,-1,-1
394,1,368,1160,50,50,1,-1,-1,-1
394,2,462,654,50,50,1,-1,-1,-1
394,3,517,834,50,50,1,-1,-1,-1
394,5,574,1282,50,50,1,-1,-1,-1
395,1,359,1197,50,50,1,-1,-1,-1
395,2,454,645,50,50,1,-1,-1,-1
395,3,525,797,50,50,1,-1,-1,-1
395,5,569,1194,50,50,1,-1,-1,-1
396,1,364,1240,50,50,1,-1,-1,-1
396,2,447,641,50,50,1,-1,-1,-1
396,3,533,766,50,50,1,-1,-1,-1
396,5,563,1125,50,50,1,-1,-1,-1
397,1,391,1300,50,50,1,-1,-1,-1
397,2,440,642,50,50,1,-1,-1,-1
397,3,542,740,50,50,1,-1,-1,-1
397,5,561,1077,50,50,1,-1,-1,-1
398,1,413,1329,50,50,1,-1,-1,-1
398,2,433,649,50,50,1,-1,-1,-1
398,3,552,722,50,50,1,-1,-1,-1
398,5,548,1004,50,50,1,-1,-1,-1
399,1,433,1345,50,50,1,-1,-1,-1
399,2,426,661,50,50,1,-1,-1,-1
399,3,561,708,50,50,1,-1,-1,-1
399,5,541,929,50,50,1,-1,-1,-1
400,1,450,1330,50,50,1,-1,-1,-1
400,2,420,678,50,50,1,-1,-1,-1
400,3,570,698,50,50,1,-1,-1,-1
400,5,532,891,50,50,1,-1,-1,-1
401,1,455,1331,50,50,1,-1,-1,-1
401,2,413,700,50,50,1,-1,-1,-1
401,3,580,692,50,50,1,-1,-1,-1
401,5,524,846,50,50,1,-1,-1,-1
402,1,468,1205,50,50,1,-1,-1,-1
402,2,404,725,50,50,1,-1,-1,-1
402,3,589,693,50,50,1,-1,-1,-1
402,5,516,806,50,50,1,-1,-1,-1
403,1,480,1131,50,50,1,-1,-1,-1
403,2,398,758,50,50,1,-1,-1,-1
403,3,598,698,50,50,1,-1,-1,-1
403,5,509,772,50,50,1,-1,-1,-1
404,1,484,1067,50,50,1,-1,-1,-1
404,2,392,798,50,50,1,-1,-1,-1
404,3,608,708,50,50,1,-1,-1,-1
404,5,502,743,50,50,1,-1,-1,-1
405,1,483,1003,50,50,1,-1,-1,-1
405,2,385,843,50,50,1,-1,-1,-1
405,3,616,718,50,50,1,-1,-1,-1
405,5,495,719,50,50,1,-1,-1,-1
406,1,504,879,50,50,1,-1,-1,-1
406,2,373,951,50,50,1,-1,-1,-1
406,3,638,765,50,50,1,-1,-1,-1
406,5,485,694,50,50,1,-1,-1,-1
407,1,511,828,50,50,1,-1,-1,-1
407,2,367,1014,50,50,1,-1,-1,-1
407,3,649,796,50,50,1,-1,-1,-1
407,5,478,686,50,50,1,-1,-1,-1
408,1,519,782,50,50,1,-1,-1,-1
408,2,364,1066,50,50,1,-1,-1,-1
408,3,660,833,50,50,1,-1,-1,-1
408,5,472,683,50,50,1,-1,-1,-1
409,1,526,742,50,50,1,-1,-1,-1
409,2,360,1113,50,50,1,-1,-1,-1
409,3,671,876,50,50,1,-1,-1,-1
409,5,582,1090,50,50,1,-1,-1,-1
410,1,534,708,50,50,1,-1,-1,-1
410,2,365,1152,50,50,1,-1,-1,-1
410,3,683,924,50,50,1,-1,-1,-1
410,5,579,1035,50,50,1,-1,-1,-1
411,1,544,680,50,50,1,-1,-1,-1
411,2,375,1193,50,50,1,-1,-1,-1
411,3,696,979,50,50,1,-1,-1,-1
411,5,453,707,50,50,1,-1,-1,-1
412,1,553,657,50,50,1,-1,-1,-1
412,2,395,1235,50,50,1,-1,-1,-1
412,3,709,1039,50,50,1,-1,-1,-1
412,5,448,723,50,50,1,-1,-1,-1
413,1,561,640,50,50,1,-1,-1,-1
413,2,442,1301,50,50,1,-1,-1,-1
413,3,720,1091,50,50,1,-1,-1,-1
413,5,542,874,50,50,1,-1,-1,-1
414,1,570,626,50,50,1,-1,-1,-1
414,2,457,1307,50,50,1,-1,-1,-1
414,3,729,1131,50,50,1,-1,-1,-1
414,5,533,835,50,50,1,-1,-1,-1
415,1,579,618,50,50,1,-1,-1,-1
415,2,470,1274,50,50,1,-1,-1,-1
415,3,731,1160,50,50,1,-1,-1,-1
415,5,523,801,50,50,1,-1,-1,-1
416,1,587,615,50,50,1,-1,-1,-1
416,2,475,1182,50,50,1,-1,-1,-1
416,3,712,1194,50,50,1,-1,-1,-1
416,5,514,773,50,50,1,-1,-1,-1
417,1,597,617,50,50,1,-1,-1,-1
417,2,481,1110,50,50,1,-1,-1,-1
417,3,683,1229,50,50,1,-1,-1,-1
417,5,506,750,50,50,1,-1,-1,-1
418,1,605,625,50,50,1,-1,-1,-1
418,2,484,1055,50,50,1,-1,-1,-1
418,3,643,1292,50,50,1,-1,-1,-1
418,5,497,733,50,50,1,-1,-1,-1
419,1,616,637,50,50,1,-1,-1,-1
419,2,408,1006,50,50,1,-1,-1,-1
419,3,629,1318,50,50,1,-1,-1,-1
419,5,491,726,50,50,1,-1,-1,-1
420,1,623,649,50,50,1,-1,-1,-1
420,2,403,1065,50,50,1,-1,-1,-1
420,3,614,1320,50,50,1,-1,-1,-1
420,5,483,718,50,50,1,-1,-1,-1
421,1,633,672,50,50,1,-1,-1,-1
421,2,401,1123,50,50,1,-1,-1,-1
421,3,605,1287,50,50,1,-1,-1,-1
421,5,475,717,50,50,1,-1,-1,-1
422,1,644,700,50,50,1,-1,-1,-1
422,2,398,1173,50,50,1,-1,-1,-1
422,3,588,1202,50,50,1,-1,-1,-1
422,5,467,720,50,50,1,-1,-1,-1
423,1,654,733,50,50,1,-1,-1,-1
423,2,405,1223,50,50,1,-1,-1,-1
423,3,578,1138,50,50,1,-1,-1,-1
423,5,519,779,50,50,1,-1,-1,-1
424,1,665,772,50,50,1,-1,-1,-1
424,2,413,1254,50,50,1,-1,-1,-1
424,3,573,1077,50,50,1,-1,-1,-1
424,5,526,742,50,50,1,-1,-1,-1
425,1,677,816,50,50,1,-1,-1,-1
425,2,443,1327,50,50,1,-1,-1,-1
425,3,570,1013,50,50,1,-1,-1,-1
425,5,533,710,50,50,1,-1,-1,-1
426,1,688,866,50,50,1,-1,-1,-1
426,2,454,1340,50,50,1,-1,-1,-1
426,3,551,929,50,50,1,-1,-1,-1
426,5,543,687,50,50,1,-1,-1,-1
427,1,700,922,50,50,1,-1,-1,-1
427,2,462,1313,50,50,1,-1,-1,-1
427,3,538,887,50,50,1,-1,-1,-1
427,5,551,666,50,50,1,-1,-1,-1
428,1,713,985,50,50,1,-1,-1,-1
428,2,461,1231,50,50,1,-1,-1,-1
428,3,528,838,50,50,1,-1,-1,-1
428,5,558,651,50,50,1,-1,-1,-1
429,1,722,1043,50,50,1,-1,-1,-1
429,2,469,1166,50,50,1,-1,-1,-1
429,3,518,795,50,50,1,-1,-1,-1
429,5,566,640,50,50,1,-1,-1,-1
430,1,723,1077,50,50,1,-1,-1,-1
430,2,473,1099,50,50,1,-1,-1,-1
430,3,508,757,50,50,1,-1,-1,-1
430,5,575,635,50,50,1,-1,-1,-1
431,1,713,1116,50,50,1,-1,-1,-1
431,2,476,1038,50,50,1,-1,-1,-1
431,3,499,725,50,50,1,-1,-1,-1
431,5,583,635,50,50,1,-1,-1,-1
432,1,693,1159,50,50,1,-1,-1,-1
432,2,478,971,50,50,1,-1,-1,-1
432,3,490,699,50,50,1,-1,-1,-1
432,5,591,640,50,50,1,-1,-1,-1
433,1,617,1288,50,50,1,-1,-1,-1
433,2,492,860,50,50,1,-1,-1,-1
433,3,475,668,50,50,1,-1,-1,-1
433,5,609,664,50,50,1,-1,-1,-1
434,1,633,1298,50,50,1,-1,-1,-1
434,2,497,814,50,50,1,-1,-1,-1
434,3,466,657,50,50,1,-1,-1,-1
434,5,615,681,50,50,1,-1,-1,-1
435,1,621,1270,50,50,1,-1,-1,-1
435,2,505,774,50,50,1,-1,-1,-1
435,3,459,652,50,50,1,-1,-1,-1
435,5,626,708,50,50,1,-1,-1,-1
436,1,593,1187,50,50,1,-1,-1,-1
436,2,511,740,50,50,1,-1,-1,-1
436,3,450,652,50,50,1,-1,-1,-1
436,5,635,738,50,50,1,-1,-1,-1
437,1,578,1119,50,50,1,-1,-1,-1
437,2,515,709,50,50,1,-1,-1,-1
437,3,414,1339,50,50,1,-1,-1,-1
437,5,645,775,50,50,1,-1,-1,-1
438,1,574,1065,50,50,1,-1,-1,-1
438,2,521,685,50,50,1,-1,-1,-1
438,3,435,1356,50,50,1,-1,-1,-1
438,5,655,817,50,50,1,-1,-1,-1
439,1,560,994,50,50,1,-1,-1,-1
439,2,529,670,50,50,1,-1,-1,-1
439,3,450,1359,50,50,1,-1,-1,-1
439,5,666,865,50,50,1,-1,-1,-1
440,1,544,922,50,50,1,-1,-1,-1
440,2,536,656,50,50,1,-1,-1,-1
440,3,457,1342,50,50,1,-1,-1,-1
440,5,677,920,50,50,1,-1,-1,-1
441,1,532,877,50,50,1,-1,-1,-1
441,2,543,647,50,50,1,-1,-1,-1
441,3,459,1296,50,50,1,-1,-1,-1
441,5,688,981,50,50,1,-1,-1,-1
442,1,520,828,50,50,1,-1,-1,-1
442,2,549,644,50,50,1,-1,-1,-1
442,3,452,1205,50,50,1,-1,-1,-1
442,5,700,1046,50,50,1,-1,-1,-1
443,1,508,786,50,50,1,-1,-1,-1
443,2,556,646,50,50,1,-1,-1,-1
443,3,456,1130,50,50,1,-1,-1,-1
443,5,706,1097,50,50,1,-1,-1,-1
444,1,496,749,50,50,1,-1,-1,-1
444,2,563,653,50,50,1,-1,-1,-1
444,3,460,1068,50,50,1,-1,-1,-1
444,5,705,1138,50,50,1,-1,-1,-1
445,1,485,718,50,50,1,-1,-1,-1
445,2,571,665,50,50,1,-1,-1,-1
445,3,463,1003,50,50,1,-1,-1,-1
445,5,685,1176,50,50,1,-1,-1,-1
446,1,474,693,50,50,1,-1,-1,-1
446,2,575,678,50,50,1,-1,-1,-1
446,3,467,941,50,50,1,-1,-1,-1
446,5,659,1212,50,50,1,-1,-1,-1
447,1,463,673,50,50,1,-1,-1,-1
447,2,583,701,50,50,1,-1,-1,-1
447,3,471,887,50,50,1,-1,-1,-1
447,5,624,1280,50,50,1,-1,-1,-1
448,1,454,663,50,50,1,-1,-1,-1
448,2,591,728,50,50,1,-1,-1,-1
448,3,476,838,50,50,1,-1,-1,-1
448,5,599,1294,50,50,1,-1,-1,-1
449,1,444,654,50,50,1,-1,-1,-1
449,2,599,762,50,50,1,-1,-1,-1
449,3,481,795,50,50,1,-1,-1,-1
449,5,589,1265,50,50,1,-1,-1,-1
450,1,434,650,50,50,1,-1,-1,-1
450,2,608,802,50,50,1,-1,-1,-1
450,3,486,758,50,50,1,-1,-1,-1
450,5,567,1189,50,50,1,-1,-1,-1
451,1,423,650,50,50,1,-1,-1,-1
451,2,617,846,50,50,1,-1,-1,-1
451,3,490,726,50,50,1,-1,-1,-1
451,5,561,1123,50,50,1,-1,-1,-1
452,1,413,657,50,50,1,-1,-1,-1
452,2,626,897,50,50,1,-1,-1,-1
452,3,495,699,50,50,1,-1,-1,-1
452,5,557,1076,50,50,1,-1,-1,-1
453,1,403,669,50,50,1,-1,-1,-1
453,2,636,954,50,50,1,-1,-1,-1
453,3,503,681,50,50,1,-1,-1,-1
453,5,552,1004,50,50,1,-1,-1,-1
454,1,393,686,50,50,1,-1,-1,-1
454,2,645,1018,50,50,1,-1,-1,-1
454,3,508,666,50,50,1,-1,-1,-1
454,5,545,932,50,50,1,-1,-1,-1
455,1,383,708,50,50,1,-1,-1,-1
455,2,654,1070,50,50,1,-1,-1,-1
455,3,514,655,50,50,1,-1,-1,-1
455,5,536,892,50,50,1,-1,-1,-1
456,1,373,736,50,50,1,-1,-1,-1
456,2,669,1118,50,50,1,-1,-1,-1
456,3,520,649,50,50,1,-1,-1,-1
456,5,529,848,50,50,1,-1,-1,-1
457,1,363,769,50,50,1,-1,-1,-1
457,2,677,1152,50,50,1,-1,-1,-1
457,3,525,649,50,50,1,-1,-1,-1
457,5,524,809,50,50,1,-1,-1,-1
458,1,351,807,50,50,1,-1,-1,-1
458,2,668,1189,50,50,1,-1,-1,-1
458,3,531,653,50,50,1,-1,-1,-1
458,5,518,776,50,50,1,-1,-1,-1
459,1,342,853,50,50,1,-1,-1,-1
459,2,645,1243,50,50,1,-1,-1,-1
459,3,463,1023,50,50,1,-1,-1,-1
459,5,513,748,50,50,1,-1,-1,-1
460,1,332,904,50,50,1,-1,-1,-1
460,2,624,1275,50,50,1,-1,-1,-1
460,3,469,962,50,50,1,-1,-1,-1
460,5,507,726,50,50,1,-1,-1,-1
461,1,323,962,50,50,1,-1,-1,-1
461,2,594,1310,50,50,1,-1,-1,-1
461,3,482,909,50,50,1,-1,-1,-1
461,5,548,692,50,50,1,-1,-1,-1
462,1,311,1072,50,50,1,-1,-1,-1
462,2,580,1279,50,50,1,-1,-1,-1
462,3,501,821,50,50,1,-1,-1,-1
462,5,561,746,50,50,1,-1,-1,-1
463,1,307,1099,50,50,1,-1,-1,-1
463,2,563,1197,50,50,1,-1,-1,-1
463,3,492,694,50,50,1,-1,-1,-1
463,5,568,781,50,50,1,-1,-1,-1
464,1,322,1137,50,50,1,-1,-1,-1
464,2,561,1134,50,50,1,-1,-1,-1
464,5,575,821,50,50,1,-1,-1,-1
465,1,347,1185,50,50,1,-1,-1,-1
465,2,555,1082,50,50,1,-1,-1,-1
465,3,530,734,50,50,1,-1,-1,-1
465,5,583,866,50,50,1,-1,-1,-1
466,1,373,1235,50,50,1,-1,-1,-1
466,2,554,1023,50,50,1,-1,-1,-1
466,3,539,716,50,50,1,-1,-1,-1
466,5,591,918,50,50,1,-1,-1,-1
467,3,473,737,50,50,1,-1,-1,-1
467,5,599,974,50,50,1,-1,-1,-1
468,1,441,1329,50,50,1,-1,-1,-1
468,2,530,911,50,50,1,-1,-1,-1
468,3,469,761,50,50,1,-1,-1,-1
468,5,607,1037,50,50,1,-1,-1,-1
469,1,455,1317,50,50,1,-1,-1,-1
469,2,523,875,50,50,1,-1,-1,-1
469,3,466,791,50,50,1,-1,-1,-1
469,5,612,1087,50,50,1,-1,-1,-1
470,1,475,1240,50,50,1,-1,-1,-1
470,2,577,691,50,50,1,-1,-1,-1
470,3,463,825,50,50,1,-1,-1,-1
470,5,616,1132,50,50,1,-1,-1,-1
471,1,479,1179,50,50,1,-1,-1,-1
471,2,587,697,50,50,1,-1,-1,-1
471,3,460,865,50,50,1,-1,-1,-1
471,5,617,1184,50,50,1,-1,-1,-1
472,1,483,1108,50,50,1,-1,-1,-1
472,2,503,783,50,50,1,-1,-1,-1
472,3,457,911,50,50,1,-1,-1,-1
472,5,624,1249,50,50,1,-1,-1,-1
473,1,485,1053,50,50,1,-1,-1,-1
473,2,497,764,50,50,1,-1,-1,-1
473,3,454,962,50,50,1,-1,-1,-1
473,5,618,1306,50,50,1,-1,-1,-1
474,1,615,741,50,50,1,-1,-1,-1
474,2,491,749,50,50,1,-1,-1,-1
474,3,451,1018,50,50,1,-1,-1,-1
474,5,616,1310,50,50,1,-1,-1,-1
475,1,626,767,50,50,1,-1,-1,-1
475,2,489,745,50,50,1,-1,-1,-1
475,3,450,1080,50,50,1,-1,-1,-1
475,5,613,1274,50,50,1,-1,-1,-1
476,1,518,871,50,50,1,-1,-1,-1
476,2,483,742,50,50,1,-1,-1,-1
476,3,449,1128,50,50,1,-1,-1,-1
476,5,597,1198,50,50,1,-1,-1,-1
477,1,527,824,50,50,1,-1,-1,-1
477,2,478,743,50,50,1,-1,-1,-1
477,3,447,1176,50,50,1,-1,-1,-1
477,5,586,1130,50,50,1,-1,-1,-1
478,1,536,783,50,50,1,-1,-1,-1
478,2,659,874,50,50,1,-1,-1,-1
478,3,451,1225,50,50,1,-1,-1,-1
478,5,579,1076,50,50,1,-1,-1,-1
479,1,545,748,50,50,1,-1,-1,-1
479,2,670,921,50,50,1,-1,-1,-1
479,3,466,1292,50,50,1,-1,-1,-1
479,5,574,1018,50,50,1,-1,-1,-1
480,1,557,720,50,50,1,-1,-1,-1
480,2,683,972,50,50,1,-1,-1,-1
480,3,474,1326,50,50,1,-1,-1,-1
480,5,566,958,50,50,1,-1,-1,-1
481,1,567,697,50,50,1,-1,-1,-1
481,2,695,1030,50,50,1,-1,-1,-1
481,3,481,1324,50,50,1,-1,-1,-1
481,5,551,913,50,50,1,-1,-1,-1
482,1,576,678,50,50,1,-1,-1,-1
482,2,705,1080,50,50,1,-1,-1,-1
482,3,486,1288,50,50,1,-1,-1,-1
482,5,543,872,50,50,1,-1,-1,-1
483,1,586,664,50,50,1,-1,-1,-1
483,2,707,1122,50,50,1,-1,-1,-1
483,3,489,1206,50,50,1,-1,-1,-1
483,5,534,836,50,50,1,-1,-1,-1
484,1,596,655,50,50,1,-1,-1,-1
484,2,704,1151,50,50,1,-1,-1,-1
484,3,495,1138,50,50,1,-1,-1,-1
484,5,526,805,50,50,1,-1,-1,-1
485,1,606,652,50,50,1,-1,-1,-1
485,2,699,1182,50,50,1,-1,-1,-1
485,3,497,1086,50,50,1,-1,-1,-1
485,5,518,779,50,50,1,-1,-1,-1
486,1,617,653,50,50,1,-1,-1,-1
486,2,685,1220,50,50,1,-1,-1,-1
486,3,433,977,50,50,1,-1,-1,-1
486,5,511,759,50,50,1,-1,-1,-1
487,1,627,659,50,50,1,-1,-1,-1
487,2,649,1293,50,50,1,-1,-1,-1
487,3,497,943,50,50,1,-1,-1,-1
487,5,503,744,50,50,1,-1,-1,-1
488,1,638,669,50,50,1,-1,-1,-1
488,2,648,1300,50,50,1,-1,-1,-1
488,3,514,907,50,50,1,-1,-1,-1
488,5,499,739,50,50,1,-1,-1,-1
489,1,657,700,50,50,1,-1,-1,-1
489,2,612,1194,50,50,1,-1,-1,-1
489,3,525,821,50,50,1,-1,-1,-1
489,5,485,735,50,50,1,-1,-1,-1
490,1,669,726,50,50,1,-1,-1,-1
490,2,602,1133,50,50,1,-1,-1,-1
490,3,531,786,50,50,1,-1,-1,-1
490,5,427,1209,50,50,1,-1,-1,-1
491,1,681,757,50,50,1,-1,-1,-1
491,2,592,1081,50,50,1,-1,-1,-1
491,3,537,756,50,50,1,-1,-1,-1
491,5,432,1241,50,50,1,-1,-1,-1
492,1,693,793,50,50,1,-1,-1,-1
492,2,586,1026,50,50,1,-1,-1,-1
492,3,543,731,50,50,1,-1,-1,-1
492,5,458,1306,50,50,1,-1,-1,-1
493,1,705,834,50,50,1,-1,-1,-1
493,2,576,968,50,50,1,-1,-1,-1
493,3,551,715,50,50,1,-1,-1,-1
493,5,471,1328,50,50,1,-1,-1,-1
494,1,718,881,50,50,1,-1,-1,-1
494,2,558,921,50,50,1,-1,-1,-1
494,3,558,701,50,50,1,-1,-1,-1
494,5,484,1309,50,50,1,-1,-1,-1
495,1,730,932,50,50,1,-1,-1,-1
495,2,547,885,50,50,1,-1,-1,-1
495,3,564,692,50,50,1,-1,-1,-1
495,5,493,1232,50,50,1,-1,-1,-1
496,1,744,990,50,50,1,-1,-1,-1
496,2,535,850,50,50,1,-1,-1,-1
496,3,571,688,50,50,1,-1,-1,-1
496,5,493,1167,50,50,1,-1,-1,-1
497,1,752,1034,50,50,1,-1,-1,-1
497,2,525,821,50,50,1,-1,-1,-1
497,3,578,689,50,50,1,-1,-1,-1
497,5,503,1099,50,50,1,-1,-1,-1
498,1,752,1064,50,50,1,-1,-1,-1
498,2,514,797,50,50,1,-1,-1,-1
498,3,584,695,50,50,1,-1,-1,-1
498,5,502,1049,50,50,1,-1,-1,-1
499,1,733,1098,50,50,1,-1,-1,-1
499,2,505,779,50,50,1,-1,-1,-1
499,3,591,704,50,50,1,-1,-1,-1
499,5,420,1036,50,50,1,-1,-1,-1
500,1,714,1146,50,50,1,-1,-1,-1
500,2,497,769,50,50,1,-1,-1,-1
500,3,596,715,50,50,1,-1,-1,-1
500,5,416,1094,50,50,1,-1,-1,-1
501,1,689,1202,50,50,1,-1,-1,-1
501,2,487,762,50,50,1,-1,-1,-1
501,3,603,736,50,50,1,-1,-1,-1
501,5,413,1143,50,50,1,-1,-1,-1
502,1,663,1272,50,50,1,-1,-1,-1
502,2,478,759,50,50,1,-1,-1,-1
502,3,546,824,50,50,1,-1,-1,-1
502,5,407,1179,50,50,1,-1,-1,-1
503,1,637,1272,50,50,1,-1,-1,-1
503,2,556,785,50,50,1,-1,-1,-1
503,5,410,1213,50,50,1,-1,-1,-1
504,1,604,1203,50,50,1,-1,-1,-1
504,2,628,828,50,50,1,-1,-1,-1
504,3,460,768,50,50,1,-1,-1,-1
504,5,426,1250,50,50,1,-1,-1,-1
505,1,592,1146,50,50,1,-1,-1,-1
505,2,636,869,50,50,1,-1,-1,-1
505,3,451,781,50,50,1,-1,-1,-1
505,5,446,1303,50,50,1,-1,-1,-1
506,1,587,1087,50,50,1,-1,-1,-1
506,2,645,916,50,50,1,-1,-1,-1
506,3,587,700,50,50,1,-1,-1,-1
506,5,460,1328,50,50,1,-1,-1,-1
507,1,433,821,50,50,1,-1,-1,-1
507,2,654,968,50,50,1,-1,-1,-1
507,3,597,682,50,50,1,-1,-1,-1
507,5,472,1335,50,50,1,-1,-1,-1
508,1,422,847,50,50,1,-1,-1,-1
508,2,664,1026,50,50,1,-1,-1,-1
508,3,608,668,50,50,1,-1,-1,-1
508,5,481,1302,50,50,1,-1,-1,-1
509,1,413,881,50,50,1,-1,-1,-1
509,2,671,1069,50,50,1,-1,-1,-1
509,3,619,660,50,50,1,-1,-1,-1
509,5,481,1217,50,50,1,-1,-1,-1
510,1,405,920,50,50,1,-1,-1,-1
510,2,678,1109,50,50,1,-1,-1,-1
510,3,629,656,50,50,1,-1,-1,-1
510,5,484,1139,50,50,1,-1,-1,-1
511,1,397,965,50,50,1,-1,-1,-1
511,2,686,1141,50,50,1,-1,-1,-1
511,3,640,658,50,50,1,-1,-1,-1
511,5,487,1082,50,50,1,-1,-1,-1
512,1,388,1015,50,50,1,-1,-1,-1
512,2,673,1189,50,50,1,-1,-1,-1
512,3,651,664,50,50,1,-1,-1,-1
512,5,489,1014,50,50,1,-1,-1,-1
513,1,380,1071,50,50,1,-1,-1,-1
513,2,661,1235,50,50,1,-1,-1,-1
513,3,661,675,50,50,1,-1,-1,-1
513,5,495,943,50,50,1,-1,-1,-1
514,1,373,1131,50,50,1,-1,-1,-1
514,2,656,1286,50,50,1,-1,-1,-1
514,3,671,687,50,50,1,-1,-1,-1
514,5,504,889,50,50,1,-1,-1,-1
515,1,366,1184,50,50,1,-1,-1,-1
515,2,646,1274,50,50,1,-1,-1,-1
515,3,683,708,50,50,1,-1,-1,-1
515,5,509,838,50,50,1,-1,-1,-1
516,1,363,1230,50,50,1,-1,-1,-1
516,2,629,1194,50,50,1,-1,-1,-1
516,3,695,735,50,50,1,-1,-1,-1
516,5,515,792,50,50,1,-1,-1,-1
517,1,376,1262,50,50,1,-1,-1,-1
517,2,617,1138,50,50,1,-1,-1,-1
517,3,708,767,50,50,1,-1,-1,-1
517,5,521,751,50,50,1,-1,-1,-1
518,1,407,1334,50,50,1,-1,-1,-1
518,2,599,1018,50,50,1,-1,-1,-1
518,3,734,846,50,50,1,-1,-1,-1
518,5,533,687,50,50,1,-1,-1,-1
519,1,427,1355,50,50,1,-1,-1,-1
519,2,589,959,50,50,1,-1,-1,-1
519,3,747,894,50,50,1,-1,-1,-1
519,5,540,662,50,50,1,-1,-1,-1
520,1,449,1358,50,50,1,-1,-1,-1
520,2,577,907,50,50,1,-1,-1,-1
520,3,761,948,50,50,1,-1,-1,-1
520,5,549,646,50,50,1,-1,-1,-1
521,1,461,1345,50,50,1,-1,-1,-1
521,2,567,861,50,50,1,-1,-1,-1
521,3,776,1007,50,50,1,-1,-1,-1
521,5,472,666,50,50,1,-1,-1,-1
522,1,482,1299,50,50,1,-1,-1,-1
522,2,557,821,50,50,1,-1,-1,-1
522,3,786,1055,50,50,1,-1,-1,-1
522,5,466,685,50,50,1,-1,-1,-1
523,1,477,1215,50,50,1,-1,-1,-1
523,2,547,787,50,50,1,-1,-1,-1
523,3,805,1085,50,50,1,-1,-1,-1
523,5,460,708,50,50,1,-1,-1,-1
524,1,485,1137,50,50,1,-1,-1,-1
524,2,538,758,50,50,1,-1,-1,-1
524,3,793,1113,50,50,1,-1,-1,-1
524,5,577,620,50,50,1,-1,-1,-1
525,1,492,1070,50,50,1,-1,-1,-1
525,2,446,771,50,50,1,-1,-1,-1
525,3,773,1150,50,50,1,-1,-1,-1
525,5,584,627,50,50,1,-1,-1,-1
526,1,492,1018,50,50,1,-1,-1,-1
526,2,440,812,50,50,1,-1,-1,-1
526,3,758,1193,50,50,1,-1,-1,-1
526,5,520,716,50,50,1,-1,-1,-1
527,1,500,946,50,50,1,-1,-1,-1
527,2,435,859,50,50,1,-1,-1,-1
527,3,730,1236,50,50,1,-1,-1,-1
527,5,512,703,50,50,1,-1,-1,-1
528,1,471,1071,50,50,1,-1,-1,-1
528,2,430,912,50,50,1,-1,-1,-1
528,3,671,1305,50,50,1,-1,-1,-1
528,5,506,701,50,50,1,-1,-1,-1
529,1,455,1081,50,50,1,-1,-1,-1
529,2,424,972,50,50,1,-1,-1,-1
529,3,646,1309,50,50,1,-1,-1,-1
529,5,498,697,50,50,1,-1,-1,-1
530,1,528,802,50,50,1,-1,-1,-1
530,2,419,1034,50,50,1,-1,-1,-1
530,3,622,1276,50,50,1,-1,-1,-1
530,5,490,700,50,50,1,-1,-1,-1
531,1,631,766,50,50,1,-1,-1,-1
531,2,415,1082,50,50,1,-1,-1,-1
531,3,594,1191,50,50,1,-1,-1,-1
531,5,536,764,50,50,1,-1,-1,-1
532,1,544,732,50,50,1,-1,-1,-1
532,2,424,1132,50,50,1,-1,-1,-1
532,3,580,1123,50,50,1,-1,-1,-1
532,5,641,809,50,50,1,-1,-1,-1
533,1,467,737,50,50,1,-1,-1,-1
533,2,432,1184,50,50,1,-1,-1,-1
533,3,578,1072,50,50,1,-1,-1,-1
533,5,650,858,50,50,1,-1,-1,-1
534,1,457,757,50,50,1,-1,-1,-1
534,2,440,1234,50,50,1,-1,-1,-1
534,3,563,1001,50,50,1,-1,-1,-1
534,5,660,913,50,50,1,-1,-1,-1
535,1,450,785,50,50,1,-1,-1,-1
535,2,463,1304,50,50,1,-1,-1,-1
535,3,554,923,50,50,1,-1,-1,-1
535,5,670,973,50,50,1,-1,-1,-1
536,1,443,819,50,50,1,-1,-1,-1
536,2,474,1300,50,50,1,-1,-1,-1
536,3,543,880,50,50,1,-1,-1,-1
536,5,680,1036,50,50,1,-1,-1,-1
537,1,436,858,50,50,1,-1,-1,-1
537,2,478,1218,50,50,1,-1,-1,-1
537,3,533,832,50,50,1,-1,-1,-1
537,5,688,1081,50,50,1,-1,-1,-1
538,1,429,902,50,50,1,-1,-1,-1
538,2,484,1149,50,50,1,-1,-1,-1
538,3,523,789,50,50,1,-1,-1,-1
538,5,693,1120,50,50,1,-1,-1,-1
539,1,423,952,50,50,1,-1,-1,-1
539,2,487,1084,50,50,1,-1,-1,-1
539,3,514,753,50,50,1,-1,-1,-1
539,5,684,1164,50,50,1,-1,-1,-1
540,1,416,1007,50,50,1,-1,-1,-1
540,2,479,1134,50,50,1,-1,-1,-1
540,3,505,721,50,50,1,-1,-1,-1
540,5,669,1211,50,50,1,-1,-1,-1
541,1,410,1068,50,50,1,-1,-1,-1
541,2,495,942,50,50,1,-1,-1,-1
541,3,496,696,50,50,1,-1,-1,-1
541,5,654,1277,50,50,1,-1,-1,-1
542,1,403,1130,50,50,1,-1,-1,-1
542,2,634,694,50,50,1,-1,-1,-1
542,3,489,680,50,50,1,-1,-1,-1
542,5,647,1291,50,50,1,-1,-1,-1
543,1,433,1171,50,50,1,-1,-1,-1
543,2,644,718,50,50,1,-1,-1,-1
543,3,481,666,50,50,1,-1,-1,-1
543,5,644,1260,50,50,1,-1,-1,-1
544,1,400,1209,50,50,1,-1,-1,-1
544,2,654,746,50,50,1,-1,-1,-1
544,3,473,656,50,50,1,-1,-1,-1
544,5,621,1180,50,50,1,-1,-1,-1
545,1,435,1306,50,50,1,-1,-1,-1
545,2,675,819,50,50,1,-1,-1,-1
545,3,528,701,50,50,1,-1,-1,-1
545,5,600,1055,50,50,1,-1,-1,-1
546,1,452,1337,50,50,1,-1,-1,-1
546,2,686,864,50,50,1,-1,-1,-1
546,3,536,671,50,50,1,-1,-1,-1
546,5,592,994,50,50,1,-1,-1,-1
547,1,465,1350,50,50,1,-1,-1,-1
547,2,697,913,50,50,1,-1,-1,-1
547,3,541,643,50,50,1,-1,-1,-1
547,5,578,933,50,50,1,-1,-1,-1
548,1,475,1331,50,50,1,-1,-1,-1
548,2,709,969,50,50,1,-1,-1,-1
548,3,550,625,50,50,1,-1,-1,-1
548,5,565,885,50,50,1,-1,-1,-1
549,1,474,1288,50,50,1,-1,-1,-1
549,2,721,1029,50,50,1,-1,-1,-1
549,3,557,609,50,50,1,-1,-1,-1
549,5,554,840,50,50,1,-1,-1,-1
550,1,480,1186,50,50,1,-1,-1,-1
550,2,731,1083,50,50,1,-1,-1,-1
550,3,565,598,50,50,1,-1,-1,-1
550,5,544,802,50,50,1,-1,-1,-1
551,1,487,1112,50,50,1,-1,-1,-1
551,2,732,1123,50,50,1,-1,-1,-1
551,3,572,592,50,50,1,-1,-1,-1
551,5,533,769,50,50,1,-1,-1,-1
552,1,489,1053,50,50,1,-1,-1,-1
552,2,733,1157,50,50,1,-1,-1,-1
552,3,579,591,50,50,1,-1,-1,-1
552,5,523,742,50,50,1,-1,-1,-1
553,1,488,983,50,50,1,-1,-1,-1
553,2,718,1198,50,50,1,-1,-1,-1
553,3,587,595,50,50,1,-1,-1,-1
553,5,514,720,50,50,1,-1,-1,-1
554,1,499,918,50,50,1,-1,-1,-1
554,2,712,1237,50,50,1,-1,-1,-1
554,3,594,603,50,50,1,-1,-1,-1
554,5,504,704,50,50,1,-1,-1,-1
555,1,506,865,50,50,1,-1,-1,-1
555,2,662,1297,50,50,1,-1,-1,-1
555,3,599,613,50,50,1,-1,-1,-1
555,5,498,697,50,50,1,-1,-1,-1
556,1,512,815,50,50,1,-1,-1,-1
556,2,646,1305,50,50,1,-1,-1,-1
556,3,607,632,50,50,1,-1,-1,-1
556,5,489,691,50,50,1,-1,-1,-1
557,1,518,770,50,50,1,-1,-1,-1
557,2,627,1275,50,50,1,-1,-1,-1
557,3,616,655,50,50,1,-1,-1,-1
557,5,372,1064,50,50,1,-1,-1,-1
558,1,524,732,50,50,1,-1,-1,-1
558,2,600,1196,50,50,1,-1,-1,-1
558,3,624,684,50,50,1,-1,-1,-1
559,1,531,698,50,50,1,-1,-1,-1
559,2,589,1129,50,50,1,-1,-1,-1
559,3,633,719,50,50,1,-1,-1,-1
559,5,378,1143,50,50,1,-1,-1,-1
560,1,538,670,50,50,1,-1,-1,-1
560,2,579,1073,50,50,1,-1,-1,-1
560,3,642,758,50,50,1,-1,-1,-1
560,5,402,1194,50,50,1,-1,-1,-1
561,1,547,651,50,50,1,-1,-1,-1
561,2,575,1018,50,50,1,-1,-1,-1
561,3,652,802,50,50,1,-1,-1,-1
561,5,447,734,50,50,1,-1,-1,-1
562,1,554,633,50,50,1,-1,-1,-1
562,2,555,934,50,50,1,-1,-1,-1
562,3,661,853,50,50,1,-1,-1,-1
562,5,440,758,50,50,1,-1,-1,-1
563,1,561,621,50,50,1,-1,-1,-1
563,2,538,892,50,50,1,-1,-1,-1
563,3,671,909,50,50,1,-1,-1,-1
563,5,430,784,50,50,1,-1,-1,-1
564,1,568,614,50,50,1,-1,-1,-1
564,2,526,846,50,50,1,-1,-1,-1
564,3,682,971,50,50,1,-1,-1,-1
564,5,422,818,50,50,1,-1,-1,-1
565,1,576,612,50,50,1,-1,-1,-1
565,2,514,805,50,50,1,-1,-1,-1
565,3,691,1035,50,50,1,-1,-1,-1
565,5,415,857,50,50,1,-1,-1,-1
566,1,584,616,50,50,1,-1,-1,-1
566,2,502,769,50,50,1,-1,-1,-1
566,3,698,1087,50,50,1,-1,-1,-1
566,5,408,901,50,50,1,-1,-1,-1
567,1,592,624,50,50,1,-1,-1,-1
567,2,490,739,50,50,1,-1,-1,-1
567,3,702,1134,50,50,1,-1,-1,-1
567,5,401,950,50,50,1,-1,-1,-1
568,1,599,636,50,50,1,-1,-1,-1
568,2,479,714,50,50,1,-1,-1,-1
568,3,684,1190,50,50,1,-1,-1,-1
568,5,474,988,50,50,1,-1,-1,-1
569,1,605,651,50,50,1,-1,-1,-1
569,2,470,698,50,50,1,-1,-1,-1
569,3,679,1267,50,50,1,-1,-1,-1
569,5,480,925,50,50,1,-1,-1,-1
570,1,614,675,50,50,1,-1,-1,-1
570,2,459,685,50,50,1,-1,-1,-1
570,3,646,1318,50,50,1,-1,-1,-1
570,5,486,869,50,50,1,-1,-1,-1
571,1,623,704,50,50,1,-1,-1,-1
571,2,449,677,50,50,1,-1,-1,-1
571,3,627,1313,50,50,1,-1,-1,-1
571,5,492,819,50,50,1,-1,-1,-1
572,1,633,738,50,50,1,-1,-1,-1
572,2,439,673,50,50,1,-1,-1,-1
572,3,609,1275,50,50,1,-1,-1,-1
572,5,498,774,50,50,1,-1,-1,-1
573,1,652,825,50,50,1,-1,-1,-1
573,2,418,681,50,50,1,-1,-1,-1
573,3,581,1113,50,50,1,-1,-1,-1
573,5,510,702,50,50,1,-1,-1,-1
574,1,662,877,50,50,1,-1,-1,-1
574,2,407,693,50,50,1,-1,-1,-1
574,3,578,1059,50,50,1,-1,-1,-1
574,5,517,673,50,50,1,-1,-1,-1
575,1,672,934,50,50,1,-1,-1,-1
575,2,398,709,50,50,1,-1,-1,-1
575,3,596,1089,50,50,1,-1,-1,-1
575,5,526,653,50,50,1,-1,-1,-1
576,1,683,999,50,50,1,-1,-1,-1
576,2,388,731,50,50,1,-1,-1,-1
576,3,558,924,50,50,1,-1,-1,-1
576,5,532,635,50,50,1,-1,-1,-1
577,1,693,1053,50,50,1,-1,-1,-1
577,2,375,756,50,50,1,-1,-1,-1
577,3,549,877,50,50,1,-1,-1,-1
577,5,539,623,50,50,1,-1,-1,-1
578,1,702,1093,50,50,1,-1,-1,-1
578,2,366,789,50,50,1,-1,-1,-1
578,3,541,830,50,50,1,-1,-1,-1
578,5,547,615,50,50,1,-1,-1,-1
579,1,706,1110,50,50,1,-1,-1,-1
579,2,356,827,50,50,1,-1,-1,-1
579,3,533,790,50,50,1,-1,-1,-1
579,5,554,612,50,50,1,-1,-1,-1
580,1,689,1146,50,50,1,-1,-1,-1
580,2,346,871,50,50,1,-1,-1,-1
580,3,525,755,50,50,1,-1,-1,-1
580,5,562,614,50,50,1,-1,-1,-1
581,1,669,1187,50,50,1,-1,-1,-1
581,2,337,920,50,50,1,-1,-1,-1
581,3,518,725,50,50,1,-1,-1,-1
581,5,569,621,50,50,1,-1,-1,-1
582,1,651,1226,50,50,1,-1,-1,-1
582,2,327,975,50,50,1,-1,-1,-1
582,3,511,702,50,50,1,-1,-1,-1
582,5,577,633,50,50,1,-1,-1,-1
583,1,605,1300,50,50,1,-1,-1,-1
583,2,318,1036,50,50,1,-1,-1,-1
583,3,493,867,50,50,1,-1,-1,-1
583,5,582,645,50,50,1,-1,-1,-1
584,1,607,1318,50,50,1,-1,-1,-1
584,2,311,1087,50,50,1,-1,-1,-1
584,3,499,817,50,50,1,-1,-1,-1
584,5,591,667,50,50,1,-1,-1,-1
585,1,600,1303,50,50,1,-1,-1,-1
585,2,303,1134,50,50,1,-1,-1,-1
585,3,495,667,50,50,1,-1,-1,-1
585,5,599,694,50,50,1,-1,-1,-1
586,1,573,1215,50,50,1,-1,-1,-1
586,2,306,1166,50,50,1,-1,-1,-1
586,3,513,735,50,50,1,-1,-1,-1
586,5,608,726,50,50,1,-1,-1,-1
587,1,570,1156,50,50,1,-1,-1,-1
587,2,320,1205,50,50,1,-1,-1,-1
587,3,520,703,50,50,1,-1,-1,-1
587,5,617,764,50,50,1,-1,-1,-1
588,1,564,1091,50,50,1,-1,-1,-1
588,2,342,1246,50,50,1,-1,-1,-1
588,3,528,677,50,50,1,-1,-1,-1
588,5,626,807,50,50,1,-1,-1,-1
589,1,566,1029,50,50,1,-1,-1,-1
589,2,395,1308,50,50,1,-1,-1,-1
589,3,536,656,50,50,1,-1,-1,-1
589,5,636,856,50,50,1,-1,-1,-1
590,1,548,957,50,50,1,-1,-1,-1
590,2,434,1336,50,50,1,-1,-1,-1
590,3,543,639,50,50,1,-1,-1,-1
590,5,645,910,50,50,1,-1,-1,-1
591,1,540,903,50,50,1,-1,-1,-1
591,2,463,1336,50,50,1,-1,-1,-1
591,3,551,627,50,50,1,-1,-1,-1
591,5,656,970,50,50,1,-1,-1,-1
592,1,532,853,50,50,1,-1,-1,-1
592,2,483,1301,50,50,1,-1,-1,-1
592,3,558,621,50,50,1,-1,-1,-1
592,5,666,1032,50,50,1,-1,-1,-1
593,1,524,808,50,50,1,-1,-1,-1
593,2,484,1225,50,50,1,-1,-1,-1
593,3,566,619,50,50,1,-1,-1,-1
593,5,673,1081,50,50,1,-1,-1,-1
594,1,441,821,50,50,1,-1,-1,-1
594,2,491,1151,50,50,1,-1,-1,-1
594,3,574,623,50,50,1,-1,-1,-1
594,5,676,1122,50,50,1,-1,-1,-1
595,1,436,865,50,50,1,-1,-1,-1
595,2,493,1088,50,50,1,-1,-1,-1
595,3,583,630,50,50,1,-1,-1,-1
595,5,669,1169,50,50,1,-1,-1,-1
596,1,431,915,50,50,1,-1,-1,-1
596,2,493,1035,50,50,1,-1,-1,-1
596,3,591,643,50,50,1,-1,-1,-1
596,5,669,1227,50,50,1,-1,-1,-1
597,1,427,970,50,50,1,-1,-1,-1
597,2,474,1100,50,50,1,-1,-1,-1
597,3,599,660,50,50,1,-1,-1,-1
597,5,642,1297,50,50,1,-1,-1,-1
598,1,422,1030,50,50,1,-1,-1,-1
598,2,507,907,50,50,1,-1,-1,-1
598,3,606,680,50,50,1,-1,-1,-1
598,5,629,1312,50,50,1,-1,-1,-1
599,1,418,1082,50,50,1,-1,-1,-1
599,2,485,658,50,50,1,-1,-1,-1
599,3,616,709,50,50,1,-1,-1,-1
599,5,619,1291,50,50,1,-1,-1,-1
600,1,416,1116,50,50,1,-1,-1,-1
600,2,479,650,50,50,1,-1,-1,-1
600,3,625,743,50,50,1,-1,-1,-1
600,5,612,1240,50,50,1,-1,-1,-1
601,1,422,1173,50,50,1,-1,-1,-1
601,2,529,745,50,50,1,-1,-1,-1
601,3,645,828,50,50,1,-1,-1,-1
601,5,583,1084,50,50,1,-1,-1,-1
602,1,433,1206,50,50,1,-1,-1,-1
602,2,536,720,50,50,1,-1,-1,-1
602,3,656,879,50,50,1,-1,-1,-1
602,5,581,1024,50,50,1,-1,-1,-1
603,1,433,1214,50,50,1,-1,-1,-1
603,2,543,698,50,50,1,-1,-1,-1
603,3,666,935,50,50,1,-1,-1,-1
603,5,567,948,50,50,1,-1,-1,-1
604,1,430,1204,50,50,1,-1,-1,-1
604,2,549,682,50,50,1,-1,-1,-1
604,3,677,998,50,50,1,-1,-1,-1
604,5,552,900,50,50,1,-1,-1,-1
605,1,426,1188,50,50,1,-1,-1,-1
605,2,555,670,50,50,1,-1,-1,-1
605,3,688,1058,50,50,1,-1,-1,-1
605,5,542,852,50,50,1,-1,-1,-1
606,1,408,1154,50,50,1,-1,-1,-1
606,2,561,663,50,50,1,-1,-1,-1
606,3,697,1094,50,50,1,-1,-1,-1
606,5,532,808,50,50,1,-1,-1,-1
607,1,401,1139,50,50,1,-1,-1,-1
607,2,568,661,50,50,1,-1,-1,-1
607,3,696,1109,50,50,1,-1,-1,-1
607,5,523,770,50,50,1,-1,-1,-1
608,1,402,1128,50,50,1,-1,-1,-1
608,2,575,665,50,50,1,-1,-1,-1
608,3,683,1124,50,50,1,-1,-1,-1
608,5,514,738,50,50,1,-1,-1,-1
609,1,379,1125,50,50,1,-1,-1,-1
609,2,423,854,50,50,1,-1,-1,-1
609,3,665,1138,50,50,1,-1,-1,-1
609,5,505,711,50,50,1,-1,-1,-1
610,1,369,1120,50,50,1,-1,-1,-1
610,2,418,905,50,50,1,-1,-1,-1
610,5,500,693,50,50,1,-1,-1,-1
611,1,361,1125,50,50,1,-1,-1,-1
611,2,414,961,50,50,1,-1,-1,-1
611,3,594,701,50,50,1,-1,-1,-1
611,5,492,679,50,50,1,-1,-1,-1
612,1,383,1113,50,50,1,-1,-1,-1
612,2,409,1023,50,50,1,-1,-1,-1
612,3,602,725,50,50,1,-1,-1,-1
612,5,484,668,50,50,1,-1,-1,-1
613,2,406,1085,50,50,1,-1,-1,-1
613,3,610,755,50,50,1,-1,-1,-1
613,5,476,663,50,50,1,-1,-1,-1
614,2,358,1132,50,50,1,-1,-1,-1
614,3,618,790,50,50,1,-1,-1,-1
614,5,468,662,50,50,1,-1,-1,-1
615,2,359,1141,50,50,1,-1,-1,-1
615,3,627,830,50,50,1,-1,-1,-1
615,5,460,666,50,50,1,-1,-1,-1
616,2,363,1153,50,50,1,-1,-1,-1
616,3,636,877,50,50,1,-1,-1,-1
616,5,453,676,50,50,1,-1,-1,-1
617,2,367,1162,50,50,1,-1,-1,-1
617,3,645,929,50,50,1,-1,-1,-1
617,5,446,691,50,50,1,-1,-1,-1
618,2,375,1165,50,50,1,-1,-1,-1
618,3,654,987,50,50,1,-1,-1,-1
618,5,438,711,50,50,1,-1,-1,-1
619,2,375,1169,50,50,1,-1,-1,-1
619,3,664,1052,50,50,1,-1,-1,-1
619,5,431,736,50,50,1,-1,-1,-1
620,2,372,1172,50,50,1,-1,-1,-1
620,3,675,1097,50,50,1,-1,-1,-1
620,5,424,767,50,50,1,-1,-1,-1
621,2,364,1175,50,50,1,-1,-1,-1
621,3,684,1127,50,50,1,-1,-1,-1
621,5,417,803,50,50,1,-1,-1,-1
622,2,361,1173,50,50,1,-1,-1,-1
622,3,693,1133,50,50,1,-1,-1,-1
622,5,409,844,50,50,1,-1,-1,-1
623,2,381,1160,50,50,1,-1,-1,-1
623,3,694,1141,50,50,1,-1,-1,-1
623,5,402,891,50,50,1,-1,-1,-1
624,2,355,1169,50,50,1,-1,-1,-1
624,3,694,1148,50,50,1,-1,-1,-1
624,5,395,945,50,50,1,-1,-1,-1
625,2,353,1167,50,50,1,-1,-1,-1
625,3,694,1152,50,50,1,-1,-1,-1
625,5,389,1004,50,50,1,-1,-1,-1
626,2,351,1166,50,50,1,-1,-1,-1
626,3,694,1156,50,50,1,-1,-1,-1
626,5,383,1070,50,50,1,-1,-1,-1
627,3,693,1159,50,50,1,-1,-1,-1
627,5,378,1129,50,50,1,-1,-1,-1
628,3,694,1159,50,50,1,-1,-1,-1
628,5,387,1148,50,50,1,-1,-1,-1
629,2,501,1797,50,50,1,-1,-1,-1
629,3,696,1159,50,50,1,-1,-1,-1
629,5,382,1159,50,50,1,-1,-1,-1
630,3,698,1158,50,50,1,-1,-1,-1
630,5,382,1163,50,50,1,-1,-1,-1
631,3,699,1157,50,50,1,-1,-1,-1
631,5,383,1164,50,50,1,-1,-1,-1
632,3,700,1156,50,50,1,-1,-1,-1
632,5,384,1166,50,50,1,-1,-1,-1
633,3,700,1156,50,50,1,-1,-1,-1
633,5,385,1166,50,50,1,-1,-1,-1
634,3,701,1155,50,50,1,-1,-1,-1
634,5,385,1166,50,50,1,-1,-1,-1
635,3,701,1156,50,50,1,-1,-1,-1
635,5,385,1167,50,50,1,-1,-1,-1
636,3,700,1156,50,50,1,-1,-1,-1
636,5,385,1167,50,50,1,-1,-1,-1
637,3,700,1157,50,50,1,-1,-1,-1
637,5,385,1168,50,50,1,-1,-1,-1
638,3,699,1158,50,50,1,-1,-1,-1
638,5,385,1169,50,50,1,-1,-1,-1
639,3,700,1159,50,50,1,-1,-1,-1
639,5,385,1172,50,50,1,-1,-1,-1
640,3,699,1164,50,50,1,-1,-1,-1
640,5,384,1176,50,50,1,-1,-1,-1
641,3,699,1166,50,50,1,-1,-1,-1
641,5,383,1182,50,50,1,-1,-1,-1
642,3,696,1177,50,50,1,-1,-1,-1
642,5,379,1188,50,50,1,-1,-1,-1
643,3,687,1199,50,50,1,-1,-1,-1
643,5,368,1204,50,50,1,-1,-1,-1
644,3,682,1230,50,50,1,-1,-1,-1
644,5,366,1225,50,50,1,-1,-1,-1
645,3,678,1265,50,50,1,-1,-1,-1
645,5,364,1252,50,50,1,-1,-1,-1
646,3,687,1313,50,50,1,-1,-1,-1
646,5,364,1287,50,50,1,-1,-1,-1
647,3,666,1362,50,50,1,-1,-1,-1
647,5,367,1326,50,50,1,-1,-1,-1
648,3,654,1392,50,50,1,-1,-1,-1
648,5,371,1364,50,50,1,-1,-1,-1
649,3,649,1417,50,50,1,-1,-1,-1
649,5,376,1396,50,50,1,-1,-1,-1
