2,1,501,1115,50,50,1,-1,-1,-1
3,1,500,1110,50,50,1,-1,-1,-1
4,1,498,1099,50,50,1,-1,-1,-1
5,1,497,1095,50,50,1,-1,-1,-1
6,1,575,1240,50,50,1,-1,-1,-1
7,1,572,1233,50,50,1,-1,-1,-1
8,1,568,1225,50,50,1,-1,-1,-1
9,1,491,1117,50,50,1,-1,-1,-1
10,1,488,1132,50,50,1,-1,-1,-1
11,1,484,1158,50,50,1,-1,-1,-1
12,1,484,1190,50,50,1,-1,-1,-1
13,1,483,1230,50,50,1,-1,-1,-1
14,1,483,1275,50,50,1,-1,-1,-1
15,1,482,1320,50,50,1,-1,-1,-1
15,2,559,1110,50,50,1,-1,-1,-1
16,1,483,1351,50,50,1,-1,-1,-1
16,2,547,1118,50,50,1,-1,-1,-1
17,1,487,1355,50,50,1,-1,-1,-1
17,2,549,1114,50,50,1,-1,-1,-1
18,1,496,1328,50,50,1,-1,-1,-1
18,2,560,1107,50,50,1,-1,-1,-1
19,1,500,1268,50,50,1,-1,-1,-1
20,1,512,1189,50,50,1,-1,-1,-1
21,1,518,1113,50,50,1,-1,-1,-1
22,1,483,1068,50,50,1,-1,-1,-1
22,2,562,1252,50,50,1,-1,-1,-1
23,1,545,964,50,50,1,-1,-1,-1
23,2,574,1326,50,50,1,-1,-1,-1
24,1,544,914,50,50,1,-1,-1,-1
24,2,566,1354,50,50,1,-1,-1,-1
25,1,547,865,50,50,1,-1,-1,-1
25,2,553,1344,50,50,1,-1,-1,-1
26,1,552,817,50,50,1,-1,-1,-1
26,2,544,1329,50,50,1,-1,-1,-1
26,3,472,1059,50,50,1,-1,-1,-1
27,1,557,774,50,50,1,-1,-1,-1
27,2,526,1275,50,50,1,-1,-1,-1
28,1,562,737,50,50,1,-1,-1,-1
28,2,460,1179,50,50,1,-1,-1,-1
29,1,567,706,50,50,1,-1,-1,-1
29,2,513,1132,50,50,1,-1,-1,-1
30,1,575,682,50,50,1,-1,-1,-1
30,2,503,1089,50,50,1,-1,-1,-1
30,3,473,1303,50,50,1,-1,-1,-1
31,1,581,663,50,50,1,-1,-1,-1
31,2,490,1024,50,50,1,-1,-1,-1
31,3,478,1333,50,50,1,-1,-1,-1
32,1,586,647,50,50,1,-1,-1,-1
32,2,484,958,50,50,1,-1,-1,-1
32,3,498,1310,50,50,1,-1,-1,-1
33,1,592,637,50,50,1,-1,-1,-1
33,2,487,914,50,50,1,-1,-1,-1
33,3,508,1255,50,50,1,-1,-1,-1
34,1,598,631,50,50,1,-1,-1,-1
34,2,482,873,50,50,1,-1,-1,-1
34,3,510,1186,50,50,1,-1,-1,-1
35,1,604,631,50,50,1,-1,-1,-1
35,2,477,836,50,50,1,-1,-1,-1
35,3,517,1114,50,50,1,-1,-1,-1
36,1,611,636,50,50,1,-1,-1,-1
36,2,472,806,50,50,1,-1,-1,-1
36,3,510,1076,50,50,1,-1,-1,-1
37,1,617,645,50,50,1,-1,-1,-1
37,2,467,780,50,50,1,-1,-1,-1
37,3,529,992,50,50,1,-1,-1,-1
37,4,589,1337,50,50,1,-1,-1,-1
38,1,624,658,50,50,1,-1,-1,-1
38,3,533,921,50,50,1,-1,-1,-1
38,4,592,1341,50,50,1,-1,-1,-1
39,1,629,673,50,50,1,-1,-1,-1
39,3,537,880,50,50,1,-1,-1,-1
39,4,588,1318,50,50,1,-1,-1,-1
40,3,544,833,50,50,1,-1,-1,-1
40,4,577,1228,50,50,1,-1,-1,-1
41,1,651,760,50,50,1,-1,-1,-1
41,4,566,1107,50,50,1,-1,-1,-1
42,1,659,800,50,50,1,-1,-1,-1
42,3,505,1290,50,50,1,-1,-1,-1
42,4,567,1058,50,50,1,-1,-1,-1
43,1,667,844,50,50,1,-1,-1,-1
43,3,502,1338,50,50,1,-1,-1,-1
43,4,551,988,50,50,1,-1,-1,-1
44,1,676,894,50,50,1,-1,-1,-1
44,2,579,684,50,50,1,-1,-1,-1
44,3,506,1337,50,50,1,-1,-1,-1
45,1,684,949,50,50,1,-1,-1,-1
45,2,586,671,50,50,1,-1,-1,-1
45,3,517,1295,50,50,1,-1,-1,-1
46,1,693,1010,50,50,1,-1,-1,-1
46,2,593,662,50,50,1,-1,-1,-1
46,3,515,1231,50,50,1,-1,-1,-1
46,4,532,832,50,50,1,-1,-1,-1
47,1,702,1059,50,50,1,-1,-1,-1
47,3,520,1160,50,50,1,-1,-1,-1
47,4,526,793,50,50,1,-1,-1,-1
48,1,707,1092,50,50,1,-1,-1,-1
48,3,520,1097,50,50,1,-1,-1,-1
48,4,420,877,50,50,1,-1,-1,-1
49,1,700,1125,50,50,1,-1,-1,-1
49,2,514,731,50,50,1,-1,-1,-1
49,3,418,918,50,50,1,-1,-1,-1
50,1,691,1169,50,50,1,-1,-1,-1
50,2,509,707,50,50,1,-1,-1,-1
50,3,415,965,50,50,1,-1,-1,-1
51,1,685,1225,50,50,1,-1,-1,-1
51,2,630,686,50,50,1,-1,-1,-1
51,3,412,1017,50,50,1,-1,-1,-1
52,1,647,1292,50,50,1,-1,-1,-1
52,2,638,706,50,50,1,-1,-1,-1
52,3,410,1072,50,50,1,-1,-1,-1
52,4,538,872,50,50,1,-1,-1,-1
53,1,638,1303,50,50,1,-1,-1,-1
53,3,410,1116,50,50,1,-1,-1,-1
53,4,544,829,50,50,1,-1,-1,-1
54,1,631,1282,50,50,1,-1,-1,-1
54,2,656,762,50,50,1,-1,-1,-1
54,3,413,1160,50,50,1,-1,-1,-1
55,1,614,1201,50,50,1,-1,-1,-1
55,2,665,798,50,50,1,-1,-1,-1
55,3,411,1190,50,50,1,-1,-1,-1
56,1,607,1141,50,50,1,-1,-1,-1
56,2,674,839,50,50,1,-1,-1,-1
56,3,419,1227,50,50,1,-1,-1,-1
57,1,598,1082,50,50,1,-1,-1,-1
57,2,684,885,50,50,1,-1,-1,-1
57,3,565,710,50,50,1,-1,-1,-1
58,1,469,1322,50,50,1,-1,-1,-1
58,2,694,937,50,50,1,-1,-1,-1
58,3,473,710,50,50,1,-1,-1,-1
59,1,491,1328,50,50,1,-1,-1,-1
59,2,704,994,50,50,1,-1,-1,-1
59,3,466,730,50,50,1,-1,-1,-1
60,1,509,1301,50,50,1,-1,-1,-1
60,2,715,1045,50,50,1,-1,-1,-1
60,3,462,758,50,50,1,-1,-1,-1
61,1,522,1232,50,50,1,-1,-1,-1
61,2,727,1086,50,50,1,-1,-1,-1
61,3,591,679,50,50,1,-1,-1,-1
61,5,556,865,50,50,1,-1,-1,-1
62,1,524,1163,50,50,1,-1,-1,-1
62,2,737,1112,50,50,1,-1,-1,-1
62,5,455,831,50,50,1,-1,-1,-1
63,1,525,1099,50,50,1,-1,-1,-1
63,2,727,1136,50,50,1,-1,-1,-1
63,5,452,875,50,50,1,-1,-1,-1
64,1,526,759,50,50,1,-1,-1,-1
64,2,712,1172,50,50,1,-1,-1,-1
64,5,448,925,50,50,1,-1,-1,-1
65,1,516,735,50,50,1,-1,-1,-1
65,2,693,1216,50,50,1,-1,-1,-1
65,5,445,980,50,50,1,-1,-1,-1
66,1,623,740,50,50,1,-1,-1,-1
66,2,668,1263,50,50,1,-1,-1,-1
66,5,442,1040,50,50,1,-1,-1,-1
67,1,540,882,50,50,1,-1,-1,-1
67,2,645,1286,50,50,1,-1,-1,-1
67,5,441,1092,50,50,1,-1,-1,-1
68,1,545,839,50,50,1,-1,-1,-1
68,2,629,1275,50,50,1,-1,-1,-1
68,5,436,1129,50,50,1,-1,-1,-1
69,1,654,885,50,50,1,-1,-1,-1
69,2,596,1141,50,50,1,-1,-1,-1
70,1,561,746,50,50,1,-1,-1,-1
70,2,663,933,50,50,1,-1,-1,-1
70,5,588,1088,50,50,1,-1,-1,-1
71,1,477,1325,50,50,1,-1,-1,-1
71,2,567,725,50,50,1,-1,-1,-1
71,5,671,988,50,50,1,-1,-1,-1
72,1,488,1335,50,50,1,-1,-1,-1
72,2,448,729,50,50,1,-1,-1,-1
72,5,680,1045,50,50,1,-1,-1,-1
73,1,558,916,50,50,1,-1,-1,-1
73,2,441,751,50,50,1,-1,-1,-1
73,5,691,1086,50,50,1,-1,-1,-1
74,1,547,874,50,50,1,-1,-1,-1
74,2,583,693,50,50,1,-1,-1,-1
74,5,706,1116,50,50,1,-1,-1,-1
75,1,538,835,50,50,1,-1,-1,-1
75,2,505,1147,50,50,1,-1,-1,-1
75,5,704,1139,50,50,1,-1,-1,-1
76,1,414,846,50,50,1,-1,-1,-1
76,2,506,1083,50,50,1,-1,-1,-1
76,5,697,1164,50,50,1,-1,-1,-1
77,1,407,891,50,50,1,-1,-1,-1
77,2,503,1037,50,50,1,-1,-1,-1
77,5,675,1193,50,50,1,-1,-1,-1
78,1,399,941,50,50,1,-1,-1,-1
78,2,509,750,50,50,1,-1,-1,-1
78,5,652,1232,50,50,1,-1,-1,-1
79,1,391,997,50,50,1,-1,-1,-1
79,2,612,732,50,50,1,-1,-1,-1
79,5,630,1270,50,50,1,-1,-1,-1
80,1,384,1055,50,50,1,-1,-1,-1
80,2,524,860,50,50,1,-1,-1,-1
80,5,613,1286,50,50,1,-1,-1,-1
81,1,381,1101,50,50,1,-1,-1,-1
81,2,528,816,50,50,1,-1,-1,-1
81,5,607,1263,50,50,1,-1,-1,-1
82,1,380,1147,50,50,1,-1,-1,-1
82,2,633,819,50,50,1,-1,-1,-1
82,5,590,1189,50,50,1,-1,-1,-1
83,1,386,1192,50,50,1,-1,-1,-1
83,2,641,859,50,50,1,-1,-1,-1
83,5,579,1124,50,50,1,-1,-1,-1
84,1,404,1236,50,50,1,-1,-1,-1
84,2,648,903,50,50,1,-1,-1,-1
84,5,576,1075,50,50,1,-1,-1,-1
85,1,420,1300,50,50,1,-1,-1,-1
85,2,657,954,50,50,1,-1,-1,-1
85,5,550,699,50,50,1,-1,-1,-1
86,1,461,1335,50,50,1,-1,-1,-1
86,2,665,1010,50,50,1,-1,-1,-1
86,5,442,753,50,50,1,-1,-1,-1
87,1,475,1322,50,50,1,-1,-1,-1
87,2,673,1057,50,50,1,-1,-1,-1
87,5,545,906,50,50,1,-1,-1,-1
88,1,478,1288,50,50,1,-1,-1,-1
88,2,682,1096,50,50,1,-1,-1,-1
88,5,536,866,50,50,1,-1,-1,-1
89,1,483,1195,50,50,1,-1,-1,-1
89,2,688,1129,50,50,1,-1,-1,-1
89,5,419,841,50,50,1,-1,-1,-1
90,1,486,1123,50,50,1,-1,-1,-1
90,2,680,1165,50,50,1,-1,-1,-1
90,5,412,882,50,50,1,-1,-1,-1
91,1,487,1067,50,50,1,-1,-1,-1
91,2,668,1206,50,50,1,-1,-1,-1
91,5,511,773,50,50,1,-1,-1,-1
92,1,397,981,50,50,1,-1,-1,-1
92,2,652,1268,50,50,1,-1,-1,-1
92,5,503,753,50,50,1,-1,-1,-1
93,1,389,1037,50,50,1,-1,-1,-1
93,2,618,1308,50,50,1,-1,-1,-1
93,5,594,700,50,50,1,-1,-1,-1
94,1,385,1088,50,50,1,-1,-1,-1
94,2,600,1314,50,50,1,-1,-1,-1
94,5,600,723,50,50,1,-1,-1,-1
95,1,380,1136,50,50,1,-1,-1,-1
95,2,589,1291,50,50,1,-1,-1,-1
95,5,503,838,50,50,1,-1,-1,-1
96,1,378,1167,50,50,1,-1,-1,-1
96,2,567,1199,50,50,1,-1,-1,-1
96,5,507,795,50,50,1,-1,-1,-1
97,1,397,1238,50,50,1,-1,-1,-1
97,2,559,1088,50,50,1,-1,-1,-1
97,5,516,727,50,50,1,-1,-1,-1
98,1,423,1299,50,50,1,-1,-1,-1
98,2,638,918,50,50,1,-1,-1,-1
98,5,521,701,50,50,1,-1,-1,-1
99,1,438,1330,50,50,1,-1,-1,-1
99,2,646,974,50,50,1,-1,-1,-1
99,5,529,683,50,50,1,-1,-1,-1
100,1,447,1325,50,50,1,-1,-1,-1
100,2,655,1036,50,50,1,-1,-1,-1
100,5,536,903,50,50,1,-1,-1,-1
101,1,448,1289,50,50,1,-1,-1,-1
101,2,661,1084,50,50,1,-1,-1,-1
101,5,530,858,50,50,1,-1,-1,-1
102,1,448,1207,50,50,1,-1,-1,-1
102,2,667,1122,50,50,1,-1,-1,-1
102,5,523,818,50,50,1,-1,-1,-1
103,1,456,1141,50,50,1,-1,-1,-1
103,2,664,1159,50,50,1,-1,-1,-1
103,5,426,905,50,50,1,-1,-1,-1
104,1,463,1084,50,50,1,-1,-1,-1
104,2,647,1208,50,50,1,-1,-1,-1
104,5,512,754,50,50,1,-1,-1,-1
105,1,470,1022,50,50,1,-1,-1,-1
105,2,630,1284,50,50,1,-1,-1,-1
105,5,506,730,50,50,1,-1,-1,-1
106,1,477,967,50,50,1,-1,-1,-1
106,2,608,1311,50,50,1,-1,-1,-1
106,5,565,678,50,50,1,-1,-1,-1
107,1,485,916,50,50,1,-1,-1,-1
107,2,590,1308,50,50,1,-1,-1,-1
107,5,571,698,50,50,1,-1,-1,-1
108,1,493,872,50,50,1,-1,-1,-1
108,2,570,1281,50,50,1,-1,-1,-1
108,5,412,1151,50,50,1,-1,-1,-1
109,1,501,833,50,50,1,-1,-1,-1
109,2,554,1198,50,50,1,-1,-1,-1
110,1,592,790,50,50,1,-1,-1,-1
110,2,546,1136,50,50,1,-1,-1,-1
111,1,600,832,50,50,1,-1,-1,-1
111,2,538,1091,50,50,1,-1,-1,-1
111,5,406,1244,50,50,1,-1,-1,-1
112,1,607,879,50,50,1,-1,-1,-1
112,2,433,1301,50,50,1,-1,-1,-1
113,1,615,932,50,50,1,-1,-1,-1
113,2,471,729,50,50,1,-1,-1,-1
113,5,442,1336,50,50,1,-1,-1,-1
114,1,623,991,50,50,1,-1,-1,-1
114,5,465,1345,50,50,1,-1,-1,-1
115,1,631,1053,50,50,1,-1,-1,-1
115,2,524,865,50,50,1,-1,-1,-1
115,5,477,1327,50,50,1,-1,-1,-1
116,1,634,1102,50,50,1,-1,-1,-1
116,2,520,826,50,50,1,-1,-1,-1
116,5,500,1249,50,50,1,-1,-1,-1
117,1,516,793,50,50,1,-1,-1,-1
117,5,499,1182,50,50,1,-1,-1,-1
118,1,450,892,50,50,1,-1,-1,-1
118,5,502,1114,50,50,1,-1,-1,-1
119,1,638,1221,50,50,1,-1,-1,-1
119,5,446,941,50,50,1,-1,-1,-1
120,1,632,1281,50,50,1,-1,-1,-1
120,5,596,746,50,50,1,-1,-1,-1
121,1,619,1294,50,50,1,-1,-1,-1
121,5,606,768,50,50,1,-1,-1,-1
122,1,617,1267,50,50,1,-1,-1,-1
122,5,522,883,50,50,1,-1,-1,-1
123,1,597,1193,50,50,1,-1,-1,-1
123,5,527,837,50,50,1,-1,-1,-1
124,1,591,1131,50,50,1,-1,-1,-1
124,5,637,865,50,50,1,-1,-1,-1
125,1,463,1305,50,50,1,-1,-1,-1
125,5,658,955,50,50,1,-1,-1,-1
126,1,480,1340,50,50,1,-1,-1,-1
126,5,670,1009,50,50,1,-1,-1,-1
127,1,494,1339,50,50,1,-1,-1,-1
127,5,680,1061,50,50,1,-1,-1,-1
128,1,503,1309,50,50,1,-1,-1,-1
128,5,691,1097,50,50,1,-1,-1,-1
129,1,511,1223,50,50,1,-1,-1,-1
129,5,715,1140,50,50,1,-1,-1,-1
130,1,515,1154,50,50,1,-1,-1,-1
130,5,702,1167,50,50,1,-1,-1,-1
131,1,515,1094,50,50,1,-1,-1,-1
131,5,693,1207,50,50,1,-1,-1,-1
132,1,475,974,50,50,1,-1,-1,-1
132,5,674,1266,50,50,1,-1,-1,-1
133,1,473,1031,50,50,1,-1,-1,-1
133,5,650,1303,50,50,1,-1,-1,-1
134,1,475,1083,50,50,1,-1,-1,-1
134,5,636,1307,50,50,1,-1,-1,-1
135,1,476,1125,50,50,1,-1,-1,-1
135,5,625,1282,50,50,1,-1,-1,-1
136,1,468,1163,50,50,1,-1,-1,-1
136,5,536,821,50,50,1,-1,-1,-1
137,1,599,1138,50,50,1,-1,-1,-1
137,5,541,783,50,50,1,-1,-1,-1
138,1,591,1081,50,50,1,-1,-1,-1
138,5,637,808,50,50,1,-1,-1,-1
139,1,588,1028,50,50,1,-1,-1,-1
139,5,646,850,50,50,1,-1,-1,-1
140,1,451,775,50,50,1,-1,-1,-1
140,5,655,897,50,50,1,-1,-1,-1
141,1,442,798,50,50,1,-1,-1,-1
141,5,664,950,50,50,1,-1,-1,-1
142,1,568,678,50,50,1,-1,-1,-1
142,5,673,1005,50,50,1,-1,-1,-1
143,1,575,671,50,50,1,-1,-1,-1
143,5,673,1050,50,50,1,-1,-1,-1
144,1,422,906,50,50,1,-1,-1,-1
144,5,506,1097,50,50,1,-1,-1,-1
145,1,673,1109,50,50,1,-1,-1,-1
145,5,415,953,50,50,1,-1,-1,-1
146,1,650,1166,50,50,1,-1,-1,-1
146,5,522,765,50,50,1,-1,-1,-1
147,1,634,1219,50,50,1,-1,-1,-1
147,5,595,692,50,50,1,-1,-1,-1
148,1,623,1283,50,50,1,-1,-1,-1
148,5,602,710,50,50,1,-1,-1,-1
149,1,604,1298,50,50,1,-1,-1,-1
149,5,525,832,50,50,1,-1,-1,-1
150,1,591,1279,50,50,1,-1,-1,-1
150,5,529,795,50,50,1,-1,-1,-1
151,1,584,1194,50,50,1,-1,-1,-1
151,5,623,797,50,50,1,-1,-1,-1
152,1,577,1133,50,50,1,-1,-1,-1
152,5,630,836,50,50,1,-1,-1,-1
153,1,573,1080,50,50,1,-1,-1,-1
153,5,638,881,50,50,1,-1,-1,-1
154,1,461,813,50,50,1,-1,-1,-1
154,5,654,987,50,50,1,-1,-1,-1
155,1,562,685,50,50,1,-1,-1,-1
155,5,662,1040,50,50,1,-1,-1,-1
156,1,568,684,50,50,1,-1,-1,-1
156,5,657,1091,50,50,1,-1,-1,-1
157,1,444,921,50,50,1,-1,-1,-1
157,5,667,1118,50,50,1,-1,-1,-1
158,1,489,1080,50,50,1,-1,-1,-1
158,5,664,1158,50,50,1,-1,-1,-1
159,1,432,1021,50,50,1,-1,-1,-1
159,5,647,1205,50,50,1,-1,-1,-1
160,1,428,1079,50,50,1,-1,-1,-1
160,5,620,1278,50,50,1,-1,-1,-1
161,1,424,1129,50,50,1,-1,-1,-1
161,5,614,1304,50,50,1,-1,-1,-1
162,1,417,1175,50,50,1,-1,-1,-1
162,5,602,1305,50,50,1,-1,-1,-1
163,1,415,1212,50,50,1,-1,-1,-1
163,5,598,1267,50,50,1,-1,-1,-1
164,1,617,856,50,50,1,-1,-1,-1
164,5,580,1188,50,50,1,-1,-1,-1
165,1,513,735,50,50,1,-1,-1,-1
165,5,573,1120,50,50,1,-1,-1,-1
166,1,517,708,50,50,1,-1,-1,-1
166,5,633,955,50,50,1,-1,-1,-1
167,1,524,689,50,50,1,-1,-1,-1
167,5,642,1013,50,50,1,-1,-1,-1
168,1,446,762,50,50,1,-1,-1,-1
168,5,648,1070,50,50,1,-1,-1,-1
169,1,542,889,50,50,1,-1,-1,-1
169,5,654,1122,50,50,1,-1,-1,-1
170,1,534,842,50,50,1,-1,-1,-1
170,5,659,1153,50,50,1,-1,-1,-1
171,1,527,802,50,50,1,-1,-1,-1
171,5,661,1181,50,50,1,-1,-1,-1
172,1,419,888,50,50,1,-1,-1,-1
172,5,650,1221,50,50,1,-1,-1,-1
173,1,477,1053,50,50,1,-1,-1,-1
173,5,630,1291,50,50,1,-1,-1,-1
174,1,479,986,50,50,1,-1,-1,-1
174,5,602,1329,50,50,1,-1,-1,-1
175,1,560,693,50,50,1,-1,-1,-1
175,5,593,1341,50,50,1,-1,-1,-1
176,1,565,717,50,50,1,-1,-1,-1
176,5,585,1334,50,50,1,-1,-1,-1
177,1,493,829,50,50,1,-1,-1,-1
177,5,574,1301,50,50,1,-1,-1,-1
178,1,497,788,50,50,1,-1,-1,-1
178,5,558,1213,50,50,1,-1,-1,-1
179,1,584,820,50,50,1,-1,-1,-1
179,5,561,1149,50,50,1,-1,-1,-1
180,1,590,865,50,50,1,-1,-1,-1
180,5,555,1097,50,50,1,-1,-1,-1
181,1,604,972,50,50,1,-1,-1,-1
181,5,446,1349,50,50,1,-1,-1,-1
182,1,612,1034,50,50,1,-1,-1,-1
182,5,463,1341,50,50,1,-1,-1,-1
183,1,616,1082,50,50,1,-1,-1,-1
183,5,475,1306,50,50,1,-1,-1,-1
184,1,625,1125,50,50,1,-1,-1,-1
184,5,478,1224,50,50,1,-1,-1,-1
185,1,435,828,50,50,1,-1,-1,-1
185,5,484,1159,50,50,1,-1,-1,-1
186,1,430,872,50,50,1,-1,-1,-1
186,5,490,1096,50,50,1,-1,-1,-1
187,1,616,1282,50,50,1,-1,-1,-1
187,5,425,921,50,50,1,-1,-1,-1
188,1,603,1328,50,50,1,-1,-1,-1
188,5,505,746,50,50,1,-1,-1,-1
189,1,599,1336,50,50,1,-1,-1,-1
189,5,560,700,50,50,1,-1,-1,-1
190,1,592,1318,50,50,1,-1,-1,-1
190,5,513,877,50,50,1,-1,-1,-1
191,1,583,1268,50,50,1,-1,-1,-1
191,5,408,1140,50,50,1,-1,-1,-1
192,1,567,1175,50,50,1,-1,-1,-1
192,5,579,792,50,50,1,-1,-1,-1
193,1,561,1110,50,50,1,-1,-1,-1
193,5,586,833,50,50,1,-1,-1,-1
194,1,558,1077,50,50,1,-1,-1,-1
194,5,594,880,50,50,1,-1,-1,-1
195,1,556,1101,50,50,1,-1,-1,-1
195,5,601,932,50,50,1,-1,-1,-1
196,1,490,1340,50,50,1,-1,-1,-1
196,5,609,990,50,50,1,-1,-1,-1
197,1,505,1306,50,50,1,-1,-1,-1
197,5,616,1052,50,50,1,-1,-1,-1
198,1,505,1223,50,50,1,-1,-1,-1
198,5,515,848,50,50,1,-1,-1,-1
199,1,509,1156,50,50,1,-1,-1,-1
199,5,464,905,50,50,1,-1,-1,-1
200,1,509,1096,50,50,1,-1,-1,-1
200,5,499,780,50,50,1,-1,-1,-1
201,1,459,1002,50,50,1,-1,-1,-1
201,5,490,755,50,50,1,-1,-1,-1
202,1,457,1061,50,50,1,-1,-1,-1
202,5,483,735,50,50,1,-1,-1,-1
203,1,456,1113,50,50,1,-1,-1,-1
203,5,609,742,50,50,1,-1,-1,-1
204,1,453,1162,50,50,1,-1,-1,-1
204,5,518,870,50,50,1,-1,-1,-1
205,1,452,1206,50,50,1,-1,-1,-1
205,5,520,828,50,50,1,-1,-1,-1
206,1,591,1141,50,50,1,-1,-1,-1
206,5,637,833,50,50,1,-1,-1,-1
207,1,583,1086,50,50,1,-1,-1,-1
207,5,646,873,50,50,1,-1,-1,-1
208,1,477,1342,50,50,1,-1,-1,-1
208,5,656,920,50,50,1,-1,-1,-1
209,1,481,1343,50,50,1,-1,-1,-1
209,5,666,972,50,50,1,-1,-1,-1
210,1,471,1230,50,50,1,-1,-1,-1
210,5,685,1083,50,50,1,-1,-1,-1
211,1,486,1174,50,50,1,-1,-1,-1
211,5,683,1129,50,50,1,-1,-1,-1
212,1,491,1108,50,50,1,-1,-1,-1
212,5,685,1161,50,50,1,-1,-1,-1
213,1,494,1056,50,50,1,-1,-1,-1
213,5,667,1207,50,50,1,-1,-1,-1
214,1,395,944,50,50,1,-1,-1,-1
214,5,492,755,50,50,1,-1,-1,-1
215,1,389,997,50,50,1,-1,-1,-1
215,5,484,742,50,50,1,-1,-1,-1
216,1,384,1054,50,50,1,-1,-1,-1
216,5,512,891,50,50,1,-1,-1,-1
217,1,380,1104,50,50,1,-1,-1,-1
217,5,518,848,50,50,1,-1,-1,-1
218,1,373,1147,50,50,1,-1,-1,-1
218,5,523,812,50,50,1,-1,-1,-1
219,1,377,1192,50,50,1,-1,-1,-1
219,5,579,823,50,50,1,-1,-1,-1
220,1,381,1251,50,50,1,-1,-1,-1
220,5,584,863,50,50,1,-1,-1,-1
221,1,407,1301,50,50,1,-1,-1,-1
221,5,590,909,50,50,1,-1,-1,-1
222,1,453,1338,50,50,1,-1,-1,-1
222,5,596,960,50,50,1,-1,-1,-1
223,1,464,1327,50,50,1,-1,-1,-1
223,5,602,1017,50,50,1,-1,-1,-1
224,1,476,1294,50,50,1,-1,-1,-1
224,5,606,1066,50,50,1,-1,-1,-1
225,1,475,1198,50,50,1,-1,-1,-1
225,5,518,860,50,50,1,-1,-1,-1
226,1,477,1131,50,50,1,-1,-1,-1
226,5,382,899,50,50,1,-1,-1,-1
227,1,477,1076,50,50,1,-1,-1,-1
227,5,505,791,50,50,1,-1,-1,-1
228,1,365,998,50,50,1,-1,-1,-1
228,5,498,765,50,50,1,-1,-1,-1
229,1,357,1056,50,50,1,-1,-1,-1
229,5,599,749,50,50,1,-1,-1,-1
230,1,349,1108,50,50,1,-1,-1,-1
230,5,607,773,50,50,1,-1,-1,-1
231,1,336,1153,50,50,1,-1,-1,-1
231,5,486,865,50,50,1,-1,-1,-1
232,1,334,1204,50,50,1,-1,-1,-1
232,5,487,826,50,50,1,-1,-1,-1
233,1,332,1253,50,50,1,-1,-1,-1
233,5,632,877,50,50,1,-1,-1,-1
234,1,353,1288,50,50,1,-1,-1,-1
234,5,641,921,50,50,1,-1,-1,-1
235,1,385,1322,50,50,1,-1,-1,-1
235,5,651,972,50,50,1,-1,-1,-1
236,1,418,1347,50,50,1,-1,-1,-1
236,5,660,1027,50,50,1,-1,-1,-1
237,1,451,1321,50,50,1,-1,-1,-1
237,5,674,1110,50,50,1,-1,-1,-1
238,1,452,1277,50,50,1,-1,-1,-1
238,5,677,1139,50,50,1,-1,-1,-1
239,1,463,1172,50,50,1,-1,-1,-1
239,5,665,1176,50,50,1,-1,-1,-1
240,1,470,1111,50,50,1,-1,-1,-1
240,5,648,1225,50,50,1,-1,-1,-1
241,1,475,1056,50,50,1,-1,-1,-1
241,5,620,1287,50,50,1,-1,-1,-1
242,1,420,995,50,50,1,-1,-1,-1
242,5,582,1329,50,50,1,-1,-1,-1
243,1,416,1052,50,50,1,-1,-1,-1
243,5,560,1329,50,50,1,-1,-1,-1
244,1,415,1100,50,50,1,-1,-1,-1
244,5,535,1299,50,50,1,-1,-1,-1
245,1,518,846,50,50,1,-1,-1,-1
245,5,518,1219,50,50,1,-1,-1,-1
246,1,540,880,50,50,1,-1,-1,-1
246,5,511,1148,50,50,1,-1,-1,-1
247,1,514,786,50,50,1,-1,-1,-1
247,5,507,1093,50,50,1,-1,-1,-1
248,1,521,760,50,50,1,-1,-1,-1
248,5,496,1034,50,50,1,-1,-1,-1
249,1,432,777,50,50,1,-1,-1,-1
249,5,565,1036,50,50,1,-1,-1,-1
250,1,491,923,50,50,1,-1,-1,-1
250,5,563,1094,50,50,1,-1,-1,-1
251,1,487,881,50,50,1,-1,-1,-1
251,5,464,1217,50,50,1,-1,-1,-1
252,1,409,865,50,50,1,-1,-1,-1
252,5,468,1153,50,50,1,-1,-1,-1
253,1,404,907,50,50,1,-1,-1,-1
253,5,471,1090,50,50,1,-1,-1,-1
254,1,474,784,50,50,1,-1,-1,-1
254,5,473,1036,50,50,1,-1,-1,-1
255,1,469,762,50,50,1,-1,-1,-1
255,5,390,1006,50,50,1,-1,-1,-1
256,1,483,919,50,50,1,-1,-1,-1
256,5,384,1063,50,50,1,-1,-1,-1
257,1,569,1297,50,50,1,-1,-1,-1
257,5,381,1119,50,50,1,-1,-1,-1
258,1,556,1221,50,50,1,-1,-1,-1
258,5,377,1170,50,50,1,-1,-1,-1
259,1,554,1159,50,50,1,-1,-1,-1
259,5,377,1207,50,50,1,-1,-1,-1
260,1,550,1100,50,50,1,-1,-1,-1
260,5,393,1237,50,50,1,-1,-1,-1
261,1,564,1106,50,50,1,-1,-1,-1
261,5,422,1300,50,50,1,-1,-1,-1
262,1,639,939,50,50,1,-1,-1,-1
262,5,442,1327,50,50,1,-1,-1,-1
263,1,650,991,50,50,1,-1,-1,-1
263,5,464,1325,50,50,1,-1,-1,-1
264,1,660,1045,50,50,1,-1,-1,-1
264,5,473,1300,50,50,1,-1,-1,-1
265,1,668,1090,50,50,1,-1,-1,-1
265,5,478,1225,50,50,1,-1,-1,-1
266,1,665,1168,50,50,1,-1,-1,-1
266,5,483,1093,50,50,1,-1,-1,-1
267,1,650,1215,50,50,1,-1,-1,-1
267,5,486,1040,50,50,1,-1,-1,-1
268,1,649,1283,50,50,1,-1,-1,-1
268,5,426,1001,50,50,1,-1,-1,-1
269,1,617,1318,50,50,1,-1,-1,-1
269,5,424,1057,50,50,1,-1,-1,-1
270,1,600,1312,50,50,1,-1,-1,-1
270,5,424,1110,50,50,1,-1,-1,-1
271,1,587,1275,50,50,1,-1,-1,-1
271,5,428,1162,50,50,1,-1,-1,-1
272,1,566,1192,50,50,1,-1,-1,-1
272,5,588,821,50,50,1,-1,-1,-1
273,1,560,1130,50,50,1,-1,-1,-1
273,5,596,862,50,50,1,-1,-1,-1
274,1,556,1087,50,50,1,-1,-1,-1
274,5,604,907,50,50,1,-1,-1,-1
275,1,458,1339,50,50,1,-1,-1,-1
275,5,612,958,50,50,1,-1,-1,-1
276,1,469,1332,50,50,1,-1,-1,-1
276,5,621,1015,50,50,1,-1,-1,-1
277,1,470,1298,50,50,1,-1,-1,-1
277,5,628,1069,50,50,1,-1,-1,-1
278,1,478,1220,50,50,1,-1,-1,-1
278,5,631,1116,50,50,1,-1,-1,-1
279,1,483,1149,50,50,1,-1,-1,-1
279,5,424,873,50,50,1,-1,-1,-1
280,1,485,1083,50,50,1,-1,-1,-1
280,5,420,917,50,50,1,-1,-1,-1
281,1,415,967,50,50,1,-1,-1,-1
281,5,637,1233,50,50,1,-1,-1,-1
282,1,485,753,50,50,1,-1,-1,-1
282,5,611,1298,50,50,1,-1,-1,-1
283,1,582,732,50,50,1,-1,-1,-1
283,5,597,1314,50,50,1,-1,-1,-1
284,1,506,851,50,50,1,-1,-1,-1
284,5,592,1296,50,50,1,-1,-1,-1
285,1,400,1174,50,50,1,-1,-1,-1
285,5,589,1249,50,50,1,-1,-1,-1
286,1,400,1216,50,50,1,-1,-1,-1
286,5,571,1163,50,50,1,-1,-1,-1
287,1,404,1252,50,50,1,-1,-1,-1
287,5,562,1099,50,50,1,-1,-1,-1
288,1,431,1315,50,50,1,-1,-1,-1
288,5,622,910,50,50,1,-1,-1,-1
289,1,452,1340,50,50,1,-1,-1,-1
289,5,536,683,50,50,1,-1,-1,-1
290,1,467,1328,50,50,1,-1,-1,-1
290,5,433,777,50,50,1,-1,-1,-1
291,1,472,1295,50,50,1,-1,-1,-1
291,5,533,885,50,50,1,-1,-1,-1
292,1,476,1209,50,50,1,-1,-1,-1
292,5,656,1116,50,50,1,-1,-1,-1
293,1,482,1075,50,50,1,-1,-1,-1
293,5,645,1199,50,50,1,-1,-1,-1
294,1,401,957,50,50,1,-1,-1,-1
294,5,638,1258,50,50,1,-1,-1,-1
295,1,395,1011,50,50,1,-1,-1,-1
295,5,613,1309,50,50,1,-1,-1,-1
296,1,389,1070,50,50,1,-1,-1,-1
296,5,597,1325,50,50,1,-1,-1,-1
297,1,386,1122,50,50,1,-1,-1,-1
297,5,590,1313,50,50,1,-1,-1,-1
298,1,385,1169,50,50,1,-1,-1,-1
298,5,575,1272,50,50,1,-1,-1,-1
299,1,390,1210,50,50,1,-1,-1,-1
299,5,569,1180,50,50,1,-1,-1,-1
300,1,397,1248,50,50,1,-1,-1,-1
300,5,565,1112,50,50,1,-1,-1,-1
301,1,425,1305,50,50,1,-1,-1,-1
301,5,568,1063,50,50,1,-1,-1,-1
302,1,442,1340,50,50,1,-1,-1,-1
302,5,639,884,50,50,1,-1,-1,-1
303,1,460,1341,50,50,1,-1,-1,-1
303,5,648,939,50,50,1,-1,-1,-1
304,1,470,1309,50,50,1,-1,-1,-1
304,5,658,999,50,50,1,-1,-1,-1
305,1,470,1228,50,50,1,-1,-1,-1
305,5,667,1062,50,50,1,-1,-1,-1
306,1,478,1162,50,50,1,-1,-1,-1
306,5,668,1116,50,50,1,-1,-1,-1
307,1,480,1097,50,50,1,-1,-1,-1
307,5,667,1157,50,50,1,-1,-1,-1
308,1,484,1035,50,50,1,-1,-1,-1
308,5,650,1207,50,50,1,-1,-1,-1
309,1,430,1008,50,50,1,-1,-1,-1
309,5,616,1287,50,50,1,-1,-1,-1
310,1,426,1067,50,50,1,-1,-1,-1
310,5,609,1315,50,50,1,-1,-1,-1
311,1,424,1117,50,50,1,-1,-1,-1
311,5,603,1314,50,50,1,-1,-1,-1
312,1,429,1160,50,50,1,-1,-1,-1
312,5,595,1282,50,50,1,-1,-1,-1
313,1,602,726,50,50,1,-1,-1,-1
313,5,569,1203,50,50,1,-1,-1,-1
314,1,610,764,50,50,1,-1,-1,-1
314,5,563,1136,50,50,1,-1,-1,-1
315,1,619,809,50,50,1,-1,-1,-1
315,5,556,1086,50,50,1,-1,-1,-1
316,1,628,859,50,50,1,-1,-1,-1
316,5,549,1015,50,50,1,-1,-1,-1
317,1,637,915,50,50,1,-1,-1,-1
317,5,486,668,50,50,1,-1,-1,-1
318,1,647,978,50,50,1,-1,-1,-1
318,5,480,685,50,50,1,-1,-1,-1
319,1,657,1045,50,50,1,-1,-1,-1
319,5,524,857,50,50,1,-1,-1,-1
320,1,662,1097,50,50,1,-1,-1,-1
320,5,498,1231,50,50,1,-1,-1,-1
321,1,507,1091,50,50,1,-1,-1,-1
321,5,469,821,50,50,1,-1,-1,-1
322,1,503,1040,50,50,1,-1,-1,-1
322,5,466,869,50,50,1,-1,-1,-1
323,1,463,923,50,50,1,-1,-1,-1
323,5,652,1254,50,50,1,-1,-1,-1
324,1,585,705,50,50,1,-1,-1,-1
324,5,631,1293,50,50,1,-1,-1,-1
325,1,532,863,50,50,1,-1,-1,-1
325,5,619,1296,50,50,1,-1,-1,-1
326,1,461,1104,50,50,1,-1,-1,-1
326,5,611,1270,50,50,1,-1,-1,-1
327,1,608,800,50,50,1,-1,-1,-1
327,5,592,1178,50,50,1,-1,-1,-1
328,1,616,842,50,50,1,-1,-1,-1
328,5,582,1114,50,50,1,-1,-1,-1
329,1,625,890,50,50,1,-1,-1,-1
329,5,578,1063,50,50,1,-1,-1,-1
330,1,634,943,50,50,1,-1,-1,-1
330,5,570,696,50,50,1,-1,-1,-1
331,1,643,1002,50,50,1,-1,-1,-1
331,5,433,746,50,50,1,-1,-1,-1
332,1,651,1057,50,50,1,-1,-1,-1
332,5,537,884,50,50,1,-1,-1,-1
333,1,652,1104,50,50,1,-1,-1,-1
333,5,525,839,50,50,1,-1,-1,-1
334,1,505,1119,50,50,1,-1,-1,-1
334,5,416,849,50,50,1,-1,-1,-1
335,1,503,1068,50,50,1,-1,-1,-1
335,5,410,895,50,50,1,-1,-1,-1
336,1,493,740,50,50,1,-1,-1,-1
336,5,405,946,50,50,1,-1,-1,-1
337,1,483,718,50,50,1,-1,-1,-1
337,5,400,1003,50,50,1,-1,-1,-1
338,1,522,881,50,50,1,-1,-1,-1
338,5,395,1063,50,50,1,-1,-1,-1
339,1,625,1283,50,50,1,-1,-1,-1
339,5,391,1117,50,50,1,-1,-1,-1
340,1,614,1198,50,50,1,-1,-1,-1
340,5,393,1163,50,50,1,-1,-1,-1
341,1,661,770,50,50,1,-1,-1,-1
341,5,401,1208,50,50,1,-1,-1,-1
342,1,671,808,50,50,1,-1,-1,-1
342,5,411,1240,50,50,1,-1,-1,-1
343,1,591,1026,50,50,1,-1,-1,-1
343,5,436,1311,50,50,1,-1,-1,-1
344,1,691,899,50,50,1,-1,-1,-1
344,5,448,1336,50,50,1,-1,-1,-1
345,1,702,952,50,50,1,-1,-1,-1
345,5,462,1328,50,50,1,-1,-1,-1
346,1,714,1012,50,50,1,-1,-1,-1
346,5,468,1293,50,50,1,-1,-1,-1
347,1,724,1068,50,50,1,-1,-1,-1
347,5,475,1208,50,50,1,-1,-1,-1
348,1,731,1114,50,50,1,-1,-1,-1
348,5,483,1135,50,50,1,-1,-1,-1
349,1,713,1190,50,50,1,-1,-1,-1
349,5,367,897,50,50,1,-1,-1,-1
350,1,693,1250,50,50,1,-1,-1,-1
350,5,509,733,50,50,1,-1,-1,-1
351,1,661,1298,50,50,1,-1,-1,-1
351,5,613,684,50,50,1,-1,-1,-1
352,1,638,1310,50,50,1,-1,-1,-1
352,5,522,843,50,50,1,-1,-1,-1
353,1,627,1285,50,50,1,-1,-1,-1
353,5,338,1108,50,50,1,-1,-1,-1
354,1,610,1210,50,50,1,-1,-1,-1
354,5,334,1152,50,50,1,-1,-1,-1
355,1,593,1139,50,50,1,-1,-1,-1
355,5,342,1192,50,50,1,-1,-1,-1
356,1,587,1085,50,50,1,-1,-1,-1
356,5,358,1237,50,50,1,-1,-1,-1
357,1,665,910,50,50,1,-1,-1,-1
357,5,392,1297,50,50,1,-1,-1,-1
358,1,576,669,50,50,1,-1,-1,-1
358,5,436,1326,50,50,1,-1,-1,-1
359,1,585,658,50,50,1,-1,-1,-1
359,5,468,1313,50,50,1,-1,-1,-1
360,1,594,652,50,50,1,-1,-1,-1
360,5,491,1237,50,50,1,-1,-1,-1
361,1,604,651,50,50,1,-1,-1,-1
361,5,481,1177,50,50,1,-1,-1,-1
362,1,613,654,50,50,1,-1,-1,-1
362,5,487,1111,50,50,1,-1,-1,-1
363,1,519,776,50,50,1,-1,-1,-1
363,5,489,1054,50,50,1,-1,-1,-1
364,1,510,755,50,50,1,-1,-1,-1
364,5,405,1049,50,50,1,-1,-1,-1
365,1,641,690,50,50,1,-1,-1,-1
365,5,400,1106,50,50,1,-1,-1,-1
366,1,651,713,50,50,1,-1,-1,-1
366,5,396,1163,50,50,1,-1,-1,-1
367,1,662,740,50,50,1,-1,-1,-1
367,5,384,1210,50,50,1,-1,-1,-1
368,1,510,794,50,50,1,-1,-1,-1
368,5,382,1248,50,50,1,-1,-1,-1
369,1,515,760,50,50,1,-1,-1,-1
369,5,399,1312,50,50,1,-1,-1,-1
370,1,520,731,50,50,1,-1,-1,-1
370,5,416,1342,50,50,1,-1,-1,-1
371,1,527,711,50,50,1,-1,-1,-1
371,5,441,1357,50,50,1,-1,-1,-1
372,1,450,772,50,50,1,-1,-1,-1
372,5,456,1353,50,50,1,-1,-1,-1
373,1,562,879,50,50,1,-1,-1,-1
373,5,472,1324,50,50,1,-1,-1,-1
374,1,742,1069,50,50,1,-1,-1,-1
374,5,470,1237,50,50,1,-1,-1,-1
375,1,749,1113,50,50,1,-1,-1,-1
375,5,477,1177,50,50,1,-1,-1,-1
376,1,745,1136,50,50,1,-1,-1,-1
376,5,483,1113,50,50,1,-1,-1,-1
377,1,697,1234,50,50,1,-1,-1,-1
377,5,407,1004,50,50,1,-1,-1,-1
378,1,659,1292,50,50,1,-1,-1,-1
378,5,401,1062,50,50,1,-1,-1,-1
379,1,621,1323,50,50,1,-1,-1,-1
379,5,397,1117,50,50,1,-1,-1,-1
380,1,597,1311,50,50,1,-1,-1,-1
380,5,397,1167,50,50,1,-1,-1,-1
381,1,580,1267,50,50,1,-1,-1,-1
381,5,402,1206,50,50,1,-1,-1,-1
382,1,558,1166,50,50,1,-1,-1,-1
382,5,598,823,50,50,1,-1,-1,-1
383,1,551,1098,50,50,1,-1,-1,-1
383,5,605,867,50,50,1,-1,-1,-1
384,1,613,917,50,50,1,-1,-1,-1
384,5,552,1118,50,50,1,-1,-1,-1
385,1,436,761,50,50,1,-1,-1,-1
385,5,456,1328,50,50,1,-1,-1,-1
386,1,629,1034,50,50,1,-1,-1,-1
386,5,461,1301,50,50,1,-1,-1,-1
387,1,635,1091,50,50,1,-1,-1,-1
387,5,467,1223,50,50,1,-1,-1,-1
388,1,507,812,50,50,1,-1,-1,-1
388,5,472,1153,50,50,1,-1,-1,-1
389,1,399,900,50,50,1,-1,-1,-1
389,5,480,1095,50,50,1,-1,-1,-1
390,1,628,1205,50,50,1,-1,-1,-1
390,5,484,1040,50,50,1,-1,-1,-1
391,1,601,1273,50,50,1,-1,-1,-1
391,5,382,1005,50,50,1,-1,-1,-1
392,1,606,1296,50,50,1,-1,-1,-1
392,5,375,1059,50,50,1,-1,-1,-1
393,1,594,1304,50,50,1,-1,-1,-1
393,5,369,1115,50,50,1,-1,-1,-1
394,1,574,1282,50,50,1,-1,-1,-1
394,5,368,1160,50,50,1,-1,-1,-1
395,1,569,1194,50,50,1,-1,-1,-1
395,5,359,1197,50,50,1,-1,-1,-1
396,1,563,1125,50,50,1,-1,-1,-1
396,5,364,1240,50,50,1,-1,-1,-1
397,1,561,1077,50,50,1,-1,-1,-1
397,5,391,1300,50,50,1,-1,-1,-1
398,1,653,952,50,50,1,-1,-1,-1
398,5,413,1329,50,50,1,-1,-1,-1
399,1,663,1008,50,50,1,-1,-1,-1
399,5,433,1345,50,50,1,-1,-1,-1
400,1,672,1064,50,50,1,-1,-1,-1
400,5,450,1330,50,50,1,-1,-1,-1
401,1,676,1114,50,50,1,-1,-1,-1
401,5,455,1331,50,50,1,-1,-1,-1
402,1,684,1145,50,50,1,-1,-1,-1
402,5,468,1205,50,50,1,-1,-1,-1
403,1,682,1181,50,50,1,-1,-1,-1
403,5,480,1131,50,50,1,-1,-1,-1
404,1,670,1221,50,50,1,-1,-1,-1
404,5,484,1067,50,50,1,-1,-1,-1
405,1,642,1290,50,50,1,-1,-1,-1
405,5,483,1003,50,50,1,-1,-1,-1
406,1,624,1286,50,50,1,-1,-1,-1
406,5,373,951,50,50,1,-1,-1,-1
407,1,601,1202,50,50,1,-1,-1,-1
407,5,367,1014,50,50,1,-1,-1,-1
408,1,591,1149,50,50,1,-1,-1,-1
408,5,364,1066,50,50,1,-1,-1,-1
409,1,582,1090,50,50,1,-1,-1,-1
409,5,360,1113,50,50,1,-1,-1,-1
410,1,683,924,50,50,1,-1,-1,-1
410,5,365,1152,50,50,1,-1,-1,-1
411,1,544,680,50,50,1,-1,-1,-1
411,5,375,1193,50,50,1,-1,-1,-1
412,1,553,657,50,50,1,-1,-1,-1
412,5,395,1235,50,50,1,-1,-1,-1
413,1,542,874,50,50,1,-1,-1,-1
413,5,442,1301,50,50,1,-1,-1,-1
414,1,729,1131,50,50,1,-1,-1,-1
414,5,457,1307,50,50,1,-1,-1,-1
415,1,731,1160,50,50,1,-1,-1,-1
415,5,470,1274,50,50,1,-1,-1,-1
416,1,712,1194,50,50,1,-1,-1,-1
416,5,475,1182,50,50,1,-1,-1,-1
417,1,683,1229,50,50,1,-1,-1,-1
417,5,481,1110,50,50,1,-1,-1,-1
418,1,643,1292,50,50,1,-1,-1,-1
418,5,484,1055,50,50,1,-1,-1,-1
419,1,629,1318,50,50,1,-1,-1,-1
419,5,408,1006,50,50,1,-1,-1,-1
420,1,614,1320,50,50,1,-1,-1,-1
420,5,403,1065,50,50,1,-1,-1,-1
421,1,605,1287,50,50,1,-1,-1,-1
421,5,401,1123,50,50,1,-1,-1,-1
422,1,588,1202,50,50,1,-1,-1,-1
422,5,398,1173,50,50,1,-1,-1,-1
423,1,578,1138,50,50,1,-1,-1,-1
423,5,405,1223,50,50,1,-1,-1,-1
424,1,573,1077,50,50,1,-1,-1,-1
424,5,413,1254,50,50,1,-1,-1,-1
425,1,570,1013,50,50,1,-1,-1,-1
425,5,443,1327,50,50,1,-1,-1,-1
426,1,688,866,50,50,1,-1,-1,-1
426,5,454,1340,50,50,1,-1,-1,-1
427,1,700,922,50,50,1,-1,-1,-1
427,5,462,1313,50,50,1,-1,-1,-1
428,1,713,985,50,50,1,-1,-1,-1
428,5,461,1231,50,50,1,-1,-1,-1
429,1,722,1043,50,50,1,-1,-1,-1
429,5,469,1166,50,50,1,-1,-1,-1
430,1,723,1077,50,50,1,-1,-1,-1
430,5,473,1099,50,50,1,-1,-1,-1
431,1,713,1116,50,50,1,-1,-1,-1
431,5,476,1038,50,50,1,-1,-1,-1
432,1,693,1159,50,50,1,-1,-1,-1
432,5,393,1048,50,50,1,-1,-1,-1
433,1,617,1288,50,50,1,-1,-1,-1
433,5,382,1170,50,50,1,-1,-1,-1
434,1,633,1298,50,50,1,-1,-1,-1
434,5,376,1222,50,50,1,-1,-1,-1
435,1,621,1270,50,50,1,-1,-1,-1
435,5,380,1255,50,50,1,-1,-1,-1
436,1,593,1187,50,50,1,-1,-1,-1
436,5,386,1313,50,50,1,-1,-1,-1
437,1,578,1119,50,50,1,-1,-1,-1
437,5,414,1339,50,50,1,-1,-1,-1
438,1,574,1065,50,50,1,-1,-1,-1
438,5,435,1356,50,50,1,-1,-1,-1
439,1,666,865,50,50,1,-1,-1,-1
439,5,450,1359,50,50,1,-1,-1,-1
440,1,677,920,50,50,1,-1,-1,-1
440,5,457,1342,50,50,1,-1,-1,-1
441,1,688,981,50,50,1,-1,-1,-1
441,5,459,1296,50,50,1,-1,-1,-1
442,1,700,1046,50,50,1,-1,-1,-1
442,5,452,1205,50,50,1,-1,-1,-1
443,1,706,1097,50,50,1,-1,-1,-1
443,5,456,1130,50,50,1,-1,-1,-1
444,1,705,1138,50,50,1,-1,-1,-1
444,5,460,1068,50,50,1,-1,-1,-1
445,1,685,1176,50,50,1,-1,-1,-1
445,5,463,1003,50,50,1,-1,-1,-1
446,1,659,1212,50,50,1,-1,-1,-1
446,5,467,941,50,50,1,-1,-1,-1
447,1,624,1280,50,50,1,-1,-1,-1
447,5,369,992,50,50,1,-1,-1,-1
448,1,599,1294,50,50,1,-1,-1,-1
448,5,364,1053,50,50,1,-1,-1,-1
449,1,589,1265,50,50,1,-1,-1,-1
449,5,360,1104,50,50,1,-1,-1,-1
450,1,567,1189,50,50,1,-1,-1,-1
450,5,358,1141,50,50,1,-1,-1,-1
451,1,561,1123,50,50,1,-1,-1,-1
451,5,360,1182,50,50,1,-1,-1,-1
452,1,557,1076,50,50,1,-1,-1,-1
452,5,376,1231,50,50,1,-1,-1,-1
453,1,636,954,50,50,1,-1,-1,-1
453,5,409,1291,50,50,1,-1,-1,-1
454,1,645,1018,50,50,1,-1,-1,-1
454,5,430,1310,50,50,1,-1,-1,-1
455,1,654,1070,50,50,1,-1,-1,-1
455,5,442,1287,50,50,1,-1,-1,-1
456,1,669,1118,50,50,1,-1,-1,-1
456,5,442,1212,50,50,1,-1,-1,-1
457,1,677,1152,50,50,1,-1,-1,-1
457,5,451,1140,50,50,1,-1,-1,-1
458,1,668,1189,50,50,1,-1,-1,-1
458,5,461,1076,50,50,1,-1,-1,-1
459,1,645,1243,50,50,1,-1,-1,-1
459,5,463,1023,50,50,1,-1,-1,-1
460,1,624,1275,50,50,1,-1,-1,-1
460,5,332,904,50,50,1,-1,-1,-1
461,1,594,1310,50,50,1,-1,-1,-1
461,5,323,962,50,50,1,-1,-1,-1
462,1,580,1279,50,50,1,-1,-1,-1
462,5,311,1072,50,50,1,-1,-1,-1
463,1,563,1197,50,50,1,-1,-1,-1
463,5,307,1099,50,50,1,-1,-1,-1
464,1,561,1134,50,50,1,-1,-1,-1
464,5,322,1137,50,50,1,-1,-1,-1
465,1,555,1082,50,50,1,-1,-1,-1
465,5,347,1185,50,50,1,-1,-1,-1
466,1,591,918,50,50,1,-1,-1,-1
466,5,373,1235,50,50,1,-1,-1,-1
467,1,473,737,50,50,1,-1,-1,-1
467,5,599,974,50,50,1,-1,-1,-1
468,1,469,761,50,50,1,-1,-1,-1
468,5,607,1037,50,50,1,-1,-1,-1
469,1,523,875,50,50,1,-1,-1,-1
469,5,455,1317,50,50,1,-1,-1,-1
470,1,616,1132,50,50,1,-1,-1,-1
470,5,475,1240,50,50,1,-1,-1,-1
471,1,460,865,50,50,1,-1,-1,-1
471,5,479,1179,50,50,1,-1,-1,-1
472,1,457,911,50,50,1,-1,-1,-1
472,5,483,1108,50,50,1,-1,-1,-1
473,1,618,1306,50,50,1,-1,-1,-1
473,5,454,962,50,50,1,-1,-1,-1
474,1,616,1310,50,50,1,-1,-1,-1
474,5,615,741,50,50,1,-1,-1,-1
475,1,613,1274,50,50,1,-1,-1,-1
475,5,626,767,50,50,1,-1,-1,-1
476,1,597,1198,50,50,1,-1,-1,-1
476,5,518,871,50,50,1,-1,-1,-1
477,1,586,1130,50,50,1,-1,-1,-1
477,5,527,824,50,50,1,-1,-1,-1
478,1,579,1076,50,50,1,-1,-1,-1
478,5,659,874,50,50,1,-1,-1,-1
479,1,670,921,50,50,1,-1,-1,-1
479,5,545,748,50,50,1,-1,-1,-1
480,1,683,972,50,50,1,-1,-1,-1
480,5,459,773,50,50,1,-1,-1,-1
481,1,695,1030,50,50,1,-1,-1,-1
481,5,551,913,50,50,1,-1,-1,-1
482,1,543,872,50,50,1,-1,-1,-1
482,5,705,1080,50,50,1,-1,-1,-1
483,1,586,664,50,50,1,-1,-1,-1
483,5,707,1122,50,50,1,-1,-1,-1
484,1,441,889,50,50,1,-1,-1,-1
484,5,704,1151,50,50,1,-1,-1,-1
485,1,497,1086,50,50,1,-1,-1,-1
485,5,699,1182,50,50,1,-1,-1,-1
486,1,433,977,50,50,1,-1,-1,-1
486,5,685,1220,50,50,1,-1,-1,-1
487,1,503,744,50,50,1,-1,-1,-1
487,5,649,1293,50,50,1,-1,-1,-1
488,1,514,907,50,50,1,-1,-1,-1
488,5,648,1300,50,50,1,-1,-1,-1
489,1,423,1171,50,50,1,-1,-1,-1
489,5,612,1194,50,50,1,-1,-1,-1
490,1,427,1209,50,50,1,-1,-1,-1
490,5,602,1133,50,50,1,-1,-1,-1
491,1,432,1241,50,50,1,-1,-1,-1
491,5,592,1081,50,50,1,-1,-1,-1
492,1,458,1306,50,50,1,-1,-1,-1
492,5,586,1026,50,50,1,-1,-1,-1
493,1,471,1328,50,50,1,-1,-1,-1
493,5,576,968,50,50,1,-1,-1,-1
494,1,484,1309,50,50,1,-1,-1,-1
494,5,718,881,50,50,1,-1,-1,-1
495,1,493,1232,50,50,1,-1,-1,-1
495,5,730,932,50,50,1,-1,-1,-1
496,1,493,1167,50,50,1,-1,-1,-1
496,5,744,990,50,50,1,-1,-1,-1
497,1,503,1099,50,50,1,-1,-1,-1
497,5,752,1034,50,50,1,-1,-1,-1
498,1,426,980,50,50,1,-1,-1,-1
498,5,752,1064,50,50,1,-1,-1,-1
499,1,505,779,50,50,1,-1,-1,-1
499,5,733,1098,50,50,1,-1,-1,-1
500,1,596,715,50,50,1,-1,-1,-1
500,5,714,1146,50,50,1,-1,-1,-1
501,1,537,870,50,50,1,-1,-1,-1
501,5,689,1202,50,50,1,-1,-1,-1
502,1,407,1179,50,50,1,-1,-1,-1
502,5,663,1272,50,50,1,-1,-1,-1
503,1,410,1213,50,50,1,-1,-1,-1
503,5,637,1272,50,50,1,-1,-1,-1
504,1,426,1250,50,50,1,-1,-1,-1
504,5,604,1203,50,50,1,-1,-1,-1
505,1,446,1303,50,50,1,-1,-1,-1
505,5,592,1146,50,50,1,-1,-1,-1
506,1,460,1328,50,50,1,-1,-1,-1
506,5,587,1087,50,50,1,-1,-1,-1
507,1,472,1335,50,50,1,-1,-1,-1
507,5,654,968,50,50,1,-1,-1,-1
508,1,481,1302,50,50,1,-1,-1,-1
508,5,664,1026,50,50,1,-1,-1,-1
509,1,481,1217,50,50,1,-1,-1,-1
509,5,671,1069,50,50,1,-1,-1,-1
510,1,484,1139,50,50,1,-1,-1,-1
510,5,678,1109,50,50,1,-1,-1,-1
511,1,487,1082,50,50,1,-1,-1,-1
511,5,686,1141,50,50,1,-1,-1,-1
512,1,388,1015,50,50,1,-1,-1,-1
512,5,673,1189,50,50,1,-1,-1,-1
513,1,380,1071,50,50,1,-1,-1,-1
513,5,661,1235,50,50,1,-1,-1,-1
514,1,373,1131,50,50,1,-1,-1,-1
514,5,656,1286,50,50,1,-1,-1,-1
515,1,366,1184,50,50,1,-1,-1,-1
515,5,646,1274,50,50,1,-1,-1,-1
516,1,363,1230,50,50,1,-1,-1,-1
516,5,629,1194,50,50,1,-1,-1,-1
517,1,376,1262,50,50,1,-1,-1,-1
517,5,617,1138,50,50,1,-1,-1,-1
518,1,407,1334,50,50,1,-1,-1,-1
518,5,599,1018,50,50,1,-1,-1,-1
519,1,427,1355,50,50,1,-1,-1,-1
519,5,747,894,50,50,1,-1,-1,-1
520,1,449,1358,50,50,1,-1,-1,-1
520,5,761,948,50,50,1,-1,-1,-1
521,1,461,1345,50,50,1,-1,-1,-1
521,5,776,1007,50,50,1,-1,-1,-1
522,1,482,1299,50,50,1,-1,-1,-1
522,5,786,1055,50,50,1,-1,-1,-1
523,1,477,1215,50,50,1,-1,-1,-1
523,5,805,1085,50,50,1,-1,-1,-1
524,1,485,1137,50,50,1,-1,-1,-1
524,5,793,1113,50,50,1,-1,-1,-1
525,1,492,1070,50,50,1,-1,-1,-1
525,5,773,1150,50,50,1,-1,-1,-1
526,1,492,1018,50,50,1,-1,-1,-1
526,5,758,1193,50,50,1,-1,-1,-1
527,1,435,859,50,50,1,-1,-1,-1
527,5,730,1236,50,50,1,-1,-1,-1
528,1,605,670,50,50,1,-1,-1,-1
528,5,671,1305,50,50,1,-1,-1,-1
529,1,614,697,50,50,1,-1,-1,-1
529,5,646,1309,50,50,1,-1,-1,-1
530,1,528,802,50,50,1,-1,-1,-1
530,5,622,1276,50,50,1,-1,-1,-1
531,1,415,1082,50,50,1,-1,-1,-1
531,5,594,1191,50,50,1,-1,-1,-1
532,1,641,809,50,50,1,-1,-1,-1
532,5,580,1123,50,50,1,-1,-1,-1
533,1,555,707,50,50,1,-1,-1,-1
533,5,578,1072,50,50,1,-1,-1,-1
534,1,457,757,50,50,1,-1,-1,-1
534,5,660,913,50,50,1,-1,-1,-1
535,1,450,785,50,50,1,-1,-1,-1
535,5,670,973,50,50,1,-1,-1,-1
536,1,543,880,50,50,1,-1,-1,-1
536,5,680,1036,50,50,1,-1,-1,-1
537,1,533,832,50,50,1,-1,-1,-1
537,5,688,1081,50,50,1,-1,-1,-1
538,1,429,902,50,50,1,-1,-1,-1
538,5,693,1120,50,50,1,-1,-1,-1
539,1,487,1084,50,50,1,-1,-1,-1
539,5,684,1164,50,50,1,-1,-1,-1
540,1,416,1007,50,50,1,-1,-1,-1
540,5,669,1211,50,50,1,-1,-1,-1
541,1,496,696,50,50,1,-1,-1,-1
541,5,654,1277,50,50,1,-1,-1,-1
542,1,634,694,50,50,1,-1,-1,-1
542,5,647,1291,50,50,1,-1,-1,-1
543,1,644,718,50,50,1,-1,-1,-1
543,5,644,1260,50,50,1,-1,-1,-1
544,1,516,781,50,50,1,-1,-1,-1
544,5,621,1180,50,50,1,-1,-1,-1
545,1,528,701,50,50,1,-1,-1,-1
545,5,600,1055,50,50,1,-1,-1,-1
546,1,536,671,50,50,1,-1,-1,-1
546,5,686,864,50,50,1,-1,-1,-1
547,1,541,643,50,50,1,-1,-1,-1
547,5,697,913,50,50,1,-1,-1,-1
548,1,433,686,50,50,1,-1,-1,-1
548,5,709,969,50,50,1,-1,-1,-1
549,1,424,705,50,50,1,-1,-1,-1
549,5,721,1029,50,50,1,-1,-1,-1
550,1,544,802,50,50,1,-1,-1,-1
550,5,731,1083,50,50,1,-1,-1,-1
551,1,487,1112,50,50,1,-1,-1,-1
551,5,732,1123,50,50,1,-1,-1,-1
552,1,489,1053,50,50,1,-1,-1,-1
552,5,733,1157,50,50,1,-1,-1,-1
553,1,395,848,50,50,1,-1,-1,-1
553,5,718,1198,50,50,1,-1,-1,-1
554,1,504,704,50,50,1,-1,-1,-1
554,5,712,1237,50,50,1,-1,-1,-1
555,1,599,613,50,50,1,-1,-1,-1
555,5,662,1297,50,50,1,-1,-1,-1
556,1,607,632,50,50,1,-1,-1,-1
556,5,646,1305,50,50,1,-1,-1,-1
557,1,518,770,50,50,1,-1,-1,-1
557,5,627,1275,50,50,1,-1,-1,-1
558,1,524,732,50,50,1,-1,-1,-1
558,5,600,1196,50,50,1,-1,-1,-1
559,1,633,719,50,50,1,-1,-1,-1
559,5,589,1129,50,50,1,-1,-1,-1
560,1,642,758,50,50,1,-1,-1,-1
560,5,579,1073,50,50,1,-1,-1,-1
561,1,652,802,50,50,1,-1,-1,-1
561,5,575,1018,50,50,1,-1,-1,-1
562,1,661,853,50,50,1,-1,-1,-1
562,5,440,758,50,50,1,-1,-1,-1
563,1,671,909,50,50,1,-1,-1,-1
563,5,561,621,50,50,1,-1,-1,-1
564,1,682,971,50,50,1,-1,-1,-1
564,5,568,614,50,50,1,-1,-1,-1
565,1,691,1035,50,50,1,-1,-1,-1
565,5,576,612,50,50,1,-1,-1,-1
566,1,698,1087,50,50,1,-1,-1,-1
566,5,584,616,50,50,1,-1,-1,-1
567,1,702,1134,50,50,1,-1,-1,-1
567,5,490,739,50,50,1,-1,-1,-1
568,1,684,1190,50,50,1,-1,-1,-1
568,5,474,988,50,50,1,-1,-1,-1
569,1,679,1267,50,50,1,-1,-1,-1
569,5,480,925,50,50,1,-1,-1,-1
570,1,646,1318,50,50,1,-1,-1,-1
570,5,486,869,50,50,1,-1,-1,-1
571,1,627,1313,50,50,1,-1,-1,-1
571,5,492,819,50,50,1,-1,-1,-1
572,1,609,1275,50,50,1,-1,-1,-1
572,5,633,738,50,50,1,-1,-1,-1
573,1,581,1113,50,50,1,-1,-1,-1
573,5,652,825,50,50,1,-1,-1,-1
574,1,578,1059,50,50,1,-1,-1,-1
574,5,662,877,50,50,1,-1,-1,-1
575,1,443,1335,50,50,1,-1,-1,-1
575,5,672,934,50,50,1,-1,-1,-1
576,1,453,1317,50,50,1,-1,-1,-1
576,5,683,999,50,50,1,-1,-1,-1
577,1,434,1246,50,50,1,-1,-1,-1
577,5,693,1053,50,50,1,-1,-1,-1
578,1,461,1185,50,50,1,-1,-1,-1
578,5,702,1093,50,50,1,-1,-1,-1
579,1,470,1110,50,50,1,-1,-1,-1
579,5,706,1110,50,50,1,-1,-1,-1
580,1,474,1051,50,50,1,-1,-1,-1
580,5,689,1146,50,50,1,-1,-1,-1
581,1,337,920,50,50,1,-1,-1,-1
581,5,669,1187,50,50,1,-1,-1,-1
582,1,327,975,50,50,1,-1,-1,-1
582,5,651,1226,50,50,1,-1,-1,-1
583,1,318,1036,50,50,1,-1,-1,-1
583,5,605,1300,50,50,1,-1,-1,-1
584,1,311,1087,50,50,1,-1,-1,-1
584,5,607,1318,50,50,1,-1,-1,-1
585,1,303,1134,50,50,1,-1,-1,-1
585,5,600,1303,50,50,1,-1,-1,-1
586,1,306,1166,50,50,1,-1,-1,-1
586,5,573,1215,50,50,1,-1,-1,-1
587,1,320,1205,50,50,1,-1,-1,-1
587,5,570,1156,50,50,1,-1,-1,-1
588,1,342,1246,50,50,1,-1,-1,-1
588,5,564,1091,50,50,1,-1,-1,-1
589,1,395,1308,50,50,1,-1,-1,-1
589,5,566,1029,50,50,1,-1,-1,-1
590,1,434,1336,50,50,1,-1,-1,-1
590,5,645,910,50,50,1,-1,-1,-1
591,1,463,1336,50,50,1,-1,-1,-1
591,5,656,970,50,50,1,-1,-1,-1
592,1,483,1301,50,50,1,-1,-1,-1
592,5,666,1032,50,50,1,-1,-1,-1
593,1,484,1225,50,50,1,-1,-1,-1
593,5,673,1081,50,50,1,-1,-1,-1
594,1,491,1151,50,50,1,-1,-1,-1
594,5,676,1122,50,50,1,-1,-1,-1
595,1,493,1088,50,50,1,-1,-1,-1
595,5,669,1169,50,50,1,-1,-1,-1
596,1,431,915,50,50,1,-1,-1,-1
596,5,669,1227,50,50,1,-1,-1,-1
597,1,495,682,50,50,1,-1,-1,-1
597,5,642,1297,50,50,1,-1,-1,-1
598,1,606,680,50,50,1,-1,-1,-1
598,5,629,1312,50,50,1,-1,-1,-1
599,1,616,709,50,50,1,-1,-1,-1
599,5,619,1291,50,50,1,-1,-1,-1
600,1,518,816,50,50,1,-1,-1,-1
600,5,612,1240,50,50,1,-1,-1,-1
601,1,422,1173,50,50,1,-1,-1,-1
601,5,583,1084,50,50,1,-1,-1,-1
602,1,433,1206,50,50,1,-1,-1,-1
602,5,656,879,50,50,1,-1,-1,-1
603,1,433,1214,50,50,1,-1,-1,-1
603,5,543,698,50,50,1,-1,-1,-1
604,1,430,1204,50,50,1,-1,-1,-1
604,5,450,688,50,50,1,-1,-1,-1
605,1,426,1188,50,50,1,-1,-1,-1
605,5,443,708,50,50,1,-1,-1,-1
606,1,408,1154,50,50,1,-1,-1,-1
606,5,532,808,50,50,1,-1,-1,-1
607,1,401,1139,50,50,1,-1,-1,-1
607,5,696,1109,50,50,1,-1,-1,-1
608,1,402,1128,50,50,1,-1,-1,-1
608,5,683,1124,50,50,1,-1,-1,-1
609,1,379,1125,50,50,1,-1,-1,-1
609,5,665,1138,50,50,1,-1,-1,-1
610,1,369,1120,50,50,1,-1,-1,-1
610,5,418,905,50,50,1,-1,-1,-1
611,1,361,1125,50,50,1,-1,-1,-1
611,5,414,961,50,50,1,-1,-1,-1
612,1,409,1023,50,50,1,-1,-1,-1
612,5,602,725,50,50,1,-1,-1,-1
613,1,610,755,50,50,1,-1,-1,-1
613,5,406,1085,50,50,1,-1,-1,-1
614,1,618,790,50,50,1,-1,-1,-1
614,5,358,1132,50,50,1,-1,-1,-1
615,1,627,830,50,50,1,-1,-1,-1
615,5,359,1141,50,50,1,-1,-1,-1
616,1,636,877,50,50,1,-1,-1,-1
616,5,363,1153,50,50,1,-1,-1,-1
617,1,645,929,50,50,1,-1,-1,-1
617,5,367,1162,50,50,1,-1,-1,-1
618,1,654,987,50,50,1,-1,-1,-1
618,5,375,1165,50,50,1,-1,-1,-1
619,1,664,1052,50,50,1,-1,-1,-1
619,5,375,1169,50,50,1,-1,-1,-1
620,1,675,1097,50,50,1,-1,-1,-1
620,5,372,1172,50,50,1,-1,-1,-1
621,1,684,1127,50,50,1,-1,-1,-1
621,5,364,1175,50,50,1,-1,-1,-1
622,1,693,1133,50,50,1,-1,-1,-1
622,5,361,1173,50,50,1,-1,-1,-1
623,1,694,1141,50,50,1,-1,-1,-1
623,5,381,1160,50,50,1,-1,-1,-1
624,1,694,1148,50,50,1,-1,-1,-1
624,5,355,1169,50,50,1,-1,-1,-1
625,1,694,1152,50,50,1,-1,-1,-1
625,5,389,1004,50,50,1,-1,-1,-1
626,1,694,1156,50,50,1,-1,-1,-1
626,5,383,1070,50,50,1,-1,-1,-1
627,1,693,1159,50,50,1,-1,-1,-1
627,5,378,1129,50,50,1,-1,-1,-1
628,1,694,1159,50,50,1,-1,-1,-1
628,5,387,1148,50,50,1,-1,-1,-1
629,1,696,1159,50,50,1,-1,-1,-1
629,5,382,1159,50,50,1,-1,-1,-1
630,1,698,1158,50,50,1,-1,-1,-1
630,5,382,1163,50,50,1,-1,-1,-1
631,1,699,1157,50,50,1,-1,-1,-1
631,5,383,1164,50,50,1,-1,-1,-1
632,1,700,1156,50,50,1,-1,-1,-1
632,5,384,1166,50,50,1,-1,-1,-1
633,1,700,1156,50,50,1,-1,-1,-1
633,5,385,1166,50,50,1,-1,-1,-1
634,1,701,1155,50,50,1,-1,-1,-1
634,5,385,1166,50,50,1,-1,-1,-1
635,1,701,1156,50,50,1,-1,-1,-1
635,5,385,1167,50,50,1,-1,-1,-1
636,1,700,1156,50,50,1,-1,-1,-1
636,5,385,1167,50,50,1,-1,-1,-1
637,1,700,1157,50,50,1,-1,-1,-1
637,5,385,1168,50,50,1,-1,-1,-1
638,1,699,1158,50,50,1,-1,-1,-1
638,5,385,1169,50,50,1,-1,-1,-1
639,1,700,1159,50,50,1,-1,-1,-1
639,5,385,1172,50,50,1,-1,-1,-1
640,1,699,1164,50,50,1,-1,-1,-1
640,5,384,1176,50,50,1,-1,-1,-1
641,1,699,1166,50,50,1,-1,-1,-1
641,5,383,1182,50,50,1,-1,-1,-1
642,1,696,1177,50,50,1,-1,-1,-1
642,5,379,1188,50,50,1,-1,-1,-1
643,1,687,1199,50,50,1,-1,-1,-1
643,5,368,1204,50,50,1,-1,-1,-1
644,1,682,1230,50,50,1,-1,-1,-1
644,5,366,1225,50,50,1,-1,-1,-1
645,1,678,1265,50,50,1,-1,-1,-1
645,5,364,1252,50,50,1,-1,-1,-1
646,1,687,1313,50,50,1,-1,-1,-1
646,5,364,1287,50,50,1,-1,-1,-1
647,1,666,1362,50,50,1,-1,-1,-1
647,5,367,1326,50,50,1,-1,-1,-1
648,1,654,1392,50,50,1,-1,-1,-1
648,5,371,1364,50,50,1,-1,-1,-1
649,1,649,1417,50,50,1,-1,-1,-1
649,5,376,1396,50,50,1,-1,-1,-1
