2,1,501,1115,50,50,1,-1,-1,-1
3,1,500,1110,50,50,1,-1,-1,-1
4,1,498,1099,50,50,1,-1,-1,-1
5,1,583,1239,50,50,1,-1,-1,-1
5,2,497,1095,50,50,1,-1,-1,-1
6,2,575,1240,50,50,1,-1,-1,-1
7,2,572,1233,50,50,1,-1,-1,-1
8,2,568,1225,50,50,1,-1,-1,-1
9,2,491,1117,50,50,1,-1,-1,-1
10,2,488,1132,50,50,1,-1,-1,-1
11,2,484,1158,50,50,1,-1,-1,-1
12,2,484,1190,50,50,1,-1,-1,-1
13,2,483,1230,50,50,1,-1,-1,-1
14,2,483,1275,50,50,1,-1,-1,-1
15,2,482,1320,50,50,1,-1,-1,-1
15,3,559,1110,50,50,1,-1,-1,-1
16,2,483,1351,50,50,1,-1,-1,-1
16,3,547,1118,50,50,1,-1,-1,-1
17,2,487,1355,50,50,1,-1,-1,-1
17,3,549,1114,50,50,1,-1,-1,-1
18,2,496,1328,50,50,1,-1,-1,-1
18,3,560,1107,50,50,1,-1,-1,-1
19,2,500,1268,50,50,1,-1,-1,-1
20,2,512,1189,50,50,1,-1,-1,-1
21,2,518,1113,50,50,1,-1,-1,-1
22,2,483,1068,50,50,1,-1,-1,-1
22,3,562,1252,50,50,1,-1,-1,-1
23,2,545,964,50,50,1,-1,-1,-1
23,3,574,1326,50,50,1,-1,-1,-1
24,2,544,914,50,50,1,-1,-1,-1
24,3,566,1354,50,50,1,-1,-1,-1
25,2,547,865,50,50,1,-1,-1,-1
25,3,553,1344,50,50,1,-1,-1,-1
26,2,552,817,50,50,1,-1,-1,-1
26,3,544,1329,50,50,1,-1,-1,-1
26,4,472,1059,50,50,1,-1,-1,-1
27,2,557,774,50,50,1,-1,-1,-1
27,3,526,1275,50,50,1,-1,-1,-1
27,4,467,1114,50,50,1,-1,-1,-1
28,2,562,737,50,50,1,-1,-1,-1
28,4,460,1179,50,50,1,-1,-1,-1
29,2,567,706,50,50,1,-1,-1,-1
29,3,513,1132,50,50,1,-1,-1,-1
30,2,575,682,50,50,1,-1,-1,-1
30,3,503,1089,50,50,1,-1,-1,-1
30,4,473,1303,50,50,1,-1,-1,-1
31,2,581,663,50,50,1,-1,-1,-1
31,3,490,1024,50,50,1,-1,-1,-1
31,4,478,1333,50,50,1,-1,-1,-1
32,2,586,647,50,50,1,-1,-1,-1
32,3,484,958,50,50,1,-1,-1,-1
32,4,498,1310,50,50,1,-1,-1,-1
33,2,592,637,50,50,1,-1,-1,-1
33,3,487,914,50,50,1,-1,-1,-1
33,4,508,1255,50,50,1,-1,-1,-1
34,2,598,631,50,50,1,-1,-1,-1
34,3,482,873,50,50,1,-1,-1,-1
34,4,510,1186,50,50,1,-1,-1,-1
35,2,604,631,50,50,1,-1,-1,-1
35,3,477,836,50,50,1,-1,-1,-1
35,4,517,1114,50,50,1,-1,-1,-1
36,2,611,636,50,50,1,-1,-1,-1
36,3,472,806,50,50,1,-1,-1,-1
36,4,510,1076,50,50,1,-1,-1,-1
37,2,617,645,50,50,1,-1,-1,-1
37,3,467,780,50,50,1,-1,-1,-1
37,4,529,992,50,50,1,-1,-1,-1
37,5,589,1337,50,50,1,-1,-1,-1
38,2,624,658,50,50,1,-1,-1,-1
38,3,464,764,50,50,1,-1,-1,-1
38,4,533,921,50,50,1,-1,-1,-1
38,5,592,1341,50,50,1,-1,-1,-1
39,2,629,673,50,50,1,-1,-1,-1
39,4,537,880,50,50,1,-1,-1,-1
39,5,588,1318,50,50,1,-1,-1,-1
40,2,636,697,50,50,1,-1,-1,-1
40,4,544,833,50,50,1,-1,-1,-1
40,5,577,1228,50,50,1,-1,-1,-1
41,2,651,760,50,50,1,-1,-1,-1
41,5,566,1107,50,50,1,-1,-1,-1
42,2,659,800,50,50,1,-1,-1,-1
42,4,505,1290,50,50,1,-1,-1,-1
42,5,567,1058,50,50,1,-1,-1,-1
43,2,667,844,50,50,1,-1,-1,-1
43,3,572,703,50,50,1,-1,-1,-1
43,4,502,1338,50,50,1,-1,-1,-1
43,5,551,988,50,50,1,-1,-1,-1
44,2,676,894,50,50,1,-1,-1,-1
44,3,579,684,50,50,1,-1,-1,-1
44,4,506,1337,50,50,1,-1,-1,-1
44,5,436,768,50,50,1,-1,-1,-1
45,2,684,949,50,50,1,-1,-1,-1
45,3,586,671,50,50,1,-1,-1,-1
45,4,517,1295,50,50,1,-1,-1,-1
46,2,693,1010,50,50,1,-1,-1,-1
46,3,593,662,50,50,1,-1,-1,-1
46,4,515,1231,50,50,1,-1,-1,-1
46,5,532,832,50,50,1,-1,-1,-1
47,2,702,1059,50,50,1,-1,-1,-1
47,3,526,793,50,50,1,-1,-1,-1
47,4,520,1160,50,50,1,-1,-1,-1
48,2,707,1092,50,50,1,-1,-1,-1
48,3,420,877,50,50,1,-1,-1,-1
48,4,520,1097,50,50,1,-1,-1,-1
49,2,700,1125,50,50,1,-1,-1,-1
49,3,418,918,50,50,1,-1,-1,-1
49,4,514,731,50,50,1,-1,-1,-1
50,2,691,1169,50,50,1,-1,-1,-1
50,3,415,965,50,50,1,-1,-1,-1
50,4,509,707,50,50,1,-1,-1,-1
51,2,685,1225,50,50,1,-1,-1,-1
51,3,412,1017,50,50,1,-1,-1,-1
51,4,630,686,50,50,1,-1,-1,-1
52,2,647,1292,50,50,1,-1,-1,-1
52,3,410,1072,50,50,1,-1,-1,-1
52,4,638,706,50,50,1,-1,-1,-1
52,5,538,872,50,50,1,-1,-1,-1
53,2,638,1303,50,50,1,-1,-1,-1
53,3,410,1116,50,50,1,-1,-1,-1
53,4,544,829,50,50,1,-1,-1,-1
54,2,631,1282,50,50,1,-1,-1,-1
54,3,413,1160,50,50,1,-1,-1,-1
54,4,656,762,50,50,1,-1,-1,-1
55,2,614,1201,50,50,1,-1,-1,-1
55,3,411,1190,50,50,1,-1,-1,-1
55,4,665,798,50,50,1,-1,-1,-1
56,2,607,1141,50,50,1,-1,-1,-1
56,3,419,1227,50,50,1,-1,-1,-1
56,4,674,839,50,50,1,-1,-1,-1
57,2,598,1082,50,50,1,-1,-1,-1
57,3,565,710,50,50,1,-1,-1,-1
57,4,684,885,50,50,1,-1,-1,-1
58,2,469,1322,50,50,1,-1,-1,-1
58,3,473,710,50,50,1,-1,-1,-1
58,4,694,937,50,50,1,-1,-1,-1
59,2,491,1328,50,50,1,-1,-1,-1
59,3,466,730,50,50,1,-1,-1,-1
59,4,704,994,50,50,1,-1,-1,-1
60,2,509,1301,50,50,1,-1,-1,-1
60,3,462,758,50,50,1,-1,-1,-1
60,4,715,1045,50,50,1,-1,-1,-1
61,2,522,1232,50,50,1,-1,-1,-1
61,3,556,865,50,50,1,-1,-1,-1
61,4,727,1086,50,50,1,-1,-1,-1
62,2,524,1163,50,50,1,-1,-1,-1
62,3,455,831,50,50,1,-1,-1,-1
62,4,737,1112,50,50,1,-1,-1,-1
63,2,525,1099,50,50,1,-1,-1,-1
63,3,452,875,50,50,1,-1,-1,-1
63,4,727,1136,50,50,1,-1,-1,-1
64,2,526,759,50,50,1,-1,-1,-1
64,3,448,925,50,50,1,-1,-1,-1
64,4,712,1172,50,50,1,-1,-1,-1
65,2,516,735,50,50,1,-1,-1,-1
65,3,445,980,50,50,1,-1,-1,-1
65,4,693,1216,50,50,1,-1,-1,-1
66,2,623,740,50,50,1,-1,-1,-1
66,3,442,1040,50,50,1,-1,-1,-1
66,4,668,1263,50,50,1,-1,-1,-1
67,2,540,882,50,50,1,-1,-1,-1
67,3,441,1092,50,50,1,-1,-1,-1
67,4,645,1286,50,50,1,-1,-1,-1
68,2,545,839,50,50,1,-1,-1,-1
68,3,436,1129,50,50,1,-1,-1,-1
68,4,629,1275,50,50,1,-1,-1,-1
69,2,654,885,50,50,1,-1,-1,-1
69,3,441,1215,50,50,1,-1,-1,-1
69,4,596,1141,50,50,1,-1,-1,-1
70,2,588,1088,50,50,1,-1,-1,-1
70,3,561,746,50,50,1,-1,-1,-1
70,4,663,933,50,50,1,-1,-1,-1
71,2,477,1325,50,50,1,-1,-1,-1
71,3,671,988,50,50,1,-1,-1,-1
71,4,567,725,50,50,1,-1,-1,-1
72,2,488,1335,50,50,1,-1,-1,-1
72,3,680,1045,50,50,1,-1,-1,-1
72,4,448,729,50,50,1,-1,-1,-1
73,2,498,1299,50,50,1,-1,-1,-1
73,3,691,1086,50,50,1,-1,-1,-1
73,4,441,751,50,50,1,-1,-1,-1
74,2,506,1219,50,50,1,-1,-1,-1
74,3,706,1116,50,50,1,-1,-1,-1
74,4,583,693,50,50,1,-1,-1,-1
75,2,505,1147,50,50,1,-1,-1,-1
75,3,704,1139,50,50,1,-1,-1,-1
75,4,538,835,50,50,1,-1,-1,-1
76,2,506,1083,50,50,1,-1,-1,-1
76,3,697,1164,50,50,1,-1,-1,-1
76,4,414,846,50,50,1,-1,-1,-1
77,2,503,1037,50,50,1,-1,-1,-1
77,3,675,1193,50,50,1,-1,-1,-1
77,4,407,891,50,50,1,-1,-1,-1
78,2,509,750,50,50,1,-1,-1,-1
78,3,652,1232,50,50,1,-1,-1,-1
78,4,399,941,50,50,1,-1,-1,-1
79,2,612,732,50,50,1,-1,-1,-1
79,3,630,1270,50,50,1,-1,-1,-1
79,4,391,997,50,50,1,-1,-1,-1
80,2,524,860,50,50,1,-1,-1,-1
80,3,613,1286,50,50,1,-1,-1,-1
80,4,384,1055,50,50,1,-1,-1,-1
81,2,528,816,50,50,1,-1,-1,-1
81,3,607,1263,50,50,1,-1,-1,-1
81,4,381,1101,50,50,1,-1,-1,-1
82,2,633,819,50,50,1,-1,-1,-1
82,3,590,1189,50,50,1,-1,-1,-1
82,4,380,1147,50,50,1,-1,-1,-1
83,2,641,859,50,50,1,-1,-1,-1
83,3,579,1124,50,50,1,-1,-1,-1
83,4,386,1192,50,50,1,-1,-1,-1
84,2,648,903,50,50,1,-1,-1,-1
84,3,576,1075,50,50,1,-1,-1,-1
84,4,404,1236,50,50,1,-1,-1,-1
85,2,657,954,50,50,1,-1,-1,-1
85,3,550,699,50,50,1,-1,-1,-1
85,4,420,1300,50,50,1,-1,-1,-1
86,2,665,1010,50,50,1,-1,-1,-1
86,3,442,753,50,50,1,-1,-1,-1
86,4,461,1335,50,50,1,-1,-1,-1
87,2,673,1057,50,50,1,-1,-1,-1
87,3,437,779,50,50,1,-1,-1,-1
87,4,475,1322,50,50,1,-1,-1,-1
88,2,682,1096,50,50,1,-1,-1,-1
88,3,536,866,50,50,1,-1,-1,-1
88,4,478,1288,50,50,1,-1,-1,-1
89,2,688,1129,50,50,1,-1,-1,-1
89,3,419,841,50,50,1,-1,-1,-1
89,4,483,1195,50,50,1,-1,-1,-1
90,2,680,1165,50,50,1,-1,-1,-1
90,3,412,882,50,50,1,-1,-1,-1
90,4,486,1123,50,50,1,-1,-1,-1
91,2,668,1206,50,50,1,-1,-1,-1
91,3,511,773,50,50,1,-1,-1,-1
91,4,487,1067,50,50,1,-1,-1,-1
92,2,652,1268,50,50,1,-1,-1,-1
92,3,503,753,50,50,1,-1,-1,-1
92,4,397,981,50,50,1,-1,-1,-1
93,2,618,1308,50,50,1,-1,-1,-1
93,3,594,700,50,50,1,-1,-1,-1
93,4,389,1037,50,50,1,-1,-1,-1
94,2,600,1314,50,50,1,-1,-1,-1
94,3,600,723,50,50,1,-1,-1,-1
94,4,385,1088,50,50,1,-1,-1,-1
95,2,589,1291,50,50,1,-1,-1,-1
95,3,503,838,50,50,1,-1,-1,-1
95,4,380,1136,50,50,1,-1,-1,-1
96,2,567,1199,50,50,1,-1,-1,-1
96,3,507,795,50,50,1,-1,-1,-1
96,4,378,1167,50,50,1,-1,-1,-1
97,2,559,1088,50,50,1,-1,-1,-1
97,3,516,727,50,50,1,-1,-1,-1
97,4,397,1238,50,50,1,-1,-1,-1
98,2,638,918,50,50,1,-1,-1,-1
98,3,521,701,50,50,1,-1,-1,-1
98,4,423,1299,50,50,1,-1,-1,-1
99,2,646,974,50,50,1,-1,-1,-1
99,3,529,683,50,50,1,-1,-1,-1
99,4,438,1330,50,50,1,-1,-1,-1
100,2,655,1036,50,50,1,-1,-1,-1
100,3,536,903,50,50,1,-1,-1,-1
100,4,447,1325,50,50,1,-1,-1,-1
101,2,661,1084,50,50,1,-1,-1,-1
101,3,530,858,50,50,1,-1,-1,-1
101,4,448,1289,50,50,1,-1,-1,-1
102,2,667,1122,50,50,1,-1,-1,-1
102,3,545,653,50,50,1,-1,-1,-1
102,4,448,1207,50,50,1,-1,-1,-1
103,2,664,1159,50,50,1,-1,-1,-1
103,3,426,905,50,50,1,-1,-1,-1
103,4,456,1141,50,50,1,-1,-1,-1
104,2,647,1208,50,50,1,-1,-1,-1
104,3,512,754,50,50,1,-1,-1,-1
104,4,463,1084,50,50,1,-1,-1,-1
105,2,630,1284,50,50,1,-1,-1,-1
105,3,506,730,50,50,1,-1,-1,-1
105,4,470,1022,50,50,1,-1,-1,-1
106,2,608,1311,50,50,1,-1,-1,-1
106,3,565,678,50,50,1,-1,-1,-1
106,4,477,967,50,50,1,-1,-1,-1
107,2,590,1308,50,50,1,-1,-1,-1
107,3,571,698,50,50,1,-1,-1,-1
107,4,485,916,50,50,1,-1,-1,-1
108,2,570,1281,50,50,1,-1,-1,-1
108,3,578,723,50,50,1,-1,-1,-1
108,4,493,872,50,50,1,-1,-1,-1
109,2,554,1198,50,50,1,-1,-1,-1
109,4,501,833,50,50,1,-1,-1,-1
110,2,546,1136,50,50,1,-1,-1,-1
110,3,592,790,50,50,1,-1,-1,-1
111,2,538,1091,50,50,1,-1,-1,-1
111,3,600,832,50,50,1,-1,-1,-1
111,4,406,1244,50,50,1,-1,-1,-1
112,3,607,879,50,50,1,-1,-1,-1
112,4,433,1301,50,50,1,-1,-1,-1
113,2,471,729,50,50,1,-1,-1,-1
113,3,615,932,50,50,1,-1,-1,-1
113,4,442,1336,50,50,1,-1,-1,-1
114,2,464,748,50,50,1,-1,-1,-1
114,3,623,991,50,50,1,-1,-1,-1
114,4,465,1345,50,50,1,-1,-1,-1
115,2,524,865,50,50,1,-1,-1,-1
115,3,631,1053,50,50,1,-1,-1,-1
115,4,477,1327,50,50,1,-1,-1,-1
116,2,520,826,50,50,1,-1,-1,-1
116,3,634,1102,50,50,1,-1,-1,-1
116,4,500,1249,50,50,1,-1,-1,-1
117,2,516,793,50,50,1,-1,-1,-1
117,4,499,1182,50,50,1,-1,-1,-1
118,2,450,892,50,50,1,-1,-1,-1
118,4,502,1114,50,50,1,-1,-1,-1
119,2,508,742,50,50,1,-1,-1,-1
119,3,638,1221,50,50,1,-1,-1,-1
119,4,446,941,50,50,1,-1,-1,-1
120,2,444,996,50,50,1,-1,-1,-1
120,3,632,1281,50,50,1,-1,-1,-1
120,4,596,746,50,50,1,-1,-1,-1
121,2,440,1056,50,50,1,-1,-1,-1
121,3,619,1294,50,50,1,-1,-1,-1
121,4,606,768,50,50,1,-1,-1,-1
122,2,440,1103,50,50,1,-1,-1,-1
122,3,617,1267,50,50,1,-1,-1,-1
122,4,522,883,50,50,1,-1,-1,-1
123,2,438,1148,50,50,1,-1,-1,-1
123,3,597,1193,50,50,1,-1,-1,-1
123,4,527,837,50,50,1,-1,-1,-1
124,2,437,1193,50,50,1,-1,-1,-1
124,3,591,1131,50,50,1,-1,-1,-1
124,4,637,865,50,50,1,-1,-1,-1
125,2,463,1305,50,50,1,-1,-1,-1
125,3,544,732,50,50,1,-1,-1,-1
125,4,658,955,50,50,1,-1,-1,-1
126,2,480,1340,50,50,1,-1,-1,-1
126,3,550,707,50,50,1,-1,-1,-1
126,4,670,1009,50,50,1,-1,-1,-1
127,2,494,1339,50,50,1,-1,-1,-1
127,3,552,911,50,50,1,-1,-1,-1
127,4,680,1061,50,50,1,-1,-1,-1
128,2,503,1309,50,50,1,-1,-1,-1
128,3,543,871,50,50,1,-1,-1,-1
128,4,691,1097,50,50,1,-1,-1,-1
129,2,511,1223,50,50,1,-1,-1,-1
129,3,572,670,50,50,1,-1,-1,-1
129,4,715,1140,50,50,1,-1,-1,-1
130,2,515,1154,50,50,1,-1,-1,-1
130,3,478,878,50,50,1,-1,-1,-1
130,4,702,1167,50,50,1,-1,-1,-1
131,2,515,1094,50,50,1,-1,-1,-1
131,3,477,923,50,50,1,-1,-1,-1
131,4,693,1207,50,50,1,-1,-1,-1
132,2,475,974,50,50,1,-1,-1,-1
132,3,508,754,50,50,1,-1,-1,-1
132,4,674,1266,50,50,1,-1,-1,-1
133,2,473,1031,50,50,1,-1,-1,-1
133,3,600,682,50,50,1,-1,-1,-1
133,4,650,1303,50,50,1,-1,-1,-1
134,2,475,1083,50,50,1,-1,-1,-1
134,3,605,694,50,50,1,-1,-1,-1
134,4,636,1307,50,50,1,-1,-1,-1
135,2,476,1125,50,50,1,-1,-1,-1
135,3,613,715,50,50,1,-1,-1,-1
135,4,625,1282,50,50,1,-1,-1,-1
136,2,468,1163,50,50,1,-1,-1,-1
136,3,536,821,50,50,1,-1,-1,-1
137,3,541,783,50,50,1,-1,-1,-1
137,4,599,1138,50,50,1,-1,-1,-1
138,2,484,1254,50,50,1,-1,-1,-1
138,3,637,808,50,50,1,-1,-1,-1
138,4,591,1081,50,50,1,-1,-1,-1
139,2,485,1313,50,50,1,-1,-1,-1
139,3,646,850,50,50,1,-1,-1,-1
139,4,588,1028,50,50,1,-1,-1,-1
140,2,494,1325,50,50,1,-1,-1,-1
140,3,655,897,50,50,1,-1,-1,-1
140,4,451,775,50,50,1,-1,-1,-1
141,2,514,1281,50,50,1,-1,-1,-1
141,3,664,950,50,50,1,-1,-1,-1
141,4,442,798,50,50,1,-1,-1,-1
142,2,501,1226,50,50,1,-1,-1,-1
142,3,673,1005,50,50,1,-1,-1,-1
142,4,555,880,50,50,1,-1,-1,-1
143,2,504,1157,50,50,1,-1,-1,-1
143,3,673,1050,50,50,1,-1,-1,-1
143,4,547,842,50,50,1,-1,-1,-1
144,2,506,1097,50,50,1,-1,-1,-1
144,4,422,906,50,50,1,-1,-1,-1
145,2,415,953,50,50,1,-1,-1,-1
145,3,673,1109,50,50,1,-1,-1,-1
145,4,530,785,50,50,1,-1,-1,-1
146,2,522,765,50,50,1,-1,-1,-1
146,3,650,1166,50,50,1,-1,-1,-1
146,4,409,1006,50,50,1,-1,-1,-1
147,2,595,692,50,50,1,-1,-1,-1
147,3,634,1219,50,50,1,-1,-1,-1
147,4,403,1064,50,50,1,-1,-1,-1
148,2,602,710,50,50,1,-1,-1,-1
148,3,623,1283,50,50,1,-1,-1,-1
148,4,398,1120,50,50,1,-1,-1,-1
149,2,525,832,50,50,1,-1,-1,-1
149,3,604,1298,50,50,1,-1,-1,-1
149,4,393,1172,50,50,1,-1,-1,-1
150,2,529,795,50,50,1,-1,-1,-1
150,3,591,1279,50,50,1,-1,-1,-1
150,4,391,1209,50,50,1,-1,-1,-1
151,2,623,797,50,50,1,-1,-1,-1
151,3,584,1194,50,50,1,-1,-1,-1
151,4,384,1243,50,50,1,-1,-1,-1
152,2,630,836,50,50,1,-1,-1,-1
152,3,577,1133,50,50,1,-1,-1,-1
152,4,414,1311,50,50,1,-1,-1,-1
153,2,638,881,50,50,1,-1,-1,-1
153,3,573,1080,50,50,1,-1,-1,-1
153,4,429,1339,50,50,1,-1,-1,-1
154,2,654,987,50,50,1,-1,-1,-1
154,3,461,813,50,50,1,-1,-1,-1
154,4,472,1338,50,50,1,-1,-1,-1
155,2,662,1040,50,50,1,-1,-1,-1
155,3,562,685,50,50,1,-1,-1,-1
155,4,477,1300,50,50,1,-1,-1,-1
156,2,657,1091,50,50,1,-1,-1,-1
156,3,568,684,50,50,1,-1,-1,-1
156,4,484,1212,50,50,1,-1,-1,-1
157,2,667,1118,50,50,1,-1,-1,-1
157,3,444,921,50,50,1,-1,-1,-1
157,4,488,1138,50,50,1,-1,-1,-1
158,2,664,1158,50,50,1,-1,-1,-1
158,3,516,793,50,50,1,-1,-1,-1
158,4,489,1080,50,50,1,-1,-1,-1
159,2,647,1205,50,50,1,-1,-1,-1
159,3,507,766,50,50,1,-1,-1,-1
159,4,432,1021,50,50,1,-1,-1,-1
160,2,620,1278,50,50,1,-1,-1,-1
160,3,589,726,50,50,1,-1,-1,-1
160,4,428,1079,50,50,1,-1,-1,-1
161,2,614,1304,50,50,1,-1,-1,-1
161,3,596,751,50,50,1,-1,-1,-1
161,4,424,1129,50,50,1,-1,-1,-1
162,2,602,1305,50,50,1,-1,-1,-1
162,3,502,848,50,50,1,-1,-1,-1
162,4,417,1175,50,50,1,-1,-1,-1
163,2,598,1267,50,50,1,-1,-1,-1
163,3,506,805,50,50,1,-1,-1,-1
163,4,415,1212,50,50,1,-1,-1,-1
164,2,580,1188,50,50,1,-1,-1,-1
164,3,617,856,50,50,1,-1,-1,-1
165,2,573,1120,50,50,1,-1,-1,-1
165,3,625,902,50,50,1,-1,-1,-1
165,4,437,1306,50,50,1,-1,-1,-1
166,2,517,708,50,50,1,-1,-1,-1
166,3,633,955,50,50,1,-1,-1,-1
166,4,446,1343,50,50,1,-1,-1,-1
167,2,524,689,50,50,1,-1,-1,-1
167,3,642,1013,50,50,1,-1,-1,-1
167,4,458,1363,50,50,1,-1,-1,-1
168,2,552,928,50,50,1,-1,-1,-1
168,3,648,1070,50,50,1,-1,-1,-1
168,4,464,1360,50,50,1,-1,-1,-1
169,2,542,889,50,50,1,-1,-1,-1
169,3,654,1122,50,50,1,-1,-1,-1
169,4,470,1333,50,50,1,-1,-1,-1
170,2,537,655,50,50,1,-1,-1,-1
170,3,659,1153,50,50,1,-1,-1,-1
170,4,449,1237,50,50,1,-1,-1,-1
171,2,527,802,50,50,1,-1,-1,-1
171,3,661,1181,50,50,1,-1,-1,-1
171,4,470,1183,50,50,1,-1,-1,-1
172,2,419,888,50,50,1,-1,-1,-1
172,3,650,1221,50,50,1,-1,-1,-1
172,4,475,1114,50,50,1,-1,-1,-1
173,2,512,738,50,50,1,-1,-1,-1
173,3,630,1291,50,50,1,-1,-1,-1
173,4,477,1053,50,50,1,-1,-1,-1
174,2,505,715,50,50,1,-1,-1,-1
174,3,602,1329,50,50,1,-1,-1,-1
174,4,479,986,50,50,1,-1,-1,-1
175,2,560,693,50,50,1,-1,-1,-1
175,3,593,1341,50,50,1,-1,-1,-1
175,4,402,1040,50,50,1,-1,-1,-1
176,2,565,717,50,50,1,-1,-1,-1
176,3,585,1334,50,50,1,-1,-1,-1
176,4,396,1102,50,50,1,-1,-1,-1
177,2,493,829,50,50,1,-1,-1,-1
177,3,574,1301,50,50,1,-1,-1,-1
177,4,393,1154,50,50,1,-1,-1,-1
178,2,497,788,50,50,1,-1,-1,-1
178,3,558,1213,50,50,1,-1,-1,-1
178,4,388,1198,50,50,1,-1,-1,-1
179,2,584,820,50,50,1,-1,-1,-1
179,3,561,1149,50,50,1,-1,-1,-1
179,4,383,1232,50,50,1,-1,-1,-1
180,2,590,865,50,50,1,-1,-1,-1
180,3,555,1097,50,50,1,-1,-1,-1
180,4,407,1301,50,50,1,-1,-1,-1
181,2,604,972,50,50,1,-1,-1,-1
181,3,518,681,50,50,1,-1,-1,-1
181,4,446,1349,50,50,1,-1,-1,-1
182,2,612,1034,50,50,1,-1,-1,-1
182,3,451,730,50,50,1,-1,-1,-1
182,4,463,1341,50,50,1,-1,-1,-1
183,2,616,1082,50,50,1,-1,-1,-1
183,3,530,883,50,50,1,-1,-1,-1
183,4,475,1306,50,50,1,-1,-1,-1
184,2,625,1125,50,50,1,-1,-1,-1
184,3,525,844,50,50,1,-1,-1,-1
184,4,478,1224,50,50,1,-1,-1,-1
185,3,435,828,50,50,1,-1,-1,-1
185,4,484,1159,50,50,1,-1,-1,-1
186,2,617,1211,50,50,1,-1,-1,-1
186,3,430,872,50,50,1,-1,-1,-1
186,4,490,1096,50,50,1,-1,-1,-1
187,2,616,1282,50,50,1,-1,-1,-1
187,3,425,921,50,50,1,-1,-1,-1
187,4,509,762,50,50,1,-1,-1,-1
188,2,603,1328,50,50,1,-1,-1,-1
188,3,421,976,50,50,1,-1,-1,-1
188,4,505,746,50,50,1,-1,-1,-1
189,2,599,1336,50,50,1,-1,-1,-1
189,3,416,1037,50,50,1,-1,-1,-1
189,4,560,700,50,50,1,-1,-1,-1
190,2,592,1318,50,50,1,-1,-1,-1
190,3,413,1090,50,50,1,-1,-1,-1
190,4,513,877,50,50,1,-1,-1,-1
191,2,583,1268,50,50,1,-1,-1,-1
191,3,408,1140,50,50,1,-1,-1,-1
191,4,519,835,50,50,1,-1,-1,-1
192,2,567,1175,50,50,1,-1,-1,-1
192,4,579,792,50,50,1,-1,-1,-1
193,2,561,1110,50,50,1,-1,-1,-1
193,3,418,1227,50,50,1,-1,-1,-1
193,4,586,833,50,50,1,-1,-1,-1
194,2,558,1077,50,50,1,-1,-1,-1
194,3,442,1303,50,50,1,-1,-1,-1
194,4,594,880,50,50,1,-1,-1,-1
195,2,556,1101,50,50,1,-1,-1,-1
195,3,472,1337,50,50,1,-1,-1,-1
195,4,601,932,50,50,1,-1,-1,-1
196,2,476,801,50,50,1,-1,-1,-1
196,3,490,1340,50,50,1,-1,-1,-1
196,4,609,990,50,50,1,-1,-1,-1
197,2,524,890,50,50,1,-1,-1,-1
197,3,505,1306,50,50,1,-1,-1,-1
197,4,616,1052,50,50,1,-1,-1,-1
198,2,515,848,50,50,1,-1,-1,-1
198,3,505,1223,50,50,1,-1,-1,-1
198,4,621,1102,50,50,1,-1,-1,-1
199,2,464,905,50,50,1,-1,-1,-1
199,3,509,1156,50,50,1,-1,-1,-1
200,2,499,780,50,50,1,-1,-1,-1
200,3,509,1096,50,50,1,-1,-1,-1
201,2,490,755,50,50,1,-1,-1,-1
201,3,459,1002,50,50,1,-1,-1,-1
201,4,629,1272,50,50,1,-1,-1,-1
202,2,483,735,50,50,1,-1,-1,-1
202,3,457,1061,50,50,1,-1,-1,-1
202,4,629,1315,50,50,1,-1,-1,-1
203,2,609,742,50,50,1,-1,-1,-1
203,3,456,1113,50,50,1,-1,-1,-1
203,4,626,1317,50,50,1,-1,-1,-1
204,2,518,870,50,50,1,-1,-1,-1
204,3,453,1162,50,50,1,-1,-1,-1
204,4,619,1290,50,50,1,-1,-1,-1
205,2,520,828,50,50,1,-1,-1,-1
205,3,452,1206,50,50,1,-1,-1,-1
206,2,637,833,50,50,1,-1,-1,-1
206,3,454,1243,50,50,1,-1,-1,-1
206,4,591,1141,50,50,1,-1,-1,-1
207,2,646,873,50,50,1,-1,-1,-1
207,3,470,1310,50,50,1,-1,-1,-1
207,4,583,1086,50,50,1,-1,-1,-1
208,2,656,920,50,50,1,-1,-1,-1
208,3,477,1342,50,50,1,-1,-1,-1
208,4,529,735,50,50,1,-1,-1,-1
209,2,666,972,50,50,1,-1,-1,-1
209,3,481,1343,50,50,1,-1,-1,-1
209,4,435,742,50,50,1,-1,-1,-1
210,2,685,1083,50,50,1,-1,-1,-1
210,3,471,1230,50,50,1,-1,-1,-1
210,4,535,875,50,50,1,-1,-1,-1
211,2,683,1129,50,50,1,-1,-1,-1
211,3,486,1174,50,50,1,-1,-1,-1
211,4,524,836,50,50,1,-1,-1,-1
212,2,685,1161,50,50,1,-1,-1,-1
212,3,491,1108,50,50,1,-1,-1,-1
212,4,407,854,50,50,1,-1,-1,-1
213,2,667,1207,50,50,1,-1,-1,-1
213,3,494,1056,50,50,1,-1,-1,-1
213,4,403,897,50,50,1,-1,-1,-1
214,3,492,755,50,50,1,-1,-1,-1
214,4,395,944,50,50,1,-1,-1,-1
215,2,612,1317,50,50,1,-1,-1,-1
215,3,484,742,50,50,1,-1,-1,-1
215,4,389,997,50,50,1,-1,-1,-1
216,2,602,1329,50,50,1,-1,-1,-1
216,3,512,891,50,50,1,-1,-1,-1
216,4,384,1054,50,50,1,-1,-1,-1
217,2,589,1309,50,50,1,-1,-1,-1
217,3,518,848,50,50,1,-1,-1,-1
217,4,380,1104,50,50,1,-1,-1,-1
218,2,555,1249,50,50,1,-1,-1,-1
218,3,523,812,50,50,1,-1,-1,-1
218,4,373,1147,50,50,1,-1,-1,-1
219,2,562,1187,50,50,1,-1,-1,-1
219,3,579,823,50,50,1,-1,-1,-1
219,4,377,1192,50,50,1,-1,-1,-1
220,2,554,1122,50,50,1,-1,-1,-1
220,3,584,863,50,50,1,-1,-1,-1
220,4,381,1251,50,50,1,-1,-1,-1
221,2,550,1084,50,50,1,-1,-1,-1
221,3,590,909,50,50,1,-1,-1,-1
221,4,407,1301,50,50,1,-1,-1,-1
222,2,417,768,50,50,1,-1,-1,-1
222,3,596,960,50,50,1,-1,-1,-1
222,4,453,1338,50,50,1,-1,-1,-1
223,2,410,795,50,50,1,-1,-1,-1
223,3,602,1017,50,50,1,-1,-1,-1
223,4,464,1327,50,50,1,-1,-1,-1
224,2,525,901,50,50,1,-1,-1,-1
224,3,606,1066,50,50,1,-1,-1,-1
224,4,476,1294,50,50,1,-1,-1,-1
225,2,518,860,50,50,1,-1,-1,-1
225,4,475,1198,50,50,1,-1,-1,-1
226,2,382,899,50,50,1,-1,-1,-1
226,4,477,1131,50,50,1,-1,-1,-1
227,2,373,946,50,50,1,-1,-1,-1
227,3,607,1190,50,50,1,-1,-1,-1
227,4,477,1076,50,50,1,-1,-1,-1
228,2,365,998,50,50,1,-1,-1,-1
228,3,585,1277,50,50,1,-1,-1,-1
228,4,498,765,50,50,1,-1,-1,-1
229,2,357,1056,50,50,1,-1,-1,-1
229,3,608,1303,50,50,1,-1,-1,-1
229,4,599,749,50,50,1,-1,-1,-1
230,2,349,1108,50,50,1,-1,-1,-1
230,3,600,1308,50,50,1,-1,-1,-1
230,4,607,773,50,50,1,-1,-1,-1
231,2,336,1153,50,50,1,-1,-1,-1
231,3,595,1273,50,50,1,-1,-1,-1
231,4,486,865,50,50,1,-1,-1,-1
232,2,334,1204,50,50,1,-1,-1,-1
232,3,574,1198,50,50,1,-1,-1,-1
232,4,487,826,50,50,1,-1,-1,-1
233,2,332,1253,50,50,1,-1,-1,-1
233,3,567,1134,50,50,1,-1,-1,-1
233,4,489,793,50,50,1,-1,-1,-1
234,2,353,1288,50,50,1,-1,-1,-1
234,3,563,1089,50,50,1,-1,-1,-1
234,4,491,766,50,50,1,-1,-1,-1
235,2,385,1322,50,50,1,-1,-1,-1
235,3,651,972,50,50,1,-1,-1,-1
235,4,494,744,50,50,1,-1,-1,-1
236,2,418,1347,50,50,1,-1,-1,-1
236,3,660,1027,50,50,1,-1,-1,-1
236,4,455,748,50,50,1,-1,-1,-1
237,2,451,1321,50,50,1,-1,-1,-1
237,3,674,1110,50,50,1,-1,-1,-1
237,4,523,873,50,50,1,-1,-1,-1
238,2,452,1277,50,50,1,-1,-1,-1
238,3,677,1139,50,50,1,-1,-1,-1
238,4,514,836,50,50,1,-1,-1,-1
239,2,463,1172,50,50,1,-1,-1,-1
239,3,665,1176,50,50,1,-1,-1,-1
239,4,505,804,50,50,1,-1,-1,-1
240,2,470,1111,50,50,1,-1,-1,-1
240,3,648,1225,50,50,1,-1,-1,-1
240,4,429,897,50,50,1,-1,-1,-1
241,2,475,1056,50,50,1,-1,-1,-1
241,3,620,1287,50,50,1,-1,-1,-1
241,4,501,749,50,50,1,-1,-1,-1
242,2,420,995,50,50,1,-1,-1,-1
242,3,582,1329,50,50,1,-1,-1,-1
242,4,522,750,50,50,1,-1,-1,-1
243,2,416,1052,50,50,1,-1,-1,-1
243,3,560,1329,50,50,1,-1,-1,-1
243,4,526,775,50,50,1,-1,-1,-1
244,2,415,1100,50,50,1,-1,-1,-1
244,3,535,1299,50,50,1,-1,-1,-1
244,4,494,894,50,50,1,-1,-1,-1
245,3,518,1219,50,50,1,-1,-1,-1
245,4,518,846,50,50,1,-1,-1,-1
246,3,511,1148,50,50,1,-1,-1,-1
246,4,540,880,50,50,1,-1,-1,-1
247,3,507,1093,50,50,1,-1,-1,-1
247,4,514,786,50,50,1,-1,-1,-1
248,2,436,1288,50,50,1,-1,-1,-1
248,3,496,1034,50,50,1,-1,-1,-1
248,4,521,760,50,50,1,-1,-1,-1
249,2,447,1314,50,50,1,-1,-1,-1
249,3,565,1036,50,50,1,-1,-1,-1
249,4,432,777,50,50,1,-1,-1,-1
250,2,459,1296,50,50,1,-1,-1,-1
250,3,563,1094,50,50,1,-1,-1,-1
250,4,491,923,50,50,1,-1,-1,-1
251,2,464,1217,50,50,1,-1,-1,-1
251,3,546,719,50,50,1,-1,-1,-1
251,4,487,881,50,50,1,-1,-1,-1
252,2,468,1153,50,50,1,-1,-1,-1
252,4,409,865,50,50,1,-1,-1,-1
253,2,471,1090,50,50,1,-1,-1,-1
253,4,404,907,50,50,1,-1,-1,-1
254,2,473,1036,50,50,1,-1,-1,-1
254,4,474,784,50,50,1,-1,-1,-1
255,2,390,1006,50,50,1,-1,-1,-1
255,4,469,762,50,50,1,-1,-1,-1
256,2,384,1063,50,50,1,-1,-1,-1
256,4,483,919,50,50,1,-1,-1,-1
257,2,381,1119,50,50,1,-1,-1,-1
257,4,569,1297,50,50,1,-1,-1,-1
258,2,377,1170,50,50,1,-1,-1,-1
258,4,556,1221,50,50,1,-1,-1,-1
259,2,377,1207,50,50,1,-1,-1,-1
259,4,554,1159,50,50,1,-1,-1,-1
260,2,393,1237,50,50,1,-1,-1,-1
260,4,550,1100,50,50,1,-1,-1,-1
261,2,422,1300,50,50,1,-1,-1,-1
261,4,564,1106,50,50,1,-1,-1,-1
262,2,442,1327,50,50,1,-1,-1,-1
262,4,639,939,50,50,1,-1,-1,-1
263,2,464,1325,50,50,1,-1,-1,-1
263,4,650,991,50,50,1,-1,-1,-1
264,2,473,1300,50,50,1,-1,-1,-1
264,4,660,1045,50,50,1,-1,-1,-1
265,2,478,1225,50,50,1,-1,-1,-1
265,4,668,1090,50,50,1,-1,-1,-1
266,2,483,1093,50,50,1,-1,-1,-1
266,4,665,1168,50,50,1,-1,-1,-1
267,2,486,1040,50,50,1,-1,-1,-1
267,4,650,1215,50,50,1,-1,-1,-1
268,2,426,1001,50,50,1,-1,-1,-1
268,4,649,1283,50,50,1,-1,-1,-1
269,2,424,1057,50,50,1,-1,-1,-1
269,4,617,1318,50,50,1,-1,-1,-1
270,2,424,1110,50,50,1,-1,-1,-1
270,4,600,1312,50,50,1,-1,-1,-1
271,2,428,1162,50,50,1,-1,-1,-1
271,4,587,1275,50,50,1,-1,-1,-1
272,2,588,821,50,50,1,-1,-1,-1
272,4,566,1192,50,50,1,-1,-1,-1
273,2,596,862,50,50,1,-1,-1,-1
273,4,560,1130,50,50,1,-1,-1,-1
274,2,604,907,50,50,1,-1,-1,-1
274,4,556,1087,50,50,1,-1,-1,-1
275,2,612,958,50,50,1,-1,-1,-1
275,4,458,1339,50,50,1,-1,-1,-1
276,2,621,1015,50,50,1,-1,-1,-1
276,4,469,1332,50,50,1,-1,-1,-1
277,2,628,1069,50,50,1,-1,-1,-1
277,4,470,1298,50,50,1,-1,-1,-1
278,2,631,1116,50,50,1,-1,-1,-1
278,4,478,1220,50,50,1,-1,-1,-1
279,2,424,873,50,50,1,-1,-1,-1
279,4,483,1149,50,50,1,-1,-1,-1
280,2,420,917,50,50,1,-1,-1,-1
280,4,485,1083,50,50,1,-1,-1,-1
281,2,637,1233,50,50,1,-1,-1,-1
281,4,415,967,50,50,1,-1,-1,-1
282,2,611,1298,50,50,1,-1,-1,-1
282,4,485,753,50,50,1,-1,-1,-1
283,2,597,1314,50,50,1,-1,-1,-1
283,4,582,732,50,50,1,-1,-1,-1
284,2,592,1296,50,50,1,-1,-1,-1
284,4,506,851,50,50,1,-1,-1,-1
285,2,589,1249,50,50,1,-1,-1,-1
285,4,400,1174,50,50,1,-1,-1,-1
286,2,571,1163,50,50,1,-1,-1,-1
286,4,400,1216,50,50,1,-1,-1,-1
287,2,562,1099,50,50,1,-1,-1,-1
287,4,404,1252,50,50,1,-1,-1,-1
288,2,622,910,50,50,1,-1,-1,-1
288,4,431,1315,50,50,1,-1,-1,-1
289,2,536,683,50,50,1,-1,-1,-1
289,4,452,1340,50,50,1,-1,-1,-1
290,2,433,777,50,50,1,-1,-1,-1
290,4,467,1328,50,50,1,-1,-1,-1
291,2,533,885,50,50,1,-1,-1,-1
291,4,472,1295,50,50,1,-1,-1,-1
292,2,656,1116,50,50,1,-1,-1,-1
292,4,476,1209,50,50,1,-1,-1,-1
293,2,645,1199,50,50,1,-1,-1,-1
293,4,482,1075,50,50,1,-1,-1,-1
294,2,638,1258,50,50,1,-1,-1,-1
294,4,401,957,50,50,1,-1,-1,-1
295,2,613,1309,50,50,1,-1,-1,-1
295,4,395,1011,50,50,1,-1,-1,-1
296,2,597,1325,50,50,1,-1,-1,-1
296,4,389,1070,50,50,1,-1,-1,-1
297,2,590,1313,50,50,1,-1,-1,-1
297,4,386,1122,50,50,1,-1,-1,-1
298,2,575,1272,50,50,1,-1,-1,-1
298,4,385,1169,50,50,1,-1,-1,-1
299,2,569,1180,50,50,1,-1,-1,-1
299,4,390,1210,50,50,1,-1,-1,-1
300,2,565,1112,50,50,1,-1,-1,-1
300,4,397,1248,50,50,1,-1,-1,-1
301,2,568,1063,50,50,1,-1,-1,-1
301,4,425,1305,50,50,1,-1,-1,-1
302,2,639,884,50,50,1,-1,-1,-1
302,4,442,1340,50,50,1,-1,-1,-1
303,2,648,939,50,50,1,-1,-1,-1
303,4,460,1341,50,50,1,-1,-1,-1
304,2,658,999,50,50,1,-1,-1,-1
304,4,470,1309,50,50,1,-1,-1,-1
305,2,667,1062,50,50,1,-1,-1,-1
305,4,470,1228,50,50,1,-1,-1,-1
306,2,668,1116,50,50,1,-1,-1,-1
306,4,478,1162,50,50,1,-1,-1,-1
307,2,667,1157,50,50,1,-1,-1,-1
307,4,480,1097,50,50,1,-1,-1,-1
308,2,650,1207,50,50,1,-1,-1,-1
308,4,484,1035,50,50,1,-1,-1,-1
309,2,616,1287,50,50,1,-1,-1,-1
309,4,430,1008,50,50,1,-1,-1,-1
310,2,609,1315,50,50,1,-1,-1,-1
310,4,426,1067,50,50,1,-1,-1,-1
311,2,603,1314,50,50,1,-1,-1,-1
311,4,424,1117,50,50,1,-1,-1,-1
312,2,595,1282,50,50,1,-1,-1,-1
312,4,429,1160,50,50,1,-1,-1,-1
313,2,569,1203,50,50,1,-1,-1,-1
313,4,602,726,50,50,1,-1,-1,-1
314,2,563,1136,50,50,1,-1,-1,-1
314,4,610,764,50,50,1,-1,-1,-1
315,2,556,1086,50,50,1,-1,-1,-1
315,4,619,809,50,50,1,-1,-1,-1
316,2,549,1015,50,50,1,-1,-1,-1
316,4,628,859,50,50,1,-1,-1,-1
317,2,588,1117,50,50,1,-1,-1,-1
317,4,637,915,50,50,1,-1,-1,-1
318,2,478,1338,50,50,1,-1,-1,-1
318,4,647,978,50,50,1,-1,-1,-1
319,2,488,1307,50,50,1,-1,-1,-1
319,4,657,1045,50,50,1,-1,-1,-1
320,2,498,1231,50,50,1,-1,-1,-1
320,4,662,1097,50,50,1,-1,-1,-1
321,2,507,1091,50,50,1,-1,-1,-1
321,4,660,1168,50,50,1,-1,-1,-1
322,2,466,869,50,50,1,-1,-1,-1
322,4,669,1211,50,50,1,-1,-1,-1
323,2,485,707,50,50,1,-1,-1,-1
323,4,652,1254,50,50,1,-1,-1,-1
324,2,585,705,50,50,1,-1,-1,-1
324,4,631,1293,50,50,1,-1,-1,-1
325,2,532,863,50,50,1,-1,-1,-1
325,4,619,1296,50,50,1,-1,-1,-1
326,2,461,1104,50,50,1,-1,-1,-1
326,4,611,1270,50,50,1,-1,-1,-1
327,2,608,800,50,50,1,-1,-1,-1
327,4,592,1178,50,50,1,-1,-1,-1
328,2,616,842,50,50,1,-1,-1,-1
328,4,582,1114,50,50,1,-1,-1,-1
329,2,625,890,50,50,1,-1,-1,-1
329,4,578,1063,50,50,1,-1,-1,-1
330,2,634,943,50,50,1,-1,-1,-1
330,4,570,696,50,50,1,-1,-1,-1
331,2,643,1002,50,50,1,-1,-1,-1
331,4,433,746,50,50,1,-1,-1,-1
332,2,651,1057,50,50,1,-1,-1,-1
332,4,537,884,50,50,1,-1,-1,-1
333,2,652,1104,50,50,1,-1,-1,-1
333,4,525,839,50,50,1,-1,-1,-1
334,2,505,1119,50,50,1,-1,-1,-1
334,4,416,849,50,50,1,-1,-1,-1
335,2,503,1068,50,50,1,-1,-1,-1
335,4,410,895,50,50,1,-1,-1,-1
336,2,493,740,50,50,1,-1,-1,-1
336,4,405,946,50,50,1,-1,-1,-1
337,2,483,718,50,50,1,-1,-1,-1
337,4,400,1003,50,50,1,-1,-1,-1
338,2,522,881,50,50,1,-1,-1,-1
338,4,395,1063,50,50,1,-1,-1,-1
339,2,625,1283,50,50,1,-1,-1,-1
339,4,391,1117,50,50,1,-1,-1,-1
340,2,614,1198,50,50,1,-1,-1,-1
340,4,393,1163,50,50,1,-1,-1,-1
341,2,661,770,50,50,1,-1,-1,-1
341,4,401,1208,50,50,1,-1,-1,-1
342,2,671,808,50,50,1,-1,-1,-1
342,4,411,1240,50,50,1,-1,-1,-1
343,2,591,1026,50,50,1,-1,-1,-1
343,4,436,1311,50,50,1,-1,-1,-1
344,2,691,899,50,50,1,-1,-1,-1
344,4,448,1336,50,50,1,-1,-1,-1
345,2,565,659,50,50,1,-1,-1,-1
345,4,462,1328,50,50,1,-1,-1,-1
346,2,572,648,50,50,1,-1,-1,-1
346,4,468,1293,50,50,1,-1,-1,-1
347,2,578,642,50,50,1,-1,-1,-1
347,4,475,1208,50,50,1,-1,-1,-1
348,2,586,642,50,50,1,-1,-1,-1
348,4,483,1135,50,50,1,-1,-1,-1
349,2,518,750,50,50,1,-1,-1,-1
349,4,492,1015,50,50,1,-1,-1,-1
350,2,359,947,50,50,1,-1,-1,-1
350,4,509,733,50,50,1,-1,-1,-1
351,2,351,1002,50,50,1,-1,-1,-1
351,4,613,684,50,50,1,-1,-1,-1
352,2,343,1062,50,50,1,-1,-1,-1
352,4,621,708,50,50,1,-1,-1,-1
353,2,338,1108,50,50,1,-1,-1,-1
353,4,530,800,50,50,1,-1,-1,-1
354,2,334,1152,50,50,1,-1,-1,-1
354,4,637,772,50,50,1,-1,-1,-1
355,2,342,1192,50,50,1,-1,-1,-1
355,4,646,813,50,50,1,-1,-1,-1
356,2,358,1237,50,50,1,-1,-1,-1
356,4,655,859,50,50,1,-1,-1,-1
357,2,392,1297,50,50,1,-1,-1,-1
357,4,665,910,50,50,1,-1,-1,-1
358,2,436,1326,50,50,1,-1,-1,-1
358,4,674,967,50,50,1,-1,-1,-1
359,2,468,1313,50,50,1,-1,-1,-1
359,4,684,1030,50,50,1,-1,-1,-1
360,2,491,1237,50,50,1,-1,-1,-1
360,4,692,1080,50,50,1,-1,-1,-1
361,2,481,1177,50,50,1,-1,-1,-1
361,4,700,1116,50,50,1,-1,-1,-1
362,2,487,1111,50,50,1,-1,-1,-1
362,4,696,1156,50,50,1,-1,-1,-1
363,2,489,1054,50,50,1,-1,-1,-1
363,4,691,1214,50,50,1,-1,-1,-1
364,2,405,1049,50,50,1,-1,-1,-1
364,4,671,1281,50,50,1,-1,-1,-1
365,2,400,1106,50,50,1,-1,-1,-1
365,4,648,1306,50,50,1,-1,-1,-1
366,2,396,1163,50,50,1,-1,-1,-1
366,4,642,1295,50,50,1,-1,-1,-1
367,2,384,1210,50,50,1,-1,-1,-1
367,4,638,1252,50,50,1,-1,-1,-1
368,2,382,1248,50,50,1,-1,-1,-1
368,4,619,1160,50,50,1,-1,-1,-1
369,2,399,1312,50,50,1,-1,-1,-1
369,4,608,1097,50,50,1,-1,-1,-1
370,2,416,1342,50,50,1,-1,-1,-1
370,4,598,1041,50,50,1,-1,-1,-1
371,2,441,1357,50,50,1,-1,-1,-1
371,4,707,902,50,50,1,-1,-1,-1
372,2,456,1353,50,50,1,-1,-1,-1
372,4,718,956,50,50,1,-1,-1,-1
373,2,472,1324,50,50,1,-1,-1,-1
373,4,731,1016,50,50,1,-1,-1,-1
374,2,470,1237,50,50,1,-1,-1,-1
374,4,742,1069,50,50,1,-1,-1,-1
375,2,477,1177,50,50,1,-1,-1,-1
375,4,749,1113,50,50,1,-1,-1,-1
376,2,483,1113,50,50,1,-1,-1,-1
376,4,745,1136,50,50,1,-1,-1,-1
377,2,407,1004,50,50,1,-1,-1,-1
377,4,697,1234,50,50,1,-1,-1,-1
378,2,401,1062,50,50,1,-1,-1,-1
378,4,659,1292,50,50,1,-1,-1,-1
379,2,397,1117,50,50,1,-1,-1,-1
379,4,621,1323,50,50,1,-1,-1,-1
380,2,397,1167,50,50,1,-1,-1,-1
380,4,597,1311,50,50,1,-1,-1,-1
381,2,402,1206,50,50,1,-1,-1,-1
381,4,580,1267,50,50,1,-1,-1,-1
382,2,408,1243,50,50,1,-1,-1,-1
382,4,558,1166,50,50,1,-1,-1,-1
383,2,424,1306,50,50,1,-1,-1,-1
383,4,551,1098,50,50,1,-1,-1,-1
384,2,442,1329,50,50,1,-1,-1,-1
384,4,552,1118,50,50,1,-1,-1,-1
385,2,456,1328,50,50,1,-1,-1,-1
385,4,620,973,50,50,1,-1,-1,-1
386,2,461,1301,50,50,1,-1,-1,-1
386,4,523,907,50,50,1,-1,-1,-1
387,2,467,1223,50,50,1,-1,-1,-1
387,4,515,858,50,50,1,-1,-1,-1
388,2,472,1153,50,50,1,-1,-1,-1
388,4,507,812,50,50,1,-1,-1,-1
389,2,480,1095,50,50,1,-1,-1,-1
389,4,399,900,50,50,1,-1,-1,-1
390,2,484,1040,50,50,1,-1,-1,-1
390,4,490,736,50,50,1,-1,-1,-1
391,2,382,1005,50,50,1,-1,-1,-1
391,4,482,706,50,50,1,-1,-1,-1
392,2,375,1059,50,50,1,-1,-1,-1
392,4,474,681,50,50,1,-1,-1,-1
393,2,369,1115,50,50,1,-1,-1,-1
393,4,466,662,50,50,1,-1,-1,-1
394,2,368,1160,50,50,1,-1,-1,-1
394,4,462,654,50,50,1,-1,-1,-1
395,2,359,1197,50,50,1,-1,-1,-1
395,4,454,645,50,50,1,-1,-1,-1
396,2,364,1240,50,50,1,-1,-1,-1
396,4,633,856,50,50,1,-1,-1,-1
397,2,391,1300,50,50,1,-1,-1,-1
397,4,561,1077,50,50,1,-1,-1,-1
398,2,413,1329,50,50,1,-1,-1,-1
398,4,653,952,50,50,1,-1,-1,-1
399,2,433,1345,50,50,1,-1,-1,-1
399,4,663,1008,50,50,1,-1,-1,-1
400,2,450,1330,50,50,1,-1,-1,-1
400,4,672,1064,50,50,1,-1,-1,-1
401,2,455,1331,50,50,1,-1,-1,-1
401,4,676,1114,50,50,1,-1,-1,-1
402,2,468,1205,50,50,1,-1,-1,-1
402,4,684,1145,50,50,1,-1,-1,-1
403,2,480,1131,50,50,1,-1,-1,-1
403,4,682,1181,50,50,1,-1,-1,-1
404,2,484,1067,50,50,1,-1,-1,-1
404,4,670,1221,50,50,1,-1,-1,-1
405,2,483,1003,50,50,1,-1,-1,-1
405,4,642,1290,50,50,1,-1,-1,-1
406,2,373,951,50,50,1,-1,-1,-1
406,4,624,1286,50,50,1,-1,-1,-1
407,2,367,1014,50,50,1,-1,-1,-1
407,4,601,1202,50,50,1,-1,-1,-1
408,2,364,1066,50,50,1,-1,-1,-1
408,4,591,1149,50,50,1,-1,-1,-1
409,2,360,1113,50,50,1,-1,-1,-1
409,4,582,1090,50,50,1,-1,-1,-1
410,2,365,1152,50,50,1,-1,-1,-1
410,4,683,924,50,50,1,-1,-1,-1
411,2,375,1193,50,50,1,-1,-1,-1
411,4,544,680,50,50,1,-1,-1,-1
412,2,395,1235,50,50,1,-1,-1,-1
412,4,553,657,50,50,1,-1,-1,-1
413,2,442,1301,50,50,1,-1,-1,-1
413,4,542,874,50,50,1,-1,-1,-1
414,2,457,1307,50,50,1,-1,-1,-1
414,4,729,1131,50,50,1,-1,-1,-1
415,2,470,1274,50,50,1,-1,-1,-1
415,4,731,1160,50,50,1,-1,-1,-1
416,2,475,1182,50,50,1,-1,-1,-1
416,4,712,1194,50,50,1,-1,-1,-1
417,2,481,1110,50,50,1,-1,-1,-1
417,4,683,1229,50,50,1,-1,-1,-1
418,2,484,1055,50,50,1,-1,-1,-1
418,4,643,1292,50,50,1,-1,-1,-1
419,2,408,1006,50,50,1,-1,-1,-1
419,4,629,1318,50,50,1,-1,-1,-1
420,2,403,1065,50,50,1,-1,-1,-1
420,4,614,1320,50,50,1,-1,-1,-1
421,2,401,1123,50,50,1,-1,-1,-1
421,4,605,1287,50,50,1,-1,-1,-1
422,2,398,1173,50,50,1,-1,-1,-1
422,4,588,1202,50,50,1,-1,-1,-1
423,2,405,1223,50,50,1,-1,-1,-1
423,4,578,1138,50,50,1,-1,-1,-1
424,2,413,1254,50,50,1,-1,-1,-1
424,4,573,1077,50,50,1,-1,-1,-1
425,2,443,1327,50,50,1,-1,-1,-1
425,4,570,1013,50,50,1,-1,-1,-1
426,2,454,1340,50,50,1,-1,-1,-1
426,4,688,866,50,50,1,-1,-1,-1
427,2,462,1313,50,50,1,-1,-1,-1
427,4,700,922,50,50,1,-1,-1,-1
428,2,461,1231,50,50,1,-1,-1,-1
428,4,713,985,50,50,1,-1,-1,-1
429,2,469,1166,50,50,1,-1,-1,-1
429,4,722,1043,50,50,1,-1,-1,-1
430,2,473,1099,50,50,1,-1,-1,-1
430,4,723,1077,50,50,1,-1,-1,-1
431,2,476,1038,50,50,1,-1,-1,-1
431,4,713,1116,50,50,1,-1,-1,-1
432,2,393,1048,50,50,1,-1,-1,-1
432,4,693,1159,50,50,1,-1,-1,-1
433,2,382,1170,50,50,1,-1,-1,-1
433,4,617,1288,50,50,1,-1,-1,-1
434,2,376,1222,50,50,1,-1,-1,-1
434,4,633,1298,50,50,1,-1,-1,-1
435,2,380,1255,50,50,1,-1,-1,-1
435,4,621,1270,50,50,1,-1,-1,-1
436,2,386,1313,50,50,1,-1,-1,-1
436,4,593,1187,50,50,1,-1,-1,-1
437,2,414,1339,50,50,1,-1,-1,-1
437,4,578,1119,50,50,1,-1,-1,-1
438,2,435,1356,50,50,1,-1,-1,-1
438,4,574,1065,50,50,1,-1,-1,-1
439,2,450,1359,50,50,1,-1,-1,-1
439,4,560,994,50,50,1,-1,-1,-1
440,2,457,1342,50,50,1,-1,-1,-1
440,4,677,920,50,50,1,-1,-1,-1
441,2,459,1296,50,50,1,-1,-1,-1
441,4,688,981,50,50,1,-1,-1,-1
442,2,452,1205,50,50,1,-1,-1,-1
442,4,700,1046,50,50,1,-1,-1,-1
443,2,456,1130,50,50,1,-1,-1,-1
443,4,706,1097,50,50,1,-1,-1,-1
444,2,460,1068,50,50,1,-1,-1,-1
444,4,705,1138,50,50,1,-1,-1,-1
445,2,463,1003,50,50,1,-1,-1,-1
445,4,685,1176,50,50,1,-1,-1,-1
446,2,467,941,50,50,1,-1,-1,-1
446,4,659,1212,50,50,1,-1,-1,-1
447,2,369,992,50,50,1,-1,-1,-1
447,4,624,1280,50,50,1,-1,-1,-1
448,2,364,1053,50,50,1,-1,-1,-1
448,4,599,1294,50,50,1,-1,-1,-1
449,2,360,1104,50,50,1,-1,-1,-1
449,4,589,1265,50,50,1,-1,-1,-1
450,2,358,1141,50,50,1,-1,-1,-1
450,4,567,1189,50,50,1,-1,-1,-1
451,2,360,1182,50,50,1,-1,-1,-1
451,4,561,1123,50,50,1,-1,-1,-1
452,2,376,1231,50,50,1,-1,-1,-1
452,4,557,1076,50,50,1,-1,-1,-1
453,2,409,1291,50,50,1,-1,-1,-1
453,4,636,954,50,50,1,-1,-1,-1
454,2,430,1310,50,50,1,-1,-1,-1
454,4,645,1018,50,50,1,-1,-1,-1
455,2,442,1287,50,50,1,-1,-1,-1
455,4,654,1070,50,50,1,-1,-1,-1
456,2,442,1212,50,50,1,-1,-1,-1
456,4,669,1118,50,50,1,-1,-1,-1
457,2,451,1140,50,50,1,-1,-1,-1
457,4,677,1152,50,50,1,-1,-1,-1
458,2,461,1076,50,50,1,-1,-1,-1
458,4,668,1189,50,50,1,-1,-1,-1
459,2,463,1023,50,50,1,-1,-1,-1
459,4,645,1243,50,50,1,-1,-1,-1
460,2,332,904,50,50,1,-1,-1,-1
460,4,624,1275,50,50,1,-1,-1,-1
461,2,323,962,50,50,1,-1,-1,-1
461,4,594,1310,50,50,1,-1,-1,-1
462,2,311,1072,50,50,1,-1,-1,-1
462,4,580,1279,50,50,1,-1,-1,-1
463,2,307,1099,50,50,1,-1,-1,-1
463,4,563,1197,50,50,1,-1,-1,-1
464,2,322,1137,50,50,1,-1,-1,-1
464,4,561,1134,50,50,1,-1,-1,-1
465,2,347,1185,50,50,1,-1,-1,-1
465,4,555,1082,50,50,1,-1,-1,-1
466,2,373,1235,50,50,1,-1,-1,-1
466,4,591,918,50,50,1,-1,-1,-1
467,2,599,974,50,50,1,-1,-1,-1
467,4,473,737,50,50,1,-1,-1,-1
468,2,607,1037,50,50,1,-1,-1,-1
468,4,469,761,50,50,1,-1,-1,-1
469,2,455,1317,50,50,1,-1,-1,-1
469,4,523,875,50,50,1,-1,-1,-1
470,2,475,1240,50,50,1,-1,-1,-1
470,4,616,1132,50,50,1,-1,-1,-1
471,2,479,1179,50,50,1,-1,-1,-1
471,4,460,865,50,50,1,-1,-1,-1
472,2,483,1108,50,50,1,-1,-1,-1
472,4,457,911,50,50,1,-1,-1,-1
473,2,454,962,50,50,1,-1,-1,-1
473,4,618,1306,50,50,1,-1,-1,-1
474,2,615,741,50,50,1,-1,-1,-1
474,4,616,1310,50,50,1,-1,-1,-1
475,2,626,767,50,50,1,-1,-1,-1
475,4,613,1274,50,50,1,-1,-1,-1
476,2,518,871,50,50,1,-1,-1,-1
476,4,597,1198,50,50,1,-1,-1,-1
477,2,527,824,50,50,1,-1,-1,-1
477,4,586,1130,50,50,1,-1,-1,-1
478,2,659,874,50,50,1,-1,-1,-1
478,4,579,1076,50,50,1,-1,-1,-1
479,2,545,748,50,50,1,-1,-1,-1
479,4,670,921,50,50,1,-1,-1,-1
480,2,459,773,50,50,1,-1,-1,-1
480,4,683,972,50,50,1,-1,-1,-1
481,2,551,913,50,50,1,-1,-1,-1
481,4,695,1030,50,50,1,-1,-1,-1
482,2,705,1080,50,50,1,-1,-1,-1
482,4,543,872,50,50,1,-1,-1,-1
483,2,707,1122,50,50,1,-1,-1,-1
483,4,586,664,50,50,1,-1,-1,-1
484,2,704,1151,50,50,1,-1,-1,-1
484,4,596,655,50,50,1,-1,-1,-1
485,2,699,1182,50,50,1,-1,-1,-1
485,4,518,779,50,50,1,-1,-1,-1
486,2,685,1220,50,50,1,-1,-1,-1
486,4,433,977,50,50,1,-1,-1,-1
487,2,649,1293,50,50,1,-1,-1,-1
487,4,429,1030,50,50,1,-1,-1,-1
488,2,648,1300,50,50,1,-1,-1,-1
488,4,427,1087,50,50,1,-1,-1,-1
489,2,612,1194,50,50,1,-1,-1,-1
489,4,423,1171,50,50,1,-1,-1,-1
490,2,602,1133,50,50,1,-1,-1,-1
490,4,427,1209,50,50,1,-1,-1,-1
491,2,592,1081,50,50,1,-1,-1,-1
491,4,432,1241,50,50,1,-1,-1,-1
492,2,586,1026,50,50,1,-1,-1,-1
492,4,458,1306,50,50,1,-1,-1,-1
493,2,576,968,50,50,1,-1,-1,-1
493,4,471,1328,50,50,1,-1,-1,-1
494,2,558,921,50,50,1,-1,-1,-1
494,4,484,1309,50,50,1,-1,-1,-1
495,2,547,885,50,50,1,-1,-1,-1
495,4,493,1232,50,50,1,-1,-1,-1
496,2,437,885,50,50,1,-1,-1,-1
496,4,493,1167,50,50,1,-1,-1,-1
497,2,432,929,50,50,1,-1,-1,-1
497,4,503,1099,50,50,1,-1,-1,-1
498,2,426,980,50,50,1,-1,-1,-1
498,4,514,797,50,50,1,-1,-1,-1
499,2,420,1036,50,50,1,-1,-1,-1
499,4,505,779,50,50,1,-1,-1,-1
500,2,416,1094,50,50,1,-1,-1,-1
500,4,528,913,50,50,1,-1,-1,-1
501,2,413,1143,50,50,1,-1,-1,-1
501,4,689,1202,50,50,1,-1,-1,-1
502,2,407,1179,50,50,1,-1,-1,-1
502,4,663,1272,50,50,1,-1,-1,-1
503,2,410,1213,50,50,1,-1,-1,-1
503,4,637,1272,50,50,1,-1,-1,-1
504,2,426,1250,50,50,1,-1,-1,-1
504,4,604,1203,50,50,1,-1,-1,-1
505,2,446,1303,50,50,1,-1,-1,-1
505,4,592,1146,50,50,1,-1,-1,-1
506,2,460,1328,50,50,1,-1,-1,-1
506,4,587,1087,50,50,1,-1,-1,-1
507,2,472,1335,50,50,1,-1,-1,-1
507,4,654,968,50,50,1,-1,-1,-1
508,2,481,1302,50,50,1,-1,-1,-1
508,4,664,1026,50,50,1,-1,-1,-1
509,2,481,1217,50,50,1,-1,-1,-1
509,4,671,1069,50,50,1,-1,-1,-1
510,2,484,1139,50,50,1,-1,-1,-1
510,4,678,1109,50,50,1,-1,-1,-1
511,2,487,1082,50,50,1,-1,-1,-1
511,4,686,1141,50,50,1,-1,-1,-1
512,2,388,1015,50,50,1,-1,-1,-1
512,4,673,1189,50,50,1,-1,-1,-1
513,2,380,1071,50,50,1,-1,-1,-1
513,4,661,1235,50,50,1,-1,-1,-1
514,2,373,1131,50,50,1,-1,-1,-1
514,4,656,1286,50,50,1,-1,-1,-1
515,2,366,1184,50,50,1,-1,-1,-1
515,4,646,1274,50,50,1,-1,-1,-1
516,2,363,1230,50,50,1,-1,-1,-1
516,4,629,1194,50,50,1,-1,-1,-1
517,2,376,1262,50,50,1,-1,-1,-1
517,4,617,1138,50,50,1,-1,-1,-1
518,2,407,1334,50,50,1,-1,-1,-1
518,4,599,1018,50,50,1,-1,-1,-1
519,2,427,1355,50,50,1,-1,-1,-1
519,4,589,959,50,50,1,-1,-1,-1
520,2,449,1358,50,50,1,-1,-1,-1
520,4,577,907,50,50,1,-1,-1,-1
521,2,461,1345,50,50,1,-1,-1,-1
521,4,567,861,50,50,1,-1,-1,-1
522,2,482,1299,50,50,1,-1,-1,-1
522,4,557,821,50,50,1,-1,-1,-1
523,2,477,1215,50,50,1,-1,-1,-1
523,4,547,787,50,50,1,-1,-1,-1
524,2,485,1137,50,50,1,-1,-1,-1
524,4,538,758,50,50,1,-1,-1,-1
525,2,492,1070,50,50,1,-1,-1,-1
525,4,446,771,50,50,1,-1,-1,-1
526,2,492,1018,50,50,1,-1,-1,-1
526,4,440,812,50,50,1,-1,-1,-1
527,2,597,649,50,50,1,-1,-1,-1
527,4,435,859,50,50,1,-1,-1,-1
528,2,605,670,50,50,1,-1,-1,-1
528,4,430,912,50,50,1,-1,-1,-1
529,2,614,697,50,50,1,-1,-1,-1
529,4,424,972,50,50,1,-1,-1,-1
530,2,528,802,50,50,1,-1,-1,-1
530,4,419,1034,50,50,1,-1,-1,-1
531,2,631,766,50,50,1,-1,-1,-1
531,4,415,1082,50,50,1,-1,-1,-1
532,2,641,809,50,50,1,-1,-1,-1
532,4,580,1123,50,50,1,-1,-1,-1
533,2,650,858,50,50,1,-1,-1,-1
533,4,578,1072,50,50,1,-1,-1,-1
534,2,660,913,50,50,1,-1,-1,-1
534,4,457,757,50,50,1,-1,-1,-1
535,2,670,973,50,50,1,-1,-1,-1
535,4,572,671,50,50,1,-1,-1,-1
536,2,680,1036,50,50,1,-1,-1,-1
536,4,580,660,50,50,1,-1,-1,-1
537,2,688,1081,50,50,1,-1,-1,-1
537,4,589,654,50,50,1,-1,-1,-1
538,2,693,1120,50,50,1,-1,-1,-1
538,4,429,902,50,50,1,-1,-1,-1
539,2,684,1164,50,50,1,-1,-1,-1
539,4,487,1084,50,50,1,-1,-1,-1
540,2,669,1211,50,50,1,-1,-1,-1
540,4,416,1007,50,50,1,-1,-1,-1
541,2,654,1277,50,50,1,-1,-1,-1
541,4,410,1068,50,50,1,-1,-1,-1
542,2,647,1291,50,50,1,-1,-1,-1
542,4,403,1130,50,50,1,-1,-1,-1
543,2,644,1260,50,50,1,-1,-1,-1
543,4,433,1171,50,50,1,-1,-1,-1
544,2,621,1180,50,50,1,-1,-1,-1
544,4,400,1209,50,50,1,-1,-1,-1
545,2,600,1055,50,50,1,-1,-1,-1
545,4,435,1306,50,50,1,-1,-1,-1
546,2,686,864,50,50,1,-1,-1,-1
546,4,452,1337,50,50,1,-1,-1,-1
547,2,541,643,50,50,1,-1,-1,-1
547,4,465,1350,50,50,1,-1,-1,-1
548,2,433,686,50,50,1,-1,-1,-1
548,4,475,1331,50,50,1,-1,-1,-1
549,2,424,705,50,50,1,-1,-1,-1
549,4,474,1288,50,50,1,-1,-1,-1
550,2,544,802,50,50,1,-1,-1,-1
550,4,480,1186,50,50,1,-1,-1,-1
551,2,732,1123,50,50,1,-1,-1,-1
551,4,487,1112,50,50,1,-1,-1,-1
552,2,733,1157,50,50,1,-1,-1,-1
552,4,489,1053,50,50,1,-1,-1,-1
553,2,718,1198,50,50,1,-1,-1,-1
553,4,395,848,50,50,1,-1,-1,-1
554,2,712,1237,50,50,1,-1,-1,-1
554,4,504,704,50,50,1,-1,-1,-1
555,2,662,1297,50,50,1,-1,-1,-1
555,4,599,613,50,50,1,-1,-1,-1
556,2,646,1305,50,50,1,-1,-1,-1
556,4,607,632,50,50,1,-1,-1,-1
557,2,627,1275,50,50,1,-1,-1,-1
557,4,518,770,50,50,1,-1,-1,-1
558,2,600,1196,50,50,1,-1,-1,-1
558,4,524,732,50,50,1,-1,-1,-1
559,2,589,1129,50,50,1,-1,-1,-1
559,4,633,719,50,50,1,-1,-1,-1
560,2,579,1073,50,50,1,-1,-1,-1
560,4,642,758,50,50,1,-1,-1,-1
561,2,575,1018,50,50,1,-1,-1,-1
561,4,652,802,50,50,1,-1,-1,-1
562,2,440,758,50,50,1,-1,-1,-1
562,4,661,853,50,50,1,-1,-1,-1
563,2,561,621,50,50,1,-1,-1,-1
563,4,671,909,50,50,1,-1,-1,-1
564,2,568,614,50,50,1,-1,-1,-1
564,4,682,971,50,50,1,-1,-1,-1
565,2,576,612,50,50,1,-1,-1,-1
565,4,691,1035,50,50,1,-1,-1,-1
566,2,584,616,50,50,1,-1,-1,-1
566,4,698,1087,50,50,1,-1,-1,-1
567,2,490,739,50,50,1,-1,-1,-1
567,4,702,1134,50,50,1,-1,-1,-1
568,2,474,988,50,50,1,-1,-1,-1
568,4,684,1190,50,50,1,-1,-1,-1
569,2,387,1062,50,50,1,-1,-1,-1
569,4,679,1267,50,50,1,-1,-1,-1
570,2,383,1113,50,50,1,-1,-1,-1
570,4,646,1318,50,50,1,-1,-1,-1
571,2,376,1160,50,50,1,-1,-1,-1
571,4,627,1313,50,50,1,-1,-1,-1
572,2,375,1192,50,50,1,-1,-1,-1
572,4,609,1275,50,50,1,-1,-1,-1
573,2,396,1264,50,50,1,-1,-1,-1
573,4,581,1113,50,50,1,-1,-1,-1
574,2,427,1317,50,50,1,-1,-1,-1
574,4,662,877,50,50,1,-1,-1,-1
575,2,443,1335,50,50,1,-1,-1,-1
575,4,526,653,50,50,1,-1,-1,-1
576,2,453,1317,50,50,1,-1,-1,-1
576,4,532,635,50,50,1,-1,-1,-1
577,2,434,1246,50,50,1,-1,-1,-1
577,4,539,623,50,50,1,-1,-1,-1
578,2,461,1185,50,50,1,-1,-1,-1
578,4,547,615,50,50,1,-1,-1,-1
579,2,470,1110,50,50,1,-1,-1,-1
579,4,554,612,50,50,1,-1,-1,-1
580,2,474,1051,50,50,1,-1,-1,-1
580,4,525,755,50,50,1,-1,-1,-1
581,2,669,1187,50,50,1,-1,-1,-1
581,4,337,920,50,50,1,-1,-1,-1
582,2,651,1226,50,50,1,-1,-1,-1
582,4,327,975,50,50,1,-1,-1,-1
583,2,605,1300,50,50,1,-1,-1,-1
583,4,318,1036,50,50,1,-1,-1,-1
584,2,607,1318,50,50,1,-1,-1,-1
584,4,311,1087,50,50,1,-1,-1,-1
585,2,600,1303,50,50,1,-1,-1,-1
585,4,303,1134,50,50,1,-1,-1,-1
586,2,573,1215,50,50,1,-1,-1,-1
586,4,306,1166,50,50,1,-1,-1,-1
587,2,570,1156,50,50,1,-1,-1,-1
587,4,320,1205,50,50,1,-1,-1,-1
588,2,564,1091,50,50,1,-1,-1,-1
588,4,342,1246,50,50,1,-1,-1,-1
589,2,566,1029,50,50,1,-1,-1,-1
589,4,395,1308,50,50,1,-1,-1,-1
590,2,645,910,50,50,1,-1,-1,-1
590,4,434,1336,50,50,1,-1,-1,-1
591,2,656,970,50,50,1,-1,-1,-1
591,4,463,1336,50,50,1,-1,-1,-1
592,2,666,1032,50,50,1,-1,-1,-1
592,4,483,1301,50,50,1,-1,-1,-1
593,2,673,1081,50,50,1,-1,-1,-1
593,4,484,1225,50,50,1,-1,-1,-1
594,2,676,1122,50,50,1,-1,-1,-1
594,4,491,1151,50,50,1,-1,-1,-1
595,2,669,1169,50,50,1,-1,-1,-1
595,4,493,1088,50,50,1,-1,-1,-1
596,2,669,1227,50,50,1,-1,-1,-1
596,4,431,915,50,50,1,-1,-1,-1
597,2,642,1297,50,50,1,-1,-1,-1
597,4,495,682,50,50,1,-1,-1,-1
598,2,629,1312,50,50,1,-1,-1,-1
598,4,606,680,50,50,1,-1,-1,-1
599,2,619,1291,50,50,1,-1,-1,-1
599,4,616,709,50,50,1,-1,-1,-1
600,2,612,1240,50,50,1,-1,-1,-1
600,4,518,816,50,50,1,-1,-1,-1
601,2,583,1084,50,50,1,-1,-1,-1
601,4,422,1173,50,50,1,-1,-1,-1
602,2,656,879,50,50,1,-1,-1,-1
602,4,433,1206,50,50,1,-1,-1,-1
603,2,543,698,50,50,1,-1,-1,-1
603,4,433,1214,50,50,1,-1,-1,-1
604,2,450,688,50,50,1,-1,-1,-1
604,4,430,1204,50,50,1,-1,-1,-1
605,2,443,708,50,50,1,-1,-1,-1
605,4,426,1188,50,50,1,-1,-1,-1
606,2,532,808,50,50,1,-1,-1,-1
606,4,408,1154,50,50,1,-1,-1,-1
607,2,696,1109,50,50,1,-1,-1,-1
607,4,401,1139,50,50,1,-1,-1,-1
608,2,683,1124,50,50,1,-1,-1,-1
608,4,402,1128,50,50,1,-1,-1,-1
609,2,665,1138,50,50,1,-1,-1,-1
609,4,379,1125,50,50,1,-1,-1,-1
610,2,418,905,50,50,1,-1,-1,-1
610,4,369,1120,50,50,1,-1,-1,-1
611,2,414,961,50,50,1,-1,-1,-1
611,4,361,1125,50,50,1,-1,-1,-1
612,2,602,725,50,50,1,-1,-1,-1
612,4,409,1023,50,50,1,-1,-1,-1
613,2,406,1085,50,50,1,-1,-1,-1
613,4,610,755,50,50,1,-1,-1,-1
614,2,358,1132,50,50,1,-1,-1,-1
614,4,618,790,50,50,1,-1,-1,-1
615,2,359,1141,50,50,1,-1,-1,-1
615,4,627,830,50,50,1,-1,-1,-1
616,2,363,1153,50,50,1,-1,-1,-1
616,4,636,877,50,50,1,-1,-1,-1
617,2,367,1162,50,50,1,-1,-1,-1
617,4,645,929,50,50,1,-1,-1,-1
618,2,375,1165,50,50,1,-1,-1,-1
618,4,654,987,50,50,1,-1,-1,-1
619,2,375,1169,50,50,1,-1,-1,-1
619,4,664,1052,50,50,1,-1,-1,-1
620,2,372,1172,50,50,1,-1,-1,-1
620,4,675,1097,50,50,1,-1,-1,-1
621,2,364,1175,50,50,1,-1,-1,-1
621,4,684,1127,50,50,1,-1,-1,-1
622,2,361,1173,50,50,1,-1,-1,-1
622,4,693,1133,50,50,1,-1,-1,-1
623,2,381,1160,50,50,1,-1,-1,-1
623,4,694,1141,50,50,1,-1,-1,-1
624,2,355,1169,50,50,1,-1,-1,-1
624,4,694,1148,50,50,1,-1,-1,-1
625,2,353,1167,50,50,1,-1,-1,-1
625,4,694,1152,50,50,1,-1,-1,-1
626,2,383,1070,50,50,1,-1,-1,-1
626,4,694,1156,50,50,1,-1,-1,-1
627,2,378,1129,50,50,1,-1,-1,-1
627,4,693,1159,50,50,1,-1,-1,-1
628,2,387,1148,50,50,1,-1,-1,-1
628,4,694,1159,50,50,1,-1,-1,-1
629,2,382,1159,50,50,1,-1,-1,-1
629,4,696,1159,50,50,1,-1,-1,-1
630,2,382,1163,50,50,1,-1,-1,-1
630,4,698,1158,50,50,1,-1,-1,-1
631,2,383,1164,50,50,1,-1,-1,-1
631,4,699,1157,50,50,1,-1,-1,-1
632,2,384,1166,50,50,1,-1,-1,-1
632,4,700,1156,50,50,1,-1,-1,-1
633,2,385,1166,50,50,1,-1,-1,-1
633,4,700,1156,50,50,1,-1,-1,-1
634,2,385,1166,50,50,1,-1,-1,-1
634,4,701,1155,50,50,1,-1,-1,-1
635,2,385,1167,50,50,1,-1,-1,-1
635,4,701,1156,50,50,1,-1,-1,-1
636,2,385,1167,50,50,1,-1,-1,-1
636,4,700,1156,50,50,1,-1,-1,-1
637,2,385,1168,50,50,1,-1,-1,-1
637,4,700,1157,50,50,1,-1,-1,-1
638,2,385,1169,50,50,1,-1,-1,-1
638,4,699,1158,50,50,1,-1,-1,-1
639,2,385,1172,50,50,1,-1,-1,-1
639,4,700,1159,50,50,1,-1,-1,-1
640,2,384,1176,50,50,1,-1,-1,-1
640,4,699,1164,50,50,1,-1,-1,-1
641,2,383,1182,50,50,1,-1,-1,-1
641,4,699,1166,50,50,1,-1,-1,-1
642,2,379,1188,50,50,1,-1,-1,-1
642,4,696,1177,50,50,1,-1,-1,-1
643,2,368,1204,50,50,1,-1,-1,-1
643,4,687,1199,50,50,1,-1,-1,-1
644,2,366,1225,50,50,1,-1,-1,-1
644,4,682,1230,50,50,1,-1,-1,-1
645,2,364,1252,50,50,1,-1,-1,-1
645,4,678,1265,50,50,1,-1,-1,-1
646,2,364,1287,50,50,1,-1,-1,-1
646,4,687,1313,50,50,1,-1,-1,-1
647,2,367,1326,50,50,1,-1,-1,-1
647,4,666,1362,50,50,1,-1,-1,-1
648,2,371,1364,50,50,1,-1,-1,-1
648,4,654,1392,50,50,1,-1,-1,-1
649,2,376,1396,50,50,1,-1,-1,-1
649,4,649,1417,50,50,1,-1,-1,-1
