2,1,501,1115,50,50,1,-1,-1,-1
3,1,500,1110,50,50,1,-1,-1,-1
4,1,498,1099,50,50,1,-1,-1,-1
5,1,583,1239,50,50,1,-1,-1,-1
5,2,497,1095,50,50,1,-1,-1,-1
6,2,575,1240,50,50,1,-1,-1,-1
7,2,572,1233,50,50,1,-1,-1,-1
8,2,568,1225,50,50,1,-1,-1,-1
9,2,491,1117,50,50,1,-1,-1,-1
10,2,488,1132,50,50,1,-1,-1,-1
11,2,484,1158,50,50,1,-1,-1,-1
12,2,484,1190,50,50,1,-1,-1,-1
13,2,483,1230,50,50,1,-1,-1,-1
14,2,483,1275,50,50,1,-1,-1,-1
15,2,482,1320,50,50,1,-1,-1,-1
15,3,559,1110,50,50,1,-1,-1,-1
16,2,483,1351,50,50,1,-1,-1,-1
16,3,547,1118,50,50,1,-1,-1,-1
17,2,487,1355,50,50,1,-1,-1,-1
17,3,549,1114,50,50,1,-1,-1,-1
18,2,496,1328,50,50,1,-1,-1,-1
18,3,560,1107,50,50,1,-1,-1,-1
19,2,500,1268,50,50,1,-1,-1,-1
20,2,512,1189,50,50,1,-1,-1,-1
21,2,518,1113,50,50,1,-1,-1,-1
22,2,483,1068,50,50,1,-1,-1,-1
22,3,562,1252,50,50,1,-1,-1,-1
23,2,545,964,50,50,1,-1,-1,-1
23,3,574,1326,50,50,1,-1,-1,-1
24,2,544,914,50,50,1,-1,-1,-1
24,3,566,1354,50,50,1,-1,-1,-1
25,2,547,865,50,50,1,-1,-1,-1
25,3,553,1344,50,50,1,-1,-1,-1
26,2,552,817,50,50,1,-1,-1,-1
26,3,544,1329,50,50,1,-1,-1,-1
26,4,472,1059,50,50,1,-1,-1,-1
27,2,557,774,50,50,1,-1,-1,-1
27,3,526,1275,50,50,1,-1,-1,-1
27,4,467,1114,50,50,1,-1,-1,-1
28,2,562,737,50,50,1,-1,-1,-1
28,4,460,1179,50,50,1,-1,-1,-1
29,2,567,706,50,50,1,-1,-1,-1
29,3,513,1132,50,50,1,-1,-1,-1
30,2,575,682,50,50,1,-1,-1,-1
30,3,503,1089,50,50,1,-1,-1,-1
30,4,473,1303,50,50,1,-1,-1,-1
31,2,581,663,50,50,1,-1,-1,-1
31,3,490,1024,50,50,1,-1,-1,-1
31,4,478,1333,50,50,1,-1,-1,-1
32,2,586,647,50,50,1,-1,-1,-1
32,3,484,958,50,50,1,-1,-1,-1
32,4,498,1310,50,50,1,-1,-1,-1
33,2,592,637,50,50,1,-1,-1,-1
33,3,487,914,50,50,1,-1,-1,-1
33,4,508,1255,50,50,1,-1,-1,-1
34,2,598,631,50,50,1,-1,-1,-1
34,3,482,873,50,50,1,-1,-1,-1
34,4,510,1186,50,50,1,-1,-1,-1
35,2,604,631,50,50,1,-1,-1,-1
35,3,477,836,50,50,1,-1,-1,-1
35,4,517,1114,50,50,1,-1,-1,-1
36,2,611,636,50,50,1,-1,-1,-1
36,3,472,806,50,50,1,-1,-1,-1
36,4,510,1076,50,50,1,-1,-1,-1
37,2,617,645,50,50,1,-1,-1,-1
37,3,467,780,50,50,1,-1,-1,-1
37,4,529,992,50,50,1,-1,-1,-1
37,5,589,1337,50,50,1,-1,-1,-1
38,2,624,658,50,50,1,-1,-1,-1
38,3,464,764,50,50,1,-1,-1,-1
38,4,533,921,50,50,1,-1,-1,-1
38,5,592,1341,50,50,1,-1,-1,-1
39,2,629,673,50,50,1,-1,-1,-1
39,4,537,880,50,50,1,-1,-1,-1
39,5,588,1318,50,50,1,-1,-1,-1
40,2,636,697,50,50,1,-1,-1,-1
40,4,544,833,50,50,1,-1,-1,-1
40,5,577,1228,50,50,1,-1,-1,-1
41,2,651,760,50,50,1,-1,-1,-1
41,5,566,1107,50,50,1,-1,-1,-1
42,2,659,800,50,50,1,-1,-1,-1
42,4,505,1290,50,50,1,-1,-1,-1
42,5,567,1058,50,50,1,-1,-1,-1
43,2,667,844,50,50,1,-1,-1,-1
43,3,572,703,50,50,1,-1,-1,-1
43,4,502,1338,50,50,1,-1,-1,-1
43,5,551,988,50,50,1,-1,-1,-1
44,2,676,894,50,50,1,-1,-1,-1
44,3,579,684,50,50,1,-1,-1,-1
44,4,506,1337,50,50,1,-1,-1,-1
44,5,436,768,50,50,1,-1,-1,-1
45,2,684,949,50,50,1,-1,-1,-1
45,3,586,671,50,50,1,-1,-1,-1
45,4,517,1295,50,50,1,-1,-1,-1
45,5,539,877,50,50,1,-1,-1,-1
46,2,693,1010,50,50,1,-1,-1,-1
46,3,593,662,50,50,1,-1,-1,-1
46,4,515,1231,50,50,1,-1,-1,-1
46,5,532,832,50,50,1,-1,-1,-1
47,2,702,1059,50,50,1,-1,-1,-1
47,4,520,1160,50,50,1,-1,-1,-1
47,5,526,793,50,50,1,-1,-1,-1
48,2,707,1092,50,50,1,-1,-1,-1
48,4,520,1097,50,50,1,-1,-1,-1
48,5,420,877,50,50,1,-1,-1,-1
49,2,700,1125,50,50,1,-1,-1,-1
49,3,514,731,50,50,1,-1,-1,-1
49,4,418,918,50,50,1,-1,-1,-1
50,2,691,1169,50,50,1,-1,-1,-1
50,3,509,707,50,50,1,-1,-1,-1
50,4,415,965,50,50,1,-1,-1,-1
51,2,685,1225,50,50,1,-1,-1,-1
51,3,630,686,50,50,1,-1,-1,-1
51,4,412,1017,50,50,1,-1,-1,-1
52,2,647,1292,50,50,1,-1,-1,-1
52,3,638,706,50,50,1,-1,-1,-1
52,4,410,1072,50,50,1,-1,-1,-1
52,5,538,872,50,50,1,-1,-1,-1
53,2,638,1303,50,50,1,-1,-1,-1
53,3,496,674,50,50,1,-1,-1,-1
53,4,410,1116,50,50,1,-1,-1,-1
53,5,544,829,50,50,1,-1,-1,-1
54,2,631,1282,50,50,1,-1,-1,-1
54,4,413,1160,50,50,1,-1,-1,-1
54,5,656,762,50,50,1,-1,-1,-1
55,2,614,1201,50,50,1,-1,-1,-1
55,4,411,1190,50,50,1,-1,-1,-1
55,5,665,798,50,50,1,-1,-1,-1
56,2,607,1141,50,50,1,-1,-1,-1
56,4,419,1227,50,50,1,-1,-1,-1
56,5,674,839,50,50,1,-1,-1,-1
57,2,598,1082,50,50,1,-1,-1,-1
57,4,565,710,50,50,1,-1,-1,-1
57,5,684,885,50,50,1,-1,-1,-1
58,2,469,1322,50,50,1,-1,-1,-1
58,4,473,710,50,50,1,-1,-1,-1
58,5,694,937,50,50,1,-1,-1,-1
59,2,491,1328,50,50,1,-1,-1,-1
59,4,466,730,50,50,1,-1,-1,-1
59,5,704,994,50,50,1,-1,-1,-1
60,2,509,1301,50,50,1,-1,-1,-1
60,3,566,909,50,50,1,-1,-1,-1
60,4,462,758,50,50,1,-1,-1,-1
60,5,715,1045,50,50,1,-1,-1,-1
61,2,522,1232,50,50,1,-1,-1,-1
61,3,556,865,50,50,1,-1,-1,-1
61,4,591,679,50,50,1,-1,-1,-1
61,5,727,1086,50,50,1,-1,-1,-1
62,2,524,1163,50,50,1,-1,-1,-1
62,4,455,831,50,50,1,-1,-1,-1
62,5,737,1112,50,50,1,-1,-1,-1
63,2,525,1099,50,50,1,-1,-1,-1
63,4,452,875,50,50,1,-1,-1,-1
63,5,727,1136,50,50,1,-1,-1,-1
64,2,515,1073,50,50,1,-1,-1,-1
64,4,448,925,50,50,1,-1,-1,-1
64,5,712,1172,50,50,1,-1,-1,-1
65,2,516,735,50,50,1,-1,-1,-1
65,4,445,980,50,50,1,-1,-1,-1
65,5,693,1216,50,50,1,-1,-1,-1
66,2,623,740,50,50,1,-1,-1,-1
66,4,442,1040,50,50,1,-1,-1,-1
66,5,668,1263,50,50,1,-1,-1,-1
67,2,540,882,50,50,1,-1,-1,-1
67,4,441,1092,50,50,1,-1,-1,-1
67,5,645,1286,50,50,1,-1,-1,-1
68,2,545,839,50,50,1,-1,-1,-1
68,4,436,1129,50,50,1,-1,-1,-1
68,5,629,1275,50,50,1,-1,-1,-1
69,2,654,885,50,50,1,-1,-1,-1
69,4,441,1215,50,50,1,-1,-1,-1
69,5,596,1141,50,50,1,-1,-1,-1
70,2,588,1088,50,50,1,-1,-1,-1
70,4,561,746,50,50,1,-1,-1,-1
70,5,663,933,50,50,1,-1,-1,-1
71,2,477,1325,50,50,1,-1,-1,-1
71,4,671,988,50,50,1,-1,-1,-1
71,5,567,725,50,50,1,-1,-1,-1
72,2,488,1335,50,50,1,-1,-1,-1
72,4,680,1045,50,50,1,-1,-1,-1
72,5,448,729,50,50,1,-1,-1,-1
73,2,498,1299,50,50,1,-1,-1,-1
73,4,691,1086,50,50,1,-1,-1,-1
73,5,441,751,50,50,1,-1,-1,-1
74,2,506,1219,50,50,1,-1,-1,-1
74,4,706,1116,50,50,1,-1,-1,-1
74,5,583,693,50,50,1,-1,-1,-1
75,2,505,1147,50,50,1,-1,-1,-1
75,4,704,1139,50,50,1,-1,-1,-1
75,5,538,835,50,50,1,-1,-1,-1
76,2,506,1083,50,50,1,-1,-1,-1
76,4,697,1164,50,50,1,-1,-1,-1
76,5,414,846,50,50,1,-1,-1,-1
77,2,503,1037,50,50,1,-1,-1,-1
77,4,675,1193,50,50,1,-1,-1,-1
77,5,407,891,50,50,1,-1,-1,-1
78,2,509,750,50,50,1,-1,-1,-1
78,4,652,1232,50,50,1,-1,-1,-1
78,5,399,941,50,50,1,-1,-1,-1
79,2,612,732,50,50,1,-1,-1,-1
79,4,630,1270,50,50,1,-1,-1,-1
79,5,391,997,50,50,1,-1,-1,-1
80,2,524,860,50,50,1,-1,-1,-1
80,4,613,1286,50,50,1,-1,-1,-1
80,5,384,1055,50,50,1,-1,-1,-1
81,2,528,816,50,50,1,-1,-1,-1
81,4,607,1263,50,50,1,-1,-1,-1
81,5,381,1101,50,50,1,-1,-1,-1
82,2,633,819,50,50,1,-1,-1,-1
82,4,590,1189,50,50,1,-1,-1,-1
82,5,380,1147,50,50,1,-1,-1,-1
83,2,641,859,50,50,1,-1,-1,-1
83,4,579,1124,50,50,1,-1,-1,-1
83,5,386,1192,50,50,1,-1,-1,-1
84,2,648,903,50,50,1,-1,-1,-1
84,4,576,1075,50,50,1,-1,-1,-1
84,5,404,1236,50,50,1,-1,-1,-1
85,2,657,954,50,50,1,-1,-1,-1
85,4,550,699,50,50,1,-1,-1,-1
85,5,420,1300,50,50,1,-1,-1,-1
86,2,665,1010,50,50,1,-1,-1,-1
86,4,442,753,50,50,1,-1,-1,-1
86,5,461,1335,50,50,1,-1,-1,-1
87,2,673,1057,50,50,1,-1,-1,-1
87,4,437,779,50,50,1,-1,-1,-1
87,5,475,1322,50,50,1,-1,-1,-1
88,2,682,1096,50,50,1,-1,-1,-1
88,4,536,866,50,50,1,-1,-1,-1
88,5,478,1288,50,50,1,-1,-1,-1
89,2,688,1129,50,50,1,-1,-1,-1
89,4,419,841,50,50,1,-1,-1,-1
89,5,483,1195,50,50,1,-1,-1,-1
90,2,680,1165,50,50,1,-1,-1,-1
90,4,412,882,50,50,1,-1,-1,-1
90,5,486,1123,50,50,1,-1,-1,-1
91,2,668,1206,50,50,1,-1,-1,-1
91,4,404,929,50,50,1,-1,-1,-1
91,5,487,1067,50,50,1,-1,-1,-1
92,2,652,1268,50,50,1,-1,-1,-1
92,4,397,981,50,50,1,-1,-1,-1
92,5,503,753,50,50,1,-1,-1,-1
93,2,618,1308,50,50,1,-1,-1,-1
93,4,389,1037,50,50,1,-1,-1,-1
93,5,594,700,50,50,1,-1,-1,-1
94,2,600,1314,50,50,1,-1,-1,-1
94,4,385,1088,50,50,1,-1,-1,-1
94,5,600,723,50,50,1,-1,-1,-1
95,2,589,1291,50,50,1,-1,-1,-1
95,4,380,1136,50,50,1,-1,-1,-1
95,5,503,838,50,50,1,-1,-1,-1
96,2,567,1199,50,50,1,-1,-1,-1
96,4,378,1167,50,50,1,-1,-1,-1
96,5,507,795,50,50,1,-1,-1,-1
97,2,559,1088,50,50,1,-1,-1,-1
97,4,397,1238,50,50,1,-1,-1,-1
97,5,516,727,50,50,1,-1,-1,-1
98,2,638,918,50,50,1,-1,-1,-1
98,4,423,1299,50,50,1,-1,-1,-1
98,5,521,701,50,50,1,-1,-1,-1
99,2,646,974,50,50,1,-1,-1,-1
99,4,438,1330,50,50,1,-1,-1,-1
99,5,529,683,50,50,1,-1,-1,-1
100,2,655,1036,50,50,1,-1,-1,-1
100,4,447,1325,50,50,1,-1,-1,-1
100,5,536,903,50,50,1,-1,-1,-1
101,2,661,1084,50,50,1,-1,-1,-1
101,4,448,1289,50,50,1,-1,-1,-1
101,5,530,858,50,50,1,-1,-1,-1
102,2,667,1122,50,50,1,-1,-1,-1
102,4,448,1207,50,50,1,-1,-1,-1
102,5,545,653,50,50,1,-1,-1,-1
103,2,664,1159,50,50,1,-1,-1,-1
103,4,456,1141,50,50,1,-1,-1,-1
103,5,426,905,50,50,1,-1,-1,-1
104,2,647,1208,50,50,1,-1,-1,-1
104,4,463,1084,50,50,1,-1,-1,-1
104,5,512,754,50,50,1,-1,-1,-1
105,2,630,1284,50,50,1,-1,-1,-1
105,4,470,1022,50,50,1,-1,-1,-1
105,5,506,730,50,50,1,-1,-1,-1
106,2,608,1311,50,50,1,-1,-1,-1
106,4,477,967,50,50,1,-1,-1,-1
106,5,565,678,50,50,1,-1,-1,-1
107,2,590,1308,50,50,1,-1,-1,-1
107,4,485,916,50,50,1,-1,-1,-1
107,5,571,698,50,50,1,-1,-1,-1
108,2,570,1281,50,50,1,-1,-1,-1
108,4,493,872,50,50,1,-1,-1,-1
108,5,578,723,50,50,1,-1,-1,-1
109,2,554,1198,50,50,1,-1,-1,-1
109,4,501,833,50,50,1,-1,-1,-1
110,2,546,1136,50,50,1,-1,-1,-1
110,5,592,790,50,50,1,-1,-1,-1
111,2,538,1091,50,50,1,-1,-1,-1
111,4,406,1244,50,50,1,-1,-1,-1
111,5,600,832,50,50,1,-1,-1,-1
112,4,433,1301,50,50,1,-1,-1,-1
112,5,607,879,50,50,1,-1,-1,-1
113,2,471,729,50,50,1,-1,-1,-1
113,4,442,1336,50,50,1,-1,-1,-1
113,5,615,932,50,50,1,-1,-1,-1
114,2,464,748,50,50,1,-1,-1,-1
114,4,465,1345,50,50,1,-1,-1,-1
114,5,623,991,50,50,1,-1,-1,-1
115,2,524,865,50,50,1,-1,-1,-1
115,4,477,1327,50,50,1,-1,-1,-1
115,5,631,1053,50,50,1,-1,-1,-1
116,2,520,826,50,50,1,-1,-1,-1
116,4,500,1249,50,50,1,-1,-1,-1
116,5,634,1102,50,50,1,-1,-1,-1
117,2,516,793,50,50,1,-1,-1,-1
117,4,499,1182,50,50,1,-1,-1,-1
118,2,450,892,50,50,1,-1,-1,-1
118,4,502,1114,50,50,1,-1,-1,-1
119,2,508,742,50,50,1,-1,-1,-1
119,4,446,941,50,50,1,-1,-1,-1
119,5,638,1221,50,50,1,-1,-1,-1
120,2,444,996,50,50,1,-1,-1,-1
120,4,596,746,50,50,1,-1,-1,-1
120,5,632,1281,50,50,1,-1,-1,-1
121,2,440,1056,50,50,1,-1,-1,-1
121,4,606,768,50,50,1,-1,-1,-1
121,5,619,1294,50,50,1,-1,-1,-1
122,2,440,1103,50,50,1,-1,-1,-1
122,4,522,883,50,50,1,-1,-1,-1
122,5,617,1267,50,50,1,-1,-1,-1
123,2,438,1148,50,50,1,-1,-1,-1
123,4,527,837,50,50,1,-1,-1,-1
123,5,597,1193,50,50,1,-1,-1,-1
124,2,437,1193,50,50,1,-1,-1,-1
124,4,637,865,50,50,1,-1,-1,-1
124,5,591,1131,50,50,1,-1,-1,-1
125,2,463,1305,50,50,1,-1,-1,-1
125,4,658,955,50,50,1,-1,-1,-1
125,5,544,732,50,50,1,-1,-1,-1
126,2,480,1340,50,50,1,-1,-1,-1
126,4,670,1009,50,50,1,-1,-1,-1
126,5,550,707,50,50,1,-1,-1,-1
127,2,494,1339,50,50,1,-1,-1,-1
127,4,680,1061,50,50,1,-1,-1,-1
127,5,552,911,50,50,1,-1,-1,-1
128,2,503,1309,50,50,1,-1,-1,-1
128,4,691,1097,50,50,1,-1,-1,-1
128,5,543,871,50,50,1,-1,-1,-1
129,2,511,1223,50,50,1,-1,-1,-1
129,4,715,1140,50,50,1,-1,-1,-1
129,5,572,670,50,50,1,-1,-1,-1
130,2,515,1154,50,50,1,-1,-1,-1
130,4,702,1167,50,50,1,-1,-1,-1
130,5,478,878,50,50,1,-1,-1,-1
131,2,515,1094,50,50,1,-1,-1,-1
131,4,693,1207,50,50,1,-1,-1,-1
131,5,477,923,50,50,1,-1,-1,-1
132,2,475,974,50,50,1,-1,-1,-1
132,4,674,1266,50,50,1,-1,-1,-1
132,5,508,754,50,50,1,-1,-1,-1
133,2,473,1031,50,50,1,-1,-1,-1
133,4,650,1303,50,50,1,-1,-1,-1
133,5,600,682,50,50,1,-1,-1,-1
134,2,475,1083,50,50,1,-1,-1,-1
134,4,636,1307,50,50,1,-1,-1,-1
134,5,605,694,50,50,1,-1,-1,-1
135,2,476,1125,50,50,1,-1,-1,-1
135,4,625,1282,50,50,1,-1,-1,-1
135,5,613,715,50,50,1,-1,-1,-1
136,2,468,1163,50,50,1,-1,-1,-1
136,5,536,821,50,50,1,-1,-1,-1
137,4,599,1138,50,50,1,-1,-1,-1
137,5,541,783,50,50,1,-1,-1,-1
138,2,484,1254,50,50,1,-1,-1,-1
138,4,591,1081,50,50,1,-1,-1,-1
138,5,637,808,50,50,1,-1,-1,-1
139,2,485,1313,50,50,1,-1,-1,-1
139,4,588,1028,50,50,1,-1,-1,-1
139,5,646,850,50,50,1,-1,-1,-1
140,2,494,1325,50,50,1,-1,-1,-1
140,4,451,775,50,50,1,-1,-1,-1
140,5,655,897,50,50,1,-1,-1,-1
141,2,514,1281,50,50,1,-1,-1,-1
141,4,563,691,50,50,1,-1,-1,-1
141,5,664,950,50,50,1,-1,-1,-1
142,2,501,1226,50,50,1,-1,-1,-1
142,4,568,678,50,50,1,-1,-1,-1
142,5,673,1005,50,50,1,-1,-1,-1
143,2,504,1157,50,50,1,-1,-1,-1
143,4,575,671,50,50,1,-1,-1,-1
143,5,673,1050,50,50,1,-1,-1,-1
144,2,506,1097,50,50,1,-1,-1,-1
144,4,422,906,50,50,1,-1,-1,-1
145,2,415,953,50,50,1,-1,-1,-1
145,4,530,785,50,50,1,-1,-1,-1
145,5,673,1109,50,50,1,-1,-1,-1
146,2,522,765,50,50,1,-1,-1,-1
146,4,409,1006,50,50,1,-1,-1,-1
146,5,650,1166,50,50,1,-1,-1,-1
147,2,595,692,50,50,1,-1,-1,-1
147,4,403,1064,50,50,1,-1,-1,-1
147,5,634,1219,50,50,1,-1,-1,-1
148,2,602,710,50,50,1,-1,-1,-1
148,4,398,1120,50,50,1,-1,-1,-1
148,5,623,1283,50,50,1,-1,-1,-1
149,2,525,832,50,50,1,-1,-1,-1
149,4,393,1172,50,50,1,-1,-1,-1
149,5,604,1298,50,50,1,-1,-1,-1
150,2,529,795,50,50,1,-1,-1,-1
150,4,391,1209,50,50,1,-1,-1,-1
150,5,591,1279,50,50,1,-1,-1,-1
151,2,623,797,50,50,1,-1,-1,-1
151,4,384,1243,50,50,1,-1,-1,-1
151,5,584,1194,50,50,1,-1,-1,-1
152,2,630,836,50,50,1,-1,-1,-1
152,4,414,1311,50,50,1,-1,-1,-1
152,5,577,1133,50,50,1,-1,-1,-1
153,2,638,881,50,50,1,-1,-1,-1
153,4,429,1339,50,50,1,-1,-1,-1
153,5,573,1080,50,50,1,-1,-1,-1
154,2,654,987,50,50,1,-1,-1,-1
154,4,472,1338,50,50,1,-1,-1,-1
154,5,461,813,50,50,1,-1,-1,-1
155,2,662,1040,50,50,1,-1,-1,-1
155,4,477,1300,50,50,1,-1,-1,-1
155,5,562,685,50,50,1,-1,-1,-1
156,2,657,1091,50,50,1,-1,-1,-1
156,4,484,1212,50,50,1,-1,-1,-1
156,5,568,684,50,50,1,-1,-1,-1
157,2,667,1118,50,50,1,-1,-1,-1
157,4,488,1138,50,50,1,-1,-1,-1
157,5,444,921,50,50,1,-1,-1,-1
158,2,664,1158,50,50,1,-1,-1,-1
158,4,489,1080,50,50,1,-1,-1,-1
158,5,516,793,50,50,1,-1,-1,-1
159,2,647,1205,50,50,1,-1,-1,-1
159,4,432,1021,50,50,1,-1,-1,-1
159,5,507,766,50,50,1,-1,-1,-1
160,2,620,1278,50,50,1,-1,-1,-1
160,4,428,1079,50,50,1,-1,-1,-1
160,5,589,726,50,50,1,-1,-1,-1
161,2,614,1304,50,50,1,-1,-1,-1
161,4,424,1129,50,50,1,-1,-1,-1
161,5,596,751,50,50,1,-1,-1,-1
162,2,602,1305,50,50,1,-1,-1,-1
162,4,417,1175,50,50,1,-1,-1,-1
162,5,502,848,50,50,1,-1,-1,-1
163,2,598,1267,50,50,1,-1,-1,-1
163,4,415,1212,50,50,1,-1,-1,-1
163,5,506,805,50,50,1,-1,-1,-1
164,2,580,1188,50,50,1,-1,-1,-1
164,4,427,1243,50,50,1,-1,-1,-1
164,5,617,856,50,50,1,-1,-1,-1
165,2,573,1120,50,50,1,-1,-1,-1
165,4,437,1306,50,50,1,-1,-1,-1
165,5,625,902,50,50,1,-1,-1,-1
166,2,517,708,50,50,1,-1,-1,-1
166,4,446,1343,50,50,1,-1,-1,-1
166,5,633,955,50,50,1,-1,-1,-1
167,2,524,689,50,50,1,-1,-1,-1
167,4,458,1363,50,50,1,-1,-1,-1
167,5,642,1013,50,50,1,-1,-1,-1
168,2,552,928,50,50,1,-1,-1,-1
168,4,464,1360,50,50,1,-1,-1,-1
168,5,648,1070,50,50,1,-1,-1,-1
169,2,542,889,50,50,1,-1,-1,-1
169,4,470,1333,50,50,1,-1,-1,-1
169,5,654,1122,50,50,1,-1,-1,-1
170,2,537,655,50,50,1,-1,-1,-1
170,4,449,1237,50,50,1,-1,-1,-1
170,5,659,1153,50,50,1,-1,-1,-1
171,2,527,802,50,50,1,-1,-1,-1
171,4,470,1183,50,50,1,-1,-1,-1
171,5,661,1181,50,50,1,-1,-1,-1
172,2,419,888,50,50,1,-1,-1,-1
172,4,475,1114,50,50,1,-1,-1,-1
172,5,650,1221,50,50,1,-1,-1,-1
173,2,512,738,50,50,1,-1,-1,-1
173,4,477,1053,50,50,1,-1,-1,-1
173,5,630,1291,50,50,1,-1,-1,-1
174,2,505,715,50,50,1,-1,-1,-1
174,4,479,986,50,50,1,-1,-1,-1
174,5,602,1329,50,50,1,-1,-1,-1
175,2,560,693,50,50,1,-1,-1,-1
175,4,402,1040,50,50,1,-1,-1,-1
175,5,593,1341,50,50,1,-1,-1,-1
176,2,565,717,50,50,1,-1,-1,-1
176,4,396,1102,50,50,1,-1,-1,-1
176,5,585,1334,50,50,1,-1,-1,-1
177,2,493,829,50,50,1,-1,-1,-1
177,4,393,1154,50,50,1,-1,-1,-1
177,5,574,1301,50,50,1,-1,-1,-1
178,2,497,788,50,50,1,-1,-1,-1
178,4,388,1198,50,50,1,-1,-1,-1
178,5,558,1213,50,50,1,-1,-1,-1
179,2,584,820,50,50,1,-1,-1,-1
179,4,383,1232,50,50,1,-1,-1,-1
179,5,561,1149,50,50,1,-1,-1,-1
180,2,590,865,50,50,1,-1,-1,-1
180,4,407,1301,50,50,1,-1,-1,-1
180,5,555,1097,50,50,1,-1,-1,-1
181,2,604,972,50,50,1,-1,-1,-1
181,4,446,1349,50,50,1,-1,-1,-1
181,5,518,681,50,50,1,-1,-1,-1
182,2,612,1034,50,50,1,-1,-1,-1
182,4,463,1341,50,50,1,-1,-1,-1
182,5,451,730,50,50,1,-1,-1,-1
183,2,616,1082,50,50,1,-1,-1,-1
183,4,475,1306,50,50,1,-1,-1,-1
183,5,530,883,50,50,1,-1,-1,-1
184,2,625,1125,50,50,1,-1,-1,-1
184,4,478,1224,50,50,1,-1,-1,-1
184,5,525,844,50,50,1,-1,-1,-1
185,4,484,1159,50,50,1,-1,-1,-1
185,5,435,828,50,50,1,-1,-1,-1
186,2,617,1211,50,50,1,-1,-1,-1
186,4,490,1096,50,50,1,-1,-1,-1
186,5,430,872,50,50,1,-1,-1,-1
187,2,616,1282,50,50,1,-1,-1,-1
187,4,509,762,50,50,1,-1,-1,-1
187,5,425,921,50,50,1,-1,-1,-1
188,2,603,1328,50,50,1,-1,-1,-1
188,4,505,746,50,50,1,-1,-1,-1
188,5,421,976,50,50,1,-1,-1,-1
189,2,599,1336,50,50,1,-1,-1,-1
189,4,560,700,50,50,1,-1,-1,-1
189,5,416,1037,50,50,1,-1,-1,-1
190,2,592,1318,50,50,1,-1,-1,-1
190,4,513,877,50,50,1,-1,-1,-1
190,5,413,1090,50,50,1,-1,-1,-1
191,2,583,1268,50,50,1,-1,-1,-1
191,4,519,835,50,50,1,-1,-1,-1
191,5,408,1140,50,50,1,-1,-1,-1
192,2,567,1175,50,50,1,-1,-1,-1
192,4,579,792,50,50,1,-1,-1,-1
193,2,561,1110,50,50,1,-1,-1,-1
193,4,586,833,50,50,1,-1,-1,-1
193,5,418,1227,50,50,1,-1,-1,-1
194,2,558,1077,50,50,1,-1,-1,-1
194,4,594,880,50,50,1,-1,-1,-1
194,5,442,1303,50,50,1,-1,-1,-1
195,2,556,1101,50,50,1,-1,-1,-1
195,4,601,932,50,50,1,-1,-1,-1
195,5,472,1337,50,50,1,-1,-1,-1
196,2,476,801,50,50,1,-1,-1,-1
196,4,609,990,50,50,1,-1,-1,-1
196,5,490,1340,50,50,1,-1,-1,-1
197,2,524,890,50,50,1,-1,-1,-1
197,4,616,1052,50,50,1,-1,-1,-1
197,5,505,1306,50,50,1,-1,-1,-1
198,2,515,848,50,50,1,-1,-1,-1
198,4,621,1102,50,50,1,-1,-1,-1
198,5,505,1223,50,50,1,-1,-1,-1
199,2,464,905,50,50,1,-1,-1,-1
199,5,509,1156,50,50,1,-1,-1,-1
200,2,499,780,50,50,1,-1,-1,-1
200,5,509,1096,50,50,1,-1,-1,-1
201,2,490,755,50,50,1,-1,-1,-1
201,4,629,1272,50,50,1,-1,-1,-1
201,5,459,1002,50,50,1,-1,-1,-1
202,2,483,735,50,50,1,-1,-1,-1
202,4,629,1315,50,50,1,-1,-1,-1
202,5,457,1061,50,50,1,-1,-1,-1
203,2,609,742,50,50,1,-1,-1,-1
203,4,626,1317,50,50,1,-1,-1,-1
203,5,456,1113,50,50,1,-1,-1,-1
204,2,518,870,50,50,1,-1,-1,-1
204,4,619,1290,50,50,1,-1,-1,-1
204,5,453,1162,50,50,1,-1,-1,-1
205,2,520,828,50,50,1,-1,-1,-1
205,5,452,1206,50,50,1,-1,-1,-1
206,2,637,833,50,50,1,-1,-1,-1
206,4,591,1141,50,50,1,-1,-1,-1
206,5,454,1243,50,50,1,-1,-1,-1
207,2,646,873,50,50,1,-1,-1,-1
207,4,583,1086,50,50,1,-1,-1,-1
207,5,470,1310,50,50,1,-1,-1,-1
208,2,656,920,50,50,1,-1,-1,-1
208,4,529,735,50,50,1,-1,-1,-1
208,5,477,1342,50,50,1,-1,-1,-1
209,2,666,972,50,50,1,-1,-1,-1
209,4,435,742,50,50,1,-1,-1,-1
209,5,481,1343,50,50,1,-1,-1,-1
210,2,685,1083,50,50,1,-1,-1,-1
210,4,535,875,50,50,1,-1,-1,-1
210,5,471,1230,50,50,1,-1,-1,-1
211,2,683,1129,50,50,1,-1,-1,-1
211,4,524,836,50,50,1,-1,-1,-1
211,5,486,1174,50,50,1,-1,-1,-1
212,2,685,1161,50,50,1,-1,-1,-1
212,4,407,854,50,50,1,-1,-1,-1
212,5,491,1108,50,50,1,-1,-1,-1
213,2,667,1207,50,50,1,-1,-1,-1
213,4,403,897,50,50,1,-1,-1,-1
213,5,494,1056,50,50,1,-1,-1,-1
214,4,395,944,50,50,1,-1,-1,-1
214,5,492,755,50,50,1,-1,-1,-1
215,2,612,1317,50,50,1,-1,-1,-1
215,4,389,997,50,50,1,-1,-1,-1
215,5,484,742,50,50,1,-1,-1,-1
216,2,602,1329,50,50,1,-1,-1,-1
216,4,384,1054,50,50,1,-1,-1,-1
216,5,512,891,50,50,1,-1,-1,-1
217,2,589,1309,50,50,1,-1,-1,-1
217,4,380,1104,50,50,1,-1,-1,-1
217,5,518,848,50,50,1,-1,-1,-1
218,2,555,1249,50,50,1,-1,-1,-1
218,4,373,1147,50,50,1,-1,-1,-1
218,5,523,812,50,50,1,-1,-1,-1
219,2,562,1187,50,50,1,-1,-1,-1
219,4,377,1192,50,50,1,-1,-1,-1
219,5,579,823,50,50,1,-1,-1,-1
220,2,554,1122,50,50,1,-1,-1,-1
220,4,381,1251,50,50,1,-1,-1,-1
220,5,584,863,50,50,1,-1,-1,-1
221,2,550,1084,50,50,1,-1,-1,-1
221,4,407,1301,50,50,1,-1,-1,-1
221,5,590,909,50,50,1,-1,-1,-1
222,2,417,768,50,50,1,-1,-1,-1
222,4,453,1338,50,50,1,-1,-1,-1
222,5,596,960,50,50,1,-1,-1,-1
223,2,410,795,50,50,1,-1,-1,-1
223,4,464,1327,50,50,1,-1,-1,-1
223,5,602,1017,50,50,1,-1,-1,-1
224,2,525,901,50,50,1,-1,-1,-1
224,4,476,1294,50,50,1,-1,-1,-1
224,5,606,1066,50,50,1,-1,-1,-1
225,2,518,860,50,50,1,-1,-1,-1
225,4,475,1198,50,50,1,-1,-1,-1
225,5,608,1107,50,50,1,-1,-1,-1
226,2,382,899,50,50,1,-1,-1,-1
226,4,477,1131,50,50,1,-1,-1,-1
227,2,373,946,50,50,1,-1,-1,-1
227,4,477,1076,50,50,1,-1,-1,-1
227,5,607,1190,50,50,1,-1,-1,-1
228,2,365,998,50,50,1,-1,-1,-1
228,4,498,765,50,50,1,-1,-1,-1
228,5,585,1277,50,50,1,-1,-1,-1
229,2,357,1056,50,50,1,-1,-1,-1
229,4,599,749,50,50,1,-1,-1,-1
229,5,608,1303,50,50,1,-1,-1,-1
230,2,349,1108,50,50,1,-1,-1,-1
230,4,607,773,50,50,1,-1,-1,-1
230,5,600,1308,50,50,1,-1,-1,-1
231,2,336,1153,50,50,1,-1,-1,-1
231,4,486,865,50,50,1,-1,-1,-1
231,5,595,1273,50,50,1,-1,-1,-1
232,2,334,1204,50,50,1,-1,-1,-1
232,4,487,826,50,50,1,-1,-1,-1
232,5,574,1198,50,50,1,-1,-1,-1
233,2,332,1253,50,50,1,-1,-1,-1
233,4,489,793,50,50,1,-1,-1,-1
233,5,567,1134,50,50,1,-1,-1,-1
234,2,353,1288,50,50,1,-1,-1,-1
234,4,491,766,50,50,1,-1,-1,-1
234,5,563,1089,50,50,1,-1,-1,-1
235,2,385,1322,50,50,1,-1,-1,-1
235,4,494,744,50,50,1,-1,-1,-1
235,5,651,972,50,50,1,-1,-1,-1
236,2,418,1347,50,50,1,-1,-1,-1
236,4,455,748,50,50,1,-1,-1,-1
236,5,660,1027,50,50,1,-1,-1,-1
237,2,451,1321,50,50,1,-1,-1,-1
237,4,523,873,50,50,1,-1,-1,-1
237,5,674,1110,50,50,1,-1,-1,-1
238,2,452,1277,50,50,1,-1,-1,-1
238,4,514,836,50,50,1,-1,-1,-1
238,5,677,1139,50,50,1,-1,-1,-1
239,2,463,1172,50,50,1,-1,-1,-1
239,4,505,804,50,50,1,-1,-1,-1
239,5,665,1176,50,50,1,-1,-1,-1
240,2,470,1111,50,50,1,-1,-1,-1
240,4,429,897,50,50,1,-1,-1,-1
240,5,648,1225,50,50,1,-1,-1,-1
241,2,475,1056,50,50,1,-1,-1,-1
241,4,501,749,50,50,1,-1,-1,-1
241,5,620,1287,50,50,1,-1,-1,-1
242,2,420,995,50,50,1,-1,-1,-1
242,4,522,750,50,50,1,-1,-1,-1
242,5,582,1329,50,50,1,-1,-1,-1
243,2,416,1052,50,50,1,-1,-1,-1
243,4,526,775,50,50,1,-1,-1,-1
243,5,560,1329,50,50,1,-1,-1,-1
244,2,415,1100,50,50,1,-1,-1,-1
244,4,494,894,50,50,1,-1,-1,-1
244,5,535,1299,50,50,1,-1,-1,-1
245,4,518,846,50,50,1,-1,-1,-1
245,5,518,1219,50,50,1,-1,-1,-1
246,4,540,880,50,50,1,-1,-1,-1
246,5,511,1148,50,50,1,-1,-1,-1
247,4,514,786,50,50,1,-1,-1,-1
247,5,507,1093,50,50,1,-1,-1,-1
248,2,436,1288,50,50,1,-1,-1,-1
248,4,521,760,50,50,1,-1,-1,-1
248,5,496,1034,50,50,1,-1,-1,-1
249,2,447,1314,50,50,1,-1,-1,-1
249,4,432,777,50,50,1,-1,-1,-1
249,5,565,1036,50,50,1,-1,-1,-1
250,2,459,1296,50,50,1,-1,-1,-1
250,4,491,923,50,50,1,-1,-1,-1
250,5,563,1094,50,50,1,-1,-1,-1
251,2,464,1217,50,50,1,-1,-1,-1
251,4,487,881,50,50,1,-1,-1,-1
251,5,546,719,50,50,1,-1,-1,-1
252,2,468,1153,50,50,1,-1,-1,-1
252,4,409,865,50,50,1,-1,-1,-1
253,2,471,1090,50,50,1,-1,-1,-1
253,4,404,907,50,50,1,-1,-1,-1
253,5,577,1215,50,50,1,-1,-1,-1
254,2,473,1036,50,50,1,-1,-1,-1
254,4,474,784,50,50,1,-1,-1,-1
254,5,564,1258,50,50,1,-1,-1,-1
255,2,390,1006,50,50,1,-1,-1,-1
255,4,469,762,50,50,1,-1,-1,-1
255,5,578,1311,50,50,1,-1,-1,-1
256,2,384,1063,50,50,1,-1,-1,-1
256,4,483,919,50,50,1,-1,-1,-1
256,5,578,1321,50,50,1,-1,-1,-1
257,2,381,1119,50,50,1,-1,-1,-1
257,4,489,872,50,50,1,-1,-1,-1
257,5,569,1297,50,50,1,-1,-1,-1
258,2,377,1170,50,50,1,-1,-1,-1
258,4,494,830,50,50,1,-1,-1,-1
258,5,556,1221,50,50,1,-1,-1,-1
259,2,377,1207,50,50,1,-1,-1,-1
259,4,610,816,50,50,1,-1,-1,-1
259,5,554,1159,50,50,1,-1,-1,-1
260,2,393,1237,50,50,1,-1,-1,-1
260,4,620,852,50,50,1,-1,-1,-1
260,5,550,1100,50,50,1,-1,-1,-1
261,2,422,1300,50,50,1,-1,-1,-1
261,4,629,893,50,50,1,-1,-1,-1
261,5,564,1106,50,50,1,-1,-1,-1
262,2,442,1327,50,50,1,-1,-1,-1
262,4,639,939,50,50,1,-1,-1,-1
262,5,445,756,50,50,1,-1,-1,-1
263,2,464,1325,50,50,1,-1,-1,-1
263,4,650,991,50,50,1,-1,-1,-1
263,5,441,775,50,50,1,-1,-1,-1
264,2,473,1300,50,50,1,-1,-1,-1
264,4,660,1045,50,50,1,-1,-1,-1
264,5,519,883,50,50,1,-1,-1,-1
265,2,478,1225,50,50,1,-1,-1,-1
265,4,668,1090,50,50,1,-1,-1,-1
265,5,511,842,50,50,1,-1,-1,-1
266,2,483,1093,50,50,1,-1,-1,-1
266,4,665,1168,50,50,1,-1,-1,-1
266,5,431,904,50,50,1,-1,-1,-1
267,2,486,1040,50,50,1,-1,-1,-1
267,4,650,1215,50,50,1,-1,-1,-1
267,5,491,755,50,50,1,-1,-1,-1
268,2,426,1001,50,50,1,-1,-1,-1
268,4,649,1283,50,50,1,-1,-1,-1
268,5,484,736,50,50,1,-1,-1,-1
269,2,424,1057,50,50,1,-1,-1,-1
269,4,617,1318,50,50,1,-1,-1,-1
269,5,566,732,50,50,1,-1,-1,-1
270,2,424,1110,50,50,1,-1,-1,-1
270,4,600,1312,50,50,1,-1,-1,-1
270,5,502,874,50,50,1,-1,-1,-1
271,2,428,1162,50,50,1,-1,-1,-1
271,4,587,1275,50,50,1,-1,-1,-1
271,5,508,832,50,50,1,-1,-1,-1
272,4,566,1192,50,50,1,-1,-1,-1
272,5,588,821,50,50,1,-1,-1,-1
273,2,430,1276,50,50,1,-1,-1,-1
273,4,560,1130,50,50,1,-1,-1,-1
273,5,596,862,50,50,1,-1,-1,-1
274,2,443,1316,50,50,1,-1,-1,-1
274,4,556,1087,50,50,1,-1,-1,-1
274,5,604,907,50,50,1,-1,-1,-1
275,2,458,1339,50,50,1,-1,-1,-1
275,4,532,720,50,50,1,-1,-1,-1
275,5,612,958,50,50,1,-1,-1,-1
276,2,469,1332,50,50,1,-1,-1,-1
276,4,442,776,50,50,1,-1,-1,-1
276,5,621,1015,50,50,1,-1,-1,-1
277,2,470,1298,50,50,1,-1,-1,-1
277,4,525,908,50,50,1,-1,-1,-1
277,5,628,1069,50,50,1,-1,-1,-1
278,2,478,1220,50,50,1,-1,-1,-1
278,4,516,868,50,50,1,-1,-1,-1
278,5,631,1116,50,50,1,-1,-1,-1
279,2,483,1149,50,50,1,-1,-1,-1
279,4,424,873,50,50,1,-1,-1,-1
280,2,485,1083,50,50,1,-1,-1,-1
280,4,420,917,50,50,1,-1,-1,-1
280,5,635,1186,50,50,1,-1,-1,-1
281,2,492,774,50,50,1,-1,-1,-1
281,4,415,967,50,50,1,-1,-1,-1
281,5,637,1233,50,50,1,-1,-1,-1
282,2,485,753,50,50,1,-1,-1,-1
282,4,411,1023,50,50,1,-1,-1,-1
282,5,611,1298,50,50,1,-1,-1,-1
283,2,500,901,50,50,1,-1,-1,-1
283,4,407,1078,50,50,1,-1,-1,-1
283,5,597,1314,50,50,1,-1,-1,-1
284,2,506,851,50,50,1,-1,-1,-1
284,4,405,1130,50,50,1,-1,-1,-1
284,5,592,1296,50,50,1,-1,-1,-1
285,2,511,806,50,50,1,-1,-1,-1
285,4,400,1174,50,50,1,-1,-1,-1
285,5,589,1249,50,50,1,-1,-1,-1
286,2,605,822,50,50,1,-1,-1,-1
286,4,400,1216,50,50,1,-1,-1,-1
286,5,571,1163,50,50,1,-1,-1,-1
287,2,613,863,50,50,1,-1,-1,-1
287,4,404,1252,50,50,1,-1,-1,-1
287,5,562,1099,50,50,1,-1,-1,-1
288,2,622,910,50,50,1,-1,-1,-1
288,4,431,1315,50,50,1,-1,-1,-1
288,5,528,704,50,50,1,-1,-1,-1
289,2,631,962,50,50,1,-1,-1,-1
289,4,452,1340,50,50,1,-1,-1,-1
289,5,536,683,50,50,1,-1,-1,-1
290,2,639,1020,50,50,1,-1,-1,-1
290,4,467,1328,50,50,1,-1,-1,-1
290,5,433,777,50,50,1,-1,-1,-1
291,2,647,1069,50,50,1,-1,-1,-1
291,4,472,1295,50,50,1,-1,-1,-1
291,5,533,885,50,50,1,-1,-1,-1
292,2,656,1116,50,50,1,-1,-1,-1
292,4,476,1209,50,50,1,-1,-1,-1
292,5,526,844,50,50,1,-1,-1,-1
293,2,645,1199,50,50,1,-1,-1,-1
293,4,482,1075,50,50,1,-1,-1,-1
293,5,512,779,50,50,1,-1,-1,-1
294,2,638,1258,50,50,1,-1,-1,-1
294,4,401,957,50,50,1,-1,-1,-1
294,5,508,757,50,50,1,-1,-1,-1
295,2,613,1309,50,50,1,-1,-1,-1
295,4,395,1011,50,50,1,-1,-1,-1
295,5,500,736,50,50,1,-1,-1,-1
296,2,597,1325,50,50,1,-1,-1,-1
296,4,389,1070,50,50,1,-1,-1,-1
296,5,588,673,50,50,1,-1,-1,-1
297,2,590,1313,50,50,1,-1,-1,-1
297,4,386,1122,50,50,1,-1,-1,-1
297,5,596,695,50,50,1,-1,-1,-1
298,2,575,1272,50,50,1,-1,-1,-1
298,4,385,1169,50,50,1,-1,-1,-1
298,5,505,788,50,50,1,-1,-1,-1
299,2,569,1180,50,50,1,-1,-1,-1
299,4,390,1210,50,50,1,-1,-1,-1
299,5,511,747,50,50,1,-1,-1,-1
300,2,565,1112,50,50,1,-1,-1,-1
300,4,397,1248,50,50,1,-1,-1,-1
300,5,621,792,50,50,1,-1,-1,-1
301,2,568,1063,50,50,1,-1,-1,-1
301,4,425,1305,50,50,1,-1,-1,-1
301,5,630,835,50,50,1,-1,-1,-1
302,2,530,662,50,50,1,-1,-1,-1
302,4,442,1340,50,50,1,-1,-1,-1
302,5,639,884,50,50,1,-1,-1,-1
303,2,459,771,50,50,1,-1,-1,-1
303,4,460,1341,50,50,1,-1,-1,-1
303,5,648,939,50,50,1,-1,-1,-1
304,2,542,868,50,50,1,-1,-1,-1
304,4,470,1309,50,50,1,-1,-1,-1
304,5,658,999,50,50,1,-1,-1,-1
305,2,536,819,50,50,1,-1,-1,-1
305,4,470,1228,50,50,1,-1,-1,-1
305,5,667,1062,50,50,1,-1,-1,-1
306,2,531,777,50,50,1,-1,-1,-1
306,4,478,1162,50,50,1,-1,-1,-1
306,5,668,1116,50,50,1,-1,-1,-1
307,2,525,741,50,50,1,-1,-1,-1
307,4,480,1097,50,50,1,-1,-1,-1
307,5,667,1157,50,50,1,-1,-1,-1
308,2,520,709,50,50,1,-1,-1,-1
308,4,484,1035,50,50,1,-1,-1,-1
308,5,650,1207,50,50,1,-1,-1,-1
309,2,516,684,50,50,1,-1,-1,-1
309,4,430,1008,50,50,1,-1,-1,-1
309,5,616,1287,50,50,1,-1,-1,-1
310,2,579,644,50,50,1,-1,-1,-1
310,4,426,1067,50,50,1,-1,-1,-1
310,5,609,1315,50,50,1,-1,-1,-1
311,2,586,666,50,50,1,-1,-1,-1
311,4,424,1117,50,50,1,-1,-1,-1
311,5,603,1314,50,50,1,-1,-1,-1
312,2,594,693,50,50,1,-1,-1,-1
312,4,429,1160,50,50,1,-1,-1,-1
312,5,595,1282,50,50,1,-1,-1,-1
313,2,602,726,50,50,1,-1,-1,-1
313,5,569,1203,50,50,1,-1,-1,-1
314,2,610,764,50,50,1,-1,-1,-1
314,4,425,1231,50,50,1,-1,-1,-1
314,5,563,1136,50,50,1,-1,-1,-1
315,2,619,809,50,50,1,-1,-1,-1
315,4,441,1280,50,50,1,-1,-1,-1
315,5,556,1086,50,50,1,-1,-1,-1
316,2,628,859,50,50,1,-1,-1,-1
316,4,447,1316,50,50,1,-1,-1,-1
316,5,549,1015,50,50,1,-1,-1,-1
317,2,637,915,50,50,1,-1,-1,-1
317,4,463,1338,50,50,1,-1,-1,-1
317,5,588,1117,50,50,1,-1,-1,-1
318,2,647,978,50,50,1,-1,-1,-1
318,4,478,1338,50,50,1,-1,-1,-1
318,5,480,685,50,50,1,-1,-1,-1
319,2,657,1045,50,50,1,-1,-1,-1
319,4,488,1307,50,50,1,-1,-1,-1
319,5,524,857,50,50,1,-1,-1,-1
320,2,662,1097,50,50,1,-1,-1,-1
320,4,498,1231,50,50,1,-1,-1,-1
320,5,515,815,50,50,1,-1,-1,-1
321,2,660,1168,50,50,1,-1,-1,-1
321,4,507,1091,50,50,1,-1,-1,-1
321,5,469,821,50,50,1,-1,-1,-1
322,2,669,1211,50,50,1,-1,-1,-1
322,4,503,1040,50,50,1,-1,-1,-1
322,5,466,869,50,50,1,-1,-1,-1
323,2,652,1254,50,50,1,-1,-1,-1
323,4,485,707,50,50,1,-1,-1,-1
323,5,463,923,50,50,1,-1,-1,-1
324,2,631,1293,50,50,1,-1,-1,-1
324,4,585,705,50,50,1,-1,-1,-1
324,5,462,982,50,50,1,-1,-1,-1
325,2,619,1296,50,50,1,-1,-1,-1
325,4,532,863,50,50,1,-1,-1,-1
325,5,460,1051,50,50,1,-1,-1,-1
326,2,611,1270,50,50,1,-1,-1,-1
326,4,539,818,50,50,1,-1,-1,-1
326,5,461,1104,50,50,1,-1,-1,-1
327,2,592,1178,50,50,1,-1,-1,-1
327,4,608,800,50,50,1,-1,-1,-1
328,2,582,1114,50,50,1,-1,-1,-1
328,4,616,842,50,50,1,-1,-1,-1
329,2,578,1063,50,50,1,-1,-1,-1
329,4,625,890,50,50,1,-1,-1,-1
329,5,469,1274,50,50,1,-1,-1,-1
330,2,570,696,50,50,1,-1,-1,-1
330,4,634,943,50,50,1,-1,-1,-1
330,5,476,1321,50,50,1,-1,-1,-1
331,2,433,746,50,50,1,-1,-1,-1
331,4,643,1002,50,50,1,-1,-1,-1
331,5,485,1322,50,50,1,-1,-1,-1
332,2,537,884,50,50,1,-1,-1,-1
332,4,651,1057,50,50,1,-1,-1,-1
332,5,501,1277,50,50,1,-1,-1,-1
333,2,525,839,50,50,1,-1,-1,-1
333,4,652,1104,50,50,1,-1,-1,-1
333,5,497,1193,50,50,1,-1,-1,-1
334,2,416,849,50,50,1,-1,-1,-1
334,4,667,1132,50,50,1,-1,-1,-1
334,5,505,1119,50,50,1,-1,-1,-1
335,2,410,895,50,50,1,-1,-1,-1
335,4,662,1177,50,50,1,-1,-1,-1
335,5,503,1068,50,50,1,-1,-1,-1
336,2,405,946,50,50,1,-1,-1,-1
336,4,649,1255,50,50,1,-1,-1,-1
336,5,493,740,50,50,1,-1,-1,-1
337,2,400,1003,50,50,1,-1,-1,-1
337,4,640,1301,50,50,1,-1,-1,-1
337,5,483,718,50,50,1,-1,-1,-1
338,2,395,1063,50,50,1,-1,-1,-1
338,4,633,1309,50,50,1,-1,-1,-1
338,5,522,881,50,50,1,-1,-1,-1
339,2,391,1117,50,50,1,-1,-1,-1
339,4,625,1283,50,50,1,-1,-1,-1
339,5,527,832,50,50,1,-1,-1,-1
340,2,393,1163,50,50,1,-1,-1,-1
340,4,614,1198,50,50,1,-1,-1,-1
340,5,533,789,50,50,1,-1,-1,-1
341,2,401,1208,50,50,1,-1,-1,-1
341,4,605,1137,50,50,1,-1,-1,-1
341,5,661,770,50,50,1,-1,-1,-1
342,2,411,1240,50,50,1,-1,-1,-1
342,4,595,1081,50,50,1,-1,-1,-1
342,5,671,808,50,50,1,-1,-1,-1
343,2,436,1311,50,50,1,-1,-1,-1
343,4,591,1026,50,50,1,-1,-1,-1
343,5,681,850,50,50,1,-1,-1,-1
344,2,448,1336,50,50,1,-1,-1,-1
344,4,559,674,50,50,1,-1,-1,-1
344,5,691,899,50,50,1,-1,-1,-1
345,2,462,1328,50,50,1,-1,-1,-1
345,4,565,659,50,50,1,-1,-1,-1
345,5,702,952,50,50,1,-1,-1,-1
346,2,468,1293,50,50,1,-1,-1,-1
346,4,555,871,50,50,1,-1,-1,-1
346,5,714,1012,50,50,1,-1,-1,-1
347,2,475,1208,50,50,1,-1,-1,-1
347,4,545,832,50,50,1,-1,-1,-1
347,5,724,1068,50,50,1,-1,-1,-1
348,2,483,1135,50,50,1,-1,-1,-1
348,4,586,642,50,50,1,-1,-1,-1
348,5,731,1114,50,50,1,-1,-1,-1
349,2,492,1015,50,50,1,-1,-1,-1
349,4,518,750,50,50,1,-1,-1,-1
349,5,713,1190,50,50,1,-1,-1,-1
350,2,509,733,50,50,1,-1,-1,-1
350,4,359,947,50,50,1,-1,-1,-1
350,5,693,1250,50,50,1,-1,-1,-1
351,2,613,684,50,50,1,-1,-1,-1
351,4,351,1002,50,50,1,-1,-1,-1
351,5,661,1298,50,50,1,-1,-1,-1
352,2,621,708,50,50,1,-1,-1,-1
352,4,343,1062,50,50,1,-1,-1,-1
352,5,638,1310,50,50,1,-1,-1,-1
353,2,530,800,50,50,1,-1,-1,-1
353,4,338,1108,50,50,1,-1,-1,-1
353,5,627,1285,50,50,1,-1,-1,-1
354,2,637,772,50,50,1,-1,-1,-1
354,4,334,1152,50,50,1,-1,-1,-1
354,5,610,1210,50,50,1,-1,-1,-1
355,2,646,813,50,50,1,-1,-1,-1
355,4,342,1192,50,50,1,-1,-1,-1
355,5,593,1139,50,50,1,-1,-1,-1
356,2,655,859,50,50,1,-1,-1,-1
356,4,358,1237,50,50,1,-1,-1,-1
356,5,587,1085,50,50,1,-1,-1,-1
357,2,665,910,50,50,1,-1,-1,-1
357,4,392,1297,50,50,1,-1,-1,-1
357,5,456,764,50,50,1,-1,-1,-1
358,2,674,967,50,50,1,-1,-1,-1
358,4,436,1326,50,50,1,-1,-1,-1
358,5,576,669,50,50,1,-1,-1,-1
359,2,684,1030,50,50,1,-1,-1,-1
359,4,468,1313,50,50,1,-1,-1,-1
359,5,585,658,50,50,1,-1,-1,-1
360,2,692,1080,50,50,1,-1,-1,-1
360,4,491,1237,50,50,1,-1,-1,-1
360,5,594,652,50,50,1,-1,-1,-1
361,2,700,1116,50,50,1,-1,-1,-1
361,4,481,1177,50,50,1,-1,-1,-1
361,5,604,651,50,50,1,-1,-1,-1
362,2,696,1156,50,50,1,-1,-1,-1
362,4,487,1111,50,50,1,-1,-1,-1
362,5,613,654,50,50,1,-1,-1,-1
363,2,691,1214,50,50,1,-1,-1,-1
363,4,489,1054,50,50,1,-1,-1,-1
363,5,519,776,50,50,1,-1,-1,-1
364,2,671,1281,50,50,1,-1,-1,-1
364,4,405,1049,50,50,1,-1,-1,-1
364,5,510,755,50,50,1,-1,-1,-1
365,2,648,1306,50,50,1,-1,-1,-1
365,4,400,1106,50,50,1,-1,-1,-1
365,5,641,690,50,50,1,-1,-1,-1
366,2,642,1295,50,50,1,-1,-1,-1
366,4,396,1163,50,50,1,-1,-1,-1
366,5,651,713,50,50,1,-1,-1,-1
367,2,638,1252,50,50,1,-1,-1,-1
367,4,384,1210,50,50,1,-1,-1,-1
367,5,662,740,50,50,1,-1,-1,-1
368,2,619,1160,50,50,1,-1,-1,-1
368,4,382,1248,50,50,1,-1,-1,-1
368,5,673,773,50,50,1,-1,-1,-1
369,2,608,1097,50,50,1,-1,-1,-1
369,4,399,1312,50,50,1,-1,-1,-1
369,5,684,812,50,50,1,-1,-1,-1
370,2,598,1041,50,50,1,-1,-1,-1
370,4,416,1342,50,50,1,-1,-1,-1
370,5,695,854,50,50,1,-1,-1,-1
371,2,527,711,50,50,1,-1,-1,-1
371,4,441,1357,50,50,1,-1,-1,-1
371,5,707,902,50,50,1,-1,-1,-1
372,2,450,772,50,50,1,-1,-1,-1
372,4,456,1353,50,50,1,-1,-1,-1
372,5,718,956,50,50,1,-1,-1,-1
373,2,562,879,50,50,1,-1,-1,-1
373,4,472,1324,50,50,1,-1,-1,-1
373,5,731,1016,50,50,1,-1,-1,-1
374,2,550,838,50,50,1,-1,-1,-1
374,4,470,1237,50,50,1,-1,-1,-1
374,5,742,1069,50,50,1,-1,-1,-1
375,2,427,862,50,50,1,-1,-1,-1
375,4,477,1177,50,50,1,-1,-1,-1
375,5,749,1113,50,50,1,-1,-1,-1
376,2,420,904,50,50,1,-1,-1,-1
376,4,483,1113,50,50,1,-1,-1,-1
376,5,745,1136,50,50,1,-1,-1,-1
377,2,407,1004,50,50,1,-1,-1,-1
377,4,508,728,50,50,1,-1,-1,-1
377,5,697,1234,50,50,1,-1,-1,-1
378,2,401,1062,50,50,1,-1,-1,-1
378,4,499,714,50,50,1,-1,-1,-1
378,5,659,1292,50,50,1,-1,-1,-1
379,2,397,1117,50,50,1,-1,-1,-1
379,4,505,885,50,50,1,-1,-1,-1
379,5,621,1323,50,50,1,-1,-1,-1
380,2,397,1167,50,50,1,-1,-1,-1
380,4,511,842,50,50,1,-1,-1,-1
380,5,597,1311,50,50,1,-1,-1,-1
381,2,402,1206,50,50,1,-1,-1,-1
381,4,590,785,50,50,1,-1,-1,-1
381,5,580,1267,50,50,1,-1,-1,-1
382,2,408,1243,50,50,1,-1,-1,-1
382,4,598,823,50,50,1,-1,-1,-1
382,5,558,1166,50,50,1,-1,-1,-1
383,2,424,1306,50,50,1,-1,-1,-1
383,4,605,867,50,50,1,-1,-1,-1
383,5,551,1098,50,50,1,-1,-1,-1
384,2,442,1329,50,50,1,-1,-1,-1
384,4,613,917,50,50,1,-1,-1,-1
384,5,552,1118,50,50,1,-1,-1,-1
385,2,456,1328,50,50,1,-1,-1,-1
385,4,620,973,50,50,1,-1,-1,-1
385,5,436,761,50,50,1,-1,-1,-1
386,2,461,1301,50,50,1,-1,-1,-1
386,4,629,1034,50,50,1,-1,-1,-1
386,5,523,907,50,50,1,-1,-1,-1
387,2,467,1223,50,50,1,-1,-1,-1
387,4,635,1091,50,50,1,-1,-1,-1
387,5,515,858,50,50,1,-1,-1,-1
388,2,472,1153,50,50,1,-1,-1,-1
388,4,636,1133,50,50,1,-1,-1,-1
388,5,507,812,50,50,1,-1,-1,-1
389,2,480,1095,50,50,1,-1,-1,-1
389,4,640,1164,50,50,1,-1,-1,-1
389,5,498,771,50,50,1,-1,-1,-1
390,2,484,1040,50,50,1,-1,-1,-1
390,4,628,1205,50,50,1,-1,-1,-1
390,5,490,736,50,50,1,-1,-1,-1
391,2,382,1005,50,50,1,-1,-1,-1
391,4,601,1273,50,50,1,-1,-1,-1
391,5,482,706,50,50,1,-1,-1,-1
392,2,375,1059,50,50,1,-1,-1,-1
392,4,606,1296,50,50,1,-1,-1,-1
392,5,474,681,50,50,1,-1,-1,-1
393,2,369,1115,50,50,1,-1,-1,-1
393,4,594,1304,50,50,1,-1,-1,-1
393,5,466,662,50,50,1,-1,-1,-1
394,2,368,1160,50,50,1,-1,-1,-1
394,4,574,1282,50,50,1,-1,-1,-1
394,5,462,654,50,50,1,-1,-1,-1
395,2,359,1197,50,50,1,-1,-1,-1
395,4,569,1194,50,50,1,-1,-1,-1
395,5,454,645,50,50,1,-1,-1,-1
396,2,364,1240,50,50,1,-1,-1,-1
396,4,563,1125,50,50,1,-1,-1,-1
396,5,633,856,50,50,1,-1,-1,-1
397,2,391,1300,50,50,1,-1,-1,-1
397,4,561,1077,50,50,1,-1,-1,-1
397,5,643,901,50,50,1,-1,-1,-1
398,2,413,1329,50,50,1,-1,-1,-1
398,4,552,722,50,50,1,-1,-1,-1
398,5,653,952,50,50,1,-1,-1,-1
399,2,433,1345,50,50,1,-1,-1,-1
399,4,426,661,50,50,1,-1,-1,-1
399,5,663,1008,50,50,1,-1,-1,-1
400,2,450,1330,50,50,1,-1,-1,-1
400,4,420,678,50,50,1,-1,-1,-1
400,5,672,1064,50,50,1,-1,-1,-1
401,2,455,1331,50,50,1,-1,-1,-1
401,4,413,700,50,50,1,-1,-1,-1
401,5,676,1114,50,50,1,-1,-1,-1
402,2,468,1205,50,50,1,-1,-1,-1
402,4,516,806,50,50,1,-1,-1,-1
402,5,684,1145,50,50,1,-1,-1,-1
403,2,480,1131,50,50,1,-1,-1,-1
403,4,398,758,50,50,1,-1,-1,-1
403,5,682,1181,50,50,1,-1,-1,-1
404,2,484,1067,50,50,1,-1,-1,-1
404,4,392,798,50,50,1,-1,-1,-1
404,5,670,1221,50,50,1,-1,-1,-1
405,2,483,1003,50,50,1,-1,-1,-1
405,4,385,843,50,50,1,-1,-1,-1
405,5,642,1290,50,50,1,-1,-1,-1
406,2,638,765,50,50,1,-1,-1,-1
406,4,373,951,50,50,1,-1,-1,-1
406,5,624,1286,50,50,1,-1,-1,-1
407,2,511,828,50,50,1,-1,-1,-1
407,4,367,1014,50,50,1,-1,-1,-1
407,5,601,1202,50,50,1,-1,-1,-1
408,2,519,782,50,50,1,-1,-1,-1
408,4,364,1066,50,50,1,-1,-1,-1
408,5,591,1149,50,50,1,-1,-1,-1
409,2,526,742,50,50,1,-1,-1,-1
409,4,360,1113,50,50,1,-1,-1,-1
409,5,582,1090,50,50,1,-1,-1,-1
410,2,534,708,50,50,1,-1,-1,-1
410,4,365,1152,50,50,1,-1,-1,-1
410,5,683,924,50,50,1,-1,-1,-1
411,2,544,680,50,50,1,-1,-1,-1
411,4,375,1193,50,50,1,-1,-1,-1
411,5,696,979,50,50,1,-1,-1,-1
412,2,553,657,50,50,1,-1,-1,-1
412,4,395,1235,50,50,1,-1,-1,-1
412,5,709,1039,50,50,1,-1,-1,-1
413,2,441,746,50,50,1,-1,-1,-1
413,4,442,1301,50,50,1,-1,-1,-1
413,5,720,1091,50,50,1,-1,-1,-1
414,2,533,835,50,50,1,-1,-1,-1
414,4,457,1307,50,50,1,-1,-1,-1
414,5,729,1131,50,50,1,-1,-1,-1
415,2,428,808,50,50,1,-1,-1,-1
415,4,470,1274,50,50,1,-1,-1,-1
415,5,731,1160,50,50,1,-1,-1,-1
416,2,423,849,50,50,1,-1,-1,-1
416,4,475,1182,50,50,1,-1,-1,-1
416,5,712,1194,50,50,1,-1,-1,-1
417,2,418,895,50,50,1,-1,-1,-1
417,4,481,1110,50,50,1,-1,-1,-1
417,5,683,1229,50,50,1,-1,-1,-1
418,2,497,733,50,50,1,-1,-1,-1
418,4,484,1055,50,50,1,-1,-1,-1
418,5,643,1292,50,50,1,-1,-1,-1
419,2,616,637,50,50,1,-1,-1,-1
419,4,408,1006,50,50,1,-1,-1,-1
419,5,629,1318,50,50,1,-1,-1,-1
420,2,623,649,50,50,1,-1,-1,-1
420,4,403,1065,50,50,1,-1,-1,-1
420,5,614,1320,50,50,1,-1,-1,-1
421,2,633,672,50,50,1,-1,-1,-1
421,4,401,1123,50,50,1,-1,-1,-1
421,5,605,1287,50,50,1,-1,-1,-1
422,2,644,700,50,50,1,-1,-1,-1
422,4,398,1173,50,50,1,-1,-1,-1
422,5,588,1202,50,50,1,-1,-1,-1
423,2,519,779,50,50,1,-1,-1,-1
423,4,405,1223,50,50,1,-1,-1,-1
423,5,578,1138,50,50,1,-1,-1,-1
424,2,665,772,50,50,1,-1,-1,-1
424,4,413,1254,50,50,1,-1,-1,-1
424,5,573,1077,50,50,1,-1,-1,-1
425,2,677,816,50,50,1,-1,-1,-1
425,4,443,1327,50,50,1,-1,-1,-1
425,5,570,1013,50,50,1,-1,-1,-1
426,2,688,866,50,50,1,-1,-1,-1
426,4,454,1340,50,50,1,-1,-1,-1
426,5,435,783,50,50,1,-1,-1,-1
427,2,700,922,50,50,1,-1,-1,-1
427,4,462,1313,50,50,1,-1,-1,-1
427,5,551,666,50,50,1,-1,-1,-1
428,2,713,985,50,50,1,-1,-1,-1
428,4,461,1231,50,50,1,-1,-1,-1
428,5,558,651,50,50,1,-1,-1,-1
429,2,722,1043,50,50,1,-1,-1,-1
429,4,469,1166,50,50,1,-1,-1,-1
429,5,566,640,50,50,1,-1,-1,-1
430,2,723,1077,50,50,1,-1,-1,-1
430,4,473,1099,50,50,1,-1,-1,-1
430,5,508,757,50,50,1,-1,-1,-1
431,2,713,1116,50,50,1,-1,-1,-1
431,4,476,1038,50,50,1,-1,-1,-1
431,5,499,725,50,50,1,-1,-1,-1
432,2,693,1159,50,50,1,-1,-1,-1
432,4,393,1048,50,50,1,-1,-1,-1
432,5,490,699,50,50,1,-1,-1,-1
433,2,617,1288,50,50,1,-1,-1,-1
433,4,382,1170,50,50,1,-1,-1,-1
433,5,609,664,50,50,1,-1,-1,-1
434,2,633,1298,50,50,1,-1,-1,-1
434,4,376,1222,50,50,1,-1,-1,-1
434,5,615,681,50,50,1,-1,-1,-1
435,2,621,1270,50,50,1,-1,-1,-1
435,4,380,1255,50,50,1,-1,-1,-1
435,5,505,774,50,50,1,-1,-1,-1
436,2,593,1187,50,50,1,-1,-1,-1
436,4,386,1313,50,50,1,-1,-1,-1
436,5,635,738,50,50,1,-1,-1,-1
437,2,578,1119,50,50,1,-1,-1,-1
437,4,414,1339,50,50,1,-1,-1,-1
437,5,645,775,50,50,1,-1,-1,-1
438,2,574,1065,50,50,1,-1,-1,-1
438,4,435,1356,50,50,1,-1,-1,-1
438,5,655,817,50,50,1,-1,-1,-1
439,2,560,994,50,50,1,-1,-1,-1
439,4,450,1359,50,50,1,-1,-1,-1
439,5,666,865,50,50,1,-1,-1,-1
440,2,619,1102,50,50,1,-1,-1,-1
440,4,457,1342,50,50,1,-1,-1,-1
440,5,677,920,50,50,1,-1,-1,-1
441,2,532,877,50,50,1,-1,-1,-1
441,4,459,1296,50,50,1,-1,-1,-1
441,5,688,981,50,50,1,-1,-1,-1
442,2,549,644,50,50,1,-1,-1,-1
442,4,452,1205,50,50,1,-1,-1,-1
442,5,700,1046,50,50,1,-1,-1,-1
443,2,508,786,50,50,1,-1,-1,-1
443,4,456,1130,50,50,1,-1,-1,-1
443,5,706,1097,50,50,1,-1,-1,-1
444,2,389,835,50,50,1,-1,-1,-1
444,4,460,1068,50,50,1,-1,-1,-1
444,5,705,1138,50,50,1,-1,-1,-1
445,2,485,718,50,50,1,-1,-1,-1
445,4,463,1003,50,50,1,-1,-1,-1
445,5,685,1176,50,50,1,-1,-1,-1
446,2,474,693,50,50,1,-1,-1,-1
446,4,467,941,50,50,1,-1,-1,-1
446,5,659,1212,50,50,1,-1,-1,-1
447,2,583,701,50,50,1,-1,-1,-1
447,4,369,992,50,50,1,-1,-1,-1
447,5,624,1280,50,50,1,-1,-1,-1
448,2,476,838,50,50,1,-1,-1,-1
448,4,364,1053,50,50,1,-1,-1,-1
448,5,599,1294,50,50,1,-1,-1,-1
449,2,599,762,50,50,1,-1,-1,-1
449,4,360,1104,50,50,1,-1,-1,-1
449,5,589,1265,50,50,1,-1,-1,-1
450,2,608,802,50,50,1,-1,-1,-1
450,4,358,1141,50,50,1,-1,-1,-1
450,5,567,1189,50,50,1,-1,-1,-1
451,2,617,846,50,50,1,-1,-1,-1
451,4,360,1182,50,50,1,-1,-1,-1
451,5,561,1123,50,50,1,-1,-1,-1
452,2,626,897,50,50,1,-1,-1,-1
452,4,376,1231,50,50,1,-1,-1,-1
452,5,557,1076,50,50,1,-1,-1,-1
453,2,636,954,50,50,1,-1,-1,-1
453,4,409,1291,50,50,1,-1,-1,-1
453,5,403,669,50,50,1,-1,-1,-1
454,2,645,1018,50,50,1,-1,-1,-1
454,4,430,1310,50,50,1,-1,-1,-1
454,5,393,686,50,50,1,-1,-1,-1
455,2,654,1070,50,50,1,-1,-1,-1
455,4,442,1287,50,50,1,-1,-1,-1
455,5,536,892,50,50,1,-1,-1,-1
456,2,669,1118,50,50,1,-1,-1,-1
456,4,442,1212,50,50,1,-1,-1,-1
456,5,529,848,50,50,1,-1,-1,-1
457,2,677,1152,50,50,1,-1,-1,-1
457,4,451,1140,50,50,1,-1,-1,-1
457,5,524,809,50,50,1,-1,-1,-1
458,2,668,1189,50,50,1,-1,-1,-1
458,4,461,1076,50,50,1,-1,-1,-1
458,5,518,776,50,50,1,-1,-1,-1
459,2,645,1243,50,50,1,-1,-1,-1
459,4,463,1023,50,50,1,-1,-1,-1
459,5,513,748,50,50,1,-1,-1,-1
460,2,624,1275,50,50,1,-1,-1,-1
460,4,332,904,50,50,1,-1,-1,-1
460,5,507,726,50,50,1,-1,-1,-1
461,2,594,1310,50,50,1,-1,-1,-1
461,4,323,962,50,50,1,-1,-1,-1
461,5,548,692,50,50,1,-1,-1,-1
462,2,580,1279,50,50,1,-1,-1,-1
462,4,311,1072,50,50,1,-1,-1,-1
462,5,501,821,50,50,1,-1,-1,-1
463,2,563,1197,50,50,1,-1,-1,-1
463,4,307,1099,50,50,1,-1,-1,-1
463,5,568,781,50,50,1,-1,-1,-1
464,2,561,1134,50,50,1,-1,-1,-1
464,4,322,1137,50,50,1,-1,-1,-1
464,5,575,821,50,50,1,-1,-1,-1
465,2,555,1082,50,50,1,-1,-1,-1
465,4,347,1185,50,50,1,-1,-1,-1
465,5,583,866,50,50,1,-1,-1,-1
466,2,539,716,50,50,1,-1,-1,-1
466,4,373,1235,50,50,1,-1,-1,-1
466,5,591,918,50,50,1,-1,-1,-1
467,2,473,737,50,50,1,-1,-1,-1
467,5,599,974,50,50,1,-1,-1,-1
468,2,469,761,50,50,1,-1,-1,-1
468,4,441,1329,50,50,1,-1,-1,-1
468,5,607,1037,50,50,1,-1,-1,-1
469,2,523,875,50,50,1,-1,-1,-1
469,4,455,1317,50,50,1,-1,-1,-1
469,5,612,1087,50,50,1,-1,-1,-1
470,2,463,825,50,50,1,-1,-1,-1
470,4,475,1240,50,50,1,-1,-1,-1
470,5,616,1132,50,50,1,-1,-1,-1
471,2,460,865,50,50,1,-1,-1,-1
471,4,479,1179,50,50,1,-1,-1,-1
472,2,457,911,50,50,1,-1,-1,-1
472,4,483,1108,50,50,1,-1,-1,-1
472,5,624,1249,50,50,1,-1,-1,-1
473,2,454,962,50,50,1,-1,-1,-1
473,4,497,764,50,50,1,-1,-1,-1
473,5,618,1306,50,50,1,-1,-1,-1
474,2,451,1018,50,50,1,-1,-1,-1
474,4,615,741,50,50,1,-1,-1,-1
474,5,616,1310,50,50,1,-1,-1,-1
475,2,450,1080,50,50,1,-1,-1,-1
475,4,626,767,50,50,1,-1,-1,-1
475,5,613,1274,50,50,1,-1,-1,-1
476,2,449,1128,50,50,1,-1,-1,-1
476,4,518,871,50,50,1,-1,-1,-1
476,5,597,1198,50,50,1,-1,-1,-1
477,4,527,824,50,50,1,-1,-1,-1
477,5,586,1130,50,50,1,-1,-1,-1
478,2,451,1225,50,50,1,-1,-1,-1
478,4,659,874,50,50,1,-1,-1,-1
478,5,579,1076,50,50,1,-1,-1,-1
479,2,466,1292,50,50,1,-1,-1,-1
479,4,545,748,50,50,1,-1,-1,-1
479,5,670,921,50,50,1,-1,-1,-1
480,2,474,1326,50,50,1,-1,-1,-1
480,4,459,773,50,50,1,-1,-1,-1
480,5,683,972,50,50,1,-1,-1,-1
481,2,481,1324,50,50,1,-1,-1,-1
481,4,551,913,50,50,1,-1,-1,-1
481,5,695,1030,50,50,1,-1,-1,-1
482,2,486,1288,50,50,1,-1,-1,-1
482,4,705,1080,50,50,1,-1,-1,-1
482,5,543,872,50,50,1,-1,-1,-1
483,2,489,1206,50,50,1,-1,-1,-1
483,4,707,1122,50,50,1,-1,-1,-1
483,5,586,664,50,50,1,-1,-1,-1
484,2,495,1138,50,50,1,-1,-1,-1
484,4,704,1151,50,50,1,-1,-1,-1
484,5,596,655,50,50,1,-1,-1,-1
485,2,497,1086,50,50,1,-1,-1,-1
485,4,699,1182,50,50,1,-1,-1,-1
485,5,518,779,50,50,1,-1,-1,-1
486,2,511,759,50,50,1,-1,-1,-1
486,4,685,1220,50,50,1,-1,-1,-1
486,5,433,977,50,50,1,-1,-1,-1
487,2,503,744,50,50,1,-1,-1,-1
487,4,649,1293,50,50,1,-1,-1,-1
487,5,429,1030,50,50,1,-1,-1,-1
488,2,514,907,50,50,1,-1,-1,-1
488,4,648,1300,50,50,1,-1,-1,-1
488,5,427,1087,50,50,1,-1,-1,-1
489,2,525,821,50,50,1,-1,-1,-1
489,4,612,1194,50,50,1,-1,-1,-1
489,5,423,1171,50,50,1,-1,-1,-1
490,2,531,786,50,50,1,-1,-1,-1
490,4,602,1133,50,50,1,-1,-1,-1
490,5,427,1209,50,50,1,-1,-1,-1
491,2,681,757,50,50,1,-1,-1,-1
491,4,592,1081,50,50,1,-1,-1,-1
491,5,432,1241,50,50,1,-1,-1,-1
492,2,693,793,50,50,1,-1,-1,-1
492,4,586,1026,50,50,1,-1,-1,-1
492,5,458,1306,50,50,1,-1,-1,-1
493,2,705,834,50,50,1,-1,-1,-1
493,4,576,968,50,50,1,-1,-1,-1
493,5,471,1328,50,50,1,-1,-1,-1
494,2,718,881,50,50,1,-1,-1,-1
494,4,558,921,50,50,1,-1,-1,-1
494,5,484,1309,50,50,1,-1,-1,-1
495,2,730,932,50,50,1,-1,-1,-1
495,4,547,885,50,50,1,-1,-1,-1
495,5,493,1232,50,50,1,-1,-1,-1
496,2,744,990,50,50,1,-1,-1,-1
496,4,437,885,50,50,1,-1,-1,-1
496,5,493,1167,50,50,1,-1,-1,-1
497,2,752,1034,50,50,1,-1,-1,-1
497,4,432,929,50,50,1,-1,-1,-1
497,5,503,1099,50,50,1,-1,-1,-1
498,2,752,1064,50,50,1,-1,-1,-1
498,4,426,980,50,50,1,-1,-1,-1
498,5,514,797,50,50,1,-1,-1,-1
499,2,733,1098,50,50,1,-1,-1,-1
499,4,420,1036,50,50,1,-1,-1,-1
499,5,505,779,50,50,1,-1,-1,-1
500,2,714,1146,50,50,1,-1,-1,-1
500,4,416,1094,50,50,1,-1,-1,-1
500,5,528,913,50,50,1,-1,-1,-1
501,2,689,1202,50,50,1,-1,-1,-1
501,4,413,1143,50,50,1,-1,-1,-1
501,5,537,870,50,50,1,-1,-1,-1
502,2,663,1272,50,50,1,-1,-1,-1
502,4,407,1179,50,50,1,-1,-1,-1
502,5,546,824,50,50,1,-1,-1,-1
503,2,637,1272,50,50,1,-1,-1,-1
503,4,410,1213,50,50,1,-1,-1,-1
503,5,556,785,50,50,1,-1,-1,-1
504,2,604,1203,50,50,1,-1,-1,-1
504,4,426,1250,50,50,1,-1,-1,-1
504,5,628,828,50,50,1,-1,-1,-1
505,2,592,1146,50,50,1,-1,-1,-1
505,4,446,1303,50,50,1,-1,-1,-1
505,5,636,869,50,50,1,-1,-1,-1
506,2,587,1087,50,50,1,-1,-1,-1
506,4,460,1328,50,50,1,-1,-1,-1
506,5,645,916,50,50,1,-1,-1,-1
507,2,433,821,50,50,1,-1,-1,-1
507,4,472,1335,50,50,1,-1,-1,-1
507,5,654,968,50,50,1,-1,-1,-1
508,2,422,847,50,50,1,-1,-1,-1
508,4,481,1302,50,50,1,-1,-1,-1
508,5,664,1026,50,50,1,-1,-1,-1
509,2,562,900,50,50,1,-1,-1,-1
509,4,481,1217,50,50,1,-1,-1,-1
509,5,671,1069,50,50,1,-1,-1,-1
510,2,553,850,50,50,1,-1,-1,-1
510,4,484,1139,50,50,1,-1,-1,-1
510,5,678,1109,50,50,1,-1,-1,-1
511,2,545,805,50,50,1,-1,-1,-1
511,4,487,1082,50,50,1,-1,-1,-1
511,5,686,1141,50,50,1,-1,-1,-1
512,2,538,766,50,50,1,-1,-1,-1
512,4,388,1015,50,50,1,-1,-1,-1
512,5,673,1189,50,50,1,-1,-1,-1
513,2,530,732,50,50,1,-1,-1,-1
513,4,380,1071,50,50,1,-1,-1,-1
513,5,661,1235,50,50,1,-1,-1,-1
514,2,522,703,50,50,1,-1,-1,-1
514,4,373,1131,50,50,1,-1,-1,-1
514,5,656,1286,50,50,1,-1,-1,-1
515,2,509,838,50,50,1,-1,-1,-1
515,4,366,1184,50,50,1,-1,-1,-1
515,5,646,1274,50,50,1,-1,-1,-1
516,2,515,792,50,50,1,-1,-1,-1
516,4,363,1230,50,50,1,-1,-1,-1
516,5,629,1194,50,50,1,-1,-1,-1
517,2,521,751,50,50,1,-1,-1,-1
517,4,376,1262,50,50,1,-1,-1,-1
517,5,617,1138,50,50,1,-1,-1,-1
518,2,533,687,50,50,1,-1,-1,-1
518,4,407,1334,50,50,1,-1,-1,-1
518,5,599,1018,50,50,1,-1,-1,-1
519,2,540,662,50,50,1,-1,-1,-1
519,4,427,1355,50,50,1,-1,-1,-1
519,5,589,959,50,50,1,-1,-1,-1
520,2,549,646,50,50,1,-1,-1,-1
520,4,449,1358,50,50,1,-1,-1,-1
520,5,577,907,50,50,1,-1,-1,-1
521,2,472,666,50,50,1,-1,-1,-1
521,4,461,1345,50,50,1,-1,-1,-1
521,5,567,861,50,50,1,-1,-1,-1
522,2,466,685,50,50,1,-1,-1,-1
522,4,482,1299,50,50,1,-1,-1,-1
522,5,557,821,50,50,1,-1,-1,-1
523,2,805,1085,50,50,1,-1,-1,-1
523,4,477,1215,50,50,1,-1,-1,-1
523,5,547,787,50,50,1,-1,-1,-1
524,2,793,1113,50,50,1,-1,-1,-1
524,4,485,1137,50,50,1,-1,-1,-1
524,5,538,758,50,50,1,-1,-1,-1
525,2,773,1150,50,50,1,-1,-1,-1
525,4,492,1070,50,50,1,-1,-1,-1
525,5,446,771,50,50,1,-1,-1,-1
526,2,758,1193,50,50,1,-1,-1,-1
526,4,492,1018,50,50,1,-1,-1,-1
526,5,440,812,50,50,1,-1,-1,-1
527,2,730,1236,50,50,1,-1,-1,-1
527,4,597,649,50,50,1,-1,-1,-1
527,5,435,859,50,50,1,-1,-1,-1
528,2,671,1305,50,50,1,-1,-1,-1
528,4,605,670,50,50,1,-1,-1,-1
528,5,430,912,50,50,1,-1,-1,-1
529,2,646,1309,50,50,1,-1,-1,-1
529,4,614,697,50,50,1,-1,-1,-1
529,5,424,972,50,50,1,-1,-1,-1
530,2,622,1276,50,50,1,-1,-1,-1
530,4,528,802,50,50,1,-1,-1,-1
530,5,419,1034,50,50,1,-1,-1,-1
531,2,594,1191,50,50,1,-1,-1,-1
531,4,631,766,50,50,1,-1,-1,-1
531,5,415,1082,50,50,1,-1,-1,-1
532,2,580,1123,50,50,1,-1,-1,-1
532,4,641,809,50,50,1,-1,-1,-1
533,2,578,1072,50,50,1,-1,-1,-1
533,4,650,858,50,50,1,-1,-1,-1
533,5,432,1184,50,50,1,-1,-1,-1
534,2,457,757,50,50,1,-1,-1,-1
534,4,660,913,50,50,1,-1,-1,-1
534,5,440,1234,50,50,1,-1,-1,-1
535,2,572,671,50,50,1,-1,-1,-1
535,4,670,973,50,50,1,-1,-1,-1
535,5,463,1304,50,50,1,-1,-1,-1
536,2,580,660,50,50,1,-1,-1,-1
536,4,680,1036,50,50,1,-1,-1,-1
536,5,474,1300,50,50,1,-1,-1,-1
537,2,589,654,50,50,1,-1,-1,-1
537,4,688,1081,50,50,1,-1,-1,-1
537,5,478,1218,50,50,1,-1,-1,-1
538,2,429,902,50,50,1,-1,-1,-1
538,4,693,1120,50,50,1,-1,-1,-1
538,5,484,1149,50,50,1,-1,-1,-1
539,2,514,753,50,50,1,-1,-1,-1
539,4,684,1164,50,50,1,-1,-1,-1
539,5,487,1084,50,50,1,-1,-1,-1
540,2,505,721,50,50,1,-1,-1,-1
540,4,669,1211,50,50,1,-1,-1,-1
540,5,416,1007,50,50,1,-1,-1,-1
541,2,496,696,50,50,1,-1,-1,-1
541,4,654,1277,50,50,1,-1,-1,-1
541,5,410,1068,50,50,1,-1,-1,-1
542,2,634,694,50,50,1,-1,-1,-1
542,4,647,1291,50,50,1,-1,-1,-1
542,5,403,1130,50,50,1,-1,-1,-1
543,2,644,718,50,50,1,-1,-1,-1
543,4,644,1260,50,50,1,-1,-1,-1
543,5,433,1171,50,50,1,-1,-1,-1
544,2,516,781,50,50,1,-1,-1,-1
544,4,621,1180,50,50,1,-1,-1,-1
544,5,400,1209,50,50,1,-1,-1,-1
545,2,528,701,50,50,1,-1,-1,-1
545,4,600,1055,50,50,1,-1,-1,-1
545,5,435,1306,50,50,1,-1,-1,-1
546,2,536,671,50,50,1,-1,-1,-1
546,4,686,864,50,50,1,-1,-1,-1
546,5,452,1337,50,50,1,-1,-1,-1
547,2,541,643,50,50,1,-1,-1,-1
547,4,697,913,50,50,1,-1,-1,-1
547,5,465,1350,50,50,1,-1,-1,-1
548,2,433,686,50,50,1,-1,-1,-1
548,4,709,969,50,50,1,-1,-1,-1
548,5,475,1331,50,50,1,-1,-1,-1
549,2,424,705,50,50,1,-1,-1,-1
549,4,721,1029,50,50,1,-1,-1,-1
549,5,474,1288,50,50,1,-1,-1,-1
550,2,544,802,50,50,1,-1,-1,-1
550,4,731,1083,50,50,1,-1,-1,-1
550,5,480,1186,50,50,1,-1,-1,-1
551,2,409,765,50,50,1,-1,-1,-1
551,4,732,1123,50,50,1,-1,-1,-1
551,5,487,1112,50,50,1,-1,-1,-1
552,2,402,803,50,50,1,-1,-1,-1
552,4,733,1157,50,50,1,-1,-1,-1
552,5,489,1053,50,50,1,-1,-1,-1
553,2,395,848,50,50,1,-1,-1,-1
553,4,718,1198,50,50,1,-1,-1,-1
553,5,488,983,50,50,1,-1,-1,-1
554,2,388,897,50,50,1,-1,-1,-1
554,4,712,1237,50,50,1,-1,-1,-1
554,5,447,1079,50,50,1,-1,-1,-1
555,2,381,953,50,50,1,-1,-1,-1
555,4,662,1297,50,50,1,-1,-1,-1
555,5,599,613,50,50,1,-1,-1,-1
556,2,374,1013,50,50,1,-1,-1,-1
556,4,646,1305,50,50,1,-1,-1,-1
556,5,607,632,50,50,1,-1,-1,-1
557,2,372,1064,50,50,1,-1,-1,-1
557,4,627,1275,50,50,1,-1,-1,-1
557,5,518,770,50,50,1,-1,-1,-1
558,4,600,1196,50,50,1,-1,-1,-1
558,5,524,732,50,50,1,-1,-1,-1
559,2,378,1143,50,50,1,-1,-1,-1
559,4,589,1129,50,50,1,-1,-1,-1
559,5,633,719,50,50,1,-1,-1,-1
560,2,402,1194,50,50,1,-1,-1,-1
560,4,579,1073,50,50,1,-1,-1,-1
560,5,642,758,50,50,1,-1,-1,-1
561,2,415,1235,50,50,1,-1,-1,-1
561,4,575,1018,50,50,1,-1,-1,-1
561,5,652,802,50,50,1,-1,-1,-1
562,2,446,1298,50,50,1,-1,-1,-1
562,4,440,758,50,50,1,-1,-1,-1
562,5,661,853,50,50,1,-1,-1,-1
563,2,453,1311,50,50,1,-1,-1,-1
563,4,561,621,50,50,1,-1,-1,-1
563,5,671,909,50,50,1,-1,-1,-1
564,2,432,1245,50,50,1,-1,-1,-1
564,4,568,614,50,50,1,-1,-1,-1
564,5,682,971,50,50,1,-1,-1,-1
565,2,463,1191,50,50,1,-1,-1,-1
565,4,576,612,50,50,1,-1,-1,-1
565,5,691,1035,50,50,1,-1,-1,-1
566,2,465,1119,50,50,1,-1,-1,-1
566,4,584,616,50,50,1,-1,-1,-1
566,5,698,1087,50,50,1,-1,-1,-1
567,2,469,1057,50,50,1,-1,-1,-1
567,4,490,739,50,50,1,-1,-1,-1
567,5,702,1134,50,50,1,-1,-1,-1
568,2,474,988,50,50,1,-1,-1,-1
568,4,479,714,50,50,1,-1,-1,-1
568,5,684,1190,50,50,1,-1,-1,-1
569,2,480,925,50,50,1,-1,-1,-1
569,4,605,651,50,50,1,-1,-1,-1
569,5,679,1267,50,50,1,-1,-1,-1
570,2,486,869,50,50,1,-1,-1,-1
570,4,614,675,50,50,1,-1,-1,-1
570,5,646,1318,50,50,1,-1,-1,-1
571,2,492,819,50,50,1,-1,-1,-1
571,4,623,704,50,50,1,-1,-1,-1
571,5,627,1313,50,50,1,-1,-1,-1
572,2,375,1192,50,50,1,-1,-1,-1
572,4,633,738,50,50,1,-1,-1,-1
572,5,609,1275,50,50,1,-1,-1,-1
573,2,396,1264,50,50,1,-1,-1,-1
573,4,652,825,50,50,1,-1,-1,-1
573,5,581,1113,50,50,1,-1,-1,-1
574,2,427,1317,50,50,1,-1,-1,-1
574,4,662,877,50,50,1,-1,-1,-1
574,5,578,1059,50,50,1,-1,-1,-1
575,2,443,1335,50,50,1,-1,-1,-1
575,4,672,934,50,50,1,-1,-1,-1
575,5,526,653,50,50,1,-1,-1,-1
576,2,453,1317,50,50,1,-1,-1,-1
576,4,683,999,50,50,1,-1,-1,-1
576,5,532,635,50,50,1,-1,-1,-1
577,2,434,1246,50,50,1,-1,-1,-1
577,4,693,1053,50,50,1,-1,-1,-1
577,5,549,877,50,50,1,-1,-1,-1
578,2,461,1185,50,50,1,-1,-1,-1
578,4,702,1093,50,50,1,-1,-1,-1
578,5,541,830,50,50,1,-1,-1,-1
579,2,470,1110,50,50,1,-1,-1,-1
579,4,706,1110,50,50,1,-1,-1,-1
579,5,554,612,50,50,1,-1,-1,-1
580,2,474,1051,50,50,1,-1,-1,-1
580,4,689,1146,50,50,1,-1,-1,-1
580,5,525,755,50,50,1,-1,-1,-1
581,2,337,920,50,50,1,-1,-1,-1
581,4,669,1187,50,50,1,-1,-1,-1
581,5,518,725,50,50,1,-1,-1,-1
582,2,327,975,50,50,1,-1,-1,-1
582,4,651,1226,50,50,1,-1,-1,-1
582,5,511,702,50,50,1,-1,-1,-1
583,2,318,1036,50,50,1,-1,-1,-1
583,4,605,1300,50,50,1,-1,-1,-1
583,5,582,645,50,50,1,-1,-1,-1
584,2,311,1087,50,50,1,-1,-1,-1
584,4,607,1318,50,50,1,-1,-1,-1
584,5,591,667,50,50,1,-1,-1,-1
585,2,303,1134,50,50,1,-1,-1,-1
585,4,600,1303,50,50,1,-1,-1,-1
585,5,506,774,50,50,1,-1,-1,-1
586,2,306,1166,50,50,1,-1,-1,-1
586,4,573,1215,50,50,1,-1,-1,-1
586,5,513,735,50,50,1,-1,-1,-1
587,2,320,1205,50,50,1,-1,-1,-1
587,4,570,1156,50,50,1,-1,-1,-1
587,5,617,764,50,50,1,-1,-1,-1
588,2,342,1246,50,50,1,-1,-1,-1
588,4,564,1091,50,50,1,-1,-1,-1
588,5,626,807,50,50,1,-1,-1,-1
589,2,395,1308,50,50,1,-1,-1,-1
589,4,566,1029,50,50,1,-1,-1,-1
589,5,636,856,50,50,1,-1,-1,-1
590,2,434,1336,50,50,1,-1,-1,-1
590,4,543,639,50,50,1,-1,-1,-1
590,5,645,910,50,50,1,-1,-1,-1
591,2,463,1336,50,50,1,-1,-1,-1
591,4,458,723,50,50,1,-1,-1,-1
591,5,656,970,50,50,1,-1,-1,-1
592,2,483,1301,50,50,1,-1,-1,-1
592,4,532,853,50,50,1,-1,-1,-1
592,5,666,1032,50,50,1,-1,-1,-1
593,2,484,1225,50,50,1,-1,-1,-1
593,4,524,808,50,50,1,-1,-1,-1
593,5,673,1081,50,50,1,-1,-1,-1
594,2,491,1151,50,50,1,-1,-1,-1
594,4,441,821,50,50,1,-1,-1,-1
594,5,676,1122,50,50,1,-1,-1,-1
595,2,493,1088,50,50,1,-1,-1,-1
595,4,436,865,50,50,1,-1,-1,-1
595,5,669,1169,50,50,1,-1,-1,-1
596,2,502,705,50,50,1,-1,-1,-1
596,4,431,915,50,50,1,-1,-1,-1
596,5,669,1227,50,50,1,-1,-1,-1
597,2,495,682,50,50,1,-1,-1,-1
597,4,427,970,50,50,1,-1,-1,-1
597,5,642,1297,50,50,1,-1,-1,-1
598,2,606,680,50,50,1,-1,-1,-1
598,4,422,1030,50,50,1,-1,-1,-1
598,5,629,1312,50,50,1,-1,-1,-1
599,2,616,709,50,50,1,-1,-1,-1
599,4,418,1082,50,50,1,-1,-1,-1
599,5,619,1291,50,50,1,-1,-1,-1
600,2,518,816,50,50,1,-1,-1,-1
600,4,416,1116,50,50,1,-1,-1,-1
600,5,612,1240,50,50,1,-1,-1,-1
601,2,645,828,50,50,1,-1,-1,-1
601,4,422,1173,50,50,1,-1,-1,-1
601,5,583,1084,50,50,1,-1,-1,-1
602,2,536,720,50,50,1,-1,-1,-1
602,4,433,1206,50,50,1,-1,-1,-1
602,5,656,879,50,50,1,-1,-1,-1
603,2,666,935,50,50,1,-1,-1,-1
603,4,433,1214,50,50,1,-1,-1,-1
603,5,543,698,50,50,1,-1,-1,-1
604,2,677,998,50,50,1,-1,-1,-1
604,4,430,1204,50,50,1,-1,-1,-1
604,5,450,688,50,50,1,-1,-1,-1
605,2,688,1058,50,50,1,-1,-1,-1
605,4,426,1188,50,50,1,-1,-1,-1
605,5,443,708,50,50,1,-1,-1,-1
606,2,697,1094,50,50,1,-1,-1,-1
606,4,408,1154,50,50,1,-1,-1,-1
606,5,532,808,50,50,1,-1,-1,-1
607,2,696,1109,50,50,1,-1,-1,-1
607,4,401,1139,50,50,1,-1,-1,-1
607,5,523,770,50,50,1,-1,-1,-1
608,2,683,1124,50,50,1,-1,-1,-1
608,4,402,1128,50,50,1,-1,-1,-1
608,5,514,738,50,50,1,-1,-1,-1
609,2,665,1138,50,50,1,-1,-1,-1
609,4,379,1125,50,50,1,-1,-1,-1
609,5,505,711,50,50,1,-1,-1,-1
610,2,418,905,50,50,1,-1,-1,-1
610,4,369,1120,50,50,1,-1,-1,-1
610,5,500,693,50,50,1,-1,-1,-1
611,2,414,961,50,50,1,-1,-1,-1
611,4,361,1125,50,50,1,-1,-1,-1
611,5,594,701,50,50,1,-1,-1,-1
612,4,409,1023,50,50,1,-1,-1,-1
612,5,602,725,50,50,1,-1,-1,-1
613,2,476,663,50,50,1,-1,-1,-1
613,4,406,1085,50,50,1,-1,-1,-1
613,5,610,755,50,50,1,-1,-1,-1
614,2,468,662,50,50,1,-1,-1,-1
614,4,358,1132,50,50,1,-1,-1,-1
614,5,618,790,50,50,1,-1,-1,-1
615,2,460,666,50,50,1,-1,-1,-1
615,4,359,1141,50,50,1,-1,-1,-1
615,5,627,830,50,50,1,-1,-1,-1
616,2,453,676,50,50,1,-1,-1,-1
616,4,363,1153,50,50,1,-1,-1,-1
616,5,636,877,50,50,1,-1,-1,-1
617,2,446,691,50,50,1,-1,-1,-1
617,4,367,1162,50,50,1,-1,-1,-1
617,5,645,929,50,50,1,-1,-1,-1
618,2,438,711,50,50,1,-1,-1,-1
618,4,375,1165,50,50,1,-1,-1,-1
618,5,654,987,50,50,1,-1,-1,-1
619,2,431,736,50,50,1,-1,-1,-1
619,4,375,1169,50,50,1,-1,-1,-1
619,5,664,1052,50,50,1,-1,-1,-1
620,2,424,767,50,50,1,-1,-1,-1
620,4,372,1172,50,50,1,-1,-1,-1
620,5,675,1097,50,50,1,-1,-1,-1
621,2,417,803,50,50,1,-1,-1,-1
621,4,364,1175,50,50,1,-1,-1,-1
621,5,684,1127,50,50,1,-1,-1,-1
622,2,409,844,50,50,1,-1,-1,-1
622,4,361,1173,50,50,1,-1,-1,-1
622,5,693,1133,50,50,1,-1,-1,-1
623,2,402,891,50,50,1,-1,-1,-1
623,4,381,1160,50,50,1,-1,-1,-1
623,5,694,1141,50,50,1,-1,-1,-1
624,2,395,945,50,50,1,-1,-1,-1
624,4,355,1169,50,50,1,-1,-1,-1
624,5,694,1148,50,50,1,-1,-1,-1
625,2,389,1004,50,50,1,-1,-1,-1
625,4,353,1167,50,50,1,-1,-1,-1
625,5,694,1152,50,50,1,-1,-1,-1
626,2,383,1070,50,50,1,-1,-1,-1
626,5,694,1156,50,50,1,-1,-1,-1
627,2,378,1129,50,50,1,-1,-1,-1
627,5,693,1159,50,50,1,-1,-1,-1
628,4,387,1148,50,50,1,-1,-1,-1
628,5,694,1159,50,50,1,-1,-1,-1
629,2,501,1797,50,50,1,-1,-1,-1
629,4,382,1159,50,50,1,-1,-1,-1
629,5,696,1159,50,50,1,-1,-1,-1
630,4,382,1163,50,50,1,-1,-1,-1
630,5,698,1158,50,50,1,-1,-1,-1
631,4,383,1164,50,50,1,-1,-1,-1
631,5,699,1157,50,50,1,-1,-1,-1
632,4,384,1166,50,50,1,-1,-1,-1
632,5,700,1156,50,50,1,-1,-1,-1
633,4,385,1166,50,50,1,-1,-1,-1
633,5,700,1156,50,50,1,-1,-1,-1
634,4,385,1166,50,50,1,-1,-1,-1
634,5,701,1155,50,50,1,-1,-1,-1
635,4,385,1167,50,50,1,-1,-1,-1
635,5,701,1156,50,50,1,-1,-1,-1
636,4,385,1167,50,50,1,-1,-1,-1
636,5,700,1156,50,50,1,-1,-1,-1
637,4,385,1168,50,50,1,-1,-1,-1
637,5,700,1157,50,50,1,-1,-1,-1
638,4,385,1169,50,50,1,-1,-1,-1
638,5,699,1158,50,50,1,-1,-1,-1
639,4,385,1172,50,50,1,-1,-1,-1
639,5,700,1159,50,50,1,-1,-1,-1
640,4,384,1176,50,50,1,-1,-1,-1
640,5,699,1164,50,50,1,-1,-1,-1
641,4,383,1182,50,50,1,-1,-1,-1
641,5,699,1166,50,50,1,-1,-1,-1
642,4,379,1188,50,50,1,-1,-1,-1
642,5,696,1177,50,50,1,-1,-1,-1
643,4,368,1204,50,50,1,-1,-1,-1
643,5,687,1199,50,50,1,-1,-1,-1
644,4,366,1225,50,50,1,-1,-1,-1
644,5,682,1230,50,50,1,-1,-1,-1
645,4,364,1252,50,50,1,-1,-1,-1
645,5,678,1265,50,50,1,-1,-1,-1
646,4,364,1287,50,50,1,-1,-1,-1
646,5,687,1313,50,50,1,-1,-1,-1
647,4,367,1326,50,50,1,-1,-1,-1
647,5,666,1362,50,50,1,-1,-1,-1
648,4,371,1364,50,50,1,-1,-1,-1
648,5,654,1392,50,50,1,-1,-1,-1
649,4,376,1396,50,50,1,-1,-1,-1
649,5,649,1417,50,50,1,-1,-1,-1
