1,1,627,1208,50,50,1,-1,-1,-1
2,1,624,1203,50,50,1,-1,-1,-1
3,1,627,1201,50,50,1,-1,-1,-1
4,1,642,1199,50,50,1,-1,-1,-1
5,1,655,1192,50,50,1,-1,-1,-1
6,1,670,1186,50,50,1,-1,-1,-1
7,1,685,1179,50,50,1,-1,-1,-1
8,1,700,1169,50,50,1,-1,-1,-1
9,1,719,1153,50,50,1,-1,-1,-1
10,1,734,1140,50,50,1,-1,-1,-1
11,1,747,1126,50,50,1,-1,-1,-1
12,1,754,1110,50,50,1,-1,-1,-1
13,1,755,1097,50,50,1,-1,-1,-1
14,1,750,1084,50,50,1,-1,-1,-1
15,1,728,1073,50,50,1,-1,-1,-1
16,1,703,1061,50,50,1,-1,-1,-1
17,1,668,1049,50,50,1,-1,-1,-1
18,1,615,1031,50,50,1,-1,-1,-1
19,1,569,1019,50,50,1,-1,-1,-1
20,1,528,1018,50,50,1,-1,-1,-1
21,1,488,1026,50,50,1,-1,-1,-1
22,1,451,1028,50,50,1,-1,-1,-1
23,1,429,1020,50,50,1,-1,-1,-1
24,1,405,1012,50,50,1,-1,-1,-1
25,1,382,1006,50,50,1,-1,-1,-1
26,1,356,1008,50,50,1,-1,-1,-1
27,1,327,1014,50,50,1,-1,-1,-1
28,1,304,1018,50,50,1,-1,-1,-1
29,1,285,1024,50,50,1,-1,-1,-1
30,1,278,1032,50,50,1,-1,-1,-1
31,1,269,1040,50,50,1,-1,-1,-1
32,1,270,1044,50,50,1,-1,-1,-1
33,1,285,1043,50,50,1,-1,-1,-1
34,1,305,1043,50,50,1,-1,-1,-1
35,1,329,1043,50,50,1,-1,-1,-1
36,1,364,1038,50,50,1,-1,-1,-1
37,1,410,1031,50,50,1,-1,-1,-1
38,1,473,1022,50,50,1,-1,-1,-1
39,1,524,1018,50,50,1,-1,-1,-1
40,1,571,1019,50,50,1,-1,-1,-1
41,1,594,1022,50,50,1,-1,-1,-1
42,1,608,1023,50,50,1,-1,-1,-1
43,1,621,1023,50,50,1,-1,-1,-1
44,1,638,1023,50,50,1,-1,-1,-1
45,1,657,1023,50,50,1,-1,-1,-1
46,1,676,1023,50,50,1,-1,-1,-1
47,1,693,1025,50,50,1,-1,-1,-1
48,1,709,1026,50,50,1,-1,-1,-1
49,1,715,1026,50,50,1,-1,-1,-1
50,1,719,1023,50,50,1,-1,-1,-1
51,1,713,1024,50,50,1,-1,-1,-1
52,1,693,1023,50,50,1,-1,-1,-1
53,1,670,1020,50,50,1,-1,-1,-1
54,1,644,1017,50,50,1,-1,-1,-1
55,1,598,1012,50,50,1,-1,-1,-1
56,1,547,1009,50,50,1,-1,-1,-1
57,1,505,1014,50,50,1,-1,-1,-1
58,1,473,1018,50,50,1,-1,-1,-1
59,1,441,1019,50,50,1,-1,-1,-1
60,1,431,1009,50,50,1,-1,-1,-1
61,1,406,1006,50,50,1,-1,-1,-1
62,1,376,1006,50,50,1,-1,-1,-1
63,1,346,1010,50,50,1,-1,-1,-1
64,1,319,1015,50,50,1,-1,-1,-1
65,1,304,1021,50,50,1,-1,-1,-1
66,1,290,1024,50,50,1,-1,-1,-1
67,1,280,1028,50,50,1,-1,-1,-1
68,1,279,1029,50,50,1,-1,-1,-1
69,1,290,1031,50,50,1,-1,-1,-1
70,1,314,1032,50,50,1,-1,-1,-1
71,1,341,1027,50,50,1,-1,-1,-1
72,1,374,1026,50,50,1,-1,-1,-1
73,1,423,1021,50,50,1,-1,-1,-1
74,1,468,1014,50,50,1,-1,-1,-1
75,1,510,1014,50,50,1,-1,-1,-1
76,1,552,1018,50,50,1,-1,-1,-1
77,1,587,1019,50,50,1,-1,-1,-1
78,1,615,1022,50,50,1,-1,-1,-1
79,1,630,1020,50,50,1,-1,-1,-1
80,1,652,1018,50,50,1,-1,-1,-1
81,1,678,1022,50,50,1,-1,-1,-1
82,1,698,1021,50,50,1,-1,-1,-1
83,1,712,1021,50,50,1,-1,-1,-1
84,1,722,1021,50,50,1,-1,-1,-1
85,1,729,1022,50,50,1,-1,-1,-1
86,1,720,1022,50,50,1,-1,-1,-1
87,1,696,1021,50,50,1,-1,-1,-1
88,1,679,1022,50,50,1,-1,-1,-1
89,1,650,1020,50,50,1,-1,-1,-1
90,1,601,1012,50,50,1,-1,-1,-1
91,1,564,1010,50,50,1,-1,-1,-1
92,1,519,1014,50,50,1,-1,-1,-1
93,1,476,1024,50,50,1,-1,-1,-1
94,1,449,1029,50,50,1,-1,-1,-1
95,1,432,1028,50,50,1,-1,-1,-1
96,1,403,1027,50,50,1,-1,-1,-1
97,1,376,1027,50,50,1,-1,-1,-1
98,1,347,1028,50,50,1,-1,-1,-1
99,1,319,1029,50,50,1,-1,-1,-1
100,1,304,1033,50,50,1,-1,-1,-1
101,1,288,1036,50,50,1,-1,-1,-1
102,1,277,1037,50,50,1,-1,-1,-1
103,1,285,1035,50,50,1,-1,-1,-1
104,1,302,1033,50,50,1,-1,-1,-1
105,1,321,1031,50,50,1,-1,-1,-1
106,1,353,1029,50,50,1,-1,-1,-1
107,1,403,1022,50,50,1,-1,-1,-1
108,1,458,1012,50,50,1,-1,-1,-1
109,1,507,1008,50,50,1,-1,-1,-1
110,1,550,1013,50,50,1,-1,-1,-1
111,1,588,1020,50,50,1,-1,-1,-1
112,1,616,1021,50,50,1,-1,-1,-1
113,1,639,1019,50,50,1,-1,-1,-1
114,1,663,1020,50,50,1,-1,-1,-1
115,1,687,1021,50,50,1,-1,-1,-1
116,1,706,1023,50,50,1,-1,-1,-1
117,1,719,1025,50,50,1,-1,-1,-1
118,1,724,1027,50,50,1,-1,-1,-1
119,1,729,1028,50,50,1,-1,-1,-1
120,1,727,1029,50,50,1,-1,-1,-1
121,1,702,1030,50,50,1,-1,-1,-1
122,1,682,1026,50,50,1,-1,-1,-1
123,1,650,1022,50,50,1,-1,-1,-1
124,1,604,1013,50,50,1,-1,-1,-1
125,1,556,1009,50,50,1,-1,-1,-1
126,1,513,1013,50,50,1,-1,-1,-1
127,1,469,1019,50,50,1,-1,-1,-1
128,1,434,1024,50,50,1,-1,-1,-1
129,1,410,1020,50,50,1,-1,-1,-1
130,1,383,1018,50,50,1,-1,-1,-1
131,1,352,1019,50,50,1,-1,-1,-1
132,1,322,1022,50,50,1,-1,-1,-1
133,1,303,1023,50,50,1,-1,-1,-1
134,1,292,1024,50,50,1,-1,-1,-1
135,1,289,1028,50,50,1,-1,-1,-1
136,1,289,1030,50,50,1,-1,-1,-1
137,1,319,1030,50,50,1,-1,-1,-1
138,1,341,1031,50,50,1,-1,-1,-1
139,1,369,1031,50,50,1,-1,-1,-1
140,1,410,1027,50,50,1,-1,-1,-1
141,1,462,1023,50,50,1,-1,-1,-1
142,1,511,1025,50,50,1,-1,-1,-1
143,1,552,1030,50,50,1,-1,-1,-1
144,1,585,1030,50,50,1,-1,-1,-1
145,1,615,1029,50,50,1,-1,-1,-1
146,1,645,1028,50,50,1,-1,-1,-1
147,1,671,1027,50,50,1,-1,-1,-1
148,1,694,1029,50,50,1,-1,-1,-1
149,1,717,1029,50,50,1,-1,-1,-1
150,1,737,1028,50,50,1,-1,-1,-1
151,1,744,1027,50,50,1,-1,-1,-1
152,1,745,1023,50,50,1,-1,-1,-1
153,1,746,1022,50,50,1,-1,-1,-1
154,1,737,1022,50,50,1,-1,-1,-1
155,1,715,1019,50,50,1,-1,-1,-1
156,1,695,1018,50,50,1,-1,-1,-1
157,1,656,1015,50,50,1,-1,-1,-1
158,1,601,1009,50,50,1,-1,-1,-1
159,1,555,1009,50,50,1,-1,-1,-1
160,1,511,1012,50,50,1,-1,-1,-1
161,1,468,1022,50,50,1,-1,-1,-1
162,1,431,1027,50,50,1,-1,-1,-1
163,1,411,1030,50,50,1,-1,-1,-1
164,1,374,1029,50,50,1,-1,-1,-1
165,1,348,1028,50,50,1,-1,-1,-1
166,1,319,1031,50,50,1,-1,-1,-1
167,1,297,1032,50,50,1,-1,-1,-1
168,1,288,1035,50,50,1,-1,-1,-1
169,1,281,1038,50,50,1,-1,-1,-1
170,1,276,1041,50,50,1,-1,-1,-1
171,1,285,1039,50,50,1,-1,-1,-1
172,1,306,1036,50,50,1,-1,-1,-1
173,1,330,1035,50,50,1,-1,-1,-1
174,1,363,1033,50,50,1,-1,-1,-1
175,1,408,1028,50,50,1,-1,-1,-1
176,1,461,1021,50,50,1,-1,-1,-1
177,1,509,1019,50,50,1,-1,-1,-1
178,1,554,1025,50,50,1,-1,-1,-1
179,1,587,1025,50,50,1,-1,-1,-1
180,1,610,1022,50,50,1,-1,-1,-1
181,1,637,1021,50,50,1,-1,-1,-1
182,1,660,1024,50,50,1,-1,-1,-1
183,1,682,1027,50,50,1,-1,-1,-1
184,1,702,1028,50,50,1,-1,-1,-1
185,1,716,1030,50,50,1,-1,-1,-1
186,1,728,1030,50,50,1,-1,-1,-1
187,1,729,1029,50,50,1,-1,-1,-1
188,1,718,1023,50,50,1,-1,-1,-1
189,1,704,1017,50,50,1,-1,-1,-1
190,1,690,1015,50,50,1,-1,-1,-1
191,1,663,1011,50,50,1,-1,-1,-1
192,1,612,1002,50,50,1,-1,-1,-1
193,1,572,999,50,50,1,-1,-1,-1
194,1,534,1004,50,50,1,-1,-1,-1
195,1,494,1012,50,50,1,-1,-1,-1
196,1,470,1017,50,50,1,-1,-1,-1
197,1,440,1016,50,50,1,-1,-1,-1
198,1,416,1016,50,50,1,-1,-1,-1
199,1,382,1014,50,50,1,-1,-1,-1
200,1,349,1013,50,50,1,-1,-1,-1
201,1,324,1015,50,50,1,-1,-1,-1
202,1,302,1019,50,50,1,-1,-1,-1
203,1,285,1020,50,50,1,-1,-1,-1
204,1,274,1023,50,50,1,-1,-1,-1
205,1,277,1021,50,50,1,-1,-1,-1
206,1,287,1019,50,50,1,-1,-1,-1
207,1,306,1019,50,50,1,-1,-1,-1
208,1,327,1018,50,50,1,-1,-1,-1
209,1,358,1016,50,50,1,-1,-1,-1
210,1,399,1014,50,50,1,-1,-1,-1
211,1,453,1010,50,50,1,-1,-1,-1
212,1,504,1012,50,50,1,-1,-1,-1
213,1,550,1022,50,50,1,-1,-1,-1
214,1,586,1030,50,50,1,-1,-1,-1
215,1,613,1033,50,50,1,-1,-1,-1
216,1,636,1034,50,50,1,-1,-1,-1
217,1,661,1037,50,50,1,-1,-1,-1
218,1,685,1039,50,50,1,-1,-1,-1
219,1,704,1039,50,50,1,-1,-1,-1
220,1,715,1040,50,50,1,-1,-1,-1
221,1,721,1039,50,50,1,-1,-1,-1
222,1,728,1035,50,50,1,-1,-1,-1
223,1,725,1031,50,50,1,-1,-1,-1
224,1,705,1029,50,50,1,-1,-1,-1
225,1,685,1027,50,50,1,-1,-1,-1
226,1,663,1025,50,50,1,-1,-1,-1
227,1,613,1021,50,50,1,-1,-1,-1
228,1,554,1015,50,50,1,-1,-1,-1
229,1,504,1013,50,50,1,-1,-1,-1
230,1,453,1017,50,50,1,-1,-1,-1
231,1,412,1024,50,50,1,-1,-1,-1
232,1,380,1025,50,50,1,-1,-1,-1
233,1,356,1017,50,50,1,-1,-1,-1
234,1,327,1015,50,50,1,-1,-1,-1
235,1,299,1018,50,50,1,-1,-1,-1
236,1,283,1021,50,50,1,-1,-1,-1
237,1,274,1022,50,50,1,-1,-1,-1
238,1,270,1023,50,50,1,-1,-1,-1
239,1,275,1023,50,50,1,-1,-1,-1
240,1,283,1024,50,50,1,-1,-1,-1
241,1,300,1026,50,50,1,-1,-1,-1
242,1,324,1028,50,50,1,-1,-1,-1
243,1,354,1029,50,50,1,-1,-1,-1
244,1,395,1026,50,50,1,-1,-1,-1
245,1,448,1026,50,50,1,-1,-1,-1
246,1,500,1030,50,50,1,-1,-1,-1
247,1,546,1035,50,50,1,-1,-1,-1
248,1,583,1041,50,50,1,-1,-1,-1
249,1,606,1038,50,50,1,-1,-1,-1
250,1,636,1036,50,50,1,-1,-1,-1
251,1,662,1035,50,50,1,-1,-1,-1
252,1,684,1036,50,50,1,-1,-1,-1
253,1,708,1035,50,50,1,-1,-1,-1
254,1,729,1033,50,50,1,-1,-1,-1
255,1,735,1032,50,50,1,-1,-1,-1
256,1,728,1025,50,50,1,-1,-1,-1
257,1,719,1023,50,50,1,-1,-1,-1
258,1,700,1023,50,50,1,-1,-1,-1
259,1,678,1020,50,50,1,-1,-1,-1
260,1,645,1016,50,50,1,-1,-1,-1
261,1,592,1011,50,50,1,-1,-1,-1
262,1,536,1009,50,50,1,-1,-1,-1
263,1,489,1010,50,50,1,-1,-1,-1
264,1,445,1017,50,50,1,-1,-1,-1
265,1,407,1024,50,50,1,-1,-1,-1
266,1,380,1022,50,50,1,-1,-1,-1
267,1,351,1020,50,50,1,-1,-1,-1
268,1,331,1022,50,50,1,-1,-1,-1
269,1,311,1022,50,50,1,-1,-1,-1
270,1,294,1026,50,50,1,-1,-1,-1
271,1,289,1029,50,50,1,-1,-1,-1
272,1,281,1033,50,50,1,-1,-1,-1
273,1,283,1035,50,50,1,-1,-1,-1
274,1,303,1034,50,50,1,-1,-1,-1
275,1,327,1033,50,50,1,-1,-1,-1
276,1,357,1033,50,50,1,-1,-1,-1
277,1,389,1031,50,50,1,-1,-1,-1
278,1,447,1020,50,50,1,-1,-1,-1
279,1,491,1023,50,50,1,-1,-1,-1
280,1,540,1028,50,50,1,-1,-1,-1
281,1,576,1033,50,50,1,-1,-1,-1
282,1,605,1034,50,50,1,-1,-1,-1
283,1,627,1036,50,50,1,-1,-1,-1
284,1,657,1036,50,50,1,-1,-1,-1
285,1,680,1035,50,50,1,-1,-1,-1
286,1,699,1034,50,50,1,-1,-1,-1
287,1,714,1034,50,50,1,-1,-1,-1
288,1,728,1031,50,50,1,-1,-1,-1
289,1,732,1025,50,50,1,-1,-1,-1
290,1,731,1022,50,50,1,-1,-1,-1
291,1,718,1022,50,50,1,-1,-1,-1
292,1,700,1022,50,50,1,-1,-1,-1
293,1,680,1017,50,50,1,-1,-1,-1
294,1,655,1014,50,50,1,-1,-1,-1
295,1,600,1006,50,50,1,-1,-1,-1
296,1,547,1002,50,50,1,-1,-1,-1
297,1,505,1008,50,50,1,-1,-1,-1
298,1,468,1013,50,50,1,-1,-1,-1
299,1,441,1019,50,50,1,-1,-1,-1
300,1,409,1021,50,50,1,-1,-1,-1
301,1,382,1023,50,50,1,-1,-1,-1
302,1,351,1023,50,50,1,-1,-1,-1
303,1,322,1026,50,50,1,-1,-1,-1
304,1,307,1028,50,50,1,-1,-1,-1
305,1,299,1030,50,50,1,-1,-1,-1
306,1,291,1033,50,50,1,-1,-1,-1
307,1,294,1030,50,50,1,-1,-1,-1
308,1,304,1029,50,50,1,-1,-1,-1
309,1,324,1028,50,50,1,-1,-1,-1
310,1,349,1027,50,50,1,-1,-1,-1
311,1,382,1024,50,50,1,-1,-1,-1
312,1,431,1017,50,50,1,-1,-1,-1
313,1,476,1014,50,50,1,-1,-1,-1
314,1,518,1017,50,50,1,-1,-1,-1
315,1,558,1022,50,50,1,-1,-1,-1
316,1,589,1022,50,50,1,-1,-1,-1
317,1,610,1023,50,50,1,-1,-1,-1
318,1,633,1024,50,50,1,-1,-1,-1
319,1,656,1026,50,50,1,-1,-1,-1
320,1,678,1028,50,50,1,-1,-1,-1
321,1,693,1029,50,50,1,-1,-1,-1
322,1,705,1031,50,50,1,-1,-1,-1
323,1,712,1032,50,50,1,-1,-1,-1
324,1,716,1030,50,50,1,-1,-1,-1
325,1,706,1027,50,50,1,-1,-1,-1
326,1,683,1024,50,50,1,-1,-1,-1
327,1,656,1020,50,50,1,-1,-1,-1
328,1,624,1016,50,50,1,-1,-1,-1
329,1,584,1009,50,50,1,-1,-1,-1
330,1,541,1006,50,50,1,-1,-1,-1
331,1,497,1007,50,50,1,-1,-1,-1
332,1,455,1014,50,50,1,-1,-1,-1
333,1,420,1022,50,50,1,-1,-1,-1
334,1,393,1027,50,50,1,-1,-1,-1
335,1,366,1029,50,50,1,-1,-1,-1
336,1,355,1027,50,50,1,-1,-1,-1
337,1,327,1029,50,50,1,-1,-1,-1
338,1,304,1035,50,50,1,-1,-1,-1
339,1,292,1040,50,50,1,-1,-1,-1
340,1,285,1040,50,50,1,-1,-1,-1
341,1,291,1040,50,50,1,-1,-1,-1
342,1,306,1036,50,50,1,-1,-1,-1
343,1,319,1035,50,50,1,-1,-1,-1
344,1,353,1030,50,50,1,-1,-1,-1
345,1,385,1023,50,50,1,-1,-1,-1
346,1,424,1016,50,50,1,-1,-1,-1
347,1,476,1014,50,50,1,-1,-1,-1
348,1,521,1017,50,50,1,-1,-1,-1
349,1,566,1021,50,50,1,-1,-1,-1
350,1,604,1021,50,50,1,-1,-1,-1
351,1,631,1018,50,50,1,-1,-1,-1
352,1,656,1024,50,50,1,-1,-1,-1
353,1,678,1028,50,50,1,-1,-1,-1
354,1,699,1032,50,50,1,-1,-1,-1
355,1,714,1031,50,50,1,-1,-1,-1
356,1,722,1031,50,50,1,-1,-1,-1
357,1,726,1028,50,50,1,-1,-1,-1
358,1,722,1025,50,50,1,-1,-1,-1
359,1,706,1024,50,50,1,-1,-1,-1
360,1,687,1020,50,50,1,-1,-1,-1
361,1,658,1017,50,50,1,-1,-1,-1
362,1,618,1009,50,50,1,-1,-1,-1
363,1,567,999,50,50,1,-1,-1,-1
364,1,524,999,50,50,1,-1,-1,-1
365,1,479,1004,50,50,1,-1,-1,-1
366,1,446,1009,50,50,1,-1,-1,-1
367,1,410,1018,50,50,1,-1,-1,-1
368,1,374,1020,50,50,1,-1,-1,-1
369,1,346,1024,50,50,1,-1,-1,-1
370,1,325,1025,50,50,1,-1,-1,-1
371,1,303,1029,50,50,1,-1,-1,-1
372,1,283,1033,50,50,1,-1,-1,-1
373,1,280,1038,50,50,1,-1,-1,-1
374,1,281,1037,50,50,1,-1,-1,-1
375,1,290,1038,50,50,1,-1,-1,-1
376,1,306,1038,50,50,1,-1,-1,-1
377,1,325,1038,50,50,1,-1,-1,-1
378,1,349,1037,50,50,1,-1,-1,-1
379,1,386,1031,50,50,1,-1,-1,-1
380,1,435,1022,50,50,1,-1,-1,-1
381,1,484,1018,50,50,1,-1,-1,-1
382,1,534,1021,50,50,1,-1,-1,-1
383,1,581,1028,50,50,1,-1,-1,-1
384,1,613,1022,50,50,1,-1,-1,-1
385,1,642,1023,50,50,1,-1,-1,-1
386,1,668,1025,50,50,1,-1,-1,-1
387,1,690,1029,50,50,1,-1,-1,-1
388,1,704,1029,50,50,1,-1,-1,-1
389,1,717,1033,50,50,1,-1,-1,-1
390,1,731,1033,50,50,1,-1,-1,-1
391,1,731,1029,50,50,1,-1,-1,-1
392,1,721,1029,50,50,1,-1,-1,-1
393,1,701,1026,50,50,1,-1,-1,-1
394,1,683,1025,50,50,1,-1,-1,-1
395,1,653,1021,50,50,1,-1,-1,-1
396,1,602,1005,50,50,1,-1,-1,-1
397,1,552,1005,50,50,1,-1,-1,-1
398,1,494,1006,50,50,1,-1,-1,-1
399,1,449,1010,50,50,1,-1,-1,-1
400,1,407,1015,50,50,1,-1,-1,-1
401,1,378,1018,50,50,1,-1,-1,-1
402,1,353,1020,50,50,1,-1,-1,-1
403,1,323,1020,50,50,1,-1,-1,-1
404,1,307,1026,50,50,1,-1,-1,-1
405,1,294,1028,50,50,1,-1,-1,-1
406,1,290,1032,50,50,1,-1,-1,-1
407,1,285,1034,50,50,1,-1,-1,-1
408,1,297,1033,50,50,1,-1,-1,-1
409,1,310,1032,50,50,1,-1,-1,-1
410,1,328,1032,50,50,1,-1,-1,-1
411,1,358,1030,50,50,1,-1,-1,-1
412,1,397,1026,50,50,1,-1,-1,-1
413,1,441,1020,50,50,1,-1,-1,-1
414,1,487,1016,50,50,1,-1,-1,-1
415,1,533,1017,50,50,1,-1,-1,-1
416,1,572,1022,50,50,1,-1,-1,-1
417,1,604,1022,50,50,1,-1,-1,-1
418,1,633,1023,50,50,1,-1,-1,-1
419,1,658,1024,50,50,1,-1,-1,-1
420,1,678,1025,50,50,1,-1,-1,-1
421,1,697,1027,50,50,1,-1,-1,-1
422,1,716,1029,50,50,1,-1,-1,-1
423,1,725,1029,50,50,1,-1,-1,-1
424,1,727,1029,50,50,1,-1,-1,-1
425,1,714,1027,50,50,1,-1,-1,-1
426,1,699,1025,50,50,1,-1,-1,-1
427,1,677,1022,50,50,1,-1,-1,-1
428,1,647,1019,50,50,1,-1,-1,-1
429,1,605,1011,50,50,1,-1,-1,-1
430,1,556,1005,50,50,1,-1,-1,-1
431,1,504,1006,50,50,1,-1,-1,-1
432,1,458,1012,50,50,1,-1,-1,-1
433,1,421,1017,50,50,1,-1,-1,-1
434,1,391,1020,50,50,1,-1,-1,-1
435,1,365,1021,50,50,1,-1,-1,-1
436,1,340,1024,50,50,1,-1,-1,-1
437,1,316,1026,50,50,1,-1,-1,-1
438,1,296,1029,50,50,1,-1,-1,-1
439,1,286,1033,50,50,1,-1,-1,-1
440,1,284,1034,50,50,1,-1,-1,-1
441,1,292,1035,50,50,1,-1,-1,-1
442,1,306,1034,50,50,1,-1,-1,-1
443,1,325,1031,50,50,1,-1,-1,-1
444,1,352,1029,50,50,1,-1,-1,-1
445,1,384,1025,50,50,1,-1,-1,-1
446,1,435,1017,50,50,1,-1,-1,-1
447,1,484,1014,50,50,1,-1,-1,-1
448,1,525,1018,50,50,1,-1,-1,-1
449,1,566,1022,50,50,1,-1,-1,-1
450,1,601,1025,50,50,1,-1,-1,-1
451,1,624,1029,50,50,1,-1,-1,-1
452,1,644,1033,50,50,1,-1,-1,-1
453,1,666,1038,50,50,1,-1,-1,-1
454,1,690,1041,50,50,1,-1,-1,-1
455,1,705,1041,50,50,1,-1,-1,-1
456,1,714,1041,50,50,1,-1,-1,-1
457,1,716,1038,50,50,1,-1,-1,-1
458,1,710,1035,50,50,1,-1,-1,-1
459,1,698,1030,50,50,1,-1,-1,-1
460,1,680,1029,50,50,1,-1,-1,-1
461,1,653,1026,50,50,1,-1,-1,-1
462,1,606,1014,50,50,1,-1,-1,-1
463,1,552,1006,50,50,1,-1,-1,-1
464,1,501,1004,50,50,1,-1,-1,-1
465,1,457,1010,50,50,1,-1,-1,-1
466,1,418,1017,50,50,1,-1,-1,-1
467,1,390,1020,50,50,1,-1,-1,-1
468,1,364,1022,50,50,1,-1,-1,-1
469,1,337,1026,50,50,1,-1,-1,-1
470,1,314,1028,50,50,1,-1,-1,-1
471,1,301,1029,50,50,1,-1,-1,-1
472,1,290,1030,50,50,1,-1,-1,-1
473,1,280,1032,50,50,1,-1,-1,-1
474,1,284,1031,50,50,1,-1,-1,-1
475,1,294,1030,50,50,1,-1,-1,-1
476,1,314,1026,50,50,1,-1,-1,-1
477,1,337,1021,50,50,1,-1,-1,-1
478,1,361,1017,50,50,1,-1,-1,-1
479,1,402,1011,50,50,1,-1,-1,-1
480,1,455,1009,50,50,1,-1,-1,-1
481,1,507,1011,50,50,1,-1,-1,-1
482,1,552,1016,50,50,1,-1,-1,-1
483,1,584,1022,50,50,1,-1,-1,-1
484,1,608,1022,50,50,1,-1,-1,-1
485,1,635,1024,50,50,1,-1,-1,-1
486,1,660,1029,50,50,1,-1,-1,-1
487,1,682,1032,50,50,1,-1,-1,-1
488,1,701,1034,50,50,1,-1,-1,-1
489,1,713,1034,50,50,1,-1,-1,-1
490,1,725,1036,50,50,1,-1,-1,-1
491,1,731,1038,50,50,1,-1,-1,-1
492,1,721,1035,50,50,1,-1,-1,-1
493,1,706,1027,50,50,1,-1,-1,-1
494,1,683,1023,50,50,1,-1,-1,-1
495,1,654,1023,50,50,1,-1,-1,-1
496,1,611,1015,50,50,1,-1,-1,-1
497,1,559,1009,50,50,1,-1,-1,-1
498,1,503,1005,50,50,1,-1,-1,-1
499,1,456,1008,50,50,1,-1,-1,-1
500,1,417,1013,50,50,1,-1,-1,-1
501,1,384,1016,50,50,1,-1,-1,-1
502,1,356,1020,50,50,1,-1,-1,-1
503,1,332,1022,50,50,1,-1,-1,-1
504,1,308,1025,50,50,1,-1,-1,-1
505,1,289,1028,50,50,1,-1,-1,-1
506,1,281,1032,50,50,1,-1,-1,-1
507,1,278,1035,50,50,1,-1,-1,-1
508,1,277,1034,50,50,1,-1,-1,-1
509,1,290,1034,50,50,1,-1,-1,-1
510,1,312,1034,50,50,1,-1,-1,-1
511,1,334,1033,50,50,1,-1,-1,-1
512,1,368,1031,50,50,1,-1,-1,-1
513,1,404,1026,50,50,1,-1,-1,-1
514,1,455,1018,50,50,1,-1,-1,-1
515,1,506,1019,50,50,1,-1,-1,-1
516,1,556,1019,50,50,1,-1,-1,-1
517,1,592,1022,50,50,1,-1,-1,-1
518,1,628,1020,50,50,1,-1,-1,-1
519,1,660,1023,50,50,1,-1,-1,-1
520,1,679,1024,50,50,1,-1,-1,-1
521,1,697,1025,50,50,1,-1,-1,-1
522,1,707,1026,50,50,1,-1,-1,-1
523,1,714,1029,50,50,1,-1,-1,-1
524,1,717,1029,50,50,1,-1,-1,-1
525,1,704,1026,50,50,1,-1,-1,-1
526,1,678,1025,50,50,1,-1,-1,-1
527,1,665,1021,50,50,1,-1,-1,-1
528,1,639,1019,50,50,1,-1,-1,-1
529,1,593,1013,50,50,1,-1,-1,-1
530,1,538,1011,50,50,1,-1,-1,-1
531,1,492,1016,50,50,1,-1,-1,-1
532,1,453,1021,50,50,1,-1,-1,-1
533,1,418,1024,50,50,1,-1,-1,-1
534,1,392,1022,50,50,1,-1,-1,-1
535,1,361,1020,50,50,1,-1,-1,-1
536,1,331,1023,50,50,1,-1,-1,-1
537,1,311,1024,50,50,1,-1,-1,-1
538,1,296,1028,50,50,1,-1,-1,-1
539,1,282,1029,50,50,1,-1,-1,-1
540,1,275,1029,50,50,1,-1,-1,-1
541,1,272,1027,50,50,1,-1,-1,-1
542,1,289,1025,50,50,1,-1,-1,-1
543,1,306,1029,50,50,1,-1,-1,-1
544,1,333,1028,50,50,1,-1,-1,-1
545,1,361,1025,50,50,1,-1,-1,-1
546,1,419,1012,50,50,1,-1,-1,-1
547,1,475,1005,50,50,1,-1,-1,-1
548,1,530,1004,50,50,1,-1,-1,-1
549,1,575,1006,50,50,1,-1,-1,-1
550,1,619,1008,50,50,1,-1,-1,-1
551,1,656,1011,50,50,1,-1,-1,-1
552,1,686,1015,50,50,1,-1,-1,-1
553,1,712,1018,50,50,1,-1,-1,-1
554,1,725,1022,50,50,1,-1,-1,-1
555,1,734,1025,50,50,1,-1,-1,-1
556,1,739,1026,50,50,1,-1,-1,-1
557,1,735,1026,50,50,1,-1,-1,-1
558,1,715,1024,50,50,1,-1,-1,-1
559,1,704,1023,50,50,1,-1,-1,-1
560,1,680,1021,50,50,1,-1,-1,-1
561,1,645,1018,50,50,1,-1,-1,-1
562,1,592,1010,50,50,1,-1,-1,-1
563,1,542,1006,50,50,1,-1,-1,-1
564,1,500,1008,50,50,1,-1,-1,-1
565,1,457,1012,50,50,1,-1,-1,-1
566,1,422,1012,50,50,1,-1,-1,-1
567,1,393,1008,50,50,1,-1,-1,-1
568,1,365,1006,50,50,1,-1,-1,-1
569,1,338,1009,50,50,1,-1,-1,-1
570,1,313,1012,50,50,1,-1,-1,-1
571,1,291,1015,50,50,1,-1,-1,-1
572,1,277,1016,50,50,1,-1,-1,-1
573,1,278,1019,50,50,1,-1,-1,-1
574,1,279,1017,50,50,1,-1,-1,-1
575,1,289,1020,50,50,1,-1,-1,-1
576,1,304,1022,50,50,1,-1,-1,-1
577,1,327,1021,50,50,1,-1,-1,-1
578,1,357,1018,50,50,1,-1,-1,-1
579,1,400,1013,50,50,1,-1,-1,-1
580,1,451,1010,50,50,1,-1,-1,-1
581,1,503,1011,50,50,1,-1,-1,-1
582,1,552,1017,50,50,1,-1,-1,-1
583,1,580,1020,50,50,1,-1,-1,-1
584,1,607,1020,50,50,1,-1,-1,-1
585,1,633,1022,50,50,1,-1,-1,-1
586,1,660,1026,50,50,1,-1,-1,-1
587,1,682,1030,50,50,1,-1,-1,-1
588,1,699,1034,50,50,1,-1,-1,-1
589,1,707,1032,50,50,1,-1,-1,-1
590,1,714,1032,50,50,1,-1,-1,-1
591,1,715,1031,50,50,1,-1,-1,-1
592,1,691,1026,50,50,1,-1,-1,-1
593,1,672,1020,50,50,1,-1,-1,-1
594,1,643,1015,50,50,1,-1,-1,-1
595,1,597,1007,50,50,1,-1,-1,-1
596,1,550,1003,50,50,1,-1,-1,-1
597,1,503,1002,50,50,1,-1,-1,-1
598,1,465,1007,50,50,1,-1,-1,-1
599,1,426,1009,50,50,1,-1,-1,-1
600,1,393,1008,50,50,1,-1,-1,-1
601,1,362,1008,50,50,1,-1,-1,-1
602,1,330,1010,50,50,1,-1,-1,-1
603,1,312,1008,50,50,1,-1,-1,-1
604,1,294,1010,50,50,1,-1,-1,-1
605,1,279,1013,50,50,1,-1,-1,-1
606,1,276,1012,50,50,1,-1,-1,-1
607,1,279,1012,50,50,1,-1,-1,-1
608,1,286,1015,50,50,1,-1,-1,-1
609,1,298,1016,50,50,1,-1,-1,-1
610,1,314,1018,50,50,1,-1,-1,-1
611,1,336,1018,50,50,1,-1,-1,-1
612,1,370,1020,50,50,1,-1,-1,-1
613,1,408,1019,50,50,1,-1,-1,-1
614,1,452,1017,50,50,1,-1,-1,-1
615,1,504,1020,50,50,1,-1,-1,-1
616,1,545,1022,50,50,1,-1,-1,-1
617,1,581,1025,50,50,1,-1,-1,-1
618,1,611,1027,50,50,1,-1,-1,-1
619,1,636,1029,50,50,1,-1,-1,-1
620,1,657,1030,50,50,1,-1,-1,-1
621,1,681,1032,50,50,1,-1,-1,-1
622,1,698,1033,50,50,1,-1,-1,-1
623,1,710,1032,50,50,1,-1,-1,-1
624,1,713,1030,50,50,1,-1,-1,-1
625,1,704,1028,50,50,1,-1,-1,-1
626,1,684,1024,50,50,1,-1,-1,-1
627,1,665,1024,50,50,1,-1,-1,-1
628,1,641,1020,50,50,1,-1,-1,-1
629,1,593,1011,50,50,1,-1,-1,-1
630,1,547,1006,50,50,1,-1,-1,-1
631,1,502,1006,50,50,1,-1,-1,-1
632,1,465,1009,50,50,1,-1,-1,-1
633,1,426,1012,50,50,1,-1,-1,-1
634,1,402,1013,50,50,1,-1,-1,-1
635,1,376,1012,50,50,1,-1,-1,-1
636,1,345,1012,50,50,1,-1,-1,-1
637,1,317,1014,50,50,1,-1,-1,-1
638,1,298,1014,50,50,1,-1,-1,-1
639,1,288,1015,50,50,1,-1,-1,-1
640,1,280,1017,50,50,1,-1,-1,-1
641,1,282,1017,50,50,1,-1,-1,-1
642,1,297,1015,50,50,1,-1,-1,-1
643,1,311,1012,50,50,1,-1,-1,-1
644,1,332,1011,50,50,1,-1,-1,-1
645,1,368,1010,50,50,1,-1,-1,-1
646,1,413,1002,50,50,1,-1,-1,-1
647,1,462,998,50,50,1,-1,-1,-1
648,1,513,1005,50,50,1,-1,-1,-1
649,1,556,1013,50,50,1,-1,-1,-1
650,1,592,1021,50,50,1,-1,-1,-1
651,1,617,1023,50,50,1,-1,-1,-1
652,1,646,1027,50,50,1,-1,-1,-1
653,1,668,1031,50,50,1,-1,-1,-1
654,1,683,1039,50,50,1,-1,-1,-1
655,1,698,1042,50,50,1,-1,-1,-1
656,1,706,1039,50,50,1,-1,-1,-1
657,1,706,1039,50,50,1,-1,-1,-1
658,1,682,1033,50,50,1,-1,-1,-1
659,1,678,1027,50,50,1,-1,-1,-1
660,1,654,1022,50,50,1,-1,-1,-1
661,1,614,1014,50,50,1,-1,-1,-1
662,1,563,1006,50,50,1,-1,-1,-1
663,1,515,1006,50,50,1,-1,-1,-1
664,1,469,1007,50,50,1,-1,-1,-1
665,1,426,1011,50,50,1,-1,-1,-1
666,1,397,1012,50,50,1,-1,-1,-1
667,1,366,1016,50,50,1,-1,-1,-1
668,1,345,1021,50,50,1,-1,-1,-1
669,1,319,1025,50,50,1,-1,-1,-1
670,1,305,1028,50,50,1,-1,-1,-1
671,1,291,1030,50,50,1,-1,-1,-1
672,1,279,1033,50,50,1,-1,-1,-1
673,1,278,1034,50,50,1,-1,-1,-1
674,1,291,1033,50,50,1,-1,-1,-1
675,1,305,1031,50,50,1,-1,-1,-1
676,1,328,1029,50,50,1,-1,-1,-1
677,1,353,1028,50,50,1,-1,-1,-1
678,1,384,1027,50,50,1,-1,-1,-1
679,1,422,1023,50,50,1,-1,-1,-1
680,1,472,1023,50,50,1,-1,-1,-1
681,1,518,1023,50,50,1,-1,-1,-1
682,1,559,1023,50,50,1,-1,-1,-1
683,1,595,1025,50,50,1,-1,-1,-1
684,1,630,1028,50,50,1,-1,-1,-1
685,1,660,1036,50,50,1,-1,-1,-1
686,1,682,1047,50,50,1,-1,-1,-1
687,1,704,1049,50,50,1,-1,-1,-1
688,1,718,1049,50,50,1,-1,-1,-1
689,1,714,1045,50,50,1,-1,-1,-1
690,1,711,1043,50,50,1,-1,-1,-1
691,1,701,1039,50,50,1,-1,-1,-1
692,1,683,1037,50,50,1,-1,-1,-1
693,1,663,1033,50,50,1,-1,-1,-1
694,1,633,1029,50,50,1,-1,-1,-1
695,1,578,1016,50,50,1,-1,-1,-1
696,1,532,1010,50,50,1,-1,-1,-1
697,1,484,1009,50,50,1,-1,-1,-1
698,1,439,1012,50,50,1,-1,-1,-1
699,1,400,1018,50,50,1,-1,-1,-1
700,1,376,1017,50,50,1,-1,-1,-1
701,1,343,1020,50,50,1,-1,-1,-1
702,1,320,1024,50,50,1,-1,-1,-1
703,1,302,1025,50,50,1,-1,-1,-1
704,1,284,1028,50,50,1,-1,-1,-1
705,1,276,1030,50,50,1,-1,-1,-1
706,1,271,1031,50,50,1,-1,-1,-1
707,1,277,1028,50,50,1,-1,-1,-1
708,1,289,1028,50,50,1,-1,-1,-1
709,1,307,1028,50,50,1,-1,-1,-1
710,1,329,1027,50,50,1,-1,-1,-1
711,1,358,1025,50,50,1,-1,-1,-1
712,1,408,1016,50,50,1,-1,-1,-1
713,1,455,1010,50,50,1,-1,-1,-1
714,1,498,1008,50,50,1,-1,-1,-1
715,1,539,1013,50,50,1,-1,-1,-1
716,1,575,1021,50,50,1,-1,-1,-1
717,1,619,1028,50,50,1,-1,-1,-1
718,1,653,1036,50,50,1,-1,-1,-1
719,1,677,1042,50,50,1,-1,-1,-1
720,1,700,1047,50,50,1,-1,-1,-1
721,1,717,1051,50,50,1,-1,-1,-1
722,1,727,1053,50,50,1,-1,-1,-1
723,1,727,1051,50,50,1,-1,-1,-1
724,1,722,1049,50,50,1,-1,-1,-1
725,1,712,1047,50,50,1,-1,-1,-1
726,1,692,1044,50,50,1,-1,-1,-1
727,1,667,1038,50,50,1,-1,-1,-1
728,1,639,1034,50,50,1,-1,-1,-1
729,1,585,1021,50,50,1,-1,-1,-1
730,1,531,1011,50,50,1,-1,-1,-1
731,1,479,1003,50,50,1,-1,-1,-1
732,1,441,1000,50,50,1,-1,-1,-1
733,1,397,999,50,50,1,-1,-1,-1
734,1,361,1002,50,50,1,-1,-1,-1
735,1,333,1007,50,50,1,-1,-1,-1
736,1,311,1015,50,50,1,-1,-1,-1
737,1,290,1019,50,50,1,-1,-1,-1
738,1,273,1025,50,50,1,-1,-1,-1
739,1,263,1030,50,50,1,-1,-1,-1
740,1,265,1032,50,50,1,-1,-1,-1
741,1,269,1034,50,50,1,-1,-1,-1
742,1,279,1035,50,50,1,-1,-1,-1
743,1,298,1034,50,50,1,-1,-1,-1
744,1,322,1033,50,50,1,-1,-1,-1
745,1,357,1031,50,50,1,-1,-1,-1
746,1,394,1027,50,50,1,-1,-1,-1
747,1,439,1021,50,50,1,-1,-1,-1
748,1,486,1016,50,50,1,-1,-1,-1
749,1,536,1017,50,50,1,-1,-1,-1
750,1,581,1020,50,50,1,-1,-1,-1
751,1,614,1023,50,50,1,-1,-1,-1
752,1,636,1026,50,50,1,-1,-1,-1
753,1,661,1027,50,50,1,-1,-1,-1
754,1,682,1030,50,50,1,-1,-1,-1
755,1,698,1031,50,50,1,-1,-1,-1
756,1,710,1033,50,50,1,-1,-1,-1
757,1,720,1033,50,50,1,-1,-1,-1
758,1,722,1034,50,50,1,-1,-1,-1
759,1,715,1033,50,50,1,-1,-1,-1
760,1,695,1029,50,50,1,-1,-1,-1
761,1,678,1025,50,50,1,-1,-1,-1
762,1,650,1025,50,50,1,-1,-1,-1
763,1,616,1019,50,50,1,-1,-1,-1
764,1,567,1008,50,50,1,-1,-1,-1
765,1,511,1000,50,50,1,-1,-1,-1
766,1,461,999,50,50,1,-1,-1,-1
767,1,415,1000,50,50,1,-1,-1,-1
768,1,380,1004,50,50,1,-1,-1,-1
769,1,339,1009,50,50,1,-1,-1,-1
770,1,329,1008,50,50,1,-1,-1,-1
771,1,310,1012,50,50,1,-1,-1,-1
772,1,277,1026,50,50,1,-1,-1,-1
773,1,277,1027,50,50,1,-1,-1,-1
774,1,272,1034,50,50,1,-1,-1,-1
775,1,279,1029,50,50,1,-1,-1,-1
776,1,293,1025,50,50,1,-1,-1,-1
777,1,292,1023,50,50,1,-1,-1,-1
778,1,346,1017,50,50,1,-1,-1,-1
779,1,383,1012,50,50,1,-1,-1,-1
780,1,390,1010,50,50,1,-1,-1,-1
781,1,471,1005,50,50,1,-1,-1,-1
782,1,516,1006,50,50,1,-1,-1,-1
783,1,561,1013,50,50,1,-1,-1,-1
784,1,605,1019,50,50,1,-1,-1,-1
785,1,634,1017,50,50,1,-1,-1,-1
786,1,661,1020,50,50,1,-1,-1,-1
787,1,682,1028,50,50,1,-1,-1,-1
788,1,700,1035,50,50,1,-1,-1,-1
789,1,716,1039,50,50,1,-1,-1,-1
790,1,723,1043,50,50,1,-1,-1,-1
791,1,722,1042,50,50,1,-1,-1,-1
792,1,712,1042,50,50,1,-1,-1,-1
793,1,693,1039,50,50,1,-1,-1,-1
794,1,675,1038,50,50,1,-1,-1,-1
795,1,649,1034,50,50,1,-1,-1,-1
796,1,610,1025,50,50,1,-1,-1,-1
797,1,553,1013,50,50,1,-1,-1,-1
798,1,502,1012,50,50,1,-1,-1,-1
799,1,454,1011,50,50,1,-1,-1,-1
800,1,415,1011,50,50,1,-1,-1,-1
801,1,385,1013,50,50,1,-1,-1,-1
802,1,362,1013,50,50,1,-1,-1,-1
803,1,339,1017,50,50,1,-1,-1,-1
804,1,317,1021,50,50,1,-1,-1,-1
805,1,292,1025,50,50,1,-1,-1,-1
806,1,275,1031,50,50,1,-1,-1,-1
807,1,272,1034,50,50,1,-1,-1,-1
808,1,272,1034,50,50,1,-1,-1,-1
809,1,280,1034,50,50,1,-1,-1,-1
810,1,293,1031,50,50,1,-1,-1,-1
811,1,310,1031,50,50,1,-1,-1,-1
812,1,340,1029,50,50,1,-1,-1,-1
813,1,371,1024,50,50,1,-1,-1,-1
814,1,411,1013,50,50,1,-1,-1,-1
815,1,465,1005,50,50,1,-1,-1,-1
816,1,511,1003,50,50,1,-1,-1,-1
817,1,552,1009,50,50,1,-1,-1,-1
818,1,585,1012,50,50,1,-1,-1,-1
819,1,618,1015,50,50,1,-1,-1,-1
820,1,650,1018,50,50,1,-1,-1,-1
821,1,672,1027,50,50,1,-1,-1,-1
822,1,693,1032,50,50,1,-1,-1,-1
823,1,706,1036,50,50,1,-1,-1,-1
824,1,719,1037,50,50,1,-1,-1,-1
825,1,726,1039,50,50,1,-1,-1,-1
826,1,726,1037,50,50,1,-1,-1,-1
827,1,709,1033,50,50,1,-1,-1,-1
828,1,693,1032,50,50,1,-1,-1,-1
829,1,670,1027,50,50,1,-1,-1,-1
830,1,643,1024,50,50,1,-1,-1,-1
831,1,597,1015,50,50,1,-1,-1,-1
832,1,549,1006,50,50,1,-1,-1,-1
833,1,501,1006,50,50,1,-1,-1,-1
834,1,457,1010,50,50,1,-1,-1,-1
835,1,420,1015,50,50,1,-1,-1,-1
836,1,389,1016,50,50,1,-1,-1,-1
837,1,362,1018,50,50,1,-1,-1,-1
838,1,332,1021,50,50,1,-1,-1,-1
839,1,305,1026,50,50,1,-1,-1,-1
840,1,288,1029,50,50,1,-1,-1,-1
841,1,277,1033,50,50,1,-1,-1,-1
842,1,267,1035,50,50,1,-1,-1,-1
843,1,267,1035,50,50,1,-1,-1,-1
844,1,275,1036,50,50,1,-1,-1,-1
845,1,289,1037,50,50,1,-1,-1,-1
846,1,313,1036,50,50,1,-1,-1,-1
847,1,342,1034,50,50,1,-1,-1,-1
848,1,375,1029,50,50,1,-1,-1,-1
849,1,424,1021,50,50,1,-1,-1,-1
850,1,473,1020,50,50,1,-1,-1,-1
851,1,520,1023,50,50,1,-1,-1,-1
852,1,563,1027,50,50,1,-1,-1,-1
853,1,596,1031,50,50,1,-1,-1,-1
854,1,622,1031,50,50,1,-1,-1,-1
855,1,646,1031,50,50,1,-1,-1,-1
856,1,676,1035,50,50,1,-1,-1,-1
857,1,698,1038,50,50,1,-1,-1,-1
858,1,715,1039,50,50,1,-1,-1,-1
859,1,727,1041,50,50,1,-1,-1,-1
860,1,727,1041,50,50,1,-1,-1,-1
861,1,721,1038,50,50,1,-1,-1,-1
862,1,707,1034,50,50,1,-1,-1,-1
863,1,688,1030,50,50,1,-1,-1,-1
864,1,666,1029,50,50,1,-1,-1,-1
865,1,628,1024,50,50,1,-1,-1,-1
866,1,574,1012,50,50,1,-1,-1,-1
867,1,529,1010,50,50,1,-1,-1,-1
868,1,489,1011,50,50,1,-1,-1,-1
869,1,454,1014,50,50,1,-1,-1,-1
870,1,415,1016,50,50,1,-1,-1,-1
871,1,390,1017,50,50,1,-1,-1,-1
872,1,355,1018,50,50,1,-1,-1,-1
873,1,324,1022,50,50,1,-1,-1,-1
874,1,299,1026,50,50,1,-1,-1,-1
875,1,280,1031,50,50,1,-1,-1,-1
876,1,266,1035,50,50,1,-1,-1,-1
877,1,263,1035,50,50,1,-1,-1,-1
878,1,265,1034,50,50,1,-1,-1,-1
879,1,277,1031,50,50,1,-1,-1,-1
880,1,295,1028,50,50,1,-1,-1,-1
881,1,315,1025,50,50,1,-1,-1,-1
882,1,349,1023,50,50,1,-1,-1,-1
883,1,389,1019,50,50,1,-1,-1,-1
884,1,446,1012,50,50,1,-1,-1,-1
885,1,493,1011,50,50,1,-1,-1,-1
886,1,543,1016,50,50,1,-1,-1,-1
887,1,580,1021,50,50,1,-1,-1,-1
888,1,613,1022,50,50,1,-1,-1,-1
889,1,644,1026,50,50,1,-1,-1,-1
890,1,674,1027,50,50,1,-1,-1,-1
891,1,697,1030,50,50,1,-1,-1,-1
892,1,718,1033,50,50,1,-1,-1,-1
893,1,729,1035,50,50,1,-1,-1,-1
894,1,733,1035,50,50,1,-1,-1,-1
895,1,732,1033,50,50,1,-1,-1,-1
896,1,727,1030,50,50,1,-1,-1,-1
897,1,708,1028,50,50,1,-1,-1,-1
898,1,685,1027,50,50,1,-1,-1,-1
899,1,658,1024,50,50,1,-1,-1,-1
900,1,616,1016,50,50,1,-1,-1,-1
901,1,556,1005,50,50,1,-1,-1,-1
902,1,516,1010,50,50,1,-1,-1,-1
903,1,480,1014,50,50,1,-1,-1,-1
904,1,446,1012,50,50,1,-1,-1,-1
905,1,413,1012,50,50,1,-1,-1,-1
906,1,384,1013,50,50,1,-1,-1,-1
907,1,354,1016,50,50,1,-1,-1,-1
908,1,329,1020,50,50,1,-1,-1,-1
909,1,301,1024,50,50,1,-1,-1,-1
910,1,282,1027,50,50,1,-1,-1,-1
911,1,276,1028,50,50,1,-1,-1,-1
912,1,273,1028,50,50,1,-1,-1,-1
913,1,273,1029,50,50,1,-1,-1,-1
914,1,291,1030,50,50,1,-1,-1,-1
915,1,309,1030,50,50,1,-1,-1,-1
916,1,329,1028,50,50,1,-1,-1,-1
917,1,360,1026,50,50,1,-1,-1,-1
918,1,396,1021,50,50,1,-1,-1,-1
919,1,440,1013,50,50,1,-1,-1,-1
920,1,490,1008,50,50,1,-1,-1,-1
921,1,537,1009,50,50,1,-1,-1,-1
922,1,574,1014,50,50,1,-1,-1,-1
923,1,600,1018,50,50,1,-1,-1,-1
924,1,621,1021,50,50,1,-1,-1,-1
925,1,645,1025,50,50,1,-1,-1,-1
926,1,671,1030,50,50,1,-1,-1,-1
927,1,695,1032,50,50,1,-1,-1,-1
928,1,714,1033,50,50,1,-1,-1,-1
929,1,720,1035,50,50,1,-1,-1,-1
930,1,720,1036,50,50,1,-1,-1,-1
931,1,719,1034,50,50,1,-1,-1,-1
932,1,708,1032,50,50,1,-1,-1,-1
933,1,681,1031,50,50,1,-1,-1,-1
934,1,660,1029,50,50,1,-1,-1,-1
935,1,636,1026,50,50,1,-1,-1,-1
936,1,586,1017,50,50,1,-1,-1,-1
937,1,537,1009,50,50,1,-1,-1,-1
938,1,495,1007,50,50,1,-1,-1,-1
939,1,462,1011,50,50,1,-1,-1,-1
940,1,439,1014,50,50,1,-1,-1,-1
941,1,420,1013,50,50,1,-1,-1,-1
942,1,392,1017,50,50,1,-1,-1,-1
943,1,361,1021,50,50,1,-1,-1,-1
944,1,346,1024,50,50,1,-1,-1,-1
945,1,326,1029,50,50,1,-1,-1,-1
946,1,307,1032,50,50,1,-1,-1,-1
947,1,299,1034,50,50,1,-1,-1,-1
948,1,299,1034,50,50,1,-1,-1,-1
949,1,311,1030,50,50,1,-1,-1,-1
950,1,329,1026,50,50,1,-1,-1,-1
951,1,356,1021,50,50,1,-1,-1,-1
952,1,392,1016,50,50,1,-1,-1,-1
953,1,446,1000,50,50,1,-1,-1,-1
954,1,491,995,50,50,1,-1,-1,-1
955,1,538,995,50,50,1,-1,-1,-1
956,1,585,995,50,50,1,-1,-1,-1
957,1,615,999,50,50,1,-1,-1,-1
958,1,647,1001,50,50,1,-1,-1,-1
959,1,674,1006,50,50,1,-1,-1,-1
960,1,695,1015,50,50,1,-1,-1,-1
961,1,714,1021,50,50,1,-1,-1,-1
962,1,717,1019,50,50,1,-1,-1,-1
963,1,720,1020,50,50,1,-1,-1,-1
964,1,709,1020,50,50,1,-1,-1,-1
965,1,689,1017,50,50,1,-1,-1,-1
966,1,666,1015,50,50,1,-1,-1,-1
967,1,637,1010,50,50,1,-1,-1,-1
968,1,586,1004,50,50,1,-1,-1,-1
969,1,535,1004,50,50,1,-1,-1,-1
970,1,490,1009,50,50,1,-1,-1,-1
971,1,455,1014,50,50,1,-1,-1,-1
972,1,425,1015,50,50,1,-1,-1,-1
973,1,394,1017,50,50,1,-1,-1,-1
974,1,366,1020,50,50,1,-1,-1,-1
975,1,340,1022,50,50,1,-1,-1,-1
976,1,317,1022,50,50,1,-1,-1,-1
977,1,302,1023,50,50,1,-1,-1,-1
978,1,297,1025,50,50,1,-1,-1,-1
979,1,288,1024,50,50,1,-1,-1,-1
980,1,285,1024,50,50,1,-1,-1,-1
981,1,297,1024,50,50,1,-1,-1,-1
982,1,321,1019,50,50,1,-1,-1,-1
983,1,342,1017,50,50,1,-1,-1,-1
984,1,370,1017,50,50,1,-1,-1,-1
985,1,406,1010,50,50,1,-1,-1,-1
986,1,463,999,50,50,1,-1,-1,-1
987,1,514,993,50,50,1,-1,-1,-1
988,1,556,995,50,50,1,-1,-1,-1
989,1,590,1000,50,50,1,-1,-1,-1
990,1,616,1004,50,50,1,-1,-1,-1
991,1,644,1007,50,50,1,-1,-1,-1
992,1,672,1010,50,50,1,-1,-1,-1
993,1,698,1014,50,50,1,-1,-1,-1
994,1,719,1017,50,50,1,-1,-1,-1
995,1,736,1018,50,50,1,-1,-1,-1
996,1,740,1017,50,50,1,-1,-1,-1
997,1,741,1015,50,50,1,-1,-1,-1
998,1,733,1012,50,50,1,-1,-1,-1
999,1,721,1009,50,50,1,-1,-1,-1
1000,1,710,1009,50,50,1,-1,-1,-1
1001,1,693,1010,50,50,1,-1,-1,-1
1002,1,665,1008,50,50,1,-1,-1,-1
1003,1,628,1003,50,50,1,-1,-1,-1
1004,1,576,995,50,50,1,-1,-1,-1
1005,1,533,993,50,50,1,-1,-1,-1
1006,1,493,996,50,50,1,-1,-1,-1
1007,1,467,1002,50,50,1,-1,-1,-1
1008,1,447,1003,50,50,1,-1,-1,-1
1009,1,436,1002,50,50,1,-1,-1,-1
1010,1,428,1000,50,50,1,-1,-1,-1
1011,1,423,999,50,50,1,-1,-1,-1
1012,1,418,1000,50,50,1,-1,-1,-1
1013,1,413,1003,50,50,1,-1,-1,-1
1014,1,412,1014,50,50,1,-1,-1,-1
1015,1,414,1031,50,50,1,-1,-1,-1
1016,1,415,1053,50,50,1,-1,-1,-1
1017,1,418,1077,50,50,1,-1,-1,-1
1018,1,418,1099,50,50,1,-1,-1,-1
1019,1,419,1122,50,50,1,-1,-1,-1
1020,1,421,1146,50,50,1,-1,-1,-1
1021,1,424,1170,50,50,1,-1,-1,-1
1022,1,427,1186,50,50,1,-1,-1,-1
1023,1,431,1196,50,50,1,-1,-1,-1
1024,1,437,1210,50,50,1,-1,-1,-1
1025,1,440,1221,50,50,1,-1,-1,-1
1026,1,445,1227,50,50,1,-1,-1,-1
1027,1,444,1228,50,50,1,-1,-1,-1
1028,1,441,1229,50,50,1,-1,-1,-1
1029,1,438,1230,50,50,1,-1,-1,-1
1030,1,435,1230,50,50,1,-1,-1,-1
1031,1,435,1226,50,50,1,-1,-1,-1
1032,1,437,1225,50,50,1,-1,-1,-1
1033,1,440,1225,50,50,1,-1,-1,-1
1034,1,442,1224,50,50,1,-1,-1,-1
1035,1,443,1222,50,50,1,-1,-1,-1
1036,1,443,1221,50,50,1,-1,-1,-1
1037,1,444,1222,50,50,1,-1,-1,-1
1038,1,445,1224,50,50,1,-1,-1,-1
1039,1,445,1225,50,50,1,-1,-1,-1
1040,1,445,1224,50,50,1,-1,-1,-1
1041,1,445,1223,50,50,1,-1,-1,-1
1042,1,448,1222,50,50,1,-1,-1,-1
1043,1,449,1221,50,50,1,-1,-1,-1
1044,1,448,1220,50,50,1,-1,-1,-1
