1,1,404,1077,50,50,1,-1,-1,-1
1,2,574,1106,50,50,1,-1,-1,-1
2,1,393,1086,50,50,1,-1,-1,-1
2,2,577,1106,50,50,1,-1,-1,-1
3,1,389,1099,50,50,1,-1,-1,-1
3,2,576,1099,50,50,1,-1,-1,-1
4,1,391,1112,50,50,1,-1,-1,-1
4,2,575,1095,50,50,1,-1,-1,-1
5,1,392,1119,50,50,1,-1,-1,-1
5,2,575,1093,50,50,1,-1,-1,-1
6,1,395,1124,50,50,1,-1,-1,-1
6,2,575,1091,50,50,1,-1,-1,-1
7,1,401,1123,50,50,1,-1,-1,-1
7,2,576,1089,50,50,1,-1,-1,-1
8,1,406,1121,50,50,1,-1,-1,-1
8,2,577,1087,50,50,1,-1,-1,-1
9,1,410,1117,50,50,1,-1,-1,-1
9,2,578,1086,50,50,1,-1,-1,-1
10,1,414,1116,50,50,1,-1,-1,-1
10,2,580,1085,50,50,1,-1,-1,-1
11,1,417,1118,50,50,1,-1,-1,-1
11,2,585,1082,50,50,1,-1,-1,-1
12,1,419,1125,50,50,1,-1,-1,-1
12,2,596,1068,50,50,1,-1,-1,-1
13,1,418,1135,50,50,1,-1,-1,-1
13,2,601,1059,50,50,1,-1,-1,-1
14,1,413,1153,50,50,1,-1,-1,-1
14,2,612,1044,50,50,1,-1,-1,-1
15,1,409,1173,50,50,1,-1,-1,-1
15,2,622,1028,50,50,1,-1,-1,-1
16,1,406,1193,50,50,1,-1,-1,-1
16,2,630,1017,50,50,1,-1,-1,-1
17,1,403,1211,50,50,1,-1,-1,-1
17,2,637,1006,50,50,1,-1,-1,-1
18,1,401,1218,50,50,1,-1,-1,-1
18,2,645,996,50,50,1,-1,-1,-1
19,1,400,1215,50,50,1,-1,-1,-1
19,2,653,989,50,50,1,-1,-1,-1
20,1,403,1205,50,50,1,-1,-1,-1
20,2,658,987,50,50,1,-1,-1,-1
21,1,405,1185,50,50,1,-1,-1,-1
21,2,660,987,50,50,1,-1,-1,-1
22,1,409,1153,50,50,1,-1,-1,-1
22,2,656,990,50,50,1,-1,-1,-1
23,1,413,1102,50,50,1,-1,-1,-1
23,2,643,1002,50,50,1,-1,-1,-1
24,1,422,1054,50,50,1,-1,-1,-1
24,2,626,1004,50,50,1,-1,-1,-1
25,1,431,1012,50,50,1,-1,-1,-1
25,2,605,1015,50,50,1,-1,-1,-1
26,1,440,976,50,50,1,-1,-1,-1
26,2,575,1025,50,50,1,-1,-1,-1
27,1,448,942,50,50,1,-1,-1,-1
27,2,540,1042,50,50,1,-1,-1,-1
28,1,455,912,50,50,1,-1,-1,-1
28,2,505,1061,50,50,1,-1,-1,-1
29,1,463,889,50,50,1,-1,-1,-1
29,2,478,1083,50,50,1,-1,-1,-1
30,1,471,872,50,50,1,-1,-1,-1
30,2,467,1103,50,50,1,-1,-1,-1
31,1,480,856,50,50,1,-1,-1,-1
31,2,456,1122,50,50,1,-1,-1,-1
32,1,490,844,50,50,1,-1,-1,-1
32,2,452,1133,50,50,1,-1,-1,-1
33,1,503,844,50,50,1,-1,-1,-1
33,2,444,1150,50,50,1,-1,-1,-1
34,1,512,844,50,50,1,-1,-1,-1
34,2,438,1169,50,50,1,-1,-1,-1
35,1,521,851,50,50,1,-1,-1,-1
35,2,425,1189,50,50,1,-1,-1,-1
36,1,528,865,50,50,1,-1,-1,-1
36,2,419,1206,50,50,1,-1,-1,-1
37,1,535,882,50,50,1,-1,-1,-1
37,2,415,1214,50,50,1,-1,-1,-1
38,1,544,900,50,50,1,-1,-1,-1
38,2,408,1215,50,50,1,-1,-1,-1
39,1,554,925,50,50,1,-1,-1,-1
39,2,405,1200,50,50,1,-1,-1,-1
40,1,561,956,50,50,1,-1,-1,-1
40,2,404,1170,50,50,1,-1,-1,-1
41,1,568,988,50,50,1,-1,-1,-1
41,2,407,1132,50,50,1,-1,-1,-1
42,1,576,1018,50,50,1,-1,-1,-1
42,2,411,1088,50,50,1,-1,-1,-1
43,1,585,1025,50,50,1,-1,-1,-1
43,2,419,1040,50,50,1,-1,-1,-1
44,1,588,1027,50,50,1,-1,-1,-1
44,2,426,991,50,50,1,-1,-1,-1
45,1,589,1028,50,50,1,-1,-1,-1
45,2,433,944,50,50,1,-1,-1,-1
46,1,583,1030,50,50,1,-1,-1,-1
46,2,440,903,50,50,1,-1,-1,-1
47,1,562,1032,50,50,1,-1,-1,-1
47,2,449,874,50,50,1,-1,-1,-1
48,1,540,1034,50,50,1,-1,-1,-1
48,2,458,849,50,50,1,-1,-1,-1
49,1,519,1044,50,50,1,-1,-1,-1
49,2,464,825,50,50,1,-1,-1,-1
50,1,496,1054,50,50,1,-1,-1,-1
50,2,470,804,50,50,1,-1,-1,-1
51,1,476,1068,50,50,1,-1,-1,-1
51,2,477,790,50,50,1,-1,-1,-1
52,1,464,1078,50,50,1,-1,-1,-1
52,2,483,786,50,50,1,-1,-1,-1
53,1,458,1089,50,50,1,-1,-1,-1
53,2,493,784,50,50,1,-1,-1,-1
54,1,452,1106,50,50,1,-1,-1,-1
54,2,503,784,50,50,1,-1,-1,-1
55,1,446,1130,50,50,1,-1,-1,-1
55,2,511,788,50,50,1,-1,-1,-1
56,1,435,1154,50,50,1,-1,-1,-1
56,2,519,801,50,50,1,-1,-1,-1
57,1,428,1171,50,50,1,-1,-1,-1
57,2,526,822,50,50,1,-1,-1,-1
58,1,421,1188,50,50,1,-1,-1,-1
58,2,533,847,50,50,1,-1,-1,-1
59,1,411,1196,50,50,1,-1,-1,-1
59,2,540,875,50,50,1,-1,-1,-1
60,1,406,1192,50,50,1,-1,-1,-1
60,2,546,907,50,50,1,-1,-1,-1
61,1,407,1183,50,50,1,-1,-1,-1
61,2,554,945,50,50,1,-1,-1,-1
62,1,407,1162,50,50,1,-1,-1,-1
62,2,562,985,50,50,1,-1,-1,-1
63,1,408,1121,50,50,1,-1,-1,-1
63,2,564,1017,50,50,1,-1,-1,-1
64,1,413,1065,50,50,1,-1,-1,-1
64,2,555,1018,50,50,1,-1,-1,-1
65,1,425,1015,50,50,1,-1,-1,-1
65,2,550,1016,50,50,1,-1,-1,-1
66,1,433,975,50,50,1,-1,-1,-1
66,2,543,1014,50,50,1,-1,-1,-1
67,1,440,941,50,50,1,-1,-1,-1
67,2,532,1017,50,50,1,-1,-1,-1
68,1,446,911,50,50,1,-1,-1,-1
68,2,521,1030,50,50,1,-1,-1,-1
69,1,452,882,50,50,1,-1,-1,-1
69,2,510,1048,50,50,1,-1,-1,-1
70,1,458,857,50,50,1,-1,-1,-1
70,2,496,1065,50,50,1,-1,-1,-1
71,1,465,838,50,50,1,-1,-1,-1
71,2,483,1086,50,50,1,-1,-1,-1
72,1,474,830,50,50,1,-1,-1,-1
72,2,475,1101,50,50,1,-1,-1,-1
73,1,483,825,50,50,1,-1,-1,-1
73,2,468,1111,50,50,1,-1,-1,-1
74,1,492,822,50,50,1,-1,-1,-1
74,2,459,1128,50,50,1,-1,-1,-1
75,1,501,824,50,50,1,-1,-1,-1
75,2,448,1147,50,50,1,-1,-1,-1
76,1,509,833,50,50,1,-1,-1,-1
76,2,436,1165,50,50,1,-1,-1,-1
77,1,515,847,50,50,1,-1,-1,-1
77,2,422,1184,50,50,1,-1,-1,-1
78,1,521,863,50,50,1,-1,-1,-1
78,2,406,1202,50,50,1,-1,-1,-1
79,1,528,886,50,50,1,-1,-1,-1
79,2,394,1200,50,50,1,-1,-1,-1
80,1,536,914,50,50,1,-1,-1,-1
80,2,385,1189,50,50,1,-1,-1,-1
81,1,544,949,50,50,1,-1,-1,-1
81,2,387,1158,50,50,1,-1,-1,-1
82,1,549,983,50,50,1,-1,-1,-1
82,2,389,1113,50,50,1,-1,-1,-1
83,1,556,998,50,50,1,-1,-1,-1
83,2,396,1058,50,50,1,-1,-1,-1
84,1,567,1000,50,50,1,-1,-1,-1
84,2,408,1010,50,50,1,-1,-1,-1
85,1,576,1007,50,50,1,-1,-1,-1
85,2,418,969,50,50,1,-1,-1,-1
86,1,578,1010,50,50,1,-1,-1,-1
86,2,428,932,50,50,1,-1,-1,-1
87,1,579,1015,50,50,1,-1,-1,-1
87,2,438,897,50,50,1,-1,-1,-1
88,1,575,1022,50,50,1,-1,-1,-1
88,2,448,864,50,50,1,-1,-1,-1
89,1,559,1032,50,50,1,-1,-1,-1
89,2,459,841,50,50,1,-1,-1,-1
90,1,535,1042,50,50,1,-1,-1,-1
90,2,469,825,50,50,1,-1,-1,-1
91,1,506,1059,50,50,1,-1,-1,-1
91,2,479,812,50,50,1,-1,-1,-1
92,1,487,1075,50,50,1,-1,-1,-1
92,2,489,806,50,50,1,-1,-1,-1
93,1,468,1090,50,50,1,-1,-1,-1
93,2,498,803,50,50,1,-1,-1,-1
94,1,454,1102,50,50,1,-1,-1,-1
94,2,508,804,50,50,1,-1,-1,-1
95,1,449,1113,50,50,1,-1,-1,-1
95,2,518,810,50,50,1,-1,-1,-1
96,1,444,1129,50,50,1,-1,-1,-1
96,2,528,822,50,50,1,-1,-1,-1
97,1,428,1158,50,50,1,-1,-1,-1
97,2,537,840,50,50,1,-1,-1,-1
98,1,414,1179,50,50,1,-1,-1,-1
98,2,545,865,50,50,1,-1,-1,-1
99,1,400,1190,50,50,1,-1,-1,-1
99,2,554,894,50,50,1,-1,-1,-1
100,1,394,1203,50,50,1,-1,-1,-1
100,2,564,924,50,50,1,-1,-1,-1
101,1,388,1202,50,50,1,-1,-1,-1
101,2,574,957,50,50,1,-1,-1,-1
102,1,384,1183,50,50,1,-1,-1,-1
102,2,583,992,50,50,1,-1,-1,-1
103,1,385,1150,50,50,1,-1,-1,-1
103,2,593,1018,50,50,1,-1,-1,-1
104,1,392,1102,50,50,1,-1,-1,-1
104,2,606,1022,50,50,1,-1,-1,-1
105,1,399,1050,50,50,1,-1,-1,-1
105,2,614,1025,50,50,1,-1,-1,-1
106,1,413,1001,50,50,1,-1,-1,-1
106,2,617,1026,50,50,1,-1,-1,-1
107,1,424,955,50,50,1,-1,-1,-1
107,2,619,1025,50,50,1,-1,-1,-1
108,1,431,914,50,50,1,-1,-1,-1
108,2,605,1026,50,50,1,-1,-1,-1
109,1,437,879,50,50,1,-1,-1,-1
109,2,590,1028,50,50,1,-1,-1,-1
110,1,442,852,50,50,1,-1,-1,-1
110,2,566,1034,50,50,1,-1,-1,-1
111,1,447,828,50,50,1,-1,-1,-1
111,2,542,1043,50,50,1,-1,-1,-1
112,1,456,805,50,50,1,-1,-1,-1
112,2,512,1055,50,50,1,-1,-1,-1
113,1,467,790,50,50,1,-1,-1,-1
113,2,479,1070,50,50,1,-1,-1,-1
114,1,479,780,50,50,1,-1,-1,-1
114,2,459,1081,50,50,1,-1,-1,-1
115,1,490,777,50,50,1,-1,-1,-1
115,2,449,1090,50,50,1,-1,-1,-1
116,1,495,778,50,50,1,-1,-1,-1
116,2,442,1104,50,50,1,-1,-1,-1
117,1,505,784,50,50,1,-1,-1,-1
117,2,432,1124,50,50,1,-1,-1,-1
118,1,514,796,50,50,1,-1,-1,-1
118,2,420,1145,50,50,1,-1,-1,-1
119,1,520,812,50,50,1,-1,-1,-1
119,2,409,1164,50,50,1,-1,-1,-1
120,1,528,832,50,50,1,-1,-1,-1
120,2,402,1178,50,50,1,-1,-1,-1
121,1,538,862,50,50,1,-1,-1,-1
121,2,395,1190,50,50,1,-1,-1,-1
122,1,547,893,50,50,1,-1,-1,-1
122,2,389,1195,50,50,1,-1,-1,-1
123,1,556,927,50,50,1,-1,-1,-1
123,2,391,1177,50,50,1,-1,-1,-1
124,1,563,966,50,50,1,-1,-1,-1
124,2,393,1142,50,50,1,-1,-1,-1
125,1,569,1004,50,50,1,-1,-1,-1
125,2,397,1085,50,50,1,-1,-1,-1
126,1,575,1015,50,50,1,-1,-1,-1
126,2,405,1029,50,50,1,-1,-1,-1
127,1,577,1021,50,50,1,-1,-1,-1
127,2,417,978,50,50,1,-1,-1,-1
128,1,587,1020,50,50,1,-1,-1,-1
128,2,426,933,50,50,1,-1,-1,-1
129,1,595,1024,50,50,1,-1,-1,-1
129,2,436,892,50,50,1,-1,-1,-1
130,1,599,1026,50,50,1,-1,-1,-1
130,2,446,854,50,50,1,-1,-1,-1
131,1,598,1030,50,50,1,-1,-1,-1
131,2,456,824,50,50,1,-1,-1,-1
132,1,588,1033,50,50,1,-1,-1,-1
132,2,466,795,50,50,1,-1,-1,-1
133,1,567,1037,50,50,1,-1,-1,-1
133,2,478,774,50,50,1,-1,-1,-1
134,1,539,1045,50,50,1,-1,-1,-1
134,2,491,755,50,50,1,-1,-1,-1
135,1,502,1059,50,50,1,-1,-1,-1
135,2,502,742,50,50,1,-1,-1,-1
136,1,475,1074,50,50,1,-1,-1,-1
136,2,512,735,50,50,1,-1,-1,-1
137,1,454,1087,50,50,1,-1,-1,-1
137,2,522,731,50,50,1,-1,-1,-1
138,1,446,1100,50,50,1,-1,-1,-1
138,2,534,736,50,50,1,-1,-1,-1
139,1,442,1118,50,50,1,-1,-1,-1
139,2,546,744,50,50,1,-1,-1,-1
140,1,429,1142,50,50,1,-1,-1,-1
140,2,558,759,50,50,1,-1,-1,-1
141,1,420,1158,50,50,1,-1,-1,-1
141,2,570,778,50,50,1,-1,-1,-1
142,1,413,1178,50,50,1,-1,-1,-1
142,2,580,800,50,50,1,-1,-1,-1
143,1,406,1193,50,50,1,-1,-1,-1
143,2,589,829,50,50,1,-1,-1,-1
144,1,401,1196,50,50,1,-1,-1,-1
144,2,599,860,50,50,1,-1,-1,-1
145,1,405,1176,50,50,1,-1,-1,-1
145,2,614,897,50,50,1,-1,-1,-1
146,1,411,1140,50,50,1,-1,-1,-1
146,2,626,941,50,50,1,-1,-1,-1
147,1,412,1087,50,50,1,-1,-1,-1
147,2,635,989,50,50,1,-1,-1,-1
148,1,418,1031,50,50,1,-1,-1,-1
148,2,641,1013,50,50,1,-1,-1,-1
149,1,428,978,50,50,1,-1,-1,-1
149,2,635,1018,50,50,1,-1,-1,-1
150,1,439,933,50,50,1,-1,-1,-1
150,2,632,1019,50,50,1,-1,-1,-1
151,1,449,893,50,50,1,-1,-1,-1
151,2,626,1024,50,50,1,-1,-1,-1
152,1,458,858,50,50,1,-1,-1,-1
152,2,619,1023,50,50,1,-1,-1,-1
153,1,468,827,50,50,1,-1,-1,-1
153,2,605,1031,50,50,1,-1,-1,-1
154,1,479,797,50,50,1,-1,-1,-1
154,2,587,1036,50,50,1,-1,-1,-1
155,1,490,772,50,50,1,-1,-1,-1
155,2,558,1044,50,50,1,-1,-1,-1
156,1,499,756,50,50,1,-1,-1,-1
156,2,526,1058,50,50,1,-1,-1,-1
157,1,509,747,50,50,1,-1,-1,-1
157,2,503,1075,50,50,1,-1,-1,-1
158,1,519,742,50,50,1,-1,-1,-1
158,2,479,1093,50,50,1,-1,-1,-1
159,1,530,739,50,50,1,-1,-1,-1
159,2,465,1108,50,50,1,-1,-1,-1
160,1,541,742,50,50,1,-1,-1,-1
160,2,451,1125,50,50,1,-1,-1,-1
161,1,551,749,50,50,1,-1,-1,-1
161,2,438,1143,50,50,1,-1,-1,-1
162,1,560,761,50,50,1,-1,-1,-1
162,2,427,1161,50,50,1,-1,-1,-1
163,1,569,780,50,50,1,-1,-1,-1
163,2,418,1185,50,50,1,-1,-1,-1
164,1,578,807,50,50,1,-1,-1,-1
164,2,406,1191,50,50,1,-1,-1,-1
165,1,587,836,50,50,1,-1,-1,-1
165,2,398,1199,50,50,1,-1,-1,-1
166,1,597,869,50,50,1,-1,-1,-1
166,2,395,1201,50,50,1,-1,-1,-1
167,1,607,905,50,50,1,-1,-1,-1
167,2,397,1184,50,50,1,-1,-1,-1
168,1,617,951,50,50,1,-1,-1,-1
168,2,400,1151,50,50,1,-1,-1,-1
169,1,626,998,50,50,1,-1,-1,-1
169,2,404,1108,50,50,1,-1,-1,-1
170,1,629,1021,50,50,1,-1,-1,-1
170,2,411,1057,50,50,1,-1,-1,-1
171,1,629,1027,50,50,1,-1,-1,-1
171,2,420,1001,50,50,1,-1,-1,-1
172,1,627,1025,50,50,1,-1,-1,-1
172,2,428,952,50,50,1,-1,-1,-1
173,1,624,1030,50,50,1,-1,-1,-1
173,2,436,914,50,50,1,-1,-1,-1
174,1,619,1029,50,50,1,-1,-1,-1
174,2,444,882,50,50,1,-1,-1,-1
175,1,611,1034,50,50,1,-1,-1,-1
175,2,452,849,50,50,1,-1,-1,-1
176,1,592,1039,50,50,1,-1,-1,-1
176,2,459,821,50,50,1,-1,-1,-1
177,1,565,1041,50,50,1,-1,-1,-1
177,2,466,796,50,50,1,-1,-1,-1
178,1,533,1049,50,50,1,-1,-1,-1
178,2,474,778,50,50,1,-1,-1,-1
179,1,498,1067,50,50,1,-1,-1,-1
179,2,482,768,50,50,1,-1,-1,-1
180,1,471,1080,50,50,1,-1,-1,-1
180,2,489,765,50,50,1,-1,-1,-1
181,1,451,1091,50,50,1,-1,-1,-1
181,2,497,764,50,50,1,-1,-1,-1
182,1,446,1103,50,50,1,-1,-1,-1
182,2,506,764,50,50,1,-1,-1,-1
183,1,439,1120,50,50,1,-1,-1,-1
183,2,515,773,50,50,1,-1,-1,-1
184,1,428,1140,50,50,1,-1,-1,-1
184,2,524,788,50,50,1,-1,-1,-1
185,1,417,1157,50,50,1,-1,-1,-1
185,2,531,810,50,50,1,-1,-1,-1
186,1,408,1174,50,50,1,-1,-1,-1
186,2,538,836,50,50,1,-1,-1,-1
187,1,398,1190,50,50,1,-1,-1,-1
187,2,545,864,50,50,1,-1,-1,-1
188,1,391,1190,50,50,1,-1,-1,-1
188,2,552,896,50,50,1,-1,-1,-1
189,1,389,1187,50,50,1,-1,-1,-1
189,2,558,933,50,50,1,-1,-1,-1
190,1,391,1171,50,50,1,-1,-1,-1
190,2,568,978,50,50,1,-1,-1,-1
191,1,396,1144,50,50,1,-1,-1,-1
191,2,578,1022,50,50,1,-1,-1,-1
192,1,402,1104,50,50,1,-1,-1,-1
192,2,581,1045,50,50,1,-1,-1,-1
193,1,405,1056,50,50,1,-1,-1,-1
193,2,586,1046,50,50,1,-1,-1,-1
194,1,410,1008,50,50,1,-1,-1,-1
194,2,590,1048,50,50,1,-1,-1,-1
195,1,418,962,50,50,1,-1,-1,-1
195,2,591,1046,50,50,1,-1,-1,-1
196,1,428,919,50,50,1,-1,-1,-1
196,2,591,1046,50,50,1,-1,-1,-1
197,1,438,885,50,50,1,-1,-1,-1
197,2,577,1046,50,50,1,-1,-1,-1
198,1,447,858,50,50,1,-1,-1,-1
198,2,553,1047,50,50,1,-1,-1,-1
199,1,456,833,50,50,1,-1,-1,-1
199,2,525,1049,50,50,1,-1,-1,-1
200,1,465,812,50,50,1,-1,-1,-1
200,2,495,1060,50,50,1,-1,-1,-1
201,1,473,794,50,50,1,-1,-1,-1
201,2,474,1075,50,50,1,-1,-1,-1
202,1,480,786,50,50,1,-1,-1,-1
202,2,455,1095,50,50,1,-1,-1,-1
203,1,489,789,50,50,1,-1,-1,-1
203,2,448,1104,50,50,1,-1,-1,-1
204,1,499,793,50,50,1,-1,-1,-1
204,2,443,1119,50,50,1,-1,-1,-1
205,1,509,800,50,50,1,-1,-1,-1
205,2,428,1141,50,50,1,-1,-1,-1
206,1,519,808,50,50,1,-1,-1,-1
206,2,418,1159,50,50,1,-1,-1,-1
207,1,528,822,50,50,1,-1,-1,-1
207,2,409,1177,50,50,1,-1,-1,-1
208,1,535,845,50,50,1,-1,-1,-1
208,2,403,1190,50,50,1,-1,-1,-1
209,1,542,876,50,50,1,-1,-1,-1
209,2,399,1194,50,50,1,-1,-1,-1
210,1,549,909,50,50,1,-1,-1,-1
210,2,396,1183,50,50,1,-1,-1,-1
211,1,558,945,50,50,1,-1,-1,-1
211,2,395,1157,50,50,1,-1,-1,-1
212,1,567,982,50,50,1,-1,-1,-1
212,2,398,1114,50,50,1,-1,-1,-1
213,1,575,1016,50,50,1,-1,-1,-1
213,2,415,1061,50,50,1,-1,-1,-1
214,1,581,1025,50,50,1,-1,-1,-1
214,2,425,1005,50,50,1,-1,-1,-1
215,1,590,1026,50,50,1,-1,-1,-1
215,2,436,957,50,50,1,-1,-1,-1
216,1,596,1031,50,50,1,-1,-1,-1
216,2,446,921,50,50,1,-1,-1,-1
217,1,601,1035,50,50,1,-1,-1,-1
217,2,453,882,50,50,1,-1,-1,-1
218,1,592,1039,50,50,1,-1,-1,-1
218,2,459,849,50,50,1,-1,-1,-1
219,1,576,1036,50,50,1,-1,-1,-1
219,2,470,819,50,50,1,-1,-1,-1
220,1,560,1037,50,50,1,-1,-1,-1
220,2,479,797,50,50,1,-1,-1,-1
221,1,532,1052,50,50,1,-1,-1,-1
221,2,487,779,50,50,1,-1,-1,-1
222,1,496,1069,50,50,1,-1,-1,-1
222,2,498,765,50,50,1,-1,-1,-1
223,1,462,1087,50,50,1,-1,-1,-1
223,2,509,759,50,50,1,-1,-1,-1
224,1,453,1097,50,50,1,-1,-1,-1
224,2,520,757,50,50,1,-1,-1,-1
225,1,446,1114,50,50,1,-1,-1,-1
225,2,529,760,50,50,1,-1,-1,-1
226,1,436,1136,50,50,1,-1,-1,-1
226,2,538,766,50,50,1,-1,-1,-1
227,1,427,1157,50,50,1,-1,-1,-1
227,2,546,779,50,50,1,-1,-1,-1
228,1,420,1171,50,50,1,-1,-1,-1
228,2,555,796,50,50,1,-1,-1,-1
229,1,412,1187,50,50,1,-1,-1,-1
229,2,565,820,50,50,1,-1,-1,-1
230,1,410,1190,50,50,1,-1,-1,-1
230,2,575,850,50,50,1,-1,-1,-1
231,1,409,1179,50,50,1,-1,-1,-1
231,2,585,878,50,50,1,-1,-1,-1
232,1,409,1156,50,50,1,-1,-1,-1
232,2,593,917,50,50,1,-1,-1,-1
233,1,412,1119,50,50,1,-1,-1,-1
233,2,601,960,50,50,1,-1,-1,-1
234,1,415,1068,50,50,1,-1,-1,-1
234,2,608,995,50,50,1,-1,-1,-1
235,1,425,1016,50,50,1,-1,-1,-1
235,2,612,1013,50,50,1,-1,-1,-1
236,1,435,964,50,50,1,-1,-1,-1
236,2,617,1019,50,50,1,-1,-1,-1
237,1,444,920,50,50,1,-1,-1,-1
237,2,617,1016,50,50,1,-1,-1,-1
238,1,453,883,50,50,1,-1,-1,-1
238,2,617,1019,50,50,1,-1,-1,-1
239,1,462,848,50,50,1,-1,-1,-1
239,2,606,1024,50,50,1,-1,-1,-1
240,1,470,817,50,50,1,-1,-1,-1
240,2,594,1028,50,50,1,-1,-1,-1
241,1,478,792,50,50,1,-1,-1,-1
241,2,570,1031,50,50,1,-1,-1,-1
242,1,486,772,50,50,1,-1,-1,-1
242,2,538,1039,50,50,1,-1,-1,-1
243,1,493,758,50,50,1,-1,-1,-1
243,2,507,1057,50,50,1,-1,-1,-1
244,1,501,750,50,50,1,-1,-1,-1
244,2,475,1072,50,50,1,-1,-1,-1
245,1,510,744,50,50,1,-1,-1,-1
245,2,450,1085,50,50,1,-1,-1,-1
246,1,520,744,50,50,1,-1,-1,-1
246,2,451,1094,50,50,1,-1,-1,-1
247,1,529,754,50,50,1,-1,-1,-1
247,2,440,1107,50,50,1,-1,-1,-1
248,1,538,767,50,50,1,-1,-1,-1
248,2,430,1122,50,50,1,-1,-1,-1
249,1,546,787,50,50,1,-1,-1,-1
249,2,425,1140,50,50,1,-1,-1,-1
250,1,555,809,50,50,1,-1,-1,-1
250,2,416,1159,50,50,1,-1,-1,-1
251,1,564,834,50,50,1,-1,-1,-1
251,2,407,1177,50,50,1,-1,-1,-1
252,1,570,864,50,50,1,-1,-1,-1
252,2,400,1189,50,50,1,-1,-1,-1
253,1,578,900,50,50,1,-1,-1,-1
253,2,396,1189,50,50,1,-1,-1,-1
254,1,587,943,50,50,1,-1,-1,-1
254,2,396,1168,50,50,1,-1,-1,-1
255,1,597,989,50,50,1,-1,-1,-1
255,2,402,1132,50,50,1,-1,-1,-1
256,1,603,1025,50,50,1,-1,-1,-1
256,2,406,1080,50,50,1,-1,-1,-1
257,1,602,1029,50,50,1,-1,-1,-1
257,2,410,1025,50,50,1,-1,-1,-1
258,1,601,1033,50,50,1,-1,-1,-1
258,2,420,972,50,50,1,-1,-1,-1
259,1,599,1037,50,50,1,-1,-1,-1
259,2,431,925,50,50,1,-1,-1,-1
260,1,595,1040,50,50,1,-1,-1,-1
260,2,441,887,50,50,1,-1,-1,-1
261,1,586,1041,50,50,1,-1,-1,-1
261,2,450,856,50,50,1,-1,-1,-1
262,1,576,1042,50,50,1,-1,-1,-1
262,2,460,822,50,50,1,-1,-1,-1
263,1,562,1045,50,50,1,-1,-1,-1
263,2,471,791,50,50,1,-1,-1,-1
264,1,537,1050,50,50,1,-1,-1,-1
264,2,481,770,50,50,1,-1,-1,-1
265,1,509,1064,50,50,1,-1,-1,-1
265,2,491,756,50,50,1,-1,-1,-1
266,1,483,1083,50,50,1,-1,-1,-1
266,2,499,748,50,50,1,-1,-1,-1
267,1,463,1098,50,50,1,-1,-1,-1
267,2,507,742,50,50,1,-1,-1,-1
268,1,451,1111,50,50,1,-1,-1,-1
268,2,517,742,50,50,1,-1,-1,-1
269,1,445,1125,50,50,1,-1,-1,-1
269,2,527,748,50,50,1,-1,-1,-1
270,1,438,1146,50,50,1,-1,-1,-1
270,2,534,758,50,50,1,-1,-1,-1
271,1,424,1167,50,50,1,-1,-1,-1
271,2,542,774,50,50,1,-1,-1,-1
272,1,413,1183,50,50,1,-1,-1,-1
272,2,551,794,50,50,1,-1,-1,-1
273,1,401,1193,50,50,1,-1,-1,-1
273,2,561,817,50,50,1,-1,-1,-1
274,1,396,1194,50,50,1,-1,-1,-1
274,2,570,846,50,50,1,-1,-1,-1
275,1,397,1177,50,50,1,-1,-1,-1
275,2,579,879,50,50,1,-1,-1,-1
276,1,402,1149,50,50,1,-1,-1,-1
276,2,588,915,50,50,1,-1,-1,-1
277,1,409,1103,50,50,1,-1,-1,-1
277,2,597,958,50,50,1,-1,-1,-1
278,1,417,1041,50,50,1,-1,-1,-1
278,2,604,1000,50,50,1,-1,-1,-1
279,1,425,983,50,50,1,-1,-1,-1
279,2,604,1010,50,50,1,-1,-1,-1
280,1,436,935,50,50,1,-1,-1,-1
280,2,602,1015,50,50,1,-1,-1,-1
281,1,448,890,50,50,1,-1,-1,-1
281,2,596,1017,50,50,1,-1,-1,-1
282,1,461,848,50,50,1,-1,-1,-1
282,2,582,1020,50,50,1,-1,-1,-1
283,1,471,812,50,50,1,-1,-1,-1
283,2,564,1024,50,50,1,-1,-1,-1
284,1,480,783,50,50,1,-1,-1,-1
284,2,541,1031,50,50,1,-1,-1,-1
285,1,489,760,50,50,1,-1,-1,-1
285,2,514,1045,50,50,1,-1,-1,-1
286,1,499,738,50,50,1,-1,-1,-1
286,2,492,1066,50,50,1,-1,-1,-1
287,1,511,723,50,50,1,-1,-1,-1
287,2,468,1086,50,50,1,-1,-1,-1
288,1,523,718,50,50,1,-1,-1,-1
288,2,454,1104,50,50,1,-1,-1,-1
289,1,532,712,50,50,1,-1,-1,-1
289,2,449,1124,50,50,1,-1,-1,-1
290,1,542,712,50,50,1,-1,-1,-1
290,2,442,1149,50,50,1,-1,-1,-1
291,1,552,715,50,50,1,-1,-1,-1
291,2,431,1173,50,50,1,-1,-1,-1
292,1,561,729,50,50,1,-1,-1,-1
292,2,422,1189,50,50,1,-1,-1,-1
293,1,570,747,50,50,1,-1,-1,-1
293,2,414,1194,50,50,1,-1,-1,-1
294,1,581,767,50,50,1,-1,-1,-1
294,2,412,1187,50,50,1,-1,-1,-1
295,1,593,791,50,50,1,-1,-1,-1
295,2,412,1174,50,50,1,-1,-1,-1
296,1,606,818,50,50,1,-1,-1,-1
296,2,414,1144,50,50,1,-1,-1,-1
297,1,614,856,50,50,1,-1,-1,-1
297,2,419,1099,50,50,1,-1,-1,-1
298,1,621,900,50,50,1,-1,-1,-1
298,2,427,1048,50,50,1,-1,-1,-1
299,1,628,946,50,50,1,-1,-1,-1
299,2,436,996,50,50,1,-1,-1,-1
300,1,638,986,50,50,1,-1,-1,-1
300,2,445,948,50,50,1,-1,-1,-1
301,1,638,1006,50,50,1,-1,-1,-1
301,2,454,908,50,50,1,-1,-1,-1
302,1,640,1019,50,50,1,-1,-1,-1
302,2,463,874,50,50,1,-1,-1,-1
303,1,633,1028,50,50,1,-1,-1,-1
303,2,472,842,50,50,1,-1,-1,-1
304,1,616,1035,50,50,1,-1,-1,-1
304,2,480,814,50,50,1,-1,-1,-1
305,1,601,1037,50,50,1,-1,-1,-1
305,2,488,792,50,50,1,-1,-1,-1
306,1,584,1040,50,50,1,-1,-1,-1
306,2,497,779,50,50,1,-1,-1,-1
307,1,554,1047,50,50,1,-1,-1,-1
307,2,506,771,50,50,1,-1,-1,-1
308,1,523,1064,50,50,1,-1,-1,-1
308,2,515,766,50,50,1,-1,-1,-1
309,1,497,1082,50,50,1,-1,-1,-1
309,2,524,764,50,50,1,-1,-1,-1
310,1,471,1099,50,50,1,-1,-1,-1
310,2,533,769,50,50,1,-1,-1,-1
311,1,454,1110,50,50,1,-1,-1,-1
311,2,542,783,50,50,1,-1,-1,-1
312,1,439,1121,50,50,1,-1,-1,-1
312,2,551,799,50,50,1,-1,-1,-1
313,1,430,1139,50,50,1,-1,-1,-1
313,2,559,820,50,50,1,-1,-1,-1
314,1,422,1158,50,50,1,-1,-1,-1
314,2,567,843,50,50,1,-1,-1,-1
315,1,415,1174,50,50,1,-1,-1,-1
315,2,575,869,50,50,1,-1,-1,-1
316,1,409,1183,50,50,1,-1,-1,-1
316,2,582,900,50,50,1,-1,-1,-1
317,1,407,1187,50,50,1,-1,-1,-1
317,2,589,941,50,50,1,-1,-1,-1
318,1,408,1181,50,50,1,-1,-1,-1
318,2,596,986,50,50,1,-1,-1,-1
319,1,408,1162,50,50,1,-1,-1,-1
319,2,604,1028,50,50,1,-1,-1,-1
320,1,412,1117,50,50,1,-1,-1,-1
320,2,610,1039,50,50,1,-1,-1,-1
321,1,415,1065,50,50,1,-1,-1,-1
321,2,614,1039,50,50,1,-1,-1,-1
322,1,425,1011,50,50,1,-1,-1,-1
322,2,615,1043,50,50,1,-1,-1,-1
323,1,436,964,50,50,1,-1,-1,-1
323,2,608,1040,50,50,1,-1,-1,-1
324,1,444,922,50,50,1,-1,-1,-1
324,2,594,1039,50,50,1,-1,-1,-1
325,1,451,886,50,50,1,-1,-1,-1
325,2,580,1039,50,50,1,-1,-1,-1
326,1,457,854,50,50,1,-1,-1,-1
326,2,556,1043,50,50,1,-1,-1,-1
327,1,465,821,50,50,1,-1,-1,-1
327,2,523,1046,50,50,1,-1,-1,-1
328,1,474,797,50,50,1,-1,-1,-1
328,2,501,1060,50,50,1,-1,-1,-1
329,1,482,776,50,50,1,-1,-1,-1
329,2,469,1071,50,50,1,-1,-1,-1
330,1,491,763,50,50,1,-1,-1,-1
330,2,449,1082,50,50,1,-1,-1,-1
331,1,499,755,50,50,1,-1,-1,-1
331,2,445,1094,50,50,1,-1,-1,-1
332,1,507,752,50,50,1,-1,-1,-1
332,2,439,1112,50,50,1,-1,-1,-1
333,1,517,753,50,50,1,-1,-1,-1
333,2,430,1138,50,50,1,-1,-1,-1
334,1,526,759,50,50,1,-1,-1,-1
334,2,420,1157,50,50,1,-1,-1,-1
335,1,531,772,50,50,1,-1,-1,-1
335,2,410,1171,50,50,1,-1,-1,-1
336,1,536,789,50,50,1,-1,-1,-1
336,2,404,1183,50,50,1,-1,-1,-1
337,1,547,811,50,50,1,-1,-1,-1
337,2,400,1188,50,50,1,-1,-1,-1
338,1,556,838,50,50,1,-1,-1,-1
338,2,399,1175,50,50,1,-1,-1,-1
339,1,565,871,50,50,1,-1,-1,-1
339,2,400,1146,50,50,1,-1,-1,-1
340,1,572,910,50,50,1,-1,-1,-1
340,2,403,1100,50,50,1,-1,-1,-1
341,1,578,954,50,50,1,-1,-1,-1
341,2,410,1046,50,50,1,-1,-1,-1
342,1,584,999,50,50,1,-1,-1,-1
342,2,420,991,50,50,1,-1,-1,-1
343,1,593,1025,50,50,1,-1,-1,-1
343,2,428,943,50,50,1,-1,-1,-1
344,1,594,1026,50,50,1,-1,-1,-1
344,2,436,899,50,50,1,-1,-1,-1
345,1,597,1027,50,50,1,-1,-1,-1
345,2,446,861,50,50,1,-1,-1,-1
346,1,598,1029,50,50,1,-1,-1,-1
346,2,456,829,50,50,1,-1,-1,-1
347,1,598,1031,50,50,1,-1,-1,-1
347,2,466,798,50,50,1,-1,-1,-1
348,1,581,1033,50,50,1,-1,-1,-1
348,2,475,770,50,50,1,-1,-1,-1
349,1,557,1040,50,50,1,-1,-1,-1
349,2,483,751,50,50,1,-1,-1,-1
350,1,530,1050,50,50,1,-1,-1,-1
350,2,493,741,50,50,1,-1,-1,-1
351,1,503,1067,50,50,1,-1,-1,-1
351,2,502,733,50,50,1,-1,-1,-1
352,1,481,1085,50,50,1,-1,-1,-1
352,2,510,730,50,50,1,-1,-1,-1
353,1,463,1102,50,50,1,-1,-1,-1
353,2,518,730,50,50,1,-1,-1,-1
354,1,447,1117,50,50,1,-1,-1,-1
354,2,525,736,50,50,1,-1,-1,-1
355,1,439,1138,50,50,1,-1,-1,-1
355,2,531,750,50,50,1,-1,-1,-1
356,1,425,1160,50,50,1,-1,-1,-1
356,2,538,772,50,50,1,-1,-1,-1
357,1,414,1177,50,50,1,-1,-1,-1
357,2,551,796,50,50,1,-1,-1,-1
358,1,409,1185,50,50,1,-1,-1,-1
358,2,561,824,50,50,1,-1,-1,-1
359,1,406,1186,50,50,1,-1,-1,-1
359,2,569,855,50,50,1,-1,-1,-1
360,1,409,1160,50,50,1,-1,-1,-1
360,2,577,889,50,50,1,-1,-1,-1
361,1,409,1126,50,50,1,-1,-1,-1
361,2,584,928,50,50,1,-1,-1,-1
362,1,413,1077,50,50,1,-1,-1,-1
362,2,588,978,50,50,1,-1,-1,-1
363,1,418,1023,50,50,1,-1,-1,-1
363,2,595,1023,50,50,1,-1,-1,-1
364,1,426,974,50,50,1,-1,-1,-1
364,2,602,1038,50,50,1,-1,-1,-1
365,1,435,928,50,50,1,-1,-1,-1
365,2,606,1039,50,50,1,-1,-1,-1
366,1,444,887,50,50,1,-1,-1,-1
366,2,610,1040,50,50,1,-1,-1,-1
367,1,453,850,50,50,1,-1,-1,-1
367,2,605,1041,50,50,1,-1,-1,-1
368,1,462,817,50,50,1,-1,-1,-1
368,2,588,1042,50,50,1,-1,-1,-1
369,1,469,789,50,50,1,-1,-1,-1
369,2,571,1043,50,50,1,-1,-1,-1
370,1,476,769,50,50,1,-1,-1,-1
370,2,546,1046,50,50,1,-1,-1,-1
371,1,487,755,50,50,1,-1,-1,-1
371,2,514,1058,50,50,1,-1,-1,-1
372,1,498,744,50,50,1,-1,-1,-1
372,2,485,1074,50,50,1,-1,-1,-1
373,1,507,739,50,50,1,-1,-1,-1
373,2,459,1086,50,50,1,-1,-1,-1
374,1,515,739,50,50,1,-1,-1,-1
374,2,450,1104,50,50,1,-1,-1,-1
375,1,521,743,50,50,1,-1,-1,-1
375,2,442,1123,50,50,1,-1,-1,-1
376,1,529,754,50,50,1,-1,-1,-1
376,2,434,1142,50,50,1,-1,-1,-1
377,1,537,767,50,50,1,-1,-1,-1
377,2,428,1159,50,50,1,-1,-1,-1
378,1,546,783,50,50,1,-1,-1,-1
378,2,418,1178,50,50,1,-1,-1,-1
379,1,555,806,50,50,1,-1,-1,-1
379,2,412,1187,50,50,1,-1,-1,-1
380,1,564,837,50,50,1,-1,-1,-1
380,2,408,1185,50,50,1,-1,-1,-1
381,1,571,873,50,50,1,-1,-1,-1
381,2,410,1167,50,50,1,-1,-1,-1
382,1,577,910,50,50,1,-1,-1,-1
382,2,415,1136,50,50,1,-1,-1,-1
383,1,583,948,50,50,1,-1,-1,-1
383,2,419,1086,50,50,1,-1,-1,-1
384,1,592,988,50,50,1,-1,-1,-1
384,2,423,1030,50,50,1,-1,-1,-1
385,1,597,1001,50,50,1,-1,-1,-1
385,2,432,979,50,50,1,-1,-1,-1
386,1,596,1002,50,50,1,-1,-1,-1
386,2,441,931,50,50,1,-1,-1,-1
387,1,589,1008,50,50,1,-1,-1,-1
387,2,451,885,50,50,1,-1,-1,-1
388,1,570,1009,50,50,1,-1,-1,-1
388,2,461,847,50,50,1,-1,-1,-1
389,1,556,1010,50,50,1,-1,-1,-1
389,2,470,812,50,50,1,-1,-1,-1
390,1,530,1024,50,50,1,-1,-1,-1
390,2,478,782,50,50,1,-1,-1,-1
391,1,505,1039,50,50,1,-1,-1,-1
391,2,485,761,50,50,1,-1,-1,-1
392,1,483,1057,50,50,1,-1,-1,-1
392,2,494,749,50,50,1,-1,-1,-1
393,1,461,1076,50,50,1,-1,-1,-1
393,2,504,739,50,50,1,-1,-1,-1
394,1,448,1091,50,50,1,-1,-1,-1
394,2,514,729,50,50,1,-1,-1,-1
395,1,442,1107,50,50,1,-1,-1,-1
395,2,525,725,50,50,1,-1,-1,-1
396,1,437,1129,50,50,1,-1,-1,-1
396,2,533,731,50,50,1,-1,-1,-1
397,1,432,1152,50,50,1,-1,-1,-1
397,2,540,741,50,50,1,-1,-1,-1
398,1,426,1175,50,50,1,-1,-1,-1
398,2,547,754,50,50,1,-1,-1,-1
399,1,416,1190,50,50,1,-1,-1,-1
399,2,554,770,50,50,1,-1,-1,-1
400,1,408,1193,50,50,1,-1,-1,-1
400,2,562,798,50,50,1,-1,-1,-1
401,1,404,1186,50,50,1,-1,-1,-1
401,2,571,830,50,50,1,-1,-1,-1
402,1,409,1158,50,50,1,-1,-1,-1
402,2,579,863,50,50,1,-1,-1,-1
403,1,413,1111,50,50,1,-1,-1,-1
403,2,587,897,50,50,1,-1,-1,-1
404,1,418,1058,50,50,1,-1,-1,-1
404,2,596,939,50,50,1,-1,-1,-1
405,1,432,997,50,50,1,-1,-1,-1
405,2,603,980,50,50,1,-1,-1,-1
406,1,443,946,50,50,1,-1,-1,-1
406,2,611,1007,50,50,1,-1,-1,-1
407,1,454,901,50,50,1,-1,-1,-1
407,2,611,1017,50,50,1,-1,-1,-1
408,1,465,859,50,50,1,-1,-1,-1
408,2,612,1017,50,50,1,-1,-1,-1
409,1,475,822,50,50,1,-1,-1,-1
409,2,611,1019,50,50,1,-1,-1,-1
410,1,483,787,50,50,1,-1,-1,-1
410,2,597,1023,50,50,1,-1,-1,-1
411,1,493,763,50,50,1,-1,-1,-1
411,2,577,1027,50,50,1,-1,-1,-1
412,1,502,747,50,50,1,-1,-1,-1
412,2,551,1030,50,50,1,-1,-1,-1
413,1,512,733,50,50,1,-1,-1,-1
413,2,517,1041,50,50,1,-1,-1,-1
414,1,523,722,50,50,1,-1,-1,-1
414,2,486,1057,50,50,1,-1,-1,-1
415,1,534,716,50,50,1,-1,-1,-1
415,2,464,1076,50,50,1,-1,-1,-1
416,1,545,712,50,50,1,-1,-1,-1
416,2,446,1091,50,50,1,-1,-1,-1
417,1,558,716,50,50,1,-1,-1,-1
417,2,440,1109,50,50,1,-1,-1,-1
418,1,569,727,50,50,1,-1,-1,-1
418,2,435,1130,50,50,1,-1,-1,-1
419,1,575,744,50,50,1,-1,-1,-1
419,2,431,1153,50,50,1,-1,-1,-1
420,1,580,764,50,50,1,-1,-1,-1
420,2,424,1175,50,50,1,-1,-1,-1
421,1,594,789,50,50,1,-1,-1,-1
421,2,419,1190,50,50,1,-1,-1,-1
422,1,603,818,50,50,1,-1,-1,-1
422,2,416,1199,50,50,1,-1,-1,-1
423,1,611,851,50,50,1,-1,-1,-1
423,2,414,1195,50,50,1,-1,-1,-1
424,1,621,890,50,50,1,-1,-1,-1
424,2,415,1172,50,50,1,-1,-1,-1
425,1,632,935,50,50,1,-1,-1,-1
425,2,417,1138,50,50,1,-1,-1,-1
426,1,641,978,50,50,1,-1,-1,-1
426,2,421,1089,50,50,1,-1,-1,-1
427,1,641,1001,50,50,1,-1,-1,-1
427,2,426,1033,50,50,1,-1,-1,-1
428,1,644,1008,50,50,1,-1,-1,-1
428,2,436,977,50,50,1,-1,-1,-1
429,1,638,1008,50,50,1,-1,-1,-1
429,2,441,932,50,50,1,-1,-1,-1
430,1,629,1013,50,50,1,-1,-1,-1
430,2,451,887,50,50,1,-1,-1,-1
431,1,616,1013,50,50,1,-1,-1,-1
431,2,456,853,50,50,1,-1,-1,-1
432,1,600,1017,50,50,1,-1,-1,-1
432,2,461,823,50,50,1,-1,-1,-1
433,1,577,1020,50,50,1,-1,-1,-1
433,2,471,794,50,50,1,-1,-1,-1
434,1,552,1028,50,50,1,-1,-1,-1
434,2,478,770,50,50,1,-1,-1,-1
435,1,515,1041,50,50,1,-1,-1,-1
435,2,484,753,50,50,1,-1,-1,-1
436,1,480,1060,50,50,1,-1,-1,-1
436,2,490,740,50,50,1,-1,-1,-1
437,1,458,1079,50,50,1,-1,-1,-1
437,2,498,732,50,50,1,-1,-1,-1
438,1,444,1090,50,50,1,-1,-1,-1
438,2,507,731,50,50,1,-1,-1,-1
439,1,438,1099,50,50,1,-1,-1,-1
439,2,516,734,50,50,1,-1,-1,-1
440,1,432,1114,50,50,1,-1,-1,-1
440,2,522,743,50,50,1,-1,-1,-1
441,1,423,1132,50,50,1,-1,-1,-1
441,2,529,759,50,50,1,-1,-1,-1
442,1,418,1141,50,50,1,-1,-1,-1
442,2,536,777,50,50,1,-1,-1,-1
443,1,419,1140,50,50,1,-1,-1,-1
443,2,541,803,50,50,1,-1,-1,-1
444,1,415,1142,50,50,1,-1,-1,-1
444,2,547,833,50,50,1,-1,-1,-1
445,1,417,1141,50,50,1,-1,-1,-1
445,2,553,862,50,50,1,-1,-1,-1
446,1,418,1138,50,50,1,-1,-1,-1
446,2,560,899,50,50,1,-1,-1,-1
447,1,413,1132,50,50,1,-1,-1,-1
447,2,566,942,50,50,1,-1,-1,-1
448,1,412,1132,50,50,1,-1,-1,-1
448,2,574,984,50,50,1,-1,-1,-1
449,1,411,1129,50,50,1,-1,-1,-1
449,2,582,1014,50,50,1,-1,-1,-1
450,1,410,1128,50,50,1,-1,-1,-1
450,2,587,1027,50,50,1,-1,-1,-1
451,1,408,1127,50,50,1,-1,-1,-1
451,2,591,1034,50,50,1,-1,-1,-1
452,1,407,1125,50,50,1,-1,-1,-1
452,2,593,1044,50,50,1,-1,-1,-1
453,1,406,1122,50,50,1,-1,-1,-1
453,2,595,1047,50,50,1,-1,-1,-1
454,1,406,1119,50,50,1,-1,-1,-1
454,2,597,1051,50,50,1,-1,-1,-1
455,1,406,1118,50,50,1,-1,-1,-1
455,2,599,1051,50,50,1,-1,-1,-1
456,1,406,1120,50,50,1,-1,-1,-1
456,2,601,1052,50,50,1,-1,-1,-1
457,1,404,1118,50,50,1,-1,-1,-1
457,2,604,1053,50,50,1,-1,-1,-1
458,1,402,1115,50,50,1,-1,-1,-1
458,2,604,1053,50,50,1,-1,-1,-1
459,1,401,1114,50,50,1,-1,-1,-1
459,2,607,1054,50,50,1,-1,-1,-1
460,1,400,1114,50,50,1,-1,-1,-1
460,2,610,1057,50,50,1,-1,-1,-1
461,1,400,1113,50,50,1,-1,-1,-1
461,2,609,1056,50,50,1,-1,-1,-1
462,1,401,1112,50,50,1,-1,-1,-1
462,2,609,1055,50,50,1,-1,-1,-1
463,1,402,1111,50,50,1,-1,-1,-1
463,2,610,1055,50,50,1,-1,-1,-1
464,1,402,1110,50,50,1,-1,-1,-1
464,2,611,1055,50,50,1,-1,-1,-1
465,1,403,1110,50,50,1,-1,-1,-1
465,2,612,1055,50,50,1,-1,-1,-1
466,1,405,1109,50,50,1,-1,-1,-1
466,2,613,1056,50,50,1,-1,-1,-1
467,1,407,1108,50,50,1,-1,-1,-1
467,2,615,1058,50,50,1,-1,-1,-1
468,1,408,1108,50,50,1,-1,-1,-1
468,2,615,1058,50,50,1,-1,-1,-1
469,1,408,1109,50,50,1,-1,-1,-1
469,2,614,1057,50,50,1,-1,-1,-1
