1,1,426,1229,50,50,1,-1,-1,-1
1,2,631,1126,50,50,1,-1,-1,-1
2,1,434,1190,50,50,1,-1,-1,-1
2,2,638,1132,50,50,1,-1,-1,-1
3,1,442,1144,50,50,1,-1,-1,-1
3,2,640,1138,50,50,1,-1,-1,-1
4,1,451,1094,50,50,1,-1,-1,-1
4,2,642,1145,50,50,1,-1,-1,-1
5,1,460,1045,50,50,1,-1,-1,-1
5,2,643,1154,50,50,1,-1,-1,-1
6,1,469,1002,50,50,1,-1,-1,-1
6,2,643,1168,50,50,1,-1,-1,-1
7,1,477,963,50,50,1,-1,-1,-1
7,2,642,1185,50,50,1,-1,-1,-1
8,1,486,931,50,50,1,-1,-1,-1
8,2,640,1205,50,50,1,-1,-1,-1
9,1,495,904,50,50,1,-1,-1,-1
9,2,635,1225,50,50,1,-1,-1,-1
10,1,504,879,50,50,1,-1,-1,-1
10,2,624,1234,50,50,1,-1,-1,-1
11,1,513,861,50,50,1,-1,-1,-1
11,2,607,1241,50,50,1,-1,-1,-1
12,1,521,853,50,50,1,-1,-1,-1
12,2,595,1245,50,50,1,-1,-1,-1
13,1,529,848,50,50,1,-1,-1,-1
13,2,581,1243,50,50,1,-1,-1,-1
14,1,537,845,50,50,1,-1,-1,-1
14,2,567,1231,50,50,1,-1,-1,-1
15,1,545,849,50,50,1,-1,-1,-1
15,2,554,1211,50,50,1,-1,-1,-1
16,1,553,861,50,50,1,-1,-1,-1
16,2,543,1182,50,50,1,-1,-1,-1
17,1,560,876,50,50,1,-1,-1,-1
17,2,536,1140,50,50,1,-1,-1,-1
18,1,567,896,50,50,1,-1,-1,-1
18,2,528,1091,50,50,1,-1,-1,-1
19,1,576,922,50,50,1,-1,-1,-1
19,2,520,1047,50,50,1,-1,-1,-1
20,1,584,957,50,50,1,-1,-1,-1
20,2,514,1002,50,50,1,-1,-1,-1
21,1,591,993,50,50,1,-1,-1,-1
21,2,508,959,50,50,1,-1,-1,-1
22,1,598,1031,50,50,1,-1,-1,-1
22,2,501,923,50,50,1,-1,-1,-1
23,1,606,1064,50,50,1,-1,-1,-1
23,2,494,895,50,50,1,-1,-1,-1
24,1,609,1086,50,50,1,-1,-1,-1
24,2,487,869,50,50,1,-1,-1,-1
25,1,610,1100,50,50,1,-1,-1,-1
25,2,480,846,50,50,1,-1,-1,-1
26,1,606,1124,50,50,1,-1,-1,-1
26,2,472,834,50,50,1,-1,-1,-1
27,1,602,1149,50,50,1,-1,-1,-1
27,2,462,827,50,50,1,-1,-1,-1
28,1,600,1167,50,50,1,-1,-1,-1
28,2,452,824,50,50,1,-1,-1,-1
29,1,596,1189,50,50,1,-1,-1,-1
29,2,442,825,50,50,1,-1,-1,-1
30,1,592,1205,50,50,1,-1,-1,-1
30,2,435,835,50,50,1,-1,-1,-1
31,1,587,1204,50,50,1,-1,-1,-1
31,2,427,851,50,50,1,-1,-1,-1
32,1,582,1196,50,50,1,-1,-1,-1
32,2,419,871,50,50,1,-1,-1,-1
33,1,580,1175,50,50,1,-1,-1,-1
33,2,410,896,50,50,1,-1,-1,-1
34,1,581,1140,50,50,1,-1,-1,-1
34,2,401,925,50,50,1,-1,-1,-1
35,1,578,1093,50,50,1,-1,-1,-1
35,2,394,961,50,50,1,-1,-1,-1
36,1,567,1042,50,50,1,-1,-1,-1
36,2,387,1000,50,50,1,-1,-1,-1
37,1,557,997,50,50,1,-1,-1,-1
37,2,379,1041,50,50,1,-1,-1,-1
38,1,549,957,50,50,1,-1,-1,-1
38,2,370,1078,50,50,1,-1,-1,-1
39,1,541,919,50,50,1,-1,-1,-1
39,2,368,1107,50,50,1,-1,-1,-1
40,1,531,886,50,50,1,-1,-1,-1
40,2,373,1132,50,50,1,-1,-1,-1
41,1,522,862,50,50,1,-1,-1,-1
41,2,381,1158,50,50,1,-1,-1,-1
42,1,512,843,50,50,1,-1,-1,-1
42,2,389,1182,50,50,1,-1,-1,-1
43,1,502,828,50,50,1,-1,-1,-1
43,2,400,1200,50,50,1,-1,-1,-1
44,1,493,818,50,50,1,-1,-1,-1
44,2,410,1219,50,50,1,-1,-1,-1
45,1,482,812,50,50,1,-1,-1,-1
45,2,424,1231,50,50,1,-1,-1,-1
46,1,471,813,50,50,1,-1,-1,-1
46,2,440,1225,50,50,1,-1,-1,-1
47,1,460,820,50,50,1,-1,-1,-1
47,2,458,1206,50,50,1,-1,-1,-1
48,1,449,830,50,50,1,-1,-1,-1
48,2,476,1168,50,50,1,-1,-1,-1
49,1,438,845,50,50,1,-1,-1,-1
49,2,484,1112,50,50,1,-1,-1,-1
50,1,428,871,50,50,1,-1,-1,-1
50,2,491,1052,50,50,1,-1,-1,-1
51,1,418,901,50,50,1,-1,-1,-1
51,2,497,1001,50,50,1,-1,-1,-1
52,1,408,936,50,50,1,-1,-1,-1
52,2,505,959,50,50,1,-1,-1,-1
53,1,399,974,50,50,1,-1,-1,-1
53,2,514,920,50,50,1,-1,-1,-1
54,1,391,1011,50,50,1,-1,-1,-1
54,2,522,886,50,50,1,-1,-1,-1
55,1,384,1048,50,50,1,-1,-1,-1
55,2,530,854,50,50,1,-1,-1,-1
56,1,373,1078,50,50,1,-1,-1,-1
56,2,537,829,50,50,1,-1,-1,-1
57,1,370,1109,50,50,1,-1,-1,-1
57,2,543,811,50,50,1,-1,-1,-1
58,1,377,1140,50,50,1,-1,-1,-1
58,2,549,796,50,50,1,-1,-1,-1
59,1,384,1171,50,50,1,-1,-1,-1
59,2,556,786,50,50,1,-1,-1,-1
60,1,395,1194,50,50,1,-1,-1,-1
60,2,563,784,50,50,1,-1,-1,-1
61,1,407,1210,50,50,1,-1,-1,-1
61,2,571,787,50,50,1,-1,-1,-1
62,1,417,1216,50,50,1,-1,-1,-1
62,2,580,794,50,50,1,-1,-1,-1
63,1,424,1208,50,50,1,-1,-1,-1
63,2,589,806,50,50,1,-1,-1,-1
64,1,429,1181,50,50,1,-1,-1,-1
64,2,597,826,50,50,1,-1,-1,-1
65,1,437,1146,50,50,1,-1,-1,-1
65,2,603,852,50,50,1,-1,-1,-1
66,1,447,1096,50,50,1,-1,-1,-1
66,2,609,879,50,50,1,-1,-1,-1
67,1,455,1043,50,50,1,-1,-1,-1
67,2,614,910,50,50,1,-1,-1,-1
68,1,462,991,50,50,1,-1,-1,-1
68,2,620,946,50,50,1,-1,-1,-1
69,1,469,945,50,50,1,-1,-1,-1
69,2,628,991,50,50,1,-1,-1,-1
70,1,477,905,50,50,1,-1,-1,-1
70,2,636,1035,50,50,1,-1,-1,-1
71,1,485,868,50,50,1,-1,-1,-1
71,2,640,1065,50,50,1,-1,-1,-1
72,1,494,841,50,50,1,-1,-1,-1
72,2,640,1083,50,50,1,-1,-1,-1
73,1,503,823,50,50,1,-1,-1,-1
73,2,630,1102,50,50,1,-1,-1,-1
74,1,511,809,50,50,1,-1,-1,-1
74,2,616,1126,50,50,1,-1,-1,-1
75,1,518,796,50,50,1,-1,-1,-1
75,2,598,1150,50,50,1,-1,-1,-1
76,1,525,784,50,50,1,-1,-1,-1
76,2,576,1169,50,50,1,-1,-1,-1
77,1,532,780,50,50,1,-1,-1,-1
77,2,561,1183,50,50,1,-1,-1,-1
78,1,537,787,50,50,1,-1,-1,-1
78,2,548,1188,50,50,1,-1,-1,-1
79,1,543,798,50,50,1,-1,-1,-1
79,2,540,1173,50,50,1,-1,-1,-1
80,1,552,813,50,50,1,-1,-1,-1
80,2,534,1139,50,50,1,-1,-1,-1
81,1,561,834,50,50,1,-1,-1,-1
81,2,526,1095,50,50,1,-1,-1,-1
82,1,567,858,50,50,1,-1,-1,-1
82,2,518,1046,50,50,1,-1,-1,-1
83,1,573,885,50,50,1,-1,-1,-1
83,2,511,996,50,50,1,-1,-1,-1
84,1,580,919,50,50,1,-1,-1,-1
84,2,505,952,50,50,1,-1,-1,-1
85,1,587,958,50,50,1,-1,-1,-1
85,2,499,914,50,50,1,-1,-1,-1
86,1,594,999,50,50,1,-1,-1,-1
86,2,494,880,50,50,1,-1,-1,-1
87,1,600,1039,50,50,1,-1,-1,-1
87,2,488,849,50,50,1,-1,-1,-1
88,1,608,1068,50,50,1,-1,-1,-1
88,2,481,822,50,50,1,-1,-1,-1
89,1,607,1091,50,50,1,-1,-1,-1
89,2,473,804,50,50,1,-1,-1,-1
90,1,606,1123,50,50,1,-1,-1,-1
90,2,465,791,50,50,1,-1,-1,-1
91,1,597,1149,50,50,1,-1,-1,-1
91,2,457,782,50,50,1,-1,-1,-1
92,1,591,1179,50,50,1,-1,-1,-1
92,2,448,780,50,50,1,-1,-1,-1
93,1,586,1197,50,50,1,-1,-1,-1
93,2,439,781,50,50,1,-1,-1,-1
94,1,579,1206,50,50,1,-1,-1,-1
94,2,431,794,50,50,1,-1,-1,-1
95,1,570,1208,50,50,1,-1,-1,-1
95,2,423,807,50,50,1,-1,-1,-1
96,1,565,1191,50,50,1,-1,-1,-1
96,2,415,826,50,50,1,-1,-1,-1
97,1,563,1165,50,50,1,-1,-1,-1
97,2,407,847,50,50,1,-1,-1,-1
98,1,561,1131,50,50,1,-1,-1,-1
98,2,400,873,50,50,1,-1,-1,-1
99,1,557,1082,50,50,1,-1,-1,-1
99,2,394,907,50,50,1,-1,-1,-1
100,1,548,1030,50,50,1,-1,-1,-1
100,2,388,950,50,50,1,-1,-1,-1
101,1,536,978,50,50,1,-1,-1,-1
101,2,382,993,50,50,1,-1,-1,-1
102,1,528,935,50,50,1,-1,-1,-1
102,2,375,1043,50,50,1,-1,-1,-1
103,1,520,898,50,50,1,-1,-1,-1
103,2,368,1095,50,50,1,-1,-1,-1
104,1,511,864,50,50,1,-1,-1,-1
104,2,367,1112,50,50,1,-1,-1,-1
105,1,501,835,50,50,1,-1,-1,-1
105,2,366,1129,50,50,1,-1,-1,-1
106,1,491,811,50,50,1,-1,-1,-1
106,2,367,1150,50,50,1,-1,-1,-1
107,1,481,790,50,50,1,-1,-1,-1
107,2,376,1171,50,50,1,-1,-1,-1
108,1,470,778,50,50,1,-1,-1,-1
108,2,385,1193,50,50,1,-1,-1,-1
109,1,458,774,50,50,1,-1,-1,-1
109,2,395,1213,50,50,1,-1,-1,-1
110,1,445,774,50,50,1,-1,-1,-1
110,2,406,1226,50,50,1,-1,-1,-1
111,1,432,777,50,50,1,-1,-1,-1
111,2,416,1226,50,50,1,-1,-1,-1
112,1,423,787,50,50,1,-1,-1,-1
112,2,429,1211,50,50,1,-1,-1,-1
113,1,415,799,50,50,1,-1,-1,-1
113,2,446,1177,50,50,1,-1,-1,-1
114,1,406,819,50,50,1,-1,-1,-1
114,2,459,1132,50,50,1,-1,-1,-1
115,1,396,846,50,50,1,-1,-1,-1
115,2,467,1077,50,50,1,-1,-1,-1
116,1,385,876,50,50,1,-1,-1,-1
116,2,470,1018,50,50,1,-1,-1,-1
117,1,369,914,50,50,1,-1,-1,-1
117,2,475,968,50,50,1,-1,-1,-1
118,1,361,953,50,50,1,-1,-1,-1
118,2,482,926,50,50,1,-1,-1,-1
119,1,353,1000,50,50,1,-1,-1,-1
119,2,489,888,50,50,1,-1,-1,-1
120,1,342,1046,50,50,1,-1,-1,-1
120,2,496,850,50,50,1,-1,-1,-1
121,1,337,1084,50,50,1,-1,-1,-1
121,2,504,819,50,50,1,-1,-1,-1
122,1,338,1105,50,50,1,-1,-1,-1
122,2,513,792,50,50,1,-1,-1,-1
123,1,342,1131,50,50,1,-1,-1,-1
123,2,523,771,50,50,1,-1,-1,-1
124,1,355,1156,50,50,1,-1,-1,-1
124,2,531,759,50,50,1,-1,-1,-1
125,1,372,1179,50,50,1,-1,-1,-1
125,2,538,749,50,50,1,-1,-1,-1
126,1,389,1198,50,50,1,-1,-1,-1
126,2,544,744,50,50,1,-1,-1,-1
127,1,401,1214,50,50,1,-1,-1,-1
127,2,550,745,50,50,1,-1,-1,-1
128,1,415,1220,50,50,1,-1,-1,-1
128,2,557,753,50,50,1,-1,-1,-1
129,1,423,1211,50,50,1,-1,-1,-1
129,2,564,766,50,50,1,-1,-1,-1
130,1,432,1192,50,50,1,-1,-1,-1
130,2,571,785,50,50,1,-1,-1,-1
131,1,435,1158,50,50,1,-1,-1,-1
131,2,579,808,50,50,1,-1,-1,-1
132,1,442,1104,50,50,1,-1,-1,-1
132,2,587,837,50,50,1,-1,-1,-1
133,1,451,1042,50,50,1,-1,-1,-1
133,2,594,872,50,50,1,-1,-1,-1
134,1,458,993,50,50,1,-1,-1,-1
134,2,601,909,50,50,1,-1,-1,-1
135,1,465,949,50,50,1,-1,-1,-1
135,2,608,949,50,50,1,-1,-1,-1
136,1,472,906,50,50,1,-1,-1,-1
136,2,615,1000,50,50,1,-1,-1,-1
137,1,481,868,50,50,1,-1,-1,-1
137,2,623,1045,50,50,1,-1,-1,-1
138,1,489,837,50,50,1,-1,-1,-1
138,2,623,1061,50,50,1,-1,-1,-1
139,1,497,809,50,50,1,-1,-1,-1
139,2,621,1080,50,50,1,-1,-1,-1
140,1,505,785,50,50,1,-1,-1,-1
140,2,616,1104,50,50,1,-1,-1,-1
141,1,513,766,50,50,1,-1,-1,-1
141,2,608,1132,50,50,1,-1,-1,-1
142,1,519,760,50,50,1,-1,-1,-1
142,2,597,1157,50,50,1,-1,-1,-1
143,1,526,760,50,50,1,-1,-1,-1
143,2,586,1179,50,50,1,-1,-1,-1
144,1,535,761,50,50,1,-1,-1,-1
144,2,571,1194,50,50,1,-1,-1,-1
145,1,541,770,50,50,1,-1,-1,-1
145,2,557,1192,50,50,1,-1,-1,-1
146,1,548,779,50,50,1,-1,-1,-1
146,2,549,1179,50,50,1,-1,-1,-1
147,1,555,796,50,50,1,-1,-1,-1
147,2,543,1152,50,50,1,-1,-1,-1
148,1,563,816,50,50,1,-1,-1,-1
148,2,536,1110,50,50,1,-1,-1,-1
149,1,570,844,50,50,1,-1,-1,-1
149,2,528,1061,50,50,1,-1,-1,-1
150,1,576,875,50,50,1,-1,-1,-1
150,2,523,1013,50,50,1,-1,-1,-1
151,1,584,911,50,50,1,-1,-1,-1
151,2,518,972,50,50,1,-1,-1,-1
152,1,593,952,50,50,1,-1,-1,-1
152,2,513,936,50,50,1,-1,-1,-1
153,1,598,999,50,50,1,-1,-1,-1
153,2,509,905,50,50,1,-1,-1,-1
154,1,606,1041,50,50,1,-1,-1,-1
154,2,505,875,50,50,1,-1,-1,-1
155,1,613,1068,50,50,1,-1,-1,-1
155,2,500,854,50,50,1,-1,-1,-1
156,1,615,1091,50,50,1,-1,-1,-1
156,2,493,839,50,50,1,-1,-1,-1
157,1,609,1113,50,50,1,-1,-1,-1
157,2,486,828,50,50,1,-1,-1,-1
158,1,604,1137,50,50,1,-1,-1,-1
158,2,479,822,50,50,1,-1,-1,-1
159,1,598,1159,50,50,1,-1,-1,-1
159,2,473,822,50,50,1,-1,-1,-1
160,1,594,1177,50,50,1,-1,-1,-1
160,2,466,831,50,50,1,-1,-1,-1
161,1,587,1186,50,50,1,-1,-1,-1
161,2,458,844,50,50,1,-1,-1,-1
162,1,585,1180,50,50,1,-1,-1,-1
162,2,449,863,50,50,1,-1,-1,-1
163,1,585,1165,50,50,1,-1,-1,-1
163,2,445,883,50,50,1,-1,-1,-1
164,1,584,1141,50,50,1,-1,-1,-1
164,2,441,911,50,50,1,-1,-1,-1
165,1,581,1104,50,50,1,-1,-1,-1
165,2,436,943,50,50,1,-1,-1,-1
166,1,574,1055,50,50,1,-1,-1,-1
166,2,431,979,50,50,1,-1,-1,-1
167,1,567,1009,50,50,1,-1,-1,-1
167,2,424,1020,50,50,1,-1,-1,-1
168,1,558,968,50,50,1,-1,-1,-1
168,2,419,1067,50,50,1,-1,-1,-1
169,1,550,933,50,50,1,-1,-1,-1
169,2,415,1116,50,50,1,-1,-1,-1
170,1,542,900,50,50,1,-1,-1,-1
170,2,413,1137,50,50,1,-1,-1,-1
171,1,534,869,50,50,1,-1,-1,-1
171,2,414,1156,50,50,1,-1,-1,-1
172,1,525,848,50,50,1,-1,-1,-1
172,2,416,1176,50,50,1,-1,-1,-1
173,1,515,833,50,50,1,-1,-1,-1
173,2,416,1195,50,50,1,-1,-1,-1
174,1,507,820,50,50,1,-1,-1,-1
174,2,420,1208,50,50,1,-1,-1,-1
175,1,500,811,50,50,1,-1,-1,-1
175,2,427,1217,50,50,1,-1,-1,-1
176,1,493,807,50,50,1,-1,-1,-1
176,2,439,1217,50,50,1,-1,-1,-1
177,1,484,815,50,50,1,-1,-1,-1
177,2,453,1203,50,50,1,-1,-1,-1
178,1,475,829,50,50,1,-1,-1,-1
178,2,466,1175,50,50,1,-1,-1,-1
179,1,465,846,50,50,1,-1,-1,-1
179,2,478,1126,50,50,1,-1,-1,-1
180,1,454,867,50,50,1,-1,-1,-1
180,2,488,1072,50,50,1,-1,-1,-1
181,1,442,892,50,50,1,-1,-1,-1
181,2,497,1017,50,50,1,-1,-1,-1
182,1,434,927,50,50,1,-1,-1,-1
182,2,503,968,50,50,1,-1,-1,-1
183,1,426,963,50,50,1,-1,-1,-1
183,2,508,927,50,50,1,-1,-1,-1
184,1,418,1006,50,50,1,-1,-1,-1
184,2,513,891,50,50,1,-1,-1,-1
185,1,410,1051,50,50,1,-1,-1,-1
185,2,519,859,50,50,1,-1,-1,-1
186,1,403,1087,50,50,1,-1,-1,-1
186,2,526,831,50,50,1,-1,-1,-1
187,1,398,1114,50,50,1,-1,-1,-1
187,2,533,809,50,50,1,-1,-1,-1
188,1,396,1137,50,50,1,-1,-1,-1
188,2,540,793,50,50,1,-1,-1,-1
189,1,400,1163,50,50,1,-1,-1,-1
189,2,547,781,50,50,1,-1,-1,-1
190,1,405,1190,50,50,1,-1,-1,-1
190,2,554,774,50,50,1,-1,-1,-1
191,1,408,1210,50,50,1,-1,-1,-1
191,2,559,777,50,50,1,-1,-1,-1
192,1,412,1219,50,50,1,-1,-1,-1
192,2,566,782,50,50,1,-1,-1,-1
193,1,420,1216,50,50,1,-1,-1,-1
193,2,574,789,50,50,1,-1,-1,-1
194,1,423,1196,50,50,1,-1,-1,-1
194,2,581,805,50,50,1,-1,-1,-1
195,1,429,1152,50,50,1,-1,-1,-1
195,2,586,832,50,50,1,-1,-1,-1
196,1,444,1098,50,50,1,-1,-1,-1
196,2,592,860,50,50,1,-1,-1,-1
197,1,455,1038,50,50,1,-1,-1,-1
197,2,601,888,50,50,1,-1,-1,-1
198,1,461,983,50,50,1,-1,-1,-1
198,2,607,924,50,50,1,-1,-1,-1
199,1,466,931,50,50,1,-1,-1,-1
199,2,611,969,50,50,1,-1,-1,-1
200,1,475,884,50,50,1,-1,-1,-1
200,2,617,1017,50,50,1,-1,-1,-1
201,1,490,844,50,50,1,-1,-1,-1
201,2,621,1046,50,50,1,-1,-1,-1
202,1,499,807,50,50,1,-1,-1,-1
202,2,619,1057,50,50,1,-1,-1,-1
203,1,507,780,50,50,1,-1,-1,-1
203,2,616,1072,50,50,1,-1,-1,-1
204,1,515,756,50,50,1,-1,-1,-1
204,2,607,1091,50,50,1,-1,-1,-1
205,1,525,738,50,50,1,-1,-1,-1
205,2,598,1116,50,50,1,-1,-1,-1
206,1,535,721,50,50,1,-1,-1,-1
206,2,588,1144,50,50,1,-1,-1,-1
207,1,545,714,50,50,1,-1,-1,-1
207,2,580,1170,50,50,1,-1,-1,-1
208,1,555,710,50,50,1,-1,-1,-1
208,2,573,1187,50,50,1,-1,-1,-1
209,1,564,711,50,50,1,-1,-1,-1
209,2,566,1192,50,50,1,-1,-1,-1
210,1,573,719,50,50,1,-1,-1,-1
210,2,562,1185,50,50,1,-1,-1,-1
211,1,582,733,50,50,1,-1,-1,-1
211,2,557,1152,50,50,1,-1,-1,-1
212,1,590,751,50,50,1,-1,-1,-1
212,2,550,1106,50,50,1,-1,-1,-1
213,1,598,775,50,50,1,-1,-1,-1
213,2,543,1056,50,50,1,-1,-1,-1
214,1,606,802,50,50,1,-1,-1,-1
214,2,536,1009,50,50,1,-1,-1,-1
215,1,615,834,50,50,1,-1,-1,-1
215,2,528,963,50,50,1,-1,-1,-1
216,1,625,871,50,50,1,-1,-1,-1
216,2,519,918,50,50,1,-1,-1,-1
217,1,635,917,50,50,1,-1,-1,-1
217,2,510,875,50,50,1,-1,-1,-1
218,1,645,968,50,50,1,-1,-1,-1
218,2,501,843,50,50,1,-1,-1,-1
219,1,652,1011,50,50,1,-1,-1,-1
219,2,491,814,50,50,1,-1,-1,-1
220,1,651,1037,50,50,1,-1,-1,-1
220,2,481,790,50,50,1,-1,-1,-1
221,1,646,1062,50,50,1,-1,-1,-1
221,2,472,773,50,50,1,-1,-1,-1
222,1,634,1091,50,50,1,-1,-1,-1
222,2,463,760,50,50,1,-1,-1,-1
223,1,620,1125,50,50,1,-1,-1,-1
223,2,454,752,50,50,1,-1,-1,-1
224,1,606,1157,50,50,1,-1,-1,-1
224,2,443,752,50,50,1,-1,-1,-1
225,1,590,1175,50,50,1,-1,-1,-1
225,2,432,756,50,50,1,-1,-1,-1
226,1,578,1179,50,50,1,-1,-1,-1
226,2,421,766,50,50,1,-1,-1,-1
227,1,569,1171,50,50,1,-1,-1,-1
227,2,410,782,50,50,1,-1,-1,-1
228,1,565,1146,50,50,1,-1,-1,-1
228,2,400,803,50,50,1,-1,-1,-1
229,1,561,1106,50,50,1,-1,-1,-1
229,2,392,830,50,50,1,-1,-1,-1
230,1,556,1055,50,50,1,-1,-1,-1
230,2,385,859,50,50,1,-1,-1,-1
231,1,549,995,50,50,1,-1,-1,-1
231,2,375,894,50,50,1,-1,-1,-1
232,1,542,943,50,50,1,-1,-1,-1
232,2,364,937,50,50,1,-1,-1,-1
233,1,536,898,50,50,1,-1,-1,-1
233,2,354,985,50,50,1,-1,-1,-1
234,1,529,863,50,50,1,-1,-1,-1
234,2,346,1035,50,50,1,-1,-1,-1
235,1,518,829,50,50,1,-1,-1,-1
235,2,340,1073,50,50,1,-1,-1,-1
236,1,507,795,50,50,1,-1,-1,-1
236,2,342,1097,50,50,1,-1,-1,-1
237,1,497,767,50,50,1,-1,-1,-1
237,2,348,1124,50,50,1,-1,-1,-1
238,1,490,745,50,50,1,-1,-1,-1
238,2,356,1154,50,50,1,-1,-1,-1
239,1,482,734,50,50,1,-1,-1,-1
239,2,368,1183,50,50,1,-1,-1,-1
240,1,473,730,50,50,1,-1,-1,-1
240,2,384,1207,50,50,1,-1,-1,-1
241,1,463,727,50,50,1,-1,-1,-1
241,2,404,1222,50,50,1,-1,-1,-1
242,1,453,726,50,50,1,-1,-1,-1
242,2,420,1221,50,50,1,-1,-1,-1
243,1,443,735,50,50,1,-1,-1,-1
243,2,431,1205,50,50,1,-1,-1,-1
244,1,432,750,50,50,1,-1,-1,-1
244,2,452,1176,50,50,1,-1,-1,-1
245,1,422,770,50,50,1,-1,-1,-1
245,2,463,1125,50,50,1,-1,-1,-1
246,1,414,793,50,50,1,-1,-1,-1
246,2,470,1070,50,50,1,-1,-1,-1
247,1,406,823,50,50,1,-1,-1,-1
247,2,477,1015,50,50,1,-1,-1,-1
248,1,398,856,50,50,1,-1,-1,-1
248,2,486,963,50,50,1,-1,-1,-1
249,1,388,895,50,50,1,-1,-1,-1
249,2,495,918,50,50,1,-1,-1,-1
250,1,380,940,50,50,1,-1,-1,-1
250,2,502,875,50,50,1,-1,-1,-1
251,1,371,991,50,50,1,-1,-1,-1
251,2,508,838,50,50,1,-1,-1,-1
252,1,364,1033,50,50,1,-1,-1,-1
252,2,514,803,50,50,1,-1,-1,-1
253,1,357,1065,50,50,1,-1,-1,-1
253,2,521,775,50,50,1,-1,-1,-1
254,1,360,1092,50,50,1,-1,-1,-1
254,2,528,759,50,50,1,-1,-1,-1
255,1,372,1127,50,50,1,-1,-1,-1
255,2,535,747,50,50,1,-1,-1,-1
256,1,384,1158,50,50,1,-1,-1,-1
256,2,542,737,50,50,1,-1,-1,-1
257,1,396,1186,50,50,1,-1,-1,-1
257,2,550,736,50,50,1,-1,-1,-1
258,1,407,1207,50,50,1,-1,-1,-1
258,2,558,738,50,50,1,-1,-1,-1
259,1,415,1216,50,50,1,-1,-1,-1
259,2,566,743,50,50,1,-1,-1,-1
260,1,420,1204,50,50,1,-1,-1,-1
260,2,573,756,50,50,1,-1,-1,-1
261,1,427,1180,50,50,1,-1,-1,-1
261,2,578,773,50,50,1,-1,-1,-1
262,1,430,1142,50,50,1,-1,-1,-1
262,2,584,796,50,50,1,-1,-1,-1
263,1,435,1090,50,50,1,-1,-1,-1
263,2,590,826,50,50,1,-1,-1,-1
264,1,440,1030,50,50,1,-1,-1,-1
264,2,597,860,50,50,1,-1,-1,-1
265,1,445,970,50,50,1,-1,-1,-1
265,2,604,897,50,50,1,-1,-1,-1
266,1,453,921,50,50,1,-1,-1,-1
266,2,611,940,50,50,1,-1,-1,-1
267,1,459,881,50,50,1,-1,-1,-1
267,2,618,986,50,50,1,-1,-1,-1
268,1,465,844,50,50,1,-1,-1,-1
268,2,626,1029,50,50,1,-1,-1,-1
269,1,472,810,50,50,1,-1,-1,-1
269,2,624,1053,50,50,1,-1,-1,-1
270,1,479,784,50,50,1,-1,-1,-1
270,2,615,1071,50,50,1,-1,-1,-1
271,1,486,762,50,50,1,-1,-1,-1
271,2,605,1096,50,50,1,-1,-1,-1
272,1,493,746,50,50,1,-1,-1,-1
272,2,595,1125,50,50,1,-1,-1,-1
273,1,499,736,50,50,1,-1,-1,-1
273,2,583,1154,50,50,1,-1,-1,-1
274,1,505,730,50,50,1,-1,-1,-1
274,2,565,1182,50,50,1,-1,-1,-1
275,1,511,729,50,50,1,-1,-1,-1
275,2,547,1199,50,50,1,-1,-1,-1
276,1,517,736,50,50,1,-1,-1,-1
276,2,533,1192,50,50,1,-1,-1,-1
277,1,525,749,50,50,1,-1,-1,-1
277,2,520,1169,50,50,1,-1,-1,-1
278,1,533,765,50,50,1,-1,-1,-1
278,2,508,1136,50,50,1,-1,-1,-1
279,1,540,788,50,50,1,-1,-1,-1
279,2,504,1087,50,50,1,-1,-1,-1
280,1,543,814,50,50,1,-1,-1,-1
280,2,499,1034,50,50,1,-1,-1,-1
281,1,548,846,50,50,1,-1,-1,-1
281,2,494,985,50,50,1,-1,-1,-1
282,1,555,882,50,50,1,-1,-1,-1
282,2,488,940,50,50,1,-1,-1,-1
283,1,562,924,50,50,1,-1,-1,-1
283,2,482,902,50,50,1,-1,-1,-1
284,1,568,974,50,50,1,-1,-1,-1
284,2,476,865,50,50,1,-1,-1,-1
285,1,574,1017,50,50,1,-1,-1,-1
285,2,469,839,50,50,1,-1,-1,-1
286,1,580,1054,50,50,1,-1,-1,-1
286,2,462,815,50,50,1,-1,-1,-1
287,1,579,1085,50,50,1,-1,-1,-1
287,2,455,792,50,50,1,-1,-1,-1
288,1,574,1114,50,50,1,-1,-1,-1
288,2,448,776,50,50,1,-1,-1,-1
289,1,572,1143,50,50,1,-1,-1,-1
289,2,441,769,50,50,1,-1,-1,-1
290,1,571,1172,50,50,1,-1,-1,-1
290,2,434,769,50,50,1,-1,-1,-1
291,1,569,1194,50,50,1,-1,-1,-1
291,2,426,770,50,50,1,-1,-1,-1
292,1,568,1200,50,50,1,-1,-1,-1
292,2,418,777,50,50,1,-1,-1,-1
293,1,565,1196,50,50,1,-1,-1,-1
293,2,411,790,50,50,1,-1,-1,-1
294,1,568,1172,50,50,1,-1,-1,-1
294,2,404,807,50,50,1,-1,-1,-1
295,1,566,1138,50,50,1,-1,-1,-1
295,2,398,829,50,50,1,-1,-1,-1
296,1,562,1092,50,50,1,-1,-1,-1
296,2,393,864,50,50,1,-1,-1,-1
297,1,557,1043,50,50,1,-1,-1,-1
297,2,387,900,50,50,1,-1,-1,-1
298,1,547,986,50,50,1,-1,-1,-1
298,2,381,939,50,50,1,-1,-1,-1
299,1,543,937,50,50,1,-1,-1,-1
299,2,375,981,50,50,1,-1,-1,-1
300,1,537,893,50,50,1,-1,-1,-1
300,2,367,1030,50,50,1,-1,-1,-1
301,1,531,855,50,50,1,-1,-1,-1
301,2,363,1071,50,50,1,-1,-1,-1
302,1,524,823,50,50,1,-1,-1,-1
302,2,361,1104,50,50,1,-1,-1,-1
303,1,516,795,50,50,1,-1,-1,-1
303,2,364,1132,50,50,1,-1,-1,-1
304,1,508,768,50,50,1,-1,-1,-1
304,2,369,1160,50,50,1,-1,-1,-1
305,1,501,749,50,50,1,-1,-1,-1
305,2,377,1187,50,50,1,-1,-1,-1
306,1,493,740,50,50,1,-1,-1,-1
306,2,388,1211,50,50,1,-1,-1,-1
307,1,484,736,50,50,1,-1,-1,-1
307,2,402,1222,50,50,1,-1,-1,-1
308,1,474,732,50,50,1,-1,-1,-1
308,2,417,1219,50,50,1,-1,-1,-1
309,1,464,734,50,50,1,-1,-1,-1
309,2,432,1206,50,50,1,-1,-1,-1
310,1,453,743,50,50,1,-1,-1,-1
310,2,447,1187,50,50,1,-1,-1,-1
311,1,446,762,50,50,1,-1,-1,-1
311,2,455,1149,50,50,1,-1,-1,-1
312,1,437,784,50,50,1,-1,-1,-1
312,2,463,1097,50,50,1,-1,-1,-1
313,1,428,811,50,50,1,-1,-1,-1
313,2,471,1040,50,50,1,-1,-1,-1
314,1,419,842,50,50,1,-1,-1,-1
314,2,479,985,50,50,1,-1,-1,-1
315,1,410,877,50,50,1,-1,-1,-1
315,2,486,946,50,50,1,-1,-1,-1
316,1,402,921,50,50,1,-1,-1,-1
316,2,492,905,50,50,1,-1,-1,-1
317,1,394,970,50,50,1,-1,-1,-1
317,2,499,871,50,50,1,-1,-1,-1
318,1,387,1014,50,50,1,-1,-1,-1
318,2,506,841,50,50,1,-1,-1,-1
319,1,380,1061,50,50,1,-1,-1,-1
319,2,513,812,50,50,1,-1,-1,-1
320,1,381,1086,50,50,1,-1,-1,-1
320,2,520,791,50,50,1,-1,-1,-1
321,1,383,1119,50,50,1,-1,-1,-1
321,2,527,777,50,50,1,-1,-1,-1
322,1,388,1155,50,50,1,-1,-1,-1
322,2,533,769,50,50,1,-1,-1,-1
323,1,396,1184,50,50,1,-1,-1,-1
323,2,539,766,50,50,1,-1,-1,-1
324,1,403,1202,50,50,1,-1,-1,-1
324,2,546,768,50,50,1,-1,-1,-1
325,1,411,1211,50,50,1,-1,-1,-1
325,2,553,775,50,50,1,-1,-1,-1
326,1,414,1200,50,50,1,-1,-1,-1
326,2,560,784,50,50,1,-1,-1,-1
327,1,418,1177,50,50,1,-1,-1,-1
327,2,566,802,50,50,1,-1,-1,-1
328,1,420,1134,50,50,1,-1,-1,-1
328,2,572,827,50,50,1,-1,-1,-1
329,1,426,1079,50,50,1,-1,-1,-1
329,2,579,857,50,50,1,-1,-1,-1
330,1,433,1020,50,50,1,-1,-1,-1
330,2,586,892,50,50,1,-1,-1,-1
331,1,443,968,50,50,1,-1,-1,-1
331,2,593,931,50,50,1,-1,-1,-1
332,1,446,918,50,50,1,-1,-1,-1
332,2,599,979,50,50,1,-1,-1,-1
333,1,455,873,50,50,1,-1,-1,-1
333,2,604,1023,50,50,1,-1,-1,-1
334,1,463,835,50,50,1,-1,-1,-1
334,2,607,1051,50,50,1,-1,-1,-1
335,1,473,801,50,50,1,-1,-1,-1
335,2,608,1065,50,50,1,-1,-1,-1
336,1,483,775,50,50,1,-1,-1,-1
336,2,602,1084,50,50,1,-1,-1,-1
337,1,491,753,50,50,1,-1,-1,-1
337,2,594,1106,50,50,1,-1,-1,-1
338,1,498,738,50,50,1,-1,-1,-1
338,2,586,1128,50,50,1,-1,-1,-1
339,1,508,727,50,50,1,-1,-1,-1
339,2,574,1151,50,50,1,-1,-1,-1
340,1,515,721,50,50,1,-1,-1,-1
340,2,563,1171,50,50,1,-1,-1,-1
341,1,522,718,50,50,1,-1,-1,-1
341,2,553,1184,50,50,1,-1,-1,-1
342,1,529,726,50,50,1,-1,-1,-1
342,2,549,1179,50,50,1,-1,-1,-1
343,1,536,739,50,50,1,-1,-1,-1
343,2,546,1164,50,50,1,-1,-1,-1
344,1,544,754,50,50,1,-1,-1,-1
344,2,539,1138,50,50,1,-1,-1,-1
345,1,553,776,50,50,1,-1,-1,-1
345,2,535,1094,50,50,1,-1,-1,-1
346,1,561,801,50,50,1,-1,-1,-1
346,2,530,1042,50,50,1,-1,-1,-1
347,1,569,830,50,50,1,-1,-1,-1
347,2,525,999,50,50,1,-1,-1,-1
348,1,575,864,50,50,1,-1,-1,-1
348,2,520,963,50,50,1,-1,-1,-1
349,1,580,905,50,50,1,-1,-1,-1
349,2,515,929,50,50,1,-1,-1,-1
350,1,588,950,50,50,1,-1,-1,-1
350,2,509,898,50,50,1,-1,-1,-1
351,1,596,996,50,50,1,-1,-1,-1
351,2,503,870,50,50,1,-1,-1,-1
352,1,604,1021,50,50,1,-1,-1,-1
352,2,496,849,50,50,1,-1,-1,-1
353,1,612,1036,50,50,1,-1,-1,-1
353,2,489,830,50,50,1,-1,-1,-1
354,1,613,1042,50,50,1,-1,-1,-1
354,2,482,822,50,50,1,-1,-1,-1
355,1,616,1047,50,50,1,-1,-1,-1
355,2,476,819,50,50,1,-1,-1,-1
356,1,617,1054,50,50,1,-1,-1,-1
356,2,470,820,50,50,1,-1,-1,-1
357,1,619,1056,50,50,1,-1,-1,-1
357,2,463,828,50,50,1,-1,-1,-1
358,1,621,1057,50,50,1,-1,-1,-1
358,2,456,840,50,50,1,-1,-1,-1
359,1,622,1056,50,50,1,-1,-1,-1
359,2,449,856,50,50,1,-1,-1,-1
360,1,623,1054,50,50,1,-1,-1,-1
360,2,442,878,50,50,1,-1,-1,-1
361,1,623,1054,50,50,1,-1,-1,-1
361,2,435,911,50,50,1,-1,-1,-1
362,1,623,1054,50,50,1,-1,-1,-1
362,2,429,949,50,50,1,-1,-1,-1
363,1,623,1054,50,50,1,-1,-1,-1
363,2,423,989,50,50,1,-1,-1,-1
364,1,623,1057,50,50,1,-1,-1,-1
364,2,417,1031,50,50,1,-1,-1,-1
365,1,623,1062,50,50,1,-1,-1,-1
365,2,411,1075,50,50,1,-1,-1,-1
366,1,623,1064,50,50,1,-1,-1,-1
366,2,407,1107,50,50,1,-1,-1,-1
367,1,623,1066,50,50,1,-1,-1,-1
367,2,406,1102,50,50,1,-1,-1,-1
368,1,623,1068,50,50,1,-1,-1,-1
368,2,407,1104,50,50,1,-1,-1,-1
369,1,623,1066,50,50,1,-1,-1,-1
369,2,406,1100,50,50,1,-1,-1,-1
370,1,623,1064,50,50,1,-1,-1,-1
370,2,405,1099,50,50,1,-1,-1,-1
371,1,623,1063,50,50,1,-1,-1,-1
371,2,405,1097,50,50,1,-1,-1,-1
372,1,625,1060,50,50,1,-1,-1,-1
372,2,405,1096,50,50,1,-1,-1,-1
373,1,627,1057,50,50,1,-1,-1,-1
373,2,405,1095,50,50,1,-1,-1,-1
374,1,629,1057,50,50,1,-1,-1,-1
374,2,405,1094,50,50,1,-1,-1,-1
375,1,628,1058,50,50,1,-1,-1,-1
375,2,405,1093,50,50,1,-1,-1,-1
376,1,627,1059,50,50,1,-1,-1,-1
376,2,405,1092,50,50,1,-1,-1,-1
377,1,626,1060,50,50,1,-1,-1,-1
377,2,405,1091,50,50,1,-1,-1,-1
378,1,625,1061,50,50,1,-1,-1,-1
378,2,405,1090,50,50,1,-1,-1,-1
379,1,625,1060,50,50,1,-1,-1,-1
379,2,405,1089,50,50,1,-1,-1,-1
380,1,625,1059,50,50,1,-1,-1,-1
380,2,405,1088,50,50,1,-1,-1,-1
381,1,625,1058,50,50,1,-1,-1,-1
381,2,405,1087,50,50,1,-1,-1,-1
382,1,625,1057,50,50,1,-1,-1,-1
382,2,405,1086,50,50,1,-1,-1,-1
383,1,625,1056,50,50,1,-1,-1,-1
383,2,405,1085,50,50,1,-1,-1,-1
