1,1,431,1229,50,50,1,-1,-1,-1
1,2,431,1210,50,50,1,-1,-1,-1
2,1,433,1232,50,50,1,-1,-1,-1
2,2,432,1208,50,50,1,-1,-1,-1
3,1,428,1236,50,50,1,-1,-1,-1
3,2,432,1212,50,50,1,-1,-1,-1
4,1,427,1240,50,50,1,-1,-1,-1
4,2,432,1214,50,50,1,-1,-1,-1
5,1,426,1241,50,50,1,-1,-1,-1
5,2,437,1216,50,50,1,-1,-1,-1
6,1,430,1237,50,50,1,-1,-1,-1
6,2,439,1211,50,50,1,-1,-1,-1
7,1,438,1225,50,50,1,-1,-1,-1
7,2,442,1201,50,50,1,-1,-1,-1
8,1,445,1204,50,50,1,-1,-1,-1
8,2,451,1183,50,50,1,-1,-1,-1
9,1,455,1173,50,50,1,-1,-1,-1
9,2,457,1154,50,50,1,-1,-1,-1
10,1,454,1120,50,50,1,-1,-1,-1
10,2,459,1128,50,50,1,-1,-1,-1
11,1,454,1060,50,50,1,-1,-1,-1
11,2,455,1094,50,50,1,-1,-1,-1
12,1,452,1009,50,50,1,-1,-1,-1
12,2,447,1066,50,50,1,-1,-1,-1
13,1,449,966,50,50,1,-1,-1,-1
13,2,442,1057,50,50,1,-1,-1,-1
14,1,446,926,50,50,1,-1,-1,-1
14,2,438,1067,50,50,1,-1,-1,-1
15,1,444,889,50,50,1,-1,-1,-1
15,2,434,1090,50,50,1,-1,-1,-1
16,1,444,856,50,50,1,-1,-1,-1
16,2,430,1123,50,50,1,-1,-1,-1
17,1,443,834,50,50,1,-1,-1,-1
17,2,431,1154,50,50,1,-1,-1,-1
18,1,442,814,50,50,1,-1,-1,-1
18,2,435,1186,50,50,1,-1,-1,-1
19,1,439,798,50,50,1,-1,-1,-1
19,2,437,1208,50,50,1,-1,-1,-1
20,1,437,791,50,50,1,-1,-1,-1
20,2,446,1220,50,50,1,-1,-1,-1
21,1,436,786,50,50,1,-1,-1,-1
21,2,458,1211,50,50,1,-1,-1,-1
22,1,434,786,50,50,1,-1,-1,-1
22,2,471,1194,50,50,1,-1,-1,-1
23,1,431,789,50,50,1,-1,-1,-1
23,2,488,1165,50,50,1,-1,-1,-1
24,1,431,799,50,50,1,-1,-1,-1
24,2,496,1126,50,50,1,-1,-1,-1
25,1,429,819,50,50,1,-1,-1,-1
25,2,496,1076,50,50,1,-1,-1,-1
26,1,427,842,50,50,1,-1,-1,-1
26,2,494,1025,50,50,1,-1,-1,-1
27,1,425,869,50,50,1,-1,-1,-1
27,2,488,977,50,50,1,-1,-1,-1
28,1,423,899,50,50,1,-1,-1,-1
28,2,480,932,50,50,1,-1,-1,-1
29,1,421,934,50,50,1,-1,-1,-1
29,2,473,895,50,50,1,-1,-1,-1
30,1,420,974,50,50,1,-1,-1,-1
30,2,466,860,50,50,1,-1,-1,-1
31,1,418,1017,50,50,1,-1,-1,-1
31,2,460,832,50,50,1,-1,-1,-1
32,1,417,1050,50,50,1,-1,-1,-1
32,2,454,806,50,50,1,-1,-1,-1
33,1,421,1077,50,50,1,-1,-1,-1
33,2,447,788,50,50,1,-1,-1,-1
34,1,428,1104,50,50,1,-1,-1,-1
34,2,440,775,50,50,1,-1,-1,-1
35,1,435,1135,50,50,1,-1,-1,-1
35,2,433,768,50,50,1,-1,-1,-1
36,1,439,1167,50,50,1,-1,-1,-1
36,2,426,764,50,50,1,-1,-1,-1
37,1,440,1192,50,50,1,-1,-1,-1
37,2,418,765,50,50,1,-1,-1,-1
38,1,441,1191,50,50,1,-1,-1,-1
38,2,410,774,50,50,1,-1,-1,-1
39,1,450,1175,50,50,1,-1,-1,-1
39,2,402,789,50,50,1,-1,-1,-1
40,1,452,1149,50,50,1,-1,-1,-1
40,2,394,809,50,50,1,-1,-1,-1
41,1,452,1101,50,50,1,-1,-1,-1
41,2,388,836,50,50,1,-1,-1,-1
42,1,451,1047,50,50,1,-1,-1,-1
42,2,383,862,50,50,1,-1,-1,-1
43,1,448,998,50,50,1,-1,-1,-1
43,2,377,892,50,50,1,-1,-1,-1
44,1,445,958,50,50,1,-1,-1,-1
44,2,370,932,50,50,1,-1,-1,-1
45,1,442,921,50,50,1,-1,-1,-1
45,2,363,976,50,50,1,-1,-1,-1
46,1,436,888,50,50,1,-1,-1,-1
46,2,358,1019,50,50,1,-1,-1,-1
47,1,430,857,50,50,1,-1,-1,-1
47,2,356,1056,50,50,1,-1,-1,-1
48,1,425,838,50,50,1,-1,-1,-1
48,2,352,1085,50,50,1,-1,-1,-1
49,1,421,822,50,50,1,-1,-1,-1
49,2,357,1109,50,50,1,-1,-1,-1
50,1,418,808,50,50,1,-1,-1,-1
50,2,365,1135,50,50,1,-1,-1,-1
51,1,416,801,50,50,1,-1,-1,-1
51,2,379,1169,50,50,1,-1,-1,-1
52,1,412,797,50,50,1,-1,-1,-1
52,2,398,1198,50,50,1,-1,-1,-1
53,1,406,800,50,50,1,-1,-1,-1
53,2,420,1205,50,50,1,-1,-1,-1
54,1,400,811,50,50,1,-1,-1,-1
54,2,440,1195,50,50,1,-1,-1,-1
55,1,394,825,50,50,1,-1,-1,-1
55,2,455,1168,50,50,1,-1,-1,-1
56,1,389,843,50,50,1,-1,-1,-1
56,2,462,1117,50,50,1,-1,-1,-1
57,1,385,868,50,50,1,-1,-1,-1
57,2,464,1057,50,50,1,-1,-1,-1
58,1,382,900,50,50,1,-1,-1,-1
58,2,461,997,50,50,1,-1,-1,-1
59,1,379,933,50,50,1,-1,-1,-1
59,2,458,948,50,50,1,-1,-1,-1
60,1,375,970,50,50,1,-1,-1,-1
60,2,455,902,50,50,1,-1,-1,-1
61,1,370,1008,50,50,1,-1,-1,-1
61,2,452,858,50,50,1,-1,-1,-1
62,1,364,1053,50,50,1,-1,-1,-1
62,2,449,821,50,50,1,-1,-1,-1
63,1,365,1080,50,50,1,-1,-1,-1
63,2,447,787,50,50,1,-1,-1,-1
64,1,366,1098,50,50,1,-1,-1,-1
64,2,445,761,50,50,1,-1,-1,-1
65,1,371,1124,50,50,1,-1,-1,-1
65,2,442,738,50,50,1,-1,-1,-1
66,1,384,1150,50,50,1,-1,-1,-1
66,2,439,718,50,50,1,-1,-1,-1
67,1,399,1171,50,50,1,-1,-1,-1
67,2,435,709,50,50,1,-1,-1,-1
68,1,416,1193,50,50,1,-1,-1,-1
68,2,430,707,50,50,1,-1,-1,-1
69,1,435,1201,50,50,1,-1,-1,-1
69,2,427,705,50,50,1,-1,-1,-1
70,1,452,1195,50,50,1,-1,-1,-1
70,2,423,711,50,50,1,-1,-1,-1
71,1,466,1171,50,50,1,-1,-1,-1
71,2,418,719,50,50,1,-1,-1,-1
72,1,473,1132,50,50,1,-1,-1,-1
72,2,415,736,50,50,1,-1,-1,-1
73,1,477,1083,50,50,1,-1,-1,-1
73,2,412,755,50,50,1,-1,-1,-1
74,1,475,1028,50,50,1,-1,-1,-1
74,2,411,783,50,50,1,-1,-1,-1
75,1,472,974,50,50,1,-1,-1,-1
75,2,410,814,50,50,1,-1,-1,-1
76,1,469,935,50,50,1,-1,-1,-1
76,2,407,850,50,50,1,-1,-1,-1
77,1,465,891,50,50,1,-1,-1,-1
77,2,403,894,50,50,1,-1,-1,-1
78,1,462,854,50,50,1,-1,-1,-1
78,2,398,940,50,50,1,-1,-1,-1
79,1,460,826,50,50,1,-1,-1,-1
79,2,395,991,50,50,1,-1,-1,-1
80,1,458,799,50,50,1,-1,-1,-1
80,2,391,1046,50,50,1,-1,-1,-1
81,1,455,778,50,50,1,-1,-1,-1
81,2,395,1079,50,50,1,-1,-1,-1
82,1,452,764,50,50,1,-1,-1,-1
82,2,401,1100,50,50,1,-1,-1,-1
83,1,448,757,50,50,1,-1,-1,-1
83,2,408,1117,50,50,1,-1,-1,-1
84,1,444,752,50,50,1,-1,-1,-1
84,2,415,1138,50,50,1,-1,-1,-1
85,1,440,753,50,50,1,-1,-1,-1
85,2,429,1159,50,50,1,-1,-1,-1
86,1,436,760,50,50,1,-1,-1,-1
86,2,445,1180,50,50,1,-1,-1,-1
87,1,431,772,50,50,1,-1,-1,-1
87,2,456,1193,50,50,1,-1,-1,-1
88,1,426,787,50,50,1,-1,-1,-1
88,2,464,1179,50,50,1,-1,-1,-1
89,1,423,810,50,50,1,-1,-1,-1
89,2,472,1153,50,50,1,-1,-1,-1
90,1,421,841,50,50,1,-1,-1,-1
90,2,473,1103,50,50,1,-1,-1,-1
91,1,419,872,50,50,1,-1,-1,-1
91,2,471,1046,50,50,1,-1,-1,-1
92,1,415,908,50,50,1,-1,-1,-1
92,2,466,989,50,50,1,-1,-1,-1
93,1,411,949,50,50,1,-1,-1,-1
93,2,462,936,50,50,1,-1,-1,-1
94,1,407,994,50,50,1,-1,-1,-1
94,2,457,889,50,50,1,-1,-1,-1
95,1,404,1043,50,50,1,-1,-1,-1
95,2,450,847,50,50,1,-1,-1,-1
96,1,400,1075,50,50,1,-1,-1,-1
96,2,445,810,50,50,1,-1,-1,-1
97,1,396,1097,50,50,1,-1,-1,-1
97,2,441,779,50,50,1,-1,-1,-1
98,1,397,1123,50,50,1,-1,-1,-1
98,2,436,752,50,50,1,-1,-1,-1
99,1,398,1146,50,50,1,-1,-1,-1
99,2,430,731,50,50,1,-1,-1,-1
100,1,406,1167,50,50,1,-1,-1,-1
100,2,424,714,50,50,1,-1,-1,-1
101,1,415,1187,50,50,1,-1,-1,-1
101,2,419,702,50,50,1,-1,-1,-1
102,1,419,1202,50,50,1,-1,-1,-1
102,2,414,701,50,50,1,-1,-1,-1
103,1,429,1207,50,50,1,-1,-1,-1
103,2,409,701,50,50,1,-1,-1,-1
104,1,441,1201,50,50,1,-1,-1,-1
104,2,403,705,50,50,1,-1,-1,-1
105,1,452,1170,50,50,1,-1,-1,-1
105,2,397,717,50,50,1,-1,-1,-1
106,1,461,1124,50,50,1,-1,-1,-1
106,2,392,733,50,50,1,-1,-1,-1
107,1,459,1064,50,50,1,-1,-1,-1
107,2,386,755,50,50,1,-1,-1,-1
108,1,457,1013,50,50,1,-1,-1,-1
108,2,381,782,50,50,1,-1,-1,-1
109,1,454,963,50,50,1,-1,-1,-1
109,2,376,815,50,50,1,-1,-1,-1
110,1,451,916,50,50,1,-1,-1,-1
110,2,371,851,50,50,1,-1,-1,-1
111,1,447,872,50,50,1,-1,-1,-1
111,2,367,891,50,50,1,-1,-1,-1
112,1,443,834,50,50,1,-1,-1,-1
112,2,359,941,50,50,1,-1,-1,-1
113,1,440,801,50,50,1,-1,-1,-1
113,2,355,988,50,50,1,-1,-1,-1
114,1,438,775,50,50,1,-1,-1,-1
114,2,351,1039,50,50,1,-1,-1,-1
115,1,436,754,50,50,1,-1,-1,-1
115,2,354,1077,50,50,1,-1,-1,-1
116,1,434,739,50,50,1,-1,-1,-1
116,2,362,1111,50,50,1,-1,-1,-1
117,1,432,728,50,50,1,-1,-1,-1
117,2,381,1140,50,50,1,-1,-1,-1
118,1,429,721,50,50,1,-1,-1,-1
118,2,391,1171,50,50,1,-1,-1,-1
119,1,425,721,50,50,1,-1,-1,-1
119,2,407,1198,50,50,1,-1,-1,-1
120,1,420,725,50,50,1,-1,-1,-1
120,2,422,1209,50,50,1,-1,-1,-1
121,1,415,736,50,50,1,-1,-1,-1
121,2,441,1202,50,50,1,-1,-1,-1
122,1,410,751,50,50,1,-1,-1,-1
122,2,456,1177,50,50,1,-1,-1,-1
123,1,408,777,50,50,1,-1,-1,-1
123,2,466,1147,50,50,1,-1,-1,-1
124,1,405,801,50,50,1,-1,-1,-1
124,2,468,1092,50,50,1,-1,-1,-1
125,1,402,829,50,50,1,-1,-1,-1
125,2,466,1034,50,50,1,-1,-1,-1
126,1,400,868,50,50,1,-1,-1,-1
126,2,462,980,50,50,1,-1,-1,-1
127,1,397,910,50,50,1,-1,-1,-1
127,2,457,931,50,50,1,-1,-1,-1
128,1,393,955,50,50,1,-1,-1,-1
128,2,452,889,50,50,1,-1,-1,-1
129,1,389,1006,50,50,1,-1,-1,-1
129,2,446,851,50,50,1,-1,-1,-1
130,1,385,1054,50,50,1,-1,-1,-1
130,2,440,817,50,50,1,-1,-1,-1
131,1,384,1086,50,50,1,-1,-1,-1
131,2,436,791,50,50,1,-1,-1,-1
132,1,383,1118,50,50,1,-1,-1,-1
132,2,432,769,50,50,1,-1,-1,-1
133,1,386,1150,50,50,1,-1,-1,-1
133,2,426,753,50,50,1,-1,-1,-1
134,1,401,1182,50,50,1,-1,-1,-1
134,2,421,738,50,50,1,-1,-1,-1
135,1,410,1209,50,50,1,-1,-1,-1
135,2,416,731,50,50,1,-1,-1,-1
136,1,417,1218,50,50,1,-1,-1,-1
136,2,411,732,50,50,1,-1,-1,-1
137,1,429,1216,50,50,1,-1,-1,-1
137,2,406,738,50,50,1,-1,-1,-1
138,1,444,1206,50,50,1,-1,-1,-1
138,2,401,746,50,50,1,-1,-1,-1
139,1,454,1179,50,50,1,-1,-1,-1
139,2,396,756,50,50,1,-1,-1,-1
140,1,460,1130,50,50,1,-1,-1,-1
140,2,391,778,50,50,1,-1,-1,-1
141,1,463,1072,50,50,1,-1,-1,-1
141,2,387,811,50,50,1,-1,-1,-1
142,1,459,1005,50,50,1,-1,-1,-1
142,2,380,836,50,50,1,-1,-1,-1
143,1,456,948,50,50,1,-1,-1,-1
143,2,374,868,50,50,1,-1,-1,-1
144,1,450,897,50,50,1,-1,-1,-1
144,2,368,906,50,50,1,-1,-1,-1
145,1,443,850,50,50,1,-1,-1,-1
145,2,364,952,50,50,1,-1,-1,-1
146,1,438,806,50,50,1,-1,-1,-1
146,2,361,1002,50,50,1,-1,-1,-1
147,1,434,769,50,50,1,-1,-1,-1
147,2,359,1048,50,50,1,-1,-1,-1
148,1,431,736,50,50,1,-1,-1,-1
148,2,357,1088,50,50,1,-1,-1,-1
149,1,428,707,50,50,1,-1,-1,-1
149,2,356,1121,50,50,1,-1,-1,-1
150,1,424,687,50,50,1,-1,-1,-1
150,2,359,1143,50,50,1,-1,-1,-1
151,1,420,671,50,50,1,-1,-1,-1
151,2,378,1175,50,50,1,-1,-1,-1
152,1,415,661,50,50,1,-1,-1,-1
152,2,391,1197,50,50,1,-1,-1,-1
153,1,410,655,50,50,1,-1,-1,-1
153,2,407,1214,50,50,1,-1,-1,-1
154,1,404,655,50,50,1,-1,-1,-1
154,2,421,1221,50,50,1,-1,-1,-1
155,1,398,661,50,50,1,-1,-1,-1
155,2,437,1216,50,50,1,-1,-1,-1
156,1,392,670,50,50,1,-1,-1,-1
156,2,451,1195,50,50,1,-1,-1,-1
157,1,386,684,50,50,1,-1,-1,-1
157,2,462,1154,50,50,1,-1,-1,-1
158,1,382,707,50,50,1,-1,-1,-1
158,2,463,1097,50,50,1,-1,-1,-1
159,1,379,735,50,50,1,-1,-1,-1
159,2,464,1040,50,50,1,-1,-1,-1
160,1,375,765,50,50,1,-1,-1,-1
160,2,464,984,50,50,1,-1,-1,-1
161,1,370,803,50,50,1,-1,-1,-1
161,2,460,931,50,50,1,-1,-1,-1
162,1,365,845,50,50,1,-1,-1,-1
162,2,455,884,50,50,1,-1,-1,-1
163,1,359,892,50,50,1,-1,-1,-1
163,2,450,839,50,50,1,-1,-1,-1
164,1,354,945,50,50,1,-1,-1,-1
164,2,446,797,50,50,1,-1,-1,-1
165,1,350,1003,50,50,1,-1,-1,-1
165,2,443,762,50,50,1,-1,-1,-1
166,1,347,1054,50,50,1,-1,-1,-1
166,2,441,735,50,50,1,-1,-1,-1
167,1,350,1094,50,50,1,-1,-1,-1
167,2,439,715,50,50,1,-1,-1,-1
168,1,356,1129,50,50,1,-1,-1,-1
168,2,435,698,50,50,1,-1,-1,-1
169,1,366,1165,50,50,1,-1,-1,-1
169,2,431,685,50,50,1,-1,-1,-1
170,1,383,1192,50,50,1,-1,-1,-1
170,2,428,676,50,50,1,-1,-1,-1
171,1,404,1209,50,50,1,-1,-1,-1
171,2,424,674,50,50,1,-1,-1,-1
172,1,418,1216,50,50,1,-1,-1,-1
172,2,419,678,50,50,1,-1,-1,-1
173,1,432,1210,50,50,1,-1,-1,-1
173,2,412,689,50,50,1,-1,-1,-1
174,1,446,1191,50,50,1,-1,-1,-1
174,2,407,707,50,50,1,-1,-1,-1
175,1,456,1156,50,50,1,-1,-1,-1
175,2,403,729,50,50,1,-1,-1,-1
176,1,458,1100,50,50,1,-1,-1,-1
176,2,400,751,50,50,1,-1,-1,-1
177,1,463,1040,50,50,1,-1,-1,-1
177,2,397,778,50,50,1,-1,-1,-1
178,1,461,990,50,50,1,-1,-1,-1
178,2,394,815,50,50,1,-1,-1,-1
179,1,455,937,50,50,1,-1,-1,-1
179,2,392,853,50,50,1,-1,-1,-1
180,1,450,889,50,50,1,-1,-1,-1
180,2,386,898,50,50,1,-1,-1,-1
181,1,446,846,50,50,1,-1,-1,-1
181,2,381,949,50,50,1,-1,-1,-1
182,1,441,811,50,50,1,-1,-1,-1
182,2,378,999,50,50,1,-1,-1,-1
183,1,437,782,50,50,1,-1,-1,-1
183,2,376,1043,50,50,1,-1,-1,-1
184,1,433,758,50,50,1,-1,-1,-1
184,2,371,1069,50,50,1,-1,-1,-1
185,1,429,737,50,50,1,-1,-1,-1
185,2,372,1095,50,50,1,-1,-1,-1
186,1,425,719,50,50,1,-1,-1,-1
186,2,378,1126,50,50,1,-1,-1,-1
187,1,420,710,50,50,1,-1,-1,-1
187,2,386,1153,50,50,1,-1,-1,-1
188,1,416,709,50,50,1,-1,-1,-1
188,2,399,1184,50,50,1,-1,-1,-1
189,1,412,710,50,50,1,-1,-1,-1
189,2,411,1201,50,50,1,-1,-1,-1
190,1,408,715,50,50,1,-1,-1,-1
190,2,424,1203,50,50,1,-1,-1,-1
191,1,404,726,50,50,1,-1,-1,-1
191,2,439,1183,50,50,1,-1,-1,-1
192,1,400,742,50,50,1,-1,-1,-1
192,2,452,1150,50,50,1,-1,-1,-1
193,1,395,767,50,50,1,-1,-1,-1
193,2,455,1094,50,50,1,-1,-1,-1
194,1,389,801,50,50,1,-1,-1,-1
194,2,456,1033,50,50,1,-1,-1,-1
195,1,384,833,50,50,1,-1,-1,-1
195,2,455,974,50,50,1,-1,-1,-1
196,1,379,871,50,50,1,-1,-1,-1
196,2,452,926,50,50,1,-1,-1,-1
197,1,374,910,50,50,1,-1,-1,-1
197,2,448,879,50,50,1,-1,-1,-1
198,1,369,957,50,50,1,-1,-1,-1
198,2,443,839,50,50,1,-1,-1,-1
199,1,365,1005,50,50,1,-1,-1,-1
199,2,440,803,50,50,1,-1,-1,-1
200,1,363,1053,50,50,1,-1,-1,-1
200,2,438,768,50,50,1,-1,-1,-1
201,1,366,1092,50,50,1,-1,-1,-1
201,2,437,743,50,50,1,-1,-1,-1
202,1,370,1122,50,50,1,-1,-1,-1
202,2,436,723,50,50,1,-1,-1,-1
203,1,379,1159,50,50,1,-1,-1,-1
203,2,434,706,50,50,1,-1,-1,-1
204,1,389,1186,50,50,1,-1,-1,-1
204,2,430,693,50,50,1,-1,-1,-1
205,1,402,1205,50,50,1,-1,-1,-1
205,2,425,688,50,50,1,-1,-1,-1
206,1,417,1216,50,50,1,-1,-1,-1
206,2,420,687,50,50,1,-1,-1,-1
207,1,434,1214,50,50,1,-1,-1,-1
207,2,416,695,50,50,1,-1,-1,-1
208,1,450,1196,50,50,1,-1,-1,-1
208,2,412,709,50,50,1,-1,-1,-1
209,1,459,1156,50,50,1,-1,-1,-1
209,2,408,727,50,50,1,-1,-1,-1
210,1,464,1108,50,50,1,-1,-1,-1
210,2,405,746,50,50,1,-1,-1,-1
211,1,461,1050,50,50,1,-1,-1,-1
211,2,402,770,50,50,1,-1,-1,-1
212,1,458,991,50,50,1,-1,-1,-1
212,2,399,802,50,50,1,-1,-1,-1
213,1,454,937,50,50,1,-1,-1,-1
213,2,396,838,50,50,1,-1,-1,-1
214,1,449,885,50,50,1,-1,-1,-1
214,2,392,879,50,50,1,-1,-1,-1
215,1,444,839,50,50,1,-1,-1,-1
215,2,387,924,50,50,1,-1,-1,-1
216,1,439,799,50,50,1,-1,-1,-1
216,2,383,979,50,50,1,-1,-1,-1
217,1,435,773,50,50,1,-1,-1,-1
217,2,381,1032,50,50,1,-1,-1,-1
218,1,430,743,50,50,1,-1,-1,-1
218,2,379,1069,50,50,1,-1,-1,-1
219,1,425,722,50,50,1,-1,-1,-1
219,2,379,1096,50,50,1,-1,-1,-1
220,1,420,701,50,50,1,-1,-1,-1
220,2,385,1128,50,50,1,-1,-1,-1
221,1,416,688,50,50,1,-1,-1,-1
221,2,391,1157,50,50,1,-1,-1,-1
222,1,412,685,50,50,1,-1,-1,-1
222,2,399,1185,50,50,1,-1,-1,-1
223,1,407,685,50,50,1,-1,-1,-1
223,2,413,1202,50,50,1,-1,-1,-1
224,1,401,688,50,50,1,-1,-1,-1
224,2,423,1208,50,50,1,-1,-1,-1
225,1,394,695,50,50,1,-1,-1,-1
225,2,438,1196,50,50,1,-1,-1,-1
226,1,387,710,50,50,1,-1,-1,-1
226,2,447,1169,50,50,1,-1,-1,-1
227,1,384,733,50,50,1,-1,-1,-1
227,2,457,1125,50,50,1,-1,-1,-1
228,1,379,754,50,50,1,-1,-1,-1
228,2,459,1065,50,50,1,-1,-1,-1
229,1,373,785,50,50,1,-1,-1,-1
229,2,458,1003,50,50,1,-1,-1,-1
230,1,368,819,50,50,1,-1,-1,-1
230,2,455,947,50,50,1,-1,-1,-1
231,1,363,859,50,50,1,-1,-1,-1
231,2,450,899,50,50,1,-1,-1,-1
232,1,359,905,50,50,1,-1,-1,-1
232,2,445,854,50,50,1,-1,-1,-1
233,1,355,953,50,50,1,-1,-1,-1
233,2,445,817,50,50,1,-1,-1,-1
234,1,350,998,50,50,1,-1,-1,-1
234,2,446,781,50,50,1,-1,-1,-1
235,1,347,1050,50,50,1,-1,-1,-1
235,2,446,751,50,50,1,-1,-1,-1
236,1,345,1092,50,50,1,-1,-1,-1
236,2,443,729,50,50,1,-1,-1,-1
237,1,351,1125,50,50,1,-1,-1,-1
237,2,440,708,50,50,1,-1,-1,-1
238,1,361,1160,50,50,1,-1,-1,-1
238,2,438,691,50,50,1,-1,-1,-1
239,1,379,1191,50,50,1,-1,-1,-1
239,2,435,685,50,50,1,-1,-1,-1
240,1,398,1207,50,50,1,-1,-1,-1
240,2,431,683,50,50,1,-1,-1,-1
241,1,419,1215,50,50,1,-1,-1,-1
241,2,427,685,50,50,1,-1,-1,-1
242,1,440,1210,50,50,1,-1,-1,-1
242,2,425,693,50,50,1,-1,-1,-1
243,1,460,1187,50,50,1,-1,-1,-1
243,2,423,706,50,50,1,-1,-1,-1
244,1,479,1156,50,50,1,-1,-1,-1
244,2,421,723,50,50,1,-1,-1,-1
245,1,484,1101,50,50,1,-1,-1,-1
245,2,418,745,50,50,1,-1,-1,-1
246,1,486,1044,50,50,1,-1,-1,-1
246,2,414,776,50,50,1,-1,-1,-1
247,1,483,989,50,50,1,-1,-1,-1
247,2,410,811,50,50,1,-1,-1,-1
248,1,478,935,50,50,1,-1,-1,-1
248,2,407,850,50,50,1,-1,-1,-1
249,1,474,888,50,50,1,-1,-1,-1
249,2,406,892,50,50,1,-1,-1,-1
250,1,471,847,50,50,1,-1,-1,-1
250,2,405,944,50,50,1,-1,-1,-1
251,1,467,812,50,50,1,-1,-1,-1
251,2,402,998,50,50,1,-1,-1,-1
252,1,463,778,50,50,1,-1,-1,-1
252,2,399,1049,50,50,1,-1,-1,-1
253,1,459,751,50,50,1,-1,-1,-1
253,2,399,1090,50,50,1,-1,-1,-1
254,1,455,730,50,50,1,-1,-1,-1
254,2,402,1117,50,50,1,-1,-1,-1
255,1,451,718,50,50,1,-1,-1,-1
255,2,407,1140,50,50,1,-1,-1,-1
256,1,447,708,50,50,1,-1,-1,-1
256,2,412,1168,50,50,1,-1,-1,-1
257,1,443,699,50,50,1,-1,-1,-1
257,2,420,1192,50,50,1,-1,-1,-1
258,1,439,702,50,50,1,-1,-1,-1
258,2,432,1202,50,50,1,-1,-1,-1
259,1,434,706,50,50,1,-1,-1,-1
259,2,445,1208,50,50,1,-1,-1,-1
260,1,428,715,50,50,1,-1,-1,-1
260,2,459,1201,50,50,1,-1,-1,-1
261,1,422,734,50,50,1,-1,-1,-1
261,2,471,1181,50,50,1,-1,-1,-1
262,1,418,759,50,50,1,-1,-1,-1
262,2,476,1142,50,50,1,-1,-1,-1
263,1,414,786,50,50,1,-1,-1,-1
263,2,478,1090,50,50,1,-1,-1,-1
264,1,410,816,50,50,1,-1,-1,-1
264,2,474,1026,50,50,1,-1,-1,-1
265,1,406,852,50,50,1,-1,-1,-1
265,2,465,966,50,50,1,-1,-1,-1
266,1,402,891,50,50,1,-1,-1,-1
266,2,459,914,50,50,1,-1,-1,-1
267,1,398,938,50,50,1,-1,-1,-1
267,2,453,868,50,50,1,-1,-1,-1
268,1,394,989,50,50,1,-1,-1,-1
268,2,447,826,50,50,1,-1,-1,-1
269,1,390,1040,50,50,1,-1,-1,-1
269,2,439,782,50,50,1,-1,-1,-1
270,1,386,1079,50,50,1,-1,-1,-1
270,2,433,745,50,50,1,-1,-1,-1
271,1,382,1110,50,50,1,-1,-1,-1
271,2,428,721,50,50,1,-1,-1,-1
272,1,383,1138,50,50,1,-1,-1,-1
272,2,423,702,50,50,1,-1,-1,-1
273,1,387,1168,50,50,1,-1,-1,-1
273,2,418,687,50,50,1,-1,-1,-1
274,1,395,1193,50,50,1,-1,-1,-1
274,2,413,676,50,50,1,-1,-1,-1
275,1,406,1209,50,50,1,-1,-1,-1
275,2,406,668,50,50,1,-1,-1,-1
276,1,418,1213,50,50,1,-1,-1,-1
276,2,396,664,50,50,1,-1,-1,-1
277,1,427,1210,50,50,1,-1,-1,-1
277,2,386,668,50,50,1,-1,-1,-1
278,1,436,1198,50,50,1,-1,-1,-1
278,2,378,677,50,50,1,-1,-1,-1
279,1,439,1144,50,50,1,-1,-1,-1
279,2,372,691,50,50,1,-1,-1,-1
280,1,442,1090,50,50,1,-1,-1,-1
280,2,366,711,50,50,1,-1,-1,-1
281,1,443,1031,50,50,1,-1,-1,-1
281,2,360,735,50,50,1,-1,-1,-1
282,1,442,974,50,50,1,-1,-1,-1
282,2,354,767,50,50,1,-1,-1,-1
283,1,439,922,50,50,1,-1,-1,-1
283,2,348,804,50,50,1,-1,-1,-1
284,1,435,874,50,50,1,-1,-1,-1
284,2,342,846,50,50,1,-1,-1,-1
285,1,431,833,50,50,1,-1,-1,-1
285,2,336,891,50,50,1,-1,-1,-1
286,1,429,800,50,50,1,-1,-1,-1
286,2,329,940,50,50,1,-1,-1,-1
287,1,427,768,50,50,1,-1,-1,-1
287,2,322,993,50,50,1,-1,-1,-1
288,1,425,738,50,50,1,-1,-1,-1
288,2,318,1047,50,50,1,-1,-1,-1
289,1,422,716,50,50,1,-1,-1,-1
289,2,319,1093,50,50,1,-1,-1,-1
290,1,419,702,50,50,1,-1,-1,-1
290,2,328,1125,50,50,1,-1,-1,-1
291,1,416,693,50,50,1,-1,-1,-1
291,2,347,1156,50,50,1,-1,-1,-1
292,1,413,688,50,50,1,-1,-1,-1
292,2,369,1184,50,50,1,-1,-1,-1
293,1,410,688,50,50,1,-1,-1,-1
293,2,393,1203,50,50,1,-1,-1,-1
294,1,407,692,50,50,1,-1,-1,-1
294,2,412,1216,50,50,1,-1,-1,-1
295,1,403,706,50,50,1,-1,-1,-1
295,2,425,1211,50,50,1,-1,-1,-1
296,1,399,722,50,50,1,-1,-1,-1
296,2,436,1196,50,50,1,-1,-1,-1
297,1,395,743,50,50,1,-1,-1,-1
297,2,448,1161,50,50,1,-1,-1,-1
298,1,392,769,50,50,1,-1,-1,-1
298,2,450,1105,50,50,1,-1,-1,-1
299,1,390,801,50,50,1,-1,-1,-1
299,2,451,1044,50,50,1,-1,-1,-1
300,1,388,837,50,50,1,-1,-1,-1
300,2,448,990,50,50,1,-1,-1,-1
301,1,386,876,50,50,1,-1,-1,-1
301,2,444,939,50,50,1,-1,-1,-1
302,1,383,921,50,50,1,-1,-1,-1
302,2,440,890,50,50,1,-1,-1,-1
303,1,381,971,50,50,1,-1,-1,-1
303,2,436,843,50,50,1,-1,-1,-1
304,1,379,1021,50,50,1,-1,-1,-1
304,2,430,807,50,50,1,-1,-1,-1
305,1,373,1070,50,50,1,-1,-1,-1
305,2,426,775,50,50,1,-1,-1,-1
306,1,371,1108,50,50,1,-1,-1,-1
306,2,422,746,50,50,1,-1,-1,-1
307,1,372,1136,50,50,1,-1,-1,-1
307,2,418,723,50,50,1,-1,-1,-1
308,1,379,1161,50,50,1,-1,-1,-1
308,2,415,702,50,50,1,-1,-1,-1
309,1,390,1185,50,50,1,-1,-1,-1
309,2,412,690,50,50,1,-1,-1,-1
310,1,403,1203,50,50,1,-1,-1,-1
310,2,409,682,50,50,1,-1,-1,-1
311,1,416,1207,50,50,1,-1,-1,-1
311,2,405,680,50,50,1,-1,-1,-1
312,1,427,1198,50,50,1,-1,-1,-1
312,2,401,683,50,50,1,-1,-1,-1
313,1,436,1178,50,50,1,-1,-1,-1
313,2,397,694,50,50,1,-1,-1,-1
314,1,446,1127,50,50,1,-1,-1,-1
314,2,392,713,50,50,1,-1,-1,-1
315,1,452,1071,50,50,1,-1,-1,-1
315,2,387,733,50,50,1,-1,-1,-1
316,1,454,1013,50,50,1,-1,-1,-1
316,2,382,757,50,50,1,-1,-1,-1
317,1,452,955,50,50,1,-1,-1,-1
317,2,377,786,50,50,1,-1,-1,-1
318,1,448,903,50,50,1,-1,-1,-1
318,2,372,819,50,50,1,-1,-1,-1
319,1,444,858,50,50,1,-1,-1,-1
319,2,368,860,50,50,1,-1,-1,-1
320,1,441,816,50,50,1,-1,-1,-1
320,2,364,906,50,50,1,-1,-1,-1
321,1,439,780,50,50,1,-1,-1,-1
321,2,359,962,50,50,1,-1,-1,-1
322,1,438,750,50,50,1,-1,-1,-1
322,2,356,1016,50,50,1,-1,-1,-1
323,1,437,725,50,50,1,-1,-1,-1
323,2,354,1071,50,50,1,-1,-1,-1
324,1,436,703,50,50,1,-1,-1,-1
324,2,358,1112,50,50,1,-1,-1,-1
325,1,435,684,50,50,1,-1,-1,-1
325,2,365,1147,50,50,1,-1,-1,-1
326,1,432,673,50,50,1,-1,-1,-1
326,2,378,1177,50,50,1,-1,-1,-1
327,1,427,670,50,50,1,-1,-1,-1
327,2,393,1195,50,50,1,-1,-1,-1
328,1,422,672,50,50,1,-1,-1,-1
328,2,407,1209,50,50,1,-1,-1,-1
329,1,420,681,50,50,1,-1,-1,-1
329,2,424,1213,50,50,1,-1,-1,-1
330,1,418,692,50,50,1,-1,-1,-1
330,2,440,1202,50,50,1,-1,-1,-1
331,1,416,706,50,50,1,-1,-1,-1
331,2,451,1179,50,50,1,-1,-1,-1
332,1,414,729,50,50,1,-1,-1,-1
332,2,456,1142,50,50,1,-1,-1,-1
333,1,413,756,50,50,1,-1,-1,-1
333,2,460,1087,50,50,1,-1,-1,-1
334,1,412,787,50,50,1,-1,-1,-1
334,2,459,1030,50,50,1,-1,-1,-1
335,1,412,821,50,50,1,-1,-1,-1
335,2,455,975,50,50,1,-1,-1,-1
336,1,410,863,50,50,1,-1,-1,-1
336,2,451,924,50,50,1,-1,-1,-1
337,1,406,908,50,50,1,-1,-1,-1
337,2,447,879,50,50,1,-1,-1,-1
338,1,403,956,50,50,1,-1,-1,-1
338,2,442,840,50,50,1,-1,-1,-1
339,1,401,1008,50,50,1,-1,-1,-1
339,2,437,805,50,50,1,-1,-1,-1
340,1,399,1051,50,50,1,-1,-1,-1
340,2,432,776,50,50,1,-1,-1,-1
341,1,403,1080,50,50,1,-1,-1,-1
341,2,427,752,50,50,1,-1,-1,-1
342,1,405,1114,50,50,1,-1,-1,-1
342,2,423,732,50,50,1,-1,-1,-1
343,1,410,1145,50,50,1,-1,-1,-1
343,2,419,718,50,50,1,-1,-1,-1
344,1,412,1178,50,50,1,-1,-1,-1
344,2,416,708,50,50,1,-1,-1,-1
345,1,417,1200,50,50,1,-1,-1,-1
345,2,412,704,50,50,1,-1,-1,-1
346,1,428,1204,50,50,1,-1,-1,-1
346,2,406,711,50,50,1,-1,-1,-1
347,1,441,1192,50,50,1,-1,-1,-1
347,2,400,717,50,50,1,-1,-1,-1
348,1,448,1165,50,50,1,-1,-1,-1
348,2,393,728,50,50,1,-1,-1,-1
349,1,454,1116,50,50,1,-1,-1,-1
349,2,389,744,50,50,1,-1,-1,-1
350,1,462,1060,50,50,1,-1,-1,-1
350,2,385,765,50,50,1,-1,-1,-1
351,1,457,997,50,50,1,-1,-1,-1
351,2,382,797,50,50,1,-1,-1,-1
352,1,452,939,50,50,1,-1,-1,-1
352,2,376,834,50,50,1,-1,-1,-1
353,1,447,887,50,50,1,-1,-1,-1
353,2,370,874,50,50,1,-1,-1,-1
354,1,442,842,50,50,1,-1,-1,-1
354,2,365,917,50,50,1,-1,-1,-1
355,1,437,799,50,50,1,-1,-1,-1
355,2,360,964,50,50,1,-1,-1,-1
356,1,432,763,50,50,1,-1,-1,-1
356,2,355,1014,50,50,1,-1,-1,-1
357,1,428,732,50,50,1,-1,-1,-1
357,2,351,1049,50,50,1,-1,-1,-1
358,1,424,704,50,50,1,-1,-1,-1
358,2,352,1083,50,50,1,-1,-1,-1
359,1,420,683,50,50,1,-1,-1,-1
359,2,358,1117,50,50,1,-1,-1,-1
360,1,413,671,50,50,1,-1,-1,-1
360,2,372,1144,50,50,1,-1,-1,-1
361,1,406,664,50,50,1,-1,-1,-1
361,2,386,1175,50,50,1,-1,-1,-1
362,1,399,660,50,50,1,-1,-1,-1
362,2,402,1197,50,50,1,-1,-1,-1
363,1,394,660,50,50,1,-1,-1,-1
363,2,415,1205,50,50,1,-1,-1,-1
364,1,390,665,50,50,1,-1,-1,-1
364,2,428,1200,50,50,1,-1,-1,-1
365,1,386,674,50,50,1,-1,-1,-1
365,2,438,1172,50,50,1,-1,-1,-1
366,1,382,688,50,50,1,-1,-1,-1
366,2,444,1129,50,50,1,-1,-1,-1
367,1,377,712,50,50,1,-1,-1,-1
367,2,444,1072,50,50,1,-1,-1,-1
368,1,370,744,50,50,1,-1,-1,-1
368,2,444,1015,50,50,1,-1,-1,-1
369,1,363,778,50,50,1,-1,-1,-1
369,2,441,962,50,50,1,-1,-1,-1
370,1,356,814,50,50,1,-1,-1,-1
370,2,438,914,50,50,1,-1,-1,-1
371,1,351,855,50,50,1,-1,-1,-1
371,2,436,873,50,50,1,-1,-1,-1
372,1,347,900,50,50,1,-1,-1,-1
372,2,434,837,50,50,1,-1,-1,-1
373,1,344,949,50,50,1,-1,-1,-1
373,2,432,806,50,50,1,-1,-1,-1
374,1,342,999,50,50,1,-1,-1,-1
374,2,430,777,50,50,1,-1,-1,-1
375,1,339,1042,50,50,1,-1,-1,-1
375,2,428,751,50,50,1,-1,-1,-1
376,1,343,1071,50,50,1,-1,-1,-1
376,2,423,737,50,50,1,-1,-1,-1
377,1,351,1104,50,50,1,-1,-1,-1
377,2,419,726,50,50,1,-1,-1,-1
378,1,369,1134,50,50,1,-1,-1,-1
378,2,416,722,50,50,1,-1,-1,-1
379,1,387,1164,50,50,1,-1,-1,-1
379,2,413,721,50,50,1,-1,-1,-1
380,1,409,1185,50,50,1,-1,-1,-1
380,2,409,727,50,50,1,-1,-1,-1
381,1,428,1188,50,50,1,-1,-1,-1
381,2,405,740,50,50,1,-1,-1,-1
382,1,445,1169,50,50,1,-1,-1,-1
382,2,402,755,50,50,1,-1,-1,-1
383,1,461,1141,50,50,1,-1,-1,-1
383,2,399,777,50,50,1,-1,-1,-1
384,1,466,1092,50,50,1,-1,-1,-1
384,2,397,804,50,50,1,-1,-1,-1
385,1,465,1032,50,50,1,-1,-1,-1
385,2,395,835,50,50,1,-1,-1,-1
386,1,462,976,50,50,1,-1,-1,-1
386,2,393,871,50,50,1,-1,-1,-1
387,1,457,926,50,50,1,-1,-1,-1
387,2,390,913,50,50,1,-1,-1,-1
388,1,451,882,50,50,1,-1,-1,-1
388,2,387,958,50,50,1,-1,-1,-1
389,1,444,842,50,50,1,-1,-1,-1
389,2,384,1010,50,50,1,-1,-1,-1
390,1,438,807,50,50,1,-1,-1,-1
390,2,381,1064,50,50,1,-1,-1,-1
391,1,432,778,50,50,1,-1,-1,-1
391,2,380,1093,50,50,1,-1,-1,-1
392,1,426,754,50,50,1,-1,-1,-1
392,2,380,1115,50,50,1,-1,-1,-1
393,1,419,734,50,50,1,-1,-1,-1
393,2,388,1139,50,50,1,-1,-1,-1
394,1,412,720,50,50,1,-1,-1,-1
394,2,398,1162,50,50,1,-1,-1,-1
395,1,405,713,50,50,1,-1,-1,-1
395,2,409,1187,50,50,1,-1,-1,-1
396,1,398,711,50,50,1,-1,-1,-1
396,2,421,1206,50,50,1,-1,-1,-1
397,1,392,713,50,50,1,-1,-1,-1
397,2,429,1204,50,50,1,-1,-1,-1
398,1,386,719,50,50,1,-1,-1,-1
398,2,446,1190,50,50,1,-1,-1,-1
399,1,380,735,50,50,1,-1,-1,-1
399,2,453,1159,50,50,1,-1,-1,-1
400,1,374,754,50,50,1,-1,-1,-1
400,2,458,1114,50,50,1,-1,-1,-1
401,1,368,776,50,50,1,-1,-1,-1
401,2,460,1056,50,50,1,-1,-1,-1
402,1,360,806,50,50,1,-1,-1,-1
402,2,455,996,50,50,1,-1,-1,-1
403,1,352,840,50,50,1,-1,-1,-1
403,2,450,940,50,50,1,-1,-1,-1
404,1,347,877,50,50,1,-1,-1,-1
404,2,445,890,50,50,1,-1,-1,-1
405,1,341,921,50,50,1,-1,-1,-1
405,2,439,848,50,50,1,-1,-1,-1
406,1,334,972,50,50,1,-1,-1,-1
406,2,434,809,50,50,1,-1,-1,-1
407,1,330,1020,50,50,1,-1,-1,-1
407,2,429,775,50,50,1,-1,-1,-1
408,1,329,1061,50,50,1,-1,-1,-1
408,2,425,747,50,50,1,-1,-1,-1
409,1,327,1091,50,50,1,-1,-1,-1
409,2,421,726,50,50,1,-1,-1,-1
410,1,334,1120,50,50,1,-1,-1,-1
410,2,417,710,50,50,1,-1,-1,-1
411,1,350,1150,50,50,1,-1,-1,-1
411,2,413,695,50,50,1,-1,-1,-1
412,1,371,1176,50,50,1,-1,-1,-1
412,2,409,686,50,50,1,-1,-1,-1
413,1,391,1193,50,50,1,-1,-1,-1
413,2,405,684,50,50,1,-1,-1,-1
414,1,413,1206,50,50,1,-1,-1,-1
414,2,401,686,50,50,1,-1,-1,-1
415,1,429,1199,50,50,1,-1,-1,-1
415,2,396,697,50,50,1,-1,-1,-1
416,1,447,1183,50,50,1,-1,-1,-1
416,2,391,713,50,50,1,-1,-1,-1
417,1,458,1151,50,50,1,-1,-1,-1
417,2,386,732,50,50,1,-1,-1,-1
418,1,463,1100,50,50,1,-1,-1,-1
418,2,381,756,50,50,1,-1,-1,-1
419,1,459,1044,50,50,1,-1,-1,-1
419,2,376,786,50,50,1,-1,-1,-1
420,1,453,987,50,50,1,-1,-1,-1
420,2,371,820,50,50,1,-1,-1,-1
421,1,447,932,50,50,1,-1,-1,-1
421,2,366,859,50,50,1,-1,-1,-1
422,1,441,884,50,50,1,-1,-1,-1
422,2,363,904,50,50,1,-1,-1,-1
423,1,436,845,50,50,1,-1,-1,-1
423,2,360,953,50,50,1,-1,-1,-1
424,1,431,807,50,50,1,-1,-1,-1
424,2,357,1004,50,50,1,-1,-1,-1
425,1,426,771,50,50,1,-1,-1,-1
425,2,354,1048,50,50,1,-1,-1,-1
426,1,420,744,50,50,1,-1,-1,-1
426,2,349,1077,50,50,1,-1,-1,-1
427,1,415,722,50,50,1,-1,-1,-1
427,2,350,1082,50,50,1,-1,-1,-1
428,1,409,704,50,50,1,-1,-1,-1
428,2,351,1096,50,50,1,-1,-1,-1
429,1,403,691,50,50,1,-1,-1,-1
429,2,354,1099,50,50,1,-1,-1,-1
430,1,398,686,50,50,1,-1,-1,-1
430,2,354,1098,50,50,1,-1,-1,-1
431,1,393,689,50,50,1,-1,-1,-1
431,2,351,1094,50,50,1,-1,-1,-1
432,1,388,693,50,50,1,-1,-1,-1
432,2,348,1089,50,50,1,-1,-1,-1
433,1,381,699,50,50,1,-1,-1,-1
433,2,345,1083,50,50,1,-1,-1,-1
434,1,374,716,50,50,1,-1,-1,-1
434,2,342,1077,50,50,1,-1,-1,-1
435,1,366,735,50,50,1,-1,-1,-1
435,2,335,1076,50,50,1,-1,-1,-1
436,1,361,759,50,50,1,-1,-1,-1
436,2,329,1072,50,50,1,-1,-1,-1
437,1,356,790,50,50,1,-1,-1,-1
437,2,323,1069,50,50,1,-1,-1,-1
438,1,354,829,50,50,1,-1,-1,-1
438,2,316,1070,50,50,1,-1,-1,-1
439,1,349,870,50,50,1,-1,-1,-1
439,2,309,1071,50,50,1,-1,-1,-1
440,1,343,914,50,50,1,-1,-1,-1
440,2,302,1072,50,50,1,-1,-1,-1
441,1,335,963,50,50,1,-1,-1,-1
441,2,295,1074,50,50,1,-1,-1,-1
442,1,326,1022,50,50,1,-1,-1,-1
442,2,289,1079,50,50,1,-1,-1,-1
443,1,322,1075,50,50,1,-1,-1,-1
443,2,288,1079,50,50,1,-1,-1,-1
444,1,327,1086,50,50,1,-1,-1,-1
444,2,290,1087,50,50,1,-1,-1,-1
445,1,331,1088,50,50,1,-1,-1,-1
445,2,294,1091,50,50,1,-1,-1,-1
446,1,338,1086,50,50,1,-1,-1,-1
446,2,300,1092,50,50,1,-1,-1,-1
447,1,344,1086,50,50,1,-1,-1,-1
447,2,307,1088,50,50,1,-1,-1,-1
448,1,346,1083,50,50,1,-1,-1,-1
448,2,313,1083,50,50,1,-1,-1,-1
449,1,346,1080,50,50,1,-1,-1,-1
449,2,314,1081,50,50,1,-1,-1,-1
450,1,348,1080,50,50,1,-1,-1,-1
450,2,314,1082,50,50,1,-1,-1,-1
