1,1,455,1231,50,50,1,-1,-1,-1
1,2,582,1116,50,50,1,-1,-1,-1
1,3,459,1210,50,50,1,-1,-1,-1
2,1,452,1234,50,50,1,-1,-1,-1
2,2,590,1108,50,50,1,-1,-1,-1
2,3,457,1209,50,50,1,-1,-1,-1
3,1,451,1239,50,50,1,-1,-1,-1
3,2,590,1104,50,50,1,-1,-1,-1
3,3,455,1215,50,50,1,-1,-1,-1
4,1,449,1246,50,50,1,-1,-1,-1
4,2,590,1095,50,50,1,-1,-1,-1
4,3,452,1223,50,50,1,-1,-1,-1
5,1,444,1257,50,50,1,-1,-1,-1
5,2,590,1090,50,50,1,-1,-1,-1
5,3,448,1231,50,50,1,-1,-1,-1
6,1,437,1268,50,50,1,-1,-1,-1
6,2,590,1086,50,50,1,-1,-1,-1
6,3,446,1234,50,50,1,-1,-1,-1
7,1,437,1270,50,50,1,-1,-1,-1
7,2,590,1082,50,50,1,-1,-1,-1
7,3,443,1240,50,50,1,-1,-1,-1
8,1,439,1272,50,50,1,-1,-1,-1
8,2,591,1080,50,50,1,-1,-1,-1
8,3,445,1240,50,50,1,-1,-1,-1
9,1,443,1271,50,50,1,-1,-1,-1
9,2,593,1079,50,50,1,-1,-1,-1
9,3,449,1238,50,50,1,-1,-1,-1
10,1,450,1258,50,50,1,-1,-1,-1
10,2,594,1088,50,50,1,-1,-1,-1
10,3,453,1229,50,50,1,-1,-1,-1
11,1,461,1229,50,50,1,-1,-1,-1
11,2,595,1106,50,50,1,-1,-1,-1
11,3,458,1212,50,50,1,-1,-1,-1
12,1,465,1190,50,50,1,-1,-1,-1
12,2,594,1127,50,50,1,-1,-1,-1
12,3,463,1193,50,50,1,-1,-1,-1
13,1,468,1137,50,50,1,-1,-1,-1
13,2,595,1150,50,50,1,-1,-1,-1
13,3,471,1156,50,50,1,-1,-1,-1
14,1,470,1078,50,50,1,-1,-1,-1
14,2,595,1174,50,50,1,-1,-1,-1
14,3,473,1112,50,50,1,-1,-1,-1
15,1,470,1024,50,50,1,-1,-1,-1
15,2,590,1201,50,50,1,-1,-1,-1
15,3,467,1079,50,50,1,-1,-1,-1
16,1,468,977,50,50,1,-1,-1,-1
16,2,585,1219,50,50,1,-1,-1,-1
16,3,456,1060,50,50,1,-1,-1,-1
17,1,466,934,50,50,1,-1,-1,-1
17,2,579,1235,50,50,1,-1,-1,-1
17,3,442,1053,50,50,1,-1,-1,-1
18,1,463,897,50,50,1,-1,-1,-1
18,2,574,1247,50,50,1,-1,-1,-1
18,3,436,1071,50,50,1,-1,-1,-1
19,1,459,862,50,50,1,-1,-1,-1
19,2,568,1250,50,50,1,-1,-1,-1
19,3,426,1088,50,50,1,-1,-1,-1
20,1,456,835,50,50,1,-1,-1,-1
20,2,565,1253,50,50,1,-1,-1,-1
20,3,412,1105,50,50,1,-1,-1,-1
21,1,456,813,50,50,1,-1,-1,-1
21,2,559,1248,50,50,1,-1,-1,-1
21,3,395,1125,50,50,1,-1,-1,-1
22,1,456,794,50,50,1,-1,-1,-1
22,2,561,1230,50,50,1,-1,-1,-1
22,3,379,1140,50,50,1,-1,-1,-1
23,1,455,788,50,50,1,-1,-1,-1
23,2,565,1187,50,50,1,-1,-1,-1
23,3,373,1143,50,50,1,-1,-1,-1
24,1,453,783,50,50,1,-1,-1,-1
24,2,574,1139,50,50,1,-1,-1,-1
24,3,380,1131,50,50,1,-1,-1,-1
25,1,451,781,50,50,1,-1,-1,-1
25,2,581,1086,50,50,1,-1,-1,-1
25,3,395,1110,50,50,1,-1,-1,-1
26,1,448,787,50,50,1,-1,-1,-1
26,2,583,1030,50,50,1,-1,-1,-1
26,3,414,1083,50,50,1,-1,-1,-1
27,1,445,798,50,50,1,-1,-1,-1
27,2,587,975,50,50,1,-1,-1,-1
27,3,449,1062,50,50,1,-1,-1,-1
28,1,442,814,50,50,1,-1,-1,-1
28,2,590,925,50,50,1,-1,-1,-1
28,3,482,1043,50,50,1,-1,-1,-1
29,1,441,836,50,50,1,-1,-1,-1
29,2,592,880,50,50,1,-1,-1,-1
29,3,510,1031,50,50,1,-1,-1,-1
30,1,442,868,50,50,1,-1,-1,-1
30,2,594,837,50,50,1,-1,-1,-1
30,3,534,1026,50,50,1,-1,-1,-1
31,1,440,895,50,50,1,-1,-1,-1
31,2,597,802,50,50,1,-1,-1,-1
31,3,543,1029,50,50,1,-1,-1,-1
32,1,437,928,50,50,1,-1,-1,-1
32,2,600,773,50,50,1,-1,-1,-1
32,3,545,1043,50,50,1,-1,-1,-1
33,1,434,971,50,50,1,-1,-1,-1
33,2,602,747,50,50,1,-1,-1,-1
33,3,549,1064,50,50,1,-1,-1,-1
34,1,431,1017,50,50,1,-1,-1,-1
34,2,604,725,50,50,1,-1,-1,-1
34,3,553,1086,50,50,1,-1,-1,-1
35,1,433,1051,50,50,1,-1,-1,-1
35,2,607,710,50,50,1,-1,-1,-1
35,3,556,1120,50,50,1,-1,-1,-1
36,1,432,1060,50,50,1,-1,-1,-1
36,2,611,704,50,50,1,-1,-1,-1
36,3,558,1157,50,50,1,-1,-1,-1
37,1,434,1069,50,50,1,-1,-1,-1
37,2,616,700,50,50,1,-1,-1,-1
37,3,555,1182,50,50,1,-1,-1,-1
38,1,437,1081,50,50,1,-1,-1,-1
38,2,621,701,50,50,1,-1,-1,-1
38,3,553,1192,50,50,1,-1,-1,-1
39,1,436,1092,50,50,1,-1,-1,-1
39,2,625,710,50,50,1,-1,-1,-1
39,3,556,1189,50,50,1,-1,-1,-1
40,1,436,1104,50,50,1,-1,-1,-1
40,2,628,720,50,50,1,-1,-1,-1
40,3,559,1166,50,50,1,-1,-1,-1
41,1,435,1121,50,50,1,-1,-1,-1
41,2,629,736,50,50,1,-1,-1,-1
41,3,559,1130,50,50,1,-1,-1,-1
42,1,435,1140,50,50,1,-1,-1,-1
42,2,630,760,50,50,1,-1,-1,-1
42,3,560,1084,50,50,1,-1,-1,-1
43,1,435,1162,50,50,1,-1,-1,-1
43,2,632,787,50,50,1,-1,-1,-1
43,3,563,1034,50,50,1,-1,-1,-1
44,1,438,1185,50,50,1,-1,-1,-1
44,2,635,821,50,50,1,-1,-1,-1
44,3,563,985,50,50,1,-1,-1,-1
45,1,438,1201,50,50,1,-1,-1,-1
45,2,638,861,50,50,1,-1,-1,-1
45,3,567,947,50,50,1,-1,-1,-1
46,1,440,1211,50,50,1,-1,-1,-1
46,2,640,905,50,50,1,-1,-1,-1
46,3,568,912,50,50,1,-1,-1,-1
47,1,444,1216,50,50,1,-1,-1,-1
47,2,642,950,50,50,1,-1,-1,-1
47,3,569,880,50,50,1,-1,-1,-1
48,1,448,1208,50,50,1,-1,-1,-1
48,2,646,991,50,50,1,-1,-1,-1
48,3,570,850,50,50,1,-1,-1,-1
49,1,450,1177,50,50,1,-1,-1,-1
49,2,648,1013,50,50,1,-1,-1,-1
49,3,571,825,50,50,1,-1,-1,-1
50,1,448,1126,50,50,1,-1,-1,-1
50,2,635,1020,50,50,1,-1,-1,-1
50,3,572,807,50,50,1,-1,-1,-1
51,1,442,1069,50,50,1,-1,-1,-1
51,2,613,1022,50,50,1,-1,-1,-1
51,3,574,796,50,50,1,-1,-1,-1
52,1,435,1012,50,50,1,-1,-1,-1
52,2,580,1022,50,50,1,-1,-1,-1
52,3,577,787,50,50,1,-1,-1,-1
53,1,429,958,50,50,1,-1,-1,-1
53,2,545,1028,50,50,1,-1,-1,-1
53,3,580,787,50,50,1,-1,-1,-1
54,1,423,912,50,50,1,-1,-1,-1
54,2,517,1035,50,50,1,-1,-1,-1
54,3,583,794,50,50,1,-1,-1,-1
55,1,417,871,50,50,1,-1,-1,-1
55,2,483,1043,50,50,1,-1,-1,-1
55,3,586,803,50,50,1,-1,-1,-1
56,1,411,832,50,50,1,-1,-1,-1
56,2,466,1059,50,50,1,-1,-1,-1
56,3,587,817,50,50,1,-1,-1,-1
57,1,406,795,50,50,1,-1,-1,-1
57,2,459,1079,50,50,1,-1,-1,-1
57,3,586,836,50,50,1,-1,-1,-1
58,1,401,764,50,50,1,-1,-1,-1
58,2,455,1108,50,50,1,-1,-1,-1
58,3,587,863,50,50,1,-1,-1,-1
59,1,393,743,50,50,1,-1,-1,-1
59,2,449,1134,50,50,1,-1,-1,-1
59,3,588,892,50,50,1,-1,-1,-1
60,1,384,729,50,50,1,-1,-1,-1
60,2,442,1165,50,50,1,-1,-1,-1
60,3,589,926,50,50,1,-1,-1,-1
61,1,378,719,50,50,1,-1,-1,-1
61,2,435,1191,50,50,1,-1,-1,-1
61,3,590,965,50,50,1,-1,-1,-1
62,1,374,714,50,50,1,-1,-1,-1
62,2,434,1207,50,50,1,-1,-1,-1
62,3,591,1004,50,50,1,-1,-1,-1
63,1,368,712,50,50,1,-1,-1,-1
63,2,431,1218,50,50,1,-1,-1,-1
63,3,593,1031,50,50,1,-1,-1,-1
64,1,361,714,50,50,1,-1,-1,-1
64,2,431,1208,50,50,1,-1,-1,-1
64,3,597,1053,50,50,1,-1,-1,-1
65,1,353,724,50,50,1,-1,-1,-1
65,2,432,1184,50,50,1,-1,-1,-1
65,3,598,1075,50,50,1,-1,-1,-1
66,1,346,741,50,50,1,-1,-1,-1
66,2,437,1148,50,50,1,-1,-1,-1
66,3,597,1104,50,50,1,-1,-1,-1
67,1,341,764,50,50,1,-1,-1,-1
67,2,442,1098,50,50,1,-1,-1,-1
67,3,595,1136,50,50,1,-1,-1,-1
68,1,335,793,50,50,1,-1,-1,-1
68,2,446,1040,50,50,1,-1,-1,-1
68,3,590,1162,50,50,1,-1,-1,-1
69,1,328,828,50,50,1,-1,-1,-1
69,2,444,990,50,50,1,-1,-1,-1
69,3,583,1190,50,50,1,-1,-1,-1
70,1,321,864,50,50,1,-1,-1,-1
70,2,443,943,50,50,1,-1,-1,-1
70,3,574,1212,50,50,1,-1,-1,-1
71,1,315,901,50,50,1,-1,-1,-1
71,2,444,900,50,50,1,-1,-1,-1
71,3,567,1219,50,50,1,-1,-1,-1
72,1,311,946,50,50,1,-1,-1,-1
72,2,444,863,50,50,1,-1,-1,-1
72,3,562,1216,50,50,1,-1,-1,-1
73,1,306,993,50,50,1,-1,-1,-1
73,2,445,831,50,50,1,-1,-1,-1
73,3,560,1205,50,50,1,-1,-1,-1
74,1,302,1014,50,50,1,-1,-1,-1
74,2,446,803,50,50,1,-1,-1,-1
74,3,559,1183,50,50,1,-1,-1,-1
75,1,311,1021,50,50,1,-1,-1,-1
75,2,445,784,50,50,1,-1,-1,-1
75,3,565,1151,50,50,1,-1,-1,-1
76,1,330,1019,50,50,1,-1,-1,-1
76,2,447,770,50,50,1,-1,-1,-1
76,3,576,1106,50,50,1,-1,-1,-1
77,1,363,1016,50,50,1,-1,-1,-1
77,2,447,758,50,50,1,-1,-1,-1
77,3,583,1051,50,50,1,-1,-1,-1
78,1,404,1011,50,50,1,-1,-1,-1
78,2,446,753,50,50,1,-1,-1,-1
78,3,588,993,50,50,1,-1,-1,-1
79,1,443,1011,50,50,1,-1,-1,-1
79,2,445,749,50,50,1,-1,-1,-1
79,3,590,938,50,50,1,-1,-1,-1
80,1,480,1016,50,50,1,-1,-1,-1
80,2,442,756,50,50,1,-1,-1,-1
80,3,592,890,50,50,1,-1,-1,-1
81,1,518,1026,50,50,1,-1,-1,-1
81,2,441,767,50,50,1,-1,-1,-1
81,3,594,846,50,50,1,-1,-1,-1
82,1,539,1039,50,50,1,-1,-1,-1
82,2,441,782,50,50,1,-1,-1,-1
82,3,596,808,50,50,1,-1,-1,-1
83,1,547,1055,50,50,1,-1,-1,-1
83,2,442,802,50,50,1,-1,-1,-1
83,3,600,777,50,50,1,-1,-1,-1
84,1,551,1074,50,50,1,-1,-1,-1
84,2,444,830,50,50,1,-1,-1,-1
84,3,603,750,50,50,1,-1,-1,-1
85,1,553,1096,50,50,1,-1,-1,-1
85,2,446,861,50,50,1,-1,-1,-1
85,3,607,727,50,50,1,-1,-1,-1
86,1,557,1125,50,50,1,-1,-1,-1
86,2,447,893,50,50,1,-1,-1,-1
86,3,610,709,50,50,1,-1,-1,-1
87,1,559,1156,50,50,1,-1,-1,-1
87,2,445,936,50,50,1,-1,-1,-1
87,3,613,695,50,50,1,-1,-1,-1
88,1,558,1183,50,50,1,-1,-1,-1
88,2,443,983,50,50,1,-1,-1,-1
88,3,617,690,50,50,1,-1,-1,-1
89,1,557,1203,50,50,1,-1,-1,-1
89,2,443,1028,50,50,1,-1,-1,-1
89,3,621,687,50,50,1,-1,-1,-1
90,1,554,1209,50,50,1,-1,-1,-1
90,2,445,1058,50,50,1,-1,-1,-1
90,3,624,692,50,50,1,-1,-1,-1
91,1,556,1203,50,50,1,-1,-1,-1
91,2,451,1075,50,50,1,-1,-1,-1
91,3,625,704,50,50,1,-1,-1,-1
92,1,559,1181,50,50,1,-1,-1,-1
92,2,452,1085,50,50,1,-1,-1,-1
92,3,627,717,50,50,1,-1,-1,-1
93,1,561,1147,50,50,1,-1,-1,-1
93,2,453,1104,50,50,1,-1,-1,-1
93,3,629,735,50,50,1,-1,-1,-1
94,1,567,1101,50,50,1,-1,-1,-1
94,2,451,1126,50,50,1,-1,-1,-1
94,3,631,758,50,50,1,-1,-1,-1
95,1,572,1048,50,50,1,-1,-1,-1
95,2,449,1148,50,50,1,-1,-1,-1
95,3,633,785,50,50,1,-1,-1,-1
96,1,574,999,50,50,1,-1,-1,-1
96,2,448,1170,50,50,1,-1,-1,-1
96,3,638,822,50,50,1,-1,-1,-1
97,1,577,955,50,50,1,-1,-1,-1
97,2,449,1190,50,50,1,-1,-1,-1
97,3,642,863,50,50,1,-1,-1,-1
98,1,580,915,50,50,1,-1,-1,-1
98,2,450,1207,50,50,1,-1,-1,-1
98,3,645,906,50,50,1,-1,-1,-1
99,1,582,877,50,50,1,-1,-1,-1
99,2,447,1215,50,50,1,-1,-1,-1
99,3,648,949,50,50,1,-1,-1,-1
100,1,585,842,50,50,1,-1,-1,-1
100,2,445,1204,50,50,1,-1,-1,-1
100,3,649,972,50,50,1,-1,-1,-1
101,1,589,814,50,50,1,-1,-1,-1
101,2,448,1179,50,50,1,-1,-1,-1
101,3,654,981,50,50,1,-1,-1,-1
102,1,594,793,50,50,1,-1,-1,-1
102,2,449,1131,50,50,1,-1,-1,-1
102,3,645,986,50,50,1,-1,-1,-1
103,1,598,777,50,50,1,-1,-1,-1
103,2,443,1073,50,50,1,-1,-1,-1
103,3,628,990,50,50,1,-1,-1,-1
104,1,603,764,50,50,1,-1,-1,-1
104,2,438,1017,50,50,1,-1,-1,-1
104,3,598,990,50,50,1,-1,-1,-1
105,1,607,757,50,50,1,-1,-1,-1
105,2,433,966,50,50,1,-1,-1,-1
105,3,564,997,50,50,1,-1,-1,-1
106,1,610,757,50,50,1,-1,-1,-1
106,2,429,920,50,50,1,-1,-1,-1
106,3,528,1010,50,50,1,-1,-1,-1
107,1,613,765,50,50,1,-1,-1,-1
107,2,426,878,50,50,1,-1,-1,-1
107,3,493,1027,50,50,1,-1,-1,-1
108,1,618,777,50,50,1,-1,-1,-1
108,2,422,843,50,50,1,-1,-1,-1
108,3,455,1048,50,50,1,-1,-1,-1
109,1,622,793,50,50,1,-1,-1,-1
109,2,418,810,50,50,1,-1,-1,-1
109,3,442,1072,50,50,1,-1,-1,-1
110,1,626,814,50,50,1,-1,-1,-1
110,2,414,781,50,50,1,-1,-1,-1
110,3,435,1099,50,50,1,-1,-1,-1
111,1,629,842,50,50,1,-1,-1,-1
111,2,410,757,50,50,1,-1,-1,-1
111,3,431,1127,50,50,1,-1,-1,-1
112,1,632,873,50,50,1,-1,-1,-1
112,2,405,740,50,50,1,-1,-1,-1
112,3,427,1156,50,50,1,-1,-1,-1
113,1,636,909,50,50,1,-1,-1,-1
113,2,400,733,50,50,1,-1,-1,-1
113,3,427,1184,50,50,1,-1,-1,-1
114,1,641,950,50,50,1,-1,-1,-1
114,2,395,727,50,50,1,-1,-1,-1
114,3,427,1203,50,50,1,-1,-1,-1
115,1,645,991,50,50,1,-1,-1,-1
115,2,391,726,50,50,1,-1,-1,-1
115,3,429,1213,50,50,1,-1,-1,-1
116,1,647,1014,50,50,1,-1,-1,-1
116,2,387,732,50,50,1,-1,-1,-1
116,3,433,1211,50,50,1,-1,-1,-1
117,1,645,1034,50,50,1,-1,-1,-1
117,2,383,744,50,50,1,-1,-1,-1
117,3,438,1200,50,50,1,-1,-1,-1
118,1,640,1057,50,50,1,-1,-1,-1
118,2,377,760,50,50,1,-1,-1,-1
118,3,442,1176,50,50,1,-1,-1,-1
119,1,635,1081,50,50,1,-1,-1,-1
119,2,370,780,50,50,1,-1,-1,-1
119,3,446,1139,50,50,1,-1,-1,-1
120,1,630,1112,50,50,1,-1,-1,-1
120,2,365,804,50,50,1,-1,-1,-1
120,3,448,1087,50,50,1,-1,-1,-1
121,1,617,1145,50,50,1,-1,-1,-1
121,2,362,832,50,50,1,-1,-1,-1
121,3,447,1031,50,50,1,-1,-1,-1
122,1,600,1177,50,50,1,-1,-1,-1
122,2,358,874,50,50,1,-1,-1,-1
122,3,445,979,50,50,1,-1,-1,-1
123,1,582,1200,50,50,1,-1,-1,-1
123,2,354,914,50,50,1,-1,-1,-1
123,3,444,931,50,50,1,-1,-1,-1
124,1,572,1208,50,50,1,-1,-1,-1
124,2,350,959,50,50,1,-1,-1,-1
124,3,443,889,50,50,1,-1,-1,-1
125,1,564,1202,50,50,1,-1,-1,-1
125,2,346,994,50,50,1,-1,-1,-1
125,3,441,851,50,50,1,-1,-1,-1
126,1,562,1184,50,50,1,-1,-1,-1
126,2,336,1010,50,50,1,-1,-1,-1
126,3,439,817,50,50,1,-1,-1,-1
127,1,565,1155,50,50,1,-1,-1,-1
127,2,343,1015,50,50,1,-1,-1,-1
127,3,437,785,50,50,1,-1,-1,-1
128,1,575,1110,50,50,1,-1,-1,-1
128,2,358,1020,50,50,1,-1,-1,-1
128,3,434,763,50,50,1,-1,-1,-1
129,1,584,1057,50,50,1,-1,-1,-1
129,2,390,1019,50,50,1,-1,-1,-1
129,3,430,749,50,50,1,-1,-1,-1
130,1,587,998,50,50,1,-1,-1,-1
130,2,424,1015,50,50,1,-1,-1,-1
130,3,427,739,50,50,1,-1,-1,-1
131,1,589,943,50,50,1,-1,-1,-1
131,2,459,1014,50,50,1,-1,-1,-1
131,3,424,733,50,50,1,-1,-1,-1
132,1,591,898,50,50,1,-1,-1,-1
132,2,495,1017,50,50,1,-1,-1,-1
132,3,421,732,50,50,1,-1,-1,-1
133,1,593,858,50,50,1,-1,-1,-1
133,2,528,1024,50,50,1,-1,-1,-1
133,3,418,740,50,50,1,-1,-1,-1
134,1,595,822,50,50,1,-1,-1,-1
134,2,543,1037,50,50,1,-1,-1,-1
134,3,415,749,50,50,1,-1,-1,-1
135,1,597,786,50,50,1,-1,-1,-1
135,2,549,1051,50,50,1,-1,-1,-1
135,3,412,764,50,50,1,-1,-1,-1
136,1,600,758,50,50,1,-1,-1,-1
136,2,551,1066,50,50,1,-1,-1,-1
136,3,410,784,50,50,1,-1,-1,-1
137,1,602,736,50,50,1,-1,-1,-1
137,2,553,1084,50,50,1,-1,-1,-1
137,3,408,811,50,50,1,-1,-1,-1
138,1,604,721,50,50,1,-1,-1,-1
138,2,555,1109,50,50,1,-1,-1,-1
138,3,406,843,50,50,1,-1,-1,-1
139,1,605,707,50,50,1,-1,-1,-1
139,2,556,1141,50,50,1,-1,-1,-1
139,3,404,879,50,50,1,-1,-1,-1
140,1,607,704,50,50,1,-1,-1,-1
140,2,556,1174,50,50,1,-1,-1,-1
140,3,401,920,50,50,1,-1,-1,-1
141,1,610,704,50,50,1,-1,-1,-1
141,2,552,1195,50,50,1,-1,-1,-1
141,3,398,964,50,50,1,-1,-1,-1
142,1,613,707,50,50,1,-1,-1,-1
142,2,553,1203,50,50,1,-1,-1,-1
142,3,397,1009,50,50,1,-1,-1,-1
143,1,616,716,50,50,1,-1,-1,-1
143,2,551,1199,50,50,1,-1,-1,-1
143,3,400,1037,50,50,1,-1,-1,-1
144,1,619,732,50,50,1,-1,-1,-1
144,2,552,1177,50,50,1,-1,-1,-1
144,3,406,1060,50,50,1,-1,-1,-1
145,1,620,754,50,50,1,-1,-1,-1
145,2,552,1147,50,50,1,-1,-1,-1
145,3,414,1078,50,50,1,-1,-1,-1
146,1,621,781,50,50,1,-1,-1,-1
146,2,555,1108,50,50,1,-1,-1,-1
146,3,422,1105,50,50,1,-1,-1,-1
147,1,622,813,50,50,1,-1,-1,-1
147,2,560,1060,50,50,1,-1,-1,-1
147,3,427,1128,50,50,1,-1,-1,-1
148,1,623,846,50,50,1,-1,-1,-1
148,2,565,1009,50,50,1,-1,-1,-1
148,3,430,1160,50,50,1,-1,-1,-1
149,1,624,885,50,50,1,-1,-1,-1
149,2,569,967,50,50,1,-1,-1,-1
149,3,432,1187,50,50,1,-1,-1,-1
150,1,624,930,50,50,1,-1,-1,-1
150,2,572,932,50,50,1,-1,-1,-1
150,3,434,1204,50,50,1,-1,-1,-1
151,1,628,978,50,50,1,-1,-1,-1
151,2,574,899,50,50,1,-1,-1,-1
151,3,440,1211,50,50,1,-1,-1,-1
152,1,632,1001,50,50,1,-1,-1,-1
152,2,579,868,50,50,1,-1,-1,-1
152,3,444,1196,50,50,1,-1,-1,-1
153,1,636,1010,50,50,1,-1,-1,-1
153,2,583,846,50,50,1,-1,-1,-1
153,3,446,1164,50,50,1,-1,-1,-1
154,1,629,1015,50,50,1,-1,-1,-1
154,2,586,825,50,50,1,-1,-1,-1
154,3,446,1107,50,50,1,-1,-1,-1
155,1,610,1017,50,50,1,-1,-1,-1
155,2,589,808,50,50,1,-1,-1,-1
155,3,442,1050,50,50,1,-1,-1,-1
156,1,578,1014,50,50,1,-1,-1,-1
156,2,593,800,50,50,1,-1,-1,-1
156,3,437,994,50,50,1,-1,-1,-1
157,1,544,1016,50,50,1,-1,-1,-1
157,2,599,800,50,50,1,-1,-1,-1
157,3,433,942,50,50,1,-1,-1,-1
158,1,508,1025,50,50,1,-1,-1,-1
158,2,605,803,50,50,1,-1,-1,-1
158,3,429,891,50,50,1,-1,-1,-1
159,1,474,1037,50,50,1,-1,-1,-1
159,2,608,812,50,50,1,-1,-1,-1
159,3,426,846,50,50,1,-1,-1,-1
160,1,450,1052,50,50,1,-1,-1,-1
160,2,610,826,50,50,1,-1,-1,-1
160,3,423,810,50,50,1,-1,-1,-1
161,1,448,1074,50,50,1,-1,-1,-1
161,2,612,843,50,50,1,-1,-1,-1
161,3,419,776,50,50,1,-1,-1,-1
162,1,444,1092,50,50,1,-1,-1,-1
162,2,616,868,50,50,1,-1,-1,-1
162,3,413,749,50,50,1,-1,-1,-1
163,1,440,1112,50,50,1,-1,-1,-1
163,2,621,896,50,50,1,-1,-1,-1
163,3,407,725,50,50,1,-1,-1,-1
164,1,435,1135,50,50,1,-1,-1,-1
164,2,626,929,50,50,1,-1,-1,-1
164,3,404,707,50,50,1,-1,-1,-1
165,1,430,1158,50,50,1,-1,-1,-1
165,2,629,966,50,50,1,-1,-1,-1
165,3,401,697,50,50,1,-1,-1,-1
166,1,425,1181,50,50,1,-1,-1,-1
166,2,631,1005,50,50,1,-1,-1,-1
166,3,398,692,50,50,1,-1,-1,-1
167,1,421,1199,50,50,1,-1,-1,-1
167,2,635,1035,50,50,1,-1,-1,-1
167,3,393,691,50,50,1,-1,-1,-1
168,1,424,1207,50,50,1,-1,-1,-1
168,2,637,1055,50,50,1,-1,-1,-1
168,3,387,696,50,50,1,-1,-1,-1
169,1,430,1205,50,50,1,-1,-1,-1
169,2,640,1066,50,50,1,-1,-1,-1
169,3,382,706,50,50,1,-1,-1,-1
170,1,433,1188,50,50,1,-1,-1,-1
170,2,642,1089,50,50,1,-1,-1,-1
170,3,377,721,50,50,1,-1,-1,-1
171,1,437,1151,50,50,1,-1,-1,-1
171,2,636,1110,50,50,1,-1,-1,-1
171,3,374,740,50,50,1,-1,-1,-1
172,1,439,1102,50,50,1,-1,-1,-1
172,2,627,1131,50,50,1,-1,-1,-1
172,3,373,768,50,50,1,-1,-1,-1
173,1,440,1047,50,50,1,-1,-1,-1
173,2,618,1155,50,50,1,-1,-1,-1
173,3,369,800,50,50,1,-1,-1,-1
174,1,441,994,50,50,1,-1,-1,-1
174,2,608,1178,50,50,1,-1,-1,-1
174,3,364,836,50,50,1,-1,-1,-1
175,1,441,947,50,50,1,-1,-1,-1
175,2,597,1194,50,50,1,-1,-1,-1
175,3,358,875,50,50,1,-1,-1,-1
176,1,440,901,50,50,1,-1,-1,-1
176,2,587,1206,50,50,1,-1,-1,-1
176,3,354,922,50,50,1,-1,-1,-1
177,1,438,861,50,50,1,-1,-1,-1
177,2,580,1211,50,50,1,-1,-1,-1
177,3,350,973,50,50,1,-1,-1,-1
178,1,437,824,50,50,1,-1,-1,-1
178,2,574,1206,50,50,1,-1,-1,-1
178,3,347,1008,50,50,1,-1,-1,-1
179,1,437,790,50,50,1,-1,-1,-1
179,2,573,1190,50,50,1,-1,-1,-1
179,3,340,1019,50,50,1,-1,-1,-1
180,1,436,766,50,50,1,-1,-1,-1
180,2,576,1162,50,50,1,-1,-1,-1
180,3,353,1026,50,50,1,-1,-1,-1
181,1,436,751,50,50,1,-1,-1,-1
181,2,581,1122,50,50,1,-1,-1,-1
181,3,374,1027,50,50,1,-1,-1,-1
182,1,436,740,50,50,1,-1,-1,-1
182,2,592,1065,50,50,1,-1,-1,-1
182,3,404,1024,50,50,1,-1,-1,-1
183,1,436,731,50,50,1,-1,-1,-1
183,2,595,1005,50,50,1,-1,-1,-1
183,3,437,1020,50,50,1,-1,-1,-1
184,1,434,729,50,50,1,-1,-1,-1
184,2,597,954,50,50,1,-1,-1,-1
184,3,474,1018,50,50,1,-1,-1,-1
185,1,431,732,50,50,1,-1,-1,-1
185,2,598,907,50,50,1,-1,-1,-1
185,3,509,1021,50,50,1,-1,-1,-1
186,1,430,741,50,50,1,-1,-1,-1
186,2,599,860,50,50,1,-1,-1,-1
186,3,541,1028,50,50,1,-1,-1,-1
187,1,430,751,50,50,1,-1,-1,-1
187,2,599,820,50,50,1,-1,-1,-1
187,3,553,1045,50,50,1,-1,-1,-1
188,1,430,772,50,50,1,-1,-1,-1
188,2,600,784,50,50,1,-1,-1,-1
188,3,557,1063,50,50,1,-1,-1,-1
189,1,429,800,50,50,1,-1,-1,-1
189,2,602,754,50,50,1,-1,-1,-1
189,3,559,1084,50,50,1,-1,-1,-1
190,1,428,831,50,50,1,-1,-1,-1
190,2,604,729,50,50,1,-1,-1,-1
190,3,560,1108,50,50,1,-1,-1,-1
191,1,428,865,50,50,1,-1,-1,-1
191,2,606,711,50,50,1,-1,-1,-1
191,3,566,1132,50,50,1,-1,-1,-1
192,1,429,904,50,50,1,-1,-1,-1
192,2,609,698,50,50,1,-1,-1,-1
192,3,566,1161,50,50,1,-1,-1,-1
193,1,428,947,50,50,1,-1,-1,-1
193,2,612,690,50,50,1,-1,-1,-1
193,3,563,1185,50,50,1,-1,-1,-1
194,1,425,994,50,50,1,-1,-1,-1
194,2,617,687,50,50,1,-1,-1,-1
194,3,559,1201,50,50,1,-1,-1,-1
195,1,424,1042,50,50,1,-1,-1,-1
195,2,621,691,50,50,1,-1,-1,-1
195,3,554,1209,50,50,1,-1,-1,-1
196,1,427,1065,50,50,1,-1,-1,-1
196,2,621,700,50,50,1,-1,-1,-1
196,3,548,1201,50,50,1,-1,-1,-1
197,1,433,1084,50,50,1,-1,-1,-1
197,2,621,713,50,50,1,-1,-1,-1
197,3,550,1184,50,50,1,-1,-1,-1
198,1,434,1105,50,50,1,-1,-1,-1
198,2,621,728,50,50,1,-1,-1,-1
198,3,550,1157,50,50,1,-1,-1,-1
199,1,434,1127,50,50,1,-1,-1,-1
199,2,623,754,50,50,1,-1,-1,-1
199,3,551,1112,50,50,1,-1,-1,-1
200,1,434,1151,50,50,1,-1,-1,-1
200,2,625,782,50,50,1,-1,-1,-1
200,3,554,1063,50,50,1,-1,-1,-1
201,1,434,1175,50,50,1,-1,-1,-1
201,2,626,812,50,50,1,-1,-1,-1
201,3,557,1017,50,50,1,-1,-1,-1
202,1,435,1197,50,50,1,-1,-1,-1
202,2,627,852,50,50,1,-1,-1,-1
202,3,561,975,50,50,1,-1,-1,-1
203,1,428,1214,50,50,1,-1,-1,-1
203,2,628,895,50,50,1,-1,-1,-1
203,3,564,937,50,50,1,-1,-1,-1
204,1,433,1210,50,50,1,-1,-1,-1
204,2,630,937,50,50,1,-1,-1,-1
204,3,567,905,50,50,1,-1,-1,-1
205,1,433,1198,50,50,1,-1,-1,-1
205,2,633,976,50,50,1,-1,-1,-1
205,3,572,876,50,50,1,-1,-1,-1
206,1,434,1177,50,50,1,-1,-1,-1
206,2,635,994,50,50,1,-1,-1,-1
206,3,576,855,50,50,1,-1,-1,-1
207,1,433,1133,50,50,1,-1,-1,-1
207,2,634,993,50,50,1,-1,-1,-1
207,3,579,837,50,50,1,-1,-1,-1
208,1,429,1075,50,50,1,-1,-1,-1
208,2,618,996,50,50,1,-1,-1,-1
208,3,582,824,50,50,1,-1,-1,-1
209,1,425,1017,50,50,1,-1,-1,-1
209,2,591,1000,50,50,1,-1,-1,-1
209,3,586,814,50,50,1,-1,-1,-1
210,1,422,965,50,50,1,-1,-1,-1
210,2,555,1006,50,50,1,-1,-1,-1
210,3,590,812,50,50,1,-1,-1,-1
211,1,421,922,50,50,1,-1,-1,-1
211,2,519,1017,50,50,1,-1,-1,-1
211,3,594,815,50,50,1,-1,-1,-1
212,1,420,883,50,50,1,-1,-1,-1
212,2,484,1029,50,50,1,-1,-1,-1
212,3,598,823,50,50,1,-1,-1,-1
213,1,419,845,50,50,1,-1,-1,-1
213,2,454,1045,50,50,1,-1,-1,-1
213,3,603,836,50,50,1,-1,-1,-1
214,1,417,811,50,50,1,-1,-1,-1
214,2,443,1063,50,50,1,-1,-1,-1
214,3,607,857,50,50,1,-1,-1,-1
215,1,413,781,50,50,1,-1,-1,-1
215,2,436,1084,50,50,1,-1,-1,-1
215,3,611,882,50,50,1,-1,-1,-1
216,1,408,760,50,50,1,-1,-1,-1
216,2,431,1107,50,50,1,-1,-1,-1
216,3,615,910,50,50,1,-1,-1,-1
217,1,405,748,50,50,1,-1,-1,-1
217,2,428,1136,50,50,1,-1,-1,-1
217,3,617,943,50,50,1,-1,-1,-1
218,1,402,736,50,50,1,-1,-1,-1
218,2,424,1166,50,50,1,-1,-1,-1
218,3,619,979,50,50,1,-1,-1,-1
219,1,400,727,50,50,1,-1,-1,-1
219,2,421,1194,50,50,1,-1,-1,-1
219,3,622,1019,50,50,1,-1,-1,-1
220,1,396,725,50,50,1,-1,-1,-1
220,2,422,1208,50,50,1,-1,-1,-1
220,3,630,1039,50,50,1,-1,-1,-1
221,1,390,733,50,50,1,-1,-1,-1
221,2,428,1209,50,50,1,-1,-1,-1
221,3,634,1055,50,50,1,-1,-1,-1
222,1,385,745,50,50,1,-1,-1,-1
222,2,432,1194,50,50,1,-1,-1,-1
222,3,632,1074,50,50,1,-1,-1,-1
223,1,385,762,50,50,1,-1,-1,-1
223,2,440,1156,50,50,1,-1,-1,-1
223,3,628,1099,50,50,1,-1,-1,-1
224,1,383,787,50,50,1,-1,-1,-1
224,2,444,1108,50,50,1,-1,-1,-1
224,3,621,1124,50,50,1,-1,-1,-1
225,1,380,815,50,50,1,-1,-1,-1
225,2,444,1046,50,50,1,-1,-1,-1
225,3,614,1149,50,50,1,-1,-1,-1
226,1,377,847,50,50,1,-1,-1,-1
226,2,441,992,50,50,1,-1,-1,-1
226,3,604,1178,50,50,1,-1,-1,-1
227,1,373,882,50,50,1,-1,-1,-1
227,2,439,942,50,50,1,-1,-1,-1
227,3,591,1200,50,50,1,-1,-1,-1
228,1,370,922,50,50,1,-1,-1,-1
228,2,437,894,50,50,1,-1,-1,-1
228,3,579,1210,50,50,1,-1,-1,-1
229,1,367,966,50,50,1,-1,-1,-1
229,2,436,854,50,50,1,-1,-1,-1
229,3,568,1216,50,50,1,-1,-1,-1
230,1,366,1005,50,50,1,-1,-1,-1
230,2,435,819,50,50,1,-1,-1,-1
230,3,562,1212,50,50,1,-1,-1,-1
231,1,355,1021,50,50,1,-1,-1,-1
231,2,433,790,50,50,1,-1,-1,-1
231,3,558,1199,50,50,1,-1,-1,-1
232,1,366,1023,50,50,1,-1,-1,-1
232,2,431,767,50,50,1,-1,-1,-1
232,3,562,1169,50,50,1,-1,-1,-1
233,1,380,1026,50,50,1,-1,-1,-1
233,2,429,746,50,50,1,-1,-1,-1
233,3,570,1119,50,50,1,-1,-1,-1
234,1,402,1026,50,50,1,-1,-1,-1
234,2,427,734,50,50,1,-1,-1,-1
234,3,579,1065,50,50,1,-1,-1,-1
235,1,432,1015,50,50,1,-1,-1,-1
235,2,424,728,50,50,1,-1,-1,-1
235,3,585,1007,50,50,1,-1,-1,-1
236,1,460,1014,50,50,1,-1,-1,-1
236,2,421,726,50,50,1,-1,-1,-1
236,3,588,956,50,50,1,-1,-1,-1
237,1,489,1018,50,50,1,-1,-1,-1
237,2,417,728,50,50,1,-1,-1,-1
237,3,591,907,50,50,1,-1,-1,-1
238,1,517,1029,50,50,1,-1,-1,-1
238,2,412,732,50,50,1,-1,-1,-1
238,3,594,862,50,50,1,-1,-1,-1
239,1,538,1049,50,50,1,-1,-1,-1
239,2,410,752,50,50,1,-1,-1,-1
239,3,596,821,50,50,1,-1,-1,-1
240,1,543,1070,50,50,1,-1,-1,-1
240,2,409,770,50,50,1,-1,-1,-1
240,3,598,786,50,50,1,-1,-1,-1
241,1,543,1090,50,50,1,-1,-1,-1
241,2,407,792,50,50,1,-1,-1,-1
241,3,601,758,50,50,1,-1,-1,-1
242,1,550,1114,50,50,1,-1,-1,-1
242,2,404,820,50,50,1,-1,-1,-1
242,3,604,738,50,50,1,-1,-1,-1
243,1,555,1142,50,50,1,-1,-1,-1
243,2,402,853,50,50,1,-1,-1,-1
243,3,607,723,50,50,1,-1,-1,-1
244,1,558,1175,50,50,1,-1,-1,-1
244,2,400,894,50,50,1,-1,-1,-1
244,3,609,713,50,50,1,-1,-1,-1
245,1,555,1195,50,50,1,-1,-1,-1
245,2,397,939,50,50,1,-1,-1,-1
245,3,611,704,50,50,1,-1,-1,-1
246,1,548,1210,50,50,1,-1,-1,-1
246,2,394,986,50,50,1,-1,-1,-1
246,3,614,702,50,50,1,-1,-1,-1
247,1,547,1219,50,50,1,-1,-1,-1
247,2,396,1023,50,50,1,-1,-1,-1
247,3,618,705,50,50,1,-1,-1,-1
248,1,543,1216,50,50,1,-1,-1,-1
248,2,396,1038,50,50,1,-1,-1,-1
248,3,622,711,50,50,1,-1,-1,-1
249,1,544,1202,50,50,1,-1,-1,-1
249,2,402,1055,50,50,1,-1,-1,-1
249,3,625,727,50,50,1,-1,-1,-1
250,1,544,1169,50,50,1,-1,-1,-1
250,2,407,1073,50,50,1,-1,-1,-1
250,3,627,748,50,50,1,-1,-1,-1
251,1,547,1127,50,50,1,-1,-1,-1
251,2,411,1094,50,50,1,-1,-1,-1
251,3,629,773,50,50,1,-1,-1,-1
252,1,552,1074,50,50,1,-1,-1,-1
252,2,413,1121,50,50,1,-1,-1,-1
252,3,631,802,50,50,1,-1,-1,-1
253,1,555,1022,50,50,1,-1,-1,-1
253,2,415,1148,50,50,1,-1,-1,-1
253,3,633,835,50,50,1,-1,-1,-1
254,1,560,973,50,50,1,-1,-1,-1
254,2,417,1177,50,50,1,-1,-1,-1
254,3,635,875,50,50,1,-1,-1,-1
255,1,564,926,50,50,1,-1,-1,-1
255,2,417,1199,50,50,1,-1,-1,-1
255,3,639,920,50,50,1,-1,-1,-1
256,1,570,888,50,50,1,-1,-1,-1
256,2,421,1211,50,50,1,-1,-1,-1
256,3,644,968,50,50,1,-1,-1,-1
257,1,572,853,50,50,1,-1,-1,-1
257,2,424,1213,50,50,1,-1,-1,-1
257,3,649,1013,50,50,1,-1,-1,-1
258,1,574,822,50,50,1,-1,-1,-1
258,2,431,1198,50,50,1,-1,-1,-1
258,3,653,1031,50,50,1,-1,-1,-1
259,1,577,800,50,50,1,-1,-1,-1
259,2,434,1165,50,50,1,-1,-1,-1
259,3,648,1035,50,50,1,-1,-1,-1
260,1,582,782,50,50,1,-1,-1,-1
260,2,429,1107,50,50,1,-1,-1,-1
260,3,629,1028,50,50,1,-1,-1,-1
261,1,586,771,50,50,1,-1,-1,-1
261,2,425,1047,50,50,1,-1,-1,-1
261,3,598,1022,50,50,1,-1,-1,-1
262,1,590,763,50,50,1,-1,-1,-1
262,2,421,989,50,50,1,-1,-1,-1
262,3,562,1017,50,50,1,-1,-1,-1
263,1,594,758,50,50,1,-1,-1,-1
263,2,417,937,50,50,1,-1,-1,-1
263,3,527,1016,50,50,1,-1,-1,-1
264,1,598,754,50,50,1,-1,-1,-1
264,2,413,890,50,50,1,-1,-1,-1
264,3,493,1021,50,50,1,-1,-1,-1
265,1,603,756,50,50,1,-1,-1,-1
265,2,410,847,50,50,1,-1,-1,-1
265,3,463,1030,50,50,1,-1,-1,-1
266,1,606,775,50,50,1,-1,-1,-1
266,2,406,807,50,50,1,-1,-1,-1
266,3,442,1049,50,50,1,-1,-1,-1
267,1,608,799,50,50,1,-1,-1,-1
267,2,401,781,50,50,1,-1,-1,-1
267,3,432,1069,50,50,1,-1,-1,-1
268,1,610,825,50,50,1,-1,-1,-1
268,2,398,755,50,50,1,-1,-1,-1
268,3,428,1095,50,50,1,-1,-1,-1
269,1,614,854,50,50,1,-1,-1,-1
269,2,395,732,50,50,1,-1,-1,-1
269,3,422,1123,50,50,1,-1,-1,-1
270,1,618,886,50,50,1,-1,-1,-1
270,2,391,713,50,50,1,-1,-1,-1
270,3,417,1153,50,50,1,-1,-1,-1
271,1,620,924,50,50,1,-1,-1,-1
271,2,385,700,50,50,1,-1,-1,-1
271,3,413,1183,50,50,1,-1,-1,-1
272,1,623,965,50,50,1,-1,-1,-1
272,2,379,698,50,50,1,-1,-1,-1
272,3,412,1203,50,50,1,-1,-1,-1
273,1,627,1004,50,50,1,-1,-1,-1
273,2,373,700,50,50,1,-1,-1,-1
273,3,415,1212,50,50,1,-1,-1,-1
274,1,628,1034,50,50,1,-1,-1,-1
274,2,371,708,50,50,1,-1,-1,-1
274,3,419,1217,50,50,1,-1,-1,-1
275,1,627,1054,50,50,1,-1,-1,-1
275,2,368,723,50,50,1,-1,-1,-1
275,3,422,1214,50,50,1,-1,-1,-1
276,1,626,1077,50,50,1,-1,-1,-1
276,2,364,740,50,50,1,-1,-1,-1
276,3,425,1192,50,50,1,-1,-1,-1
277,1,624,1111,50,50,1,-1,-1,-1
277,2,359,761,50,50,1,-1,-1,-1
277,3,432,1160,50,50,1,-1,-1,-1
278,1,619,1150,50,50,1,-1,-1,-1
278,2,354,790,50,50,1,-1,-1,-1
278,3,435,1118,50,50,1,-1,-1,-1
279,1,606,1186,50,50,1,-1,-1,-1
279,2,350,823,50,50,1,-1,-1,-1
279,3,434,1062,50,50,1,-1,-1,-1
280,1,592,1213,50,50,1,-1,-1,-1
280,2,346,860,50,50,1,-1,-1,-1
280,3,433,1006,50,50,1,-1,-1,-1
281,1,580,1230,50,50,1,-1,-1,-1
281,2,342,902,50,50,1,-1,-1,-1
281,3,433,961,50,50,1,-1,-1,-1
282,1,566,1237,50,50,1,-1,-1,-1
282,2,338,948,50,50,1,-1,-1,-1
282,3,433,919,50,50,1,-1,-1,-1
283,1,557,1227,50,50,1,-1,-1,-1
283,2,335,992,50,50,1,-1,-1,-1
283,3,433,877,50,50,1,-1,-1,-1
284,1,554,1212,50,50,1,-1,-1,-1
284,2,328,1017,50,50,1,-1,-1,-1
284,3,432,842,50,50,1,-1,-1,-1
285,1,554,1194,50,50,1,-1,-1,-1
285,2,328,1020,50,50,1,-1,-1,-1
285,3,430,812,50,50,1,-1,-1,-1
286,1,562,1159,50,50,1,-1,-1,-1
286,2,344,1023,50,50,1,-1,-1,-1
286,3,429,788,50,50,1,-1,-1,-1
287,1,570,1099,50,50,1,-1,-1,-1
287,2,364,1025,50,50,1,-1,-1,-1
287,3,428,769,50,50,1,-1,-1,-1
288,1,577,1031,50,50,1,-1,-1,-1
288,2,388,1015,50,50,1,-1,-1,-1
288,3,427,756,50,50,1,-1,-1,-1
289,1,584,967,50,50,1,-1,-1,-1
289,2,420,1009,50,50,1,-1,-1,-1
289,3,426,749,50,50,1,-1,-1,-1
290,1,589,914,50,50,1,-1,-1,-1
290,2,452,1008,50,50,1,-1,-1,-1
290,3,425,749,50,50,1,-1,-1,-1
291,1,592,870,50,50,1,-1,-1,-1
291,2,485,1013,50,50,1,-1,-1,-1
291,3,423,753,50,50,1,-1,-1,-1
292,1,595,828,50,50,1,-1,-1,-1
292,2,517,1025,50,50,1,-1,-1,-1
292,3,421,764,50,50,1,-1,-1,-1
293,1,598,787,50,50,1,-1,-1,-1
293,2,540,1039,50,50,1,-1,-1,-1
293,3,419,778,50,50,1,-1,-1,-1
294,1,600,750,50,50,1,-1,-1,-1
294,2,548,1055,50,50,1,-1,-1,-1
294,3,417,798,50,50,1,-1,-1,-1
295,1,603,721,50,50,1,-1,-1,-1
295,2,551,1074,50,50,1,-1,-1,-1
295,3,416,824,50,50,1,-1,-1,-1
296,1,606,702,50,50,1,-1,-1,-1
296,2,559,1093,50,50,1,-1,-1,-1
296,3,417,855,50,50,1,-1,-1,-1
297,1,612,686,50,50,1,-1,-1,-1
297,2,559,1120,50,50,1,-1,-1,-1
297,3,418,893,50,50,1,-1,-1,-1
298,1,614,674,50,50,1,-1,-1,-1
298,2,558,1148,50,50,1,-1,-1,-1
298,3,417,934,50,50,1,-1,-1,-1
299,1,620,671,50,50,1,-1,-1,-1
299,2,559,1170,50,50,1,-1,-1,-1
299,3,416,982,50,50,1,-1,-1,-1
300,1,622,666,50,50,1,-1,-1,-1
300,2,558,1192,50,50,1,-1,-1,-1
300,3,417,1027,50,50,1,-1,-1,-1
301,1,628,670,50,50,1,-1,-1,-1
301,2,556,1200,50,50,1,-1,-1,-1
301,3,414,1052,50,50,1,-1,-1,-1
302,1,632,681,50,50,1,-1,-1,-1
302,2,556,1198,50,50,1,-1,-1,-1
302,3,418,1068,50,50,1,-1,-1,-1
303,1,634,695,50,50,1,-1,-1,-1
303,2,557,1182,50,50,1,-1,-1,-1
303,3,423,1081,50,50,1,-1,-1,-1
304,1,638,715,50,50,1,-1,-1,-1
304,2,558,1148,50,50,1,-1,-1,-1
304,3,422,1102,50,50,1,-1,-1,-1
305,1,643,740,50,50,1,-1,-1,-1
305,2,564,1108,50,50,1,-1,-1,-1
305,3,426,1117,50,50,1,-1,-1,-1
306,1,644,767,50,50,1,-1,-1,-1
306,2,570,1061,50,50,1,-1,-1,-1
306,3,424,1138,50,50,1,-1,-1,-1
307,1,646,801,50,50,1,-1,-1,-1
307,2,576,1009,50,50,1,-1,-1,-1
307,3,423,1162,50,50,1,-1,-1,-1
308,1,649,836,50,50,1,-1,-1,-1
308,2,581,959,50,50,1,-1,-1,-1
308,3,424,1185,50,50,1,-1,-1,-1
309,1,654,878,50,50,1,-1,-1,-1
309,2,586,914,50,50,1,-1,-1,-1
309,3,425,1202,50,50,1,-1,-1,-1
310,1,657,931,50,50,1,-1,-1,-1
310,2,590,873,50,50,1,-1,-1,-1
310,3,424,1216,50,50,1,-1,-1,-1
311,1,659,971,50,50,1,-1,-1,-1
311,2,594,837,50,50,1,-1,-1,-1
311,3,425,1218,50,50,1,-1,-1,-1
312,1,662,986,50,50,1,-1,-1,-1
312,2,598,804,50,50,1,-1,-1,-1
312,3,429,1199,50,50,1,-1,-1,-1
313,1,660,989,50,50,1,-1,-1,-1
313,2,601,777,50,50,1,-1,-1,-1
313,3,427,1166,50,50,1,-1,-1,-1
314,1,646,996,50,50,1,-1,-1,-1
314,2,606,760,50,50,1,-1,-1,-1
314,3,426,1117,50,50,1,-1,-1,-1
315,1,628,1002,50,50,1,-1,-1,-1
315,2,611,751,50,50,1,-1,-1,-1
315,3,423,1057,50,50,1,-1,-1,-1
316,1,593,998,50,50,1,-1,-1,-1
316,2,616,743,50,50,1,-1,-1,-1
316,3,417,995,50,50,1,-1,-1,-1
317,1,552,1008,50,50,1,-1,-1,-1
317,2,622,739,50,50,1,-1,-1,-1
317,3,415,943,50,50,1,-1,-1,-1
318,1,510,1022,50,50,1,-1,-1,-1
318,2,628,740,50,50,1,-1,-1,-1
318,3,412,897,50,50,1,-1,-1,-1
319,1,468,1041,50,50,1,-1,-1,-1
319,2,634,748,50,50,1,-1,-1,-1
319,3,410,855,50,50,1,-1,-1,-1
320,1,442,1058,50,50,1,-1,-1,-1
320,2,639,757,50,50,1,-1,-1,-1
320,3,408,819,50,50,1,-1,-1,-1
321,1,432,1080,50,50,1,-1,-1,-1
321,2,644,773,50,50,1,-1,-1,-1
321,3,405,786,50,50,1,-1,-1,-1
322,1,429,1099,50,50,1,-1,-1,-1
322,2,649,796,50,50,1,-1,-1,-1
322,3,402,758,50,50,1,-1,-1,-1
323,1,426,1121,50,50,1,-1,-1,-1
323,2,653,826,50,50,1,-1,-1,-1
323,3,399,736,50,50,1,-1,-1,-1
324,1,420,1145,50,50,1,-1,-1,-1
324,2,655,860,50,50,1,-1,-1,-1
324,3,398,720,50,50,1,-1,-1,-1
325,1,417,1168,50,50,1,-1,-1,-1
325,2,657,899,50,50,1,-1,-1,-1
325,3,397,710,50,50,1,-1,-1,-1
326,1,418,1187,50,50,1,-1,-1,-1
326,2,664,942,50,50,1,-1,-1,-1
326,3,393,708,50,50,1,-1,-1,-1
327,1,420,1202,50,50,1,-1,-1,-1
327,2,669,984,50,50,1,-1,-1,-1
327,3,389,708,50,50,1,-1,-1,-1
328,1,425,1207,50,50,1,-1,-1,-1
328,2,668,1014,50,50,1,-1,-1,-1
328,3,384,715,50,50,1,-1,-1,-1
329,1,432,1203,50,50,1,-1,-1,-1
329,2,668,1027,50,50,1,-1,-1,-1
329,3,382,723,50,50,1,-1,-1,-1
330,1,437,1189,50,50,1,-1,-1,-1
330,2,658,1046,50,50,1,-1,-1,-1
330,3,379,740,50,50,1,-1,-1,-1
331,1,441,1162,50,50,1,-1,-1,-1
331,2,648,1067,50,50,1,-1,-1,-1
331,3,376,763,50,50,1,-1,-1,-1
332,1,441,1116,50,50,1,-1,-1,-1
332,2,638,1086,50,50,1,-1,-1,-1
332,3,373,790,50,50,1,-1,-1,-1
333,1,440,1060,50,50,1,-1,-1,-1
333,2,628,1112,50,50,1,-1,-1,-1
333,3,371,820,50,50,1,-1,-1,-1
334,1,439,1003,50,50,1,-1,-1,-1
334,2,615,1138,50,50,1,-1,-1,-1
334,3,369,855,50,50,1,-1,-1,-1
335,1,436,957,50,50,1,-1,-1,-1
335,2,596,1168,50,50,1,-1,-1,-1
335,3,368,899,50,50,1,-1,-1,-1
336,1,433,916,50,50,1,-1,-1,-1
336,2,577,1189,50,50,1,-1,-1,-1
336,3,366,943,50,50,1,-1,-1,-1
337,1,429,877,50,50,1,-1,-1,-1
337,2,561,1196,50,50,1,-1,-1,-1
337,3,364,984,50,50,1,-1,-1,-1
338,1,425,842,50,50,1,-1,-1,-1
338,2,556,1194,50,50,1,-1,-1,-1
338,3,354,1005,50,50,1,-1,-1,-1
339,1,421,811,50,50,1,-1,-1,-1
339,2,553,1177,50,50,1,-1,-1,-1
339,3,350,1010,50,50,1,-1,-1,-1
340,1,418,787,50,50,1,-1,-1,-1
340,2,561,1139,50,50,1,-1,-1,-1
340,3,351,1016,50,50,1,-1,-1,-1
341,1,416,770,50,50,1,-1,-1,-1
341,2,569,1093,50,50,1,-1,-1,-1
341,3,365,1018,50,50,1,-1,-1,-1
342,1,413,758,50,50,1,-1,-1,-1
342,2,577,1038,50,50,1,-1,-1,-1
342,3,392,1012,50,50,1,-1,-1,-1
343,1,408,752,50,50,1,-1,-1,-1
343,2,582,984,50,50,1,-1,-1,-1
343,3,423,1006,50,50,1,-1,-1,-1
344,1,403,750,50,50,1,-1,-1,-1
344,2,584,932,50,50,1,-1,-1,-1
344,3,456,1007,50,50,1,-1,-1,-1
345,1,397,754,50,50,1,-1,-1,-1
345,2,586,888,50,50,1,-1,-1,-1
345,3,488,1012,50,50,1,-1,-1,-1
346,1,392,764,50,50,1,-1,-1,-1
346,2,587,848,50,50,1,-1,-1,-1
346,3,515,1021,50,50,1,-1,-1,-1
347,1,388,779,50,50,1,-1,-1,-1
347,2,588,812,50,50,1,-1,-1,-1
347,3,535,1036,50,50,1,-1,-1,-1
348,1,387,801,50,50,1,-1,-1,-1
348,2,589,777,50,50,1,-1,-1,-1
348,3,538,1055,50,50,1,-1,-1,-1
349,1,384,826,50,50,1,-1,-1,-1
349,2,592,750,50,50,1,-1,-1,-1
349,3,545,1077,50,50,1,-1,-1,-1
350,1,380,858,50,50,1,-1,-1,-1
350,2,594,730,50,50,1,-1,-1,-1
350,3,550,1103,50,50,1,-1,-1,-1
351,1,376,894,50,50,1,-1,-1,-1
351,2,596,713,50,50,1,-1,-1,-1
351,3,548,1127,50,50,1,-1,-1,-1
352,1,372,932,50,50,1,-1,-1,-1
352,2,599,706,50,50,1,-1,-1,-1
352,3,545,1150,50,50,1,-1,-1,-1
353,1,367,976,50,50,1,-1,-1,-1
353,2,603,703,50,50,1,-1,-1,-1
353,3,545,1173,50,50,1,-1,-1,-1
354,1,363,1023,50,50,1,-1,-1,-1
354,2,609,706,50,50,1,-1,-1,-1
354,3,538,1193,50,50,1,-1,-1,-1
355,1,367,1053,50,50,1,-1,-1,-1
355,2,612,714,50,50,1,-1,-1,-1
355,3,533,1199,50,50,1,-1,-1,-1
356,1,367,1059,50,50,1,-1,-1,-1
356,2,610,725,50,50,1,-1,-1,-1
356,3,528,1189,50,50,1,-1,-1,-1
357,1,368,1073,50,50,1,-1,-1,-1
357,2,612,740,50,50,1,-1,-1,-1
357,3,525,1169,50,50,1,-1,-1,-1
358,1,374,1086,50,50,1,-1,-1,-1
358,2,613,760,50,50,1,-1,-1,-1
358,3,523,1130,50,50,1,-1,-1,-1
359,1,380,1103,50,50,1,-1,-1,-1
359,2,615,792,50,50,1,-1,-1,-1
359,3,527,1082,50,50,1,-1,-1,-1
360,1,384,1125,50,50,1,-1,-1,-1
360,2,619,823,50,50,1,-1,-1,-1
360,3,529,1031,50,50,1,-1,-1,-1
361,1,389,1150,50,50,1,-1,-1,-1
361,2,621,861,50,50,1,-1,-1,-1
361,3,536,984,50,50,1,-1,-1,-1
362,1,397,1173,50,50,1,-1,-1,-1
362,2,623,902,50,50,1,-1,-1,-1
362,3,540,938,50,50,1,-1,-1,-1
363,1,406,1192,50,50,1,-1,-1,-1
363,2,625,947,50,50,1,-1,-1,-1
363,3,545,895,50,50,1,-1,-1,-1
364,1,411,1205,50,50,1,-1,-1,-1
364,2,627,992,50,50,1,-1,-1,-1
364,3,550,856,50,50,1,-1,-1,-1
365,1,418,1207,50,50,1,-1,-1,-1
365,2,633,1016,50,50,1,-1,-1,-1
365,3,554,827,50,50,1,-1,-1,-1
366,1,424,1197,50,50,1,-1,-1,-1
366,2,639,1028,50,50,1,-1,-1,-1
366,3,558,801,50,50,1,-1,-1,-1
367,1,423,1168,50,50,1,-1,-1,-1
367,2,640,1032,50,50,1,-1,-1,-1
367,3,562,780,50,50,1,-1,-1,-1
368,1,419,1119,50,50,1,-1,-1,-1
368,2,626,1027,50,50,1,-1,-1,-1
368,3,566,765,50,50,1,-1,-1,-1
369,1,414,1062,50,50,1,-1,-1,-1
369,2,604,1020,50,50,1,-1,-1,-1
369,3,571,757,50,50,1,-1,-1,-1
370,1,409,1004,50,50,1,-1,-1,-1
370,2,574,1011,50,50,1,-1,-1,-1
370,3,577,754,50,50,1,-1,-1,-1
371,1,408,954,50,50,1,-1,-1,-1
371,2,534,1005,50,50,1,-1,-1,-1
371,3,583,756,50,50,1,-1,-1,-1
372,1,406,906,50,50,1,-1,-1,-1
372,2,492,1002,50,50,1,-1,-1,-1
372,3,589,764,50,50,1,-1,-1,-1
373,1,405,864,50,50,1,-1,-1,-1
373,2,456,1009,50,50,1,-1,-1,-1
373,3,595,776,50,50,1,-1,-1,-1
374,1,402,826,50,50,1,-1,-1,-1
374,2,429,1019,50,50,1,-1,-1,-1
374,3,599,792,50,50,1,-1,-1,-1
375,1,398,790,50,50,1,-1,-1,-1
375,2,423,1036,50,50,1,-1,-1,-1
375,3,602,814,50,50,1,-1,-1,-1
376,1,393,761,50,50,1,-1,-1,-1
376,2,418,1060,50,50,1,-1,-1,-1
376,3,605,841,50,50,1,-1,-1,-1
377,1,386,738,50,50,1,-1,-1,-1
377,2,412,1089,50,50,1,-1,-1,-1
377,3,610,875,50,50,1,-1,-1,-1
378,1,381,719,50,50,1,-1,-1,-1
378,2,406,1117,50,50,1,-1,-1,-1
378,3,615,914,50,50,1,-1,-1,-1
379,1,378,705,50,50,1,-1,-1,-1
379,2,404,1143,50,50,1,-1,-1,-1
379,3,621,957,50,50,1,-1,-1,-1
380,1,374,699,50,50,1,-1,-1,-1
380,2,403,1185,50,50,1,-1,-1,-1
380,3,629,1031,50,50,1,-1,-1,-1
381,1,368,700,50,50,1,-1,-1,-1
381,2,405,1203,50,50,1,-1,-1,-1
381,3,632,1051,50,50,1,-1,-1,-1
382,1,363,712,50,50,1,-1,-1,-1
382,2,409,1209,50,50,1,-1,-1,-1
382,3,631,1073,50,50,1,-1,-1,-1
383,1,358,728,50,50,1,-1,-1,-1
383,2,415,1195,50,50,1,-1,-1,-1
383,3,624,1097,50,50,1,-1,-1,-1
384,1,355,751,50,50,1,-1,-1,-1
384,2,420,1166,50,50,1,-1,-1,-1
384,3,613,1123,50,50,1,-1,-1,-1
385,1,354,777,50,50,1,-1,-1,-1
385,2,423,1122,50,50,1,-1,-1,-1
385,3,595,1150,50,50,1,-1,-1,-1
386,1,348,806,50,50,1,-1,-1,-1
386,2,423,1070,50,50,1,-1,-1,-1
386,3,581,1173,50,50,1,-1,-1,-1
387,1,344,841,50,50,1,-1,-1,-1
387,2,424,1015,50,50,1,-1,-1,-1
387,3,568,1193,50,50,1,-1,-1,-1
388,1,340,882,50,50,1,-1,-1,-1
388,2,425,967,50,50,1,-1,-1,-1
388,3,556,1206,50,50,1,-1,-1,-1
389,1,335,926,50,50,1,-1,-1,-1
389,2,425,929,50,50,1,-1,-1,-1
389,3,549,1206,50,50,1,-1,-1,-1
390,1,332,972,50,50,1,-1,-1,-1
390,2,425,892,50,50,1,-1,-1,-1
390,3,541,1201,50,50,1,-1,-1,-1
391,1,328,1009,50,50,1,-1,-1,-1
391,2,425,858,50,50,1,-1,-1,-1
391,3,539,1185,50,50,1,-1,-1,-1
392,1,321,1020,50,50,1,-1,-1,-1
392,2,424,831,50,50,1,-1,-1,-1
392,3,544,1158,50,50,1,-1,-1,-1
393,1,323,1027,50,50,1,-1,-1,-1
393,2,424,809,50,50,1,-1,-1,-1
393,3,557,1126,50,50,1,-1,-1,-1
394,1,340,1029,50,50,1,-1,-1,-1
394,2,424,790,50,50,1,-1,-1,-1
394,3,570,1079,50,50,1,-1,-1,-1
395,1,370,1023,50,50,1,-1,-1,-1
395,2,424,782,50,50,1,-1,-1,-1
395,3,576,1025,50,50,1,-1,-1,-1
396,1,400,1016,50,50,1,-1,-1,-1
396,2,424,777,50,50,1,-1,-1,-1
396,3,582,971,50,50,1,-1,-1,-1
397,1,431,1012,50,50,1,-1,-1,-1
397,2,421,778,50,50,1,-1,-1,-1
397,3,588,920,50,50,1,-1,-1,-1
398,1,462,1013,50,50,1,-1,-1,-1
398,2,418,783,50,50,1,-1,-1,-1
398,3,594,877,50,50,1,-1,-1,-1
399,1,493,1017,50,50,1,-1,-1,-1
399,2,419,795,50,50,1,-1,-1,-1
399,3,600,839,50,50,1,-1,-1,-1
400,1,519,1027,50,50,1,-1,-1,-1
400,2,420,810,50,50,1,-1,-1,-1
400,3,607,804,50,50,1,-1,-1,-1
401,1,532,1046,50,50,1,-1,-1,-1
401,2,420,828,50,50,1,-1,-1,-1
401,3,613,777,50,50,1,-1,-1,-1
402,1,538,1068,50,50,1,-1,-1,-1
402,2,419,852,50,50,1,-1,-1,-1
402,3,619,753,50,50,1,-1,-1,-1
403,1,543,1091,50,50,1,-1,-1,-1
403,2,418,884,50,50,1,-1,-1,-1
403,3,625,734,50,50,1,-1,-1,-1
404,1,548,1116,50,50,1,-1,-1,-1
404,2,417,918,50,50,1,-1,-1,-1
404,3,630,723,50,50,1,-1,-1,-1
405,1,553,1143,50,50,1,-1,-1,-1
405,2,416,961,50,50,1,-1,-1,-1
405,3,635,715,50,50,1,-1,-1,-1
406,1,550,1170,50,50,1,-1,-1,-1
406,2,414,1007,50,50,1,-1,-1,-1
406,3,642,710,50,50,1,-1,-1,-1
407,1,551,1180,50,50,1,-1,-1,-1
407,2,414,1043,50,50,1,-1,-1,-1
407,3,649,715,50,50,1,-1,-1,-1
408,1,554,1182,50,50,1,-1,-1,-1
408,2,418,1056,50,50,1,-1,-1,-1
408,3,656,722,50,50,1,-1,-1,-1
409,1,559,1160,50,50,1,-1,-1,-1
409,2,421,1068,50,50,1,-1,-1,-1
409,3,662,736,50,50,1,-1,-1,-1
410,1,562,1118,50,50,1,-1,-1,-1
410,2,428,1084,50,50,1,-1,-1,-1
410,3,666,753,50,50,1,-1,-1,-1
411,1,566,1072,50,50,1,-1,-1,-1
411,2,427,1100,50,50,1,-1,-1,-1
411,3,670,774,50,50,1,-1,-1,-1
412,1,570,1023,50,50,1,-1,-1,-1
412,2,428,1122,50,50,1,-1,-1,-1
412,3,675,804,50,50,1,-1,-1,-1
413,1,574,974,50,50,1,-1,-1,-1
413,2,427,1148,50,50,1,-1,-1,-1
413,3,681,840,50,50,1,-1,-1,-1
414,1,576,935,50,50,1,-1,-1,-1
414,2,426,1167,50,50,1,-1,-1,-1
414,3,687,878,50,50,1,-1,-1,-1
415,1,577,899,50,50,1,-1,-1,-1
415,2,425,1181,50,50,1,-1,-1,-1
415,3,692,922,50,50,1,-1,-1,-1
416,1,578,863,50,50,1,-1,-1,-1
416,2,426,1194,50,50,1,-1,-1,-1
416,3,697,968,50,50,1,-1,-1,-1
417,1,581,832,50,50,1,-1,-1,-1
417,2,427,1201,50,50,1,-1,-1,-1
417,3,702,1012,50,50,1,-1,-1,-1
418,1,583,805,50,50,1,-1,-1,-1
418,2,435,1194,50,50,1,-1,-1,-1
418,3,707,1031,50,50,1,-1,-1,-1
419,1,584,782,50,50,1,-1,-1,-1
419,2,441,1173,50,50,1,-1,-1,-1
419,3,702,1041,50,50,1,-1,-1,-1
420,1,584,768,50,50,1,-1,-1,-1
420,2,440,1133,50,50,1,-1,-1,-1
420,3,681,1039,50,50,1,-1,-1,-1
421,1,586,762,50,50,1,-1,-1,-1
421,2,439,1078,50,50,1,-1,-1,-1
421,3,648,1035,50,50,1,-1,-1,-1
422,1,588,757,50,50,1,-1,-1,-1
422,2,436,1017,50,50,1,-1,-1,-1
422,3,607,1029,50,50,1,-1,-1,-1
423,1,591,760,50,50,1,-1,-1,-1
423,2,432,961,50,50,1,-1,-1,-1
423,3,565,1028,50,50,1,-1,-1,-1
424,1,595,768,50,50,1,-1,-1,-1
424,2,431,914,50,50,1,-1,-1,-1
424,3,526,1035,50,50,1,-1,-1,-1
425,1,598,777,50,50,1,-1,-1,-1
425,2,427,875,50,50,1,-1,-1,-1
425,3,481,1044,50,50,1,-1,-1,-1
426,1,599,795,50,50,1,-1,-1,-1
426,2,424,832,50,50,1,-1,-1,-1
426,3,447,1057,50,50,1,-1,-1,-1
427,1,599,819,50,50,1,-1,-1,-1
427,2,421,799,50,50,1,-1,-1,-1
427,3,436,1076,50,50,1,-1,-1,-1
428,1,600,846,50,50,1,-1,-1,-1
428,2,418,770,50,50,1,-1,-1,-1
428,3,431,1099,50,50,1,-1,-1,-1
429,1,601,876,50,50,1,-1,-1,-1
429,2,416,748,50,50,1,-1,-1,-1
429,3,427,1121,50,50,1,-1,-1,-1
430,1,602,911,50,50,1,-1,-1,-1
430,2,414,731,50,50,1,-1,-1,-1
430,3,426,1144,50,50,1,-1,-1,-1
431,1,604,952,50,50,1,-1,-1,-1
431,2,411,721,50,50,1,-1,-1,-1
431,3,423,1167,50,50,1,-1,-1,-1
432,1,607,997,50,50,1,-1,-1,-1
432,2,408,714,50,50,1,-1,-1,-1
432,3,421,1188,50,50,1,-1,-1,-1
433,1,610,1029,50,50,1,-1,-1,-1
433,2,405,710,50,50,1,-1,-1,-1
433,3,423,1205,50,50,1,-1,-1,-1
434,1,612,1053,50,50,1,-1,-1,-1
434,2,400,715,50,50,1,-1,-1,-1
434,3,424,1211,50,50,1,-1,-1,-1
435,1,611,1069,50,50,1,-1,-1,-1
435,2,395,728,50,50,1,-1,-1,-1
435,3,430,1213,50,50,1,-1,-1,-1
436,1,610,1097,50,50,1,-1,-1,-1
436,2,393,746,50,50,1,-1,-1,-1
436,3,436,1201,50,50,1,-1,-1,-1
437,1,607,1127,50,50,1,-1,-1,-1
437,2,393,766,50,50,1,-1,-1,-1
437,3,440,1170,50,50,1,-1,-1,-1
438,1,597,1159,50,50,1,-1,-1,-1
438,2,390,791,50,50,1,-1,-1,-1
438,3,447,1126,50,50,1,-1,-1,-1
439,1,586,1186,50,50,1,-1,-1,-1
439,2,386,821,50,50,1,-1,-1,-1
439,3,448,1065,50,50,1,-1,-1,-1
440,1,577,1200,50,50,1,-1,-1,-1
440,2,384,857,50,50,1,-1,-1,-1
440,3,445,1011,50,50,1,-1,-1,-1
441,1,566,1213,50,50,1,-1,-1,-1
441,2,382,902,50,50,1,-1,-1,-1
441,3,441,963,50,50,1,-1,-1,-1
442,1,553,1216,50,50,1,-1,-1,-1
442,2,379,949,50,50,1,-1,-1,-1
442,3,437,921,50,50,1,-1,-1,-1
443,1,548,1203,50,50,1,-1,-1,-1
443,2,377,994,50,50,1,-1,-1,-1
443,3,433,880,50,50,1,-1,-1,-1
444,1,549,1182,50,50,1,-1,-1,-1
444,2,369,1020,50,50,1,-1,-1,-1
444,3,429,840,50,50,1,-1,-1,-1
445,1,553,1154,50,50,1,-1,-1,-1
445,2,360,1029,50,50,1,-1,-1,-1
445,3,425,806,50,50,1,-1,-1,-1
446,1,562,1112,50,50,1,-1,-1,-1
446,2,369,1030,50,50,1,-1,-1,-1
446,3,423,783,50,50,1,-1,-1,-1
447,1,574,1056,50,50,1,-1,-1,-1
447,2,387,1029,50,50,1,-1,-1,-1
447,3,420,765,50,50,1,-1,-1,-1
448,1,580,1003,50,50,1,-1,-1,-1
448,2,413,1022,50,50,1,-1,-1,-1
448,3,416,751,50,50,1,-1,-1,-1
449,1,585,953,50,50,1,-1,-1,-1
449,2,445,1011,50,50,1,-1,-1,-1
449,3,410,743,50,50,1,-1,-1,-1
450,1,590,906,50,50,1,-1,-1,-1
450,2,479,1004,50,50,1,-1,-1,-1
450,3,404,740,50,50,1,-1,-1,-1
451,1,596,865,50,50,1,-1,-1,-1
451,2,511,1006,50,50,1,-1,-1,-1
451,3,397,741,50,50,1,-1,-1,-1
452,1,601,828,50,50,1,-1,-1,-1
452,2,533,1011,50,50,1,-1,-1,-1
452,3,390,748,50,50,1,-1,-1,-1
453,1,606,794,50,50,1,-1,-1,-1
453,2,537,1034,50,50,1,-1,-1,-1
453,3,386,762,50,50,1,-1,-1,-1
454,1,611,765,50,50,1,-1,-1,-1
454,2,541,1061,50,50,1,-1,-1,-1
454,3,383,781,50,50,1,-1,-1,-1
455,1,617,745,50,50,1,-1,-1,-1
455,2,544,1081,50,50,1,-1,-1,-1
455,3,379,809,50,50,1,-1,-1,-1
456,1,623,733,50,50,1,-1,-1,-1
456,2,544,1111,50,50,1,-1,-1,-1
456,3,376,838,50,50,1,-1,-1,-1
457,1,630,723,50,50,1,-1,-1,-1
457,2,544,1144,50,50,1,-1,-1,-1
457,3,373,870,50,50,1,-1,-1,-1
458,1,637,715,50,50,1,-1,-1,-1
458,2,545,1174,50,50,1,-1,-1,-1
458,3,370,905,50,50,1,-1,-1,-1
459,1,643,716,50,50,1,-1,-1,-1
459,2,547,1195,50,50,1,-1,-1,-1
459,3,366,944,50,50,1,-1,-1,-1
460,1,649,723,50,50,1,-1,-1,-1
460,2,549,1203,50,50,1,-1,-1,-1
460,3,362,985,50,50,1,-1,-1,-1
461,1,655,732,50,50,1,-1,-1,-1
461,2,553,1191,50,50,1,-1,-1,-1
461,3,366,1017,50,50,1,-1,-1,-1
462,1,659,754,50,50,1,-1,-1,-1
462,2,554,1171,50,50,1,-1,-1,-1
462,3,373,1028,50,50,1,-1,-1,-1
463,1,665,773,50,50,1,-1,-1,-1
463,2,555,1135,50,50,1,-1,-1,-1
463,3,383,1050,50,50,1,-1,-1,-1
464,1,671,797,50,50,1,-1,-1,-1
464,2,558,1085,50,50,1,-1,-1,-1
464,3,392,1074,50,50,1,-1,-1,-1
465,1,677,831,50,50,1,-1,-1,-1
465,2,560,1032,50,50,1,-1,-1,-1
465,3,401,1102,50,50,1,-1,-1,-1
466,1,682,869,50,50,1,-1,-1,-1
466,2,561,980,50,50,1,-1,-1,-1
466,3,408,1135,50,50,1,-1,-1,-1
467,1,686,908,50,50,1,-1,-1,-1
467,2,562,934,50,50,1,-1,-1,-1
467,3,414,1165,50,50,1,-1,-1,-1
468,1,692,959,50,50,1,-1,-1,-1
468,2,563,893,50,50,1,-1,-1,-1
468,3,419,1190,50,50,1,-1,-1,-1
469,1,699,1007,50,50,1,-1,-1,-1
469,2,564,861,50,50,1,-1,-1,-1
469,3,427,1207,50,50,1,-1,-1,-1
470,1,706,1045,50,50,1,-1,-1,-1
470,2,564,833,50,50,1,-1,-1,-1
470,3,433,1205,50,50,1,-1,-1,-1
471,1,711,1058,50,50,1,-1,-1,-1
471,2,565,807,50,50,1,-1,-1,-1
471,3,438,1187,50,50,1,-1,-1,-1
472,1,702,1066,50,50,1,-1,-1,-1
472,2,566,784,50,50,1,-1,-1,-1
472,3,439,1156,50,50,1,-1,-1,-1
473,1,677,1059,50,50,1,-1,-1,-1
473,2,566,773,50,50,1,-1,-1,-1
473,3,438,1107,50,50,1,-1,-1,-1
474,1,650,1050,50,50,1,-1,-1,-1
474,2,566,765,50,50,1,-1,-1,-1
474,3,431,1043,50,50,1,-1,-1,-1
475,1,614,1044,50,50,1,-1,-1,-1
475,2,566,760,50,50,1,-1,-1,-1
475,3,427,989,50,50,1,-1,-1,-1
476,1,570,1035,50,50,1,-1,-1,-1
476,2,568,761,50,50,1,-1,-1,-1
476,3,423,937,50,50,1,-1,-1,-1
477,1,522,1032,50,50,1,-1,-1,-1
477,2,571,768,50,50,1,-1,-1,-1
477,3,419,889,50,50,1,-1,-1,-1
478,1,476,1033,50,50,1,-1,-1,-1
478,2,574,782,50,50,1,-1,-1,-1
478,3,415,844,50,50,1,-1,-1,-1
479,1,450,1042,50,50,1,-1,-1,-1
479,2,577,800,50,50,1,-1,-1,-1
479,3,411,802,50,50,1,-1,-1,-1
480,1,442,1063,50,50,1,-1,-1,-1
480,2,577,824,50,50,1,-1,-1,-1
480,3,406,770,50,50,1,-1,-1,-1
481,1,434,1084,50,50,1,-1,-1,-1
481,2,577,853,50,50,1,-1,-1,-1
481,3,402,745,50,50,1,-1,-1,-1
482,1,426,1108,50,50,1,-1,-1,-1
482,2,576,886,50,50,1,-1,-1,-1
482,3,397,724,50,50,1,-1,-1,-1
483,1,419,1134,50,50,1,-1,-1,-1
483,2,576,925,50,50,1,-1,-1,-1
483,3,392,706,50,50,1,-1,-1,-1
484,1,413,1156,50,50,1,-1,-1,-1
484,2,576,968,50,50,1,-1,-1,-1
484,3,386,695,50,50,1,-1,-1,-1
485,1,409,1181,50,50,1,-1,-1,-1
485,2,576,1011,50,50,1,-1,-1,-1
485,3,382,692,50,50,1,-1,-1,-1
486,1,412,1195,50,50,1,-1,-1,-1
486,2,577,1044,50,50,1,-1,-1,-1
486,3,378,695,50,50,1,-1,-1,-1
487,1,416,1200,50,50,1,-1,-1,-1
487,2,578,1065,50,50,1,-1,-1,-1
487,3,374,698,50,50,1,-1,-1,-1
488,1,418,1193,50,50,1,-1,-1,-1
488,2,581,1087,50,50,1,-1,-1,-1
488,3,367,711,50,50,1,-1,-1,-1
489,1,422,1177,50,50,1,-1,-1,-1
489,2,584,1114,50,50,1,-1,-1,-1
489,3,365,726,50,50,1,-1,-1,-1
490,1,426,1138,50,50,1,-1,-1,-1
490,2,587,1139,50,50,1,-1,-1,-1
490,3,362,747,50,50,1,-1,-1,-1
491,1,427,1089,50,50,1,-1,-1,-1
491,2,589,1167,50,50,1,-1,-1,-1
491,3,356,776,50,50,1,-1,-1,-1
492,1,424,1037,50,50,1,-1,-1,-1
492,2,590,1190,50,50,1,-1,-1,-1
492,3,350,810,50,50,1,-1,-1,-1
493,1,422,987,50,50,1,-1,-1,-1
493,2,592,1209,50,50,1,-1,-1,-1
493,3,345,849,50,50,1,-1,-1,-1
494,1,419,942,50,50,1,-1,-1,-1
494,2,592,1221,50,50,1,-1,-1,-1
494,3,340,890,50,50,1,-1,-1,-1
495,1,416,902,50,50,1,-1,-1,-1
495,2,588,1224,50,50,1,-1,-1,-1
495,3,336,935,50,50,1,-1,-1,-1
496,1,411,866,50,50,1,-1,-1,-1
496,2,585,1219,50,50,1,-1,-1,-1
496,3,335,982,50,50,1,-1,-1,-1
497,1,406,834,50,50,1,-1,-1,-1
497,2,585,1207,50,50,1,-1,-1,-1
497,3,326,1011,50,50,1,-1,-1,-1
498,1,401,809,50,50,1,-1,-1,-1
498,2,589,1184,50,50,1,-1,-1,-1
498,3,331,1016,50,50,1,-1,-1,-1
499,1,397,789,50,50,1,-1,-1,-1
499,2,593,1149,50,50,1,-1,-1,-1
499,3,346,1019,50,50,1,-1,-1,-1
500,1,392,773,50,50,1,-1,-1,-1
500,2,600,1100,50,50,1,-1,-1,-1
500,3,368,1016,50,50,1,-1,-1,-1
501,1,387,762,50,50,1,-1,-1,-1
501,2,605,1045,50,50,1,-1,-1,-1
501,3,401,1011,50,50,1,-1,-1,-1
502,1,383,755,50,50,1,-1,-1,-1
502,2,607,991,50,50,1,-1,-1,-1
502,3,438,1007,50,50,1,-1,-1,-1
503,1,378,756,50,50,1,-1,-1,-1
503,2,607,938,50,50,1,-1,-1,-1
503,3,473,1010,50,50,1,-1,-1,-1
504,1,372,767,50,50,1,-1,-1,-1
504,2,607,886,50,50,1,-1,-1,-1
504,3,508,1020,50,50,1,-1,-1,-1
505,1,364,783,50,50,1,-1,-1,-1
505,2,605,847,50,50,1,-1,-1,-1
505,3,537,1032,50,50,1,-1,-1,-1
506,1,362,798,50,50,1,-1,-1,-1
506,2,604,810,50,50,1,-1,-1,-1
506,3,549,1053,50,50,1,-1,-1,-1
507,1,359,820,50,50,1,-1,-1,-1
507,2,603,776,50,50,1,-1,-1,-1
507,3,549,1078,50,50,1,-1,-1,-1
508,1,354,851,50,50,1,-1,-1,-1
508,2,603,749,50,50,1,-1,-1,-1
508,3,548,1101,50,50,1,-1,-1,-1
509,1,348,884,50,50,1,-1,-1,-1
509,2,604,731,50,50,1,-1,-1,-1
509,3,554,1126,50,50,1,-1,-1,-1
510,1,344,921,50,50,1,-1,-1,-1
510,2,605,714,50,50,1,-1,-1,-1
510,3,559,1151,50,50,1,-1,-1,-1
511,1,341,964,50,50,1,-1,-1,-1
511,2,605,702,50,50,1,-1,-1,-1
511,3,560,1180,50,50,1,-1,-1,-1
512,1,337,1007,50,50,1,-1,-1,-1
512,2,605,697,50,50,1,-1,-1,-1
512,3,556,1200,50,50,1,-1,-1,-1
513,1,341,1025,50,50,1,-1,-1,-1
513,2,606,698,50,50,1,-1,-1,-1
513,3,551,1205,50,50,1,-1,-1,-1
514,1,358,1039,50,50,1,-1,-1,-1
514,2,608,702,50,50,1,-1,-1,-1
514,3,545,1198,50,50,1,-1,-1,-1
515,1,367,1056,50,50,1,-1,-1,-1
515,2,609,718,50,50,1,-1,-1,-1
515,3,543,1177,50,50,1,-1,-1,-1
516,1,376,1069,50,50,1,-1,-1,-1
516,2,610,734,50,50,1,-1,-1,-1
516,3,545,1141,50,50,1,-1,-1,-1
517,1,385,1093,50,50,1,-1,-1,-1
517,2,612,756,50,50,1,-1,-1,-1
517,3,545,1094,50,50,1,-1,-1,-1
518,1,389,1119,50,50,1,-1,-1,-1
518,2,612,782,50,50,1,-1,-1,-1
518,3,548,1046,50,50,1,-1,-1,-1
519,1,396,1144,50,50,1,-1,-1,-1
519,2,612,813,50,50,1,-1,-1,-1
519,3,555,996,50,50,1,-1,-1,-1
520,1,404,1170,50,50,1,-1,-1,-1
520,2,611,851,50,50,1,-1,-1,-1
520,3,561,951,50,50,1,-1,-1,-1
521,1,414,1188,50,50,1,-1,-1,-1
521,2,608,892,50,50,1,-1,-1,-1
521,3,567,911,50,50,1,-1,-1,-1
522,1,423,1198,50,50,1,-1,-1,-1
522,2,605,940,50,50,1,-1,-1,-1
522,3,573,874,50,50,1,-1,-1,-1
523,1,430,1184,50,50,1,-1,-1,-1
523,2,606,981,50,50,1,-1,-1,-1
523,3,578,842,50,50,1,-1,-1,-1
524,1,435,1159,50,50,1,-1,-1,-1
524,2,615,995,50,50,1,-1,-1,-1
524,3,583,813,50,50,1,-1,-1,-1
525,1,427,1111,50,50,1,-1,-1,-1
525,2,620,998,50,50,1,-1,-1,-1
525,3,588,795,50,50,1,-1,-1,-1
526,1,424,1054,50,50,1,-1,-1,-1
526,2,614,1004,50,50,1,-1,-1,-1
526,3,593,782,50,50,1,-1,-1,-1
527,1,421,996,50,50,1,-1,-1,-1
527,2,593,1005,50,50,1,-1,-1,-1
527,3,599,773,50,50,1,-1,-1,-1
528,1,415,942,50,50,1,-1,-1,-1
528,2,563,1002,50,50,1,-1,-1,-1
528,3,605,769,50,50,1,-1,-1,-1
529,1,412,898,50,50,1,-1,-1,-1
529,2,531,1006,50,50,1,-1,-1,-1
529,3,611,769,50,50,1,-1,-1,-1
530,1,407,856,50,50,1,-1,-1,-1
530,2,501,1011,50,50,1,-1,-1,-1
530,3,617,777,50,50,1,-1,-1,-1
531,1,402,816,50,50,1,-1,-1,-1
531,2,470,1024,50,50,1,-1,-1,-1
531,3,623,789,50,50,1,-1,-1,-1
532,1,398,778,50,50,1,-1,-1,-1
532,2,458,1037,50,50,1,-1,-1,-1
532,3,628,806,50,50,1,-1,-1,-1
533,1,395,753,50,50,1,-1,-1,-1
533,2,449,1047,50,50,1,-1,-1,-1
533,3,632,828,50,50,1,-1,-1,-1
534,1,392,732,50,50,1,-1,-1,-1
534,2,441,1057,50,50,1,-1,-1,-1
534,3,636,856,50,50,1,-1,-1,-1
535,1,388,716,50,50,1,-1,-1,-1
535,2,432,1068,50,50,1,-1,-1,-1
535,3,640,888,50,50,1,-1,-1,-1
536,1,383,703,50,50,1,-1,-1,-1
536,2,422,1076,50,50,1,-1,-1,-1
536,3,645,928,50,50,1,-1,-1,-1
537,1,378,695,50,50,1,-1,-1,-1
537,2,411,1079,50,50,1,-1,-1,-1
537,3,650,972,50,50,1,-1,-1,-1
538,1,372,696,50,50,1,-1,-1,-1
538,2,400,1084,50,50,1,-1,-1,-1
538,3,653,1008,50,50,1,-1,-1,-1
539,1,366,700,50,50,1,-1,-1,-1
539,2,390,1084,50,50,1,-1,-1,-1
539,3,656,1025,50,50,1,-1,-1,-1
540,1,361,709,50,50,1,-1,-1,-1
540,2,381,1084,50,50,1,-1,-1,-1
540,3,660,1036,50,50,1,-1,-1,-1
541,1,356,726,50,50,1,-1,-1,-1
541,2,372,1081,50,50,1,-1,-1,-1
541,3,655,1043,50,50,1,-1,-1,-1
542,1,351,748,50,50,1,-1,-1,-1
542,2,362,1080,50,50,1,-1,-1,-1
542,3,650,1050,50,50,1,-1,-1,-1
543,1,348,774,50,50,1,-1,-1,-1
543,2,350,1078,50,50,1,-1,-1,-1
543,3,647,1058,50,50,1,-1,-1,-1
544,1,345,806,50,50,1,-1,-1,-1
544,2,338,1078,50,50,1,-1,-1,-1
544,3,647,1063,50,50,1,-1,-1,-1
545,1,339,844,50,50,1,-1,-1,-1
545,2,324,1081,50,50,1,-1,-1,-1
545,3,647,1068,50,50,1,-1,-1,-1
546,1,336,886,50,50,1,-1,-1,-1
546,2,310,1084,50,50,1,-1,-1,-1
546,3,652,1070,50,50,1,-1,-1,-1
547,1,332,933,50,50,1,-1,-1,-1
547,2,298,1086,50,50,1,-1,-1,-1
547,3,654,1075,50,50,1,-1,-1,-1
548,1,327,982,50,50,1,-1,-1,-1
548,2,289,1088,50,50,1,-1,-1,-1
548,3,655,1078,50,50,1,-1,-1,-1
549,1,322,1036,50,50,1,-1,-1,-1
549,2,287,1088,50,50,1,-1,-1,-1
549,3,653,1076,50,50,1,-1,-1,-1
550,1,319,1069,50,50,1,-1,-1,-1
550,2,289,1085,50,50,1,-1,-1,-1
550,3,655,1076,50,50,1,-1,-1,-1
551,1,325,1069,50,50,1,-1,-1,-1
551,2,294,1083,50,50,1,-1,-1,-1
551,3,654,1076,50,50,1,-1,-1,-1
552,1,331,1070,50,50,1,-1,-1,-1
552,2,300,1081,50,50,1,-1,-1,-1
552,3,653,1076,50,50,1,-1,-1,-1
553,1,337,1069,50,50,1,-1,-1,-1
553,2,306,1079,50,50,1,-1,-1,-1
553,3,653,1076,50,50,1,-1,-1,-1
554,1,343,1065,50,50,1,-1,-1,-1
554,2,311,1075,50,50,1,-1,-1,-1
554,3,654,1074,50,50,1,-1,-1,-1
555,1,346,1061,50,50,1,-1,-1,-1
555,2,315,1071,50,50,1,-1,-1,-1
555,3,655,1071,50,50,1,-1,-1,-1
556,1,348,1061,50,50,1,-1,-1,-1
556,2,318,1069,50,50,1,-1,-1,-1
556,3,656,1071,50,50,1,-1,-1,-1
557,1,349,1061,50,50,1,-1,-1,-1
557,2,320,1067,50,50,1,-1,-1,-1
557,3,657,1072,50,50,1,-1,-1,-1
558,1,350,1061,50,50,1,-1,-1,-1
558,2,321,1065,50,50,1,-1,-1,-1
558,3,657,1072,50,50,1,-1,-1,-1
559,1,351,1061,50,50,1,-1,-1,-1
559,2,322,1063,50,50,1,-1,-1,-1
559,3,657,1070,50,50,1,-1,-1,-1
560,1,352,1061,50,50,1,-1,-1,-1
560,2,323,1063,50,50,1,-1,-1,-1
560,3,658,1068,50,50,1,-1,-1,-1
561,1,353,1061,50,50,1,-1,-1,-1
561,2,324,1065,50,50,1,-1,-1,-1
561,3,659,1070,50,50,1,-1,-1,-1
562,1,353,1061,50,50,1,-1,-1,-1
562,2,323,1066,50,50,1,-1,-1,-1
562,3,660,1072,50,50,1,-1,-1,-1
563,1,352,1065,50,50,1,-1,-1,-1
563,2,323,1067,50,50,1,-1,-1,-1
563,3,661,1073,50,50,1,-1,-1,-1
564,1,353,1067,50,50,1,-1,-1,-1
564,2,323,1067,50,50,1,-1,-1,-1
564,3,662,1075,50,50,1,-1,-1,-1
565,1,353,1070,50,50,1,-1,-1,-1
565,2,322,1072,50,50,1,-1,-1,-1
565,3,663,1077,50,50,1,-1,-1,-1
