1,1,478,1036,50,50,1,-1,-1,-1
1,2,558,1159,50,50,1,-1,-1,-1
1,3,484,1061,50,50,1,-1,-1,-1
1,4,543,1155,50,50,1,-1,-1,-1
2,1,471,1045,50,50,1,-1,-1,-1
2,2,547,1138,50,50,1,-1,-1,-1
2,3,476,1069,50,50,1,-1,-1,-1
2,4,536,1137,50,50,1,-1,-1,-1
3,1,467,1059,50,50,1,-1,-1,-1
3,2,542,1118,50,50,1,-1,-1,-1
3,3,474,1086,50,50,1,-1,-1,-1
3,4,532,1123,50,50,1,-1,-1,-1
4,1,469,1091,50,50,1,-1,-1,-1
4,2,539,1094,50,50,1,-1,-1,-1
4,3,473,1109,50,50,1,-1,-1,-1
4,4,531,1109,50,50,1,-1,-1,-1
5,1,466,1129,50,50,1,-1,-1,-1
5,2,543,1055,50,50,1,-1,-1,-1
5,3,472,1138,50,50,1,-1,-1,-1
5,4,536,1085,50,50,1,-1,-1,-1
6,1,464,1173,50,50,1,-1,-1,-1
6,2,544,1030,50,50,1,-1,-1,-1
6,3,471,1168,50,50,1,-1,-1,-1
6,4,540,1062,50,50,1,-1,-1,-1
7,1,463,1211,50,50,1,-1,-1,-1
7,2,547,1007,50,50,1,-1,-1,-1
7,3,465,1191,50,50,1,-1,-1,-1
7,4,544,1040,50,50,1,-1,-1,-1
8,1,465,1234,50,50,1,-1,-1,-1
8,2,552,990,50,50,1,-1,-1,-1
8,3,463,1209,50,50,1,-1,-1,-1
8,4,547,1025,50,50,1,-1,-1,-1
9,1,469,1237,50,50,1,-1,-1,-1
9,2,558,992,50,50,1,-1,-1,-1
9,3,468,1214,50,50,1,-1,-1,-1
9,4,551,1019,50,50,1,-1,-1,-1
10,1,472,1223,50,50,1,-1,-1,-1
10,2,562,1002,50,50,1,-1,-1,-1
10,3,476,1206,50,50,1,-1,-1,-1
10,4,556,1028,50,50,1,-1,-1,-1
11,1,481,1194,50,50,1,-1,-1,-1
11,2,564,1023,50,50,1,-1,-1,-1
11,3,483,1182,50,50,1,-1,-1,-1
11,4,556,1049,50,50,1,-1,-1,-1
12,1,490,1146,50,50,1,-1,-1,-1
12,2,566,1056,50,50,1,-1,-1,-1
12,3,490,1158,50,50,1,-1,-1,-1
12,4,554,1074,50,50,1,-1,-1,-1
13,1,497,1090,50,50,1,-1,-1,-1
13,2,568,1101,50,50,1,-1,-1,-1
13,3,493,1115,50,50,1,-1,-1,-1
13,4,554,1103,50,50,1,-1,-1,-1
14,1,498,1033,50,50,1,-1,-1,-1
14,2,569,1149,50,50,1,-1,-1,-1
14,3,493,1062,50,50,1,-1,-1,-1
14,4,555,1135,50,50,1,-1,-1,-1
15,1,493,983,50,50,1,-1,-1,-1
15,2,566,1186,50,50,1,-1,-1,-1
15,3,488,1032,50,50,1,-1,-1,-1
15,4,555,1168,50,50,1,-1,-1,-1
16,1,488,941,50,50,1,-1,-1,-1
16,2,561,1212,50,50,1,-1,-1,-1
16,3,479,1026,50,50,1,-1,-1,-1
16,4,546,1188,50,50,1,-1,-1,-1
17,1,483,900,50,50,1,-1,-1,-1
17,2,551,1217,50,50,1,-1,-1,-1
17,3,471,1031,50,50,1,-1,-1,-1
17,4,538,1191,50,50,1,-1,-1,-1
18,1,478,860,50,50,1,-1,-1,-1
18,2,541,1210,50,50,1,-1,-1,-1
18,3,466,1047,50,50,1,-1,-1,-1
18,4,534,1184,50,50,1,-1,-1,-1
19,1,473,830,50,50,1,-1,-1,-1
19,2,540,1190,50,50,1,-1,-1,-1
19,3,461,1074,50,50,1,-1,-1,-1
19,4,528,1165,50,50,1,-1,-1,-1
20,1,466,805,50,50,1,-1,-1,-1
20,2,541,1156,50,50,1,-1,-1,-1
20,3,456,1115,50,50,1,-1,-1,-1
20,4,529,1126,50,50,1,-1,-1,-1
21,1,463,787,50,50,1,-1,-1,-1
21,2,546,1101,50,50,1,-1,-1,-1
21,3,456,1156,50,50,1,-1,-1,-1
21,4,531,1085,50,50,1,-1,-1,-1
22,1,458,772,50,50,1,-1,-1,-1
22,2,550,1037,50,50,1,-1,-1,-1
22,3,455,1193,50,50,1,-1,-1,-1
22,4,536,1051,50,50,1,-1,-1,-1
23,1,451,762,50,50,1,-1,-1,-1
23,2,553,979,50,50,1,-1,-1,-1
23,3,461,1220,50,50,1,-1,-1,-1
23,4,544,1031,50,50,1,-1,-1,-1
24,1,445,761,50,50,1,-1,-1,-1
24,2,555,936,50,50,1,-1,-1,-1
24,3,467,1228,50,50,1,-1,-1,-1
24,4,555,1034,50,50,1,-1,-1,-1
25,1,439,765,50,50,1,-1,-1,-1
25,2,560,896,50,50,1,-1,-1,-1
25,3,475,1217,50,50,1,-1,-1,-1
25,4,559,1049,50,50,1,-1,-1,-1
26,1,435,773,50,50,1,-1,-1,-1
26,2,563,855,50,50,1,-1,-1,-1
26,3,486,1193,50,50,1,-1,-1,-1
26,4,565,1056,50,50,1,-1,-1,-1
27,1,431,786,50,50,1,-1,-1,-1
27,2,569,817,50,50,1,-1,-1,-1
27,3,498,1157,50,50,1,-1,-1,-1
27,4,568,1078,50,50,1,-1,-1,-1
28,1,427,803,50,50,1,-1,-1,-1
28,2,576,788,50,50,1,-1,-1,-1
28,3,505,1103,50,50,1,-1,-1,-1
28,4,571,1110,50,50,1,-1,-1,-1
29,1,421,828,50,50,1,-1,-1,-1
29,2,582,769,50,50,1,-1,-1,-1
29,3,506,1044,50,50,1,-1,-1,-1
29,4,569,1148,50,50,1,-1,-1,-1
30,1,415,861,50,50,1,-1,-1,-1
30,2,586,755,50,50,1,-1,-1,-1
30,3,499,987,50,50,1,-1,-1,-1
30,4,558,1183,50,50,1,-1,-1,-1
31,1,414,890,50,50,1,-1,-1,-1
31,2,590,741,50,50,1,-1,-1,-1
31,3,492,932,50,50,1,-1,-1,-1
31,4,549,1212,50,50,1,-1,-1,-1
32,1,406,931,50,50,1,-1,-1,-1
32,2,594,730,50,50,1,-1,-1,-1
32,3,485,883,50,50,1,-1,-1,-1
32,4,539,1225,50,50,1,-1,-1,-1
33,1,403,978,50,50,1,-1,-1,-1
33,2,599,727,50,50,1,-1,-1,-1
33,3,479,838,50,50,1,-1,-1,-1
33,4,527,1217,50,50,1,-1,-1,-1
34,1,398,1022,50,50,1,-1,-1,-1
34,2,605,729,50,50,1,-1,-1,-1
34,3,472,795,50,50,1,-1,-1,-1
34,4,521,1195,50,50,1,-1,-1,-1
35,1,390,1052,50,50,1,-1,-1,-1
35,2,611,739,50,50,1,-1,-1,-1
35,3,466,761,50,50,1,-1,-1,-1
35,4,518,1157,50,50,1,-1,-1,-1
36,1,390,1075,50,50,1,-1,-1,-1
36,2,617,758,50,50,1,-1,-1,-1
36,3,462,736,50,50,1,-1,-1,-1
36,4,515,1107,50,50,1,-1,-1,-1
37,1,395,1099,50,50,1,-1,-1,-1
37,2,622,780,50,50,1,-1,-1,-1
37,3,458,718,50,50,1,-1,-1,-1
37,4,516,1052,50,50,1,-1,-1,-1
38,1,404,1132,50,50,1,-1,-1,-1
38,2,625,806,50,50,1,-1,-1,-1
38,3,454,704,50,50,1,-1,-1,-1
38,4,523,994,50,50,1,-1,-1,-1
39,1,414,1165,50,50,1,-1,-1,-1
39,2,630,838,50,50,1,-1,-1,-1
39,3,449,692,50,50,1,-1,-1,-1
39,4,532,940,50,50,1,-1,-1,-1
40,1,426,1198,50,50,1,-1,-1,-1
40,2,635,874,50,50,1,-1,-1,-1
40,3,442,687,50,50,1,-1,-1,-1
40,4,538,894,50,50,1,-1,-1,-1
41,1,437,1218,50,50,1,-1,-1,-1
41,2,637,917,50,50,1,-1,-1,-1
41,3,433,691,50,50,1,-1,-1,-1
41,4,543,853,50,50,1,-1,-1,-1
42,1,452,1224,50,50,1,-1,-1,-1
42,2,642,968,50,50,1,-1,-1,-1
42,3,424,700,50,50,1,-1,-1,-1
42,4,547,818,50,50,1,-1,-1,-1
43,1,463,1211,50,50,1,-1,-1,-1
43,2,649,1013,50,50,1,-1,-1,-1
43,3,417,715,50,50,1,-1,-1,-1
43,4,551,785,50,50,1,-1,-1,-1
44,1,471,1182,50,50,1,-1,-1,-1
44,2,653,1043,50,50,1,-1,-1,-1
44,3,412,732,50,50,1,-1,-1,-1
44,4,555,756,50,50,1,-1,-1,-1
45,1,482,1137,50,50,1,-1,-1,-1
45,2,648,1062,50,50,1,-1,-1,-1
45,3,408,752,50,50,1,-1,-1,-1
45,4,562,740,50,50,1,-1,-1,-1
46,1,479,1081,50,50,1,-1,-1,-1
46,2,627,1089,50,50,1,-1,-1,-1
46,3,405,782,50,50,1,-1,-1,-1
46,4,570,725,50,50,1,-1,-1,-1
47,1,476,1025,50,50,1,-1,-1,-1
47,2,603,1115,50,50,1,-1,-1,-1
47,3,402,815,50,50,1,-1,-1,-1
47,4,575,715,50,50,1,-1,-1,-1
48,1,470,969,50,50,1,-1,-1,-1
48,2,577,1151,50,50,1,-1,-1,-1
48,3,397,854,50,50,1,-1,-1,-1
48,4,578,712,50,50,1,-1,-1,-1
49,1,466,917,50,50,1,-1,-1,-1
49,2,552,1182,50,50,1,-1,-1,-1
49,3,390,899,50,50,1,-1,-1,-1
49,4,582,716,50,50,1,-1,-1,-1
50,1,461,871,50,50,1,-1,-1,-1
50,2,537,1193,50,50,1,-1,-1,-1
50,3,382,947,50,50,1,-1,-1,-1
50,4,586,723,50,50,1,-1,-1,-1
51,1,456,829,50,50,1,-1,-1,-1
51,2,522,1190,50,50,1,-1,-1,-1
51,3,375,996,50,50,1,-1,-1,-1
51,4,595,734,50,50,1,-1,-1,-1
52,1,453,796,50,50,1,-1,-1,-1
52,2,510,1167,50,50,1,-1,-1,-1
52,3,375,1038,50,50,1,-1,-1,-1
52,4,603,756,50,50,1,-1,-1,-1
53,1,451,769,50,50,1,-1,-1,-1
53,2,509,1124,50,50,1,-1,-1,-1
53,3,370,1069,50,50,1,-1,-1,-1
53,4,609,782,50,50,1,-1,-1,-1
54,1,448,742,50,50,1,-1,-1,-1
54,2,513,1061,50,50,1,-1,-1,-1
54,3,368,1097,50,50,1,-1,-1,-1
54,4,612,813,50,50,1,-1,-1,-1
55,1,445,722,50,50,1,-1,-1,-1
55,2,518,1008,50,50,1,-1,-1,-1
55,3,378,1128,50,50,1,-1,-1,-1
55,4,614,847,50,50,1,-1,-1,-1
56,1,439,713,50,50,1,-1,-1,-1
56,2,523,957,50,50,1,-1,-1,-1
56,3,389,1160,50,50,1,-1,-1,-1
56,4,618,882,50,50,1,-1,-1,-1
57,1,432,709,50,50,1,-1,-1,-1
57,2,528,907,50,50,1,-1,-1,-1
57,3,402,1195,50,50,1,-1,-1,-1
57,4,623,924,50,50,1,-1,-1,-1
58,1,427,709,50,50,1,-1,-1,-1
58,2,536,863,50,50,1,-1,-1,-1
58,3,417,1214,50,50,1,-1,-1,-1
58,4,629,970,50,50,1,-1,-1,-1
59,1,422,712,50,50,1,-1,-1,-1
59,2,544,823,50,50,1,-1,-1,-1
59,3,428,1221,50,50,1,-1,-1,-1
59,4,636,1016,50,50,1,-1,-1,-1
60,1,417,719,50,50,1,-1,-1,-1
60,2,551,786,50,50,1,-1,-1,-1
60,3,440,1224,50,50,1,-1,-1,-1
60,4,642,1053,50,50,1,-1,-1,-1
61,1,412,734,50,50,1,-1,-1,-1
61,2,555,759,50,50,1,-1,-1,-1
61,3,456,1211,50,50,1,-1,-1,-1
61,4,646,1087,50,50,1,-1,-1,-1
62,1,406,760,50,50,1,-1,-1,-1
62,2,558,736,50,50,1,-1,-1,-1
62,3,469,1180,50,50,1,-1,-1,-1
62,4,639,1112,50,50,1,-1,-1,-1
63,1,402,786,50,50,1,-1,-1,-1
63,2,565,717,50,50,1,-1,-1,-1
63,3,476,1122,50,50,1,-1,-1,-1
63,4,619,1140,50,50,1,-1,-1,-1
64,1,397,816,50,50,1,-1,-1,-1
64,2,570,705,50,50,1,-1,-1,-1
64,3,474,1054,50,50,1,-1,-1,-1
64,4,594,1164,50,50,1,-1,-1,-1
65,1,392,856,50,50,1,-1,-1,-1
65,2,573,700,50,50,1,-1,-1,-1
65,3,470,986,50,50,1,-1,-1,-1
65,4,574,1186,50,50,1,-1,-1,-1
66,1,387,901,50,50,1,-1,-1,-1
66,2,579,700,50,50,1,-1,-1,-1
66,3,466,931,50,50,1,-1,-1,-1
66,4,552,1206,50,50,1,-1,-1,-1
67,1,383,948,50,50,1,-1,-1,-1
67,2,586,704,50,50,1,-1,-1,-1
67,3,462,886,50,50,1,-1,-1,-1
67,4,529,1210,50,50,1,-1,-1,-1
68,1,379,998,50,50,1,-1,-1,-1
68,2,595,715,50,50,1,-1,-1,-1
68,3,457,837,50,50,1,-1,-1,-1
68,4,513,1201,50,50,1,-1,-1,-1
69,1,376,1042,50,50,1,-1,-1,-1
69,2,602,732,50,50,1,-1,-1,-1
69,3,453,792,50,50,1,-1,-1,-1
69,4,505,1172,50,50,1,-1,-1,-1
70,1,372,1075,50,50,1,-1,-1,-1
70,2,605,755,50,50,1,-1,-1,-1
70,3,449,749,50,50,1,-1,-1,-1
70,4,509,1125,50,50,1,-1,-1,-1
71,1,378,1098,50,50,1,-1,-1,-1
71,2,608,783,50,50,1,-1,-1,-1
71,3,447,714,50,50,1,-1,-1,-1
71,4,507,1069,50,50,1,-1,-1,-1
72,1,386,1129,50,50,1,-1,-1,-1
72,2,616,813,50,50,1,-1,-1,-1
72,3,446,690,50,50,1,-1,-1,-1
72,4,515,1014,50,50,1,-1,-1,-1
73,1,394,1163,50,50,1,-1,-1,-1
73,2,622,850,50,50,1,-1,-1,-1
73,3,442,673,50,50,1,-1,-1,-1
73,4,524,958,50,50,1,-1,-1,-1
74,1,404,1196,50,50,1,-1,-1,-1
74,2,627,893,50,50,1,-1,-1,-1
74,3,436,662,50,50,1,-1,-1,-1
74,4,532,905,50,50,1,-1,-1,-1
75,1,418,1219,50,50,1,-1,-1,-1
75,2,629,943,50,50,1,-1,-1,-1
75,3,430,652,50,50,1,-1,-1,-1
75,4,540,858,50,50,1,-1,-1,-1
76,1,433,1228,50,50,1,-1,-1,-1
76,2,637,995,50,50,1,-1,-1,-1
76,3,424,650,50,50,1,-1,-1,-1
76,4,545,819,50,50,1,-1,-1,-1
77,1,447,1222,50,50,1,-1,-1,-1
77,2,644,1039,50,50,1,-1,-1,-1
77,3,419,648,50,50,1,-1,-1,-1
77,4,551,786,50,50,1,-1,-1,-1
78,1,458,1208,50,50,1,-1,-1,-1
78,2,648,1068,50,50,1,-1,-1,-1
78,3,415,656,50,50,1,-1,-1,-1
78,4,558,756,50,50,1,-1,-1,-1
79,1,473,1177,50,50,1,-1,-1,-1
79,2,643,1088,50,50,1,-1,-1,-1
79,3,411,669,50,50,1,-1,-1,-1
79,4,565,729,50,50,1,-1,-1,-1
80,1,479,1130,50,50,1,-1,-1,-1
80,2,633,1108,50,50,1,-1,-1,-1
80,3,407,686,50,50,1,-1,-1,-1
80,4,572,707,50,50,1,-1,-1,-1
81,1,478,1066,50,50,1,-1,-1,-1
81,2,615,1134,50,50,1,-1,-1,-1
81,3,403,713,50,50,1,-1,-1,-1
81,4,579,693,50,50,1,-1,-1,-1
82,1,476,1002,50,50,1,-1,-1,-1
82,2,589,1166,50,50,1,-1,-1,-1
82,3,399,745,50,50,1,-1,-1,-1
82,4,587,685,50,50,1,-1,-1,-1
83,1,474,938,50,50,1,-1,-1,-1
83,2,562,1194,50,50,1,-1,-1,-1
83,3,395,782,50,50,1,-1,-1,-1
83,4,595,683,50,50,1,-1,-1,-1
84,1,472,882,50,50,1,-1,-1,-1
84,2,546,1210,50,50,1,-1,-1,-1
84,3,391,825,50,50,1,-1,-1,-1
84,4,603,687,50,50,1,-1,-1,-1
85,1,467,842,50,50,1,-1,-1,-1
85,2,538,1214,50,50,1,-1,-1,-1
85,3,386,869,50,50,1,-1,-1,-1
85,4,611,695,50,50,1,-1,-1,-1
86,1,463,802,50,50,1,-1,-1,-1
86,2,530,1204,50,50,1,-1,-1,-1
86,3,382,917,50,50,1,-1,-1,-1
86,4,618,708,50,50,1,-1,-1,-1
87,1,460,763,50,50,1,-1,-1,-1
87,2,522,1175,50,50,1,-1,-1,-1
87,3,378,972,50,50,1,-1,-1,-1
87,4,625,725,50,50,1,-1,-1,-1
88,1,458,729,50,50,1,-1,-1,-1
88,2,522,1124,50,50,1,-1,-1,-1
88,3,375,1026,50,50,1,-1,-1,-1
88,4,630,751,50,50,1,-1,-1,-1
89,1,456,698,50,50,1,-1,-1,-1
89,2,528,1061,50,50,1,-1,-1,-1
89,3,371,1065,50,50,1,-1,-1,-1
89,4,635,784,50,50,1,-1,-1,-1
90,1,452,680,50,50,1,-1,-1,-1
90,2,533,1001,50,50,1,-1,-1,-1
90,3,372,1095,50,50,1,-1,-1,-1
90,4,640,823,50,50,1,-1,-1,-1
91,1,448,669,50,50,1,-1,-1,-1
91,2,538,949,50,50,1,-1,-1,-1
91,3,381,1130,50,50,1,-1,-1,-1
91,4,646,867,50,50,1,-1,-1,-1
92,1,444,663,50,50,1,-1,-1,-1
92,2,543,898,50,50,1,-1,-1,-1
92,3,392,1159,50,50,1,-1,-1,-1
92,4,656,914,50,50,1,-1,-1,-1
93,1,440,659,50,50,1,-1,-1,-1
93,2,549,849,50,50,1,-1,-1,-1
93,3,409,1189,50,50,1,-1,-1,-1
93,4,665,963,50,50,1,-1,-1,-1
94,1,436,659,50,50,1,-1,-1,-1
94,2,558,810,50,50,1,-1,-1,-1
94,3,429,1213,50,50,1,-1,-1,-1
94,4,670,1014,50,50,1,-1,-1,-1
95,1,432,666,50,50,1,-1,-1,-1
95,2,566,780,50,50,1,-1,-1,-1
95,3,446,1222,50,50,1,-1,-1,-1
95,4,678,1047,50,50,1,-1,-1,-1
96,1,428,679,50,50,1,-1,-1,-1
96,2,574,750,50,50,1,-1,-1,-1
96,3,465,1210,50,50,1,-1,-1,-1
96,4,683,1066,50,50,1,-1,-1,-1
97,1,422,701,50,50,1,-1,-1,-1
97,2,580,720,50,50,1,-1,-1,-1
97,3,474,1175,50,50,1,-1,-1,-1
97,4,679,1090,50,50,1,-1,-1,-1
98,1,420,731,50,50,1,-1,-1,-1
98,2,586,696,50,50,1,-1,-1,-1
98,3,483,1133,50,50,1,-1,-1,-1
98,4,668,1113,50,50,1,-1,-1,-1
99,1,417,761,50,50,1,-1,-1,-1
99,2,591,682,50,50,1,-1,-1,-1
99,3,489,1074,50,50,1,-1,-1,-1
99,4,643,1135,50,50,1,-1,-1,-1
100,1,414,794,50,50,1,-1,-1,-1
100,2,595,678,50,50,1,-1,-1,-1
100,3,488,1013,50,50,1,-1,-1,-1
100,4,617,1160,50,50,1,-1,-1,-1
101,1,409,835,50,50,1,-1,-1,-1
101,2,600,677,50,50,1,-1,-1,-1
101,3,484,957,50,50,1,-1,-1,-1
101,4,588,1188,50,50,1,-1,-1,-1
102,1,407,881,50,50,1,-1,-1,-1
102,2,608,679,50,50,1,-1,-1,-1
102,3,480,905,50,50,1,-1,-1,-1
102,4,564,1200,50,50,1,-1,-1,-1
103,1,404,931,50,50,1,-1,-1,-1
103,2,617,687,50,50,1,-1,-1,-1
103,3,476,854,50,50,1,-1,-1,-1
103,4,550,1200,50,50,1,-1,-1,-1
104,1,401,983,50,50,1,-1,-1,-1
104,2,626,702,50,50,1,-1,-1,-1
104,3,473,810,50,50,1,-1,-1,-1
104,4,543,1194,50,50,1,-1,-1,-1
105,1,398,1022,50,50,1,-1,-1,-1
105,2,631,725,50,50,1,-1,-1,-1
105,3,470,773,50,50,1,-1,-1,-1
105,4,544,1155,50,50,1,-1,-1,-1
106,1,391,1059,50,50,1,-1,-1,-1
106,2,636,750,50,50,1,-1,-1,-1
106,3,467,741,50,50,1,-1,-1,-1
106,4,542,1115,50,50,1,-1,-1,-1
107,1,394,1094,50,50,1,-1,-1,-1
107,2,641,779,50,50,1,-1,-1,-1
107,3,464,714,50,50,1,-1,-1,-1
107,4,544,1059,50,50,1,-1,-1,-1
108,1,401,1128,50,50,1,-1,-1,-1
108,2,648,813,50,50,1,-1,-1,-1
108,3,460,693,50,50,1,-1,-1,-1
108,4,548,1001,50,50,1,-1,-1,-1
109,1,412,1164,50,50,1,-1,-1,-1
109,2,655,851,50,50,1,-1,-1,-1
109,3,455,680,50,50,1,-1,-1,-1
109,4,551,946,50,50,1,-1,-1,-1
110,1,423,1193,50,50,1,-1,-1,-1
110,2,665,894,50,50,1,-1,-1,-1
110,3,450,675,50,50,1,-1,-1,-1
110,4,553,895,50,50,1,-1,-1,-1
111,1,431,1212,50,50,1,-1,-1,-1
111,2,671,948,50,50,1,-1,-1,-1
111,3,446,673,50,50,1,-1,-1,-1
111,4,557,847,50,50,1,-1,-1,-1
112,1,440,1219,50,50,1,-1,-1,-1
112,2,674,1001,50,50,1,-1,-1,-1
112,3,443,674,50,50,1,-1,-1,-1
112,4,562,801,50,50,1,-1,-1,-1
113,1,456,1215,50,50,1,-1,-1,-1
113,2,675,1039,50,50,1,-1,-1,-1
113,3,441,683,50,50,1,-1,-1,-1
113,4,567,757,50,50,1,-1,-1,-1
114,1,473,1196,50,50,1,-1,-1,-1
114,2,677,1059,50,50,1,-1,-1,-1
114,3,436,698,50,50,1,-1,-1,-1
114,4,571,722,50,50,1,-1,-1,-1
115,1,490,1158,50,50,1,-1,-1,-1
115,2,671,1083,50,50,1,-1,-1,-1
115,3,430,717,50,50,1,-1,-1,-1
115,4,575,699,50,50,1,-1,-1,-1
116,1,498,1096,50,50,1,-1,-1,-1
116,2,654,1110,50,50,1,-1,-1,-1
116,3,424,742,50,50,1,-1,-1,-1
116,4,578,686,50,50,1,-1,-1,-1
117,1,497,1025,50,50,1,-1,-1,-1
117,2,631,1137,50,50,1,-1,-1,-1
117,3,418,771,50,50,1,-1,-1,-1
117,4,580,676,50,50,1,-1,-1,-1
118,1,488,959,50,50,1,-1,-1,-1
118,2,609,1169,50,50,1,-1,-1,-1
118,3,414,806,50,50,1,-1,-1,-1
118,4,583,666,50,50,1,-1,-1,-1
119,1,483,903,50,50,1,-1,-1,-1
119,2,582,1197,50,50,1,-1,-1,-1
119,3,411,847,50,50,1,-1,-1,-1
119,4,586,657,50,50,1,-1,-1,-1
120,1,479,854,50,50,1,-1,-1,-1
120,2,561,1214,50,50,1,-1,-1,-1
120,3,409,892,50,50,1,-1,-1,-1
120,4,591,663,50,50,1,-1,-1,-1
121,1,474,809,50,50,1,-1,-1,-1
121,2,541,1216,50,50,1,-1,-1,-1
121,3,407,941,50,50,1,-1,-1,-1
121,4,597,673,50,50,1,-1,-1,-1
122,1,469,765,50,50,1,-1,-1,-1
122,2,526,1198,50,50,1,-1,-1,-1
122,3,406,992,50,50,1,-1,-1,-1
122,4,601,689,50,50,1,-1,-1,-1
123,1,465,726,50,50,1,-1,-1,-1
123,2,514,1168,50,50,1,-1,-1,-1
123,3,404,1037,50,50,1,-1,-1,-1
123,4,604,706,50,50,1,-1,-1,-1
124,1,461,696,50,50,1,-1,-1,-1
124,2,512,1122,50,50,1,-1,-1,-1
124,3,397,1075,50,50,1,-1,-1,-1
124,4,605,726,50,50,1,-1,-1,-1
125,1,457,676,50,50,1,-1,-1,-1
125,2,515,1060,50,50,1,-1,-1,-1
125,3,397,1106,50,50,1,-1,-1,-1
125,4,607,754,50,50,1,-1,-1,-1
126,1,452,658,50,50,1,-1,-1,-1
126,2,518,1004,50,50,1,-1,-1,-1
126,3,403,1135,50,50,1,-1,-1,-1
126,4,610,792,50,50,1,-1,-1,-1
127,1,447,645,50,50,1,-1,-1,-1
127,2,522,951,50,50,1,-1,-1,-1
127,3,412,1163,50,50,1,-1,-1,-1
127,4,614,833,50,50,1,-1,-1,-1
128,1,442,635,50,50,1,-1,-1,-1
128,2,531,900,50,50,1,-1,-1,-1
128,3,422,1192,50,50,1,-1,-1,-1
128,4,618,882,50,50,1,-1,-1,-1
129,1,436,631,50,50,1,-1,-1,-1
129,2,540,859,50,50,1,-1,-1,-1
129,3,430,1215,50,50,1,-1,-1,-1
129,4,623,933,50,50,1,-1,-1,-1
130,1,430,637,50,50,1,-1,-1,-1
130,2,548,823,50,50,1,-1,-1,-1
130,3,442,1226,50,50,1,-1,-1,-1
130,4,628,985,50,50,1,-1,-1,-1
131,1,424,648,50,50,1,-1,-1,-1
131,2,554,791,50,50,1,-1,-1,-1
131,3,455,1227,50,50,1,-1,-1,-1
131,4,632,1032,50,50,1,-1,-1,-1
132,1,420,664,50,50,1,-1,-1,-1
132,2,560,761,50,50,1,-1,-1,-1
132,3,468,1206,50,50,1,-1,-1,-1
132,4,634,1065,50,50,1,-1,-1,-1
133,1,416,685,50,50,1,-1,-1,-1
133,2,566,733,50,50,1,-1,-1,-1
133,3,476,1174,50,50,1,-1,-1,-1
133,4,635,1097,50,50,1,-1,-1,-1
134,1,413,711,50,50,1,-1,-1,-1
134,2,572,715,50,50,1,-1,-1,-1
134,3,481,1112,50,50,1,-1,-1,-1
134,4,627,1133,50,50,1,-1,-1,-1
135,1,410,742,50,50,1,-1,-1,-1
135,2,578,705,50,50,1,-1,-1,-1
135,3,482,1048,50,50,1,-1,-1,-1
135,4,615,1173,50,50,1,-1,-1,-1
136,1,405,782,50,50,1,-1,-1,-1
136,2,584,699,50,50,1,-1,-1,-1
136,3,482,990,50,50,1,-1,-1,-1
136,4,597,1200,50,50,1,-1,-1,-1
137,1,399,825,50,50,1,-1,-1,-1
137,2,591,698,50,50,1,-1,-1,-1
137,3,481,935,50,50,1,-1,-1,-1
137,4,571,1216,50,50,1,-1,-1,-1
138,1,393,872,50,50,1,-1,-1,-1
138,2,598,702,50,50,1,-1,-1,-1
138,3,479,885,50,50,1,-1,-1,-1
138,4,552,1222,50,50,1,-1,-1,-1
139,1,388,921,50,50,1,-1,-1,-1
139,2,605,714,50,50,1,-1,-1,-1
139,3,474,836,50,50,1,-1,-1,-1
139,4,542,1211,50,50,1,-1,-1,-1
140,1,387,975,50,50,1,-1,-1,-1
140,2,612,731,50,50,1,-1,-1,-1
140,3,469,787,50,50,1,-1,-1,-1
140,4,537,1188,50,50,1,-1,-1,-1
141,1,388,1013,50,50,1,-1,-1,-1
141,2,617,752,50,50,1,-1,-1,-1
141,3,468,753,50,50,1,-1,-1,-1
141,4,533,1153,50,50,1,-1,-1,-1
142,1,384,1038,50,50,1,-1,-1,-1
142,2,621,780,50,50,1,-1,-1,-1
142,3,467,725,50,50,1,-1,-1,-1
142,4,537,1096,50,50,1,-1,-1,-1
143,1,383,1067,50,50,1,-1,-1,-1
143,2,625,811,50,50,1,-1,-1,-1
143,3,466,701,50,50,1,-1,-1,-1
143,4,538,1032,50,50,1,-1,-1,-1
144,1,391,1099,50,50,1,-1,-1,-1
144,2,631,845,50,50,1,-1,-1,-1
144,3,465,678,50,50,1,-1,-1,-1
144,4,539,967,50,50,1,-1,-1,-1
145,1,400,1134,50,50,1,-1,-1,-1
145,2,639,887,50,50,1,-1,-1,-1
145,3,464,663,50,50,1,-1,-1,-1
145,4,542,916,50,50,1,-1,-1,-1
146,1,415,1169,50,50,1,-1,-1,-1
146,2,647,932,50,50,1,-1,-1,-1
146,3,461,657,50,50,1,-1,-1,-1
146,4,545,868,50,50,1,-1,-1,-1
147,1,431,1196,50,50,1,-1,-1,-1
147,2,654,985,50,50,1,-1,-1,-1
147,3,457,654,50,50,1,-1,-1,-1
147,4,548,822,50,50,1,-1,-1,-1
148,1,445,1213,50,50,1,-1,-1,-1
148,2,660,1031,50,50,1,-1,-1,-1
148,3,453,657,50,50,1,-1,-1,-1
148,4,552,779,50,50,1,-1,-1,-1
149,1,458,1209,50,50,1,-1,-1,-1
149,2,665,1057,50,50,1,-1,-1,-1
149,3,450,665,50,50,1,-1,-1,-1
149,4,557,743,50,50,1,-1,-1,-1
150,1,471,1188,50,50,1,-1,-1,-1
150,2,663,1080,50,50,1,-1,-1,-1
150,3,448,679,50,50,1,-1,-1,-1
150,4,562,713,50,50,1,-1,-1,-1
151,1,487,1148,50,50,1,-1,-1,-1
151,2,650,1107,50,50,1,-1,-1,-1
151,3,446,697,50,50,1,-1,-1,-1
151,4,567,687,50,50,1,-1,-1,-1
152,1,491,1091,50,50,1,-1,-1,-1
152,2,633,1139,50,50,1,-1,-1,-1
152,3,443,725,50,50,1,-1,-1,-1
152,4,571,668,50,50,1,-1,-1,-1
153,1,491,1031,50,50,1,-1,-1,-1
153,2,614,1169,50,50,1,-1,-1,-1
153,3,441,755,50,50,1,-1,-1,-1
153,4,574,654,50,50,1,-1,-1,-1
154,1,487,970,50,50,1,-1,-1,-1
154,2,590,1194,50,50,1,-1,-1,-1
154,3,439,791,50,50,1,-1,-1,-1
154,4,575,648,50,50,1,-1,-1,-1
155,1,483,915,50,50,1,-1,-1,-1
155,2,570,1214,50,50,1,-1,-1,-1
155,3,436,835,50,50,1,-1,-1,-1
155,4,577,650,50,50,1,-1,-1,-1
156,1,479,870,50,50,1,-1,-1,-1
156,2,548,1219,50,50,1,-1,-1,-1
156,3,433,883,50,50,1,-1,-1,-1
156,4,580,655,50,50,1,-1,-1,-1
157,1,475,829,50,50,1,-1,-1,-1
157,2,537,1219,50,50,1,-1,-1,-1
157,3,431,935,50,50,1,-1,-1,-1
157,4,583,663,50,50,1,-1,-1,-1
158,1,470,788,50,50,1,-1,-1,-1
158,2,527,1207,50,50,1,-1,-1,-1
158,3,430,986,50,50,1,-1,-1,-1
158,4,585,681,50,50,1,-1,-1,-1
159,1,465,750,50,50,1,-1,-1,-1
159,2,521,1188,50,50,1,-1,-1,-1
159,3,429,1031,50,50,1,-1,-1,-1
159,4,587,701,50,50,1,-1,-1,-1
160,1,461,723,50,50,1,-1,-1,-1
160,2,522,1142,50,50,1,-1,-1,-1
160,3,427,1068,50,50,1,-1,-1,-1
160,4,590,724,50,50,1,-1,-1,-1
161,1,456,706,50,50,1,-1,-1,-1
161,2,524,1079,50,50,1,-1,-1,-1
161,3,429,1099,50,50,1,-1,-1,-1
161,4,595,754,50,50,1,-1,-1,-1
162,1,450,694,50,50,1,-1,-1,-1
162,2,526,1015,50,50,1,-1,-1,-1
162,3,432,1132,50,50,1,-1,-1,-1
162,4,601,793,50,50,1,-1,-1,-1
163,1,444,683,50,50,1,-1,-1,-1
163,2,531,955,50,50,1,-1,-1,-1
163,3,437,1165,50,50,1,-1,-1,-1
163,4,603,840,50,50,1,-1,-1,-1
164,1,440,675,50,50,1,-1,-1,-1
164,2,538,906,50,50,1,-1,-1,-1
164,3,444,1197,50,50,1,-1,-1,-1
164,4,605,890,50,50,1,-1,-1,-1
165,1,437,672,50,50,1,-1,-1,-1
165,2,544,860,50,50,1,-1,-1,-1
165,3,452,1210,50,50,1,-1,-1,-1
165,4,607,940,50,50,1,-1,-1,-1
166,1,433,679,50,50,1,-1,-1,-1
166,2,550,816,50,50,1,-1,-1,-1
166,3,463,1209,50,50,1,-1,-1,-1
166,4,610,984,50,50,1,-1,-1,-1
167,1,427,695,50,50,1,-1,-1,-1
167,2,557,778,50,50,1,-1,-1,-1
167,3,474,1199,50,50,1,-1,-1,-1
167,4,614,1014,50,50,1,-1,-1,-1
168,1,420,715,50,50,1,-1,-1,-1
168,2,564,743,50,50,1,-1,-1,-1
168,3,479,1161,50,50,1,-1,-1,-1
168,4,622,1044,50,50,1,-1,-1,-1
169,1,413,741,50,50,1,-1,-1,-1
169,2,570,715,50,50,1,-1,-1,-1
169,3,484,1109,50,50,1,-1,-1,-1
169,4,624,1081,50,50,1,-1,-1,-1
170,1,406,769,50,50,1,-1,-1,-1
170,2,576,689,50,50,1,-1,-1,-1
170,3,481,1047,50,50,1,-1,-1,-1
170,4,617,1125,50,50,1,-1,-1,-1
171,1,402,803,50,50,1,-1,-1,-1
171,2,582,677,50,50,1,-1,-1,-1
171,3,477,988,50,50,1,-1,-1,-1
171,4,594,1170,50,50,1,-1,-1,-1
172,1,400,842,50,50,1,-1,-1,-1
172,2,588,669,50,50,1,-1,-1,-1
172,3,474,934,50,50,1,-1,-1,-1
172,4,573,1203,50,50,1,-1,-1,-1
173,1,397,888,50,50,1,-1,-1,-1
173,2,593,666,50,50,1,-1,-1,-1
173,3,472,891,50,50,1,-1,-1,-1
173,4,560,1222,50,50,1,-1,-1,-1
174,1,393,938,50,50,1,-1,-1,-1
174,2,598,666,50,50,1,-1,-1,-1
174,3,465,845,50,50,1,-1,-1,-1
174,4,545,1226,50,50,1,-1,-1,-1
175,1,389,990,50,50,1,-1,-1,-1
175,2,603,671,50,50,1,-1,-1,-1
175,3,459,804,50,50,1,-1,-1,-1
175,4,529,1212,50,50,1,-1,-1,-1
176,1,383,1035,50,50,1,-1,-1,-1
176,2,608,684,50,50,1,-1,-1,-1
176,3,454,768,50,50,1,-1,-1,-1
176,4,526,1182,50,50,1,-1,-1,-1
177,1,375,1067,50,50,1,-1,-1,-1
177,2,613,702,50,50,1,-1,-1,-1
177,3,449,736,50,50,1,-1,-1,-1
177,4,524,1139,50,50,1,-1,-1,-1
178,1,375,1094,50,50,1,-1,-1,-1
178,2,618,724,50,50,1,-1,-1,-1
178,3,445,717,50,50,1,-1,-1,-1
178,4,526,1078,50,50,1,-1,-1,-1
179,1,382,1126,50,50,1,-1,-1,-1
179,2,622,752,50,50,1,-1,-1,-1
179,3,440,704,50,50,1,-1,-1,-1
179,4,531,1010,50,50,1,-1,-1,-1
180,1,395,1159,50,50,1,-1,-1,-1
180,2,627,789,50,50,1,-1,-1,-1
180,3,437,694,50,50,1,-1,-1,-1
180,4,536,945,50,50,1,-1,-1,-1
181,1,414,1191,50,50,1,-1,-1,-1
181,2,633,827,50,50,1,-1,-1,-1
181,3,434,688,50,50,1,-1,-1,-1
181,4,542,894,50,50,1,-1,-1,-1
182,1,428,1210,50,50,1,-1,-1,-1
182,2,642,870,50,50,1,-1,-1,-1
182,3,429,685,50,50,1,-1,-1,-1
182,4,548,843,50,50,1,-1,-1,-1
183,1,446,1208,50,50,1,-1,-1,-1
183,2,649,920,50,50,1,-1,-1,-1
183,3,423,686,50,50,1,-1,-1,-1
183,4,555,795,50,50,1,-1,-1,-1
184,1,463,1198,50,50,1,-1,-1,-1
184,2,656,974,50,50,1,-1,-1,-1
184,3,415,697,50,50,1,-1,-1,-1
184,4,563,751,50,50,1,-1,-1,-1
185,1,479,1169,50,50,1,-1,-1,-1
185,2,659,1024,50,50,1,-1,-1,-1
185,3,407,716,50,50,1,-1,-1,-1
185,4,570,712,50,50,1,-1,-1,-1
186,1,485,1119,50,50,1,-1,-1,-1
186,2,660,1053,50,50,1,-1,-1,-1
186,3,400,744,50,50,1,-1,-1,-1
186,4,576,686,50,50,1,-1,-1,-1
187,1,485,1058,50,50,1,-1,-1,-1
187,2,656,1085,50,50,1,-1,-1,-1
187,3,396,771,50,50,1,-1,-1,-1
187,4,581,663,50,50,1,-1,-1,-1
188,1,482,998,50,50,1,-1,-1,-1
188,2,638,1117,50,50,1,-1,-1,-1
188,3,394,805,50,50,1,-1,-1,-1
188,4,586,642,50,50,1,-1,-1,-1
189,1,478,941,50,50,1,-1,-1,-1
189,2,612,1147,50,50,1,-1,-1,-1
189,3,390,846,50,50,1,-1,-1,-1
189,4,591,625,50,50,1,-1,-1,-1
190,1,473,890,50,50,1,-1,-1,-1
190,2,590,1180,50,50,1,-1,-1,-1
190,3,385,890,50,50,1,-1,-1,-1
190,4,597,619,50,50,1,-1,-1,-1
191,1,467,842,50,50,1,-1,-1,-1
191,2,568,1207,50,50,1,-1,-1,-1
191,3,379,936,50,50,1,-1,-1,-1
191,4,604,619,50,50,1,-1,-1,-1
192,1,462,798,50,50,1,-1,-1,-1
192,2,548,1218,50,50,1,-1,-1,-1
192,3,375,983,50,50,1,-1,-1,-1
192,4,610,621,50,50,1,-1,-1,-1
193,1,458,761,50,50,1,-1,-1,-1
193,2,534,1209,50,50,1,-1,-1,-1
193,3,371,1033,50,50,1,-1,-1,-1
193,4,617,629,50,50,1,-1,-1,-1
194,1,455,731,50,50,1,-1,-1,-1
194,2,525,1192,50,50,1,-1,-1,-1
194,3,363,1071,50,50,1,-1,-1,-1
194,4,623,643,50,50,1,-1,-1,-1
195,1,452,705,50,50,1,-1,-1,-1
195,2,523,1149,50,50,1,-1,-1,-1
195,3,361,1104,50,50,1,-1,-1,-1
195,4,628,662,50,50,1,-1,-1,-1
196,1,450,687,50,50,1,-1,-1,-1
196,2,521,1091,50,50,1,-1,-1,-1
196,3,368,1130,50,50,1,-1,-1,-1
196,4,632,687,50,50,1,-1,-1,-1
197,1,447,673,50,50,1,-1,-1,-1
197,2,524,1027,50,50,1,-1,-1,-1
197,3,380,1156,50,50,1,-1,-1,-1
197,4,637,720,50,50,1,-1,-1,-1
198,1,443,665,50,50,1,-1,-1,-1
198,2,529,970,50,50,1,-1,-1,-1
198,3,395,1188,50,50,1,-1,-1,-1
198,4,643,756,50,50,1,-1,-1,-1
199,1,437,663,50,50,1,-1,-1,-1
199,2,536,917,50,50,1,-1,-1,-1
199,3,412,1209,50,50,1,-1,-1,-1
199,4,650,796,50,50,1,-1,-1,-1
200,1,431,667,50,50,1,-1,-1,-1
200,2,543,867,50,50,1,-1,-1,-1
200,3,428,1214,50,50,1,-1,-1,-1
200,4,657,843,50,50,1,-1,-1,-1
201,1,425,674,50,50,1,-1,-1,-1
201,2,550,820,50,50,1,-1,-1,-1
201,3,445,1218,50,50,1,-1,-1,-1
201,4,661,895,50,50,1,-1,-1,-1
202,1,422,689,50,50,1,-1,-1,-1
202,2,557,780,50,50,1,-1,-1,-1
202,3,467,1208,50,50,1,-1,-1,-1
202,4,665,951,50,50,1,-1,-1,-1
203,1,417,712,50,50,1,-1,-1,-1
203,2,563,744,50,50,1,-1,-1,-1
203,3,478,1181,50,50,1,-1,-1,-1
203,4,670,1003,50,50,1,-1,-1,-1
204,1,412,739,50,50,1,-1,-1,-1
204,2,567,718,50,50,1,-1,-1,-1
204,3,484,1134,50,50,1,-1,-1,-1
204,4,671,1034,50,50,1,-1,-1,-1
205,1,408,768,50,50,1,-1,-1,-1
205,2,570,696,50,50,1,-1,-1,-1
205,3,489,1078,50,50,1,-1,-1,-1
205,4,659,1062,50,50,1,-1,-1,-1
206,1,405,802,50,50,1,-1,-1,-1
206,2,574,680,50,50,1,-1,-1,-1
206,3,488,1018,50,50,1,-1,-1,-1
206,4,639,1092,50,50,1,-1,-1,-1
207,1,403,845,50,50,1,-1,-1,-1
207,2,578,672,50,50,1,-1,-1,-1
207,3,482,957,50,50,1,-1,-1,-1
207,4,615,1130,50,50,1,-1,-1,-1
208,1,398,893,50,50,1,-1,-1,-1
208,2,583,665,50,50,1,-1,-1,-1
208,3,476,900,50,50,1,-1,-1,-1
208,4,590,1171,50,50,1,-1,-1,-1
209,1,393,947,50,50,1,-1,-1,-1
209,2,593,662,50,50,1,-1,-1,-1
209,3,470,845,50,50,1,-1,-1,-1
209,4,562,1195,50,50,1,-1,-1,-1
210,1,388,1003,50,50,1,-1,-1,-1
210,2,600,671,50,50,1,-1,-1,-1
210,3,466,800,50,50,1,-1,-1,-1
210,4,542,1203,50,50,1,-1,-1,-1
211,1,388,1046,50,50,1,-1,-1,-1
211,2,607,681,50,50,1,-1,-1,-1
211,3,462,760,50,50,1,-1,-1,-1
211,4,524,1190,50,50,1,-1,-1,-1
212,1,390,1073,50,50,1,-1,-1,-1
212,2,613,695,50,50,1,-1,-1,-1
212,3,459,729,50,50,1,-1,-1,-1
212,4,517,1157,50,50,1,-1,-1,-1
213,1,390,1095,50,50,1,-1,-1,-1
213,2,618,716,50,50,1,-1,-1,-1
213,3,456,704,50,50,1,-1,-1,-1
213,4,511,1109,50,50,1,-1,-1,-1
214,1,394,1121,50,50,1,-1,-1,-1
214,2,622,746,50,50,1,-1,-1,-1
214,3,453,680,50,50,1,-1,-1,-1
214,4,512,1047,50,50,1,-1,-1,-1
215,1,403,1149,50,50,1,-1,-1,-1
215,2,626,780,50,50,1,-1,-1,-1
215,3,450,661,50,50,1,-1,-1,-1
215,4,518,980,50,50,1,-1,-1,-1
216,1,412,1180,50,50,1,-1,-1,-1
216,2,630,817,50,50,1,-1,-1,-1
216,3,446,647,50,50,1,-1,-1,-1
216,4,524,925,50,50,1,-1,-1,-1
217,1,422,1204,50,50,1,-1,-1,-1
217,2,636,859,50,50,1,-1,-1,-1
217,3,440,641,50,50,1,-1,-1,-1
217,4,530,880,50,50,1,-1,-1,-1
218,1,433,1217,50,50,1,-1,-1,-1
218,2,645,908,50,50,1,-1,-1,-1
218,3,433,645,50,50,1,-1,-1,-1
218,4,537,833,50,50,1,-1,-1,-1
219,1,446,1214,50,50,1,-1,-1,-1
219,2,652,963,50,50,1,-1,-1,-1
219,3,426,650,50,50,1,-1,-1,-1
219,4,543,787,50,50,1,-1,-1,-1
220,1,457,1202,50,50,1,-1,-1,-1
220,2,654,1014,50,50,1,-1,-1,-1
220,3,421,662,50,50,1,-1,-1,-1
220,4,549,749,50,50,1,-1,-1,-1
221,1,470,1174,50,50,1,-1,-1,-1
221,2,658,1040,50,50,1,-1,-1,-1
221,3,416,678,50,50,1,-1,-1,-1
221,4,556,716,50,50,1,-1,-1,-1
222,1,475,1124,50,50,1,-1,-1,-1
222,2,658,1056,50,50,1,-1,-1,-1
222,3,411,699,50,50,1,-1,-1,-1
222,4,562,695,50,50,1,-1,-1,-1
223,1,476,1066,50,50,1,-1,-1,-1
223,2,646,1079,50,50,1,-1,-1,-1
223,3,407,725,50,50,1,-1,-1,-1
223,4,568,676,50,50,1,-1,-1,-1
224,1,472,1006,50,50,1,-1,-1,-1
224,2,624,1110,50,50,1,-1,-1,-1
224,3,403,759,50,50,1,-1,-1,-1
224,4,574,661,50,50,1,-1,-1,-1
225,1,468,948,50,50,1,-1,-1,-1
225,2,595,1142,50,50,1,-1,-1,-1
225,3,399,799,50,50,1,-1,-1,-1
225,4,579,652,50,50,1,-1,-1,-1
226,1,463,894,50,50,1,-1,-1,-1
226,2,576,1174,50,50,1,-1,-1,-1
226,3,395,842,50,50,1,-1,-1,-1
226,4,584,646,50,50,1,-1,-1,-1
227,1,459,844,50,50,1,-1,-1,-1
227,2,552,1200,50,50,1,-1,-1,-1
227,3,390,891,50,50,1,-1,-1,-1
227,4,589,644,50,50,1,-1,-1,-1
228,1,455,797,50,50,1,-1,-1,-1
228,2,534,1214,50,50,1,-1,-1,-1
228,3,384,943,50,50,1,-1,-1,-1
228,4,595,654,50,50,1,-1,-1,-1
229,1,450,757,50,50,1,-1,-1,-1
229,2,526,1210,50,50,1,-1,-1,-1
229,3,378,995,50,50,1,-1,-1,-1
229,4,601,672,50,50,1,-1,-1,-1
230,1,447,725,50,50,1,-1,-1,-1
230,2,518,1186,50,50,1,-1,-1,-1
230,3,376,1030,50,50,1,-1,-1,-1
230,4,607,691,50,50,1,-1,-1,-1
231,1,445,703,50,50,1,-1,-1,-1
231,2,516,1140,50,50,1,-1,-1,-1
231,3,377,1060,50,50,1,-1,-1,-1
231,4,612,710,50,50,1,-1,-1,-1
232,1,443,688,50,50,1,-1,-1,-1
232,2,520,1083,50,50,1,-1,-1,-1
232,3,385,1099,50,50,1,-1,-1,-1
232,4,617,740,50,50,1,-1,-1,-1
233,1,440,675,50,50,1,-1,-1,-1
233,2,525,1023,50,50,1,-1,-1,-1
233,3,397,1133,50,50,1,-1,-1,-1
233,4,625,772,50,50,1,-1,-1,-1
234,1,437,662,50,50,1,-1,-1,-1
234,2,532,962,50,50,1,-1,-1,-1
234,3,411,1163,50,50,1,-1,-1,-1
234,4,631,808,50,50,1,-1,-1,-1
235,1,433,656,50,50,1,-1,-1,-1
235,2,540,908,50,50,1,-1,-1,-1
235,3,425,1194,50,50,1,-1,-1,-1
235,4,634,854,50,50,1,-1,-1,-1
236,1,427,659,50,50,1,-1,-1,-1
236,2,547,860,50,50,1,-1,-1,-1
236,3,438,1208,50,50,1,-1,-1,-1
236,4,637,904,50,50,1,-1,-1,-1
237,1,420,669,50,50,1,-1,-1,-1
237,2,554,817,50,50,1,-1,-1,-1
237,3,447,1206,50,50,1,-1,-1,-1
237,4,643,956,50,50,1,-1,-1,-1
238,1,415,684,50,50,1,-1,-1,-1
238,2,562,779,50,50,1,-1,-1,-1
238,3,461,1193,50,50,1,-1,-1,-1
238,4,652,1005,50,50,1,-1,-1,-1
239,1,412,703,50,50,1,-1,-1,-1
239,2,569,745,50,50,1,-1,-1,-1
239,3,476,1164,50,50,1,-1,-1,-1
239,4,655,1032,50,50,1,-1,-1,-1
240,1,409,726,50,50,1,-1,-1,-1
240,2,575,714,50,50,1,-1,-1,-1
240,3,481,1110,50,50,1,-1,-1,-1
240,4,658,1059,50,50,1,-1,-1,-1
241,1,407,757,50,50,1,-1,-1,-1
241,2,579,689,50,50,1,-1,-1,-1
241,3,480,1051,50,50,1,-1,-1,-1
241,4,658,1091,50,50,1,-1,-1,-1
242,1,405,793,50,50,1,-1,-1,-1
242,2,586,673,50,50,1,-1,-1,-1
242,3,478,992,50,50,1,-1,-1,-1
242,4,637,1134,50,50,1,-1,-1,-1
243,1,403,834,50,50,1,-1,-1,-1
243,2,593,660,50,50,1,-1,-1,-1
243,3,474,933,50,50,1,-1,-1,-1
243,4,609,1175,50,50,1,-1,-1,-1
244,1,400,879,50,50,1,-1,-1,-1
244,2,599,657,50,50,1,-1,-1,-1
244,3,469,880,50,50,1,-1,-1,-1
244,4,585,1202,50,50,1,-1,-1,-1
245,1,394,931,50,50,1,-1,-1,-1
245,2,608,659,50,50,1,-1,-1,-1
245,3,464,829,50,50,1,-1,-1,-1
245,4,559,1205,50,50,1,-1,-1,-1
246,1,388,983,50,50,1,-1,-1,-1
246,2,616,663,50,50,1,-1,-1,-1
246,3,460,782,50,50,1,-1,-1,-1
246,4,542,1194,50,50,1,-1,-1,-1
247,1,386,1023,50,50,1,-1,-1,-1
247,2,623,674,50,50,1,-1,-1,-1
247,3,456,742,50,50,1,-1,-1,-1
247,4,532,1169,50,50,1,-1,-1,-1
248,1,383,1052,50,50,1,-1,-1,-1
248,2,628,690,50,50,1,-1,-1,-1
248,3,453,714,50,50,1,-1,-1,-1
248,4,528,1126,50,50,1,-1,-1,-1
249,1,381,1081,50,50,1,-1,-1,-1
249,2,634,710,50,50,1,-1,-1,-1
249,3,450,696,50,50,1,-1,-1,-1
249,4,530,1070,50,50,1,-1,-1,-1
250,1,388,1111,50,50,1,-1,-1,-1
250,2,640,738,50,50,1,-1,-1,-1
250,3,446,677,50,50,1,-1,-1,-1
250,4,536,1005,50,50,1,-1,-1,-1
251,1,399,1145,50,50,1,-1,-1,-1
251,2,645,773,50,50,1,-1,-1,-1
251,3,441,661,50,50,1,-1,-1,-1
251,4,541,946,50,50,1,-1,-1,-1
252,1,413,1178,50,50,1,-1,-1,-1
252,2,652,810,50,50,1,-1,-1,-1
252,3,437,652,50,50,1,-1,-1,-1
252,4,546,899,50,50,1,-1,-1,-1
253,1,424,1204,50,50,1,-1,-1,-1
253,2,656,851,50,50,1,-1,-1,-1
253,3,433,648,50,50,1,-1,-1,-1
253,4,553,856,50,50,1,-1,-1,-1
254,1,437,1216,50,50,1,-1,-1,-1
254,2,663,897,50,50,1,-1,-1,-1
254,3,429,652,50,50,1,-1,-1,-1
254,4,561,812,50,50,1,-1,-1,-1
255,1,451,1215,50,50,1,-1,-1,-1
255,2,670,949,50,50,1,-1,-1,-1
255,3,424,660,50,50,1,-1,-1,-1
255,4,568,770,50,50,1,-1,-1,-1
256,1,464,1202,50,50,1,-1,-1,-1
256,2,678,997,50,50,1,-1,-1,-1
256,3,419,673,50,50,1,-1,-1,-1
256,4,574,741,50,50,1,-1,-1,-1
257,1,475,1171,50,50,1,-1,-1,-1
257,2,679,1033,50,50,1,-1,-1,-1
257,3,413,694,50,50,1,-1,-1,-1
257,4,580,716,50,50,1,-1,-1,-1
258,1,476,1115,50,50,1,-1,-1,-1
258,2,672,1063,50,50,1,-1,-1,-1
258,3,409,722,50,50,1,-1,-1,-1
258,4,586,693,50,50,1,-1,-1,-1
259,1,478,1052,50,50,1,-1,-1,-1
259,2,656,1101,50,50,1,-1,-1,-1
259,3,405,754,50,50,1,-1,-1,-1
259,4,591,676,50,50,1,-1,-1,-1
260,1,472,986,50,50,1,-1,-1,-1
260,2,627,1141,50,50,1,-1,-1,-1
260,3,401,786,50,50,1,-1,-1,-1
260,4,597,665,50,50,1,-1,-1,-1
261,1,468,935,50,50,1,-1,-1,-1
261,2,596,1175,50,50,1,-1,-1,-1
261,3,398,824,50,50,1,-1,-1,-1
261,4,603,660,50,50,1,-1,-1,-1
262,1,465,886,50,50,1,-1,-1,-1
262,2,569,1195,50,50,1,-1,-1,-1
262,3,395,869,50,50,1,-1,-1,-1
262,4,609,660,50,50,1,-1,-1,-1
263,1,462,838,50,50,1,-1,-1,-1
263,2,551,1201,50,50,1,-1,-1,-1
263,3,391,922,50,50,1,-1,-1,-1
263,4,616,666,50,50,1,-1,-1,-1
264,1,459,792,50,50,1,-1,-1,-1
264,2,535,1185,50,50,1,-1,-1,-1
264,3,384,982,50,50,1,-1,-1,-1
264,4,624,679,50,50,1,-1,-1,-1
265,1,456,754,50,50,1,-1,-1,-1
265,2,528,1154,50,50,1,-1,-1,-1
265,3,376,1033,50,50,1,-1,-1,-1
265,4,633,697,50,50,1,-1,-1,-1
266,1,452,722,50,50,1,-1,-1,-1
266,2,528,1105,50,50,1,-1,-1,-1
266,3,371,1064,50,50,1,-1,-1,-1
266,4,641,721,50,50,1,-1,-1,-1
267,1,448,698,50,50,1,-1,-1,-1
267,2,533,1044,50,50,1,-1,-1,-1
267,3,369,1095,50,50,1,-1,-1,-1
267,4,647,753,50,50,1,-1,-1,-1
268,1,443,679,50,50,1,-1,-1,-1
268,2,539,982,50,50,1,-1,-1,-1
268,3,377,1131,50,50,1,-1,-1,-1
268,4,652,787,50,50,1,-1,-1,-1
269,1,438,661,50,50,1,-1,-1,-1
269,2,545,934,50,50,1,-1,-1,-1
269,3,390,1164,50,50,1,-1,-1,-1
269,4,655,824,50,50,1,-1,-1,-1
270,1,432,650,50,50,1,-1,-1,-1
270,2,551,892,50,50,1,-1,-1,-1
270,3,407,1188,50,50,1,-1,-1,-1
270,4,658,863,50,50,1,-1,-1,-1
271,1,426,647,50,50,1,-1,-1,-1
271,2,559,846,50,50,1,-1,-1,-1
271,3,424,1204,50,50,1,-1,-1,-1
271,4,662,909,50,50,1,-1,-1,-1
272,1,421,655,50,50,1,-1,-1,-1
272,2,567,807,50,50,1,-1,-1,-1
272,3,440,1214,50,50,1,-1,-1,-1
272,4,666,957,50,50,1,-1,-1,-1
273,1,416,663,50,50,1,-1,-1,-1
273,2,575,773,50,50,1,-1,-1,-1
273,3,454,1207,50,50,1,-1,-1,-1
273,4,673,1005,50,50,1,-1,-1,-1
274,1,412,677,50,50,1,-1,-1,-1
274,2,582,746,50,50,1,-1,-1,-1
274,3,465,1177,50,50,1,-1,-1,-1
274,4,677,1036,50,50,1,-1,-1,-1
275,1,408,698,50,50,1,-1,-1,-1
275,2,588,722,50,50,1,-1,-1,-1
275,3,474,1133,50,50,1,-1,-1,-1
275,4,674,1071,50,50,1,-1,-1,-1
276,1,405,721,50,50,1,-1,-1,-1
276,2,593,704,50,50,1,-1,-1,-1
276,3,477,1076,50,50,1,-1,-1,-1
276,4,664,1109,50,50,1,-1,-1,-1
277,1,401,748,50,50,1,-1,-1,-1
277,2,597,695,50,50,1,-1,-1,-1
277,3,476,1018,50,50,1,-1,-1,-1
277,4,634,1150,50,50,1,-1,-1,-1
278,1,395,787,50,50,1,-1,-1,-1
278,2,603,693,50,50,1,-1,-1,-1
278,3,474,963,50,50,1,-1,-1,-1
278,4,601,1181,50,50,1,-1,-1,-1
279,1,389,830,50,50,1,-1,-1,-1
279,2,610,694,50,50,1,-1,-1,-1
279,3,471,910,50,50,1,-1,-1,-1
279,4,573,1202,50,50,1,-1,-1,-1
280,1,387,875,50,50,1,-1,-1,-1
280,2,617,698,50,50,1,-1,-1,-1
280,3,465,869,50,50,1,-1,-1,-1
280,4,553,1207,50,50,1,-1,-1,-1
281,1,384,927,50,50,1,-1,-1,-1
281,2,625,707,50,50,1,-1,-1,-1
281,3,462,829,50,50,1,-1,-1,-1
281,4,545,1194,50,50,1,-1,-1,-1
282,1,379,976,50,50,1,-1,-1,-1
282,2,631,726,50,50,1,-1,-1,-1
282,3,459,793,50,50,1,-1,-1,-1
282,4,536,1169,50,50,1,-1,-1,-1
283,1,376,1024,50,50,1,-1,-1,-1
283,2,636,750,50,50,1,-1,-1,-1
283,3,455,763,50,50,1,-1,-1,-1
283,4,536,1126,50,50,1,-1,-1,-1
284,1,372,1065,50,50,1,-1,-1,-1
284,2,642,774,50,50,1,-1,-1,-1
284,3,451,740,50,50,1,-1,-1,-1
284,4,537,1065,50,50,1,-1,-1,-1
285,1,377,1100,50,50,1,-1,-1,-1
285,2,647,808,50,50,1,-1,-1,-1
285,3,447,718,50,50,1,-1,-1,-1
285,4,539,1002,50,50,1,-1,-1,-1
286,1,388,1135,50,50,1,-1,-1,-1
286,2,653,848,50,50,1,-1,-1,-1
286,3,445,702,50,50,1,-1,-1,-1
286,4,544,939,50,50,1,-1,-1,-1
287,1,403,1174,50,50,1,-1,-1,-1
287,2,660,890,50,50,1,-1,-1,-1
287,3,445,694,50,50,1,-1,-1,-1
287,4,552,884,50,50,1,-1,-1,-1
288,1,421,1202,50,50,1,-1,-1,-1
288,2,667,938,50,50,1,-1,-1,-1
288,3,443,694,50,50,1,-1,-1,-1
288,4,560,837,50,50,1,-1,-1,-1
289,1,445,1210,50,50,1,-1,-1,-1
289,2,674,986,50,50,1,-1,-1,-1
289,3,438,698,50,50,1,-1,-1,-1
289,4,566,797,50,50,1,-1,-1,-1
290,1,465,1198,50,50,1,-1,-1,-1
290,2,679,1031,50,50,1,-1,-1,-1
290,3,432,706,50,50,1,-1,-1,-1
290,4,571,760,50,50,1,-1,-1,-1
291,1,482,1167,50,50,1,-1,-1,-1
291,2,684,1067,50,50,1,-1,-1,-1
291,3,426,722,50,50,1,-1,-1,-1
291,4,576,723,50,50,1,-1,-1,-1
292,1,489,1111,50,50,1,-1,-1,-1
292,2,675,1089,50,50,1,-1,-1,-1
292,3,423,746,50,50,1,-1,-1,-1
292,4,582,695,50,50,1,-1,-1,-1
293,1,491,1046,50,50,1,-1,-1,-1
293,2,661,1123,50,50,1,-1,-1,-1
293,3,420,775,50,50,1,-1,-1,-1
293,4,588,673,50,50,1,-1,-1,-1
294,1,490,986,50,50,1,-1,-1,-1
294,2,640,1158,50,50,1,-1,-1,-1
294,3,417,808,50,50,1,-1,-1,-1
294,4,593,658,50,50,1,-1,-1,-1
295,1,488,930,50,50,1,-1,-1,-1
295,2,606,1186,50,50,1,-1,-1,-1
295,3,414,843,50,50,1,-1,-1,-1
295,4,598,646,50,50,1,-1,-1,-1
296,1,482,881,50,50,1,-1,-1,-1
296,2,578,1203,50,50,1,-1,-1,-1
296,3,411,883,50,50,1,-1,-1,-1
296,4,604,641,50,50,1,-1,-1,-1
297,1,472,831,50,50,1,-1,-1,-1
297,2,561,1212,50,50,1,-1,-1,-1
297,3,407,933,50,50,1,-1,-1,-1
297,4,611,640,50,50,1,-1,-1,-1
298,1,462,781,50,50,1,-1,-1,-1
298,2,548,1213,50,50,1,-1,-1,-1
298,3,402,991,50,50,1,-1,-1,-1
298,4,618,646,50,50,1,-1,-1,-1
299,1,458,743,50,50,1,-1,-1,-1
299,2,535,1199,50,50,1,-1,-1,-1
299,3,401,1043,50,50,1,-1,-1,-1
299,4,625,657,50,50,1,-1,-1,-1
300,1,454,712,50,50,1,-1,-1,-1
300,2,528,1166,50,50,1,-1,-1,-1
300,3,398,1072,50,50,1,-1,-1,-1
300,4,632,674,50,50,1,-1,-1,-1
301,1,451,688,50,50,1,-1,-1,-1
301,2,531,1112,50,50,1,-1,-1,-1
301,3,401,1095,50,50,1,-1,-1,-1
301,4,638,695,50,50,1,-1,-1,-1
302,1,446,667,50,50,1,-1,-1,-1
302,2,535,1047,50,50,1,-1,-1,-1
302,3,408,1120,50,50,1,-1,-1,-1
302,4,643,724,50,50,1,-1,-1,-1
303,1,441,648,50,50,1,-1,-1,-1
303,2,539,982,50,50,1,-1,-1,-1
303,3,415,1145,50,50,1,-1,-1,-1
303,4,646,759,50,50,1,-1,-1,-1
304,1,434,638,50,50,1,-1,-1,-1
304,2,547,922,50,50,1,-1,-1,-1
304,3,426,1171,50,50,1,-1,-1,-1
304,4,649,798,50,50,1,-1,-1,-1
305,1,428,636,50,50,1,-1,-1,-1
305,2,555,870,50,50,1,-1,-1,-1
305,3,436,1195,50,50,1,-1,-1,-1
305,4,652,840,50,50,1,-1,-1,-1
306,1,422,638,50,50,1,-1,-1,-1
306,2,561,828,50,50,1,-1,-1,-1
306,3,447,1212,50,50,1,-1,-1,-1
306,4,656,885,50,50,1,-1,-1,-1
307,1,417,645,50,50,1,-1,-1,-1
307,2,567,787,50,50,1,-1,-1,-1
307,3,460,1213,50,50,1,-1,-1,-1
307,4,663,937,50,50,1,-1,-1,-1
308,1,412,658,50,50,1,-1,-1,-1
308,2,573,747,50,50,1,-1,-1,-1
308,3,470,1196,50,50,1,-1,-1,-1
308,4,670,990,50,50,1,-1,-1,-1
309,1,408,677,50,50,1,-1,-1,-1
309,2,577,713,50,50,1,-1,-1,-1
309,3,475,1164,50,50,1,-1,-1,-1
309,4,675,1029,50,50,1,-1,-1,-1
310,1,404,699,50,50,1,-1,-1,-1
310,2,580,685,50,50,1,-1,-1,-1
310,3,481,1116,50,50,1,-1,-1,-1
310,4,668,1050,50,50,1,-1,-1,-1
311,1,398,736,50,50,1,-1,-1,-1
311,2,587,663,50,50,1,-1,-1,-1
311,3,479,1054,50,50,1,-1,-1,-1
311,4,655,1079,50,50,1,-1,-1,-1
312,1,392,770,50,50,1,-1,-1,-1
312,2,595,650,50,50,1,-1,-1,-1
312,3,477,990,50,50,1,-1,-1,-1
312,4,637,1116,50,50,1,-1,-1,-1
313,1,386,811,50,50,1,-1,-1,-1
313,2,602,645,50,50,1,-1,-1,-1
313,3,474,927,50,50,1,-1,-1,-1
313,4,608,1154,50,50,1,-1,-1,-1
314,1,382,860,50,50,1,-1,-1,-1
314,2,609,642,50,50,1,-1,-1,-1
314,3,471,883,50,50,1,-1,-1,-1
314,4,584,1181,50,50,1,-1,-1,-1
315,1,378,913,50,50,1,-1,-1,-1
315,2,616,644,50,50,1,-1,-1,-1
315,3,468,840,50,50,1,-1,-1,-1
315,4,561,1199,50,50,1,-1,-1,-1
316,1,373,966,50,50,1,-1,-1,-1
316,2,622,649,50,50,1,-1,-1,-1
316,3,465,798,50,50,1,-1,-1,-1
316,4,543,1204,50,50,1,-1,-1,-1
317,1,368,1023,50,50,1,-1,-1,-1
317,2,627,662,50,50,1,-1,-1,-1
317,3,464,758,50,50,1,-1,-1,-1
317,4,540,1188,50,50,1,-1,-1,-1
318,1,364,1064,50,50,1,-1,-1,-1
318,2,631,679,50,50,1,-1,-1,-1
318,3,464,721,50,50,1,-1,-1,-1
318,4,539,1151,50,50,1,-1,-1,-1
319,1,364,1097,50,50,1,-1,-1,-1
319,2,635,700,50,50,1,-1,-1,-1
319,3,465,693,50,50,1,-1,-1,-1
319,4,537,1103,50,50,1,-1,-1,-1
320,1,372,1124,50,50,1,-1,-1,-1
320,2,642,730,50,50,1,-1,-1,-1
320,3,464,675,50,50,1,-1,-1,-1
320,4,538,1039,50,50,1,-1,-1,-1
321,1,384,1152,50,50,1,-1,-1,-1
321,2,646,768,50,50,1,-1,-1,-1
321,3,461,666,50,50,1,-1,-1,-1
321,4,544,978,50,50,1,-1,-1,-1
322,1,401,1179,50,50,1,-1,-1,-1
322,2,649,811,50,50,1,-1,-1,-1
322,3,457,656,50,50,1,-1,-1,-1
322,4,550,921,50,50,1,-1,-1,-1
323,1,418,1198,50,50,1,-1,-1,-1
323,2,652,856,50,50,1,-1,-1,-1
323,3,453,653,50,50,1,-1,-1,-1
323,4,557,869,50,50,1,-1,-1,-1
324,1,436,1207,50,50,1,-1,-1,-1
324,2,656,903,50,50,1,-1,-1,-1
324,3,449,653,50,50,1,-1,-1,-1
324,4,563,823,50,50,1,-1,-1,-1
325,1,455,1202,50,50,1,-1,-1,-1
325,2,662,951,50,50,1,-1,-1,-1
325,3,448,662,50,50,1,-1,-1,-1
325,4,569,783,50,50,1,-1,-1,-1
326,1,474,1183,50,50,1,-1,-1,-1
326,2,668,997,50,50,1,-1,-1,-1
326,3,446,676,50,50,1,-1,-1,-1
326,4,574,752,50,50,1,-1,-1,-1
327,1,491,1153,50,50,1,-1,-1,-1
327,2,673,1030,50,50,1,-1,-1,-1
327,3,444,696,50,50,1,-1,-1,-1
327,4,579,723,50,50,1,-1,-1,-1
328,1,498,1101,50,50,1,-1,-1,-1
328,2,669,1056,50,50,1,-1,-1,-1
328,3,442,721,50,50,1,-1,-1,-1
328,4,584,697,50,50,1,-1,-1,-1
329,1,501,1042,50,50,1,-1,-1,-1
329,2,659,1090,50,50,1,-1,-1,-1
329,3,440,753,50,50,1,-1,-1,-1
329,4,589,675,50,50,1,-1,-1,-1
330,1,498,982,50,50,1,-1,-1,-1
330,2,638,1130,50,50,1,-1,-1,-1
330,3,437,790,50,50,1,-1,-1,-1
330,4,595,659,50,50,1,-1,-1,-1
331,1,493,932,50,50,1,-1,-1,-1
331,2,610,1171,50,50,1,-1,-1,-1
331,3,433,826,50,50,1,-1,-1,-1
331,4,601,652,50,50,1,-1,-1,-1
332,1,489,884,50,50,1,-1,-1,-1
332,2,589,1201,50,50,1,-1,-1,-1
332,3,430,870,50,50,1,-1,-1,-1
332,4,607,650,50,50,1,-1,-1,-1
333,1,485,841,50,50,1,-1,-1,-1
333,2,567,1210,50,50,1,-1,-1,-1
333,3,428,924,50,50,1,-1,-1,-1
333,4,613,653,50,50,1,-1,-1,-1
334,1,481,800,50,50,1,-1,-1,-1
334,2,549,1204,50,50,1,-1,-1,-1
334,3,427,981,50,50,1,-1,-1,-1
334,4,619,664,50,50,1,-1,-1,-1
335,1,480,763,50,50,1,-1,-1,-1
335,2,538,1180,50,50,1,-1,-1,-1
335,3,429,1022,50,50,1,-1,-1,-1
335,4,625,680,50,50,1,-1,-1,-1
336,1,479,735,50,50,1,-1,-1,-1
336,2,536,1136,50,50,1,-1,-1,-1
336,3,423,1050,50,50,1,-1,-1,-1
336,4,630,702,50,50,1,-1,-1,-1
337,1,475,717,50,50,1,-1,-1,-1
337,2,538,1074,50,50,1,-1,-1,-1
337,3,415,1082,50,50,1,-1,-1,-1
337,4,635,729,50,50,1,-1,-1,-1
338,1,471,702,50,50,1,-1,-1,-1
338,2,540,1011,50,50,1,-1,-1,-1
338,3,415,1116,50,50,1,-1,-1,-1
338,4,640,758,50,50,1,-1,-1,-1
339,1,467,689,50,50,1,-1,-1,-1
339,2,546,953,50,50,1,-1,-1,-1
339,3,421,1148,50,50,1,-1,-1,-1
339,4,645,790,50,50,1,-1,-1,-1
340,1,463,683,50,50,1,-1,-1,-1
340,2,557,900,50,50,1,-1,-1,-1
340,3,429,1181,50,50,1,-1,-1,-1
340,4,650,827,50,50,1,-1,-1,-1
341,1,458,687,50,50,1,-1,-1,-1
341,2,568,853,50,50,1,-1,-1,-1
341,3,439,1208,50,50,1,-1,-1,-1
341,4,655,875,50,50,1,-1,-1,-1
342,1,454,691,50,50,1,-1,-1,-1
342,2,575,815,50,50,1,-1,-1,-1
342,3,455,1217,50,50,1,-1,-1,-1
342,4,660,933,50,50,1,-1,-1,-1
343,1,453,703,50,50,1,-1,-1,-1
343,2,581,778,50,50,1,-1,-1,-1
343,3,471,1211,50,50,1,-1,-1,-1
343,4,665,981,50,50,1,-1,-1,-1
344,1,450,726,50,50,1,-1,-1,-1
344,2,587,745,50,50,1,-1,-1,-1
344,3,486,1185,50,50,1,-1,-1,-1
344,4,669,1019,50,50,1,-1,-1,-1
345,1,446,744,50,50,1,-1,-1,-1
345,2,593,717,50,50,1,-1,-1,-1
345,3,498,1147,50,50,1,-1,-1,-1
345,4,669,1048,50,50,1,-1,-1,-1
346,1,443,770,50,50,1,-1,-1,-1
346,2,599,694,50,50,1,-1,-1,-1
346,3,502,1101,50,50,1,-1,-1,-1
346,4,659,1082,50,50,1,-1,-1,-1
347,1,439,803,50,50,1,-1,-1,-1
347,2,606,677,50,50,1,-1,-1,-1
347,3,497,1037,50,50,1,-1,-1,-1
347,4,643,1118,50,50,1,-1,-1,-1
348,1,434,842,50,50,1,-1,-1,-1
348,2,613,667,50,50,1,-1,-1,-1
348,3,492,978,50,50,1,-1,-1,-1
348,4,618,1157,50,50,1,-1,-1,-1
349,1,433,886,50,50,1,-1,-1,-1
349,2,621,663,50,50,1,-1,-1,-1
349,3,489,925,50,50,1,-1,-1,-1
349,4,587,1189,50,50,1,-1,-1,-1
350,1,430,931,50,50,1,-1,-1,-1
350,2,629,664,50,50,1,-1,-1,-1
350,3,488,882,50,50,1,-1,-1,-1
350,4,568,1210,50,50,1,-1,-1,-1
351,1,427,973,50,50,1,-1,-1,-1
351,2,637,672,50,50,1,-1,-1,-1
351,3,487,840,50,50,1,-1,-1,-1
351,4,559,1201,50,50,1,-1,-1,-1
352,1,424,1014,50,50,1,-1,-1,-1
352,2,645,684,50,50,1,-1,-1,-1
352,3,482,800,50,50,1,-1,-1,-1
352,4,550,1179,50,50,1,-1,-1,-1
353,1,420,1051,50,50,1,-1,-1,-1
353,2,652,703,50,50,1,-1,-1,-1
353,3,476,766,50,50,1,-1,-1,-1
353,4,544,1142,50,50,1,-1,-1,-1
354,1,420,1079,50,50,1,-1,-1,-1
354,2,657,733,50,50,1,-1,-1,-1
354,3,470,735,50,50,1,-1,-1,-1
354,4,550,1082,50,50,1,-1,-1,-1
355,1,423,1117,50,50,1,-1,-1,-1
355,2,662,763,50,50,1,-1,-1,-1
355,3,464,715,50,50,1,-1,-1,-1
355,4,556,1018,50,50,1,-1,-1,-1
356,1,430,1151,50,50,1,-1,-1,-1
356,2,669,800,50,50,1,-1,-1,-1
356,3,459,698,50,50,1,-1,-1,-1
356,4,561,958,50,50,1,-1,-1,-1
357,1,439,1181,50,50,1,-1,-1,-1
357,2,676,841,50,50,1,-1,-1,-1
357,3,454,686,50,50,1,-1,-1,-1
357,4,567,904,50,50,1,-1,-1,-1
358,1,451,1201,50,50,1,-1,-1,-1
358,2,684,887,50,50,1,-1,-1,-1
358,3,449,684,50,50,1,-1,-1,-1
358,4,574,857,50,50,1,-1,-1,-1
359,1,460,1204,50,50,1,-1,-1,-1
359,2,692,938,50,50,1,-1,-1,-1
359,3,444,687,50,50,1,-1,-1,-1
359,4,579,815,50,50,1,-1,-1,-1
360,1,470,1191,50,50,1,-1,-1,-1
360,2,696,981,50,50,1,-1,-1,-1
360,3,439,691,50,50,1,-1,-1,-1
360,4,582,776,50,50,1,-1,-1,-1
361,1,485,1162,50,50,1,-1,-1,-1
361,2,698,1011,50,50,1,-1,-1,-1
361,3,434,703,50,50,1,-1,-1,-1
361,4,585,743,50,50,1,-1,-1,-1
362,1,498,1108,50,50,1,-1,-1,-1
362,2,698,1039,50,50,1,-1,-1,-1
362,3,430,723,50,50,1,-1,-1,-1
362,4,589,714,50,50,1,-1,-1,-1
363,1,500,1047,50,50,1,-1,-1,-1
363,2,686,1067,50,50,1,-1,-1,-1
363,3,425,748,50,50,1,-1,-1,-1
363,4,593,690,50,50,1,-1,-1,-1
364,1,496,987,50,50,1,-1,-1,-1
364,2,665,1099,50,50,1,-1,-1,-1
364,3,419,778,50,50,1,-1,-1,-1
364,4,598,671,50,50,1,-1,-1,-1
365,1,491,927,50,50,1,-1,-1,-1
365,2,634,1134,50,50,1,-1,-1,-1
365,3,412,813,50,50,1,-1,-1,-1
365,4,604,657,50,50,1,-1,-1,-1
366,1,486,880,50,50,1,-1,-1,-1
366,2,599,1171,50,50,1,-1,-1,-1
366,3,405,854,50,50,1,-1,-1,-1
366,4,611,647,50,50,1,-1,-1,-1
367,1,480,834,50,50,1,-1,-1,-1
367,2,572,1197,50,50,1,-1,-1,-1
367,3,399,899,50,50,1,-1,-1,-1
367,4,618,651,50,50,1,-1,-1,-1
368,1,473,790,50,50,1,-1,-1,-1
368,2,557,1200,50,50,1,-1,-1,-1
368,3,398,947,50,50,1,-1,-1,-1
368,4,625,658,50,50,1,-1,-1,-1
369,1,467,753,50,50,1,-1,-1,-1
369,2,541,1194,50,50,1,-1,-1,-1
369,3,397,996,50,50,1,-1,-1,-1
369,4,631,673,50,50,1,-1,-1,-1
370,1,463,724,50,50,1,-1,-1,-1
370,2,530,1166,50,50,1,-1,-1,-1
370,3,395,1024,50,50,1,-1,-1,-1
370,4,636,692,50,50,1,-1,-1,-1
371,1,458,702,50,50,1,-1,-1,-1
371,2,525,1110,50,50,1,-1,-1,-1
371,3,399,1040,50,50,1,-1,-1,-1
371,4,640,713,50,50,1,-1,-1,-1
372,1,453,684,50,50,1,-1,-1,-1
372,2,527,1049,50,50,1,-1,-1,-1
372,3,403,1059,50,50,1,-1,-1,-1
372,4,643,737,50,50,1,-1,-1,-1
373,1,448,670,50,50,1,-1,-1,-1
373,2,534,992,50,50,1,-1,-1,-1
373,3,408,1074,50,50,1,-1,-1,-1
373,4,646,765,50,50,1,-1,-1,-1
374,1,443,664,50,50,1,-1,-1,-1
374,2,543,935,50,50,1,-1,-1,-1
374,3,415,1084,50,50,1,-1,-1,-1
374,4,649,799,50,50,1,-1,-1,-1
375,1,437,662,50,50,1,-1,-1,-1
375,2,552,878,50,50,1,-1,-1,-1
375,3,417,1088,50,50,1,-1,-1,-1
375,4,652,841,50,50,1,-1,-1,-1
376,1,431,664,50,50,1,-1,-1,-1
376,2,559,823,50,50,1,-1,-1,-1
376,3,417,1085,50,50,1,-1,-1,-1
376,4,657,892,50,50,1,-1,-1,-1
377,1,425,670,50,50,1,-1,-1,-1
377,2,566,773,50,50,1,-1,-1,-1
377,3,412,1078,50,50,1,-1,-1,-1
377,4,664,945,50,50,1,-1,-1,-1
378,1,420,685,50,50,1,-1,-1,-1
378,2,572,739,50,50,1,-1,-1,-1
378,3,407,1069,50,50,1,-1,-1,-1
378,4,670,994,50,50,1,-1,-1,-1
379,1,414,710,50,50,1,-1,-1,-1
379,2,578,709,50,50,1,-1,-1,-1
379,3,400,1059,50,50,1,-1,-1,-1
379,4,676,1029,50,50,1,-1,-1,-1
380,1,409,739,50,50,1,-1,-1,-1
380,2,586,680,50,50,1,-1,-1,-1
380,3,389,1051,50,50,1,-1,-1,-1
380,4,678,1052,50,50,1,-1,-1,-1
381,1,404,770,50,50,1,-1,-1,-1
381,2,595,654,50,50,1,-1,-1,-1
381,3,379,1046,50,50,1,-1,-1,-1
381,4,673,1069,50,50,1,-1,-1,-1
382,1,399,808,50,50,1,-1,-1,-1
382,2,605,635,50,50,1,-1,-1,-1
382,3,370,1042,50,50,1,-1,-1,-1
382,4,661,1079,50,50,1,-1,-1,-1
383,1,394,847,50,50,1,-1,-1,-1
383,2,612,624,50,50,1,-1,-1,-1
383,3,362,1040,50,50,1,-1,-1,-1
383,4,653,1079,50,50,1,-1,-1,-1
384,1,391,889,50,50,1,-1,-1,-1
384,2,619,618,50,50,1,-1,-1,-1
384,3,353,1044,50,50,1,-1,-1,-1
384,4,649,1080,50,50,1,-1,-1,-1
385,1,388,936,50,50,1,-1,-1,-1
385,2,626,615,50,50,1,-1,-1,-1
385,3,345,1048,50,50,1,-1,-1,-1
385,4,648,1079,50,50,1,-1,-1,-1
386,1,383,991,50,50,1,-1,-1,-1
386,2,633,619,50,50,1,-1,-1,-1
386,3,337,1052,50,50,1,-1,-1,-1
386,4,651,1076,50,50,1,-1,-1,-1
387,1,378,1042,50,50,1,-1,-1,-1
387,2,640,629,50,50,1,-1,-1,-1
387,3,343,1058,50,50,1,-1,-1,-1
387,4,659,1073,50,50,1,-1,-1,-1
388,1,381,1060,50,50,1,-1,-1,-1
388,2,647,645,50,50,1,-1,-1,-1
388,3,349,1068,50,50,1,-1,-1,-1
388,4,668,1069,50,50,1,-1,-1,-1
389,1,388,1066,50,50,1,-1,-1,-1
389,2,654,666,50,50,1,-1,-1,-1
389,3,355,1078,50,50,1,-1,-1,-1
389,4,677,1062,50,50,1,-1,-1,-1
390,1,396,1070,50,50,1,-1,-1,-1
390,2,661,690,50,50,1,-1,-1,-1
390,3,359,1078,50,50,1,-1,-1,-1
390,4,684,1055,50,50,1,-1,-1,-1
391,1,402,1076,50,50,1,-1,-1,-1
391,2,668,722,50,50,1,-1,-1,-1
391,3,363,1081,50,50,1,-1,-1,-1
391,4,692,1054,50,50,1,-1,-1,-1
392,1,405,1075,50,50,1,-1,-1,-1
392,2,675,761,50,50,1,-1,-1,-1
392,3,367,1084,50,50,1,-1,-1,-1
392,4,696,1052,50,50,1,-1,-1,-1
393,1,407,1077,50,50,1,-1,-1,-1
393,2,681,805,50,50,1,-1,-1,-1
393,3,371,1087,50,50,1,-1,-1,-1
393,4,701,1054,50,50,1,-1,-1,-1
394,1,408,1078,50,50,1,-1,-1,-1
394,2,687,853,50,50,1,-1,-1,-1
394,3,375,1090,50,50,1,-1,-1,-1
394,4,705,1055,50,50,1,-1,-1,-1
395,1,409,1079,50,50,1,-1,-1,-1
395,2,693,902,50,50,1,-1,-1,-1
395,3,376,1089,50,50,1,-1,-1,-1
395,4,708,1058,50,50,1,-1,-1,-1
396,1,410,1080,50,50,1,-1,-1,-1
396,2,698,959,50,50,1,-1,-1,-1
396,3,377,1090,50,50,1,-1,-1,-1
396,4,713,1066,50,50,1,-1,-1,-1
397,1,411,1079,50,50,1,-1,-1,-1
397,2,703,1019,50,50,1,-1,-1,-1
397,3,378,1091,50,50,1,-1,-1,-1
397,4,717,1071,50,50,1,-1,-1,-1
398,1,412,1078,50,50,1,-1,-1,-1
398,2,707,1064,50,50,1,-1,-1,-1
398,3,379,1090,50,50,1,-1,-1,-1
398,4,721,1077,50,50,1,-1,-1,-1
399,1,412,1078,50,50,1,-1,-1,-1
399,2,705,1085,50,50,1,-1,-1,-1
399,3,380,1089,50,50,1,-1,-1,-1
399,4,724,1095,50,50,1,-1,-1,-1
400,1,411,1081,50,50,1,-1,-1,-1
400,2,700,1094,50,50,1,-1,-1,-1
400,3,381,1090,50,50,1,-1,-1,-1
400,4,726,1104,50,50,1,-1,-1,-1
401,1,413,1082,50,50,1,-1,-1,-1
401,2,694,1088,50,50,1,-1,-1,-1
401,3,382,1092,50,50,1,-1,-1,-1
401,4,725,1102,50,50,1,-1,-1,-1
402,1,416,1081,50,50,1,-1,-1,-1
402,2,689,1086,50,50,1,-1,-1,-1
402,3,383,1090,50,50,1,-1,-1,-1
402,4,718,1095,50,50,1,-1,-1,-1
403,1,417,1080,50,50,1,-1,-1,-1
403,2,684,1082,50,50,1,-1,-1,-1
403,3,384,1088,50,50,1,-1,-1,-1
403,4,713,1089,50,50,1,-1,-1,-1
404,1,416,1079,50,50,1,-1,-1,-1
404,2,679,1078,50,50,1,-1,-1,-1
404,3,385,1086,50,50,1,-1,-1,-1
404,4,708,1086,50,50,1,-1,-1,-1
405,1,414,1077,50,50,1,-1,-1,-1
405,2,681,1074,50,50,1,-1,-1,-1
405,3,384,1085,50,50,1,-1,-1,-1
405,4,706,1083,50,50,1,-1,-1,-1
406,1,413,1074,50,50,1,-1,-1,-1
406,2,680,1073,50,50,1,-1,-1,-1
406,3,385,1085,50,50,1,-1,-1,-1
406,4,708,1082,50,50,1,-1,-1,-1
407,1,412,1071,50,50,1,-1,-1,-1
407,2,679,1072,50,50,1,-1,-1,-1
407,3,386,1086,50,50,1,-1,-1,-1
407,4,707,1081,50,50,1,-1,-1,-1
408,1,411,1069,50,50,1,-1,-1,-1
408,2,678,1071,50,50,1,-1,-1,-1
408,3,387,1085,50,50,1,-1,-1,-1
408,4,705,1078,50,50,1,-1,-1,-1
409,1,411,1070,50,50,1,-1,-1,-1
409,2,672,1071,50,50,1,-1,-1,-1
409,3,387,1082,50,50,1,-1,-1,-1
409,4,703,1075,50,50,1,-1,-1,-1
410,1,411,1071,50,50,1,-1,-1,-1
410,2,666,1072,50,50,1,-1,-1,-1
410,3,387,1079,50,50,1,-1,-1,-1
410,4,698,1074,50,50,1,-1,-1,-1
411,1,414,1074,50,50,1,-1,-1,-1
411,2,661,1074,50,50,1,-1,-1,-1
411,3,389,1080,50,50,1,-1,-1,-1
411,4,693,1073,50,50,1,-1,-1,-1
412,1,417,1081,50,50,1,-1,-1,-1
412,2,658,1084,50,50,1,-1,-1,-1
412,3,390,1082,50,50,1,-1,-1,-1
412,4,687,1076,50,50,1,-1,-1,-1
413,1,420,1091,50,50,1,-1,-1,-1
413,2,651,1093,50,50,1,-1,-1,-1
413,3,390,1088,50,50,1,-1,-1,-1
413,4,682,1083,50,50,1,-1,-1,-1
414,1,418,1102,50,50,1,-1,-1,-1
414,2,646,1108,50,50,1,-1,-1,-1
414,3,390,1098,50,50,1,-1,-1,-1
414,4,677,1093,50,50,1,-1,-1,-1
