1,1,471,1217,50,50,1,-1,-1,-1
1,2,607,1005,50,50,1,-1,-1,-1
1,3,474,1192,50,50,1,-1,-1,-1
1,4,584,1026,50,50,1,-1,-1,-1
2,1,486,1154,50,50,1,-1,-1,-1
2,2,609,1035,50,50,1,-1,-1,-1
2,3,485,1150,50,50,1,-1,-1,-1
2,4,583,1054,50,50,1,-1,-1,-1
3,1,495,1083,50,50,1,-1,-1,-1
3,2,608,1084,50,50,1,-1,-1,-1
3,3,498,1100,50,50,1,-1,-1,-1
3,4,580,1091,50,50,1,-1,-1,-1
4,1,504,1002,50,50,1,-1,-1,-1
4,2,602,1138,50,50,1,-1,-1,-1
4,3,507,1036,50,50,1,-1,-1,-1
4,4,575,1134,50,50,1,-1,-1,-1
5,1,513,927,50,50,1,-1,-1,-1
5,2,595,1189,50,50,1,-1,-1,-1
5,3,506,988,50,50,1,-1,-1,-1
5,4,568,1174,50,50,1,-1,-1,-1
6,1,518,854,50,50,1,-1,-1,-1
6,2,586,1218,50,50,1,-1,-1,-1
6,3,498,959,50,50,1,-1,-1,-1
6,4,558,1203,50,50,1,-1,-1,-1
7,1,522,785,50,50,1,-1,-1,-1
7,2,574,1235,50,50,1,-1,-1,-1
7,3,489,946,50,50,1,-1,-1,-1
7,4,546,1212,50,50,1,-1,-1,-1
8,1,526,720,50,50,1,-1,-1,-1
8,2,558,1245,50,50,1,-1,-1,-1
8,3,480,949,50,50,1,-1,-1,-1
8,4,538,1211,50,50,1,-1,-1,-1
9,1,528,663,50,50,1,-1,-1,-1
9,2,552,1235,50,50,1,-1,-1,-1
9,3,475,963,50,50,1,-1,-1,-1
9,4,531,1204,50,50,1,-1,-1,-1
10,1,533,614,50,50,1,-1,-1,-1
10,2,548,1201,50,50,1,-1,-1,-1
10,3,466,1006,50,50,1,-1,-1,-1
10,4,529,1183,50,50,1,-1,-1,-1
11,1,542,572,50,50,1,-1,-1,-1
11,2,549,1156,50,50,1,-1,-1,-1
11,3,460,1054,50,50,1,-1,-1,-1
11,4,527,1143,50,50,1,-1,-1,-1
12,1,549,535,50,50,1,-1,-1,-1
12,2,548,1088,50,50,1,-1,-1,-1
12,3,453,1105,50,50,1,-1,-1,-1
12,4,526,1094,50,50,1,-1,-1,-1
13,1,554,499,50,50,1,-1,-1,-1
13,2,541,1010,50,50,1,-1,-1,-1
13,3,449,1155,50,50,1,-1,-1,-1
13,4,528,1047,50,50,1,-1,-1,-1
14,1,559,471,50,50,1,-1,-1,-1
14,2,539,937,50,50,1,-1,-1,-1
14,3,448,1202,50,50,1,-1,-1,-1
14,4,529,1013,50,50,1,-1,-1,-1
15,1,563,449,50,50,1,-1,-1,-1
15,2,537,872,50,50,1,-1,-1,-1
15,3,451,1225,50,50,1,-1,-1,-1
15,4,532,987,50,50,1,-1,-1,-1
16,1,567,434,50,50,1,-1,-1,-1
16,2,533,810,50,50,1,-1,-1,-1
16,3,460,1224,50,50,1,-1,-1,-1
16,4,535,971,50,50,1,-1,-1,-1
17,1,573,423,50,50,1,-1,-1,-1
17,2,527,749,50,50,1,-1,-1,-1
17,3,470,1198,50,50,1,-1,-1,-1
17,4,534,972,50,50,1,-1,-1,-1
18,1,579,418,50,50,1,-1,-1,-1
18,2,520,690,50,50,1,-1,-1,-1
18,3,483,1134,50,50,1,-1,-1,-1
18,4,530,972,50,50,1,-1,-1,-1
19,1,585,417,50,50,1,-1,-1,-1
19,2,513,636,50,50,1,-1,-1,-1
19,3,493,1055,50,50,1,-1,-1,-1
19,4,527,974,50,50,1,-1,-1,-1
20,1,591,423,50,50,1,-1,-1,-1
20,2,506,592,50,50,1,-1,-1,-1
20,3,497,980,50,50,1,-1,-1,-1
20,4,523,978,50,50,1,-1,-1,-1
21,1,597,438,50,50,1,-1,-1,-1
21,2,499,556,50,50,1,-1,-1,-1
21,3,501,900,50,50,1,-1,-1,-1
21,4,517,988,50,50,1,-1,-1,-1
22,1,603,454,50,50,1,-1,-1,-1
22,2,492,525,50,50,1,-1,-1,-1
22,3,504,828,50,50,1,-1,-1,-1
22,4,514,1001,50,50,1,-1,-1,-1
23,1,609,474,50,50,1,-1,-1,-1
23,2,485,502,50,50,1,-1,-1,-1
23,3,507,758,50,50,1,-1,-1,-1
23,4,511,1021,50,50,1,-1,-1,-1
24,1,614,504,50,50,1,-1,-1,-1
24,2,479,484,50,50,1,-1,-1,-1
24,3,514,695,50,50,1,-1,-1,-1
24,4,506,1046,50,50,1,-1,-1,-1
25,1,618,538,50,50,1,-1,-1,-1
25,2,475,470,50,50,1,-1,-1,-1
25,3,520,637,50,50,1,-1,-1,-1
25,4,505,1072,50,50,1,-1,-1,-1
26,1,622,576,50,50,1,-1,-1,-1
26,2,471,459,50,50,1,-1,-1,-1
26,3,524,586,50,50,1,-1,-1,-1
26,4,505,1103,50,50,1,-1,-1,-1
27,1,626,617,50,50,1,-1,-1,-1
27,2,464,455,50,50,1,-1,-1,-1
27,3,528,538,50,50,1,-1,-1,-1
27,4,497,1139,50,50,1,-1,-1,-1
28,1,631,666,50,50,1,-1,-1,-1
28,2,455,456,50,50,1,-1,-1,-1
28,3,533,496,50,50,1,-1,-1,-1
28,4,488,1176,50,50,1,-1,-1,-1
29,1,636,716,50,50,1,-1,-1,-1
29,2,447,467,50,50,1,-1,-1,-1
29,3,537,465,50,50,1,-1,-1,-1
29,4,476,1208,50,50,1,-1,-1,-1
30,1,640,769,50,50,1,-1,-1,-1
30,2,439,481,50,50,1,-1,-1,-1
30,3,542,437,50,50,1,-1,-1,-1
30,4,465,1223,50,50,1,-1,-1,-1
31,1,645,825,50,50,1,-1,-1,-1
31,2,432,497,50,50,1,-1,-1,-1
31,3,548,412,50,50,1,-1,-1,-1
31,4,456,1217,50,50,1,-1,-1,-1
32,1,651,890,50,50,1,-1,-1,-1
32,2,425,519,50,50,1,-1,-1,-1
32,3,553,392,50,50,1,-1,-1,-1
32,4,458,1203,50,50,1,-1,-1,-1
33,1,651,942,50,50,1,-1,-1,-1
33,2,419,549,50,50,1,-1,-1,-1
33,3,557,379,50,50,1,-1,-1,-1
33,4,468,1168,50,50,1,-1,-1,-1
34,1,650,965,50,50,1,-1,-1,-1
34,2,415,592,50,50,1,-1,-1,-1
34,3,561,371,50,50,1,-1,-1,-1
34,4,484,1106,50,50,1,-1,-1,-1
35,1,645,988,50,50,1,-1,-1,-1
35,2,412,640,50,50,1,-1,-1,-1
35,3,566,371,50,50,1,-1,-1,-1
35,4,491,1029,50,50,1,-1,-1,-1
36,1,634,1015,50,50,1,-1,-1,-1
36,2,405,689,50,50,1,-1,-1,-1
36,3,571,375,50,50,1,-1,-1,-1
36,4,497,952,50,50,1,-1,-1,-1
37,1,620,1055,50,50,1,-1,-1,-1
37,2,398,741,50,50,1,-1,-1,-1
37,3,576,383,50,50,1,-1,-1,-1
37,4,503,883,50,50,1,-1,-1,-1
38,1,605,1099,50,50,1,-1,-1,-1
38,2,391,796,50,50,1,-1,-1,-1
38,3,580,401,50,50,1,-1,-1,-1
38,4,510,819,50,50,1,-1,-1,-1
39,1,589,1139,50,50,1,-1,-1,-1
39,2,385,855,50,50,1,-1,-1,-1
39,3,585,423,50,50,1,-1,-1,-1
39,4,518,761,50,50,1,-1,-1,-1
40,1,575,1172,50,50,1,-1,-1,-1
40,2,378,923,50,50,1,-1,-1,-1
40,3,592,451,50,50,1,-1,-1,-1
40,4,526,705,50,50,1,-1,-1,-1
41,1,560,1190,50,50,1,-1,-1,-1
41,2,373,979,50,50,1,-1,-1,-1
41,3,599,482,50,50,1,-1,-1,-1
41,4,534,654,50,50,1,-1,-1,-1
42,1,553,1174,50,50,1,-1,-1,-1
42,2,372,1012,50,50,1,-1,-1,-1
42,3,604,516,50,50,1,-1,-1,-1
42,4,542,612,50,50,1,-1,-1,-1
43,1,550,1138,50,50,1,-1,-1,-1
43,2,382,1036,50,50,1,-1,-1,-1
43,3,608,552,50,50,1,-1,-1,-1
43,4,548,578,50,50,1,-1,-1,-1
44,1,549,1076,50,50,1,-1,-1,-1
44,2,398,1060,50,50,1,-1,-1,-1
44,3,610,601,50,50,1,-1,-1,-1
44,4,554,548,50,50,1,-1,-1,-1
45,1,548,1009,50,50,1,-1,-1,-1
45,2,409,1096,50,50,1,-1,-1,-1
45,3,613,655,50,50,1,-1,-1,-1
45,4,562,520,50,50,1,-1,-1,-1
46,1,545,941,50,50,1,-1,-1,-1
46,2,419,1133,50,50,1,-1,-1,-1
46,3,616,710,50,50,1,-1,-1,-1
46,4,570,496,50,50,1,-1,-1,-1
47,1,541,875,50,50,1,-1,-1,-1
47,2,435,1163,50,50,1,-1,-1,-1
47,3,620,770,50,50,1,-1,-1,-1
47,4,577,478,50,50,1,-1,-1,-1
48,1,537,818,50,50,1,-1,-1,-1
48,2,445,1196,50,50,1,-1,-1,-1
48,3,626,839,50,50,1,-1,-1,-1
48,4,584,472,50,50,1,-1,-1,-1
49,1,534,766,50,50,1,-1,-1,-1
49,2,462,1206,50,50,1,-1,-1,-1
49,3,631,903,50,50,1,-1,-1,-1
49,4,593,472,50,50,1,-1,-1,-1
50,1,531,718,50,50,1,-1,-1,-1
50,2,470,1204,50,50,1,-1,-1,-1
50,3,631,946,50,50,1,-1,-1,-1
50,4,602,476,50,50,1,-1,-1,-1
51,1,528,673,50,50,1,-1,-1,-1
51,2,478,1181,50,50,1,-1,-1,-1
51,3,640,951,50,50,1,-1,-1,-1
51,4,610,486,50,50,1,-1,-1,-1
52,1,524,632,50,50,1,-1,-1,-1
52,2,487,1131,50,50,1,-1,-1,-1
52,3,627,957,50,50,1,-1,-1,-1
52,4,617,499,50,50,1,-1,-1,-1
53,1,520,596,50,50,1,-1,-1,-1
53,2,495,1060,50,50,1,-1,-1,-1
53,3,604,960,50,50,1,-1,-1,-1
53,4,623,519,50,50,1,-1,-1,-1
54,1,515,569,50,50,1,-1,-1,-1
54,2,497,988,50,50,1,-1,-1,-1
54,3,568,963,50,50,1,-1,-1,-1
54,4,631,538,50,50,1,-1,-1,-1
55,1,510,549,50,50,1,-1,-1,-1
55,2,498,921,50,50,1,-1,-1,-1
55,3,534,970,50,50,1,-1,-1,-1
55,4,637,567,50,50,1,-1,-1,-1
56,1,506,533,50,50,1,-1,-1,-1
56,2,503,865,50,50,1,-1,-1,-1
56,3,508,980,50,50,1,-1,-1,-1
56,4,644,602,50,50,1,-1,-1,-1
57,1,503,523,50,50,1,-1,-1,-1
57,2,506,805,50,50,1,-1,-1,-1
57,3,497,995,50,50,1,-1,-1,-1
57,4,651,641,50,50,1,-1,-1,-1
58,1,499,517,50,50,1,-1,-1,-1
58,2,508,751,50,50,1,-1,-1,-1
58,3,486,1025,50,50,1,-1,-1,-1
58,4,655,683,50,50,1,-1,-1,-1
59,1,494,519,50,50,1,-1,-1,-1
59,2,512,703,50,50,1,-1,-1,-1
59,3,479,1057,50,50,1,-1,-1,-1
59,4,660,728,50,50,1,-1,-1,-1
60,1,488,525,50,50,1,-1,-1,-1
60,2,517,660,50,50,1,-1,-1,-1
60,3,475,1091,50,50,1,-1,-1,-1
60,4,668,777,50,50,1,-1,-1,-1
61,1,483,535,50,50,1,-1,-1,-1
61,2,522,623,50,50,1,-1,-1,-1
61,3,471,1132,50,50,1,-1,-1,-1
61,4,677,833,50,50,1,-1,-1,-1
62,1,479,553,50,50,1,-1,-1,-1
62,2,525,595,50,50,1,-1,-1,-1
62,3,465,1173,50,50,1,-1,-1,-1
62,4,681,896,50,50,1,-1,-1,-1
63,1,475,575,50,50,1,-1,-1,-1
63,2,527,571,50,50,1,-1,-1,-1
63,3,460,1192,50,50,1,-1,-1,-1
63,4,689,954,50,50,1,-1,-1,-1
64,1,472,602,50,50,1,-1,-1,-1
64,2,529,551,50,50,1,-1,-1,-1
64,3,459,1205,50,50,1,-1,-1,-1
64,4,687,987,50,50,1,-1,-1,-1
65,1,469,636,50,50,1,-1,-1,-1
65,2,531,534,50,50,1,-1,-1,-1
65,3,463,1185,50,50,1,-1,-1,-1
65,4,685,1001,50,50,1,-1,-1,-1
66,1,466,674,50,50,1,-1,-1,-1
66,2,534,523,50,50,1,-1,-1,-1
66,3,475,1133,50,50,1,-1,-1,-1
66,4,682,1020,50,50,1,-1,-1,-1
67,1,463,717,50,50,1,-1,-1,-1
67,2,537,517,50,50,1,-1,-1,-1
67,3,486,1069,50,50,1,-1,-1,-1
67,4,674,1060,50,50,1,-1,-1,-1
68,1,458,768,50,50,1,-1,-1,-1
68,2,541,520,50,50,1,-1,-1,-1
68,3,493,999,50,50,1,-1,-1,-1
68,4,656,1097,50,50,1,-1,-1,-1
69,1,452,822,50,50,1,-1,-1,-1
69,2,546,532,50,50,1,-1,-1,-1
69,3,500,929,50,50,1,-1,-1,-1
69,4,638,1134,50,50,1,-1,-1,-1
70,1,446,882,50,50,1,-1,-1,-1
70,2,551,551,50,50,1,-1,-1,-1
70,3,507,859,50,50,1,-1,-1,-1
70,4,607,1168,50,50,1,-1,-1,-1
71,1,442,948,50,50,1,-1,-1,-1
71,2,556,573,50,50,1,-1,-1,-1
71,3,514,789,50,50,1,-1,-1,-1
71,4,569,1188,50,50,1,-1,-1,-1
72,1,441,997,50,50,1,-1,-1,-1
72,2,560,596,50,50,1,-1,-1,-1
72,3,521,722,50,50,1,-1,-1,-1
72,4,542,1188,50,50,1,-1,-1,-1
73,1,439,1029,50,50,1,-1,-1,-1
73,2,564,624,50,50,1,-1,-1,-1
73,3,530,667,50,50,1,-1,-1,-1
73,4,528,1168,50,50,1,-1,-1,-1
74,1,437,1055,50,50,1,-1,-1,-1
74,2,567,656,50,50,1,-1,-1,-1
74,3,540,622,50,50,1,-1,-1,-1
74,4,524,1134,50,50,1,-1,-1,-1
75,1,436,1085,50,50,1,-1,-1,-1
75,2,570,694,50,50,1,-1,-1,-1
75,3,549,583,50,50,1,-1,-1,-1
75,4,522,1087,50,50,1,-1,-1,-1
76,1,437,1119,50,50,1,-1,-1,-1
76,2,573,737,50,50,1,-1,-1,-1
76,3,558,547,50,50,1,-1,-1,-1
76,4,520,1015,50,50,1,-1,-1,-1
77,1,439,1154,50,50,1,-1,-1,-1
77,2,576,787,50,50,1,-1,-1,-1
77,3,567,512,50,50,1,-1,-1,-1
77,4,516,947,50,50,1,-1,-1,-1
78,1,442,1177,50,50,1,-1,-1,-1
78,2,579,841,50,50,1,-1,-1,-1
78,3,576,481,50,50,1,-1,-1,-1
78,4,514,885,50,50,1,-1,-1,-1
79,1,446,1193,50,50,1,-1,-1,-1
79,2,583,891,50,50,1,-1,-1,-1
79,3,584,456,50,50,1,-1,-1,-1
79,4,512,826,50,50,1,-1,-1,-1
80,1,450,1203,50,50,1,-1,-1,-1
80,2,589,938,50,50,1,-1,-1,-1
80,3,593,443,50,50,1,-1,-1,-1
80,4,512,771,50,50,1,-1,-1,-1
81,1,457,1197,50,50,1,-1,-1,-1
81,2,596,954,50,50,1,-1,-1,-1
81,3,602,434,50,50,1,-1,-1,-1
81,4,511,717,50,50,1,-1,-1,-1
82,1,467,1168,50,50,1,-1,-1,-1
82,2,595,952,50,50,1,-1,-1,-1
82,3,611,431,50,50,1,-1,-1,-1
82,4,508,673,50,50,1,-1,-1,-1
83,1,474,1109,50,50,1,-1,-1,-1
83,2,573,955,50,50,1,-1,-1,-1
83,3,620,431,50,50,1,-1,-1,-1
83,4,505,631,50,50,1,-1,-1,-1
84,1,480,1033,50,50,1,-1,-1,-1
84,2,543,958,50,50,1,-1,-1,-1
84,3,629,438,50,50,1,-1,-1,-1
84,4,502,594,50,50,1,-1,-1,-1
85,1,486,958,50,50,1,-1,-1,-1
85,2,521,965,50,50,1,-1,-1,-1
85,3,638,449,50,50,1,-1,-1,-1
85,4,499,564,50,50,1,-1,-1,-1
86,1,493,889,50,50,1,-1,-1,-1
86,2,498,979,50,50,1,-1,-1,-1
86,3,647,469,50,50,1,-1,-1,-1
86,4,496,538,50,50,1,-1,-1,-1
87,1,501,822,50,50,1,-1,-1,-1
87,2,486,996,50,50,1,-1,-1,-1
87,3,656,493,50,50,1,-1,-1,-1
87,4,492,518,50,50,1,-1,-1,-1
88,1,508,765,50,50,1,-1,-1,-1
88,2,478,1017,50,50,1,-1,-1,-1
88,3,665,522,50,50,1,-1,-1,-1
88,4,488,506,50,50,1,-1,-1,-1
89,1,515,713,50,50,1,-1,-1,-1
89,2,470,1039,50,50,1,-1,-1,-1
89,3,673,554,50,50,1,-1,-1,-1
89,4,484,500,50,50,1,-1,-1,-1
90,1,523,664,50,50,1,-1,-1,-1
90,2,462,1066,50,50,1,-1,-1,-1
90,3,681,594,50,50,1,-1,-1,-1
90,4,481,499,50,50,1,-1,-1,-1
91,1,531,620,50,50,1,-1,-1,-1
91,2,459,1101,50,50,1,-1,-1,-1
91,3,689,637,50,50,1,-1,-1,-1
91,4,477,500,50,50,1,-1,-1,-1
92,1,539,586,50,50,1,-1,-1,-1
92,2,461,1137,50,50,1,-1,-1,-1
92,3,696,689,50,50,1,-1,-1,-1
92,4,473,508,50,50,1,-1,-1,-1
93,1,545,558,50,50,1,-1,-1,-1
93,2,458,1177,50,50,1,-1,-1,-1
93,3,703,750,50,50,1,-1,-1,-1
93,4,470,526,50,50,1,-1,-1,-1
94,1,550,533,50,50,1,-1,-1,-1
94,2,452,1206,50,50,1,-1,-1,-1
94,3,710,813,50,50,1,-1,-1,-1
94,4,467,548,50,50,1,-1,-1,-1
95,1,557,512,50,50,1,-1,-1,-1
95,2,460,1215,50,50,1,-1,-1,-1
95,3,717,879,50,50,1,-1,-1,-1
95,4,464,574,50,50,1,-1,-1,-1
96,1,565,493,50,50,1,-1,-1,-1
96,2,465,1206,50,50,1,-1,-1,-1
96,3,728,926,50,50,1,-1,-1,-1
96,4,461,605,50,50,1,-1,-1,-1
97,1,573,478,50,50,1,-1,-1,-1
97,2,471,1176,50,50,1,-1,-1,-1
97,3,724,948,50,50,1,-1,-1,-1
97,4,459,642,50,50,1,-1,-1,-1
98,1,581,474,50,50,1,-1,-1,-1
98,2,478,1115,50,50,1,-1,-1,-1
98,3,712,976,50,50,1,-1,-1,-1
98,4,457,685,50,50,1,-1,-1,-1
99,1,589,478,50,50,1,-1,-1,-1
99,2,487,1044,50,50,1,-1,-1,-1
99,3,699,1005,50,50,1,-1,-1,-1
99,4,455,731,50,50,1,-1,-1,-1
100,1,597,488,50,50,1,-1,-1,-1
100,2,497,967,50,50,1,-1,-1,-1
100,3,671,1044,50,50,1,-1,-1,-1
100,4,452,784,50,50,1,-1,-1,-1
101,1,605,503,50,50,1,-1,-1,-1
101,2,507,894,50,50,1,-1,-1,-1
101,3,641,1087,50,50,1,-1,-1,-1
101,4,448,841,50,50,1,-1,-1,-1
102,1,613,522,50,50,1,-1,-1,-1
102,2,514,827,50,50,1,-1,-1,-1
102,3,611,1132,50,50,1,-1,-1,-1
102,4,445,908,50,50,1,-1,-1,-1
103,1,621,544,50,50,1,-1,-1,-1
103,2,520,763,50,50,1,-1,-1,-1
103,3,583,1167,50,50,1,-1,-1,-1
103,4,442,977,50,50,1,-1,-1,-1
104,1,628,571,50,50,1,-1,-1,-1
104,2,525,706,50,50,1,-1,-1,-1
104,3,568,1174,50,50,1,-1,-1,-1
104,4,434,1021,50,50,1,-1,-1,-1
105,1,633,613,50,50,1,-1,-1,-1
105,2,530,653,50,50,1,-1,-1,-1
105,3,563,1156,50,50,1,-1,-1,-1
105,4,427,1055,50,50,1,-1,-1,-1
106,1,638,662,50,50,1,-1,-1,-1
106,2,536,605,50,50,1,-1,-1,-1
106,3,554,1113,50,50,1,-1,-1,-1
106,4,426,1082,50,50,1,-1,-1,-1
107,1,647,703,50,50,1,-1,-1,-1
107,2,544,570,50,50,1,-1,-1,-1
107,3,548,1046,50,50,1,-1,-1,-1
107,4,429,1116,50,50,1,-1,-1,-1
108,1,655,752,50,50,1,-1,-1,-1
108,2,551,540,50,50,1,-1,-1,-1
108,3,543,977,50,50,1,-1,-1,-1
108,4,432,1153,50,50,1,-1,-1,-1
109,1,663,804,50,50,1,-1,-1,-1
109,2,557,513,50,50,1,-1,-1,-1
109,3,542,911,50,50,1,-1,-1,-1
109,4,436,1187,50,50,1,-1,-1,-1
110,1,669,863,50,50,1,-1,-1,-1
110,2,563,490,50,50,1,-1,-1,-1
110,3,540,845,50,50,1,-1,-1,-1
110,4,443,1207,50,50,1,-1,-1,-1
111,1,675,925,50,50,1,-1,-1,-1
111,2,568,468,50,50,1,-1,-1,-1
111,3,536,781,50,50,1,-1,-1,-1
111,4,446,1221,50,50,1,-1,-1,-1
112,1,684,977,50,50,1,-1,-1,-1
112,2,573,456,50,50,1,-1,-1,-1
112,3,531,722,50,50,1,-1,-1,-1
112,4,453,1220,50,50,1,-1,-1,-1
113,1,687,995,50,50,1,-1,-1,-1
113,2,578,450,50,50,1,-1,-1,-1
113,3,527,668,50,50,1,-1,-1,-1
113,4,462,1203,50,50,1,-1,-1,-1
114,1,671,989,50,50,1,-1,-1,-1
114,2,584,453,50,50,1,-1,-1,-1
114,3,523,621,50,50,1,-1,-1,-1
114,4,467,1163,50,50,1,-1,-1,-1
115,1,644,986,50,50,1,-1,-1,-1
115,2,591,461,50,50,1,-1,-1,-1
115,3,518,582,50,50,1,-1,-1,-1
115,4,473,1092,50,50,1,-1,-1,-1
116,1,605,988,50,50,1,-1,-1,-1
116,2,599,472,50,50,1,-1,-1,-1
116,3,514,550,50,50,1,-1,-1,-1
116,4,479,1012,50,50,1,-1,-1,-1
117,1,557,988,50,50,1,-1,-1,-1
117,2,607,485,50,50,1,-1,-1,-1
117,3,506,526,50,50,1,-1,-1,-1
117,4,485,938,50,50,1,-1,-1,-1
118,1,516,992,50,50,1,-1,-1,-1
118,2,613,506,50,50,1,-1,-1,-1
118,3,500,503,50,50,1,-1,-1,-1
118,4,493,871,50,50,1,-1,-1,-1
119,1,489,999,50,50,1,-1,-1,-1
119,2,618,534,50,50,1,-1,-1,-1
119,3,496,486,50,50,1,-1,-1,-1
119,4,503,807,50,50,1,-1,-1,-1
120,1,481,1006,50,50,1,-1,-1,-1
120,2,624,567,50,50,1,-1,-1,-1
120,3,492,471,50,50,1,-1,-1,-1
120,4,513,742,50,50,1,-1,-1,-1
121,1,474,1038,50,50,1,-1,-1,-1
121,2,630,605,50,50,1,-1,-1,-1
121,3,487,466,50,50,1,-1,-1,-1
121,4,521,691,50,50,1,-1,-1,-1
122,1,466,1074,50,50,1,-1,-1,-1
122,2,637,655,50,50,1,-1,-1,-1
122,3,481,467,50,50,1,-1,-1,-1
122,4,528,642,50,50,1,-1,-1,-1
123,1,457,1108,50,50,1,-1,-1,-1
123,2,643,702,50,50,1,-1,-1,-1
123,3,474,474,50,50,1,-1,-1,-1
123,4,535,594,50,50,1,-1,-1,-1
124,1,448,1142,50,50,1,-1,-1,-1
124,2,648,756,50,50,1,-1,-1,-1
124,3,468,486,50,50,1,-1,-1,-1
124,4,541,552,50,50,1,-1,-1,-1
125,1,441,1174,50,50,1,-1,-1,-1
125,2,653,813,50,50,1,-1,-1,-1
125,3,462,501,50,50,1,-1,-1,-1
125,4,546,524,50,50,1,-1,-1,-1
126,1,445,1197,50,50,1,-1,-1,-1
126,2,659,873,50,50,1,-1,-1,-1
126,3,459,525,50,50,1,-1,-1,-1
126,4,553,497,50,50,1,-1,-1,-1
127,1,446,1197,50,50,1,-1,-1,-1
127,2,665,931,50,50,1,-1,-1,-1
127,3,455,555,50,50,1,-1,-1,-1
127,4,561,477,50,50,1,-1,-1,-1
128,1,453,1171,50,50,1,-1,-1,-1
128,2,666,969,50,50,1,-1,-1,-1
128,3,451,588,50,50,1,-1,-1,-1
128,4,569,463,50,50,1,-1,-1,-1
129,1,464,1122,50,50,1,-1,-1,-1
129,2,662,994,50,50,1,-1,-1,-1
129,3,446,631,50,50,1,-1,-1,-1
129,4,576,452,50,50,1,-1,-1,-1
130,1,477,1056,50,50,1,-1,-1,-1
130,2,656,1028,50,50,1,-1,-1,-1
130,3,441,675,50,50,1,-1,-1,-1
130,4,582,448,50,50,1,-1,-1,-1
131,1,488,980,50,50,1,-1,-1,-1
131,2,642,1073,50,50,1,-1,-1,-1
131,3,436,721,50,50,1,-1,-1,-1
131,4,590,453,50,50,1,-1,-1,-1
132,1,498,907,50,50,1,-1,-1,-1
132,2,627,1123,50,50,1,-1,-1,-1
132,3,432,772,50,50,1,-1,-1,-1
132,4,598,459,50,50,1,-1,-1,-1
133,1,508,838,50,50,1,-1,-1,-1
133,2,608,1169,50,50,1,-1,-1,-1
133,3,429,829,50,50,1,-1,-1,-1
133,4,605,466,50,50,1,-1,-1,-1
134,1,518,775,50,50,1,-1,-1,-1
134,2,589,1199,50,50,1,-1,-1,-1
134,3,424,892,50,50,1,-1,-1,-1
134,4,611,481,50,50,1,-1,-1,-1
135,1,529,723,50,50,1,-1,-1,-1
135,2,579,1204,50,50,1,-1,-1,-1
135,3,418,960,50,50,1,-1,-1,-1
135,4,619,509,50,50,1,-1,-1,-1
136,1,540,674,50,50,1,-1,-1,-1
136,2,574,1194,50,50,1,-1,-1,-1
136,3,413,1010,50,50,1,-1,-1,-1
136,4,627,540,50,50,1,-1,-1,-1
137,1,551,625,50,50,1,-1,-1,-1
137,2,573,1166,50,50,1,-1,-1,-1
137,3,410,1047,50,50,1,-1,-1,-1
137,4,635,572,50,50,1,-1,-1,-1
138,1,562,579,50,50,1,-1,-1,-1
138,2,576,1111,50,50,1,-1,-1,-1
138,3,413,1077,50,50,1,-1,-1,-1
138,4,639,609,50,50,1,-1,-1,-1
139,1,572,540,50,50,1,-1,-1,-1
139,2,579,1033,50,50,1,-1,-1,-1
139,3,419,1110,50,50,1,-1,-1,-1
139,4,644,652,50,50,1,-1,-1,-1
140,1,581,512,50,50,1,-1,-1,-1
140,2,576,960,50,50,1,-1,-1,-1
140,3,426,1142,50,50,1,-1,-1,-1
140,4,652,697,50,50,1,-1,-1,-1
141,1,590,490,50,50,1,-1,-1,-1
141,2,571,890,50,50,1,-1,-1,-1
141,3,434,1166,50,50,1,-1,-1,-1
141,4,658,748,50,50,1,-1,-1,-1
142,1,599,470,50,50,1,-1,-1,-1
142,2,564,824,50,50,1,-1,-1,-1
142,3,442,1180,50,50,1,-1,-1,-1
142,4,665,804,50,50,1,-1,-1,-1
143,1,609,456,50,50,1,-1,-1,-1
143,2,557,762,50,50,1,-1,-1,-1
143,3,451,1195,50,50,1,-1,-1,-1
143,4,672,866,50,50,1,-1,-1,-1
144,1,620,451,50,50,1,-1,-1,-1
144,2,551,702,50,50,1,-1,-1,-1
144,3,459,1210,50,50,1,-1,-1,-1
144,4,679,928,50,50,1,-1,-1,-1
145,1,631,449,50,50,1,-1,-1,-1
145,2,545,644,50,50,1,-1,-1,-1
145,3,469,1205,50,50,1,-1,-1,-1
145,4,688,950,50,50,1,-1,-1,-1
146,1,642,451,50,50,1,-1,-1,-1
146,2,540,595,50,50,1,-1,-1,-1
146,3,479,1179,50,50,1,-1,-1,-1
146,4,688,957,50,50,1,-1,-1,-1
147,1,653,459,50,50,1,-1,-1,-1
147,2,535,555,50,50,1,-1,-1,-1
147,3,490,1134,50,50,1,-1,-1,-1
147,4,670,962,50,50,1,-1,-1,-1
148,1,663,470,50,50,1,-1,-1,-1
148,2,530,520,50,50,1,-1,-1,-1
148,3,501,1067,50,50,1,-1,-1,-1
148,4,634,965,50,50,1,-1,-1,-1
149,1,672,489,50,50,1,-1,-1,-1
149,2,525,487,50,50,1,-1,-1,-1
149,3,506,991,50,50,1,-1,-1,-1
149,4,590,972,50,50,1,-1,-1,-1
150,1,681,513,50,50,1,-1,-1,-1
150,2,520,459,50,50,1,-1,-1,-1
150,3,511,915,50,50,1,-1,-1,-1
150,4,550,984,50,50,1,-1,-1,-1
151,1,691,542,50,50,1,-1,-1,-1
151,2,513,438,50,50,1,-1,-1,-1
151,3,514,852,50,50,1,-1,-1,-1
151,4,523,1001,50,50,1,-1,-1,-1
152,1,702,575,50,50,1,-1,-1,-1
152,2,506,421,50,50,1,-1,-1,-1
152,3,522,790,50,50,1,-1,-1,-1
152,4,502,1014,50,50,1,-1,-1,-1
153,1,713,615,50,50,1,-1,-1,-1
153,2,498,409,50,50,1,-1,-1,-1
153,3,530,734,50,50,1,-1,-1,-1
153,4,487,1040,50,50,1,-1,-1,-1
154,1,724,666,50,50,1,-1,-1,-1
154,2,489,409,50,50,1,-1,-1,-1
154,3,536,681,50,50,1,-1,-1,-1
154,4,477,1070,50,50,1,-1,-1,-1
155,1,733,721,50,50,1,-1,-1,-1
155,2,482,413,50,50,1,-1,-1,-1
155,3,542,635,50,50,1,-1,-1,-1
155,4,469,1102,50,50,1,-1,-1,-1
156,1,741,777,50,50,1,-1,-1,-1
156,2,475,421,50,50,1,-1,-1,-1
156,3,548,597,50,50,1,-1,-1,-1
156,4,463,1137,50,50,1,-1,-1,-1
157,1,749,836,50,50,1,-1,-1,-1
157,2,469,434,50,50,1,-1,-1,-1
157,3,554,562,50,50,1,-1,-1,-1
157,4,455,1176,50,50,1,-1,-1,-1
158,1,757,897,50,50,1,-1,-1,-1
158,2,465,449,50,50,1,-1,-1,-1
158,3,560,532,50,50,1,-1,-1,-1
158,4,451,1205,50,50,1,-1,-1,-1
159,1,765,959,50,50,1,-1,-1,-1
159,2,460,478,50,50,1,-1,-1,-1
159,3,565,508,50,50,1,-1,-1,-1
159,4,458,1215,50,50,1,-1,-1,-1
160,1,761,985,50,50,1,-1,-1,-1
160,2,455,517,50,50,1,-1,-1,-1
160,3,571,490,50,50,1,-1,-1,-1
160,4,462,1210,50,50,1,-1,-1,-1
161,1,743,1017,50,50,1,-1,-1,-1
161,2,448,548,50,50,1,-1,-1,-1
161,3,577,475,50,50,1,-1,-1,-1
161,4,469,1172,50,50,1,-1,-1,-1
162,1,715,1044,50,50,1,-1,-1,-1
162,2,441,586,50,50,1,-1,-1,-1
162,3,584,466,50,50,1,-1,-1,-1
162,4,477,1113,50,50,1,-1,-1,-1
163,1,685,1075,50,50,1,-1,-1,-1
163,2,436,629,50,50,1,-1,-1,-1
163,3,592,465,50,50,1,-1,-1,-1
163,4,484,1049,50,50,1,-1,-1,-1
164,1,651,1114,50,50,1,-1,-1,-1
164,2,432,682,50,50,1,-1,-1,-1
164,3,600,470,50,50,1,-1,-1,-1
164,4,493,980,50,50,1,-1,-1,-1
165,1,610,1152,50,50,1,-1,-1,-1
165,2,427,741,50,50,1,-1,-1,-1
165,3,607,478,50,50,1,-1,-1,-1
165,4,501,912,50,50,1,-1,-1,-1
166,1,575,1180,50,50,1,-1,-1,-1
166,2,419,807,50,50,1,-1,-1,-1
166,3,613,495,50,50,1,-1,-1,-1
166,4,505,846,50,50,1,-1,-1,-1
167,1,554,1193,50,50,1,-1,-1,-1
167,2,414,875,50,50,1,-1,-1,-1
167,3,618,520,50,50,1,-1,-1,-1
167,4,509,780,50,50,1,-1,-1,-1
168,1,539,1187,50,50,1,-1,-1,-1
168,2,408,942,50,50,1,-1,-1,-1
168,3,624,549,50,50,1,-1,-1,-1
168,4,515,727,50,50,1,-1,-1,-1
169,1,531,1162,50,50,1,-1,-1,-1
169,2,400,992,50,50,1,-1,-1,-1
169,3,630,581,50,50,1,-1,-1,-1
169,4,523,681,50,50,1,-1,-1,-1
170,1,526,1112,50,50,1,-1,-1,-1
170,2,397,1028,50,50,1,-1,-1,-1
170,3,636,619,50,50,1,-1,-1,-1
170,4,531,638,50,50,1,-1,-1,-1
171,1,525,1046,50,50,1,-1,-1,-1
171,2,399,1064,50,50,1,-1,-1,-1
171,3,642,661,50,50,1,-1,-1,-1
171,4,538,598,50,50,1,-1,-1,-1
172,1,523,980,50,50,1,-1,-1,-1
172,2,403,1105,50,50,1,-1,-1,-1
172,3,647,705,50,50,1,-1,-1,-1
172,4,545,565,50,50,1,-1,-1,-1
173,1,521,914,50,50,1,-1,-1,-1
173,2,412,1146,50,50,1,-1,-1,-1
173,3,651,755,50,50,1,-1,-1,-1
173,4,551,539,50,50,1,-1,-1,-1
174,1,521,851,50,50,1,-1,-1,-1
174,2,424,1182,50,50,1,-1,-1,-1
174,3,656,816,50,50,1,-1,-1,-1
174,4,558,522,50,50,1,-1,-1,-1
175,1,520,791,50,50,1,-1,-1,-1
175,2,438,1206,50,50,1,-1,-1,-1
175,3,662,880,50,50,1,-1,-1,-1
175,4,565,507,50,50,1,-1,-1,-1
176,1,518,742,50,50,1,-1,-1,-1
176,2,446,1207,50,50,1,-1,-1,-1
176,3,669,950,50,50,1,-1,-1,-1
176,4,572,494,50,50,1,-1,-1,-1
177,1,514,703,50,50,1,-1,-1,-1
177,2,455,1193,50,50,1,-1,-1,-1
177,3,676,1001,50,50,1,-1,-1,-1
177,4,579,491,50,50,1,-1,-1,-1
178,1,511,668,50,50,1,-1,-1,-1
178,2,467,1157,50,50,1,-1,-1,-1
178,3,672,999,50,50,1,-1,-1,-1
178,4,587,492,50,50,1,-1,-1,-1
179,1,509,635,50,50,1,-1,-1,-1
179,2,473,1100,50,50,1,-1,-1,-1
179,3,652,996,50,50,1,-1,-1,-1
179,4,595,499,50,50,1,-1,-1,-1
180,1,507,603,50,50,1,-1,-1,-1
180,2,479,1027,50,50,1,-1,-1,-1
180,3,617,991,50,50,1,-1,-1,-1
180,4,603,509,50,50,1,-1,-1,-1
181,1,505,580,50,50,1,-1,-1,-1
181,2,485,953,50,50,1,-1,-1,-1
181,3,581,986,50,50,1,-1,-1,-1
181,4,610,523,50,50,1,-1,-1,-1
182,1,503,570,50,50,1,-1,-1,-1
182,2,491,889,50,50,1,-1,-1,-1
182,3,544,988,50,50,1,-1,-1,-1
182,4,616,550,50,50,1,-1,-1,-1
183,1,501,561,50,50,1,-1,-1,-1
183,2,497,827,50,50,1,-1,-1,-1
183,3,512,991,50,50,1,-1,-1,-1
183,4,621,583,50,50,1,-1,-1,-1
184,1,498,556,50,50,1,-1,-1,-1
184,2,504,771,50,50,1,-1,-1,-1
184,3,488,999,50,50,1,-1,-1,-1
184,4,627,622,50,50,1,-1,-1,-1
185,1,494,555,50,50,1,-1,-1,-1
185,2,512,721,50,50,1,-1,-1,-1
185,3,476,1015,50,50,1,-1,-1,-1
185,4,633,668,50,50,1,-1,-1,-1
186,1,490,562,50,50,1,-1,-1,-1
186,2,521,682,50,50,1,-1,-1,-1
186,3,470,1046,50,50,1,-1,-1,-1
186,4,639,715,50,50,1,-1,-1,-1
187,1,488,574,50,50,1,-1,-1,-1
187,2,529,646,50,50,1,-1,-1,-1
187,3,467,1082,50,50,1,-1,-1,-1
187,4,644,763,50,50,1,-1,-1,-1
188,1,487,594,50,50,1,-1,-1,-1
188,2,537,612,50,50,1,-1,-1,-1
188,3,465,1117,50,50,1,-1,-1,-1
188,4,649,820,50,50,1,-1,-1,-1
189,1,486,619,50,50,1,-1,-1,-1
189,2,544,582,50,50,1,-1,-1,-1
189,3,463,1149,50,50,1,-1,-1,-1
189,4,656,881,50,50,1,-1,-1,-1
190,1,483,648,50,50,1,-1,-1,-1
190,2,550,556,50,50,1,-1,-1,-1
190,3,459,1175,50,50,1,-1,-1,-1
190,4,664,940,50,50,1,-1,-1,-1
191,1,480,680,50,50,1,-1,-1,-1
191,2,554,541,50,50,1,-1,-1,-1
191,3,455,1196,50,50,1,-1,-1,-1
191,4,665,978,50,50,1,-1,-1,-1
192,1,477,716,50,50,1,-1,-1,-1
192,2,559,536,50,50,1,-1,-1,-1
192,3,465,1167,50,50,1,-1,-1,-1
192,4,654,1001,50,50,1,-1,-1,-1
193,1,474,756,50,50,1,-1,-1,-1
193,2,564,532,50,50,1,-1,-1,-1
193,3,473,1125,50,50,1,-1,-1,-1
193,4,640,1026,50,50,1,-1,-1,-1
194,1,472,798,50,50,1,-1,-1,-1
194,2,571,532,50,50,1,-1,-1,-1
194,3,480,1066,50,50,1,-1,-1,-1
194,4,625,1056,50,50,1,-1,-1,-1
195,1,471,857,50,50,1,-1,-1,-1
195,2,579,538,50,50,1,-1,-1,-1
195,3,489,999,50,50,1,-1,-1,-1
195,4,613,1084,50,50,1,-1,-1,-1
196,1,470,917,50,50,1,-1,-1,-1
196,2,588,548,50,50,1,-1,-1,-1
196,3,496,926,50,50,1,-1,-1,-1
196,4,598,1125,50,50,1,-1,-1,-1
197,1,469,976,50,50,1,-1,-1,-1
197,2,597,568,50,50,1,-1,-1,-1
197,3,505,855,50,50,1,-1,-1,-1
197,4,583,1165,50,50,1,-1,-1,-1
198,1,467,1006,50,50,1,-1,-1,-1
198,2,605,592,50,50,1,-1,-1,-1
198,3,515,789,50,50,1,-1,-1,-1
198,4,573,1188,50,50,1,-1,-1,-1
199,1,463,1024,50,50,1,-1,-1,-1
199,2,612,623,50,50,1,-1,-1,-1
199,3,524,730,50,50,1,-1,-1,-1
199,4,572,1174,50,50,1,-1,-1,-1
200,1,459,1046,50,50,1,-1,-1,-1
200,2,619,656,50,50,1,-1,-1,-1
200,3,534,686,50,50,1,-1,-1,-1
200,4,573,1144,50,50,1,-1,-1,-1
201,1,455,1069,50,50,1,-1,-1,-1
201,2,625,693,50,50,1,-1,-1,-1
201,3,544,645,50,50,1,-1,-1,-1
201,4,568,1087,50,50,1,-1,-1,-1
202,1,445,1109,50,50,1,-1,-1,-1
202,2,631,737,50,50,1,-1,-1,-1
202,3,554,606,50,50,1,-1,-1,-1
202,4,561,1018,50,50,1,-1,-1,-1
203,1,440,1139,50,50,1,-1,-1,-1
203,2,637,789,50,50,1,-1,-1,-1
203,3,563,568,50,50,1,-1,-1,-1
203,4,554,949,50,50,1,-1,-1,-1
204,1,434,1182,50,50,1,-1,-1,-1
204,2,643,843,50,50,1,-1,-1,-1
204,3,572,536,50,50,1,-1,-1,-1
204,4,547,893,50,50,1,-1,-1,-1
205,1,427,1210,50,50,1,-1,-1,-1
205,2,649,901,50,50,1,-1,-1,-1
205,3,581,515,50,50,1,-1,-1,-1
205,4,541,842,50,50,1,-1,-1,-1
206,1,431,1225,50,50,1,-1,-1,-1
206,2,655,950,50,50,1,-1,-1,-1
206,3,590,499,50,50,1,-1,-1,-1
206,4,533,791,50,50,1,-1,-1,-1
207,1,447,1225,50,50,1,-1,-1,-1
207,2,660,977,50,50,1,-1,-1,-1
207,3,599,486,50,50,1,-1,-1,-1
207,4,525,740,50,50,1,-1,-1,-1
208,1,467,1203,50,50,1,-1,-1,-1
208,2,653,980,50,50,1,-1,-1,-1
208,3,609,475,50,50,1,-1,-1,-1
208,4,517,693,50,50,1,-1,-1,-1
209,1,483,1136,50,50,1,-1,-1,-1
209,2,632,980,50,50,1,-1,-1,-1
209,3,622,473,50,50,1,-1,-1,-1
209,4,510,657,50,50,1,-1,-1,-1
210,1,495,1059,50,50,1,-1,-1,-1
210,2,600,979,50,50,1,-1,-1,-1
210,3,632,480,50,50,1,-1,-1,-1
210,4,503,624,50,50,1,-1,-1,-1
211,1,505,986,50,50,1,-1,-1,-1
211,2,568,978,50,50,1,-1,-1,-1
211,3,642,492,50,50,1,-1,-1,-1
211,4,495,595,50,50,1,-1,-1,-1
212,1,513,915,50,50,1,-1,-1,-1
212,2,538,984,50,50,1,-1,-1,-1
212,3,651,506,50,50,1,-1,-1,-1
212,4,486,571,50,50,1,-1,-1,-1
213,1,521,847,50,50,1,-1,-1,-1
213,2,511,994,50,50,1,-1,-1,-1
213,3,659,526,50,50,1,-1,-1,-1
213,4,476,555,50,50,1,-1,-1,-1
214,1,532,784,50,50,1,-1,-1,-1
214,2,490,1009,50,50,1,-1,-1,-1
214,3,667,551,50,50,1,-1,-1,-1
214,4,466,541,50,50,1,-1,-1,-1
215,1,543,725,50,50,1,-1,-1,-1
215,2,477,1031,50,50,1,-1,-1,-1
215,3,676,579,50,50,1,-1,-1,-1
215,4,455,541,50,50,1,-1,-1,-1
216,1,554,674,50,50,1,-1,-1,-1
216,2,470,1058,50,50,1,-1,-1,-1
216,3,685,618,50,50,1,-1,-1,-1
216,4,446,542,50,50,1,-1,-1,-1
217,1,564,632,50,50,1,-1,-1,-1
217,2,463,1094,50,50,1,-1,-1,-1
217,3,693,665,50,50,1,-1,-1,-1
217,4,436,549,50,50,1,-1,-1,-1
218,1,573,594,50,50,1,-1,-1,-1
218,2,453,1138,50,50,1,-1,-1,-1
218,3,702,715,50,50,1,-1,-1,-1
218,4,428,560,50,50,1,-1,-1,-1
219,1,581,556,50,50,1,-1,-1,-1
219,2,443,1177,50,50,1,-1,-1,-1
219,3,712,766,50,50,1,-1,-1,-1
219,4,421,579,50,50,1,-1,-1,-1
220,1,589,519,50,50,1,-1,-1,-1
220,2,441,1197,50,50,1,-1,-1,-1
220,3,721,821,50,50,1,-1,-1,-1
220,4,413,606,50,50,1,-1,-1,-1
221,1,598,494,50,50,1,-1,-1,-1
221,2,446,1176,50,50,1,-1,-1,-1
221,3,730,876,50,50,1,-1,-1,-1
221,4,404,638,50,50,1,-1,-1,-1
222,1,608,476,50,50,1,-1,-1,-1
222,2,459,1122,50,50,1,-1,-1,-1
222,3,735,926,50,50,1,-1,-1,-1
222,4,395,673,50,50,1,-1,-1,-1
223,1,619,462,50,50,1,-1,-1,-1
223,2,473,1054,50,50,1,-1,-1,-1
223,3,721,951,50,50,1,-1,-1,-1
223,4,387,712,50,50,1,-1,-1,-1
224,1,629,456,50,50,1,-1,-1,-1
224,2,487,981,50,50,1,-1,-1,-1
224,3,712,974,50,50,1,-1,-1,-1
224,4,380,758,50,50,1,-1,-1,-1
225,1,638,455,50,50,1,-1,-1,-1
225,2,497,909,50,50,1,-1,-1,-1
225,3,696,1004,50,50,1,-1,-1,-1
225,4,373,810,50,50,1,-1,-1,-1
226,1,647,457,50,50,1,-1,-1,-1
226,2,506,840,50,50,1,-1,-1,-1
226,3,678,1043,50,50,1,-1,-1,-1
226,4,364,869,50,50,1,-1,-1,-1
227,1,656,464,50,50,1,-1,-1,-1
227,2,515,775,50,50,1,-1,-1,-1
227,3,660,1086,50,50,1,-1,-1,-1
227,4,355,934,50,50,1,-1,-1,-1
228,1,665,477,50,50,1,-1,-1,-1
228,2,524,716,50,50,1,-1,-1,-1
228,3,639,1140,50,50,1,-1,-1,-1
228,4,346,1001,50,50,1,-1,-1,-1
229,1,674,497,50,50,1,-1,-1,-1
229,2,535,664,50,50,1,-1,-1,-1
229,3,610,1183,50,50,1,-1,-1,-1
229,4,340,1048,50,50,1,-1,-1,-1
230,1,684,521,50,50,1,-1,-1,-1
230,2,548,624,50,50,1,-1,-1,-1
230,3,598,1175,50,50,1,-1,-1,-1
230,4,349,1080,50,50,1,-1,-1,-1
231,1,694,550,50,50,1,-1,-1,-1
231,2,558,586,50,50,1,-1,-1,-1
231,3,591,1145,50,50,1,-1,-1,-1
231,4,370,1105,50,50,1,-1,-1,-1
232,1,703,584,50,50,1,-1,-1,-1
232,2,569,551,50,50,1,-1,-1,-1
232,3,592,1089,50,50,1,-1,-1,-1
232,4,390,1121,50,50,1,-1,-1,-1
233,1,711,625,50,50,1,-1,-1,-1
233,2,580,518,50,50,1,-1,-1,-1
233,3,592,1018,50,50,1,-1,-1,-1
233,4,408,1141,50,50,1,-1,-1,-1
234,1,719,673,50,50,1,-1,-1,-1
234,2,590,492,50,50,1,-1,-1,-1
234,3,589,947,50,50,1,-1,-1,-1
234,4,423,1171,50,50,1,-1,-1,-1
235,1,728,722,50,50,1,-1,-1,-1
235,2,601,473,50,50,1,-1,-1,-1
235,3,586,881,50,50,1,-1,-1,-1
235,4,438,1202,50,50,1,-1,-1,-1
236,1,737,775,50,50,1,-1,-1,-1
236,2,613,457,50,50,1,-1,-1,-1
236,3,584,823,50,50,1,-1,-1,-1
236,4,455,1217,50,50,1,-1,-1,-1
237,1,746,833,50,50,1,-1,-1,-1
237,2,624,451,50,50,1,-1,-1,-1
237,3,582,767,50,50,1,-1,-1,-1
237,4,469,1212,50,50,1,-1,-1,-1
238,1,755,894,50,50,1,-1,-1,-1
238,2,634,453,50,50,1,-1,-1,-1
238,3,578,714,50,50,1,-1,-1,-1
238,4,486,1210,50,50,1,-1,-1,-1
239,1,762,917,50,50,1,-1,-1,-1
239,2,645,459,50,50,1,-1,-1,-1
239,3,574,662,50,50,1,-1,-1,-1
239,4,499,1193,50,50,1,-1,-1,-1
240,1,754,924,50,50,1,-1,-1,-1
240,2,656,466,50,50,1,-1,-1,-1
240,3,569,626,50,50,1,-1,-1,-1
240,4,507,1148,50,50,1,-1,-1,-1
241,1,719,925,50,50,1,-1,-1,-1
241,2,666,478,50,50,1,-1,-1,-1
241,3,565,591,50,50,1,-1,-1,-1
241,4,516,1072,50,50,1,-1,-1,-1
242,1,669,932,50,50,1,-1,-1,-1
242,2,675,498,50,50,1,-1,-1,-1
242,3,563,559,50,50,1,-1,-1,-1
242,4,526,994,50,50,1,-1,-1,-1
243,1,619,950,50,50,1,-1,-1,-1
243,2,684,526,50,50,1,-1,-1,-1
243,3,561,532,50,50,1,-1,-1,-1
243,4,530,926,50,50,1,-1,-1,-1
244,1,574,966,50,50,1,-1,-1,-1
244,2,694,564,50,50,1,-1,-1,-1
244,3,557,512,50,50,1,-1,-1,-1
244,4,534,871,50,50,1,-1,-1,-1
245,1,533,988,50,50,1,-1,-1,-1
245,2,706,600,50,50,1,-1,-1,-1
245,3,553,498,50,50,1,-1,-1,-1
245,4,537,817,50,50,1,-1,-1,-1
246,1,516,1004,50,50,1,-1,-1,-1
246,2,716,642,50,50,1,-1,-1,-1
246,3,547,495,50,50,1,-1,-1,-1
246,4,540,761,50,50,1,-1,-1,-1
247,1,505,1030,50,50,1,-1,-1,-1
247,2,726,688,50,50,1,-1,-1,-1
247,3,542,496,50,50,1,-1,-1,-1
247,4,545,716,50,50,1,-1,-1,-1
248,1,495,1060,50,50,1,-1,-1,-1
248,2,738,744,50,50,1,-1,-1,-1
248,3,536,501,50,50,1,-1,-1,-1
248,4,550,672,50,50,1,-1,-1,-1
249,1,488,1097,50,50,1,-1,-1,-1
249,2,750,802,50,50,1,-1,-1,-1
249,3,530,513,50,50,1,-1,-1,-1
249,4,553,633,50,50,1,-1,-1,-1
250,1,479,1136,50,50,1,-1,-1,-1
250,2,757,862,50,50,1,-1,-1,-1
250,3,524,528,50,50,1,-1,-1,-1
250,4,556,603,50,50,1,-1,-1,-1
251,1,474,1173,50,50,1,-1,-1,-1
251,2,767,922,50,50,1,-1,-1,-1
251,3,520,546,50,50,1,-1,-1,-1
251,4,559,576,50,50,1,-1,-1,-1
252,1,474,1198,50,50,1,-1,-1,-1
252,2,767,958,50,50,1,-1,-1,-1
252,3,518,571,50,50,1,-1,-1,-1
252,4,564,557,50,50,1,-1,-1,-1
253,1,481,1201,50,50,1,-1,-1,-1
253,2,756,982,50,50,1,-1,-1,-1
253,3,517,606,50,50,1,-1,-1,-1
253,4,569,545,50,50,1,-1,-1,-1
254,1,490,1171,50,50,1,-1,-1,-1
254,2,735,1012,50,50,1,-1,-1,-1
254,3,515,644,50,50,1,-1,-1,-1
254,4,573,538,50,50,1,-1,-1,-1
255,1,500,1113,50,50,1,-1,-1,-1
255,2,713,1046,50,50,1,-1,-1,-1
255,3,513,685,50,50,1,-1,-1,-1
255,4,578,534,50,50,1,-1,-1,-1
256,1,514,1048,50,50,1,-1,-1,-1
256,2,691,1081,50,50,1,-1,-1,-1
256,3,508,734,50,50,1,-1,-1,-1
256,4,584,533,50,50,1,-1,-1,-1
257,1,528,981,50,50,1,-1,-1,-1
257,2,657,1126,50,50,1,-1,-1,-1
257,3,503,788,50,50,1,-1,-1,-1
257,4,590,544,50,50,1,-1,-1,-1
258,1,537,917,50,50,1,-1,-1,-1
258,2,622,1170,50,50,1,-1,-1,-1
258,3,497,843,50,50,1,-1,-1,-1
258,4,594,564,50,50,1,-1,-1,-1
259,1,546,856,50,50,1,-1,-1,-1
259,2,593,1194,50,50,1,-1,-1,-1
259,3,494,901,50,50,1,-1,-1,-1
259,4,598,584,50,50,1,-1,-1,-1
260,1,553,804,50,50,1,-1,-1,-1
260,2,577,1196,50,50,1,-1,-1,-1
260,3,490,963,50,50,1,-1,-1,-1
260,4,602,607,50,50,1,-1,-1,-1
261,1,559,761,50,50,1,-1,-1,-1
261,2,577,1175,50,50,1,-1,-1,-1
261,3,482,1017,50,50,1,-1,-1,-1
261,4,607,634,50,50,1,-1,-1,-1
262,1,565,720,50,50,1,-1,-1,-1
262,2,577,1126,50,50,1,-1,-1,-1
262,3,475,1058,50,50,1,-1,-1,-1
262,4,611,674,50,50,1,-1,-1,-1
263,1,571,681,50,50,1,-1,-1,-1
263,2,575,1071,50,50,1,-1,-1,-1
263,3,471,1093,50,50,1,-1,-1,-1
263,4,616,716,50,50,1,-1,-1,-1
264,1,578,646,50,50,1,-1,-1,-1
264,2,570,1001,50,50,1,-1,-1,-1
264,3,463,1134,50,50,1,-1,-1,-1
264,4,620,761,50,50,1,-1,-1,-1
265,1,585,617,50,50,1,-1,-1,-1
265,2,563,933,50,50,1,-1,-1,-1
265,3,456,1172,50,50,1,-1,-1,-1
265,4,623,809,50,50,1,-1,-1,-1
266,1,593,601,50,50,1,-1,-1,-1
266,2,557,871,50,50,1,-1,-1,-1
266,3,454,1201,50,50,1,-1,-1,-1
266,4,626,858,50,50,1,-1,-1,-1
267,1,601,589,50,50,1,-1,-1,-1
267,2,551,817,50,50,1,-1,-1,-1
267,3,461,1216,50,50,1,-1,-1,-1
267,4,629,910,50,50,1,-1,-1,-1
268,1,609,580,50,50,1,-1,-1,-1
268,2,545,767,50,50,1,-1,-1,-1
268,3,469,1210,50,50,1,-1,-1,-1
268,4,631,953,50,50,1,-1,-1,-1
269,1,618,576,50,50,1,-1,-1,-1
269,2,539,721,50,50,1,-1,-1,-1
269,3,474,1180,50,50,1,-1,-1,-1
269,4,628,956,50,50,1,-1,-1,-1
270,1,627,576,50,50,1,-1,-1,-1
270,2,533,680,50,50,1,-1,-1,-1
270,3,489,1121,50,50,1,-1,-1,-1
270,4,614,963,50,50,1,-1,-1,-1
271,1,636,583,50,50,1,-1,-1,-1
271,2,527,643,50,50,1,-1,-1,-1
271,3,495,1048,50,50,1,-1,-1,-1
271,4,592,968,50,50,1,-1,-1,-1
272,1,644,593,50,50,1,-1,-1,-1
272,2,522,614,50,50,1,-1,-1,-1
272,3,501,975,50,50,1,-1,-1,-1
272,4,564,970,50,50,1,-1,-1,-1
273,1,651,611,50,50,1,-1,-1,-1
273,2,516,590,50,50,1,-1,-1,-1
273,3,506,902,50,50,1,-1,-1,-1
273,4,539,973,50,50,1,-1,-1,-1
274,1,658,633,50,50,1,-1,-1,-1
274,2,509,571,50,50,1,-1,-1,-1
274,3,512,835,50,50,1,-1,-1,-1
274,4,518,982,50,50,1,-1,-1,-1
275,1,665,662,50,50,1,-1,-1,-1
275,2,500,558,50,50,1,-1,-1,-1
275,3,517,772,50,50,1,-1,-1,-1
275,4,507,1001,50,50,1,-1,-1,-1
276,1,672,697,50,50,1,-1,-1,-1
276,2,491,552,50,50,1,-1,-1,-1
276,3,522,710,50,50,1,-1,-1,-1
276,4,495,1032,50,50,1,-1,-1,-1
277,1,679,736,50,50,1,-1,-1,-1
277,2,480,551,50,50,1,-1,-1,-1
277,3,527,654,50,50,1,-1,-1,-1
277,4,488,1068,50,50,1,-1,-1,-1
278,1,687,780,50,50,1,-1,-1,-1
278,2,469,554,50,50,1,-1,-1,-1
278,3,533,605,50,50,1,-1,-1,-1
278,4,479,1099,50,50,1,-1,-1,-1
279,1,695,831,50,50,1,-1,-1,-1
279,2,463,564,50,50,1,-1,-1,-1
279,3,540,564,50,50,1,-1,-1,-1
279,4,467,1134,50,50,1,-1,-1,-1
280,1,703,883,50,50,1,-1,-1,-1
280,2,457,577,50,50,1,-1,-1,-1
280,3,549,537,50,50,1,-1,-1,-1
280,4,454,1169,50,50,1,-1,-1,-1
281,1,712,938,50,50,1,-1,-1,-1
281,2,451,596,50,50,1,-1,-1,-1
281,3,556,511,50,50,1,-1,-1,-1
281,4,448,1193,50,50,1,-1,-1,-1
282,1,714,976,50,50,1,-1,-1,-1
282,2,445,619,50,50,1,-1,-1,-1
282,3,563,485,50,50,1,-1,-1,-1
282,4,451,1181,50,50,1,-1,-1,-1
283,1,698,995,50,50,1,-1,-1,-1
283,2,438,652,50,50,1,-1,-1,-1
283,3,569,462,50,50,1,-1,-1,-1
283,4,458,1145,50,50,1,-1,-1,-1
284,1,679,1016,50,50,1,-1,-1,-1
284,2,430,692,50,50,1,-1,-1,-1
284,3,573,452,50,50,1,-1,-1,-1
284,4,464,1085,50,50,1,-1,-1,-1
285,1,666,1043,50,50,1,-1,-1,-1
285,2,423,739,50,50,1,-1,-1,-1
285,3,579,445,50,50,1,-1,-1,-1
285,4,471,1010,50,50,1,-1,-1,-1
286,1,650,1074,50,50,1,-1,-1,-1
286,2,416,788,50,50,1,-1,-1,-1
286,3,588,441,50,50,1,-1,-1,-1
286,4,478,934,50,50,1,-1,-1,-1
287,1,621,1117,50,50,1,-1,-1,-1
287,2,409,837,50,50,1,-1,-1,-1
287,3,595,445,50,50,1,-1,-1,-1
287,4,485,866,50,50,1,-1,-1,-1
288,1,598,1160,50,50,1,-1,-1,-1
288,2,404,891,50,50,1,-1,-1,-1
288,3,600,453,50,50,1,-1,-1,-1
288,4,495,798,50,50,1,-1,-1,-1
289,1,578,1192,50,50,1,-1,-1,-1
289,2,398,948,50,50,1,-1,-1,-1
289,3,606,465,50,50,1,-1,-1,-1
289,4,502,734,50,50,1,-1,-1,-1
290,1,560,1207,50,50,1,-1,-1,-1
290,2,394,1002,50,50,1,-1,-1,-1
290,3,610,487,50,50,1,-1,-1,-1
290,4,510,679,50,50,1,-1,-1,-1
291,1,557,1199,50,50,1,-1,-1,-1
291,2,387,1038,50,50,1,-1,-1,-1
291,3,614,515,50,50,1,-1,-1,-1
291,4,519,626,50,50,1,-1,-1,-1
292,1,555,1172,50,50,1,-1,-1,-1
292,2,383,1070,50,50,1,-1,-1,-1
292,3,620,544,50,50,1,-1,-1,-1
292,4,529,579,50,50,1,-1,-1,-1
293,1,554,1115,50,50,1,-1,-1,-1
293,2,389,1098,50,50,1,-1,-1,-1
293,3,627,578,50,50,1,-1,-1,-1
293,4,538,536,50,50,1,-1,-1,-1
294,1,556,1045,50,50,1,-1,-1,-1
294,2,400,1122,50,50,1,-1,-1,-1
294,3,634,617,50,50,1,-1,-1,-1
294,4,545,502,50,50,1,-1,-1,-1
295,1,551,971,50,50,1,-1,-1,-1
295,2,409,1152,50,50,1,-1,-1,-1
295,3,641,663,50,50,1,-1,-1,-1
295,4,552,474,50,50,1,-1,-1,-1
296,1,546,904,50,50,1,-1,-1,-1
296,2,419,1174,50,50,1,-1,-1,-1
296,3,649,714,50,50,1,-1,-1,-1
296,4,559,457,50,50,1,-1,-1,-1
297,1,542,846,50,50,1,-1,-1,-1
297,2,432,1191,50,50,1,-1,-1,-1
297,3,657,771,50,50,1,-1,-1,-1
297,4,566,442,50,50,1,-1,-1,-1
298,1,538,792,50,50,1,-1,-1,-1
298,2,437,1211,50,50,1,-1,-1,-1
298,3,662,832,50,50,1,-1,-1,-1
298,4,574,429,50,50,1,-1,-1,-1
299,1,534,740,50,50,1,-1,-1,-1
299,2,447,1217,50,50,1,-1,-1,-1
299,3,667,894,50,50,1,-1,-1,-1
299,4,583,422,50,50,1,-1,-1,-1
300,1,530,691,50,50,1,-1,-1,-1
300,2,457,1213,50,50,1,-1,-1,-1
300,3,669,937,50,50,1,-1,-1,-1
300,4,592,422,50,50,1,-1,-1,-1
301,1,525,648,50,50,1,-1,-1,-1
301,2,470,1185,50,50,1,-1,-1,-1
301,3,670,945,50,50,1,-1,-1,-1
301,4,601,424,50,50,1,-1,-1,-1
302,1,521,612,50,50,1,-1,-1,-1
302,2,483,1126,50,50,1,-1,-1,-1
302,3,657,949,50,50,1,-1,-1,-1
302,4,609,432,50,50,1,-1,-1,-1
303,1,517,582,50,50,1,-1,-1,-1
303,2,491,1051,50,50,1,-1,-1,-1
303,3,630,952,50,50,1,-1,-1,-1
303,4,617,446,50,50,1,-1,-1,-1
304,1,513,553,50,50,1,-1,-1,-1
304,2,496,974,50,50,1,-1,-1,-1
304,3,592,958,50,50,1,-1,-1,-1
304,4,622,473,50,50,1,-1,-1,-1
305,1,508,534,50,50,1,-1,-1,-1
305,2,504,903,50,50,1,-1,-1,-1
305,3,555,967,50,50,1,-1,-1,-1
305,4,627,504,50,50,1,-1,-1,-1
306,1,509,522,50,50,1,-1,-1,-1
306,2,512,833,50,50,1,-1,-1,-1
306,3,530,983,50,50,1,-1,-1,-1
306,4,632,535,50,50,1,-1,-1,-1
307,1,507,515,50,50,1,-1,-1,-1
307,2,521,771,50,50,1,-1,-1,-1
307,3,505,1000,50,50,1,-1,-1,-1
307,4,638,569,50,50,1,-1,-1,-1
308,1,503,512,50,50,1,-1,-1,-1
308,2,530,713,50,50,1,-1,-1,-1
308,3,493,1029,50,50,1,-1,-1,-1
308,4,646,606,50,50,1,-1,-1,-1
309,1,498,516,50,50,1,-1,-1,-1
309,2,538,665,50,50,1,-1,-1,-1
309,3,484,1062,50,50,1,-1,-1,-1
309,4,656,650,50,50,1,-1,-1,-1
310,1,491,526,50,50,1,-1,-1,-1
310,2,544,616,50,50,1,-1,-1,-1
310,3,478,1095,50,50,1,-1,-1,-1
310,4,665,701,50,50,1,-1,-1,-1
311,1,484,539,50,50,1,-1,-1,-1
311,2,549,572,50,50,1,-1,-1,-1
311,3,470,1130,50,50,1,-1,-1,-1
311,4,673,759,50,50,1,-1,-1,-1
312,1,477,556,50,50,1,-1,-1,-1
312,2,555,531,50,50,1,-1,-1,-1
312,3,462,1167,50,50,1,-1,-1,-1
312,4,677,818,50,50,1,-1,-1,-1
313,1,471,579,50,50,1,-1,-1,-1
313,2,562,498,50,50,1,-1,-1,-1
313,3,458,1194,50,50,1,-1,-1,-1
313,4,684,881,50,50,1,-1,-1,-1
314,1,470,616,50,50,1,-1,-1,-1
314,2,570,475,50,50,1,-1,-1,-1
314,3,463,1181,50,50,1,-1,-1,-1
314,4,687,939,50,50,1,-1,-1,-1
315,1,466,652,50,50,1,-1,-1,-1
315,2,577,456,50,50,1,-1,-1,-1
315,3,467,1157,50,50,1,-1,-1,-1
315,4,688,959,50,50,1,-1,-1,-1
316,1,462,690,50,50,1,-1,-1,-1
316,2,586,443,50,50,1,-1,-1,-1
316,3,479,1104,50,50,1,-1,-1,-1
316,4,685,980,50,50,1,-1,-1,-1
317,1,458,735,50,50,1,-1,-1,-1
317,2,595,431,50,50,1,-1,-1,-1
317,3,488,1041,50,50,1,-1,-1,-1
317,4,676,1006,50,50,1,-1,-1,-1
318,1,453,787,50,50,1,-1,-1,-1
318,2,603,428,50,50,1,-1,-1,-1
318,3,497,972,50,50,1,-1,-1,-1
318,4,668,1041,50,50,1,-1,-1,-1
319,1,448,842,50,50,1,-1,-1,-1
319,2,611,427,50,50,1,-1,-1,-1
319,3,505,903,50,50,1,-1,-1,-1
319,4,657,1087,50,50,1,-1,-1,-1
320,1,444,905,50,50,1,-1,-1,-1
320,2,615,436,50,50,1,-1,-1,-1
320,3,513,836,50,50,1,-1,-1,-1
320,4,625,1139,50,50,1,-1,-1,-1
321,1,441,966,50,50,1,-1,-1,-1
321,2,619,449,50,50,1,-1,-1,-1
321,3,521,775,50,50,1,-1,-1,-1
321,4,599,1180,50,50,1,-1,-1,-1
322,1,440,1011,50,50,1,-1,-1,-1
322,2,627,470,50,50,1,-1,-1,-1
322,3,530,722,50,50,1,-1,-1,-1
322,4,585,1193,50,50,1,-1,-1,-1
323,1,434,1045,50,50,1,-1,-1,-1
323,2,635,494,50,50,1,-1,-1,-1
323,3,539,677,50,50,1,-1,-1,-1
323,4,576,1185,50,50,1,-1,-1,-1
324,1,432,1083,50,50,1,-1,-1,-1
324,2,643,527,50,50,1,-1,-1,-1
324,3,548,638,50,50,1,-1,-1,-1
324,4,574,1156,50,50,1,-1,-1,-1
325,1,432,1120,50,50,1,-1,-1,-1
325,2,650,561,50,50,1,-1,-1,-1
325,3,557,600,50,50,1,-1,-1,-1
325,4,577,1109,50,50,1,-1,-1,-1
326,1,436,1150,50,50,1,-1,-1,-1
326,2,657,598,50,50,1,-1,-1,-1
326,3,566,567,50,50,1,-1,-1,-1
326,4,575,1046,50,50,1,-1,-1,-1
327,1,438,1176,50,50,1,-1,-1,-1
327,2,664,643,50,50,1,-1,-1,-1
327,3,574,541,50,50,1,-1,-1,-1
327,4,569,976,50,50,1,-1,-1,-1
328,1,441,1197,50,50,1,-1,-1,-1
328,2,670,695,50,50,1,-1,-1,-1
328,3,582,523,50,50,1,-1,-1,-1
328,4,561,910,50,50,1,-1,-1,-1
329,1,444,1204,50,50,1,-1,-1,-1
329,2,677,757,50,50,1,-1,-1,-1
329,3,591,511,50,50,1,-1,-1,-1
329,4,552,850,50,50,1,-1,-1,-1
330,1,450,1205,50,50,1,-1,-1,-1
330,2,684,816,50,50,1,-1,-1,-1
330,3,600,500,50,50,1,-1,-1,-1
330,4,544,793,50,50,1,-1,-1,-1
331,1,456,1200,50,50,1,-1,-1,-1
331,2,691,875,50,50,1,-1,-1,-1
331,3,610,496,50,50,1,-1,-1,-1
331,4,537,743,50,50,1,-1,-1,-1
332,1,462,1191,50,50,1,-1,-1,-1
332,2,697,923,50,50,1,-1,-1,-1
332,3,620,499,50,50,1,-1,-1,-1
332,4,530,697,50,50,1,-1,-1,-1
333,1,470,1164,50,50,1,-1,-1,-1
333,2,706,938,50,50,1,-1,-1,-1
333,3,629,507,50,50,1,-1,-1,-1
333,4,523,656,50,50,1,-1,-1,-1
334,1,478,1119,50,50,1,-1,-1,-1
334,2,698,949,50,50,1,-1,-1,-1
334,3,637,519,50,50,1,-1,-1,-1
334,4,516,622,50,50,1,-1,-1,-1
335,1,488,1049,50,50,1,-1,-1,-1
335,2,666,951,50,50,1,-1,-1,-1
335,3,645,534,50,50,1,-1,-1,-1
335,4,507,594,50,50,1,-1,-1,-1
336,1,494,973,50,50,1,-1,-1,-1
336,2,626,959,50,50,1,-1,-1,-1
336,3,653,555,50,50,1,-1,-1,-1
336,4,498,568,50,50,1,-1,-1,-1
337,1,500,900,50,50,1,-1,-1,-1
337,2,584,972,50,50,1,-1,-1,-1
337,3,661,584,50,50,1,-1,-1,-1
337,4,488,546,50,50,1,-1,-1,-1
338,1,508,837,50,50,1,-1,-1,-1
338,2,544,987,50,50,1,-1,-1,-1
338,3,668,617,50,50,1,-1,-1,-1
338,4,478,536,50,50,1,-1,-1,-1
339,1,517,784,50,50,1,-1,-1,-1
339,2,507,1006,50,50,1,-1,-1,-1
339,3,676,655,50,50,1,-1,-1,-1
339,4,468,533,50,50,1,-1,-1,-1
340,1,524,735,50,50,1,-1,-1,-1
340,2,495,1033,50,50,1,-1,-1,-1
340,3,684,698,50,50,1,-1,-1,-1
340,4,459,535,50,50,1,-1,-1,-1
341,1,531,688,50,50,1,-1,-1,-1
341,2,489,1065,50,50,1,-1,-1,-1
341,3,692,745,50,50,1,-1,-1,-1
341,4,450,539,50,50,1,-1,-1,-1
342,1,539,644,50,50,1,-1,-1,-1
342,2,478,1105,50,50,1,-1,-1,-1
342,3,700,801,50,50,1,-1,-1,-1
342,4,441,547,50,50,1,-1,-1,-1
343,1,548,605,50,50,1,-1,-1,-1
343,2,466,1147,50,50,1,-1,-1,-1
343,3,708,859,50,50,1,-1,-1,-1
343,4,433,561,50,50,1,-1,-1,-1
344,1,557,572,50,50,1,-1,-1,-1
344,2,454,1178,50,50,1,-1,-1,-1
344,3,716,920,50,50,1,-1,-1,-1
344,4,428,582,50,50,1,-1,-1,-1
345,1,565,543,50,50,1,-1,-1,-1
345,2,451,1181,50,50,1,-1,-1,-1
345,3,717,961,50,50,1,-1,-1,-1
345,4,421,615,50,50,1,-1,-1,-1
346,1,573,529,50,50,1,-1,-1,-1
346,2,453,1157,50,50,1,-1,-1,-1
346,3,712,977,50,50,1,-1,-1,-1
346,4,412,647,50,50,1,-1,-1,-1
347,1,580,518,50,50,1,-1,-1,-1
347,2,457,1105,50,50,1,-1,-1,-1
347,3,707,996,50,50,1,-1,-1,-1
347,4,403,683,50,50,1,-1,-1,-1
348,1,587,508,50,50,1,-1,-1,-1
348,2,462,1034,50,50,1,-1,-1,-1
348,3,696,1028,50,50,1,-1,-1,-1
348,4,393,723,50,50,1,-1,-1,-1
349,1,596,507,50,50,1,-1,-1,-1
349,2,473,959,50,50,1,-1,-1,-1
349,3,680,1068,50,50,1,-1,-1,-1
349,4,384,770,50,50,1,-1,-1,-1
350,1,605,509,50,50,1,-1,-1,-1
350,2,486,895,50,50,1,-1,-1,-1
350,3,657,1113,50,50,1,-1,-1,-1
350,4,376,821,50,50,1,-1,-1,-1
351,1,613,515,50,50,1,-1,-1,-1
351,2,497,836,50,50,1,-1,-1,-1
351,3,627,1157,50,50,1,-1,-1,-1
351,4,370,876,50,50,1,-1,-1,-1
352,1,619,527,50,50,1,-1,-1,-1
352,2,506,782,50,50,1,-1,-1,-1
352,3,592,1187,50,50,1,-1,-1,-1
352,4,363,936,50,50,1,-1,-1,-1
353,1,625,544,50,50,1,-1,-1,-1
353,2,515,728,50,50,1,-1,-1,-1
353,3,574,1196,50,50,1,-1,-1,-1
353,4,356,996,50,50,1,-1,-1,-1
354,1,631,567,50,50,1,-1,-1,-1
354,2,523,686,50,50,1,-1,-1,-1
354,3,570,1177,50,50,1,-1,-1,-1
354,4,349,1033,50,50,1,-1,-1,-1
355,1,638,597,50,50,1,-1,-1,-1
355,2,531,645,50,50,1,-1,-1,-1
355,3,570,1135,50,50,1,-1,-1,-1
355,4,349,1068,50,50,1,-1,-1,-1
356,1,645,634,50,50,1,-1,-1,-1
356,2,539,604,50,50,1,-1,-1,-1
356,3,566,1076,50,50,1,-1,-1,-1
356,4,360,1105,50,50,1,-1,-1,-1
357,1,654,676,50,50,1,-1,-1,-1
357,2,548,575,50,50,1,-1,-1,-1
357,3,558,1009,50,50,1,-1,-1,-1
357,4,383,1136,50,50,1,-1,-1,-1
358,1,662,722,50,50,1,-1,-1,-1
358,2,558,552,50,50,1,-1,-1,-1
358,3,551,941,50,50,1,-1,-1,-1
358,4,394,1173,50,50,1,-1,-1,-1
359,1,669,774,50,50,1,-1,-1,-1
359,2,567,534,50,50,1,-1,-1,-1
359,3,546,875,50,50,1,-1,-1,-1
359,4,414,1205,50,50,1,-1,-1,-1
360,1,675,829,50,50,1,-1,-1,-1
360,2,575,518,50,50,1,-1,-1,-1
360,3,543,812,50,50,1,-1,-1,-1
360,4,432,1224,50,50,1,-1,-1,-1
361,1,681,889,50,50,1,-1,-1,-1
361,2,585,507,50,50,1,-1,-1,-1
361,3,539,754,50,50,1,-1,-1,-1
361,4,448,1224,50,50,1,-1,-1,-1
362,1,689,948,50,50,1,-1,-1,-1
362,2,596,502,50,50,1,-1,-1,-1
362,3,533,707,50,50,1,-1,-1,-1
362,4,463,1218,50,50,1,-1,-1,-1
363,1,692,969,50,50,1,-1,-1,-1
363,2,607,505,50,50,1,-1,-1,-1
363,3,527,664,50,50,1,-1,-1,-1
363,4,473,1193,50,50,1,-1,-1,-1
364,1,686,975,50,50,1,-1,-1,-1
364,2,618,514,50,50,1,-1,-1,-1
364,3,520,626,50,50,1,-1,-1,-1
364,4,486,1139,50,50,1,-1,-1,-1
365,1,656,973,50,50,1,-1,-1,-1
365,2,627,530,50,50,1,-1,-1,-1
365,3,513,595,50,50,1,-1,-1,-1
365,4,494,1073,50,50,1,-1,-1,-1
366,1,613,975,50,50,1,-1,-1,-1
366,2,635,551,50,50,1,-1,-1,-1
366,3,506,568,50,50,1,-1,-1,-1
366,4,495,996,50,50,1,-1,-1,-1
367,1,575,980,50,50,1,-1,-1,-1
367,2,644,576,50,50,1,-1,-1,-1
367,3,500,546,50,50,1,-1,-1,-1
367,4,498,920,50,50,1,-1,-1,-1
368,1,540,991,50,50,1,-1,-1,-1
368,2,654,607,50,50,1,-1,-1,-1
368,3,494,530,50,50,1,-1,-1,-1
368,4,504,852,50,50,1,-1,-1,-1
369,1,510,1004,50,50,1,-1,-1,-1
369,2,664,641,50,50,1,-1,-1,-1
369,3,488,520,50,50,1,-1,-1,-1
369,4,513,790,50,50,1,-1,-1,-1
370,1,493,1023,50,50,1,-1,-1,-1
370,2,670,680,50,50,1,-1,-1,-1
370,3,481,518,50,50,1,-1,-1,-1
370,4,520,731,50,50,1,-1,-1,-1
371,1,480,1056,50,50,1,-1,-1,-1
371,2,675,727,50,50,1,-1,-1,-1
371,3,474,519,50,50,1,-1,-1,-1
371,4,527,677,50,50,1,-1,-1,-1
372,1,469,1091,50,50,1,-1,-1,-1
372,2,683,776,50,50,1,-1,-1,-1
372,3,466,524,50,50,1,-1,-1,-1
372,4,534,625,50,50,1,-1,-1,-1
373,1,461,1127,50,50,1,-1,-1,-1
373,2,692,830,50,50,1,-1,-1,-1
373,3,460,538,50,50,1,-1,-1,-1
373,4,539,581,50,50,1,-1,-1,-1
374,1,453,1165,50,50,1,-1,-1,-1
374,2,702,886,50,50,1,-1,-1,-1
374,3,454,554,50,50,1,-1,-1,-1
374,4,543,548,50,50,1,-1,-1,-1
375,1,442,1190,50,50,1,-1,-1,-1
375,2,711,948,50,50,1,-1,-1,-1
375,3,448,575,50,50,1,-1,-1,-1
375,4,547,521,50,50,1,-1,-1,-1
376,1,443,1193,50,50,1,-1,-1,-1
376,2,715,997,50,50,1,-1,-1,-1
376,3,442,605,50,50,1,-1,-1,-1
376,4,551,498,50,50,1,-1,-1,-1
377,1,443,1165,50,50,1,-1,-1,-1
377,2,710,1016,50,50,1,-1,-1,-1
377,3,436,639,50,50,1,-1,-1,-1
377,4,555,477,50,50,1,-1,-1,-1
378,1,450,1116,50,50,1,-1,-1,-1
378,2,699,1044,50,50,1,-1,-1,-1
378,3,432,678,50,50,1,-1,-1,-1
378,4,561,461,50,50,1,-1,-1,-1
379,1,465,1047,50,50,1,-1,-1,-1
379,2,686,1082,50,50,1,-1,-1,-1
379,3,428,719,50,50,1,-1,-1,-1
379,4,571,458,50,50,1,-1,-1,-1
380,1,475,970,50,50,1,-1,-1,-1
380,2,668,1123,50,50,1,-1,-1,-1
380,3,423,768,50,50,1,-1,-1,-1
380,4,578,452,50,50,1,-1,-1,-1
381,1,485,899,50,50,1,-1,-1,-1
381,2,639,1161,50,50,1,-1,-1,-1
381,3,416,824,50,50,1,-1,-1,-1
381,4,581,454,50,50,1,-1,-1,-1
382,1,492,835,50,50,1,-1,-1,-1
382,2,613,1192,50,50,1,-1,-1,-1
382,3,408,884,50,50,1,-1,-1,-1
382,4,584,461,50,50,1,-1,-1,-1
383,1,501,774,50,50,1,-1,-1,-1
383,2,589,1214,50,50,1,-1,-1,-1
383,3,404,945,50,50,1,-1,-1,-1
383,4,591,476,50,50,1,-1,-1,-1
384,1,513,718,50,50,1,-1,-1,-1
384,2,576,1213,50,50,1,-1,-1,-1
384,3,400,1002,50,50,1,-1,-1,-1
384,4,599,494,50,50,1,-1,-1,-1
385,1,525,666,50,50,1,-1,-1,-1
385,2,568,1200,50,50,1,-1,-1,-1
385,3,396,1043,50,50,1,-1,-1,-1
385,4,607,522,50,50,1,-1,-1,-1
386,1,536,617,50,50,1,-1,-1,-1
386,2,563,1169,50,50,1,-1,-1,-1
386,3,395,1069,50,50,1,-1,-1,-1
386,4,613,555,50,50,1,-1,-1,-1
387,1,548,573,50,50,1,-1,-1,-1
387,2,562,1114,50,50,1,-1,-1,-1
387,3,400,1095,50,50,1,-1,-1,-1
387,4,618,591,50,50,1,-1,-1,-1
388,1,560,537,50,50,1,-1,-1,-1
388,2,564,1044,50,50,1,-1,-1,-1
388,3,407,1121,50,50,1,-1,-1,-1
388,4,625,633,50,50,1,-1,-1,-1
389,1,572,508,50,50,1,-1,-1,-1
389,2,565,973,50,50,1,-1,-1,-1
389,3,414,1147,50,50,1,-1,-1,-1
389,4,632,678,50,50,1,-1,-1,-1
390,1,583,485,50,50,1,-1,-1,-1
390,2,561,906,50,50,1,-1,-1,-1
390,3,421,1174,50,50,1,-1,-1,-1
390,4,638,726,50,50,1,-1,-1,-1
391,1,593,470,50,50,1,-1,-1,-1
391,2,557,841,50,50,1,-1,-1,-1
391,3,429,1195,50,50,1,-1,-1,-1
391,4,644,778,50,50,1,-1,-1,-1
392,1,602,463,50,50,1,-1,-1,-1
392,2,554,779,50,50,1,-1,-1,-1
392,3,438,1208,50,50,1,-1,-1,-1
392,4,646,838,50,50,1,-1,-1,-1
393,1,614,453,50,50,1,-1,-1,-1
393,2,552,721,50,50,1,-1,-1,-1
393,3,450,1209,50,50,1,-1,-1,-1
393,4,648,900,50,50,1,-1,-1,-1
394,1,627,450,50,50,1,-1,-1,-1
394,2,550,667,50,50,1,-1,-1,-1
394,3,464,1185,50,50,1,-1,-1,-1
394,4,652,942,50,50,1,-1,-1,-1
395,1,637,452,50,50,1,-1,-1,-1
395,2,547,620,50,50,1,-1,-1,-1
395,3,476,1137,50,50,1,-1,-1,-1
395,4,647,953,50,50,1,-1,-1,-1
396,1,647,459,50,50,1,-1,-1,-1
396,2,544,579,50,50,1,-1,-1,-1
396,3,489,1065,50,50,1,-1,-1,-1
396,4,628,962,50,50,1,-1,-1,-1
397,1,657,470,50,50,1,-1,-1,-1
397,2,541,547,50,50,1,-1,-1,-1
397,3,498,982,50,50,1,-1,-1,-1
397,4,598,968,50,50,1,-1,-1,-1
398,1,667,489,50,50,1,-1,-1,-1
398,2,538,520,50,50,1,-1,-1,-1
398,3,505,905,50,50,1,-1,-1,-1
398,4,565,974,50,50,1,-1,-1,-1
399,1,678,514,50,50,1,-1,-1,-1
399,2,535,499,50,50,1,-1,-1,-1
399,3,513,835,50,50,1,-1,-1,-1
399,4,537,983,50,50,1,-1,-1,-1
400,1,689,544,50,50,1,-1,-1,-1
400,2,532,481,50,50,1,-1,-1,-1
400,3,520,775,50,50,1,-1,-1,-1
400,4,518,1003,50,50,1,-1,-1,-1
401,1,703,586,50,50,1,-1,-1,-1
401,2,529,466,50,50,1,-1,-1,-1
401,3,527,715,50,50,1,-1,-1,-1
401,4,506,1029,50,50,1,-1,-1,-1
402,1,716,634,50,50,1,-1,-1,-1
402,2,526,460,50,50,1,-1,-1,-1
402,3,533,661,50,50,1,-1,-1,-1
402,4,497,1057,50,50,1,-1,-1,-1
403,1,727,684,50,50,1,-1,-1,-1
403,2,521,463,50,50,1,-1,-1,-1
403,3,540,615,50,50,1,-1,-1,-1
403,4,489,1095,50,50,1,-1,-1,-1
404,1,736,735,50,50,1,-1,-1,-1
404,2,515,468,50,50,1,-1,-1,-1
404,3,547,574,50,50,1,-1,-1,-1
404,4,480,1126,50,50,1,-1,-1,-1
405,1,745,790,50,50,1,-1,-1,-1
405,2,508,478,50,50,1,-1,-1,-1
405,3,555,535,50,50,1,-1,-1,-1
405,4,471,1155,50,50,1,-1,-1,-1
406,1,754,849,50,50,1,-1,-1,-1
406,2,502,496,50,50,1,-1,-1,-1
406,3,563,500,50,50,1,-1,-1,-1
406,4,462,1186,50,50,1,-1,-1,-1
407,1,763,910,50,50,1,-1,-1,-1
407,2,499,520,50,50,1,-1,-1,-1
407,3,570,472,50,50,1,-1,-1,-1
407,4,455,1215,50,50,1,-1,-1,-1
408,1,770,956,50,50,1,-1,-1,-1
408,2,497,550,50,50,1,-1,-1,-1
408,3,577,450,50,50,1,-1,-1,-1
408,4,461,1205,50,50,1,-1,-1,-1
409,1,759,982,50,50,1,-1,-1,-1
409,2,495,580,50,50,1,-1,-1,-1
409,3,582,440,50,50,1,-1,-1,-1
409,4,469,1189,50,50,1,-1,-1,-1
410,1,733,1014,50,50,1,-1,-1,-1
410,2,493,617,50,50,1,-1,-1,-1
410,3,589,429,50,50,1,-1,-1,-1
410,4,479,1162,50,50,1,-1,-1,-1
411,1,718,1050,50,50,1,-1,-1,-1
411,2,490,660,50,50,1,-1,-1,-1
411,3,598,424,50,50,1,-1,-1,-1
411,4,494,1111,50,50,1,-1,-1,-1
412,1,695,1089,50,50,1,-1,-1,-1
412,2,485,706,50,50,1,-1,-1,-1
412,3,607,425,50,50,1,-1,-1,-1
412,4,506,1035,50,50,1,-1,-1,-1
413,1,668,1129,50,50,1,-1,-1,-1
413,2,480,759,50,50,1,-1,-1,-1
413,3,616,431,50,50,1,-1,-1,-1
413,4,513,960,50,50,1,-1,-1,-1
414,1,640,1166,50,50,1,-1,-1,-1
414,2,476,814,50,50,1,-1,-1,-1
414,3,622,448,50,50,1,-1,-1,-1
414,4,519,895,50,50,1,-1,-1,-1
415,1,613,1197,50,50,1,-1,-1,-1
415,2,473,874,50,50,1,-1,-1,-1
415,3,628,466,50,50,1,-1,-1,-1
415,4,525,840,50,50,1,-1,-1,-1
416,1,595,1206,50,50,1,-1,-1,-1
416,2,471,935,50,50,1,-1,-1,-1
416,3,634,488,50,50,1,-1,-1,-1
416,4,531,785,50,50,1,-1,-1,-1
417,1,589,1195,50,50,1,-1,-1,-1
417,2,468,995,50,50,1,-1,-1,-1
417,3,641,516,50,50,1,-1,-1,-1
417,4,541,740,50,50,1,-1,-1,-1
418,1,588,1157,50,50,1,-1,-1,-1
418,2,465,1037,50,50,1,-1,-1,-1
418,3,648,549,50,50,1,-1,-1,-1
418,4,550,700,50,50,1,-1,-1,-1
419,1,588,1102,50,50,1,-1,-1,-1
419,2,464,1068,50,50,1,-1,-1,-1
419,3,655,585,50,50,1,-1,-1,-1
419,4,559,660,50,50,1,-1,-1,-1
420,1,588,1038,50,50,1,-1,-1,-1
420,2,461,1109,50,50,1,-1,-1,-1
420,3,665,632,50,50,1,-1,-1,-1
420,4,566,625,50,50,1,-1,-1,-1
421,1,584,967,50,50,1,-1,-1,-1
421,2,462,1144,50,50,1,-1,-1,-1
421,3,671,681,50,50,1,-1,-1,-1
421,4,573,596,50,50,1,-1,-1,-1
422,1,580,898,50,50,1,-1,-1,-1
422,2,460,1181,50,50,1,-1,-1,-1
422,3,675,736,50,50,1,-1,-1,-1
422,4,580,576,50,50,1,-1,-1,-1
423,1,575,838,50,50,1,-1,-1,-1
423,2,459,1209,50,50,1,-1,-1,-1
423,3,682,794,50,50,1,-1,-1,-1
423,4,586,560,50,50,1,-1,-1,-1
424,1,569,785,50,50,1,-1,-1,-1
424,2,461,1215,50,50,1,-1,-1,-1
424,3,689,859,50,50,1,-1,-1,-1
424,4,593,551,50,50,1,-1,-1,-1
425,1,562,735,50,50,1,-1,-1,-1
425,2,468,1209,50,50,1,-1,-1,-1
425,3,696,925,50,50,1,-1,-1,-1
425,4,602,544,50,50,1,-1,-1,-1
426,1,555,687,50,50,1,-1,-1,-1
426,2,478,1188,50,50,1,-1,-1,-1
426,3,700,945,50,50,1,-1,-1,-1
426,4,612,541,50,50,1,-1,-1,-1
427,1,550,644,50,50,1,-1,-1,-1
427,2,487,1138,50,50,1,-1,-1,-1
427,3,693,955,50,50,1,-1,-1,-1
427,4,619,551,50,50,1,-1,-1,-1
428,1,546,607,50,50,1,-1,-1,-1
428,2,498,1079,50,50,1,-1,-1,-1
428,3,664,956,50,50,1,-1,-1,-1
428,4,625,563,50,50,1,-1,-1,-1
429,1,541,571,50,50,1,-1,-1,-1
429,2,505,1003,50,50,1,-1,-1,-1
429,3,632,958,50,50,1,-1,-1,-1
429,4,631,575,50,50,1,-1,-1,-1
430,1,536,540,50,50,1,-1,-1,-1
430,2,512,931,50,50,1,-1,-1,-1
430,3,593,964,50,50,1,-1,-1,-1
430,4,639,593,50,50,1,-1,-1,-1
431,1,531,519,50,50,1,-1,-1,-1
431,2,519,868,50,50,1,-1,-1,-1
431,3,549,974,50,50,1,-1,-1,-1
431,4,647,616,50,50,1,-1,-1,-1
432,1,525,512,50,50,1,-1,-1,-1
432,2,525,804,50,50,1,-1,-1,-1
432,3,515,985,50,50,1,-1,-1,-1
432,4,653,653,50,50,1,-1,-1,-1
433,1,518,509,50,50,1,-1,-1,-1
433,2,532,743,50,50,1,-1,-1,-1
433,3,497,1000,50,50,1,-1,-1,-1
433,4,661,695,50,50,1,-1,-1,-1
434,1,511,505,50,50,1,-1,-1,-1
434,2,538,690,50,50,1,-1,-1,-1
434,3,487,1032,50,50,1,-1,-1,-1
434,4,670,739,50,50,1,-1,-1,-1
435,1,504,508,50,50,1,-1,-1,-1
435,2,544,641,50,50,1,-1,-1,-1
435,3,477,1071,50,50,1,-1,-1,-1
435,4,675,787,50,50,1,-1,-1,-1
436,1,497,517,50,50,1,-1,-1,-1
436,2,550,601,50,50,1,-1,-1,-1
436,3,467,1110,50,50,1,-1,-1,-1
436,4,681,838,50,50,1,-1,-1,-1
437,1,490,529,50,50,1,-1,-1,-1
437,2,556,565,50,50,1,-1,-1,-1
437,3,456,1149,50,50,1,-1,-1,-1
437,4,687,892,50,50,1,-1,-1,-1
438,1,485,550,50,50,1,-1,-1,-1
438,2,562,532,50,50,1,-1,-1,-1
438,3,454,1185,50,50,1,-1,-1,-1
438,4,693,949,50,50,1,-1,-1,-1
439,1,480,577,50,50,1,-1,-1,-1
439,2,569,512,50,50,1,-1,-1,-1
439,3,455,1196,50,50,1,-1,-1,-1
439,4,698,994,50,50,1,-1,-1,-1
440,1,475,609,50,50,1,-1,-1,-1
440,2,575,493,50,50,1,-1,-1,-1
440,3,461,1177,50,50,1,-1,-1,-1
440,4,697,1016,50,50,1,-1,-1,-1
441,1,470,644,50,50,1,-1,-1,-1
441,2,581,478,50,50,1,-1,-1,-1
441,3,472,1124,50,50,1,-1,-1,-1
441,4,687,1038,50,50,1,-1,-1,-1
442,1,464,685,50,50,1,-1,-1,-1
442,2,587,469,50,50,1,-1,-1,-1
442,3,484,1051,50,50,1,-1,-1,-1
442,4,673,1064,50,50,1,-1,-1,-1
443,1,456,736,50,50,1,-1,-1,-1
443,2,592,463,50,50,1,-1,-1,-1
443,3,497,974,50,50,1,-1,-1,-1
443,4,655,1095,50,50,1,-1,-1,-1
444,1,447,790,50,50,1,-1,-1,-1
444,2,598,463,50,50,1,-1,-1,-1
444,3,507,905,50,50,1,-1,-1,-1
444,4,633,1130,50,50,1,-1,-1,-1
445,1,441,846,50,50,1,-1,-1,-1
445,2,604,473,50,50,1,-1,-1,-1
445,3,516,838,50,50,1,-1,-1,-1
445,4,607,1165,50,50,1,-1,-1,-1
446,1,440,910,50,50,1,-1,-1,-1
446,2,609,490,50,50,1,-1,-1,-1
446,3,525,774,50,50,1,-1,-1,-1
446,4,583,1188,50,50,1,-1,-1,-1
447,1,436,974,50,50,1,-1,-1,-1
447,2,613,511,50,50,1,-1,-1,-1
447,3,537,720,50,50,1,-1,-1,-1
447,4,566,1196,50,50,1,-1,-1,-1
448,1,431,1027,50,50,1,-1,-1,-1
448,2,619,538,50,50,1,-1,-1,-1
448,3,548,675,50,50,1,-1,-1,-1
448,4,566,1187,50,50,1,-1,-1,-1
449,1,426,1068,50,50,1,-1,-1,-1
449,2,625,567,50,50,1,-1,-1,-1
449,3,559,632,50,50,1,-1,-1,-1
449,4,561,1156,50,50,1,-1,-1,-1
450,1,425,1097,50,50,1,-1,-1,-1
450,2,631,603,50,50,1,-1,-1,-1
450,3,571,592,50,50,1,-1,-1,-1
450,4,559,1101,50,50,1,-1,-1,-1
451,1,429,1126,50,50,1,-1,-1,-1
451,2,637,641,50,50,1,-1,-1,-1
451,3,583,554,50,50,1,-1,-1,-1
451,4,559,1032,50,50,1,-1,-1,-1
452,1,435,1154,50,50,1,-1,-1,-1
452,2,643,685,50,50,1,-1,-1,-1
452,3,594,523,50,50,1,-1,-1,-1
452,4,559,963,50,50,1,-1,-1,-1
453,1,440,1181,50,50,1,-1,-1,-1
453,2,650,735,50,50,1,-1,-1,-1
453,3,604,498,50,50,1,-1,-1,-1
453,4,554,900,50,50,1,-1,-1,-1
454,1,445,1205,50,50,1,-1,-1,-1
454,2,654,793,50,50,1,-1,-1,-1
454,3,614,482,50,50,1,-1,-1,-1
454,4,547,839,50,50,1,-1,-1,-1
455,1,454,1213,50,50,1,-1,-1,-1
455,2,657,852,50,50,1,-1,-1,-1
455,3,625,471,50,50,1,-1,-1,-1
455,4,538,785,50,50,1,-1,-1,-1
456,1,467,1199,50,50,1,-1,-1,-1
456,2,660,911,50,50,1,-1,-1,-1
456,3,638,465,50,50,1,-1,-1,-1
456,4,533,736,50,50,1,-1,-1,-1
457,1,477,1176,50,50,1,-1,-1,-1
457,2,667,945,50,50,1,-1,-1,-1
457,3,651,467,50,50,1,-1,-1,-1
457,4,529,689,50,50,1,-1,-1,-1
458,1,486,1125,50,50,1,-1,-1,-1
458,2,668,952,50,50,1,-1,-1,-1
458,3,661,476,50,50,1,-1,-1,-1
458,4,526,645,50,50,1,-1,-1,-1
459,1,497,1058,50,50,1,-1,-1,-1
459,2,648,958,50,50,1,-1,-1,-1
459,3,671,487,50,50,1,-1,-1,-1
459,4,524,605,50,50,1,-1,-1,-1
460,1,503,983,50,50,1,-1,-1,-1
460,2,612,963,50,50,1,-1,-1,-1
460,3,681,499,50,50,1,-1,-1,-1
460,4,517,575,50,50,1,-1,-1,-1
461,1,509,909,50,50,1,-1,-1,-1
461,2,577,973,50,50,1,-1,-1,-1
461,3,691,517,50,50,1,-1,-1,-1
461,4,509,557,50,50,1,-1,-1,-1
462,1,517,842,50,50,1,-1,-1,-1
462,2,545,986,50,50,1,-1,-1,-1
462,3,701,542,50,50,1,-1,-1,-1
462,4,501,542,50,50,1,-1,-1,-1
463,1,528,783,50,50,1,-1,-1,-1
463,2,516,1004,50,50,1,-1,-1,-1
463,3,711,579,50,50,1,-1,-1,-1
463,4,497,533,50,50,1,-1,-1,-1
464,1,539,725,50,50,1,-1,-1,-1
464,2,500,1023,50,50,1,-1,-1,-1
464,3,721,616,50,50,1,-1,-1,-1
464,4,493,526,50,50,1,-1,-1,-1
465,1,549,671,50,50,1,-1,-1,-1
465,2,487,1045,50,50,1,-1,-1,-1
465,3,730,661,50,50,1,-1,-1,-1
465,4,487,523,50,50,1,-1,-1,-1
466,1,558,623,50,50,1,-1,-1,-1
466,2,483,1076,50,50,1,-1,-1,-1
466,3,739,708,50,50,1,-1,-1,-1
466,4,481,527,50,50,1,-1,-1,-1
467,1,566,581,50,50,1,-1,-1,-1
467,2,474,1112,50,50,1,-1,-1,-1
467,3,748,756,50,50,1,-1,-1,-1
467,4,476,536,50,50,1,-1,-1,-1
468,1,573,547,50,50,1,-1,-1,-1
468,2,465,1148,50,50,1,-1,-1,-1
468,3,758,811,50,50,1,-1,-1,-1
468,4,472,552,50,50,1,-1,-1,-1
469,1,580,517,50,50,1,-1,-1,-1
469,2,460,1176,50,50,1,-1,-1,-1
469,3,770,872,50,50,1,-1,-1,-1
469,4,468,575,50,50,1,-1,-1,-1
470,1,586,493,50,50,1,-1,-1,-1
470,2,465,1185,50,50,1,-1,-1,-1
470,3,779,932,50,50,1,-1,-1,-1
470,4,462,602,50,50,1,-1,-1,-1
471,1,592,473,50,50,1,-1,-1,-1
471,2,473,1167,50,50,1,-1,-1,-1
471,3,770,955,50,50,1,-1,-1,-1
471,4,456,633,50,50,1,-1,-1,-1
472,1,601,458,50,50,1,-1,-1,-1
472,2,484,1101,50,50,1,-1,-1,-1
472,3,755,973,50,50,1,-1,-1,-1
472,4,451,668,50,50,1,-1,-1,-1
473,1,611,450,50,50,1,-1,-1,-1
473,2,492,1024,50,50,1,-1,-1,-1
473,3,737,999,50,50,1,-1,-1,-1
473,4,445,709,50,50,1,-1,-1,-1
474,1,621,449,50,50,1,-1,-1,-1
474,2,500,952,50,50,1,-1,-1,-1
474,3,714,1034,50,50,1,-1,-1,-1
474,4,439,752,50,50,1,-1,-1,-1
475,1,632,453,50,50,1,-1,-1,-1
475,2,508,885,50,50,1,-1,-1,-1
475,3,686,1074,50,50,1,-1,-1,-1
475,4,434,799,50,50,1,-1,-1,-1
476,1,643,462,50,50,1,-1,-1,-1
476,2,515,820,50,50,1,-1,-1,-1
476,3,657,1115,50,50,1,-1,-1,-1
476,4,433,857,50,50,1,-1,-1,-1
477,1,652,479,50,50,1,-1,-1,-1
477,2,523,760,50,50,1,-1,-1,-1
477,3,628,1150,50,50,1,-1,-1,-1
477,4,425,918,50,50,1,-1,-1,-1
478,1,661,498,50,50,1,-1,-1,-1
478,2,530,701,50,50,1,-1,-1,-1
478,3,609,1161,50,50,1,-1,-1,-1
478,4,420,975,50,50,1,-1,-1,-1
479,1,670,523,50,50,1,-1,-1,-1
479,2,537,645,50,50,1,-1,-1,-1
479,3,600,1146,50,50,1,-1,-1,-1
479,4,417,1010,50,50,1,-1,-1,-1
480,1,678,554,50,50,1,-1,-1,-1
480,2,544,597,50,50,1,-1,-1,-1
480,3,596,1108,50,50,1,-1,-1,-1
480,4,418,1034,50,50,1,-1,-1,-1
481,1,685,594,50,50,1,-1,-1,-1
481,2,552,558,50,50,1,-1,-1,-1
481,3,587,1051,50,50,1,-1,-1,-1
481,4,421,1058,50,50,1,-1,-1,-1
482,1,692,635,50,50,1,-1,-1,-1
482,2,560,527,50,50,1,-1,-1,-1
482,3,578,981,50,50,1,-1,-1,-1
482,4,424,1086,50,50,1,-1,-1,-1
483,1,700,687,50,50,1,-1,-1,-1
483,2,567,500,50,50,1,-1,-1,-1
483,3,573,915,50,50,1,-1,-1,-1
483,4,431,1116,50,50,1,-1,-1,-1
484,1,708,743,50,50,1,-1,-1,-1
484,2,574,474,50,50,1,-1,-1,-1
484,3,570,858,50,50,1,-1,-1,-1
484,4,440,1151,50,50,1,-1,-1,-1
485,1,716,801,50,50,1,-1,-1,-1
485,2,582,453,50,50,1,-1,-1,-1
485,3,563,809,50,50,1,-1,-1,-1
485,4,450,1180,50,50,1,-1,-1,-1
486,1,725,861,50,50,1,-1,-1,-1
486,2,591,438,50,50,1,-1,-1,-1
486,3,556,760,50,50,1,-1,-1,-1
486,4,463,1197,50,50,1,-1,-1,-1
487,1,734,924,50,50,1,-1,-1,-1
487,2,599,436,50,50,1,-1,-1,-1
487,3,549,711,50,50,1,-1,-1,-1
487,4,472,1203,50,50,1,-1,-1,-1
488,1,744,926,50,50,1,-1,-1,-1
488,2,605,433,50,50,1,-1,-1,-1
488,3,542,665,50,50,1,-1,-1,-1
488,4,481,1188,50,50,1,-1,-1,-1
489,1,737,936,50,50,1,-1,-1,-1
489,2,613,437,50,50,1,-1,-1,-1
489,3,534,632,50,50,1,-1,-1,-1
489,4,492,1145,50,50,1,-1,-1,-1
490,1,717,943,50,50,1,-1,-1,-1
490,2,621,443,50,50,1,-1,-1,-1
490,3,526,609,50,50,1,-1,-1,-1
490,4,502,1074,50,50,1,-1,-1,-1
491,1,684,954,50,50,1,-1,-1,-1
491,2,629,452,50,50,1,-1,-1,-1
491,3,519,593,50,50,1,-1,-1,-1
491,4,509,998,50,50,1,-1,-1,-1
492,1,635,975,50,50,1,-1,-1,-1
492,2,635,471,50,50,1,-1,-1,-1
492,3,513,575,50,50,1,-1,-1,-1
492,4,512,925,50,50,1,-1,-1,-1
493,1,591,992,50,50,1,-1,-1,-1
493,2,640,493,50,50,1,-1,-1,-1
493,3,507,559,50,50,1,-1,-1,-1
493,4,515,863,50,50,1,-1,-1,-1
494,1,555,1011,50,50,1,-1,-1,-1
494,2,645,522,50,50,1,-1,-1,-1
494,3,499,552,50,50,1,-1,-1,-1
494,4,518,803,50,50,1,-1,-1,-1
495,1,528,1035,50,50,1,-1,-1,-1
495,2,651,557,50,50,1,-1,-1,-1
495,3,491,555,50,50,1,-1,-1,-1
495,4,523,745,50,50,1,-1,-1,-1
496,1,515,1070,50,50,1,-1,-1,-1
496,2,658,595,50,50,1,-1,-1,-1
496,3,483,561,50,50,1,-1,-1,-1
496,4,529,693,50,50,1,-1,-1,-1
497,1,502,1108,50,50,1,-1,-1,-1
497,2,667,636,50,50,1,-1,-1,-1
497,3,475,571,50,50,1,-1,-1,-1
497,4,534,645,50,50,1,-1,-1,-1
498,1,491,1144,50,50,1,-1,-1,-1
498,2,675,682,50,50,1,-1,-1,-1
498,3,467,589,50,50,1,-1,-1,-1
498,4,539,600,50,50,1,-1,-1,-1
499,1,477,1177,50,50,1,-1,-1,-1
499,2,681,732,50,50,1,-1,-1,-1
499,3,459,610,50,50,1,-1,-1,-1
499,4,543,565,50,50,1,-1,-1,-1
500,1,464,1201,50,50,1,-1,-1,-1
500,2,686,788,50,50,1,-1,-1,-1
500,3,451,636,50,50,1,-1,-1,-1
500,4,548,536,50,50,1,-1,-1,-1
501,1,453,1189,50,50,1,-1,-1,-1
501,2,691,849,50,50,1,-1,-1,-1
501,3,444,668,50,50,1,-1,-1,-1
501,4,553,515,50,50,1,-1,-1,-1
502,1,454,1157,50,50,1,-1,-1,-1
502,2,696,913,50,50,1,-1,-1,-1
502,3,437,705,50,50,1,-1,-1,-1
502,4,557,499,50,50,1,-1,-1,-1
503,1,463,1101,50,50,1,-1,-1,-1
503,2,703,956,50,50,1,-1,-1,-1
503,3,431,749,50,50,1,-1,-1,-1
503,4,562,481,50,50,1,-1,-1,-1
504,1,470,1021,50,50,1,-1,-1,-1
504,2,698,982,50,50,1,-1,-1,-1
504,3,425,796,50,50,1,-1,-1,-1
504,4,568,474,50,50,1,-1,-1,-1
505,1,478,947,50,50,1,-1,-1,-1
505,2,698,1005,50,50,1,-1,-1,-1
505,3,418,848,50,50,1,-1,-1,-1
505,4,572,471,50,50,1,-1,-1,-1
506,1,491,882,50,50,1,-1,-1,-1
506,2,690,1036,50,50,1,-1,-1,-1
506,3,411,900,50,50,1,-1,-1,-1
506,4,577,476,50,50,1,-1,-1,-1
507,1,504,821,50,50,1,-1,-1,-1
507,2,674,1083,50,50,1,-1,-1,-1
507,3,406,961,50,50,1,-1,-1,-1
507,4,583,486,50,50,1,-1,-1,-1
508,1,515,765,50,50,1,-1,-1,-1
508,2,655,1130,50,50,1,-1,-1,-1
508,3,401,1021,50,50,1,-1,-1,-1
508,4,588,503,50,50,1,-1,-1,-1
509,1,525,714,50,50,1,-1,-1,-1
509,2,622,1169,50,50,1,-1,-1,-1
509,3,399,1049,50,50,1,-1,-1,-1
509,4,593,521,50,50,1,-1,-1,-1
510,1,534,665,50,50,1,-1,-1,-1
510,2,586,1192,50,50,1,-1,-1,-1
510,3,403,1070,50,50,1,-1,-1,-1
510,4,596,545,50,50,1,-1,-1,-1
511,1,543,620,50,50,1,-1,-1,-1
511,2,572,1184,50,50,1,-1,-1,-1
511,3,408,1091,50,50,1,-1,-1,-1
511,4,600,572,50,50,1,-1,-1,-1
512,1,552,576,50,50,1,-1,-1,-1
512,2,562,1156,50,50,1,-1,-1,-1
512,3,409,1116,50,50,1,-1,-1,-1
512,4,605,608,50,50,1,-1,-1,-1
513,1,562,543,50,50,1,-1,-1,-1
513,2,555,1105,50,50,1,-1,-1,-1
513,3,412,1143,50,50,1,-1,-1,-1
513,4,610,650,50,50,1,-1,-1,-1
514,1,572,515,50,50,1,-1,-1,-1
514,2,551,1037,50,50,1,-1,-1,-1
514,3,416,1173,50,50,1,-1,-1,-1
514,4,615,698,50,50,1,-1,-1,-1
515,1,582,487,50,50,1,-1,-1,-1
515,2,544,963,50,50,1,-1,-1,-1
515,3,420,1196,50,50,1,-1,-1,-1
515,4,620,750,50,50,1,-1,-1,-1
516,1,594,474,50,50,1,-1,-1,-1
516,2,545,896,50,50,1,-1,-1,-1
516,3,428,1210,50,50,1,-1,-1,-1
516,4,624,804,50,50,1,-1,-1,-1
517,1,605,464,50,50,1,-1,-1,-1
517,2,548,832,50,50,1,-1,-1,-1
517,3,436,1224,50,50,1,-1,-1,-1
517,4,628,860,50,50,1,-1,-1,-1
518,1,615,463,50,50,1,-1,-1,-1
518,2,544,776,50,50,1,-1,-1,-1
518,3,451,1223,50,50,1,-1,-1,-1
518,4,632,921,50,50,1,-1,-1,-1
519,1,625,464,50,50,1,-1,-1,-1
519,2,540,726,50,50,1,-1,-1,-1
519,3,465,1204,50,50,1,-1,-1,-1
519,4,637,973,50,50,1,-1,-1,-1
520,1,634,466,50,50,1,-1,-1,-1
520,2,535,683,50,50,1,-1,-1,-1
520,3,479,1167,50,50,1,-1,-1,-1
520,4,639,980,50,50,1,-1,-1,-1
521,1,644,478,50,50,1,-1,-1,-1
521,2,530,643,50,50,1,-1,-1,-1
521,3,492,1096,50,50,1,-1,-1,-1
521,4,625,985,50,50,1,-1,-1,-1
522,1,654,493,50,50,1,-1,-1,-1
522,2,526,606,50,50,1,-1,-1,-1
522,3,504,1018,50,50,1,-1,-1,-1
522,4,596,985,50,50,1,-1,-1,-1
523,1,663,515,50,50,1,-1,-1,-1
523,2,522,572,50,50,1,-1,-1,-1
523,3,515,941,50,50,1,-1,-1,-1
523,4,567,985,50,50,1,-1,-1,-1
524,1,672,540,50,50,1,-1,-1,-1
524,2,517,546,50,50,1,-1,-1,-1
524,3,524,874,50,50,1,-1,-1,-1
524,4,544,991,50,50,1,-1,-1,-1
525,1,681,572,50,50,1,-1,-1,-1
525,2,512,527,50,50,1,-1,-1,-1
525,3,532,809,50,50,1,-1,-1,-1
525,4,527,1006,50,50,1,-1,-1,-1
526,1,691,611,50,50,1,-1,-1,-1
526,2,508,513,50,50,1,-1,-1,-1
526,3,540,744,50,50,1,-1,-1,-1
526,4,511,1029,50,50,1,-1,-1,-1
527,1,700,660,50,50,1,-1,-1,-1
527,2,504,505,50,50,1,-1,-1,-1
527,3,548,686,50,50,1,-1,-1,-1
527,4,496,1054,50,50,1,-1,-1,-1
528,1,710,710,50,50,1,-1,-1,-1
528,2,498,505,50,50,1,-1,-1,-1
528,3,556,631,50,50,1,-1,-1,-1
528,4,491,1089,50,50,1,-1,-1,-1
529,1,721,760,50,50,1,-1,-1,-1
529,2,491,506,50,50,1,-1,-1,-1
529,3,564,580,50,50,1,-1,-1,-1
529,4,486,1131,50,50,1,-1,-1,-1
530,1,732,812,50,50,1,-1,-1,-1
530,2,486,514,50,50,1,-1,-1,-1
530,3,572,538,50,50,1,-1,-1,-1
530,4,477,1170,50,50,1,-1,-1,-1
531,1,741,870,50,50,1,-1,-1,-1
531,2,483,530,50,50,1,-1,-1,-1
531,3,580,502,50,50,1,-1,-1,-1
531,4,472,1196,50,50,1,-1,-1,-1
532,1,749,928,50,50,1,-1,-1,-1
532,2,480,553,50,50,1,-1,-1,-1
532,3,589,472,50,50,1,-1,-1,-1
532,4,470,1210,50,50,1,-1,-1,-1
533,1,756,969,50,50,1,-1,-1,-1
533,2,476,581,50,50,1,-1,-1,-1
533,3,598,446,50,50,1,-1,-1,-1
533,4,471,1207,50,50,1,-1,-1,-1
534,1,754,986,50,50,1,-1,-1,-1
534,2,470,613,50,50,1,-1,-1,-1
534,3,607,426,50,50,1,-1,-1,-1
534,4,480,1182,50,50,1,-1,-1,-1
535,1,745,1009,50,50,1,-1,-1,-1
535,2,465,648,50,50,1,-1,-1,-1
535,3,617,412,50,50,1,-1,-1,-1
535,4,491,1127,50,50,1,-1,-1,-1
536,1,726,1044,50,50,1,-1,-1,-1
536,2,460,687,50,50,1,-1,-1,-1
536,3,628,408,50,50,1,-1,-1,-1
536,4,502,1059,50,50,1,-1,-1,-1
537,1,705,1086,50,50,1,-1,-1,-1
537,2,457,734,50,50,1,-1,-1,-1
537,3,637,409,50,50,1,-1,-1,-1
537,4,512,982,50,50,1,-1,-1,-1
538,1,677,1126,50,50,1,-1,-1,-1
538,2,454,783,50,50,1,-1,-1,-1
538,3,646,410,50,50,1,-1,-1,-1
538,4,520,906,50,50,1,-1,-1,-1
539,1,643,1161,50,50,1,-1,-1,-1
539,2,451,834,50,50,1,-1,-1,-1
539,3,651,423,50,50,1,-1,-1,-1
539,4,527,832,50,50,1,-1,-1,-1
540,1,612,1193,50,50,1,-1,-1,-1
540,2,448,905,50,50,1,-1,-1,-1
540,3,659,436,50,50,1,-1,-1,-1
540,4,533,773,50,50,1,-1,-1,-1
541,1,599,1191,50,50,1,-1,-1,-1
541,2,445,968,50,50,1,-1,-1,-1
541,3,668,457,50,50,1,-1,-1,-1
541,4,544,725,50,50,1,-1,-1,-1
542,1,594,1170,50,50,1,-1,-1,-1
542,2,443,1017,50,50,1,-1,-1,-1
542,3,677,479,50,50,1,-1,-1,-1
542,4,552,677,50,50,1,-1,-1,-1
543,1,590,1126,50,50,1,-1,-1,-1
543,2,439,1058,50,50,1,-1,-1,-1
543,3,687,511,50,50,1,-1,-1,-1
543,4,560,629,50,50,1,-1,-1,-1
544,1,587,1068,50,50,1,-1,-1,-1
544,2,438,1093,50,50,1,-1,-1,-1
544,3,698,552,50,50,1,-1,-1,-1
544,4,568,584,50,50,1,-1,-1,-1
545,1,585,995,50,50,1,-1,-1,-1
545,2,442,1127,50,50,1,-1,-1,-1
545,3,705,598,50,50,1,-1,-1,-1
545,4,576,544,50,50,1,-1,-1,-1
546,1,582,923,50,50,1,-1,-1,-1
546,2,449,1164,50,50,1,-1,-1,-1
546,3,712,644,50,50,1,-1,-1,-1
546,4,585,509,50,50,1,-1,-1,-1
547,1,579,856,50,50,1,-1,-1,-1
547,2,453,1200,50,50,1,-1,-1,-1
547,3,719,694,50,50,1,-1,-1,-1
547,4,594,489,50,50,1,-1,-1,-1
548,1,576,792,50,50,1,-1,-1,-1
548,2,458,1206,50,50,1,-1,-1,-1
548,3,728,752,50,50,1,-1,-1,-1
548,4,604,473,50,50,1,-1,-1,-1
549,1,573,732,50,50,1,-1,-1,-1
549,2,466,1209,50,50,1,-1,-1,-1
549,3,738,815,50,50,1,-1,-1,-1
549,4,615,463,50,50,1,-1,-1,-1
550,1,570,679,50,50,1,-1,-1,-1
550,2,475,1211,50,50,1,-1,-1,-1
550,3,748,883,50,50,1,-1,-1,-1
550,4,623,455,50,50,1,-1,-1,-1
551,1,567,631,50,50,1,-1,-1,-1
551,2,484,1189,50,50,1,-1,-1,-1
551,3,758,928,50,50,1,-1,-1,-1
551,4,633,450,50,50,1,-1,-1,-1
552,1,564,591,50,50,1,-1,-1,-1
552,2,493,1142,50,50,1,-1,-1,-1
552,3,751,932,50,50,1,-1,-1,-1
552,4,644,451,50,50,1,-1,-1,-1
553,1,561,555,50,50,1,-1,-1,-1
553,2,503,1073,50,50,1,-1,-1,-1
553,3,731,940,50,50,1,-1,-1,-1
553,4,653,464,50,50,1,-1,-1,-1
554,1,558,527,50,50,1,-1,-1,-1
554,2,509,995,50,50,1,-1,-1,-1
554,3,685,945,50,50,1,-1,-1,-1
554,4,662,480,50,50,1,-1,-1,-1
555,1,555,505,50,50,1,-1,-1,-1
555,2,515,917,50,50,1,-1,-1,-1
555,3,634,953,50,50,1,-1,-1,-1
555,4,671,502,50,50,1,-1,-1,-1
556,1,552,486,50,50,1,-1,-1,-1
556,2,523,853,50,50,1,-1,-1,-1
556,3,586,970,50,50,1,-1,-1,-1
556,4,680,527,50,50,1,-1,-1,-1
557,1,549,471,50,50,1,-1,-1,-1
557,2,532,796,50,50,1,-1,-1,-1
557,3,543,995,50,50,1,-1,-1,-1
557,4,688,555,50,50,1,-1,-1,-1
558,1,546,464,50,50,1,-1,-1,-1
558,2,541,738,50,50,1,-1,-1,-1
558,3,514,1014,50,50,1,-1,-1,-1
558,4,694,594,50,50,1,-1,-1,-1
559,1,542,467,50,50,1,-1,-1,-1
559,2,550,683,50,50,1,-1,-1,-1
559,3,502,1033,50,50,1,-1,-1,-1
559,4,702,638,50,50,1,-1,-1,-1
560,1,537,477,50,50,1,-1,-1,-1
560,2,559,637,50,50,1,-1,-1,-1
560,3,497,1067,50,50,1,-1,-1,-1
560,4,710,687,50,50,1,-1,-1,-1
561,1,532,488,50,50,1,-1,-1,-1
561,2,567,599,50,50,1,-1,-1,-1
561,3,492,1101,50,50,1,-1,-1,-1
561,4,719,740,50,50,1,-1,-1,-1
562,1,527,503,50,50,1,-1,-1,-1
562,2,573,562,50,50,1,-1,-1,-1
562,3,489,1127,50,50,1,-1,-1,-1
562,4,729,799,50,50,1,-1,-1,-1
563,1,522,523,50,50,1,-1,-1,-1
563,2,578,531,50,50,1,-1,-1,-1
563,3,487,1150,50,50,1,-1,-1,-1
563,4,740,861,50,50,1,-1,-1,-1
564,1,521,550,50,50,1,-1,-1,-1
564,2,584,505,50,50,1,-1,-1,-1
564,3,490,1162,50,50,1,-1,-1,-1
564,4,747,929,50,50,1,-1,-1,-1
565,1,521,585,50,50,1,-1,-1,-1
565,2,590,484,50,50,1,-1,-1,-1
565,3,491,1153,50,50,1,-1,-1,-1
565,4,744,949,50,50,1,-1,-1,-1
566,1,519,624,50,50,1,-1,-1,-1
566,2,596,471,50,50,1,-1,-1,-1
566,3,487,1137,50,50,1,-1,-1,-1
566,4,737,973,50,50,1,-1,-1,-1
567,1,516,666,50,50,1,-1,-1,-1
567,2,603,465,50,50,1,-1,-1,-1
567,3,483,1121,50,50,1,-1,-1,-1
567,4,722,987,50,50,1,-1,-1,-1
568,1,512,710,50,50,1,-1,-1,-1
568,2,612,472,50,50,1,-1,-1,-1
568,3,481,1110,50,50,1,-1,-1,-1
568,4,711,1007,50,50,1,-1,-1,-1
569,1,507,765,50,50,1,-1,-1,-1
569,2,622,475,50,50,1,-1,-1,-1
569,3,474,1105,50,50,1,-1,-1,-1
569,4,705,1024,50,50,1,-1,-1,-1
570,1,503,819,50,50,1,-1,-1,-1
570,2,631,483,50,50,1,-1,-1,-1
570,3,469,1099,50,50,1,-1,-1,-1
570,4,695,1036,50,50,1,-1,-1,-1
571,1,500,887,50,50,1,-1,-1,-1
571,2,636,500,50,50,1,-1,-1,-1
571,3,464,1093,50,50,1,-1,-1,-1
571,4,688,1044,50,50,1,-1,-1,-1
572,1,495,955,50,50,1,-1,-1,-1
572,2,643,519,50,50,1,-1,-1,-1
572,3,460,1087,50,50,1,-1,-1,-1
572,4,685,1046,50,50,1,-1,-1,-1
573,1,491,1027,50,50,1,-1,-1,-1
573,2,653,547,50,50,1,-1,-1,-1
573,3,465,1081,50,50,1,-1,-1,-1
573,4,684,1047,50,50,1,-1,-1,-1
574,1,488,1067,50,50,1,-1,-1,-1
574,2,662,579,50,50,1,-1,-1,-1
574,3,468,1078,50,50,1,-1,-1,-1
574,4,689,1048,50,50,1,-1,-1,-1
575,1,487,1065,50,50,1,-1,-1,-1
575,2,668,617,50,50,1,-1,-1,-1
575,3,466,1079,50,50,1,-1,-1,-1
575,4,696,1049,50,50,1,-1,-1,-1
576,1,483,1067,50,50,1,-1,-1,-1
576,2,673,660,50,50,1,-1,-1,-1
576,3,464,1080,50,50,1,-1,-1,-1
576,4,703,1049,50,50,1,-1,-1,-1
577,1,477,1074,50,50,1,-1,-1,-1
577,2,679,708,50,50,1,-1,-1,-1
577,3,454,1083,50,50,1,-1,-1,-1
577,4,710,1048,50,50,1,-1,-1,-1
578,1,470,1082,50,50,1,-1,-1,-1
578,2,686,759,50,50,1,-1,-1,-1
578,3,440,1088,50,50,1,-1,-1,-1
578,4,716,1050,50,50,1,-1,-1,-1
579,1,460,1086,50,50,1,-1,-1,-1
579,2,694,815,50,50,1,-1,-1,-1
579,3,431,1097,50,50,1,-1,-1,-1
579,4,723,1056,50,50,1,-1,-1,-1
580,1,453,1091,50,50,1,-1,-1,-1
580,2,703,875,50,50,1,-1,-1,-1
580,3,427,1102,50,50,1,-1,-1,-1
580,4,728,1063,50,50,1,-1,-1,-1
581,1,449,1095,50,50,1,-1,-1,-1
581,2,712,942,50,50,1,-1,-1,-1
581,3,424,1104,50,50,1,-1,-1,-1
581,4,734,1070,50,50,1,-1,-1,-1
582,1,446,1099,50,50,1,-1,-1,-1
582,2,721,1016,50,50,1,-1,-1,-1
582,3,419,1108,50,50,1,-1,-1,-1
582,4,740,1077,50,50,1,-1,-1,-1
583,1,445,1102,50,50,1,-1,-1,-1
583,2,717,1072,50,50,1,-1,-1,-1
583,3,420,1110,50,50,1,-1,-1,-1
583,4,744,1090,50,50,1,-1,-1,-1
584,1,448,1104,50,50,1,-1,-1,-1
584,2,713,1080,50,50,1,-1,-1,-1
584,3,420,1109,50,50,1,-1,-1,-1
584,4,740,1100,50,50,1,-1,-1,-1
585,1,448,1102,50,50,1,-1,-1,-1
585,2,700,1082,50,50,1,-1,-1,-1
585,3,421,1111,50,50,1,-1,-1,-1
585,4,736,1101,50,50,1,-1,-1,-1
586,1,448,1102,50,50,1,-1,-1,-1
586,2,694,1085,50,50,1,-1,-1,-1
586,3,420,1113,50,50,1,-1,-1,-1
586,4,731,1103,50,50,1,-1,-1,-1
587,1,449,1103,50,50,1,-1,-1,-1
587,2,693,1090,50,50,1,-1,-1,-1
587,3,422,1112,50,50,1,-1,-1,-1
587,4,726,1105,50,50,1,-1,-1,-1
