1,1,435,1442,50,50,1,-1,-1,-1
1,2,508,1307,50,50,1,-1,-1,-1
1,3,441,1416,50,50,1,-1,-1,-1
1,4,502,1313,50,50,1,-1,-1,-1
2,1,449,1404,50,50,1,-1,-1,-1
2,2,509,1309,50,50,1,-1,-1,-1
2,3,457,1382,50,50,1,-1,-1,-1
2,4,504,1320,50,50,1,-1,-1,-1
3,1,458,1344,50,50,1,-1,-1,-1
3,2,508,1320,50,50,1,-1,-1,-1
3,3,465,1355,50,50,1,-1,-1,-1
3,4,503,1322,50,50,1,-1,-1,-1
4,1,461,1259,50,50,1,-1,-1,-1
4,2,507,1335,50,50,1,-1,-1,-1
4,3,467,1288,50,50,1,-1,-1,-1
4,4,502,1327,50,50,1,-1,-1,-1
5,1,460,1170,50,50,1,-1,-1,-1
5,2,506,1346,50,50,1,-1,-1,-1
5,3,458,1225,50,50,1,-1,-1,-1
5,4,501,1335,50,50,1,-1,-1,-1
6,1,458,1078,50,50,1,-1,-1,-1
6,2,503,1355,50,50,1,-1,-1,-1
6,3,446,1171,50,50,1,-1,-1,-1
6,4,499,1344,50,50,1,-1,-1,-1
7,1,455,991,50,50,1,-1,-1,-1
7,2,501,1363,50,50,1,-1,-1,-1
7,3,433,1141,50,50,1,-1,-1,-1
7,4,499,1346,50,50,1,-1,-1,-1
8,1,447,913,50,50,1,-1,-1,-1
8,2,502,1371,50,50,1,-1,-1,-1
8,3,425,1125,50,50,1,-1,-1,-1
8,4,496,1355,50,50,1,-1,-1,-1
9,1,440,836,50,50,1,-1,-1,-1
9,2,500,1376,50,50,1,-1,-1,-1
9,3,417,1132,50,50,1,-1,-1,-1
9,4,494,1357,50,50,1,-1,-1,-1
10,1,435,765,50,50,1,-1,-1,-1
10,2,500,1376,50,50,1,-1,-1,-1
10,3,409,1143,50,50,1,-1,-1,-1
10,4,494,1355,50,50,1,-1,-1,-1
11,1,430,697,50,50,1,-1,-1,-1
11,2,499,1368,50,50,1,-1,-1,-1
11,3,401,1179,50,50,1,-1,-1,-1
11,4,493,1345,50,50,1,-1,-1,-1
12,1,423,640,50,50,1,-1,-1,-1
12,2,497,1346,50,50,1,-1,-1,-1
12,3,398,1220,50,50,1,-1,-1,-1
12,4,492,1329,50,50,1,-1,-1,-1
13,1,418,587,50,50,1,-1,-1,-1
13,2,494,1309,50,50,1,-1,-1,-1
13,3,394,1267,50,50,1,-1,-1,-1
13,4,491,1311,50,50,1,-1,-1,-1
14,1,415,537,50,50,1,-1,-1,-1
14,2,491,1271,50,50,1,-1,-1,-1
14,3,399,1314,50,50,1,-1,-1,-1
14,4,489,1290,50,50,1,-1,-1,-1
15,1,412,492,50,50,1,-1,-1,-1
15,2,487,1236,50,50,1,-1,-1,-1
15,3,407,1357,50,50,1,-1,-1,-1
15,4,487,1268,50,50,1,-1,-1,-1
16,1,406,451,50,50,1,-1,-1,-1
16,2,480,1205,50,50,1,-1,-1,-1
16,3,419,1384,50,50,1,-1,-1,-1
16,4,489,1247,50,50,1,-1,-1,-1
17,1,400,412,50,50,1,-1,-1,-1
17,2,472,1181,50,50,1,-1,-1,-1
17,3,433,1393,50,50,1,-1,-1,-1
17,4,491,1238,50,50,1,-1,-1,-1
18,1,396,382,50,50,1,-1,-1,-1
18,2,467,1161,50,50,1,-1,-1,-1
18,3,446,1389,50,50,1,-1,-1,-1
18,4,502,1239,50,50,1,-1,-1,-1
19,1,392,359,50,50,1,-1,-1,-1
19,2,462,1143,50,50,1,-1,-1,-1
19,3,456,1368,50,50,1,-1,-1,-1
19,4,513,1245,50,50,1,-1,-1,-1
20,1,389,339,50,50,1,-1,-1,-1
20,2,456,1128,50,50,1,-1,-1,-1
20,3,465,1331,50,50,1,-1,-1,-1
20,4,521,1259,50,50,1,-1,-1,-1
21,1,386,320,50,50,1,-1,-1,-1
21,2,449,1115,50,50,1,-1,-1,-1
21,3,470,1286,50,50,1,-1,-1,-1
21,4,528,1280,50,50,1,-1,-1,-1
22,1,381,305,50,50,1,-1,-1,-1
22,2,442,1110,50,50,1,-1,-1,-1
22,3,474,1238,50,50,1,-1,-1,-1
22,4,533,1305,50,50,1,-1,-1,-1
23,1,375,299,50,50,1,-1,-1,-1
23,2,436,1112,50,50,1,-1,-1,-1
23,3,478,1193,50,50,1,-1,-1,-1
23,4,535,1330,50,50,1,-1,-1,-1
24,1,372,296,50,50,1,-1,-1,-1
24,2,430,1118,50,50,1,-1,-1,-1
24,3,481,1152,50,50,1,-1,-1,-1
24,4,536,1358,50,50,1,-1,-1,-1
25,1,369,299,50,50,1,-1,-1,-1
25,2,424,1130,50,50,1,-1,-1,-1
25,3,483,1119,50,50,1,-1,-1,-1
25,4,529,1390,50,50,1,-1,-1,-1
26,1,366,304,50,50,1,-1,-1,-1
26,2,418,1147,50,50,1,-1,-1,-1
26,3,485,1088,50,50,1,-1,-1,-1
26,4,527,1409,50,50,1,-1,-1,-1
27,1,363,312,50,50,1,-1,-1,-1
27,2,413,1166,50,50,1,-1,-1,-1
27,3,488,1061,50,50,1,-1,-1,-1
27,4,521,1417,50,50,1,-1,-1,-1
28,1,359,328,50,50,1,-1,-1,-1
28,2,408,1177,50,50,1,-1,-1,-1
28,3,491,1037,50,50,1,-1,-1,-1
28,4,509,1414,50,50,1,-1,-1,-1
29,1,357,348,50,50,1,-1,-1,-1
29,2,404,1187,50,50,1,-1,-1,-1
29,3,495,1016,50,50,1,-1,-1,-1
29,4,503,1416,50,50,1,-1,-1,-1
30,1,356,369,50,50,1,-1,-1,-1
30,2,405,1203,50,50,1,-1,-1,-1
30,3,498,1005,50,50,1,-1,-1,-1
30,4,498,1398,50,50,1,-1,-1,-1
31,1,355,391,50,50,1,-1,-1,-1
31,2,406,1222,50,50,1,-1,-1,-1
31,3,501,1000,50,50,1,-1,-1,-1
31,4,486,1357,50,50,1,-1,-1,-1
32,1,352,424,50,50,1,-1,-1,-1
32,2,409,1247,50,50,1,-1,-1,-1
32,3,505,1000,50,50,1,-1,-1,-1
32,4,474,1302,50,50,1,-1,-1,-1
33,1,349,462,50,50,1,-1,-1,-1
33,2,414,1276,50,50,1,-1,-1,-1
33,3,510,1003,50,50,1,-1,-1,-1
33,4,469,1217,50,50,1,-1,-1,-1
34,1,348,503,50,50,1,-1,-1,-1
34,2,420,1305,50,50,1,-1,-1,-1
34,3,514,1012,50,50,1,-1,-1,-1
34,4,467,1126,50,50,1,-1,-1,-1
35,1,344,548,50,50,1,-1,-1,-1
35,2,423,1335,50,50,1,-1,-1,-1
35,3,518,1027,50,50,1,-1,-1,-1
35,4,465,1038,50,50,1,-1,-1,-1
36,1,344,595,50,50,1,-1,-1,-1
36,2,425,1350,50,50,1,-1,-1,-1
36,3,522,1039,50,50,1,-1,-1,-1
36,4,466,961,50,50,1,-1,-1,-1
37,1,342,649,50,50,1,-1,-1,-1
37,2,427,1341,50,50,1,-1,-1,-1
37,3,525,1056,50,50,1,-1,-1,-1
37,4,468,889,50,50,1,-1,-1,-1
38,1,338,709,50,50,1,-1,-1,-1
38,2,434,1312,50,50,1,-1,-1,-1
38,3,528,1081,50,50,1,-1,-1,-1
38,4,470,819,50,50,1,-1,-1,-1
39,1,337,773,50,50,1,-1,-1,-1
39,2,439,1270,50,50,1,-1,-1,-1
39,3,531,1108,50,50,1,-1,-1,-1
39,4,469,750,50,50,1,-1,-1,-1
40,1,335,840,50,50,1,-1,-1,-1
40,2,444,1222,50,50,1,-1,-1,-1
40,3,534,1137,50,50,1,-1,-1,-1
40,4,470,688,50,50,1,-1,-1,-1
41,1,333,910,50,50,1,-1,-1,-1
41,2,449,1185,50,50,1,-1,-1,-1
41,3,536,1158,50,50,1,-1,-1,-1
41,4,472,636,50,50,1,-1,-1,-1
42,1,332,989,50,50,1,-1,-1,-1
42,2,453,1153,50,50,1,-1,-1,-1
42,3,535,1185,50,50,1,-1,-1,-1
42,4,471,585,50,50,1,-1,-1,-1
43,1,331,1073,50,50,1,-1,-1,-1
43,2,458,1127,50,50,1,-1,-1,-1
43,3,529,1219,50,50,1,-1,-1,-1
43,4,471,536,50,50,1,-1,-1,-1
44,1,330,1155,50,50,1,-1,-1,-1
44,2,463,1101,50,50,1,-1,-1,-1
44,3,515,1259,50,50,1,-1,-1,-1
44,4,471,491,50,50,1,-1,-1,-1
45,1,324,1179,50,50,1,-1,-1,-1
45,2,468,1079,50,50,1,-1,-1,-1
45,3,505,1299,50,50,1,-1,-1,-1
45,4,473,454,50,50,1,-1,-1,-1
46,1,319,1190,50,50,1,-1,-1,-1
46,2,475,1061,50,50,1,-1,-1,-1
46,3,496,1337,50,50,1,-1,-1,-1
46,4,476,423,50,50,1,-1,-1,-1
47,1,321,1199,50,50,1,-1,-1,-1
47,2,482,1048,50,50,1,-1,-1,-1
47,3,483,1350,50,50,1,-1,-1,-1
47,4,477,400,50,50,1,-1,-1,-1
48,1,329,1210,50,50,1,-1,-1,-1
48,2,489,1042,50,50,1,-1,-1,-1
48,3,478,1343,50,50,1,-1,-1,-1
48,4,478,376,50,50,1,-1,-1,-1
49,1,333,1226,50,50,1,-1,-1,-1
49,2,496,1041,50,50,1,-1,-1,-1
49,3,468,1310,50,50,1,-1,-1,-1
49,4,481,358,50,50,1,-1,-1,-1
50,1,338,1246,50,50,1,-1,-1,-1
50,2,502,1044,50,50,1,-1,-1,-1
50,3,454,1264,50,50,1,-1,-1,-1
50,4,484,343,50,50,1,-1,-1,-1
51,1,344,1269,50,50,1,-1,-1,-1
51,2,508,1051,50,50,1,-1,-1,-1
51,3,447,1214,50,50,1,-1,-1,-1
51,4,487,335,50,50,1,-1,-1,-1
52,1,351,1301,50,50,1,-1,-1,-1
52,2,514,1063,50,50,1,-1,-1,-1
52,3,440,1165,50,50,1,-1,-1,-1
52,4,490,332,50,50,1,-1,-1,-1
53,1,362,1333,50,50,1,-1,-1,-1
53,2,520,1082,50,50,1,-1,-1,-1
53,3,433,1127,50,50,1,-1,-1,-1
53,4,494,333,50,50,1,-1,-1,-1
54,1,377,1368,50,50,1,-1,-1,-1
54,2,526,1104,50,50,1,-1,-1,-1
54,3,427,1093,50,50,1,-1,-1,-1
54,4,497,339,50,50,1,-1,-1,-1
55,1,388,1403,50,50,1,-1,-1,-1
55,2,533,1130,50,50,1,-1,-1,-1
55,3,422,1063,50,50,1,-1,-1,-1
55,4,499,349,50,50,1,-1,-1,-1
56,1,403,1426,50,50,1,-1,-1,-1
56,2,540,1157,50,50,1,-1,-1,-1
56,3,417,1035,50,50,1,-1,-1,-1
56,4,501,362,50,50,1,-1,-1,-1
57,1,424,1433,50,50,1,-1,-1,-1
57,2,547,1184,50,50,1,-1,-1,-1
57,3,412,1009,50,50,1,-1,-1,-1
57,4,503,380,50,50,1,-1,-1,-1
58,1,443,1426,50,50,1,-1,-1,-1
58,2,553,1207,50,50,1,-1,-1,-1
58,3,405,990,50,50,1,-1,-1,-1
58,4,502,404,50,50,1,-1,-1,-1
59,1,461,1390,50,50,1,-1,-1,-1
59,2,552,1229,50,50,1,-1,-1,-1
59,3,397,981,50,50,1,-1,-1,-1
59,4,506,434,50,50,1,-1,-1,-1
60,1,475,1318,50,50,1,-1,-1,-1
60,2,543,1258,50,50,1,-1,-1,-1
60,3,390,973,50,50,1,-1,-1,-1
60,4,510,466,50,50,1,-1,-1,-1
61,1,471,1231,50,50,1,-1,-1,-1
61,2,537,1287,50,50,1,-1,-1,-1
61,3,384,970,50,50,1,-1,-1,-1
61,4,513,508,50,50,1,-1,-1,-1
62,1,463,1140,50,50,1,-1,-1,-1
62,2,531,1320,50,50,1,-1,-1,-1
62,3,378,970,50,50,1,-1,-1,-1
62,4,516,544,50,50,1,-1,-1,-1
63,1,455,1048,50,50,1,-1,-1,-1
63,2,520,1330,50,50,1,-1,-1,-1
63,3,373,974,50,50,1,-1,-1,-1
63,4,519,583,50,50,1,-1,-1,-1
64,1,445,966,50,50,1,-1,-1,-1
64,2,509,1328,50,50,1,-1,-1,-1
64,3,368,985,50,50,1,-1,-1,-1
64,4,523,643,50,50,1,-1,-1,-1
65,1,439,891,50,50,1,-1,-1,-1
65,2,504,1298,50,50,1,-1,-1,-1
65,3,362,1004,50,50,1,-1,-1,-1
65,4,528,696,50,50,1,-1,-1,-1
66,1,432,817,50,50,1,-1,-1,-1
66,2,496,1256,50,50,1,-1,-1,-1
66,3,356,1026,50,50,1,-1,-1,-1
66,4,532,757,50,50,1,-1,-1,-1
67,1,425,748,50,50,1,-1,-1,-1
67,2,488,1212,50,50,1,-1,-1,-1
67,3,351,1052,50,50,1,-1,-1,-1
67,4,536,821,50,50,1,-1,-1,-1
68,1,418,682,50,50,1,-1,-1,-1
68,2,480,1171,50,50,1,-1,-1,-1
68,3,345,1080,50,50,1,-1,-1,-1
68,4,541,889,50,50,1,-1,-1,-1
69,1,411,621,50,50,1,-1,-1,-1
69,2,473,1136,50,50,1,-1,-1,-1
69,3,341,1105,50,50,1,-1,-1,-1
69,4,547,965,50,50,1,-1,-1,-1
70,1,405,566,50,50,1,-1,-1,-1
70,2,466,1104,50,50,1,-1,-1,-1
70,3,341,1133,50,50,1,-1,-1,-1
70,4,553,1042,50,50,1,-1,-1,-1
71,1,399,517,50,50,1,-1,-1,-1
71,2,459,1076,50,50,1,-1,-1,-1
71,3,345,1158,50,50,1,-1,-1,-1
71,4,557,1123,50,50,1,-1,-1,-1
72,1,394,474,50,50,1,-1,-1,-1
72,2,451,1049,50,50,1,-1,-1,-1
72,3,352,1188,50,50,1,-1,-1,-1
72,4,561,1180,50,50,1,-1,-1,-1
73,1,389,435,50,50,1,-1,-1,-1
73,2,444,1027,50,50,1,-1,-1,-1
73,3,358,1229,50,50,1,-1,-1,-1
73,4,570,1199,50,50,1,-1,-1,-1
74,1,383,399,50,50,1,-1,-1,-1
74,2,437,1011,50,50,1,-1,-1,-1
74,3,371,1277,50,50,1,-1,-1,-1
74,4,573,1213,50,50,1,-1,-1,-1
75,1,375,369,50,50,1,-1,-1,-1
75,2,429,1002,50,50,1,-1,-1,-1
75,3,388,1320,50,50,1,-1,-1,-1
75,4,572,1229,50,50,1,-1,-1,-1
76,1,368,345,50,50,1,-1,-1,-1
76,2,421,997,50,50,1,-1,-1,-1
76,3,407,1339,50,50,1,-1,-1,-1
76,4,569,1249,50,50,1,-1,-1,-1
77,1,363,329,50,50,1,-1,-1,-1
77,2,413,996,50,50,1,-1,-1,-1
77,3,423,1328,50,50,1,-1,-1,-1
77,4,565,1267,50,50,1,-1,-1,-1
78,1,357,314,50,50,1,-1,-1,-1
78,2,406,998,50,50,1,-1,-1,-1
78,3,439,1297,50,50,1,-1,-1,-1
78,4,559,1286,50,50,1,-1,-1,-1
79,1,351,301,50,50,1,-1,-1,-1
79,2,400,1005,50,50,1,-1,-1,-1
79,3,447,1244,50,50,1,-1,-1,-1
79,4,554,1309,50,50,1,-1,-1,-1
80,1,346,295,50,50,1,-1,-1,-1
80,2,395,1018,50,50,1,-1,-1,-1
80,3,454,1189,50,50,1,-1,-1,-1
80,4,550,1332,50,50,1,-1,-1,-1
81,1,340,293,50,50,1,-1,-1,-1
81,2,389,1038,50,50,1,-1,-1,-1
81,3,458,1147,50,50,1,-1,-1,-1
81,4,546,1357,50,50,1,-1,-1,-1
82,1,334,295,50,50,1,-1,-1,-1
82,2,380,1061,50,50,1,-1,-1,-1
82,3,462,1115,50,50,1,-1,-1,-1
82,4,538,1383,50,50,1,-1,-1,-1
83,1,329,304,50,50,1,-1,-1,-1
83,2,374,1087,50,50,1,-1,-1,-1
83,3,467,1084,50,50,1,-1,-1,-1
83,4,528,1403,50,50,1,-1,-1,-1
84,1,324,317,50,50,1,-1,-1,-1
84,2,368,1115,50,50,1,-1,-1,-1
84,3,475,1058,50,50,1,-1,-1,-1
84,4,519,1418,50,50,1,-1,-1,-1
85,1,319,334,50,50,1,-1,-1,-1
85,2,363,1145,50,50,1,-1,-1,-1
85,3,483,1033,50,50,1,-1,-1,-1
85,4,511,1431,50,50,1,-1,-1,-1
86,1,314,355,50,50,1,-1,-1,-1
86,2,359,1170,50,50,1,-1,-1,-1
86,3,491,1011,50,50,1,-1,-1,-1
86,4,503,1436,50,50,1,-1,-1,-1
87,1,308,378,50,50,1,-1,-1,-1
87,2,361,1193,50,50,1,-1,-1,-1
87,3,498,996,50,50,1,-1,-1,-1
87,4,495,1428,50,50,1,-1,-1,-1
88,1,303,408,50,50,1,-1,-1,-1
88,2,370,1218,50,50,1,-1,-1,-1
88,3,505,986,50,50,1,-1,-1,-1
88,4,485,1410,50,50,1,-1,-1,-1
89,1,299,444,50,50,1,-1,-1,-1
89,2,379,1249,50,50,1,-1,-1,-1
89,3,512,983,50,50,1,-1,-1,-1
89,4,475,1361,50,50,1,-1,-1,-1
90,1,295,480,50,50,1,-1,-1,-1
90,2,389,1286,50,50,1,-1,-1,-1
90,3,519,982,50,50,1,-1,-1,-1
90,4,468,1287,50,50,1,-1,-1,-1
91,1,290,526,50,50,1,-1,-1,-1
91,2,399,1324,50,50,1,-1,-1,-1
91,3,526,983,50,50,1,-1,-1,-1
91,4,463,1201,50,50,1,-1,-1,-1
92,1,285,579,50,50,1,-1,-1,-1
92,2,408,1338,50,50,1,-1,-1,-1
92,3,533,992,50,50,1,-1,-1,-1
92,4,463,1111,50,50,1,-1,-1,-1
93,1,280,634,50,50,1,-1,-1,-1
93,2,417,1315,50,50,1,-1,-1,-1
93,3,540,1009,50,50,1,-1,-1,-1
93,4,461,1025,50,50,1,-1,-1,-1
94,1,275,691,50,50,1,-1,-1,-1
94,2,428,1272,50,50,1,-1,-1,-1
94,3,546,1029,50,50,1,-1,-1,-1
94,4,462,954,50,50,1,-1,-1,-1
95,1,272,759,50,50,1,-1,-1,-1
95,2,437,1225,50,50,1,-1,-1,-1
95,3,552,1050,50,50,1,-1,-1,-1
95,4,464,887,50,50,1,-1,-1,-1
96,1,270,831,50,50,1,-1,-1,-1
96,2,442,1186,50,50,1,-1,-1,-1
96,3,558,1071,50,50,1,-1,-1,-1
96,4,466,821,50,50,1,-1,-1,-1
97,1,265,907,50,50,1,-1,-1,-1
97,2,446,1156,50,50,1,-1,-1,-1
97,3,566,1099,50,50,1,-1,-1,-1
97,4,468,755,50,50,1,-1,-1,-1
98,1,260,985,50,50,1,-1,-1,-1
98,2,450,1124,50,50,1,-1,-1,-1
98,3,573,1126,50,50,1,-1,-1,-1
98,4,471,693,50,50,1,-1,-1,-1
99,1,256,1065,50,50,1,-1,-1,-1
99,2,456,1091,50,50,1,-1,-1,-1
99,3,574,1149,50,50,1,-1,-1,-1
99,4,474,638,50,50,1,-1,-1,-1
100,1,250,1151,50,50,1,-1,-1,-1
100,2,461,1063,50,50,1,-1,-1,-1
100,3,569,1175,50,50,1,-1,-1,-1
100,4,478,589,50,50,1,-1,-1,-1
101,1,238,1172,50,50,1,-1,-1,-1
101,2,468,1051,50,50,1,-1,-1,-1
101,3,562,1206,50,50,1,-1,-1,-1
101,4,481,548,50,50,1,-1,-1,-1
102,1,244,1175,50,50,1,-1,-1,-1
102,2,473,1035,50,50,1,-1,-1,-1
102,3,551,1248,50,50,1,-1,-1,-1
102,4,481,516,50,50,1,-1,-1,-1
103,1,257,1180,50,50,1,-1,-1,-1
103,2,480,1026,50,50,1,-1,-1,-1
103,3,535,1297,50,50,1,-1,-1,-1
103,4,481,484,50,50,1,-1,-1,-1
104,1,269,1188,50,50,1,-1,-1,-1
104,2,484,1023,50,50,1,-1,-1,-1
104,3,514,1341,50,50,1,-1,-1,-1
104,4,481,452,50,50,1,-1,-1,-1
105,1,281,1200,50,50,1,-1,-1,-1
105,2,490,1023,50,50,1,-1,-1,-1
105,3,499,1346,50,50,1,-1,-1,-1
105,4,485,425,50,50,1,-1,-1,-1
106,1,297,1221,50,50,1,-1,-1,-1
106,2,495,1029,50,50,1,-1,-1,-1
106,3,492,1328,50,50,1,-1,-1,-1
106,4,489,404,50,50,1,-1,-1,-1
107,1,314,1245,50,50,1,-1,-1,-1
107,2,500,1040,50,50,1,-1,-1,-1
107,3,481,1286,50,50,1,-1,-1,-1
107,4,493,389,50,50,1,-1,-1,-1
108,1,325,1270,50,50,1,-1,-1,-1
108,2,508,1054,50,50,1,-1,-1,-1
108,3,460,1236,50,50,1,-1,-1,-1
108,4,495,382,50,50,1,-1,-1,-1
109,1,336,1303,50,50,1,-1,-1,-1
109,2,515,1072,50,50,1,-1,-1,-1
109,3,454,1190,50,50,1,-1,-1,-1
109,4,496,377,50,50,1,-1,-1,-1
110,1,350,1337,50,50,1,-1,-1,-1
110,2,523,1094,50,50,1,-1,-1,-1
110,3,448,1151,50,50,1,-1,-1,-1
110,4,500,375,50,50,1,-1,-1,-1
111,1,367,1367,50,50,1,-1,-1,-1
111,2,531,1122,50,50,1,-1,-1,-1
111,3,442,1117,50,50,1,-1,-1,-1
111,4,505,377,50,50,1,-1,-1,-1
112,1,385,1395,50,50,1,-1,-1,-1
112,2,539,1152,50,50,1,-1,-1,-1
112,3,433,1083,50,50,1,-1,-1,-1
112,4,509,384,50,50,1,-1,-1,-1
113,1,401,1418,50,50,1,-1,-1,-1
113,2,544,1185,50,50,1,-1,-1,-1
113,3,423,1054,50,50,1,-1,-1,-1
113,4,511,396,50,50,1,-1,-1,-1
114,1,418,1430,50,50,1,-1,-1,-1
114,2,550,1203,50,50,1,-1,-1,-1
114,3,414,1030,50,50,1,-1,-1,-1
114,4,513,412,50,50,1,-1,-1,-1
115,1,436,1426,50,50,1,-1,-1,-1
115,2,554,1223,50,50,1,-1,-1,-1
115,3,407,1012,50,50,1,-1,-1,-1
115,4,516,432,50,50,1,-1,-1,-1
116,1,456,1392,50,50,1,-1,-1,-1
116,2,554,1247,50,50,1,-1,-1,-1
116,3,401,1000,50,50,1,-1,-1,-1
116,4,521,457,50,50,1,-1,-1,-1
117,1,463,1333,50,50,1,-1,-1,-1
117,2,552,1276,50,50,1,-1,-1,-1
117,3,394,993,50,50,1,-1,-1,-1
117,4,528,491,50,50,1,-1,-1,-1
118,1,462,1241,50,50,1,-1,-1,-1
118,2,547,1313,50,50,1,-1,-1,-1
118,3,386,989,50,50,1,-1,-1,-1
118,4,534,528,50,50,1,-1,-1,-1
119,1,455,1155,50,50,1,-1,-1,-1
119,2,540,1346,50,50,1,-1,-1,-1
119,3,377,990,50,50,1,-1,-1,-1
119,4,537,568,50,50,1,-1,-1,-1
120,1,448,1066,50,50,1,-1,-1,-1
120,2,532,1362,50,50,1,-1,-1,-1
120,3,368,996,50,50,1,-1,-1,-1
120,4,538,612,50,50,1,-1,-1,-1
121,1,442,980,50,50,1,-1,-1,-1
121,2,525,1354,50,50,1,-1,-1,-1
121,3,358,1006,50,50,1,-1,-1,-1
121,4,541,663,50,50,1,-1,-1,-1
122,1,435,899,50,50,1,-1,-1,-1
122,2,517,1331,50,50,1,-1,-1,-1
122,3,347,1024,50,50,1,-1,-1,-1
122,4,544,712,50,50,1,-1,-1,-1
123,1,428,826,50,50,1,-1,-1,-1
123,2,509,1292,50,50,1,-1,-1,-1
123,3,341,1042,50,50,1,-1,-1,-1
123,4,548,764,50,50,1,-1,-1,-1
124,1,420,757,50,50,1,-1,-1,-1
124,2,504,1250,50,50,1,-1,-1,-1
124,3,334,1067,50,50,1,-1,-1,-1
124,4,554,825,50,50,1,-1,-1,-1
125,1,412,697,50,50,1,-1,-1,-1
125,2,498,1205,50,50,1,-1,-1,-1
125,3,330,1091,50,50,1,-1,-1,-1
125,4,562,891,50,50,1,-1,-1,-1
126,1,404,641,50,50,1,-1,-1,-1
126,2,490,1161,50,50,1,-1,-1,-1
126,3,326,1115,50,50,1,-1,-1,-1
126,4,569,962,50,50,1,-1,-1,-1
127,1,397,591,50,50,1,-1,-1,-1
127,2,481,1123,50,50,1,-1,-1,-1
127,3,324,1145,50,50,1,-1,-1,-1
127,4,572,1040,50,50,1,-1,-1,-1
128,1,391,547,50,50,1,-1,-1,-1
128,2,472,1090,50,50,1,-1,-1,-1
128,3,329,1177,50,50,1,-1,-1,-1
128,4,578,1118,50,50,1,-1,-1,-1
129,1,386,508,50,50,1,-1,-1,-1
129,2,463,1060,50,50,1,-1,-1,-1
129,3,342,1213,50,50,1,-1,-1,-1
129,4,589,1187,50,50,1,-1,-1,-1
130,1,381,472,50,50,1,-1,-1,-1
130,2,456,1034,50,50,1,-1,-1,-1
130,3,355,1258,50,50,1,-1,-1,-1
130,4,597,1202,50,50,1,-1,-1,-1
131,1,376,438,50,50,1,-1,-1,-1
131,2,451,1012,50,50,1,-1,-1,-1
131,3,374,1306,50,50,1,-1,-1,-1
131,4,598,1214,50,50,1,-1,-1,-1
132,1,369,413,50,50,1,-1,-1,-1
132,2,446,998,50,50,1,-1,-1,-1
132,3,392,1350,50,50,1,-1,-1,-1
132,4,593,1227,50,50,1,-1,-1,-1
133,1,362,390,50,50,1,-1,-1,-1
133,2,440,991,50,50,1,-1,-1,-1
133,3,412,1364,50,50,1,-1,-1,-1
133,4,578,1242,50,50,1,-1,-1,-1
134,1,356,372,50,50,1,-1,-1,-1
134,2,434,988,50,50,1,-1,-1,-1
134,3,427,1355,50,50,1,-1,-1,-1
134,4,570,1248,50,50,1,-1,-1,-1
135,1,351,360,50,50,1,-1,-1,-1
135,2,428,987,50,50,1,-1,-1,-1
135,3,441,1326,50,50,1,-1,-1,-1
135,4,562,1265,50,50,1,-1,-1,-1
136,1,347,351,50,50,1,-1,-1,-1
136,2,421,992,50,50,1,-1,-1,-1
136,3,447,1279,50,50,1,-1,-1,-1
136,4,557,1285,50,50,1,-1,-1,-1
137,1,342,346,50,50,1,-1,-1,-1
137,2,413,1004,50,50,1,-1,-1,-1
137,3,450,1232,50,50,1,-1,-1,-1
137,4,552,1305,50,50,1,-1,-1,-1
138,1,336,348,50,50,1,-1,-1,-1
138,2,405,1019,50,50,1,-1,-1,-1
138,3,451,1185,50,50,1,-1,-1,-1
138,4,551,1330,50,50,1,-1,-1,-1
139,1,332,353,50,50,1,-1,-1,-1
139,2,400,1038,50,50,1,-1,-1,-1
139,3,453,1141,50,50,1,-1,-1,-1
139,4,547,1351,50,50,1,-1,-1,-1
140,1,325,364,50,50,1,-1,-1,-1
140,2,395,1062,50,50,1,-1,-1,-1
140,3,455,1106,50,50,1,-1,-1,-1
140,4,540,1373,50,50,1,-1,-1,-1
141,1,320,379,50,50,1,-1,-1,-1
141,2,390,1090,50,50,1,-1,-1,-1
141,3,458,1077,50,50,1,-1,-1,-1
141,4,532,1394,50,50,1,-1,-1,-1
142,1,318,395,50,50,1,-1,-1,-1
142,2,385,1120,50,50,1,-1,-1,-1
142,3,462,1052,50,50,1,-1,-1,-1
142,4,519,1412,50,50,1,-1,-1,-1
143,1,313,419,50,50,1,-1,-1,-1
143,2,380,1150,50,50,1,-1,-1,-1
143,3,464,1030,50,50,1,-1,-1,-1
143,4,505,1422,50,50,1,-1,-1,-1
144,1,308,447,50,50,1,-1,-1,-1
144,2,378,1180,50,50,1,-1,-1,-1
144,3,466,1009,50,50,1,-1,-1,-1
144,4,496,1424,50,50,1,-1,-1,-1
145,1,303,478,50,50,1,-1,-1,-1
145,2,379,1211,50,50,1,-1,-1,-1
145,3,469,996,50,50,1,-1,-1,-1
145,4,484,1423,50,50,1,-1,-1,-1
146,1,299,508,50,50,1,-1,-1,-1
146,2,383,1243,50,50,1,-1,-1,-1
146,3,472,989,50,50,1,-1,-1,-1
146,4,468,1408,50,50,1,-1,-1,-1
147,1,296,545,50,50,1,-1,-1,-1
147,2,386,1276,50,50,1,-1,-1,-1
147,3,476,986,50,50,1,-1,-1,-1
147,4,453,1370,50,50,1,-1,-1,-1
148,1,293,588,50,50,1,-1,-1,-1
148,2,388,1310,50,50,1,-1,-1,-1
148,3,480,989,50,50,1,-1,-1,-1
148,4,442,1302,50,50,1,-1,-1,-1
149,1,288,634,50,50,1,-1,-1,-1
149,2,400,1341,50,50,1,-1,-1,-1
149,3,484,995,50,50,1,-1,-1,-1
149,4,432,1215,50,50,1,-1,-1,-1
150,1,284,686,50,50,1,-1,-1,-1
150,2,410,1336,50,50,1,-1,-1,-1
150,3,488,1005,50,50,1,-1,-1,-1
150,4,430,1130,50,50,1,-1,-1,-1
151,1,281,743,50,50,1,-1,-1,-1
151,2,416,1308,50,50,1,-1,-1,-1
151,3,492,1019,50,50,1,-1,-1,-1
151,4,431,1051,50,50,1,-1,-1,-1
152,1,278,805,50,50,1,-1,-1,-1
152,2,418,1261,50,50,1,-1,-1,-1
152,3,496,1042,50,50,1,-1,-1,-1
152,4,431,980,50,50,1,-1,-1,-1
153,1,275,870,50,50,1,-1,-1,-1
153,2,421,1212,50,50,1,-1,-1,-1
153,3,500,1069,50,50,1,-1,-1,-1
153,4,429,913,50,50,1,-1,-1,-1
154,1,272,937,50,50,1,-1,-1,-1
154,2,425,1173,50,50,1,-1,-1,-1
154,3,503,1100,50,50,1,-1,-1,-1
154,4,425,849,50,50,1,-1,-1,-1
155,1,269,1007,50,50,1,-1,-1,-1
155,2,429,1140,50,50,1,-1,-1,-1
155,3,506,1131,50,50,1,-1,-1,-1
155,4,427,788,50,50,1,-1,-1,-1
156,1,267,1084,50,50,1,-1,-1,-1
156,2,433,1109,50,50,1,-1,-1,-1
156,3,509,1161,50,50,1,-1,-1,-1
156,4,427,732,50,50,1,-1,-1,-1
157,1,263,1169,50,50,1,-1,-1,-1
157,2,437,1078,50,50,1,-1,-1,-1
157,3,512,1189,50,50,1,-1,-1,-1
157,4,426,678,50,50,1,-1,-1,-1
158,1,256,1212,50,50,1,-1,-1,-1
158,2,442,1054,50,50,1,-1,-1,-1
158,3,515,1221,50,50,1,-1,-1,-1
158,4,425,633,50,50,1,-1,-1,-1
159,1,254,1221,50,50,1,-1,-1,-1
159,2,447,1032,50,50,1,-1,-1,-1
159,3,510,1254,50,50,1,-1,-1,-1
159,4,424,594,50,50,1,-1,-1,-1
160,1,261,1232,50,50,1,-1,-1,-1
160,2,451,1021,50,50,1,-1,-1,-1
160,3,498,1291,50,50,1,-1,-1,-1
160,4,422,560,50,50,1,-1,-1,-1
161,1,266,1238,50,50,1,-1,-1,-1
161,2,455,1010,50,50,1,-1,-1,-1
161,3,488,1331,50,50,1,-1,-1,-1
161,4,420,528,50,50,1,-1,-1,-1
162,1,270,1250,50,50,1,-1,-1,-1
162,2,460,1004,50,50,1,-1,-1,-1
162,3,479,1358,50,50,1,-1,-1,-1
162,4,419,500,50,50,1,-1,-1,-1
163,1,274,1265,50,50,1,-1,-1,-1
163,2,466,1005,50,50,1,-1,-1,-1
163,3,468,1366,50,50,1,-1,-1,-1
163,4,418,475,50,50,1,-1,-1,-1
164,1,277,1281,50,50,1,-1,-1,-1
164,2,472,1010,50,50,1,-1,-1,-1
164,3,456,1341,50,50,1,-1,-1,-1
164,4,418,459,50,50,1,-1,-1,-1
165,1,284,1300,50,50,1,-1,-1,-1
165,2,478,1019,50,50,1,-1,-1,-1
165,3,445,1302,50,50,1,-1,-1,-1
165,4,420,448,50,50,1,-1,-1,-1
166,1,293,1322,50,50,1,-1,-1,-1
166,2,483,1033,50,50,1,-1,-1,-1
166,3,433,1262,50,50,1,-1,-1,-1
166,4,422,439,50,50,1,-1,-1,-1
167,1,306,1348,50,50,1,-1,-1,-1
167,2,487,1049,50,50,1,-1,-1,-1
167,3,425,1211,50,50,1,-1,-1,-1
167,4,423,437,50,50,1,-1,-1,-1
168,1,322,1373,50,50,1,-1,-1,-1
168,2,492,1071,50,50,1,-1,-1,-1
168,3,417,1166,50,50,1,-1,-1,-1
168,4,424,436,50,50,1,-1,-1,-1
169,1,338,1400,50,50,1,-1,-1,-1
169,2,500,1100,50,50,1,-1,-1,-1
169,3,410,1124,50,50,1,-1,-1,-1
169,4,424,441,50,50,1,-1,-1,-1
170,1,356,1419,50,50,1,-1,-1,-1
170,2,509,1131,50,50,1,-1,-1,-1
170,3,403,1086,50,50,1,-1,-1,-1
170,4,424,451,50,50,1,-1,-1,-1
171,1,376,1431,50,50,1,-1,-1,-1
171,2,514,1163,50,50,1,-1,-1,-1
171,3,396,1055,50,50,1,-1,-1,-1
171,4,424,463,50,50,1,-1,-1,-1
172,1,396,1433,50,50,1,-1,-1,-1
172,2,519,1194,50,50,1,-1,-1,-1
172,3,390,1032,50,50,1,-1,-1,-1
172,4,426,484,50,50,1,-1,-1,-1
173,1,411,1420,50,50,1,-1,-1,-1
173,2,523,1223,50,50,1,-1,-1,-1
173,3,383,1013,50,50,1,-1,-1,-1
173,4,429,510,50,50,1,-1,-1,-1
174,1,416,1379,50,50,1,-1,-1,-1
174,2,517,1251,50,50,1,-1,-1,-1
174,3,375,997,50,50,1,-1,-1,-1
174,4,430,539,50,50,1,-1,-1,-1
175,1,419,1301,50,50,1,-1,-1,-1
175,2,498,1291,50,50,1,-1,-1,-1
175,3,367,983,50,50,1,-1,-1,-1
175,4,431,570,50,50,1,-1,-1,-1
176,1,414,1213,50,50,1,-1,-1,-1
176,2,478,1330,50,50,1,-1,-1,-1
176,3,361,975,50,50,1,-1,-1,-1
176,4,430,606,50,50,1,-1,-1,-1
177,1,406,1124,50,50,1,-1,-1,-1
177,2,463,1350,50,50,1,-1,-1,-1
177,3,354,971,50,50,1,-1,-1,-1
177,4,430,652,50,50,1,-1,-1,-1
178,1,399,1039,50,50,1,-1,-1,-1
178,2,451,1350,50,50,1,-1,-1,-1
178,3,346,973,50,50,1,-1,-1,-1
178,4,430,700,50,50,1,-1,-1,-1
179,1,393,958,50,50,1,-1,-1,-1
179,2,439,1332,50,50,1,-1,-1,-1
179,3,337,981,50,50,1,-1,-1,-1
179,4,432,751,50,50,1,-1,-1,-1
180,1,386,882,50,50,1,-1,-1,-1
180,2,427,1300,50,50,1,-1,-1,-1
180,3,328,993,50,50,1,-1,-1,-1
180,4,434,810,50,50,1,-1,-1,-1
181,1,377,813,50,50,1,-1,-1,-1
181,2,425,1257,50,50,1,-1,-1,-1
181,3,322,1012,50,50,1,-1,-1,-1
181,4,436,872,50,50,1,-1,-1,-1
182,1,367,747,50,50,1,-1,-1,-1
182,2,423,1213,50,50,1,-1,-1,-1
182,3,314,1032,50,50,1,-1,-1,-1
182,4,439,935,50,50,1,-1,-1,-1
183,1,361,685,50,50,1,-1,-1,-1
183,2,418,1169,50,50,1,-1,-1,-1
183,3,306,1058,50,50,1,-1,-1,-1
183,4,443,1002,50,50,1,-1,-1,-1
184,1,355,628,50,50,1,-1,-1,-1
184,2,413,1127,50,50,1,-1,-1,-1
184,3,300,1087,50,50,1,-1,-1,-1
184,4,445,1086,50,50,1,-1,-1,-1
185,1,348,576,50,50,1,-1,-1,-1
185,2,408,1092,50,50,1,-1,-1,-1
185,3,301,1109,50,50,1,-1,-1,-1
185,4,448,1166,50,50,1,-1,-1,-1
186,1,341,529,50,50,1,-1,-1,-1
186,2,408,1065,50,50,1,-1,-1,-1
186,3,304,1135,50,50,1,-1,-1,-1
186,4,451,1208,50,50,1,-1,-1,-1
187,1,335,487,50,50,1,-1,-1,-1
187,2,406,1043,50,50,1,-1,-1,-1
187,3,311,1163,50,50,1,-1,-1,-1
187,4,461,1226,50,50,1,-1,-1,-1
188,1,329,450,50,50,1,-1,-1,-1
188,2,404,1025,50,50,1,-1,-1,-1
188,3,320,1194,50,50,1,-1,-1,-1
188,4,470,1240,50,50,1,-1,-1,-1
189,1,322,420,50,50,1,-1,-1,-1
189,2,403,1009,50,50,1,-1,-1,-1
189,3,329,1233,50,50,1,-1,-1,-1
189,4,474,1250,50,50,1,-1,-1,-1
190,1,315,394,50,50,1,-1,-1,-1
190,2,402,995,50,50,1,-1,-1,-1
190,3,340,1278,50,50,1,-1,-1,-1
190,4,478,1260,50,50,1,-1,-1,-1
191,1,309,372,50,50,1,-1,-1,-1
191,2,399,986,50,50,1,-1,-1,-1
191,3,356,1323,50,50,1,-1,-1,-1
191,4,484,1273,50,50,1,-1,-1,-1
192,1,303,354,50,50,1,-1,-1,-1
192,2,395,989,50,50,1,-1,-1,-1
192,3,381,1361,50,50,1,-1,-1,-1
192,4,490,1290,50,50,1,-1,-1,-1
193,1,296,341,50,50,1,-1,-1,-1
193,2,391,997,50,50,1,-1,-1,-1
193,3,402,1350,50,50,1,-1,-1,-1
193,4,495,1311,50,50,1,-1,-1,-1
194,1,289,333,50,50,1,-1,-1,-1
194,2,389,1005,50,50,1,-1,-1,-1
194,3,420,1321,50,50,1,-1,-1,-1
194,4,500,1332,50,50,1,-1,-1,-1
195,1,283,328,50,50,1,-1,-1,-1
195,2,388,1016,50,50,1,-1,-1,-1
195,3,430,1273,50,50,1,-1,-1,-1
195,4,506,1344,50,50,1,-1,-1,-1
196,1,278,329,50,50,1,-1,-1,-1
196,2,387,1033,50,50,1,-1,-1,-1
196,3,433,1225,50,50,1,-1,-1,-1
196,4,510,1358,50,50,1,-1,-1,-1
197,1,272,334,50,50,1,-1,-1,-1
197,2,387,1058,50,50,1,-1,-1,-1
197,3,434,1179,50,50,1,-1,-1,-1
197,4,513,1377,50,50,1,-1,-1,-1
198,1,266,343,50,50,1,-1,-1,-1
198,2,386,1087,50,50,1,-1,-1,-1
198,3,435,1137,50,50,1,-1,-1,-1
198,4,516,1396,50,50,1,-1,-1,-1
199,1,259,357,50,50,1,-1,-1,-1
199,2,384,1118,50,50,1,-1,-1,-1
199,3,436,1096,50,50,1,-1,-1,-1
199,4,514,1416,50,50,1,-1,-1,-1
200,1,253,378,50,50,1,-1,-1,-1
200,2,382,1152,50,50,1,-1,-1,-1
200,3,438,1061,50,50,1,-1,-1,-1
200,4,512,1436,50,50,1,-1,-1,-1
201,1,247,402,50,50,1,-1,-1,-1
201,2,380,1188,50,50,1,-1,-1,-1
201,3,440,1028,50,50,1,-1,-1,-1
201,4,505,1442,50,50,1,-1,-1,-1
202,1,241,430,50,50,1,-1,-1,-1
202,2,379,1219,50,50,1,-1,-1,-1
202,3,444,1002,50,50,1,-1,-1,-1
202,4,496,1443,50,50,1,-1,-1,-1
203,1,236,464,50,50,1,-1,-1,-1
203,2,380,1251,50,50,1,-1,-1,-1
203,3,449,984,50,50,1,-1,-1,-1
203,4,488,1447,50,50,1,-1,-1,-1
204,1,232,502,50,50,1,-1,-1,-1
204,2,380,1286,50,50,1,-1,-1,-1
204,3,452,971,50,50,1,-1,-1,-1
204,4,471,1441,50,50,1,-1,-1,-1
205,1,226,545,50,50,1,-1,-1,-1
205,2,382,1325,50,50,1,-1,-1,-1
205,3,455,962,50,50,1,-1,-1,-1
205,4,457,1419,50,50,1,-1,-1,-1
206,1,220,591,50,50,1,-1,-1,-1
206,2,383,1350,50,50,1,-1,-1,-1
206,3,457,957,50,50,1,-1,-1,-1
206,4,441,1378,50,50,1,-1,-1,-1
207,1,215,642,50,50,1,-1,-1,-1
207,2,382,1338,50,50,1,-1,-1,-1
207,3,459,958,50,50,1,-1,-1,-1
207,4,426,1317,50,50,1,-1,-1,-1
208,1,210,698,50,50,1,-1,-1,-1
208,2,386,1297,50,50,1,-1,-1,-1
208,3,462,963,50,50,1,-1,-1,-1
208,4,421,1237,50,50,1,-1,-1,-1
209,1,205,763,50,50,1,-1,-1,-1
209,2,391,1243,50,50,1,-1,-1,-1
209,3,465,972,50,50,1,-1,-1,-1
209,4,419,1154,50,50,1,-1,-1,-1
210,1,199,833,50,50,1,-1,-1,-1
210,2,394,1192,50,50,1,-1,-1,-1
210,3,467,983,50,50,1,-1,-1,-1
210,4,419,1074,50,50,1,-1,-1,-1
211,1,193,908,50,50,1,-1,-1,-1
211,2,393,1151,50,50,1,-1,-1,-1
211,3,471,999,50,50,1,-1,-1,-1
211,4,423,1000,50,50,1,-1,-1,-1
212,1,188,987,50,50,1,-1,-1,-1
212,2,393,1112,50,50,1,-1,-1,-1
212,3,474,1026,50,50,1,-1,-1,-1
212,4,425,938,50,50,1,-1,-1,-1
213,1,183,1074,50,50,1,-1,-1,-1
213,2,394,1076,50,50,1,-1,-1,-1
213,3,477,1054,50,50,1,-1,-1,-1
213,4,424,879,50,50,1,-1,-1,-1
214,1,178,1163,50,50,1,-1,-1,-1
214,2,396,1044,50,50,1,-1,-1,-1
214,3,480,1089,50,50,1,-1,-1,-1
214,4,423,820,50,50,1,-1,-1,-1
215,1,174,1209,50,50,1,-1,-1,-1
215,2,398,1015,50,50,1,-1,-1,-1
215,3,485,1125,50,50,1,-1,-1,-1
215,4,425,764,50,50,1,-1,-1,-1
216,1,180,1217,50,50,1,-1,-1,-1
216,2,401,992,50,50,1,-1,-1,-1
216,3,490,1161,50,50,1,-1,-1,-1
216,4,426,711,50,50,1,-1,-1,-1
217,1,197,1218,50,50,1,-1,-1,-1
217,2,400,969,50,50,1,-1,-1,-1
217,3,493,1194,50,50,1,-1,-1,-1
217,4,426,664,50,50,1,-1,-1,-1
218,1,216,1218,50,50,1,-1,-1,-1
218,2,403,959,50,50,1,-1,-1,-1
218,3,497,1228,50,50,1,-1,-1,-1
218,4,427,626,50,50,1,-1,-1,-1
219,1,228,1224,50,50,1,-1,-1,-1
219,2,406,953,50,50,1,-1,-1,-1
219,3,496,1266,50,50,1,-1,-1,-1
219,4,427,595,50,50,1,-1,-1,-1
220,1,241,1235,50,50,1,-1,-1,-1
220,2,408,950,50,50,1,-1,-1,-1
220,3,481,1313,50,50,1,-1,-1,-1
220,4,427,573,50,50,1,-1,-1,-1
221,1,254,1252,50,50,1,-1,-1,-1
221,2,409,952,50,50,1,-1,-1,-1
221,3,463,1355,50,50,1,-1,-1,-1
221,4,427,552,50,50,1,-1,-1,-1
222,1,264,1267,50,50,1,-1,-1,-1
222,2,411,959,50,50,1,-1,-1,-1
222,3,446,1382,50,50,1,-1,-1,-1
222,4,429,536,50,50,1,-1,-1,-1
223,1,271,1283,50,50,1,-1,-1,-1
223,2,413,971,50,50,1,-1,-1,-1
223,3,436,1378,50,50,1,-1,-1,-1
223,4,430,521,50,50,1,-1,-1,-1
224,1,271,1304,50,50,1,-1,-1,-1
224,2,415,989,50,50,1,-1,-1,-1
224,3,416,1357,50,50,1,-1,-1,-1
224,4,432,508,50,50,1,-1,-1,-1
225,1,273,1322,50,50,1,-1,-1,-1
225,2,417,1010,50,50,1,-1,-1,-1
225,3,402,1320,50,50,1,-1,-1,-1
225,4,436,501,50,50,1,-1,-1,-1
226,1,277,1339,50,50,1,-1,-1,-1
226,2,420,1035,50,50,1,-1,-1,-1
226,3,392,1270,50,50,1,-1,-1,-1
226,4,440,503,50,50,1,-1,-1,-1
227,1,284,1352,50,50,1,-1,-1,-1
227,2,422,1065,50,50,1,-1,-1,-1
227,3,388,1220,50,50,1,-1,-1,-1
227,4,443,509,50,50,1,-1,-1,-1
228,1,292,1360,50,50,1,-1,-1,-1
228,2,424,1099,50,50,1,-1,-1,-1
228,3,384,1174,50,50,1,-1,-1,-1
228,4,444,518,50,50,1,-1,-1,-1
229,1,299,1364,50,50,1,-1,-1,-1
229,2,426,1140,50,50,1,-1,-1,-1
229,3,382,1135,50,50,1,-1,-1,-1
229,4,446,530,50,50,1,-1,-1,-1
230,1,307,1369,50,50,1,-1,-1,-1
230,2,428,1182,50,50,1,-1,-1,-1
230,3,381,1102,50,50,1,-1,-1,-1
230,4,449,546,50,50,1,-1,-1,-1
231,1,316,1373,50,50,1,-1,-1,-1
231,2,432,1220,50,50,1,-1,-1,-1
231,3,379,1070,50,50,1,-1,-1,-1
231,4,449,572,50,50,1,-1,-1,-1
232,1,324,1371,50,50,1,-1,-1,-1
232,2,437,1235,50,50,1,-1,-1,-1
232,3,376,1039,50,50,1,-1,-1,-1
232,4,451,600,50,50,1,-1,-1,-1
233,1,329,1369,50,50,1,-1,-1,-1
233,2,447,1242,50,50,1,-1,-1,-1
233,3,373,1013,50,50,1,-1,-1,-1
233,4,455,634,50,50,1,-1,-1,-1
234,1,334,1367,50,50,1,-1,-1,-1
234,2,455,1254,50,50,1,-1,-1,-1
234,3,370,998,50,50,1,-1,-1,-1
234,4,459,669,50,50,1,-1,-1,-1
235,1,339,1365,50,50,1,-1,-1,-1
235,2,463,1268,50,50,1,-1,-1,-1
235,3,367,987,50,50,1,-1,-1,-1
235,4,463,707,50,50,1,-1,-1,-1
236,1,341,1361,50,50,1,-1,-1,-1
236,2,468,1267,50,50,1,-1,-1,-1
236,3,364,977,50,50,1,-1,-1,-1
236,4,466,750,50,50,1,-1,-1,-1
237,1,341,1350,50,50,1,-1,-1,-1
237,2,473,1266,50,50,1,-1,-1,-1
237,3,361,972,50,50,1,-1,-1,-1
237,4,469,795,50,50,1,-1,-1,-1
238,1,343,1341,50,50,1,-1,-1,-1
238,2,477,1265,50,50,1,-1,-1,-1
238,3,358,973,50,50,1,-1,-1,-1
238,4,473,848,50,50,1,-1,-1,-1
239,1,345,1333,50,50,1,-1,-1,-1
239,2,480,1260,50,50,1,-1,-1,-1
239,3,355,981,50,50,1,-1,-1,-1
239,4,476,905,50,50,1,-1,-1,-1
240,1,346,1325,50,50,1,-1,-1,-1
240,2,483,1254,50,50,1,-1,-1,-1
240,3,351,997,50,50,1,-1,-1,-1
240,4,477,966,50,50,1,-1,-1,-1
241,1,345,1318,50,50,1,-1,-1,-1
241,2,490,1250,50,50,1,-1,-1,-1
241,3,347,1016,50,50,1,-1,-1,-1
241,4,479,1031,50,50,1,-1,-1,-1
242,1,339,1317,50,50,1,-1,-1,-1
242,2,493,1244,50,50,1,-1,-1,-1
242,3,346,1035,50,50,1,-1,-1,-1
242,4,485,1098,50,50,1,-1,-1,-1
243,1,335,1314,50,50,1,-1,-1,-1
243,2,494,1241,50,50,1,-1,-1,-1
243,3,345,1063,50,50,1,-1,-1,-1
243,4,488,1167,50,50,1,-1,-1,-1
244,1,331,1313,50,50,1,-1,-1,-1
244,2,495,1238,50,50,1,-1,-1,-1
244,3,344,1093,50,50,1,-1,-1,-1
244,4,493,1232,50,50,1,-1,-1,-1
245,1,326,1313,50,50,1,-1,-1,-1
245,2,495,1247,50,50,1,-1,-1,-1
245,3,342,1127,50,50,1,-1,-1,-1
245,4,497,1263,50,50,1,-1,-1,-1
246,1,321,1314,50,50,1,-1,-1,-1
246,2,493,1256,50,50,1,-1,-1,-1
246,3,340,1166,50,50,1,-1,-1,-1
246,4,496,1270,50,50,1,-1,-1,-1
247,1,313,1314,50,50,1,-1,-1,-1
247,2,493,1267,50,50,1,-1,-1,-1
247,3,339,1209,50,50,1,-1,-1,-1
247,4,498,1273,50,50,1,-1,-1,-1
248,1,307,1316,50,50,1,-1,-1,-1
248,2,495,1271,50,50,1,-1,-1,-1
248,3,338,1254,50,50,1,-1,-1,-1
248,4,498,1274,50,50,1,-1,-1,-1
249,1,305,1315,50,50,1,-1,-1,-1
249,2,496,1273,50,50,1,-1,-1,-1
249,3,338,1299,50,50,1,-1,-1,-1
249,4,498,1274,50,50,1,-1,-1,-1
250,1,307,1314,50,50,1,-1,-1,-1
250,2,497,1272,50,50,1,-1,-1,-1
250,3,334,1301,50,50,1,-1,-1,-1
250,4,498,1276,50,50,1,-1,-1,-1
251,1,314,1310,50,50,1,-1,-1,-1
251,2,500,1274,50,50,1,-1,-1,-1
251,3,337,1298,50,50,1,-1,-1,-1
251,4,499,1278,50,50,1,-1,-1,-1
252,1,323,1304,50,50,1,-1,-1,-1
252,2,502,1273,50,50,1,-1,-1,-1
252,3,344,1294,50,50,1,-1,-1,-1
252,4,501,1273,50,50,1,-1,-1,-1
253,1,326,1296,50,50,1,-1,-1,-1
253,2,503,1274,50,50,1,-1,-1,-1
253,3,351,1292,50,50,1,-1,-1,-1
253,4,502,1267,50,50,1,-1,-1,-1
254,1,329,1293,50,50,1,-1,-1,-1
254,2,505,1275,50,50,1,-1,-1,-1
254,3,355,1291,50,50,1,-1,-1,-1
254,4,505,1270,50,50,1,-1,-1,-1
255,1,332,1292,50,50,1,-1,-1,-1
255,2,508,1278,50,50,1,-1,-1,-1
255,3,358,1291,50,50,1,-1,-1,-1
255,4,510,1266,50,50,1,-1,-1,-1
256,1,335,1296,50,50,1,-1,-1,-1
256,2,509,1280,50,50,1,-1,-1,-1
256,3,360,1293,50,50,1,-1,-1,-1
256,4,512,1267,50,50,1,-1,-1,-1
257,1,338,1301,50,50,1,-1,-1,-1
257,2,510,1282,50,50,1,-1,-1,-1
257,3,362,1295,50,50,1,-1,-1,-1
257,4,513,1263,50,50,1,-1,-1,-1
258,1,341,1303,50,50,1,-1,-1,-1
258,2,511,1284,50,50,1,-1,-1,-1
258,3,363,1297,50,50,1,-1,-1,-1
258,4,516,1266,50,50,1,-1,-1,-1
259,1,344,1305,50,50,1,-1,-1,-1
259,2,515,1284,50,50,1,-1,-1,-1
259,3,365,1300,50,50,1,-1,-1,-1
259,4,517,1264,50,50,1,-1,-1,-1
260,1,346,1308,50,50,1,-1,-1,-1
260,2,519,1284,50,50,1,-1,-1,-1
260,3,367,1304,50,50,1,-1,-1,-1
260,4,519,1264,50,50,1,-1,-1,-1
261,1,347,1310,50,50,1,-1,-1,-1
261,2,520,1284,50,50,1,-1,-1,-1
261,3,369,1304,50,50,1,-1,-1,-1
261,4,521,1265,50,50,1,-1,-1,-1
262,1,347,1313,50,50,1,-1,-1,-1
262,2,521,1284,50,50,1,-1,-1,-1
262,3,371,1305,50,50,1,-1,-1,-1
262,4,523,1264,50,50,1,-1,-1,-1
263,1,348,1312,50,50,1,-1,-1,-1
263,2,521,1285,50,50,1,-1,-1,-1
263,3,371,1304,50,50,1,-1,-1,-1
263,4,523,1264,50,50,1,-1,-1,-1
264,1,348,1313,50,50,1,-1,-1,-1
264,2,521,1286,50,50,1,-1,-1,-1
264,3,371,1303,50,50,1,-1,-1,-1
264,4,523,1264,50,50,1,-1,-1,-1
265,1,347,1312,50,50,1,-1,-1,-1
265,2,521,1287,50,50,1,-1,-1,-1
265,3,370,1304,50,50,1,-1,-1,-1
265,4,524,1266,50,50,1,-1,-1,-1
266,1,347,1311,50,50,1,-1,-1,-1
266,2,522,1288,50,50,1,-1,-1,-1
266,3,370,1304,50,50,1,-1,-1,-1
266,4,525,1268,50,50,1,-1,-1,-1
267,1,348,1308,50,50,1,-1,-1,-1
267,2,523,1289,50,50,1,-1,-1,-1
267,3,370,1304,50,50,1,-1,-1,-1
267,4,525,1268,50,50,1,-1,-1,-1
268,1,350,1303,50,50,1,-1,-1,-1
268,2,524,1289,50,50,1,-1,-1,-1
268,3,369,1302,50,50,1,-1,-1,-1
268,4,525,1268,50,50,1,-1,-1,-1
269,1,350,1302,50,50,1,-1,-1,-1
269,2,525,1289,50,50,1,-1,-1,-1
269,3,371,1299,50,50,1,-1,-1,-1
269,4,526,1268,50,50,1,-1,-1,-1
270,1,350,1301,50,50,1,-1,-1,-1
270,2,526,1289,50,50,1,-1,-1,-1
270,3,373,1297,50,50,1,-1,-1,-1
270,4,527,1268,50,50,1,-1,-1,-1
271,1,350,1300,50,50,1,-1,-1,-1
271,2,527,1289,50,50,1,-1,-1,-1
271,3,373,1298,50,50,1,-1,-1,-1
271,4,523,1266,50,50,1,-1,-1,-1
272,1,350,1300,50,50,1,-1,-1,-1
272,2,527,1288,50,50,1,-1,-1,-1
272,3,373,1297,50,50,1,-1,-1,-1
272,4,527,1266,50,50,1,-1,-1,-1
273,1,350,1300,50,50,1,-1,-1,-1
273,2,527,1287,50,50,1,-1,-1,-1
273,3,373,1297,50,50,1,-1,-1,-1
273,4,528,1266,50,50,1,-1,-1,-1
274,1,350,1300,50,50,1,-1,-1,-1
274,2,527,1287,50,50,1,-1,-1,-1
274,3,373,1298,50,50,1,-1,-1,-1
274,4,529,1267,50,50,1,-1,-1,-1
275,1,350,1301,50,50,1,-1,-1,-1
275,2,527,1289,50,50,1,-1,-1,-1
275,3,373,1299,50,50,1,-1,-1,-1
275,4,530,1268,50,50,1,-1,-1,-1
276,1,350,1301,50,50,1,-1,-1,-1
276,2,528,1290,50,50,1,-1,-1,-1
276,3,373,1300,50,50,1,-1,-1,-1
276,4,531,1269,50,50,1,-1,-1,-1
277,1,350,1301,50,50,1,-1,-1,-1
277,2,530,1291,50,50,1,-1,-1,-1
277,3,373,1301,50,50,1,-1,-1,-1
277,4,531,1269,50,50,1,-1,-1,-1
278,1,351,1300,50,50,1,-1,-1,-1
278,2,531,1292,50,50,1,-1,-1,-1
278,3,373,1302,50,50,1,-1,-1,-1
278,4,532,1269,50,50,1,-1,-1,-1
279,1,354,1299,50,50,1,-1,-1,-1
279,2,532,1293,50,50,1,-1,-1,-1
279,3,379,1301,50,50,1,-1,-1,-1
279,4,531,1270,50,50,1,-1,-1,-1
280,1,357,1299,50,50,1,-1,-1,-1
280,2,532,1294,50,50,1,-1,-1,-1
280,3,379,1301,50,50,1,-1,-1,-1
280,4,530,1273,50,50,1,-1,-1,-1
