1,1,473,1188,50,50,1,-1,-1,-1
1,2,555,1296,50,50,1,-1,-1,-1
1,3,459,1198,50,50,1,-1,-1,-1
1,4,580,1288,50,50,1,-1,-1,-1
1,5,478,1217,50,50,1,-1,-1,-1
1,6,576,1304,50,50,1,-1,-1,-1
2,1,480,1194,50,50,1,-1,-1,-1
2,2,547,1289,50,50,1,-1,-1,-1
2,3,457,1197,50,50,1,-1,-1,-1
2,4,579,1285,50,50,1,-1,-1,-1
2,5,472,1229,50,50,1,-1,-1,-1
2,6,573,1301,50,50,1,-1,-1,-1
3,1,481,1203,50,50,1,-1,-1,-1
3,2,544,1283,50,50,1,-1,-1,-1
3,3,453,1206,50,50,1,-1,-1,-1
3,4,573,1278,50,50,1,-1,-1,-1
3,5,468,1234,50,50,1,-1,-1,-1
3,6,570,1295,50,50,1,-1,-1,-1
4,1,479,1220,50,50,1,-1,-1,-1
4,2,542,1275,50,50,1,-1,-1,-1
4,3,450,1218,50,50,1,-1,-1,-1
4,4,568,1269,50,50,1,-1,-1,-1
4,5,466,1245,50,50,1,-1,-1,-1
4,6,567,1287,50,50,1,-1,-1,-1
5,1,478,1245,50,50,1,-1,-1,-1
5,2,540,1263,50,50,1,-1,-1,-1
5,3,447,1235,50,50,1,-1,-1,-1
5,4,567,1254,50,50,1,-1,-1,-1
5,5,465,1260,50,50,1,-1,-1,-1
5,6,565,1279,50,50,1,-1,-1,-1
6,1,478,1276,50,50,1,-1,-1,-1
6,2,541,1244,50,50,1,-1,-1,-1
6,3,448,1265,50,50,1,-1,-1,-1
6,4,566,1240,50,50,1,-1,-1,-1
6,5,464,1279,50,50,1,-1,-1,-1
6,6,566,1263,50,50,1,-1,-1,-1
7,1,479,1304,50,50,1,-1,-1,-1
7,2,542,1225,50,50,1,-1,-1,-1
7,3,451,1300,50,50,1,-1,-1,-1
7,4,565,1226,50,50,1,-1,-1,-1
7,5,465,1301,50,50,1,-1,-1,-1
7,6,566,1247,50,50,1,-1,-1,-1
8,1,480,1336,50,50,1,-1,-1,-1
8,2,547,1206,50,50,1,-1,-1,-1
8,3,453,1332,50,50,1,-1,-1,-1
8,4,575,1202,50,50,1,-1,-1,-1
8,5,469,1328,50,50,1,-1,-1,-1
8,6,567,1232,50,50,1,-1,-1,-1
9,1,483,1366,50,50,1,-1,-1,-1
9,2,557,1183,50,50,1,-1,-1,-1
9,3,457,1357,50,50,1,-1,-1,-1
9,4,582,1184,50,50,1,-1,-1,-1
9,5,476,1354,50,50,1,-1,-1,-1
9,6,572,1214,50,50,1,-1,-1,-1
10,1,489,1389,50,50,1,-1,-1,-1
10,2,563,1164,50,50,1,-1,-1,-1
10,3,463,1383,50,50,1,-1,-1,-1
10,4,589,1171,50,50,1,-1,-1,-1
10,5,480,1371,50,50,1,-1,-1,-1
10,6,576,1196,50,50,1,-1,-1,-1
11,1,497,1398,50,50,1,-1,-1,-1
11,2,569,1156,50,50,1,-1,-1,-1
11,3,470,1395,50,50,1,-1,-1,-1
11,4,597,1163,50,50,1,-1,-1,-1
11,5,486,1377,50,50,1,-1,-1,-1
11,6,581,1194,50,50,1,-1,-1,-1
12,1,506,1400,50,50,1,-1,-1,-1
12,2,576,1160,50,50,1,-1,-1,-1
12,3,481,1392,50,50,1,-1,-1,-1
12,4,603,1166,50,50,1,-1,-1,-1
12,5,495,1379,50,50,1,-1,-1,-1
12,6,585,1200,50,50,1,-1,-1,-1
13,1,519,1376,50,50,1,-1,-1,-1
13,2,582,1179,50,50,1,-1,-1,-1
13,3,495,1372,50,50,1,-1,-1,-1
13,4,608,1185,50,50,1,-1,-1,-1
13,5,507,1368,50,50,1,-1,-1,-1
13,6,588,1210,50,50,1,-1,-1,-1
14,1,529,1319,50,50,1,-1,-1,-1
14,2,586,1216,50,50,1,-1,-1,-1
14,3,502,1321,50,50,1,-1,-1,-1
14,4,610,1215,50,50,1,-1,-1,-1
14,5,517,1340,50,50,1,-1,-1,-1
14,6,589,1232,50,50,1,-1,-1,-1
15,1,530,1251,50,50,1,-1,-1,-1
15,2,586,1270,50,50,1,-1,-1,-1
15,3,502,1258,50,50,1,-1,-1,-1
15,4,610,1262,50,50,1,-1,-1,-1
15,5,521,1283,50,50,1,-1,-1,-1
15,6,589,1262,50,50,1,-1,-1,-1
16,1,525,1177,50,50,1,-1,-1,-1
16,2,581,1319,50,50,1,-1,-1,-1
16,3,501,1192,50,50,1,-1,-1,-1
16,4,606,1309,50,50,1,-1,-1,-1
16,5,520,1232,50,50,1,-1,-1,-1
16,6,592,1302,50,50,1,-1,-1,-1
17,1,520,1103,50,50,1,-1,-1,-1
17,2,576,1352,50,50,1,-1,-1,-1
17,3,498,1148,50,50,1,-1,-1,-1
17,4,599,1340,50,50,1,-1,-1,-1
17,5,518,1189,50,50,1,-1,-1,-1
17,6,579,1331,50,50,1,-1,-1,-1
18,1,513,1030,50,50,1,-1,-1,-1
18,2,569,1366,50,50,1,-1,-1,-1
18,3,497,1127,50,50,1,-1,-1,-1
18,4,593,1358,50,50,1,-1,-1,-1
18,5,513,1156,50,50,1,-1,-1,-1
18,6,569,1347,50,50,1,-1,-1,-1
19,1,506,959,50,50,1,-1,-1,-1
19,2,557,1365,50,50,1,-1,-1,-1
19,3,493,1126,50,50,1,-1,-1,-1
19,4,583,1360,50,50,1,-1,-1,-1
19,5,506,1152,50,50,1,-1,-1,-1
19,6,559,1348,50,50,1,-1,-1,-1
20,1,499,899,50,50,1,-1,-1,-1
20,2,544,1352,50,50,1,-1,-1,-1
20,3,487,1142,50,50,1,-1,-1,-1
20,4,569,1345,50,50,1,-1,-1,-1
20,5,502,1167,50,50,1,-1,-1,-1
20,6,550,1333,50,50,1,-1,-1,-1
21,1,494,848,50,50,1,-1,-1,-1
21,2,534,1313,50,50,1,-1,-1,-1
21,3,476,1181,50,50,1,-1,-1,-1
21,4,556,1307,50,50,1,-1,-1,-1
21,5,496,1201,50,50,1,-1,-1,-1
21,6,542,1306,50,50,1,-1,-1,-1
22,1,488,798,50,50,1,-1,-1,-1
22,2,528,1241,50,50,1,-1,-1,-1
22,3,468,1247,50,50,1,-1,-1,-1
22,4,550,1245,50,50,1,-1,-1,-1
22,5,487,1247,50,50,1,-1,-1,-1
22,6,537,1267,50,50,1,-1,-1,-1
23,1,482,749,50,50,1,-1,-1,-1
23,2,524,1170,50,50,1,-1,-1,-1
23,3,468,1309,50,50,1,-1,-1,-1
23,4,556,1179,50,50,1,-1,-1,-1
23,5,487,1298,50,50,1,-1,-1,-1
23,6,544,1216,50,50,1,-1,-1,-1
24,1,476,704,50,50,1,-1,-1,-1
24,2,525,1099,50,50,1,-1,-1,-1
24,3,475,1358,50,50,1,-1,-1,-1
24,4,567,1134,50,50,1,-1,-1,-1
24,5,494,1343,50,50,1,-1,-1,-1
24,6,551,1170,50,50,1,-1,-1,-1
25,1,470,664,50,50,1,-1,-1,-1
25,2,527,1029,50,50,1,-1,-1,-1
25,3,486,1385,50,50,1,-1,-1,-1
25,4,577,1106,50,50,1,-1,-1,-1
25,5,504,1371,50,50,1,-1,-1,-1
25,6,564,1139,50,50,1,-1,-1,-1
26,1,464,631,50,50,1,-1,-1,-1
26,2,529,967,50,50,1,-1,-1,-1
26,3,502,1393,50,50,1,-1,-1,-1
26,4,585,1109,50,50,1,-1,-1,-1
26,5,515,1371,50,50,1,-1,-1,-1
26,6,570,1134,50,50,1,-1,-1,-1
27,1,458,602,50,50,1,-1,-1,-1
27,2,532,911,50,50,1,-1,-1,-1
27,3,517,1364,50,50,1,-1,-1,-1
27,4,589,1125,50,50,1,-1,-1,-1
27,5,526,1351,50,50,1,-1,-1,-1
27,6,572,1146,50,50,1,-1,-1,-1
28,1,452,575,50,50,1,-1,-1,-1
28,2,534,861,50,50,1,-1,-1,-1
28,3,527,1322,50,50,1,-1,-1,-1
28,4,593,1164,50,50,1,-1,-1,-1
28,5,536,1320,50,50,1,-1,-1,-1
28,6,575,1174,50,50,1,-1,-1,-1
29,1,447,551,50,50,1,-1,-1,-1
29,2,536,816,50,50,1,-1,-1,-1
29,3,523,1258,50,50,1,-1,-1,-1
29,4,596,1219,50,50,1,-1,-1,-1
29,5,536,1276,50,50,1,-1,-1,-1
29,6,579,1219,50,50,1,-1,-1,-1
30,1,441,539,50,50,1,-1,-1,-1
30,2,538,772,50,50,1,-1,-1,-1
30,3,520,1184,50,50,1,-1,-1,-1
30,4,593,1286,50,50,1,-1,-1,-1
30,5,531,1225,50,50,1,-1,-1,-1
30,6,584,1275,50,50,1,-1,-1,-1
31,1,435,531,50,50,1,-1,-1,-1
31,2,542,729,50,50,1,-1,-1,-1
31,3,517,1110,50,50,1,-1,-1,-1
31,4,588,1342,50,50,1,-1,-1,-1
31,5,521,1180,50,50,1,-1,-1,-1
31,6,573,1321,50,50,1,-1,-1,-1
32,1,429,525,50,50,1,-1,-1,-1
32,2,546,692,50,50,1,-1,-1,-1
32,3,511,1046,50,50,1,-1,-1,-1
32,4,582,1382,50,50,1,-1,-1,-1
32,5,508,1161,50,50,1,-1,-1,-1
32,6,568,1358,50,50,1,-1,-1,-1
33,1,423,522,50,50,1,-1,-1,-1
33,2,550,661,50,50,1,-1,-1,-1
33,3,505,980,50,50,1,-1,-1,-1
33,4,572,1384,50,50,1,-1,-1,-1
33,5,493,1165,50,50,1,-1,-1,-1
33,6,562,1364,50,50,1,-1,-1,-1
34,1,417,523,50,50,1,-1,-1,-1
34,2,553,636,50,50,1,-1,-1,-1
34,3,500,917,50,50,1,-1,-1,-1
34,4,557,1367,50,50,1,-1,-1,-1
34,5,479,1185,50,50,1,-1,-1,-1
34,6,551,1348,50,50,1,-1,-1,-1
35,1,411,526,50,50,1,-1,-1,-1
35,2,556,613,50,50,1,-1,-1,-1
35,3,495,862,50,50,1,-1,-1,-1
35,4,541,1333,50,50,1,-1,-1,-1
35,5,465,1227,50,50,1,-1,-1,-1
35,6,536,1315,50,50,1,-1,-1,-1
36,1,406,536,50,50,1,-1,-1,-1
36,2,559,595,50,50,1,-1,-1,-1
36,3,491,809,50,50,1,-1,-1,-1
36,4,531,1260,50,50,1,-1,-1,-1
36,5,463,1278,50,50,1,-1,-1,-1
36,6,529,1273,50,50,1,-1,-1,-1
37,1,401,555,50,50,1,-1,-1,-1
37,2,562,582,50,50,1,-1,-1,-1
37,3,487,763,50,50,1,-1,-1,-1
37,4,528,1187,50,50,1,-1,-1,-1
37,5,464,1333,50,50,1,-1,-1,-1
37,6,529,1224,50,50,1,-1,-1,-1
38,1,396,580,50,50,1,-1,-1,-1
38,2,565,573,50,50,1,-1,-1,-1
38,3,483,726,50,50,1,-1,-1,-1
38,4,531,1119,50,50,1,-1,-1,-1
38,5,467,1370,50,50,1,-1,-1,-1
38,6,533,1185,50,50,1,-1,-1,-1
39,1,389,602,50,50,1,-1,-1,-1
39,2,569,566,50,50,1,-1,-1,-1
39,3,479,694,50,50,1,-1,-1,-1
39,4,529,1055,50,50,1,-1,-1,-1
39,5,478,1383,50,50,1,-1,-1,-1
39,6,537,1162,50,50,1,-1,-1,-1
40,1,385,629,50,50,1,-1,-1,-1
40,2,574,570,50,50,1,-1,-1,-1
40,3,475,662,50,50,1,-1,-1,-1
40,4,527,992,50,50,1,-1,-1,-1
40,5,489,1373,50,50,1,-1,-1,-1
40,6,541,1165,50,50,1,-1,-1,-1
41,1,381,662,50,50,1,-1,-1,-1
41,2,579,577,50,50,1,-1,-1,-1
41,3,471,633,50,50,1,-1,-1,-1
41,4,528,930,50,50,1,-1,-1,-1
41,5,494,1332,50,50,1,-1,-1,-1
41,6,543,1191,50,50,1,-1,-1,-1
42,1,376,699,50,50,1,-1,-1,-1
42,2,584,585,50,50,1,-1,-1,-1
42,3,466,607,50,50,1,-1,-1,-1
42,4,529,871,50,50,1,-1,-1,-1
42,5,492,1255,50,50,1,-1,-1,-1
42,6,546,1234,50,50,1,-1,-1,-1
43,1,369,749,50,50,1,-1,-1,-1
43,2,589,598,50,50,1,-1,-1,-1
43,3,461,586,50,50,1,-1,-1,-1
43,4,530,824,50,50,1,-1,-1,-1
43,5,492,1181,50,50,1,-1,-1,-1
43,6,549,1289,50,50,1,-1,-1,-1
44,1,362,800,50,50,1,-1,-1,-1
44,2,594,613,50,50,1,-1,-1,-1
44,3,456,571,50,50,1,-1,-1,-1
44,4,532,789,50,50,1,-1,-1,-1
44,5,489,1108,50,50,1,-1,-1,-1
44,6,546,1347,50,50,1,-1,-1,-1
45,1,356,856,50,50,1,-1,-1,-1
45,2,599,633,50,50,1,-1,-1,-1
45,3,450,564,50,50,1,-1,-1,-1
45,4,535,751,50,50,1,-1,-1,-1
45,5,484,1040,50,50,1,-1,-1,-1
45,6,537,1380,50,50,1,-1,-1,-1
46,1,353,914,50,50,1,-1,-1,-1
46,2,604,667,50,50,1,-1,-1,-1
46,3,444,559,50,50,1,-1,-1,-1
46,4,538,714,50,50,1,-1,-1,-1
46,5,478,974,50,50,1,-1,-1,-1
46,6,528,1386,50,50,1,-1,-1,-1
47,1,347,975,50,50,1,-1,-1,-1
47,2,609,706,50,50,1,-1,-1,-1
47,3,438,558,50,50,1,-1,-1,-1
47,4,539,681,50,50,1,-1,-1,-1
47,5,472,912,50,50,1,-1,-1,-1
47,6,520,1362,50,50,1,-1,-1,-1
48,1,342,1046,50,50,1,-1,-1,-1
48,2,613,744,50,50,1,-1,-1,-1
48,3,432,564,50,50,1,-1,-1,-1
48,4,539,655,50,50,1,-1,-1,-1
48,5,466,856,50,50,1,-1,-1,-1
48,6,509,1309,50,50,1,-1,-1,-1
49,1,337,1121,50,50,1,-1,-1,-1
49,2,616,783,50,50,1,-1,-1,-1
49,3,426,571,50,50,1,-1,-1,-1
49,4,540,632,50,50,1,-1,-1,-1
49,5,461,806,50,50,1,-1,-1,-1
49,6,507,1239,50,50,1,-1,-1,-1
50,1,337,1191,50,50,1,-1,-1,-1
50,2,621,832,50,50,1,-1,-1,-1
50,3,422,585,50,50,1,-1,-1,-1
50,4,542,616,50,50,1,-1,-1,-1
50,5,455,762,50,50,1,-1,-1,-1
50,6,512,1165,50,50,1,-1,-1,-1
51,1,349,1234,50,50,1,-1,-1,-1
51,2,626,883,50,50,1,-1,-1,-1
51,3,419,605,50,50,1,-1,-1,-1
51,4,544,605,50,50,1,-1,-1,-1
51,5,450,722,50,50,1,-1,-1,-1
51,6,514,1091,50,50,1,-1,-1,-1
52,1,369,1276,50,50,1,-1,-1,-1
52,2,632,939,50,50,1,-1,-1,-1
52,3,417,628,50,50,1,-1,-1,-1
52,4,546,597,50,50,1,-1,-1,-1
52,5,445,686,50,50,1,-1,-1,-1
52,6,515,1019,50,50,1,-1,-1,-1
53,1,398,1320,50,50,1,-1,-1,-1
53,2,638,1003,50,50,1,-1,-1,-1
53,3,415,655,50,50,1,-1,-1,-1
53,4,548,593,50,50,1,-1,-1,-1
53,5,441,653,50,50,1,-1,-1,-1
53,6,521,952,50,50,1,-1,-1,-1
54,1,427,1361,50,50,1,-1,-1,-1
54,2,644,1072,50,50,1,-1,-1,-1
54,3,412,683,50,50,1,-1,-1,-1
54,4,551,593,50,50,1,-1,-1,-1
54,5,437,627,50,50,1,-1,-1,-1
54,6,527,890,50,50,1,-1,-1,-1
55,1,457,1379,50,50,1,-1,-1,-1
55,2,650,1139,50,50,1,-1,-1,-1
55,3,407,720,50,50,1,-1,-1,-1
55,4,554,596,50,50,1,-1,-1,-1
55,5,433,602,50,50,1,-1,-1,-1
55,6,532,840,50,50,1,-1,-1,-1
56,1,482,1368,50,50,1,-1,-1,-1
56,2,651,1178,50,50,1,-1,-1,-1
56,3,402,762,50,50,1,-1,-1,-1
56,4,558,610,50,50,1,-1,-1,-1
56,5,428,579,50,50,1,-1,-1,-1
56,6,537,793,50,50,1,-1,-1,-1
57,1,498,1317,50,50,1,-1,-1,-1
57,2,642,1217,50,50,1,-1,-1,-1
57,3,397,808,50,50,1,-1,-1,-1
57,4,561,624,50,50,1,-1,-1,-1
57,5,422,565,50,50,1,-1,-1,-1
57,6,542,747,50,50,1,-1,-1,-1
58,1,502,1240,50,50,1,-1,-1,-1
58,2,621,1255,50,50,1,-1,-1,-1
58,3,392,860,50,50,1,-1,-1,-1
58,4,564,641,50,50,1,-1,-1,-1
58,5,415,557,50,50,1,-1,-1,-1
58,6,546,708,50,50,1,-1,-1,-1
59,1,501,1157,50,50,1,-1,-1,-1
59,2,601,1296,50,50,1,-1,-1,-1
59,3,389,921,50,50,1,-1,-1,-1
59,4,567,667,50,50,1,-1,-1,-1
59,5,413,553,50,50,1,-1,-1,-1
59,6,550,673,50,50,1,-1,-1,-1
60,1,498,1076,50,50,1,-1,-1,-1
60,2,581,1338,50,50,1,-1,-1,-1
60,3,386,982,50,50,1,-1,-1,-1
60,4,569,694,50,50,1,-1,-1,-1
60,5,406,551,50,50,1,-1,-1,-1
60,6,554,639,50,50,1,-1,-1,-1
61,1,495,999,50,50,1,-1,-1,-1
61,2,564,1372,50,50,1,-1,-1,-1
61,3,383,1046,50,50,1,-1,-1,-1
61,4,571,724,50,50,1,-1,-1,-1
61,5,402,558,50,50,1,-1,-1,-1
61,6,557,613,50,50,1,-1,-1,-1
62,1,491,927,50,50,1,-1,-1,-1
62,2,555,1371,50,50,1,-1,-1,-1
62,3,377,1119,50,50,1,-1,-1,-1
62,4,574,760,50,50,1,-1,-1,-1
62,5,397,568,50,50,1,-1,-1,-1
62,6,563,593,50,50,1,-1,-1,-1
63,1,486,860,50,50,1,-1,-1,-1
63,2,547,1345,50,50,1,-1,-1,-1
63,3,373,1174,50,50,1,-1,-1,-1
63,4,577,800,50,50,1,-1,-1,-1
63,5,392,585,50,50,1,-1,-1,-1
63,6,569,576,50,50,1,-1,-1,-1
64,1,482,800,50,50,1,-1,-1,-1
64,2,544,1296,50,50,1,-1,-1,-1
64,3,385,1210,50,50,1,-1,-1,-1
64,4,580,847,50,50,1,-1,-1,-1
64,5,390,603,50,50,1,-1,-1,-1
64,6,575,566,50,50,1,-1,-1,-1
65,1,479,748,50,50,1,-1,-1,-1
65,2,547,1226,50,50,1,-1,-1,-1
65,3,399,1251,50,50,1,-1,-1,-1
65,4,584,899,50,50,1,-1,-1,-1
65,5,388,625,50,50,1,-1,-1,-1
65,6,581,561,50,50,1,-1,-1,-1
66,1,477,702,50,50,1,-1,-1,-1
66,2,549,1151,50,50,1,-1,-1,-1
66,3,416,1295,50,50,1,-1,-1,-1
66,4,587,955,50,50,1,-1,-1,-1
66,5,385,650,50,50,1,-1,-1,-1
66,6,587,557,50,50,1,-1,-1,-1
67,1,475,660,50,50,1,-1,-1,-1
67,2,546,1078,50,50,1,-1,-1,-1
67,3,435,1336,50,50,1,-1,-1,-1
67,4,590,1014,50,50,1,-1,-1,-1
67,5,379,681,50,50,1,-1,-1,-1
67,6,593,556,50,50,1,-1,-1,-1
68,1,473,620,50,50,1,-1,-1,-1
68,2,546,1008,50,50,1,-1,-1,-1
68,3,458,1380,50,50,1,-1,-1,-1
68,4,593,1076,50,50,1,-1,-1,-1
68,5,375,721,50,50,1,-1,-1,-1
68,6,598,562,50,50,1,-1,-1,-1
69,1,471,582,50,50,1,-1,-1,-1
69,2,547,942,50,50,1,-1,-1,-1
69,3,479,1394,50,50,1,-1,-1,-1
69,4,597,1135,50,50,1,-1,-1,-1
69,5,371,765,50,50,1,-1,-1,-1
69,6,603,569,50,50,1,-1,-1,-1
70,1,468,551,50,50,1,-1,-1,-1
70,2,548,884,50,50,1,-1,-1,-1
70,3,493,1364,50,50,1,-1,-1,-1
70,4,599,1183,50,50,1,-1,-1,-1
70,5,368,814,50,50,1,-1,-1,-1
70,6,608,584,50,50,1,-1,-1,-1
71,1,465,524,50,50,1,-1,-1,-1
71,2,547,831,50,50,1,-1,-1,-1
71,3,506,1309,50,50,1,-1,-1,-1
71,4,598,1216,50,50,1,-1,-1,-1
71,5,364,867,50,50,1,-1,-1,-1
71,6,613,604,50,50,1,-1,-1,-1
72,1,461,506,50,50,1,-1,-1,-1
72,2,545,783,50,50,1,-1,-1,-1
72,3,503,1227,50,50,1,-1,-1,-1
72,4,593,1261,50,50,1,-1,-1,-1
72,5,360,925,50,50,1,-1,-1,-1
72,6,619,630,50,50,1,-1,-1,-1
73,1,458,495,50,50,1,-1,-1,-1
73,2,544,739,50,50,1,-1,-1,-1
73,3,503,1151,50,50,1,-1,-1,-1
73,4,588,1307,50,50,1,-1,-1,-1
73,5,356,986,50,50,1,-1,-1,-1
73,6,625,661,50,50,1,-1,-1,-1
74,1,455,485,50,50,1,-1,-1,-1
74,2,544,700,50,50,1,-1,-1,-1
74,3,501,1077,50,50,1,-1,-1,-1
74,4,589,1360,50,50,1,-1,-1,-1
74,5,352,1050,50,50,1,-1,-1,-1
74,6,632,694,50,50,1,-1,-1,-1
75,1,452,475,50,50,1,-1,-1,-1
75,2,543,667,50,50,1,-1,-1,-1
75,3,497,1003,50,50,1,-1,-1,-1
75,4,586,1366,50,50,1,-1,-1,-1
75,5,350,1123,50,50,1,-1,-1,-1
75,6,638,730,50,50,1,-1,-1,-1
76,1,450,474,50,50,1,-1,-1,-1
76,2,542,635,50,50,1,-1,-1,-1
76,3,493,936,50,50,1,-1,-1,-1
76,4,584,1367,50,50,1,-1,-1,-1
76,5,346,1194,50,50,1,-1,-1,-1
76,6,644,770,50,50,1,-1,-1,-1
77,1,449,478,50,50,1,-1,-1,-1
77,2,544,608,50,50,1,-1,-1,-1
77,3,489,872,50,50,1,-1,-1,-1
77,4,584,1327,50,50,1,-1,-1,-1
77,5,341,1245,50,50,1,-1,-1,-1
77,6,649,814,50,50,1,-1,-1,-1
78,1,446,484,50,50,1,-1,-1,-1
78,2,546,587,50,50,1,-1,-1,-1
78,3,485,812,50,50,1,-1,-1,-1
78,4,586,1261,50,50,1,-1,-1,-1
78,5,345,1272,50,50,1,-1,-1,-1
78,6,654,862,50,50,1,-1,-1,-1
79,1,443,494,50,50,1,-1,-1,-1
79,2,548,573,50,50,1,-1,-1,-1
79,3,481,758,50,50,1,-1,-1,-1
79,4,588,1186,50,50,1,-1,-1,-1
79,5,357,1295,50,50,1,-1,-1,-1
79,6,659,915,50,50,1,-1,-1,-1
80,1,441,509,50,50,1,-1,-1,-1
80,2,550,564,50,50,1,-1,-1,-1
80,3,477,712,50,50,1,-1,-1,-1
80,4,587,1109,50,50,1,-1,-1,-1
80,5,381,1317,50,50,1,-1,-1,-1
80,6,665,971,50,50,1,-1,-1,-1
81,1,439,528,50,50,1,-1,-1,-1
81,2,550,558,50,50,1,-1,-1,-1
81,3,474,670,50,50,1,-1,-1,-1
81,4,588,1032,50,50,1,-1,-1,-1
81,5,405,1349,50,50,1,-1,-1,-1
81,6,672,1031,50,50,1,-1,-1,-1
82,1,439,550,50,50,1,-1,-1,-1
82,2,551,553,50,50,1,-1,-1,-1
82,3,471,632,50,50,1,-1,-1,-1
82,4,587,959,50,50,1,-1,-1,-1
82,5,429,1374,50,50,1,-1,-1,-1
82,6,679,1094,50,50,1,-1,-1,-1
83,1,438,579,50,50,1,-1,-1,-1
83,2,551,557,50,50,1,-1,-1,-1
83,3,468,597,50,50,1,-1,-1,-1
83,4,586,892,50,50,1,-1,-1,-1
83,5,455,1394,50,50,1,-1,-1,-1
83,6,686,1162,50,50,1,-1,-1,-1
84,1,437,612,50,50,1,-1,-1,-1
84,2,551,564,50,50,1,-1,-1,-1
84,3,465,568,50,50,1,-1,-1,-1
84,4,585,829,50,50,1,-1,-1,-1
84,5,479,1405,50,50,1,-1,-1,-1
84,6,690,1195,50,50,1,-1,-1,-1
85,1,436,652,50,50,1,-1,-1,-1
85,2,551,572,50,50,1,-1,-1,-1
85,3,462,540,50,50,1,-1,-1,-1
85,4,584,774,50,50,1,-1,-1,-1
85,5,492,1397,50,50,1,-1,-1,-1
85,6,686,1225,50,50,1,-1,-1,-1
86,1,435,696,50,50,1,-1,-1,-1
86,2,554,588,50,50,1,-1,-1,-1
86,3,458,522,50,50,1,-1,-1,-1
86,4,583,730,50,50,1,-1,-1,-1
86,5,499,1367,50,50,1,-1,-1,-1
86,6,666,1248,50,50,1,-1,-1,-1
87,1,434,740,50,50,1,-1,-1,-1
87,2,557,608,50,50,1,-1,-1,-1
87,3,454,513,50,50,1,-1,-1,-1
87,4,582,690,50,50,1,-1,-1,-1
87,5,503,1296,50,50,1,-1,-1,-1
87,6,649,1278,50,50,1,-1,-1,-1
88,1,433,788,50,50,1,-1,-1,-1
88,2,560,635,50,50,1,-1,-1,-1
88,3,451,505,50,50,1,-1,-1,-1
88,4,581,650,50,50,1,-1,-1,-1
88,5,506,1221,50,50,1,-1,-1,-1
88,6,631,1311,50,50,1,-1,-1,-1
89,1,431,840,50,50,1,-1,-1,-1
89,2,560,664,50,50,1,-1,-1,-1
89,3,448,499,50,50,1,-1,-1,-1
89,4,581,611,50,50,1,-1,-1,-1
89,5,504,1145,50,50,1,-1,-1,-1
89,6,611,1345,50,50,1,-1,-1,-1
90,1,429,896,50,50,1,-1,-1,-1
90,2,559,695,50,50,1,-1,-1,-1
90,3,445,497,50,50,1,-1,-1,-1
90,4,584,579,50,50,1,-1,-1,-1
90,5,500,1071,50,50,1,-1,-1,-1
90,6,588,1374,50,50,1,-1,-1,-1
91,1,428,961,50,50,1,-1,-1,-1
91,2,558,731,50,50,1,-1,-1,-1
91,3,442,501,50,50,1,-1,-1,-1
91,4,585,553,50,50,1,-1,-1,-1
91,5,496,1004,50,50,1,-1,-1,-1
91,6,566,1381,50,50,1,-1,-1,-1
92,1,427,1028,50,50,1,-1,-1,-1
92,2,559,774,50,50,1,-1,-1,-1
92,3,439,507,50,50,1,-1,-1,-1
92,4,586,531,50,50,1,-1,-1,-1
92,5,494,943,50,50,1,-1,-1,-1
92,6,556,1361,50,50,1,-1,-1,-1
93,1,426,1097,50,50,1,-1,-1,-1
93,2,561,821,50,50,1,-1,-1,-1
93,3,435,519,50,50,1,-1,-1,-1
93,4,586,511,50,50,1,-1,-1,-1
93,5,492,886,50,50,1,-1,-1,-1
93,6,549,1315,50,50,1,-1,-1,-1
94,1,425,1162,50,50,1,-1,-1,-1
94,2,564,870,50,50,1,-1,-1,-1
94,3,432,536,50,50,1,-1,-1,-1
94,4,585,496,50,50,1,-1,-1,-1
94,5,490,833,50,50,1,-1,-1,-1
94,6,547,1247,50,50,1,-1,-1,-1
95,1,432,1205,50,50,1,-1,-1,-1
95,2,565,923,50,50,1,-1,-1,-1
95,3,429,555,50,50,1,-1,-1,-1
95,4,584,490,50,50,1,-1,-1,-1
95,5,488,783,50,50,1,-1,-1,-1
95,6,546,1168,50,50,1,-1,-1,-1
96,1,445,1239,50,50,1,-1,-1,-1
96,2,567,980,50,50,1,-1,-1,-1
96,3,428,582,50,50,1,-1,-1,-1
96,4,584,486,50,50,1,-1,-1,-1
96,5,485,738,50,50,1,-1,-1,-1
96,6,549,1094,50,50,1,-1,-1,-1
97,1,456,1272,50,50,1,-1,-1,-1
97,2,569,1039,50,50,1,-1,-1,-1
97,3,428,613,50,50,1,-1,-1,-1
97,4,584,483,50,50,1,-1,-1,-1
97,5,482,697,50,50,1,-1,-1,-1
97,6,552,1021,50,50,1,-1,-1,-1
98,1,469,1312,50,50,1,-1,-1,-1
98,2,571,1101,50,50,1,-1,-1,-1
98,3,427,651,50,50,1,-1,-1,-1
98,4,585,487,50,50,1,-1,-1,-1
98,5,480,664,50,50,1,-1,-1,-1
98,6,554,953,50,50,1,-1,-1,-1
99,1,492,1350,50,50,1,-1,-1,-1
99,2,569,1150,50,50,1,-1,-1,-1
99,3,426,690,50,50,1,-1,-1,-1
99,4,586,497,50,50,1,-1,-1,-1
99,5,478,637,50,50,1,-1,-1,-1
99,6,558,889,50,50,1,-1,-1,-1
100,1,502,1346,50,50,1,-1,-1,-1
100,2,569,1174,50,50,1,-1,-1,-1
100,3,424,731,50,50,1,-1,-1,-1
100,4,588,508,50,50,1,-1,-1,-1
100,5,476,611,50,50,1,-1,-1,-1
100,6,561,831,50,50,1,-1,-1,-1
101,1,514,1312,50,50,1,-1,-1,-1
101,2,564,1207,50,50,1,-1,-1,-1
101,3,423,780,50,50,1,-1,-1,-1
101,4,590,524,50,50,1,-1,-1,-1
101,5,474,589,50,50,1,-1,-1,-1
101,6,564,782,50,50,1,-1,-1,-1
102,1,516,1245,50,50,1,-1,-1,-1
102,2,565,1245,50,50,1,-1,-1,-1
102,3,422,832,50,50,1,-1,-1,-1
102,4,592,553,50,50,1,-1,-1,-1
102,5,472,570,50,50,1,-1,-1,-1
102,6,567,736,50,50,1,-1,-1,-1
103,1,516,1168,50,50,1,-1,-1,-1
103,2,569,1297,50,50,1,-1,-1,-1
103,3,420,889,50,50,1,-1,-1,-1
103,4,594,585,50,50,1,-1,-1,-1
103,5,469,561,50,50,1,-1,-1,-1
103,6,569,692,50,50,1,-1,-1,-1
104,1,516,1091,50,50,1,-1,-1,-1
104,2,570,1355,50,50,1,-1,-1,-1
104,3,416,950,50,50,1,-1,-1,-1
104,4,596,610,50,50,1,-1,-1,-1
104,5,467,554,50,50,1,-1,-1,-1
104,6,571,651,50,50,1,-1,-1,-1
105,1,513,1019,50,50,1,-1,-1,-1
105,2,570,1389,50,50,1,-1,-1,-1
105,3,412,1014,50,50,1,-1,-1,-1
105,4,597,640,50,50,1,-1,-1,-1
105,5,465,553,50,50,1,-1,-1,-1
105,6,574,615,50,50,1,-1,-1,-1
106,1,508,953,50,50,1,-1,-1,-1
106,2,568,1395,50,50,1,-1,-1,-1
106,3,409,1083,50,50,1,-1,-1,-1
106,4,597,679,50,50,1,-1,-1,-1
106,5,464,557,50,50,1,-1,-1,-1
106,6,577,587,50,50,1,-1,-1,-1
107,1,505,897,50,50,1,-1,-1,-1
107,2,563,1374,50,50,1,-1,-1,-1
107,3,409,1152,50,50,1,-1,-1,-1
107,4,597,720,50,50,1,-1,-1,-1
107,5,462,565,50,50,1,-1,-1,-1
107,6,580,563,50,50,1,-1,-1,-1
108,1,502,844,50,50,1,-1,-1,-1
108,2,557,1321,50,50,1,-1,-1,-1
108,3,410,1207,50,50,1,-1,-1,-1
108,4,599,770,50,50,1,-1,-1,-1
108,5,459,576,50,50,1,-1,-1,-1
108,6,583,543,50,50,1,-1,-1,-1
109,1,499,792,50,50,1,-1,-1,-1
109,2,556,1251,50,50,1,-1,-1,-1
109,3,415,1244,50,50,1,-1,-1,-1
109,4,602,829,50,50,1,-1,-1,-1
109,5,456,591,50,50,1,-1,-1,-1
109,6,586,528,50,50,1,-1,-1,-1
110,1,497,743,50,50,1,-1,-1,-1
110,2,559,1167,50,50,1,-1,-1,-1
110,3,428,1279,50,50,1,-1,-1,-1
110,4,605,887,50,50,1,-1,-1,-1
110,5,456,611,50,50,1,-1,-1,-1
110,6,589,517,50,50,1,-1,-1,-1
111,1,496,698,50,50,1,-1,-1,-1
111,2,559,1083,50,50,1,-1,-1,-1
111,3,444,1318,50,50,1,-1,-1,-1
111,4,607,948,50,50,1,-1,-1,-1
111,5,456,634,50,50,1,-1,-1,-1
111,6,592,512,50,50,1,-1,-1,-1
112,1,496,659,50,50,1,-1,-1,-1
112,2,561,1004,50,50,1,-1,-1,-1
112,3,467,1356,50,50,1,-1,-1,-1
112,4,608,1012,50,50,1,-1,-1,-1
112,5,455,664,50,50,1,-1,-1,-1
112,6,595,510,50,50,1,-1,-1,-1
113,1,495,627,50,50,1,-1,-1,-1
113,2,563,932,50,50,1,-1,-1,-1
113,3,497,1375,50,50,1,-1,-1,-1
113,4,610,1082,50,50,1,-1,-1,-1
113,5,455,700,50,50,1,-1,-1,-1
113,6,599,510,50,50,1,-1,-1,-1
114,1,493,603,50,50,1,-1,-1,-1
114,2,565,863,50,50,1,-1,-1,-1
114,3,520,1374,50,50,1,-1,-1,-1
114,4,613,1148,50,50,1,-1,-1,-1
114,5,454,739,50,50,1,-1,-1,-1
114,6,604,517,50,50,1,-1,-1,-1
115,1,491,580,50,50,1,-1,-1,-1
115,2,567,799,50,50,1,-1,-1,-1
115,3,534,1338,50,50,1,-1,-1,-1
115,4,616,1186,50,50,1,-1,-1,-1
115,5,454,778,50,50,1,-1,-1,-1
115,6,609,525,50,50,1,-1,-1,-1
116,1,489,557,50,50,1,-1,-1,-1
116,2,570,741,50,50,1,-1,-1,-1
116,3,544,1276,50,50,1,-1,-1,-1
116,4,616,1228,50,50,1,-1,-1,-1
116,5,451,827,50,50,1,-1,-1,-1
116,6,614,536,50,50,1,-1,-1,-1
117,1,486,544,50,50,1,-1,-1,-1
117,2,573,691,50,50,1,-1,-1,-1
117,3,549,1194,50,50,1,-1,-1,-1
117,4,617,1268,50,50,1,-1,-1,-1
117,5,450,877,50,50,1,-1,-1,-1
117,6,618,556,50,50,1,-1,-1,-1
118,1,483,535,50,50,1,-1,-1,-1
118,2,576,646,50,50,1,-1,-1,-1
118,3,548,1108,50,50,1,-1,-1,-1
118,4,616,1310,50,50,1,-1,-1,-1
118,5,451,935,50,50,1,-1,-1,-1
118,6,622,582,50,50,1,-1,-1,-1
119,1,480,529,50,50,1,-1,-1,-1
119,2,579,602,50,50,1,-1,-1,-1
119,3,546,1033,50,50,1,-1,-1,-1
119,4,614,1347,50,50,1,-1,-1,-1
119,5,451,998,50,50,1,-1,-1,-1
119,6,626,611,50,50,1,-1,-1,-1
120,1,477,527,50,50,1,-1,-1,-1
120,2,581,561,50,50,1,-1,-1,-1
120,3,547,967,50,50,1,-1,-1,-1
120,4,615,1370,50,50,1,-1,-1,-1
120,5,450,1064,50,50,1,-1,-1,-1
120,6,630,643,50,50,1,-1,-1,-1
121,1,474,529,50,50,1,-1,-1,-1
121,2,583,526,50,50,1,-1,-1,-1
121,3,548,906,50,50,1,-1,-1,-1
121,4,622,1363,50,50,1,-1,-1,-1
121,5,449,1131,50,50,1,-1,-1,-1
121,6,634,678,50,50,1,-1,-1,-1
122,1,474,537,50,50,1,-1,-1,-1
122,2,585,495,50,50,1,-1,-1,-1
122,3,548,849,50,50,1,-1,-1,-1
122,4,628,1340,50,50,1,-1,-1,-1
122,5,450,1189,50,50,1,-1,-1,-1
122,6,637,717,50,50,1,-1,-1,-1
123,1,474,549,50,50,1,-1,-1,-1
123,2,587,470,50,50,1,-1,-1,-1
123,3,548,793,50,50,1,-1,-1,-1
123,4,631,1283,50,50,1,-1,-1,-1
123,5,454,1220,50,50,1,-1,-1,-1
123,6,640,759,50,50,1,-1,-1,-1
124,1,473,564,50,50,1,-1,-1,-1
124,2,589,451,50,50,1,-1,-1,-1
124,3,547,741,50,50,1,-1,-1,-1
124,4,631,1212,50,50,1,-1,-1,-1
124,5,463,1249,50,50,1,-1,-1,-1
124,6,646,804,50,50,1,-1,-1,-1
125,1,471,583,50,50,1,-1,-1,-1
125,2,591,436,50,50,1,-1,-1,-1
125,3,548,695,50,50,1,-1,-1,-1
125,4,628,1133,50,50,1,-1,-1,-1
125,5,475,1276,50,50,1,-1,-1,-1
125,6,652,858,50,50,1,-1,-1,-1
126,1,469,605,50,50,1,-1,-1,-1
126,2,593,423,50,50,1,-1,-1,-1
126,3,549,653,50,50,1,-1,-1,-1
126,4,626,1054,50,50,1,-1,-1,-1
126,5,488,1304,50,50,1,-1,-1,-1
126,6,654,916,50,50,1,-1,-1,-1
127,1,469,633,50,50,1,-1,-1,-1
127,2,596,413,50,50,1,-1,-1,-1
127,3,549,615,50,50,1,-1,-1,-1
127,4,624,979,50,50,1,-1,-1,-1
127,5,500,1325,50,50,1,-1,-1,-1
127,6,656,977,50,50,1,-1,-1,-1
128,1,468,666,50,50,1,-1,-1,-1
128,2,600,410,50,50,1,-1,-1,-1
128,3,548,581,50,50,1,-1,-1,-1
128,4,622,910,50,50,1,-1,-1,-1
128,5,511,1333,50,50,1,-1,-1,-1
128,6,661,1040,50,50,1,-1,-1,-1
129,1,467,702,50,50,1,-1,-1,-1
129,2,605,412,50,50,1,-1,-1,-1
129,3,547,552,50,50,1,-1,-1,-1
129,4,620,842,50,50,1,-1,-1,-1
129,5,517,1324,50,50,1,-1,-1,-1
129,6,669,1107,50,50,1,-1,-1,-1
130,1,464,746,50,50,1,-1,-1,-1
130,2,609,418,50,50,1,-1,-1,-1
130,3,546,528,50,50,1,-1,-1,-1
130,4,617,780,50,50,1,-1,-1,-1
130,5,516,1310,50,50,1,-1,-1,-1
130,6,673,1143,50,50,1,-1,-1,-1
131,1,462,793,50,50,1,-1,-1,-1
131,2,613,428,50,50,1,-1,-1,-1
131,3,545,512,50,50,1,-1,-1,-1
131,4,613,723,50,50,1,-1,-1,-1
131,5,516,1291,50,50,1,-1,-1,-1
131,6,678,1159,50,50,1,-1,-1,-1
132,1,461,845,50,50,1,-1,-1,-1
132,2,616,443,50,50,1,-1,-1,-1
132,3,545,503,50,50,1,-1,-1,-1
132,4,609,673,50,50,1,-1,-1,-1
132,5,508,1268,50,50,1,-1,-1,-1
132,6,682,1176,50,50,1,-1,-1,-1
133,1,462,905,50,50,1,-1,-1,-1
133,2,618,461,50,50,1,-1,-1,-1
133,3,545,493,50,50,1,-1,-1,-1
133,4,606,628,50,50,1,-1,-1,-1
133,5,494,1245,50,50,1,-1,-1,-1
133,6,683,1194,50,50,1,-1,-1,-1
134,1,461,965,50,50,1,-1,-1,-1
134,2,620,486,50,50,1,-1,-1,-1
134,3,546,483,50,50,1,-1,-1,-1
134,4,603,587,50,50,1,-1,-1,-1
134,5,480,1231,50,50,1,-1,-1,-1
134,6,679,1200,50,50,1,-1,-1,-1
135,1,463,1029,50,50,1,-1,-1,-1
135,2,624,515,50,50,1,-1,-1,-1
135,3,548,482,50,50,1,-1,-1,-1
135,4,600,550,50,50,1,-1,-1,-1
135,5,465,1218,50,50,1,-1,-1,-1
135,6,668,1199,50,50,1,-1,-1,-1
136,1,464,1094,50,50,1,-1,-1,-1
136,2,629,547,50,50,1,-1,-1,-1
136,3,548,489,50,50,1,-1,-1,-1
136,4,597,515,50,50,1,-1,-1,-1
136,5,453,1207,50,50,1,-1,-1,-1
136,6,669,1195,50,50,1,-1,-1,-1
137,1,463,1166,50,50,1,-1,-1,-1
137,2,633,583,50,50,1,-1,-1,-1
137,3,548,498,50,50,1,-1,-1,-1
137,4,594,481,50,50,1,-1,-1,-1
137,5,446,1199,50,50,1,-1,-1,-1
137,6,668,1189,50,50,1,-1,-1,-1
138,1,465,1202,50,50,1,-1,-1,-1
138,2,637,622,50,50,1,-1,-1,-1
138,3,548,514,50,50,1,-1,-1,-1
138,4,592,454,50,50,1,-1,-1,-1
138,5,443,1207,50,50,1,-1,-1,-1
138,6,666,1175,50,50,1,-1,-1,-1
139,1,469,1208,50,50,1,-1,-1,-1
139,2,641,667,50,50,1,-1,-1,-1
139,3,548,530,50,50,1,-1,-1,-1
139,4,589,442,50,50,1,-1,-1,-1
139,5,448,1209,50,50,1,-1,-1,-1
139,6,666,1161,50,50,1,-1,-1,-1
140,1,479,1212,50,50,1,-1,-1,-1
140,2,645,714,50,50,1,-1,-1,-1
140,3,548,547,50,50,1,-1,-1,-1
140,4,587,429,50,50,1,-1,-1,-1
140,5,462,1209,50,50,1,-1,-1,-1
140,6,668,1153,50,50,1,-1,-1,-1
141,1,489,1216,50,50,1,-1,-1,-1
141,2,649,767,50,50,1,-1,-1,-1
141,3,550,576,50,50,1,-1,-1,-1
141,4,585,417,50,50,1,-1,-1,-1
141,5,475,1208,50,50,1,-1,-1,-1
141,6,670,1142,50,50,1,-1,-1,-1
142,1,499,1221,50,50,1,-1,-1,-1
142,2,653,826,50,50,1,-1,-1,-1
142,3,552,606,50,50,1,-1,-1,-1
142,4,583,410,50,50,1,-1,-1,-1
142,5,488,1213,50,50,1,-1,-1,-1
142,6,676,1132,50,50,1,-1,-1,-1
143,1,508,1228,50,50,1,-1,-1,-1
143,2,657,890,50,50,1,-1,-1,-1
143,3,553,646,50,50,1,-1,-1,-1
143,4,581,406,50,50,1,-1,-1,-1
143,5,503,1220,50,50,1,-1,-1,-1
143,6,682,1126,50,50,1,-1,-1,-1
144,1,517,1232,50,50,1,-1,-1,-1
144,2,661,955,50,50,1,-1,-1,-1
144,3,554,686,50,50,1,-1,-1,-1
144,4,579,407,50,50,1,-1,-1,-1
144,5,516,1226,50,50,1,-1,-1,-1
144,6,683,1123,50,50,1,-1,-1,-1
145,1,527,1233,50,50,1,-1,-1,-1
145,2,665,1025,50,50,1,-1,-1,-1
145,3,554,728,50,50,1,-1,-1,-1
145,4,577,414,50,50,1,-1,-1,-1
145,5,525,1224,50,50,1,-1,-1,-1
145,6,686,1121,50,50,1,-1,-1,-1
146,1,537,1232,50,50,1,-1,-1,-1
146,2,669,1097,50,50,1,-1,-1,-1
146,3,555,780,50,50,1,-1,-1,-1
146,4,575,425,50,50,1,-1,-1,-1
146,5,527,1225,50,50,1,-1,-1,-1
146,6,692,1121,50,50,1,-1,-1,-1
147,1,543,1227,50,50,1,-1,-1,-1
147,2,671,1132,50,50,1,-1,-1,-1
147,3,557,836,50,50,1,-1,-1,-1
147,4,574,443,50,50,1,-1,-1,-1
147,5,535,1224,50,50,1,-1,-1,-1
147,6,698,1138,50,50,1,-1,-1,-1
148,1,545,1220,50,50,1,-1,-1,-1
148,2,664,1160,50,50,1,-1,-1,-1
148,3,559,892,50,50,1,-1,-1,-1
148,4,573,463,50,50,1,-1,-1,-1
148,5,542,1220,50,50,1,-1,-1,-1
148,6,698,1153,50,50,1,-1,-1,-1
149,1,549,1214,50,50,1,-1,-1,-1
149,2,653,1169,50,50,1,-1,-1,-1
149,3,561,956,50,50,1,-1,-1,-1
149,4,572,489,50,50,1,-1,-1,-1
149,5,548,1215,50,50,1,-1,-1,-1
149,6,695,1167,50,50,1,-1,-1,-1
150,1,553,1209,50,50,1,-1,-1,-1
150,2,643,1181,50,50,1,-1,-1,-1
150,3,562,1021,50,50,1,-1,-1,-1
150,4,571,517,50,50,1,-1,-1,-1
150,5,550,1212,50,50,1,-1,-1,-1
150,6,681,1181,50,50,1,-1,-1,-1
151,1,552,1205,50,50,1,-1,-1,-1
151,2,635,1188,50,50,1,-1,-1,-1
151,3,563,1093,50,50,1,-1,-1,-1
151,4,568,552,50,50,1,-1,-1,-1
151,5,551,1206,50,50,1,-1,-1,-1
151,6,671,1189,50,50,1,-1,-1,-1
152,1,551,1200,50,50,1,-1,-1,-1
152,2,630,1200,50,50,1,-1,-1,-1
152,3,566,1161,50,50,1,-1,-1,-1
152,4,565,590,50,50,1,-1,-1,-1
152,5,551,1197,50,50,1,-1,-1,-1
152,6,663,1194,50,50,1,-1,-1,-1
153,1,549,1201,50,50,1,-1,-1,-1
153,2,626,1204,50,50,1,-1,-1,-1
153,3,573,1199,50,50,1,-1,-1,-1
153,4,565,633,50,50,1,-1,-1,-1
153,5,554,1196,50,50,1,-1,-1,-1
153,6,656,1199,50,50,1,-1,-1,-1
154,1,544,1207,50,50,1,-1,-1,-1
154,2,624,1210,50,50,1,-1,-1,-1
154,3,569,1195,50,50,1,-1,-1,-1
154,4,565,678,50,50,1,-1,-1,-1
154,5,552,1203,50,50,1,-1,-1,-1
154,6,649,1205,50,50,1,-1,-1,-1
155,1,539,1213,50,50,1,-1,-1,-1
155,2,620,1219,50,50,1,-1,-1,-1
155,3,563,1196,50,50,1,-1,-1,-1
155,4,562,732,50,50,1,-1,-1,-1
155,5,546,1209,50,50,1,-1,-1,-1
155,6,644,1208,50,50,1,-1,-1,-1
156,1,524,1212,50,50,1,-1,-1,-1
156,2,611,1218,50,50,1,-1,-1,-1
156,3,549,1201,50,50,1,-1,-1,-1
156,4,561,790,50,50,1,-1,-1,-1
156,5,529,1211,50,50,1,-1,-1,-1
156,6,638,1208,50,50,1,-1,-1,-1
157,1,510,1213,50,50,1,-1,-1,-1
157,2,602,1218,50,50,1,-1,-1,-1
157,3,534,1208,50,50,1,-1,-1,-1
157,4,561,849,50,50,1,-1,-1,-1
157,5,516,1214,50,50,1,-1,-1,-1
157,6,629,1208,50,50,1,-1,-1,-1
158,1,500,1217,50,50,1,-1,-1,-1
158,2,595,1219,50,50,1,-1,-1,-1
158,3,527,1212,50,50,1,-1,-1,-1
158,4,562,914,50,50,1,-1,-1,-1
158,5,508,1219,50,50,1,-1,-1,-1
158,6,619,1209,50,50,1,-1,-1,-1
159,1,489,1224,50,50,1,-1,-1,-1
159,2,590,1220,50,50,1,-1,-1,-1
159,3,517,1220,50,50,1,-1,-1,-1
159,4,562,993,50,50,1,-1,-1,-1
159,5,497,1225,50,50,1,-1,-1,-1
159,6,614,1212,50,50,1,-1,-1,-1
160,1,476,1232,50,50,1,-1,-1,-1
160,2,585,1223,50,50,1,-1,-1,-1
160,3,504,1231,50,50,1,-1,-1,-1
160,4,561,1074,50,50,1,-1,-1,-1
160,5,488,1230,50,50,1,-1,-1,-1
160,6,609,1218,50,50,1,-1,-1,-1
161,1,463,1238,50,50,1,-1,-1,-1
161,2,576,1232,50,50,1,-1,-1,-1
161,3,494,1236,50,50,1,-1,-1,-1
161,4,559,1156,50,50,1,-1,-1,-1
161,5,471,1236,50,50,1,-1,-1,-1
161,6,596,1225,50,50,1,-1,-1,-1
162,1,453,1244,50,50,1,-1,-1,-1
162,2,565,1245,50,50,1,-1,-1,-1
162,3,484,1242,50,50,1,-1,-1,-1
162,4,558,1226,50,50,1,-1,-1,-1
162,5,462,1244,50,50,1,-1,-1,-1
162,6,589,1230,50,50,1,-1,-1,-1
163,1,444,1251,50,50,1,-1,-1,-1
163,2,557,1252,50,50,1,-1,-1,-1
163,3,473,1252,50,50,1,-1,-1,-1
163,4,557,1251,50,50,1,-1,-1,-1
163,5,453,1250,50,50,1,-1,-1,-1
163,6,580,1240,50,50,1,-1,-1,-1
164,1,436,1255,50,50,1,-1,-1,-1
164,2,553,1259,50,50,1,-1,-1,-1
164,3,467,1253,50,50,1,-1,-1,-1
164,4,553,1265,50,50,1,-1,-1,-1
164,5,452,1255,50,50,1,-1,-1,-1
164,6,572,1254,50,50,1,-1,-1,-1
165,1,428,1259,50,50,1,-1,-1,-1
165,2,553,1264,50,50,1,-1,-1,-1
165,3,458,1260,50,50,1,-1,-1,-1
165,4,549,1278,50,50,1,-1,-1,-1
165,5,445,1258,50,50,1,-1,-1,-1
165,6,569,1259,50,50,1,-1,-1,-1
166,1,422,1262,50,50,1,-1,-1,-1
166,2,553,1269,50,50,1,-1,-1,-1
166,3,451,1265,50,50,1,-1,-1,-1
166,4,547,1282,50,50,1,-1,-1,-1
166,5,445,1260,50,50,1,-1,-1,-1
166,6,570,1260,50,50,1,-1,-1,-1
167,1,421,1263,50,50,1,-1,-1,-1
167,2,552,1273,50,50,1,-1,-1,-1
167,3,448,1266,50,50,1,-1,-1,-1
167,4,545,1286,50,50,1,-1,-1,-1
167,5,444,1264,50,50,1,-1,-1,-1
167,6,572,1264,50,50,1,-1,-1,-1
168,1,420,1265,50,50,1,-1,-1,-1
168,2,552,1276,50,50,1,-1,-1,-1
168,3,446,1269,50,50,1,-1,-1,-1
168,4,548,1289,50,50,1,-1,-1,-1
168,5,443,1266,50,50,1,-1,-1,-1
168,6,574,1270,50,50,1,-1,-1,-1
169,1,419,1269,50,50,1,-1,-1,-1
169,2,556,1272,50,50,1,-1,-1,-1
169,3,444,1271,50,50,1,-1,-1,-1
169,4,555,1282,50,50,1,-1,-1,-1
169,5,444,1266,50,50,1,-1,-1,-1
169,6,578,1270,50,50,1,-1,-1,-1
170,1,418,1273,50,50,1,-1,-1,-1
170,2,560,1268,50,50,1,-1,-1,-1
170,3,442,1274,50,50,1,-1,-1,-1
170,4,560,1277,50,50,1,-1,-1,-1
170,5,442,1268,50,50,1,-1,-1,-1
170,6,582,1267,50,50,1,-1,-1,-1
171,1,418,1276,50,50,1,-1,-1,-1
171,2,564,1266,50,50,1,-1,-1,-1
171,3,443,1276,50,50,1,-1,-1,-1
171,4,565,1274,50,50,1,-1,-1,-1
171,5,444,1267,50,50,1,-1,-1,-1
171,6,586,1271,50,50,1,-1,-1,-1
172,1,420,1276,50,50,1,-1,-1,-1
172,2,568,1268,50,50,1,-1,-1,-1
172,3,442,1277,50,50,1,-1,-1,-1
172,4,568,1276,50,50,1,-1,-1,-1
172,5,445,1267,50,50,1,-1,-1,-1
172,6,590,1272,50,50,1,-1,-1,-1
173,1,423,1275,50,50,1,-1,-1,-1
173,2,572,1270,50,50,1,-1,-1,-1
173,3,444,1278,50,50,1,-1,-1,-1
173,4,569,1278,50,50,1,-1,-1,-1
173,5,444,1270,50,50,1,-1,-1,-1
173,6,594,1272,50,50,1,-1,-1,-1
174,1,425,1276,50,50,1,-1,-1,-1
174,2,576,1271,50,50,1,-1,-1,-1
174,3,446,1280,50,50,1,-1,-1,-1
174,4,572,1277,50,50,1,-1,-1,-1
174,5,445,1271,50,50,1,-1,-1,-1
174,6,597,1272,50,50,1,-1,-1,-1
175,1,425,1279,50,50,1,-1,-1,-1
175,2,579,1272,50,50,1,-1,-1,-1
175,3,448,1283,50,50,1,-1,-1,-1
175,4,570,1277,50,50,1,-1,-1,-1
175,5,446,1272,50,50,1,-1,-1,-1
175,6,595,1270,50,50,1,-1,-1,-1
176,1,425,1281,50,50,1,-1,-1,-1
176,2,580,1272,50,50,1,-1,-1,-1
176,3,451,1285,50,50,1,-1,-1,-1
176,4,570,1276,50,50,1,-1,-1,-1
176,5,447,1273,50,50,1,-1,-1,-1
176,6,593,1268,50,50,1,-1,-1,-1
177,1,427,1280,50,50,1,-1,-1,-1
177,2,579,1271,50,50,1,-1,-1,-1
177,3,451,1283,50,50,1,-1,-1,-1
177,4,571,1275,50,50,1,-1,-1,-1
177,5,448,1274,50,50,1,-1,-1,-1
177,6,597,1267,50,50,1,-1,-1,-1
178,1,429,1279,50,50,1,-1,-1,-1
178,2,578,1270,50,50,1,-1,-1,-1
178,3,453,1283,50,50,1,-1,-1,-1
178,4,573,1275,50,50,1,-1,-1,-1
178,5,450,1273,50,50,1,-1,-1,-1
178,6,599,1267,50,50,1,-1,-1,-1
179,1,430,1278,50,50,1,-1,-1,-1
179,2,580,1270,50,50,1,-1,-1,-1
179,3,453,1280,50,50,1,-1,-1,-1
179,4,575,1274,50,50,1,-1,-1,-1
179,5,452,1272,50,50,1,-1,-1,-1
179,6,601,1265,50,50,1,-1,-1,-1
180,1,429,1277,50,50,1,-1,-1,-1
180,2,582,1270,50,50,1,-1,-1,-1
180,3,453,1278,50,50,1,-1,-1,-1
180,4,577,1273,50,50,1,-1,-1,-1
180,5,453,1273,50,50,1,-1,-1,-1
180,6,604,1264,50,50,1,-1,-1,-1
181,1,428,1276,50,50,1,-1,-1,-1
181,2,581,1268,50,50,1,-1,-1,-1
181,3,453,1280,50,50,1,-1,-1,-1
181,4,579,1273,50,50,1,-1,-1,-1
181,5,454,1274,50,50,1,-1,-1,-1
181,6,607,1265,50,50,1,-1,-1,-1
182,1,427,1275,50,50,1,-1,-1,-1
182,2,580,1266,50,50,1,-1,-1,-1
182,3,454,1281,50,50,1,-1,-1,-1
182,4,581,1273,50,50,1,-1,-1,-1
182,5,456,1273,50,50,1,-1,-1,-1
182,6,608,1265,50,50,1,-1,-1,-1
183,1,426,1274,50,50,1,-1,-1,-1
183,2,580,1265,50,50,1,-1,-1,-1
183,3,455,1282,50,50,1,-1,-1,-1
183,4,583,1273,50,50,1,-1,-1,-1
183,5,457,1272,50,50,1,-1,-1,-1
183,6,610,1263,50,50,1,-1,-1,-1
184,1,426,1274,50,50,1,-1,-1,-1
184,2,580,1264,50,50,1,-1,-1,-1
184,3,454,1282,50,50,1,-1,-1,-1
184,4,585,1273,50,50,1,-1,-1,-1
184,5,456,1271,50,50,1,-1,-1,-1
184,6,612,1261,50,50,1,-1,-1,-1
185,1,426,1274,50,50,1,-1,-1,-1
185,2,580,1263,50,50,1,-1,-1,-1
185,3,453,1282,50,50,1,-1,-1,-1
185,4,586,1273,50,50,1,-1,-1,-1
185,5,455,1270,50,50,1,-1,-1,-1
185,6,613,1261,50,50,1,-1,-1,-1
186,1,426,1274,50,50,1,-1,-1,-1
186,2,581,1262,50,50,1,-1,-1,-1
186,3,453,1282,50,50,1,-1,-1,-1
186,4,586,1273,50,50,1,-1,-1,-1
186,5,454,1270,50,50,1,-1,-1,-1
186,6,613,1263,50,50,1,-1,-1,-1
187,1,426,1274,50,50,1,-1,-1,-1
187,2,584,1263,50,50,1,-1,-1,-1
187,3,453,1283,50,50,1,-1,-1,-1
187,4,587,1275,50,50,1,-1,-1,-1
187,5,453,1271,50,50,1,-1,-1,-1
187,6,615,1264,50,50,1,-1,-1,-1
188,1,426,1275,50,50,1,-1,-1,-1
188,2,587,1266,50,50,1,-1,-1,-1
188,3,453,1285,50,50,1,-1,-1,-1
188,4,589,1278,50,50,1,-1,-1,-1
188,5,452,1272,50,50,1,-1,-1,-1
188,6,617,1265,50,50,1,-1,-1,-1
189,1,426,1280,50,50,1,-1,-1,-1
189,2,590,1269,50,50,1,-1,-1,-1
189,3,452,1291,50,50,1,-1,-1,-1
189,4,590,1282,50,50,1,-1,-1,-1
189,5,451,1279,50,50,1,-1,-1,-1
189,6,618,1268,50,50,1,-1,-1,-1
190,1,426,1289,50,50,1,-1,-1,-1
190,2,593,1272,50,50,1,-1,-1,-1
190,3,451,1301,50,50,1,-1,-1,-1
190,4,589,1288,50,50,1,-1,-1,-1
190,5,450,1288,50,50,1,-1,-1,-1
190,6,618,1275,50,50,1,-1,-1,-1
191,1,425,1298,50,50,1,-1,-1,-1
191,2,592,1286,50,50,1,-1,-1,-1
191,3,449,1314,50,50,1,-1,-1,-1
191,4,589,1307,50,50,1,-1,-1,-1
191,5,449,1298,50,50,1,-1,-1,-1
191,6,616,1287,50,50,1,-1,-1,-1
192,1,421,1309,50,50,1,-1,-1,-1
192,2,591,1303,50,50,1,-1,-1,-1
192,3,445,1329,50,50,1,-1,-1,-1
192,4,590,1320,50,50,1,-1,-1,-1
192,5,448,1308,50,50,1,-1,-1,-1
192,6,614,1301,50,50,1,-1,-1,-1
193,1,416,1326,50,50,1,-1,-1,-1
193,2,590,1320,50,50,1,-1,-1,-1
193,3,440,1344,50,50,1,-1,-1,-1
193,4,590,1338,50,50,1,-1,-1,-1
193,5,442,1327,50,50,1,-1,-1,-1
193,6,615,1330,50,50,1,-1,-1,-1
194,1,412,1346,50,50,1,-1,-1,-1
194,2,592,1341,50,50,1,-1,-1,-1
194,3,436,1360,50,50,1,-1,-1,-1
194,4,590,1361,50,50,1,-1,-1,-1
194,5,438,1345,50,50,1,-1,-1,-1
194,6,614,1355,50,50,1,-1,-1,-1
195,1,410,1367,50,50,1,-1,-1,-1
195,2,594,1365,50,50,1,-1,-1,-1
195,3,434,1383,50,50,1,-1,-1,-1
195,4,590,1387,50,50,1,-1,-1,-1
195,5,437,1362,50,50,1,-1,-1,-1
195,6,615,1372,50,50,1,-1,-1,-1
196,1,411,1388,50,50,1,-1,-1,-1
196,2,596,1392,50,50,1,-1,-1,-1
196,3,431,1411,50,50,1,-1,-1,-1
196,4,593,1421,50,50,1,-1,-1,-1
196,5,438,1384,50,50,1,-1,-1,-1
196,6,616,1392,50,50,1,-1,-1,-1
197,1,412,1411,50,50,1,-1,-1,-1
197,2,601,1412,50,50,1,-1,-1,-1
197,3,428,1426,50,50,1,-1,-1,-1
197,4,599,1443,50,50,1,-1,-1,-1
197,5,437,1409,50,50,1,-1,-1,-1
197,6,619,1420,50,50,1,-1,-1,-1
198,1,406,1426,50,50,1,-1,-1,-1
198,2,604,1424,50,50,1,-1,-1,-1
198,3,426,1437,50,50,1,-1,-1,-1
198,4,601,1453,50,50,1,-1,-1,-1
198,5,433,1421,50,50,1,-1,-1,-1
198,6,622,1439,50,50,1,-1,-1,-1
199,1,405,1434,50,50,1,-1,-1,-1
199,2,607,1432,50,50,1,-1,-1,-1
199,3,423,1452,50,50,1,-1,-1,-1
199,4,610,1462,50,50,1,-1,-1,-1
199,5,430,1425,50,50,1,-1,-1,-1
199,6,626,1445,50,50,1,-1,-1,-1
200,1,405,1439,50,50,1,-1,-1,-1
200,2,615,1434,50,50,1,-1,-1,-1
200,3,421,1461,50,50,1,-1,-1,-1
200,4,620,1468,50,50,1,-1,-1,-1
200,5,427,1428,50,50,1,-1,-1,-1
200,6,632,1447,50,50,1,-1,-1,-1
201,1,403,1443,50,50,1,-1,-1,-1
201,2,622,1435,50,50,1,-1,-1,-1
201,3,419,1461,50,50,1,-1,-1,-1
201,4,624,1469,50,50,1,-1,-1,-1
201,5,425,1432,50,50,1,-1,-1,-1
201,6,640,1447,50,50,1,-1,-1,-1
202,1,402,1443,50,50,1,-1,-1,-1
202,2,625,1432,50,50,1,-1,-1,-1
202,3,420,1459,50,50,1,-1,-1,-1
202,4,624,1461,50,50,1,-1,-1,-1
202,5,423,1431,50,50,1,-1,-1,-1
202,6,647,1446,50,50,1,-1,-1,-1
203,1,401,1441,50,50,1,-1,-1,-1
203,2,624,1427,50,50,1,-1,-1,-1
203,3,419,1457,50,50,1,-1,-1,-1
203,4,629,1454,50,50,1,-1,-1,-1
203,5,422,1427,50,50,1,-1,-1,-1
203,6,650,1441,50,50,1,-1,-1,-1
204,1,400,1439,50,50,1,-1,-1,-1
204,2,623,1422,50,50,1,-1,-1,-1
204,3,417,1454,50,50,1,-1,-1,-1
204,4,636,1449,50,50,1,-1,-1,-1
204,5,421,1423,50,50,1,-1,-1,-1
204,6,651,1431,50,50,1,-1,-1,-1
205,1,398,1434,50,50,1,-1,-1,-1
205,2,627,1417,50,50,1,-1,-1,-1
205,3,415,1451,50,50,1,-1,-1,-1
205,4,639,1445,50,50,1,-1,-1,-1
205,5,420,1419,50,50,1,-1,-1,-1
205,6,654,1426,50,50,1,-1,-1,-1
206,1,396,1428,50,50,1,-1,-1,-1
206,2,632,1411,50,50,1,-1,-1,-1
206,3,412,1446,50,50,1,-1,-1,-1
206,4,639,1439,50,50,1,-1,-1,-1
206,5,418,1414,50,50,1,-1,-1,-1
206,6,657,1425,50,50,1,-1,-1,-1
207,1,393,1427,50,50,1,-1,-1,-1
207,2,630,1408,50,50,1,-1,-1,-1
207,3,409,1441,50,50,1,-1,-1,-1
207,4,640,1433,50,50,1,-1,-1,-1
207,5,416,1409,50,50,1,-1,-1,-1
207,6,660,1424,50,50,1,-1,-1,-1
208,1,390,1427,50,50,1,-1,-1,-1
208,2,629,1404,50,50,1,-1,-1,-1
208,3,406,1439,50,50,1,-1,-1,-1
208,4,641,1428,50,50,1,-1,-1,-1
208,5,412,1410,50,50,1,-1,-1,-1
208,6,660,1417,50,50,1,-1,-1,-1
