1,1,488,1424,50,50,1,-1,-1,-1
1,2,586,1251,50,50,1,-1,-1,-1
1,3,457,1413,50,50,1,-1,-1,-1
1,4,588,1276,50,50,1,-1,-1,-1
1,5,482,1401,50,50,1,-1,-1,-1
2,1,490,1405,50,50,1,-1,-1,-1
2,2,588,1245,50,50,1,-1,-1,-1
2,3,465,1392,50,50,1,-1,-1,-1
2,4,594,1270,50,50,1,-1,-1,-1
2,5,486,1380,50,50,1,-1,-1,-1
3,1,495,1366,50,50,1,-1,-1,-1
3,2,590,1250,50,50,1,-1,-1,-1
3,3,472,1362,50,50,1,-1,-1,-1
3,4,596,1268,50,50,1,-1,-1,-1
3,5,490,1354,50,50,1,-1,-1,-1
4,1,500,1325,50,50,1,-1,-1,-1
4,2,592,1260,50,50,1,-1,-1,-1
4,3,476,1325,50,50,1,-1,-1,-1
4,4,598,1272,50,50,1,-1,-1,-1
4,5,494,1319,50,50,1,-1,-1,-1
5,1,505,1274,50,50,1,-1,-1,-1
5,2,594,1272,50,50,1,-1,-1,-1
5,3,480,1283,50,50,1,-1,-1,-1
5,4,598,1279,50,50,1,-1,-1,-1
5,5,498,1281,50,50,1,-1,-1,-1
6,1,510,1223,50,50,1,-1,-1,-1
6,2,592,1284,50,50,1,-1,-1,-1
6,3,483,1232,50,50,1,-1,-1,-1
6,4,598,1286,50,50,1,-1,-1,-1
6,5,500,1250,50,50,1,-1,-1,-1
7,1,514,1172,50,50,1,-1,-1,-1
7,2,588,1297,50,50,1,-1,-1,-1
7,3,488,1197,50,50,1,-1,-1,-1
7,4,598,1294,50,50,1,-1,-1,-1
7,5,501,1224,50,50,1,-1,-1,-1
8,1,518,1126,50,50,1,-1,-1,-1
8,2,584,1313,50,50,1,-1,-1,-1
8,3,493,1166,50,50,1,-1,-1,-1
8,4,596,1308,50,50,1,-1,-1,-1
8,5,506,1195,50,50,1,-1,-1,-1
9,1,522,1086,50,50,1,-1,-1,-1
9,2,582,1333,50,50,1,-1,-1,-1
9,3,498,1149,50,50,1,-1,-1,-1
9,4,586,1323,50,50,1,-1,-1,-1
9,5,509,1174,50,50,1,-1,-1,-1
10,1,526,1050,50,50,1,-1,-1,-1
10,2,581,1353,50,50,1,-1,-1,-1
10,3,500,1145,50,50,1,-1,-1,-1
10,4,579,1341,50,50,1,-1,-1,-1
10,5,506,1166,50,50,1,-1,-1,-1
11,1,530,1017,50,50,1,-1,-1,-1
11,2,579,1377,50,50,1,-1,-1,-1
11,3,497,1142,50,50,1,-1,-1,-1
11,4,575,1362,50,50,1,-1,-1,-1
11,5,503,1168,50,50,1,-1,-1,-1
12,1,535,988,50,50,1,-1,-1,-1
12,2,577,1398,50,50,1,-1,-1,-1
12,3,492,1151,50,50,1,-1,-1,-1
12,4,570,1378,50,50,1,-1,-1,-1
12,5,502,1175,50,50,1,-1,-1,-1
13,1,541,969,50,50,1,-1,-1,-1
13,2,572,1411,50,50,1,-1,-1,-1
13,3,489,1171,50,50,1,-1,-1,-1
13,4,564,1392,50,50,1,-1,-1,-1
13,5,498,1189,50,50,1,-1,-1,-1
14,1,547,956,50,50,1,-1,-1,-1
14,2,567,1419,50,50,1,-1,-1,-1
14,3,483,1198,50,50,1,-1,-1,-1
14,4,559,1400,50,50,1,-1,-1,-1
14,5,491,1215,50,50,1,-1,-1,-1
15,1,551,944,50,50,1,-1,-1,-1
15,2,559,1421,50,50,1,-1,-1,-1
15,3,476,1231,50,50,1,-1,-1,-1
15,4,551,1393,50,50,1,-1,-1,-1
15,5,484,1249,50,50,1,-1,-1,-1
16,1,554,933,50,50,1,-1,-1,-1
16,2,548,1408,50,50,1,-1,-1,-1
16,3,468,1275,50,50,1,-1,-1,-1
16,4,544,1385,50,50,1,-1,-1,-1
16,5,482,1286,50,50,1,-1,-1,-1
17,1,559,928,50,50,1,-1,-1,-1
17,2,535,1383,50,50,1,-1,-1,-1
17,3,460,1324,50,50,1,-1,-1,-1
17,4,534,1359,50,50,1,-1,-1,-1
17,5,475,1317,50,50,1,-1,-1,-1
18,1,565,930,50,50,1,-1,-1,-1
18,2,525,1331,50,50,1,-1,-1,-1
18,3,458,1364,50,50,1,-1,-1,-1
18,4,525,1330,50,50,1,-1,-1,-1
18,5,473,1349,50,50,1,-1,-1,-1
19,1,571,938,50,50,1,-1,-1,-1
19,2,522,1263,50,50,1,-1,-1,-1
19,3,459,1390,50,50,1,-1,-1,-1
19,4,525,1279,50,50,1,-1,-1,-1
19,5,475,1365,50,50,1,-1,-1,-1
20,1,577,948,50,50,1,-1,-1,-1
20,2,522,1194,50,50,1,-1,-1,-1
20,3,461,1386,50,50,1,-1,-1,-1
20,4,527,1228,50,50,1,-1,-1,-1
20,5,476,1370,50,50,1,-1,-1,-1
21,1,582,961,50,50,1,-1,-1,-1
21,2,521,1129,50,50,1,-1,-1,-1
21,3,460,1356,50,50,1,-1,-1,-1
21,4,529,1177,50,50,1,-1,-1,-1
21,5,474,1347,50,50,1,-1,-1,-1
22,1,587,981,50,50,1,-1,-1,-1
22,2,524,1071,50,50,1,-1,-1,-1
22,3,458,1298,50,50,1,-1,-1,-1
22,4,531,1129,50,50,1,-1,-1,-1
22,5,473,1310,50,50,1,-1,-1,-1
23,1,592,1005,50,50,1,-1,-1,-1
23,2,527,1016,50,50,1,-1,-1,-1
23,3,455,1220,50,50,1,-1,-1,-1
23,4,535,1088,50,50,1,-1,-1,-1
23,5,468,1246,50,50,1,-1,-1,-1
24,1,596,1035,50,50,1,-1,-1,-1
24,2,528,968,50,50,1,-1,-1,-1
24,3,456,1142,50,50,1,-1,-1,-1
24,4,538,1051,50,50,1,-1,-1,-1
24,5,458,1197,50,50,1,-1,-1,-1
25,1,601,1066,50,50,1,-1,-1,-1
25,2,530,922,50,50,1,-1,-1,-1
25,3,458,1070,50,50,1,-1,-1,-1
25,4,543,1019,50,50,1,-1,-1,-1
25,5,459,1195,50,50,1,-1,-1,-1
26,1,607,1101,50,50,1,-1,-1,-1
26,2,532,882,50,50,1,-1,-1,-1
26,3,463,998,50,50,1,-1,-1,-1
26,4,546,997,50,50,1,-1,-1,-1
26,5,460,1217,50,50,1,-1,-1,-1
27,1,612,1137,50,50,1,-1,-1,-1
27,2,534,843,50,50,1,-1,-1,-1
27,3,467,931,50,50,1,-1,-1,-1
27,4,549,979,50,50,1,-1,-1,-1
27,5,456,1272,50,50,1,-1,-1,-1
28,1,617,1165,50,50,1,-1,-1,-1
28,2,535,811,50,50,1,-1,-1,-1
28,3,471,865,50,50,1,-1,-1,-1
28,4,553,962,50,50,1,-1,-1,-1
28,5,455,1330,50,50,1,-1,-1,-1
29,1,624,1181,50,50,1,-1,-1,-1
29,2,536,784,50,50,1,-1,-1,-1
29,3,476,808,50,50,1,-1,-1,-1
29,4,557,946,50,50,1,-1,-1,-1
29,5,452,1355,50,50,1,-1,-1,-1
30,1,625,1190,50,50,1,-1,-1,-1
30,2,538,764,50,50,1,-1,-1,-1
30,3,481,755,50,50,1,-1,-1,-1
30,4,562,938,50,50,1,-1,-1,-1
30,5,449,1330,50,50,1,-1,-1,-1
31,1,605,1189,50,50,1,-1,-1,-1
31,2,540,745,50,50,1,-1,-1,-1
31,3,485,707,50,50,1,-1,-1,-1
31,4,567,938,50,50,1,-1,-1,-1
31,5,441,1275,50,50,1,-1,-1,-1
32,1,570,1184,50,50,1,-1,-1,-1
32,2,542,729,50,50,1,-1,-1,-1
32,3,488,662,50,50,1,-1,-1,-1
32,4,570,942,50,50,1,-1,-1,-1
32,5,433,1204,50,50,1,-1,-1,-1
33,1,530,1177,50,50,1,-1,-1,-1
33,2,544,718,50,50,1,-1,-1,-1
33,3,490,622,50,50,1,-1,-1,-1
33,4,574,948,50,50,1,-1,-1,-1
33,5,433,1126,50,50,1,-1,-1,-1
34,1,499,1171,50,50,1,-1,-1,-1
34,2,547,713,50,50,1,-1,-1,-1
34,3,494,586,50,50,1,-1,-1,-1
34,4,576,956,50,50,1,-1,-1,-1
34,5,440,1046,50,50,1,-1,-1,-1
35,1,475,1173,50,50,1,-1,-1,-1
35,2,551,712,50,50,1,-1,-1,-1
35,3,498,552,50,50,1,-1,-1,-1
35,4,580,973,50,50,1,-1,-1,-1
35,5,445,982,50,50,1,-1,-1,-1
36,1,469,1194,50,50,1,-1,-1,-1
36,2,554,717,50,50,1,-1,-1,-1
36,3,503,524,50,50,1,-1,-1,-1
36,4,583,999,50,50,1,-1,-1,-1
36,5,450,920,50,50,1,-1,-1,-1
37,1,463,1233,50,50,1,-1,-1,-1
37,2,557,728,50,50,1,-1,-1,-1
37,3,510,503,50,50,1,-1,-1,-1
37,4,588,1022,50,50,1,-1,-1,-1
37,5,455,861,50,50,1,-1,-1,-1
38,1,453,1284,50,50,1,-1,-1,-1
38,2,560,741,50,50,1,-1,-1,-1
38,3,517,488,50,50,1,-1,-1,-1
38,4,593,1051,50,50,1,-1,-1,-1
38,5,460,804,50,50,1,-1,-1,-1
39,1,448,1330,50,50,1,-1,-1,-1
39,2,562,761,50,50,1,-1,-1,-1
39,3,520,475,50,50,1,-1,-1,-1
39,4,598,1088,50,50,1,-1,-1,-1
39,5,466,757,50,50,1,-1,-1,-1
40,1,439,1349,50,50,1,-1,-1,-1
40,2,563,787,50,50,1,-1,-1,-1
40,3,524,464,50,50,1,-1,-1,-1
40,4,603,1114,50,50,1,-1,-1,-1
40,5,472,710,50,50,1,-1,-1,-1
41,1,426,1332,50,50,1,-1,-1,-1
41,2,565,812,50,50,1,-1,-1,-1
41,3,529,455,50,50,1,-1,-1,-1
41,4,599,1128,50,50,1,-1,-1,-1
41,5,479,668,50,50,1,-1,-1,-1
42,1,410,1270,50,50,1,-1,-1,-1
42,2,568,840,50,50,1,-1,-1,-1
42,3,534,458,50,50,1,-1,-1,-1
42,4,577,1133,50,50,1,-1,-1,-1
42,5,486,628,50,50,1,-1,-1,-1
43,1,399,1195,50,50,1,-1,-1,-1
43,2,572,881,50,50,1,-1,-1,-1
43,3,542,463,50,50,1,-1,-1,-1
43,4,544,1143,50,50,1,-1,-1,-1
43,5,492,594,50,50,1,-1,-1,-1
44,1,414,1116,50,50,1,-1,-1,-1
44,2,577,926,50,50,1,-1,-1,-1
44,3,550,472,50,50,1,-1,-1,-1
44,4,510,1153,50,50,1,-1,-1,-1
44,5,497,568,50,50,1,-1,-1,-1
45,1,421,1039,50,50,1,-1,-1,-1
45,2,579,975,50,50,1,-1,-1,-1
45,3,555,485,50,50,1,-1,-1,-1
45,4,484,1172,50,50,1,-1,-1,-1
45,5,502,545,50,50,1,-1,-1,-1
46,1,428,966,50,50,1,-1,-1,-1
46,2,584,1025,50,50,1,-1,-1,-1
46,3,560,502,50,50,1,-1,-1,-1
46,4,458,1192,50,50,1,-1,-1,-1
46,5,507,526,50,50,1,-1,-1,-1
47,1,436,898,50,50,1,-1,-1,-1
47,2,588,1080,50,50,1,-1,-1,-1
47,3,565,523,50,50,1,-1,-1,-1
47,4,459,1225,50,50,1,-1,-1,-1
47,5,513,510,50,50,1,-1,-1,-1
48,1,444,832,50,50,1,-1,-1,-1
48,2,591,1137,50,50,1,-1,-1,-1
48,3,570,549,50,50,1,-1,-1,-1
48,4,458,1267,50,50,1,-1,-1,-1
48,5,519,495,50,50,1,-1,-1,-1
49,1,453,772,50,50,1,-1,-1,-1
49,2,595,1181,50,50,1,-1,-1,-1
49,3,576,584,50,50,1,-1,-1,-1
49,4,459,1315,50,50,1,-1,-1,-1
49,5,526,492,50,50,1,-1,-1,-1
50,1,462,717,50,50,1,-1,-1,-1
50,2,598,1191,50,50,1,-1,-1,-1
50,3,583,624,50,50,1,-1,-1,-1
50,4,451,1351,50,50,1,-1,-1,-1
50,5,533,490,50,50,1,-1,-1,-1
51,1,471,666,50,50,1,-1,-1,-1
51,2,592,1203,50,50,1,-1,-1,-1
51,3,590,665,50,50,1,-1,-1,-1
51,4,442,1346,50,50,1,-1,-1,-1
51,5,540,491,50,50,1,-1,-1,-1
52,1,479,619,50,50,1,-1,-1,-1
52,2,570,1201,50,50,1,-1,-1,-1
52,3,597,709,50,50,1,-1,-1,-1
52,4,431,1289,50,50,1,-1,-1,-1
52,5,547,497,50,50,1,-1,-1,-1
53,1,486,578,50,50,1,-1,-1,-1
53,2,537,1197,50,50,1,-1,-1,-1
53,3,604,759,50,50,1,-1,-1,-1
53,4,419,1216,50,50,1,-1,-1,-1
53,5,553,508,50,50,1,-1,-1,-1
54,1,494,543,50,50,1,-1,-1,-1
54,2,512,1196,50,50,1,-1,-1,-1
54,3,611,817,50,50,1,-1,-1,-1
54,4,417,1142,50,50,1,-1,-1,-1
54,5,559,521,50,50,1,-1,-1,-1
55,1,503,511,50,50,1,-1,-1,-1
55,2,485,1194,50,50,1,-1,-1,-1
55,3,618,879,50,50,1,-1,-1,-1
55,4,428,1062,50,50,1,-1,-1,-1
55,5,564,539,50,50,1,-1,-1,-1
56,1,512,479,50,50,1,-1,-1,-1
56,2,464,1198,50,50,1,-1,-1,-1
56,3,625,946,50,50,1,-1,-1,-1
56,4,437,989,50,50,1,-1,-1,-1
56,5,571,566,50,50,1,-1,-1,-1
57,1,521,455,50,50,1,-1,-1,-1
57,2,460,1224,50,50,1,-1,-1,-1
57,3,632,1017,50,50,1,-1,-1,-1
57,4,445,920,50,50,1,-1,-1,-1
57,5,579,598,50,50,1,-1,-1,-1
58,1,531,434,50,50,1,-1,-1,-1
58,2,461,1260,50,50,1,-1,-1,-1
58,3,640,1096,50,50,1,-1,-1,-1
58,4,453,858,50,50,1,-1,-1,-1
58,5,586,629,50,50,1,-1,-1,-1
59,1,541,416,50,50,1,-1,-1,-1
59,2,462,1303,50,50,1,-1,-1,-1
59,3,648,1167,50,50,1,-1,-1,-1
59,4,461,799,50,50,1,-1,-1,-1
59,5,593,664,50,50,1,-1,-1,-1
60,1,549,407,50,50,1,-1,-1,-1
60,2,461,1344,50,50,1,-1,-1,-1
60,3,649,1164,50,50,1,-1,-1,-1
60,4,468,742,50,50,1,-1,-1,-1
60,5,600,702,50,50,1,-1,-1,-1
61,1,557,402,50,50,1,-1,-1,-1
61,2,454,1344,50,50,1,-1,-1,-1
61,3,635,1159,50,50,1,-1,-1,-1
61,4,475,690,50,50,1,-1,-1,-1
61,5,607,746,50,50,1,-1,-1,-1
62,1,565,397,50,50,1,-1,-1,-1
62,2,443,1297,50,50,1,-1,-1,-1
62,3,605,1154,50,50,1,-1,-1,-1
62,4,482,647,50,50,1,-1,-1,-1
62,5,613,795,50,50,1,-1,-1,-1
63,1,574,397,50,50,1,-1,-1,-1
63,2,433,1223,50,50,1,-1,-1,-1
63,3,568,1156,50,50,1,-1,-1,-1
63,4,489,609,50,50,1,-1,-1,-1
63,5,621,853,50,50,1,-1,-1,-1
64,1,584,400,50,50,1,-1,-1,-1
64,2,433,1140,50,50,1,-1,-1,-1
64,3,531,1159,50,50,1,-1,-1,-1
64,4,496,572,50,50,1,-1,-1,-1
64,5,629,912,50,50,1,-1,-1,-1
65,1,594,408,50,50,1,-1,-1,-1
65,2,436,1058,50,50,1,-1,-1,-1
65,3,499,1173,50,50,1,-1,-1,-1
65,4,505,536,50,50,1,-1,-1,-1
65,5,637,973,50,50,1,-1,-1,-1
66,1,605,423,50,50,1,-1,-1,-1
66,2,442,980,50,50,1,-1,-1,-1
66,3,478,1187,50,50,1,-1,-1,-1
66,4,514,508,50,50,1,-1,-1,-1
66,5,646,1038,50,50,1,-1,-1,-1
67,1,616,443,50,50,1,-1,-1,-1
67,2,451,906,50,50,1,-1,-1,-1
67,3,469,1207,50,50,1,-1,-1,-1
67,4,523,485,50,50,1,-1,-1,-1
67,5,655,1112,50,50,1,-1,-1,-1
68,1,626,469,50,50,1,-1,-1,-1
68,2,460,835,50,50,1,-1,-1,-1
68,3,475,1248,50,50,1,-1,-1,-1
68,4,532,465,50,50,1,-1,-1,-1
68,5,659,1177,50,50,1,-1,-1,-1
69,1,632,497,50,50,1,-1,-1,-1
69,2,465,775,50,50,1,-1,-1,-1
69,3,474,1294,50,50,1,-1,-1,-1
69,4,540,453,50,50,1,-1,-1,-1
69,5,667,1191,50,50,1,-1,-1,-1
70,1,642,527,50,50,1,-1,-1,-1
70,2,470,716,50,50,1,-1,-1,-1
70,3,472,1332,50,50,1,-1,-1,-1
70,4,548,447,50,50,1,-1,-1,-1
70,5,667,1199,50,50,1,-1,-1,-1
71,1,653,562,50,50,1,-1,-1,-1
71,2,476,660,50,50,1,-1,-1,-1
71,3,464,1344,50,50,1,-1,-1,-1
71,4,556,442,50,50,1,-1,-1,-1
71,5,661,1206,50,50,1,-1,-1,-1
72,1,664,604,50,50,1,-1,-1,-1
72,2,482,610,50,50,1,-1,-1,-1
72,3,461,1308,50,50,1,-1,-1,-1
72,4,564,439,50,50,1,-1,-1,-1
72,5,647,1203,50,50,1,-1,-1,-1
73,1,674,651,50,50,1,-1,-1,-1
73,2,488,565,50,50,1,-1,-1,-1
73,3,451,1247,50,50,1,-1,-1,-1
73,4,573,443,50,50,1,-1,-1,-1
73,5,619,1193,50,50,1,-1,-1,-1
74,1,684,700,50,50,1,-1,-1,-1
74,2,494,524,50,50,1,-1,-1,-1
74,3,452,1172,50,50,1,-1,-1,-1
74,4,582,449,50,50,1,-1,-1,-1
74,5,581,1185,50,50,1,-1,-1,-1
75,1,695,755,50,50,1,-1,-1,-1
75,2,501,487,50,50,1,-1,-1,-1
75,3,456,1092,50,50,1,-1,-1,-1
75,4,591,458,50,50,1,-1,-1,-1
75,5,543,1181,50,50,1,-1,-1,-1
76,1,707,812,50,50,1,-1,-1,-1
76,2,507,455,50,50,1,-1,-1,-1
76,3,465,1016,50,50,1,-1,-1,-1
76,4,599,474,50,50,1,-1,-1,-1
76,5,515,1189,50,50,1,-1,-1,-1
77,1,720,879,50,50,1,-1,-1,-1
77,2,514,428,50,50,1,-1,-1,-1
77,3,476,945,50,50,1,-1,-1,-1
77,4,607,499,50,50,1,-1,-1,-1
77,5,504,1203,50,50,1,-1,-1,-1
78,1,732,949,50,50,1,-1,-1,-1
78,2,521,406,50,50,1,-1,-1,-1
78,3,482,880,50,50,1,-1,-1,-1
78,4,616,523,50,50,1,-1,-1,-1
78,5,504,1229,50,50,1,-1,-1,-1
79,1,744,1019,50,50,1,-1,-1,-1
79,2,527,387,50,50,1,-1,-1,-1
79,3,488,819,50,50,1,-1,-1,-1
79,4,625,551,50,50,1,-1,-1,-1
79,5,503,1266,50,50,1,-1,-1,-1
80,1,755,1096,50,50,1,-1,-1,-1
80,2,534,372,50,50,1,-1,-1,-1
80,3,494,763,50,50,1,-1,-1,-1
80,4,634,583,50,50,1,-1,-1,-1
80,5,505,1311,50,50,1,-1,-1,-1
81,1,764,1148,50,50,1,-1,-1,-1
81,2,541,360,50,50,1,-1,-1,-1
81,3,500,709,50,50,1,-1,-1,-1
81,4,644,620,50,50,1,-1,-1,-1
81,5,501,1334,50,50,1,-1,-1,-1
82,1,745,1148,50,50,1,-1,-1,-1
82,2,546,356,50,50,1,-1,-1,-1
82,3,507,660,50,50,1,-1,-1,-1
82,4,654,662,50,50,1,-1,-1,-1
82,5,493,1358,50,50,1,-1,-1,-1
83,1,724,1151,50,50,1,-1,-1,-1
83,2,552,353,50,50,1,-1,-1,-1
83,3,514,615,50,50,1,-1,-1,-1
83,4,663,709,50,50,1,-1,-1,-1
83,5,486,1340,50,50,1,-1,-1,-1
84,1,692,1153,50,50,1,-1,-1,-1
84,2,559,355,50,50,1,-1,-1,-1
84,3,521,575,50,50,1,-1,-1,-1
84,4,670,754,50,50,1,-1,-1,-1
84,5,479,1285,50,50,1,-1,-1,-1
85,1,651,1157,50,50,1,-1,-1,-1
85,2,566,364,50,50,1,-1,-1,-1
85,3,528,539,50,50,1,-1,-1,-1
85,4,681,805,50,50,1,-1,-1,-1
85,5,473,1209,50,50,1,-1,-1,-1
86,1,611,1166,50,50,1,-1,-1,-1
86,2,575,371,50,50,1,-1,-1,-1
86,3,535,509,50,50,1,-1,-1,-1
86,4,690,864,50,50,1,-1,-1,-1
86,5,479,1129,50,50,1,-1,-1,-1
87,1,575,1181,50,50,1,-1,-1,-1
87,2,581,389,50,50,1,-1,-1,-1
87,3,542,482,50,50,1,-1,-1,-1
87,4,699,930,50,50,1,-1,-1,-1
87,5,484,1050,50,50,1,-1,-1,-1
88,1,542,1200,50,50,1,-1,-1,-1
88,2,587,404,50,50,1,-1,-1,-1
88,3,549,460,50,50,1,-1,-1,-1
88,4,708,996,50,50,1,-1,-1,-1
88,5,491,981,50,50,1,-1,-1,-1
89,1,524,1225,50,50,1,-1,-1,-1
89,2,594,428,50,50,1,-1,-1,-1
89,3,557,445,50,50,1,-1,-1,-1
89,4,718,1066,50,50,1,-1,-1,-1
89,5,499,917,50,50,1,-1,-1,-1
90,1,517,1262,50,50,1,-1,-1,-1
90,2,603,459,50,50,1,-1,-1,-1
90,3,566,432,50,50,1,-1,-1,-1
90,4,732,1135,50,50,1,-1,-1,-1
90,5,507,854,50,50,1,-1,-1,-1
91,1,522,1307,50,50,1,-1,-1,-1
91,2,610,489,50,50,1,-1,-1,-1
91,3,574,422,50,50,1,-1,-1,-1
91,4,742,1165,50,50,1,-1,-1,-1
91,5,515,792,50,50,1,-1,-1,-1
92,1,509,1342,50,50,1,-1,-1,-1
92,2,616,524,50,50,1,-1,-1,-1
92,3,583,419,50,50,1,-1,-1,-1
92,4,748,1172,50,50,1,-1,-1,-1
92,5,522,741,50,50,1,-1,-1,-1
93,1,502,1342,50,50,1,-1,-1,-1
93,2,623,565,50,50,1,-1,-1,-1
93,3,591,420,50,50,1,-1,-1,-1
93,4,739,1180,50,50,1,-1,-1,-1
93,5,528,694,50,50,1,-1,-1,-1
94,1,493,1312,50,50,1,-1,-1,-1
94,2,632,609,50,50,1,-1,-1,-1
94,3,598,425,50,50,1,-1,-1,-1
94,4,714,1179,50,50,1,-1,-1,-1
94,5,535,652,50,50,1,-1,-1,-1
95,1,489,1242,50,50,1,-1,-1,-1
95,2,641,658,50,50,1,-1,-1,-1
95,3,605,431,50,50,1,-1,-1,-1
95,4,670,1171,50,50,1,-1,-1,-1
95,5,543,611,50,50,1,-1,-1,-1
96,1,484,1164,50,50,1,-1,-1,-1
96,2,650,709,50,50,1,-1,-1,-1
96,3,612,448,50,50,1,-1,-1,-1
96,4,617,1171,50,50,1,-1,-1,-1
96,5,551,574,50,50,1,-1,-1,-1
97,1,487,1087,50,50,1,-1,-1,-1
97,2,659,768,50,50,1,-1,-1,-1
97,3,621,465,50,50,1,-1,-1,-1
97,4,565,1180,50,50,1,-1,-1,-1
97,5,559,541,50,50,1,-1,-1,-1
98,1,492,1014,50,50,1,-1,-1,-1
98,2,666,830,50,50,1,-1,-1,-1
98,3,630,486,50,50,1,-1,-1,-1
98,4,525,1193,50,50,1,-1,-1,-1
98,5,566,518,50,50,1,-1,-1,-1
99,1,498,944,50,50,1,-1,-1,-1
99,2,673,898,50,50,1,-1,-1,-1
99,3,639,513,50,50,1,-1,-1,-1
99,4,520,1214,50,50,1,-1,-1,-1
99,5,572,501,50,50,1,-1,-1,-1
100,1,504,877,50,50,1,-1,-1,-1
100,2,681,970,50,50,1,-1,-1,-1
100,3,648,543,50,50,1,-1,-1,-1
100,4,517,1252,50,50,1,-1,-1,-1
100,5,580,484,50,50,1,-1,-1,-1
101,1,509,818,50,50,1,-1,-1,-1
101,2,690,1045,50,50,1,-1,-1,-1
101,3,657,577,50,50,1,-1,-1,-1
101,4,513,1290,50,50,1,-1,-1,-1
101,5,588,469,50,50,1,-1,-1,-1
102,1,513,764,50,50,1,-1,-1,-1
102,2,698,1118,50,50,1,-1,-1,-1
102,3,665,619,50,50,1,-1,-1,-1
102,4,510,1330,50,50,1,-1,-1,-1
102,5,596,456,50,50,1,-1,-1,-1
103,1,516,712,50,50,1,-1,-1,-1
103,2,705,1145,50,50,1,-1,-1,-1
103,3,673,665,50,50,1,-1,-1,-1
103,4,503,1350,50,50,1,-1,-1,-1
103,5,603,451,50,50,1,-1,-1,-1
104,1,520,663,50,50,1,-1,-1,-1
104,2,697,1147,50,50,1,-1,-1,-1
104,3,683,717,50,50,1,-1,-1,-1
104,4,500,1329,50,50,1,-1,-1,-1
104,5,611,453,50,50,1,-1,-1,-1
105,1,526,619,50,50,1,-1,-1,-1
105,2,667,1148,50,50,1,-1,-1,-1
105,3,692,762,50,50,1,-1,-1,-1
105,4,493,1271,50,50,1,-1,-1,-1
105,5,620,459,50,50,1,-1,-1,-1
106,1,532,584,50,50,1,-1,-1,-1
106,2,624,1154,50,50,1,-1,-1,-1
106,3,701,821,50,50,1,-1,-1,-1
106,4,485,1198,50,50,1,-1,-1,-1
106,5,629,467,50,50,1,-1,-1,-1
107,1,538,552,50,50,1,-1,-1,-1
107,2,583,1165,50,50,1,-1,-1,-1
107,3,710,887,50,50,1,-1,-1,-1
107,4,484,1124,50,50,1,-1,-1,-1
107,5,637,478,50,50,1,-1,-1,-1
108,1,544,523,50,50,1,-1,-1,-1
108,2,551,1184,50,50,1,-1,-1,-1
108,3,719,953,50,50,1,-1,-1,-1
108,4,484,1049,50,50,1,-1,-1,-1
108,5,645,495,50,50,1,-1,-1,-1
109,1,549,498,50,50,1,-1,-1,-1
109,2,529,1204,50,50,1,-1,-1,-1
109,3,728,1023,50,50,1,-1,-1,-1
109,4,485,980,50,50,1,-1,-1,-1
109,5,653,516,50,50,1,-1,-1,-1
110,1,554,478,50,50,1,-1,-1,-1
110,2,523,1235,50,50,1,-1,-1,-1
110,3,739,1099,50,50,1,-1,-1,-1
110,4,489,912,50,50,1,-1,-1,-1
110,5,660,538,50,50,1,-1,-1,-1
111,1,559,462,50,50,1,-1,-1,-1
111,2,521,1279,50,50,1,-1,-1,-1
111,3,749,1167,50,50,1,-1,-1,-1
111,4,492,850,50,50,1,-1,-1,-1
111,5,668,566,50,50,1,-1,-1,-1
112,1,564,451,50,50,1,-1,-1,-1
112,2,512,1318,50,50,1,-1,-1,-1
112,3,751,1187,50,50,1,-1,-1,-1
112,4,495,794,50,50,1,-1,-1,-1
112,5,676,596,50,50,1,-1,-1,-1
113,1,571,445,50,50,1,-1,-1,-1
113,2,506,1352,50,50,1,-1,-1,-1
113,3,738,1184,50,50,1,-1,-1,-1
113,4,498,742,50,50,1,-1,-1,-1
113,5,684,632,50,50,1,-1,-1,-1
114,1,578,442,50,50,1,-1,-1,-1
114,2,493,1329,50,50,1,-1,-1,-1
114,3,710,1180,50,50,1,-1,-1,-1
114,4,501,693,50,50,1,-1,-1,-1
114,5,693,676,50,50,1,-1,-1,-1
115,1,585,444,50,50,1,-1,-1,-1
115,2,489,1276,50,50,1,-1,-1,-1
115,3,678,1180,50,50,1,-1,-1,-1
115,4,504,649,50,50,1,-1,-1,-1
115,5,702,722,50,50,1,-1,-1,-1
116,1,591,451,50,50,1,-1,-1,-1
116,2,488,1210,50,50,1,-1,-1,-1
116,3,642,1187,50,50,1,-1,-1,-1
116,4,506,612,50,50,1,-1,-1,-1
116,5,711,774,50,50,1,-1,-1,-1
117,1,597,460,50,50,1,-1,-1,-1
117,2,489,1137,50,50,1,-1,-1,-1
117,3,595,1194,50,50,1,-1,-1,-1
117,4,508,580,50,50,1,-1,-1,-1
117,5,721,825,50,50,1,-1,-1,-1
118,1,603,472,50,50,1,-1,-1,-1
118,2,492,1065,50,50,1,-1,-1,-1
118,3,557,1208,50,50,1,-1,-1,-1
118,4,511,550,50,50,1,-1,-1,-1
118,5,731,880,50,50,1,-1,-1,-1
119,1,608,487,50,50,1,-1,-1,-1
119,2,499,994,50,50,1,-1,-1,-1
119,3,530,1223,50,50,1,-1,-1,-1
119,4,514,524,50,50,1,-1,-1,-1
119,5,738,941,50,50,1,-1,-1,-1
120,1,614,511,50,50,1,-1,-1,-1
120,2,505,925,50,50,1,-1,-1,-1
120,3,522,1251,50,50,1,-1,-1,-1
120,4,517,501,50,50,1,-1,-1,-1
120,5,746,1008,50,50,1,-1,-1,-1
121,1,620,541,50,50,1,-1,-1,-1
121,2,509,866,50,50,1,-1,-1,-1
121,3,522,1297,50,50,1,-1,-1,-1
121,4,520,483,50,50,1,-1,-1,-1
121,5,755,1077,50,50,1,-1,-1,-1
122,1,627,573,50,50,1,-1,-1,-1
122,2,513,813,50,50,1,-1,-1,-1
122,3,515,1337,50,50,1,-1,-1,-1
122,4,523,472,50,50,1,-1,-1,-1
122,5,766,1145,50,50,1,-1,-1,-1
123,1,634,609,50,50,1,-1,-1,-1
123,2,518,767,50,50,1,-1,-1,-1
123,3,501,1362,50,50,1,-1,-1,-1
123,4,526,464,50,50,1,-1,-1,-1
123,5,751,1149,50,50,1,-1,-1,-1
124,1,640,648,50,50,1,-1,-1,-1
124,2,524,719,50,50,1,-1,-1,-1
124,3,494,1347,50,50,1,-1,-1,-1
124,4,530,459,50,50,1,-1,-1,-1
124,5,734,1155,50,50,1,-1,-1,-1
125,1,646,690,50,50,1,-1,-1,-1
125,2,529,677,50,50,1,-1,-1,-1
125,3,487,1310,50,50,1,-1,-1,-1
125,4,536,460,50,50,1,-1,-1,-1
125,5,708,1160,50,50,1,-1,-1,-1
126,1,652,737,50,50,1,-1,-1,-1
126,2,533,643,50,50,1,-1,-1,-1
126,3,480,1243,50,50,1,-1,-1,-1
126,4,540,469,50,50,1,-1,-1,-1
126,5,676,1162,50,50,1,-1,-1,-1
127,1,659,790,50,50,1,-1,-1,-1
127,2,537,610,50,50,1,-1,-1,-1
127,3,480,1166,50,50,1,-1,-1,-1
127,4,544,479,50,50,1,-1,-1,-1
127,5,635,1165,50,50,1,-1,-1,-1
128,1,667,847,50,50,1,-1,-1,-1
128,2,541,582,50,50,1,-1,-1,-1
128,3,483,1095,50,50,1,-1,-1,-1
128,4,547,494,50,50,1,-1,-1,-1
128,5,594,1172,50,50,1,-1,-1,-1
129,1,675,909,50,50,1,-1,-1,-1
129,2,546,558,50,50,1,-1,-1,-1
129,3,486,1019,50,50,1,-1,-1,-1
129,4,550,510,50,50,1,-1,-1,-1
129,5,557,1185,50,50,1,-1,-1,-1
130,1,679,976,50,50,1,-1,-1,-1
130,2,551,537,50,50,1,-1,-1,-1
130,3,490,949,50,50,1,-1,-1,-1
130,4,554,533,50,50,1,-1,-1,-1
130,5,525,1211,50,50,1,-1,-1,-1
131,1,685,1046,50,50,1,-1,-1,-1
131,2,558,522,50,50,1,-1,-1,-1
131,3,494,888,50,50,1,-1,-1,-1
131,4,558,559,50,50,1,-1,-1,-1
131,5,511,1243,50,50,1,-1,-1,-1
132,1,693,1117,50,50,1,-1,-1,-1
132,2,565,513,50,50,1,-1,-1,-1
132,3,498,829,50,50,1,-1,-1,-1
132,4,562,589,50,50,1,-1,-1,-1
132,5,505,1287,50,50,1,-1,-1,-1
133,1,694,1150,50,50,1,-1,-1,-1
133,2,572,510,50,50,1,-1,-1,-1
133,3,502,774,50,50,1,-1,-1,-1
133,4,566,622,50,50,1,-1,-1,-1
133,5,498,1333,50,50,1,-1,-1,-1
134,1,692,1153,50,50,1,-1,-1,-1
134,2,578,510,50,50,1,-1,-1,-1
134,3,506,724,50,50,1,-1,-1,-1
134,4,569,662,50,50,1,-1,-1,-1
134,5,486,1348,50,50,1,-1,-1,-1
135,1,673,1157,50,50,1,-1,-1,-1
135,2,583,513,50,50,1,-1,-1,-1
135,3,510,678,50,50,1,-1,-1,-1
135,4,571,707,50,50,1,-1,-1,-1
135,5,471,1328,50,50,1,-1,-1,-1
136,1,638,1162,50,50,1,-1,-1,-1
136,2,590,523,50,50,1,-1,-1,-1
136,3,514,634,50,50,1,-1,-1,-1
136,4,575,758,50,50,1,-1,-1,-1
136,5,462,1263,50,50,1,-1,-1,-1
137,1,592,1173,50,50,1,-1,-1,-1
137,2,597,535,50,50,1,-1,-1,-1
137,3,518,594,50,50,1,-1,-1,-1
137,4,580,810,50,50,1,-1,-1,-1
137,5,458,1189,50,50,1,-1,-1,-1
138,1,551,1189,50,50,1,-1,-1,-1
138,2,604,550,50,50,1,-1,-1,-1
138,3,523,558,50,50,1,-1,-1,-1
138,4,585,867,50,50,1,-1,-1,-1
138,5,456,1109,50,50,1,-1,-1,-1
139,1,520,1204,50,50,1,-1,-1,-1
139,2,609,569,50,50,1,-1,-1,-1
139,3,527,533,50,50,1,-1,-1,-1
139,4,588,933,50,50,1,-1,-1,-1
139,5,460,1030,50,50,1,-1,-1,-1
140,1,502,1226,50,50,1,-1,-1,-1
140,2,614,595,50,50,1,-1,-1,-1
140,3,532,512,50,50,1,-1,-1,-1
140,4,594,1000,50,50,1,-1,-1,-1
140,5,464,953,50,50,1,-1,-1,-1
141,1,492,1269,50,50,1,-1,-1,-1
141,2,620,627,50,50,1,-1,-1,-1
141,3,538,492,50,50,1,-1,-1,-1
141,4,601,1072,50,50,1,-1,-1,-1
141,5,467,880,50,50,1,-1,-1,-1
142,1,485,1310,50,50,1,-1,-1,-1
142,2,627,665,50,50,1,-1,-1,-1
142,3,544,478,50,50,1,-1,-1,-1
142,4,607,1141,50,50,1,-1,-1,-1
142,5,474,815,50,50,1,-1,-1,-1
143,1,477,1343,50,50,1,-1,-1,-1
143,2,634,703,50,50,1,-1,-1,-1
143,3,550,465,50,50,1,-1,-1,-1
143,4,611,1178,50,50,1,-1,-1,-1
143,5,479,756,50,50,1,-1,-1,-1
144,1,468,1354,50,50,1,-1,-1,-1
144,2,641,745,50,50,1,-1,-1,-1
144,3,555,459,50,50,1,-1,-1,-1
144,4,611,1194,50,50,1,-1,-1,-1
144,5,483,701,50,50,1,-1,-1,-1
145,1,452,1323,50,50,1,-1,-1,-1
145,2,647,793,50,50,1,-1,-1,-1
145,3,560,456,50,50,1,-1,-1,-1
145,4,608,1193,50,50,1,-1,-1,-1
145,5,487,648,50,50,1,-1,-1,-1
146,1,442,1264,50,50,1,-1,-1,-1
146,2,653,842,50,50,1,-1,-1,-1
146,3,564,459,50,50,1,-1,-1,-1
146,4,581,1182,50,50,1,-1,-1,-1
146,5,491,599,50,50,1,-1,-1,-1
147,1,437,1186,50,50,1,-1,-1,-1
147,2,660,894,50,50,1,-1,-1,-1
147,3,569,465,50,50,1,-1,-1,-1
147,4,547,1175,50,50,1,-1,-1,-1
147,5,495,552,50,50,1,-1,-1,-1
148,1,439,1106,50,50,1,-1,-1,-1
148,2,669,953,50,50,1,-1,-1,-1
148,3,573,476,50,50,1,-1,-1,-1
148,4,514,1173,50,50,1,-1,-1,-1
148,5,499,512,50,50,1,-1,-1,-1
149,1,443,1029,50,50,1,-1,-1,-1
149,2,677,1019,50,50,1,-1,-1,-1
149,3,580,493,50,50,1,-1,-1,-1
149,4,488,1175,50,50,1,-1,-1,-1
149,5,502,479,50,50,1,-1,-1,-1
150,1,448,959,50,50,1,-1,-1,-1
150,2,685,1091,50,50,1,-1,-1,-1
150,3,588,513,50,50,1,-1,-1,-1
150,4,476,1184,50,50,1,-1,-1,-1
150,5,505,451,50,50,1,-1,-1,-1
151,1,453,891,50,50,1,-1,-1,-1
151,2,691,1162,50,50,1,-1,-1,-1
151,3,593,536,50,50,1,-1,-1,-1
151,4,472,1216,50,50,1,-1,-1,-1
151,5,511,426,50,50,1,-1,-1,-1
152,1,458,823,50,50,1,-1,-1,-1
152,2,702,1197,50,50,1,-1,-1,-1
152,3,598,562,50,50,1,-1,-1,-1
152,4,468,1261,50,50,1,-1,-1,-1
152,5,517,402,50,50,1,-1,-1,-1
153,1,461,768,50,50,1,-1,-1,-1
153,2,710,1210,50,50,1,-1,-1,-1
153,3,604,597,50,50,1,-1,-1,-1
153,4,463,1312,50,50,1,-1,-1,-1
153,5,520,384,50,50,1,-1,-1,-1
154,1,464,714,50,50,1,-1,-1,-1
154,2,700,1213,50,50,1,-1,-1,-1
154,3,611,639,50,50,1,-1,-1,-1
154,4,464,1343,50,50,1,-1,-1,-1
154,5,523,372,50,50,1,-1,-1,-1
155,1,470,661,50,50,1,-1,-1,-1
155,2,676,1207,50,50,1,-1,-1,-1
155,3,618,683,50,50,1,-1,-1,-1
155,4,458,1333,50,50,1,-1,-1,-1
155,5,527,363,50,50,1,-1,-1,-1
156,1,475,613,50,50,1,-1,-1,-1
156,2,642,1203,50,50,1,-1,-1,-1
156,3,624,730,50,50,1,-1,-1,-1
156,4,449,1285,50,50,1,-1,-1,-1
156,5,533,361,50,50,1,-1,-1,-1
157,1,480,572,50,50,1,-1,-1,-1
157,2,595,1197,50,50,1,-1,-1,-1
157,3,627,781,50,50,1,-1,-1,-1
157,4,443,1206,50,50,1,-1,-1,-1
157,5,539,359,50,50,1,-1,-1,-1
158,1,485,535,50,50,1,-1,-1,-1
158,2,550,1190,50,50,1,-1,-1,-1
158,3,638,838,50,50,1,-1,-1,-1
158,4,446,1124,50,50,1,-1,-1,-1
158,5,545,360,50,50,1,-1,-1,-1
159,1,489,503,50,50,1,-1,-1,-1
159,2,509,1188,50,50,1,-1,-1,-1
159,3,647,902,50,50,1,-1,-1,-1
159,4,452,1050,50,50,1,-1,-1,-1
159,5,551,368,50,50,1,-1,-1,-1
160,1,493,475,50,50,1,-1,-1,-1
160,2,483,1194,50,50,1,-1,-1,-1
160,3,653,970,50,50,1,-1,-1,-1
160,4,458,981,50,50,1,-1,-1,-1
160,5,555,382,50,50,1,-1,-1,-1
161,1,498,451,50,50,1,-1,-1,-1
161,2,477,1216,50,50,1,-1,-1,-1
161,3,659,1039,50,50,1,-1,-1,-1
161,4,464,914,50,50,1,-1,-1,-1
161,5,561,401,50,50,1,-1,-1,-1
162,1,504,430,50,50,1,-1,-1,-1
162,2,474,1255,50,50,1,-1,-1,-1
162,3,667,1112,50,50,1,-1,-1,-1
162,4,470,849,50,50,1,-1,-1,-1
162,5,567,424,50,50,1,-1,-1,-1
163,1,510,414,50,50,1,-1,-1,-1
163,2,471,1298,50,50,1,-1,-1,-1
163,3,675,1179,50,50,1,-1,-1,-1
163,4,477,788,50,50,1,-1,-1,-1
163,5,573,451,50,50,1,-1,-1,-1
164,1,516,400,50,50,1,-1,-1,-1
164,2,468,1340,50,50,1,-1,-1,-1
164,3,680,1186,50,50,1,-1,-1,-1
164,4,483,734,50,50,1,-1,-1,-1
164,5,579,482,50,50,1,-1,-1,-1
165,1,521,395,50,50,1,-1,-1,-1
165,2,457,1346,50,50,1,-1,-1,-1
165,3,672,1190,50,50,1,-1,-1,-1
165,4,489,686,50,50,1,-1,-1,-1
165,5,585,520,50,50,1,-1,-1,-1
166,1,526,395,50,50,1,-1,-1,-1
166,2,443,1307,50,50,1,-1,-1,-1
166,3,646,1187,50,50,1,-1,-1,-1
166,4,495,641,50,50,1,-1,-1,-1
166,5,591,561,50,50,1,-1,-1,-1
167,1,531,397,50,50,1,-1,-1,-1
167,2,432,1241,50,50,1,-1,-1,-1
167,3,601,1186,50,50,1,-1,-1,-1
167,4,501,601,50,50,1,-1,-1,-1
167,5,597,607,50,50,1,-1,-1,-1
168,1,537,403,50,50,1,-1,-1,-1
168,2,433,1156,50,50,1,-1,-1,-1
168,3,553,1180,50,50,1,-1,-1,-1
168,4,507,564,50,50,1,-1,-1,-1
168,5,604,658,50,50,1,-1,-1,-1
169,1,544,413,50,50,1,-1,-1,-1
169,2,433,1072,50,50,1,-1,-1,-1
169,3,514,1181,50,50,1,-1,-1,-1
169,4,513,529,50,50,1,-1,-1,-1
169,5,611,713,50,50,1,-1,-1,-1
170,1,549,429,50,50,1,-1,-1,-1
170,2,438,1002,50,50,1,-1,-1,-1
170,3,480,1187,50,50,1,-1,-1,-1
170,4,520,499,50,50,1,-1,-1,-1
170,5,617,776,50,50,1,-1,-1,-1
171,1,557,449,50,50,1,-1,-1,-1
171,2,443,935,50,50,1,-1,-1,-1
171,3,471,1197,50,50,1,-1,-1,-1
171,4,527,475,50,50,1,-1,-1,-1
171,5,623,842,50,50,1,-1,-1,-1
172,1,564,476,50,50,1,-1,-1,-1
172,2,448,868,50,50,1,-1,-1,-1
172,3,467,1212,50,50,1,-1,-1,-1
172,4,534,455,50,50,1,-1,-1,-1
172,5,630,914,50,50,1,-1,-1,-1
173,1,569,508,50,50,1,-1,-1,-1
173,2,452,806,50,50,1,-1,-1,-1
173,3,458,1234,50,50,1,-1,-1,-1
173,4,541,442,50,50,1,-1,-1,-1
173,5,638,990,50,50,1,-1,-1,-1
174,1,577,540,50,50,1,-1,-1,-1
174,2,456,753,50,50,1,-1,-1,-1
174,3,451,1241,50,50,1,-1,-1,-1
174,4,548,433,50,50,1,-1,-1,-1
174,5,645,1070,50,50,1,-1,-1,-1
175,1,582,580,50,50,1,-1,-1,-1
175,2,461,702,50,50,1,-1,-1,-1
175,3,445,1242,50,50,1,-1,-1,-1
175,4,555,428,50,50,1,-1,-1,-1
175,5,647,1120,50,50,1,-1,-1,-1
176,1,589,626,50,50,1,-1,-1,-1
176,2,466,651,50,50,1,-1,-1,-1
176,3,438,1238,50,50,1,-1,-1,-1
176,4,562,426,50,50,1,-1,-1,-1
176,5,627,1131,50,50,1,-1,-1,-1
177,1,596,677,50,50,1,-1,-1,-1
177,2,471,605,50,50,1,-1,-1,-1
177,3,436,1225,50,50,1,-1,-1,-1
177,4,569,427,50,50,1,-1,-1,-1
177,5,587,1144,50,50,1,-1,-1,-1
178,1,604,737,50,50,1,-1,-1,-1
178,2,476,565,50,50,1,-1,-1,-1
178,3,433,1213,50,50,1,-1,-1,-1
178,4,576,435,50,50,1,-1,-1,-1
178,5,554,1163,50,50,1,-1,-1,-1
179,1,612,798,50,50,1,-1,-1,-1
179,2,481,527,50,50,1,-1,-1,-1
179,3,434,1205,50,50,1,-1,-1,-1
179,4,584,447,50,50,1,-1,-1,-1
179,5,514,1181,50,50,1,-1,-1,-1
180,1,620,859,50,50,1,-1,-1,-1
180,2,485,499,50,50,1,-1,-1,-1
180,3,438,1200,50,50,1,-1,-1,-1
180,4,593,463,50,50,1,-1,-1,-1
180,5,483,1203,50,50,1,-1,-1,-1
181,1,626,931,50,50,1,-1,-1,-1
181,2,489,478,50,50,1,-1,-1,-1
181,3,443,1196,50,50,1,-1,-1,-1
181,4,601,485,50,50,1,-1,-1,-1
181,5,466,1216,50,50,1,-1,-1,-1
182,1,633,1008,50,50,1,-1,-1,-1
182,2,493,457,50,50,1,-1,-1,-1
182,3,449,1199,50,50,1,-1,-1,-1
182,4,609,513,50,50,1,-1,-1,-1
182,5,473,1211,50,50,1,-1,-1,-1
183,1,640,1086,50,50,1,-1,-1,-1
183,2,498,438,50,50,1,-1,-1,-1
183,3,452,1205,50,50,1,-1,-1,-1
183,4,616,542,50,50,1,-1,-1,-1
183,5,478,1210,50,50,1,-1,-1,-1
184,1,647,1158,50,50,1,-1,-1,-1
184,2,504,424,50,50,1,-1,-1,-1
184,3,462,1208,50,50,1,-1,-1,-1
184,4,623,574,50,50,1,-1,-1,-1
184,5,485,1216,50,50,1,-1,-1,-1
185,1,651,1181,50,50,1,-1,-1,-1
185,2,511,417,50,50,1,-1,-1,-1
185,3,470,1212,50,50,1,-1,-1,-1
185,4,630,613,50,50,1,-1,-1,-1
185,5,491,1225,50,50,1,-1,-1,-1
186,1,643,1184,50,50,1,-1,-1,-1
186,2,518,413,50,50,1,-1,-1,-1
186,3,475,1217,50,50,1,-1,-1,-1
186,4,638,656,50,50,1,-1,-1,-1
186,5,495,1234,50,50,1,-1,-1,-1
187,1,638,1180,50,50,1,-1,-1,-1
187,2,524,414,50,50,1,-1,-1,-1
187,3,477,1225,50,50,1,-1,-1,-1
187,4,647,707,50,50,1,-1,-1,-1
187,5,497,1243,50,50,1,-1,-1,-1
188,1,639,1179,50,50,1,-1,-1,-1
188,2,530,417,50,50,1,-1,-1,-1
188,3,478,1238,50,50,1,-1,-1,-1
188,4,656,765,50,50,1,-1,-1,-1
188,5,499,1253,50,50,1,-1,-1,-1
189,1,649,1179,50,50,1,-1,-1,-1
189,2,535,428,50,50,1,-1,-1,-1
189,3,477,1249,50,50,1,-1,-1,-1
189,4,665,826,50,50,1,-1,-1,-1
189,5,497,1262,50,50,1,-1,-1,-1
190,1,655,1178,50,50,1,-1,-1,-1
190,2,540,445,50,50,1,-1,-1,-1
190,3,475,1255,50,50,1,-1,-1,-1
190,4,674,891,50,50,1,-1,-1,-1
190,5,494,1268,50,50,1,-1,-1,-1
191,1,662,1174,50,50,1,-1,-1,-1
191,2,546,465,50,50,1,-1,-1,-1
191,3,471,1260,50,50,1,-1,-1,-1
191,4,683,958,50,50,1,-1,-1,-1
191,5,493,1273,50,50,1,-1,-1,-1
192,1,675,1169,50,50,1,-1,-1,-1
192,2,552,487,50,50,1,-1,-1,-1
192,3,468,1266,50,50,1,-1,-1,-1
192,4,692,1029,50,50,1,-1,-1,-1
192,5,490,1277,50,50,1,-1,-1,-1
193,1,689,1161,50,50,1,-1,-1,-1
193,2,556,514,50,50,1,-1,-1,-1
193,3,465,1269,50,50,1,-1,-1,-1
193,4,702,1106,50,50,1,-1,-1,-1
193,5,486,1278,50,50,1,-1,-1,-1
194,1,690,1162,50,50,1,-1,-1,-1
194,2,563,547,50,50,1,-1,-1,-1
194,3,462,1269,50,50,1,-1,-1,-1
194,4,711,1139,50,50,1,-1,-1,-1
194,5,483,1279,50,50,1,-1,-1,-1
195,1,693,1168,50,50,1,-1,-1,-1
195,2,572,585,50,50,1,-1,-1,-1
195,3,459,1268,50,50,1,-1,-1,-1
195,4,712,1153,50,50,1,-1,-1,-1
195,5,481,1280,50,50,1,-1,-1,-1
196,1,690,1179,50,50,1,-1,-1,-1
196,2,577,629,50,50,1,-1,-1,-1
196,3,457,1267,50,50,1,-1,-1,-1
196,4,707,1158,50,50,1,-1,-1,-1
196,5,479,1280,50,50,1,-1,-1,-1
197,1,682,1188,50,50,1,-1,-1,-1
197,2,582,676,50,50,1,-1,-1,-1
197,3,456,1266,50,50,1,-1,-1,-1
197,4,700,1166,50,50,1,-1,-1,-1
197,5,478,1278,50,50,1,-1,-1,-1
198,1,671,1193,50,50,1,-1,-1,-1
198,2,588,728,50,50,1,-1,-1,-1
198,3,458,1266,50,50,1,-1,-1,-1
198,4,694,1178,50,50,1,-1,-1,-1
198,5,478,1276,50,50,1,-1,-1,-1
199,1,664,1197,50,50,1,-1,-1,-1
199,2,599,785,50,50,1,-1,-1,-1
199,3,460,1267,50,50,1,-1,-1,-1
199,4,687,1186,50,50,1,-1,-1,-1
199,5,479,1275,50,50,1,-1,-1,-1
200,1,660,1200,50,50,1,-1,-1,-1
200,2,608,849,50,50,1,-1,-1,-1
200,3,462,1268,50,50,1,-1,-1,-1
200,4,686,1191,50,50,1,-1,-1,-1
200,5,480,1276,50,50,1,-1,-1,-1
201,1,656,1204,50,50,1,-1,-1,-1
201,2,614,920,50,50,1,-1,-1,-1
201,3,463,1270,50,50,1,-1,-1,-1
201,4,684,1197,50,50,1,-1,-1,-1
201,5,481,1277,50,50,1,-1,-1,-1
202,1,652,1209,50,50,1,-1,-1,-1
202,2,621,992,50,50,1,-1,-1,-1
202,3,461,1269,50,50,1,-1,-1,-1
202,4,680,1203,50,50,1,-1,-1,-1
202,5,482,1278,50,50,1,-1,-1,-1
203,1,648,1214,50,50,1,-1,-1,-1
203,2,628,1066,50,50,1,-1,-1,-1
203,3,460,1269,50,50,1,-1,-1,-1
203,4,677,1209,50,50,1,-1,-1,-1
203,5,483,1279,50,50,1,-1,-1,-1
204,1,645,1219,50,50,1,-1,-1,-1
204,2,636,1141,50,50,1,-1,-1,-1
204,3,459,1267,50,50,1,-1,-1,-1
204,4,671,1211,50,50,1,-1,-1,-1
204,5,486,1276,50,50,1,-1,-1,-1
205,1,642,1224,50,50,1,-1,-1,-1
205,2,653,1206,50,50,1,-1,-1,-1
205,3,458,1265,50,50,1,-1,-1,-1
205,4,664,1214,50,50,1,-1,-1,-1
205,5,486,1273,50,50,1,-1,-1,-1
206,1,638,1230,50,50,1,-1,-1,-1
206,2,652,1230,50,50,1,-1,-1,-1
206,3,458,1266,50,50,1,-1,-1,-1
206,4,656,1223,50,50,1,-1,-1,-1
206,5,486,1271,50,50,1,-1,-1,-1
207,1,636,1238,50,50,1,-1,-1,-1
207,2,647,1233,50,50,1,-1,-1,-1
207,3,458,1267,50,50,1,-1,-1,-1
207,4,648,1228,50,50,1,-1,-1,-1
207,5,485,1272,50,50,1,-1,-1,-1
208,1,632,1242,50,50,1,-1,-1,-1
208,2,640,1235,50,50,1,-1,-1,-1
208,3,457,1269,50,50,1,-1,-1,-1
208,4,643,1232,50,50,1,-1,-1,-1
208,5,483,1274,50,50,1,-1,-1,-1
209,1,630,1245,50,50,1,-1,-1,-1
209,2,637,1239,50,50,1,-1,-1,-1
209,3,456,1272,50,50,1,-1,-1,-1
209,4,638,1236,50,50,1,-1,-1,-1
209,5,480,1277,50,50,1,-1,-1,-1
210,1,627,1249,50,50,1,-1,-1,-1
210,2,634,1243,50,50,1,-1,-1,-1
210,3,455,1270,50,50,1,-1,-1,-1
210,4,633,1242,50,50,1,-1,-1,-1
210,5,477,1279,50,50,1,-1,-1,-1
211,1,625,1255,50,50,1,-1,-1,-1
211,2,633,1251,50,50,1,-1,-1,-1
211,3,450,1271,50,50,1,-1,-1,-1
211,4,636,1253,50,50,1,-1,-1,-1
211,5,474,1280,50,50,1,-1,-1,-1
212,1,627,1264,50,50,1,-1,-1,-1
212,2,636,1258,50,50,1,-1,-1,-1
212,3,447,1274,50,50,1,-1,-1,-1
212,4,641,1259,50,50,1,-1,-1,-1
212,5,473,1281,50,50,1,-1,-1,-1
213,1,629,1267,50,50,1,-1,-1,-1
213,2,640,1262,50,50,1,-1,-1,-1
213,3,449,1274,50,50,1,-1,-1,-1
213,4,646,1264,50,50,1,-1,-1,-1
213,5,472,1280,50,50,1,-1,-1,-1
214,1,631,1270,50,50,1,-1,-1,-1
214,2,644,1268,50,50,1,-1,-1,-1
214,3,444,1274,50,50,1,-1,-1,-1
214,4,650,1270,50,50,1,-1,-1,-1
214,5,471,1278,50,50,1,-1,-1,-1
215,1,633,1273,50,50,1,-1,-1,-1
215,2,647,1272,50,50,1,-1,-1,-1
215,3,445,1272,50,50,1,-1,-1,-1
215,4,652,1272,50,50,1,-1,-1,-1
215,5,470,1277,50,50,1,-1,-1,-1
216,1,635,1276,50,50,1,-1,-1,-1
216,2,650,1275,50,50,1,-1,-1,-1
216,3,444,1273,50,50,1,-1,-1,-1
216,4,654,1273,50,50,1,-1,-1,-1
216,5,471,1277,50,50,1,-1,-1,-1
217,1,636,1278,50,50,1,-1,-1,-1
217,2,652,1273,50,50,1,-1,-1,-1
217,3,445,1274,50,50,1,-1,-1,-1
217,4,654,1273,50,50,1,-1,-1,-1
217,5,472,1277,50,50,1,-1,-1,-1
218,1,638,1277,50,50,1,-1,-1,-1
218,2,653,1271,50,50,1,-1,-1,-1
218,3,445,1275,50,50,1,-1,-1,-1
218,4,655,1272,50,50,1,-1,-1,-1
218,5,471,1277,50,50,1,-1,-1,-1
219,1,640,1275,50,50,1,-1,-1,-1
219,2,653,1270,50,50,1,-1,-1,-1
219,3,444,1276,50,50,1,-1,-1,-1
219,4,656,1269,50,50,1,-1,-1,-1
219,5,470,1278,50,50,1,-1,-1,-1
220,1,639,1273,50,50,1,-1,-1,-1
220,2,653,1265,50,50,1,-1,-1,-1
220,3,443,1277,50,50,1,-1,-1,-1
220,4,657,1266,50,50,1,-1,-1,-1
220,5,469,1279,50,50,1,-1,-1,-1
221,1,638,1271,50,50,1,-1,-1,-1
221,2,653,1262,50,50,1,-1,-1,-1
221,3,444,1278,50,50,1,-1,-1,-1
221,4,656,1266,50,50,1,-1,-1,-1
221,5,468,1280,50,50,1,-1,-1,-1
222,1,640,1268,50,50,1,-1,-1,-1
222,2,655,1261,50,50,1,-1,-1,-1
222,3,445,1279,50,50,1,-1,-1,-1
222,4,657,1261,50,50,1,-1,-1,-1
222,5,467,1281,50,50,1,-1,-1,-1
223,1,641,1265,50,50,1,-1,-1,-1
223,2,657,1259,50,50,1,-1,-1,-1
223,3,446,1279,50,50,1,-1,-1,-1
223,4,658,1255,50,50,1,-1,-1,-1
223,5,467,1281,50,50,1,-1,-1,-1
224,1,642,1262,50,50,1,-1,-1,-1
224,2,656,1256,50,50,1,-1,-1,-1
224,3,445,1274,50,50,1,-1,-1,-1
224,4,658,1253,50,50,1,-1,-1,-1
224,5,468,1278,50,50,1,-1,-1,-1
225,1,644,1260,50,50,1,-1,-1,-1
225,2,657,1254,50,50,1,-1,-1,-1
225,3,446,1275,50,50,1,-1,-1,-1
225,4,659,1253,50,50,1,-1,-1,-1
225,5,468,1277,50,50,1,-1,-1,-1
