1,1,896,659,50,50,1,-1,-1,-1
1,2,933,401,50,50,1,-1,-1,-1
1,3,961,269,50,50,1,-1,-1,-1
1,4,1014,550,50,50,1,-1,-1,-1
1,5,894,341,50,50,1,-1,-1,-1
2,1,898,627,50,50,1,-1,-1,-1
2,2,929,373,50,50,1,-1,-1,-1
2,3,966,259,50,50,1,-1,-1,-1
2,4,1012,566,50,50,1,-1,-1,-1
2,5,890,352,50,50,1,-1,-1,-1
3,1,902,590,50,50,1,-1,-1,-1
3,2,926,346,50,50,1,-1,-1,-1
3,3,971,259,50,50,1,-1,-1,-1
3,4,1004,592,50,50,1,-1,-1,-1
3,5,887,379,50,50,1,-1,-1,-1
4,1,908,546,50,50,1,-1,-1,-1
4,2,922,325,50,50,1,-1,-1,-1
4,3,975,261,50,50,1,-1,-1,-1
4,4,995,616,50,50,1,-1,-1,-1
4,5,883,410,50,50,1,-1,-1,-1
5,1,913,507,50,50,1,-1,-1,-1
5,2,919,309,50,50,1,-1,-1,-1
5,3,979,266,50,50,1,-1,-1,-1
5,4,984,642,50,50,1,-1,-1,-1
5,5,879,441,50,50,1,-1,-1,-1
6,1,918,469,50,50,1,-1,-1,-1
6,2,917,296,50,50,1,-1,-1,-1
6,3,984,274,50,50,1,-1,-1,-1
6,4,974,660,50,50,1,-1,-1,-1
6,5,876,475,50,50,1,-1,-1,-1
7,1,923,434,50,50,1,-1,-1,-1
7,2,915,286,50,50,1,-1,-1,-1
7,3,989,286,50,50,1,-1,-1,-1
7,4,970,659,50,50,1,-1,-1,-1
7,5,875,511,50,50,1,-1,-1,-1
8,1,928,404,50,50,1,-1,-1,-1
8,2,913,277,50,50,1,-1,-1,-1
8,3,994,303,50,50,1,-1,-1,-1
8,4,968,644,50,50,1,-1,-1,-1
8,5,871,546,50,50,1,-1,-1,-1
9,1,932,379,50,50,1,-1,-1,-1
9,2,909,271,50,50,1,-1,-1,-1
9,3,999,320,50,50,1,-1,-1,-1
9,4,966,616,50,50,1,-1,-1,-1
9,5,869,572,50,50,1,-1,-1,-1
10,1,937,355,50,50,1,-1,-1,-1
10,2,905,270,50,50,1,-1,-1,-1
10,3,1004,339,50,50,1,-1,-1,-1
10,4,965,575,50,50,1,-1,-1,-1
10,5,869,596,50,50,1,-1,-1,-1
11,1,942,333,50,50,1,-1,-1,-1
11,2,900,273,50,50,1,-1,-1,-1
11,3,1008,361,50,50,1,-1,-1,-1
11,4,961,533,50,50,1,-1,-1,-1
11,5,871,623,50,50,1,-1,-1,-1
12,1,946,315,50,50,1,-1,-1,-1
12,2,896,280,50,50,1,-1,-1,-1
12,3,1012,389,50,50,1,-1,-1,-1
12,4,957,495,50,50,1,-1,-1,-1
12,5,877,648,50,50,1,-1,-1,-1
13,1,951,301,50,50,1,-1,-1,-1
13,2,893,290,50,50,1,-1,-1,-1
13,3,1016,420,50,50,1,-1,-1,-1
13,4,952,457,50,50,1,-1,-1,-1
13,5,885,667,50,50,1,-1,-1,-1
14,1,955,291,50,50,1,-1,-1,-1
14,2,891,303,50,50,1,-1,-1,-1
14,3,1021,454,50,50,1,-1,-1,-1
14,4,948,423,50,50,1,-1,-1,-1
14,5,890,668,50,50,1,-1,-1,-1
15,1,959,282,50,50,1,-1,-1,-1
15,2,889,319,50,50,1,-1,-1,-1
15,3,1026,491,50,50,1,-1,-1,-1
15,4,943,390,50,50,1,-1,-1,-1
15,5,898,657,50,50,1,-1,-1,-1
16,1,964,276,50,50,1,-1,-1,-1
16,2,886,338,50,50,1,-1,-1,-1
16,3,1030,528,50,50,1,-1,-1,-1
16,4,938,362,50,50,1,-1,-1,-1
16,5,904,633,50,50,1,-1,-1,-1
17,1,970,274,50,50,1,-1,-1,-1
17,2,882,359,50,50,1,-1,-1,-1
17,3,1032,553,50,50,1,-1,-1,-1
17,4,933,334,50,50,1,-1,-1,-1
17,5,912,593,50,50,1,-1,-1,-1
18,1,977,275,50,50,1,-1,-1,-1
18,2,878,384,50,50,1,-1,-1,-1
18,3,1024,575,50,50,1,-1,-1,-1
18,4,929,312,50,50,1,-1,-1,-1
18,5,917,553,50,50,1,-1,-1,-1
19,1,982,281,50,50,1,-1,-1,-1
19,2,875,414,50,50,1,-1,-1,-1
19,3,1012,598,50,50,1,-1,-1,-1
19,4,924,295,50,50,1,-1,-1,-1
19,5,922,516,50,50,1,-1,-1,-1
20,1,986,291,50,50,1,-1,-1,-1
20,2,873,447,50,50,1,-1,-1,-1
20,3,994,624,50,50,1,-1,-1,-1
20,4,918,280,50,50,1,-1,-1,-1
20,5,927,478,50,50,1,-1,-1,-1
21,1,990,303,50,50,1,-1,-1,-1
21,2,871,482,50,50,1,-1,-1,-1
21,3,980,644,50,50,1,-1,-1,-1
21,4,913,268,50,50,1,-1,-1,-1
21,5,932,443,50,50,1,-1,-1,-1
22,1,994,317,50,50,1,-1,-1,-1
22,2,869,519,50,50,1,-1,-1,-1
22,3,973,650,50,50,1,-1,-1,-1
22,4,908,258,50,50,1,-1,-1,-1
22,5,937,413,50,50,1,-1,-1,-1
23,1,998,332,50,50,1,-1,-1,-1
23,2,864,557,50,50,1,-1,-1,-1
23,3,969,638,50,50,1,-1,-1,-1
23,4,903,252,50,50,1,-1,-1,-1
23,5,942,385,50,50,1,-1,-1,-1
24,1,1002,351,50,50,1,-1,-1,-1
24,2,862,587,50,50,1,-1,-1,-1
24,3,967,613,50,50,1,-1,-1,-1
24,4,898,250,50,50,1,-1,-1,-1
24,5,947,359,50,50,1,-1,-1,-1
25,1,1006,373,50,50,1,-1,-1,-1
25,2,863,612,50,50,1,-1,-1,-1
25,3,965,588,50,50,1,-1,-1,-1
25,4,892,251,50,50,1,-1,-1,-1
25,5,952,337,50,50,1,-1,-1,-1
26,1,1010,398,50,50,1,-1,-1,-1
26,2,870,636,50,50,1,-1,-1,-1
26,3,960,540,50,50,1,-1,-1,-1
26,4,887,256,50,50,1,-1,-1,-1
26,5,956,320,50,50,1,-1,-1,-1
27,1,1014,429,50,50,1,-1,-1,-1
27,2,877,658,50,50,1,-1,-1,-1
27,3,953,498,50,50,1,-1,-1,-1
27,4,883,262,50,50,1,-1,-1,-1
27,5,961,306,50,50,1,-1,-1,-1
28,1,1018,460,50,50,1,-1,-1,-1
28,2,881,672,50,50,1,-1,-1,-1
28,3,949,460,50,50,1,-1,-1,-1
28,4,879,273,50,50,1,-1,-1,-1
28,5,966,294,50,50,1,-1,-1,-1
29,1,1022,495,50,50,1,-1,-1,-1
29,2,886,673,50,50,1,-1,-1,-1
29,3,945,429,50,50,1,-1,-1,-1
29,4,874,286,50,50,1,-1,-1,-1
29,5,971,284,50,50,1,-1,-1,-1
30,1,1026,532,50,50,1,-1,-1,-1
30,2,891,661,50,50,1,-1,-1,-1
30,3,941,400,50,50,1,-1,-1,-1
30,4,870,303,50,50,1,-1,-1,-1
30,5,977,278,50,50,1,-1,-1,-1
31,1,1028,554,50,50,1,-1,-1,-1
31,2,897,636,50,50,1,-1,-1,-1
31,3,937,372,50,50,1,-1,-1,-1
31,4,865,324,50,50,1,-1,-1,-1
31,5,982,277,50,50,1,-1,-1,-1
32,1,1026,575,50,50,1,-1,-1,-1
32,2,902,596,50,50,1,-1,-1,-1
32,3,932,348,50,50,1,-1,-1,-1
32,4,860,349,50,50,1,-1,-1,-1
32,5,987,279,50,50,1,-1,-1,-1
