37,1,627,1114,50,50,1,-1,-1,-1
38,1,627,1114,50,50,1,-1,-1,-1
39,1,627,1114,50,50,1,-1,-1,-1
40,1,627,1114,50,50,1,-1,-1,-1
41,1,627,1114,50,50,1,-1,-1,-1
42,1,627,1114,50,50,1,-1,-1,-1
43,1,617,843,50,50,1,-1,-1,-1
44,1,618,807,50,50,1,-1,-1,-1
45,1,617,780,50,50,1,-1,-1,-1
46,1,618,758,50,50,1,-1,-1,-1
47,1,619,741,50,50,1,-1,-1,-1
48,1,620,731,50,50,1,-1,-1,-1
49,1,624,725,50,50,1,-1,-1,-1
50,1,626,724,50,50,1,-1,-1,-1
51,1,629,729,50,50,1,-1,-1,-1
52,1,634,739,50,50,1,-1,-1,-1
53,1,635,755,50,50,1,-1,-1,-1
54,1,640,779,50,50,1,-1,-1,-1
55,1,644,807,50,50,1,-1,-1,-1
56,1,650,841,50,50,1,-1,-1,-1
57,2,471,1189,50,50,1,-1,-1,-1
58,1,658,955,50,50,1,-1,-1,-1
59,1,658,955,50,50,1,-1,-1,-1
60,2,480,1173,50,50,1,-1,-1,-1
61,1,490,1167,50,50,1,-1,-1,-1
62,1,674,1010,50,50,1,-1,-1,-1
63,1,672,1018,50,50,1,-1,-1,-1
64,1,670,1024,50,50,1,-1,-1,-1
64,2,507,795,50,50,1,-1,-1,-1
65,1,671,1032,50,50,1,-1,-1,-1
65,2,499,808,50,50,1,-1,-1,-1
66,1,670,1041,50,50,1,-1,-1,-1
66,2,495,823,50,50,1,-1,-1,-1
67,1,671,1047,50,50,1,-1,-1,-1
68,1,672,1050,50,50,1,-1,-1,-1
68,2,464,1032,50,50,1,-1,-1,-1
69,1,674,1053,50,50,1,-1,-1,-1
70,1,678,1055,50,50,1,-1,-1,-1
70,2,482,989,50,50,1,-1,-1,-1
71,1,681,1057,50,50,1,-1,-1,-1
72,1,684,1059,50,50,1,-1,-1,-1
72,2,466,1046,50,50,1,-1,-1,-1
73,1,686,1060,50,50,1,-1,-1,-1
73,2,539,667,50,50,1,-1,-1,-1
74,1,688,1061,50,50,1,-1,-1,-1
74,2,533,635,50,50,1,-1,-1,-1
75,1,689,1062,50,50,1,-1,-1,-1
75,2,527,612,50,50,1,-1,-1,-1
76,1,690,1062,50,50,1,-1,-1,-1
76,2,521,596,50,50,1,-1,-1,-1
77,1,693,1064,50,50,1,-1,-1,-1
77,2,516,586,50,50,1,-1,-1,-1
78,1,695,1065,50,50,1,-1,-1,-1
78,2,513,580,50,50,1,-1,-1,-1
79,1,697,1064,50,50,1,-1,-1,-1
79,2,510,580,50,50,1,-1,-1,-1
80,1,697,1064,50,50,1,-1,-1,-1
80,2,508,585,50,50,1,-1,-1,-1
81,1,698,1064,50,50,1,-1,-1,-1
81,2,506,597,50,50,1,-1,-1,-1
82,1,697,1064,50,50,1,-1,-1,-1
82,2,498,616,50,50,1,-1,-1,-1
83,1,697,1066,50,50,1,-1,-1,-1
83,2,499,637,50,50,1,-1,-1,-1
84,1,695,1068,50,50,1,-1,-1,-1
84,2,499,668,50,50,1,-1,-1,-1
85,1,693,1072,50,50,1,-1,-1,-1
85,2,498,703,50,50,1,-1,-1,-1
86,1,689,1076,50,50,1,-1,-1,-1
86,2,494,745,50,50,1,-1,-1,-1
87,1,684,1084,50,50,1,-1,-1,-1
87,3,532,951,50,50,1,-1,-1,-1
88,1,681,1095,50,50,1,-1,-1,-1
89,1,681,1095,50,50,1,-1,-1,-1
90,3,488,970,50,50,1,-1,-1,-1
91,3,484,982,50,50,1,-1,-1,-1
92,3,484,982,50,50,1,-1,-1,-1
93,3,484,982,50,50,1,-1,-1,-1
94,3,484,982,50,50,1,-1,-1,-1
95,3,484,982,50,50,1,-1,-1,-1
96,3,487,1052,50,50,1,-1,-1,-1
97,3,487,1052,50,50,1,-1,-1,-1
98,1,595,1064,50,50,1,-1,-1,-1
98,3,483,1073,50,50,1,-1,-1,-1
99,3,479,1084,50,50,1,-1,-1,-1
100,1,589,954,50,50,1,-1,-1,-1
101,1,639,817,50,50,1,-1,-1,-1
102,1,639,817,50,50,1,-1,-1,-1
103,1,639,817,50,50,1,-1,-1,-1
104,1,576,688,50,50,1,-1,-1,-1
104,3,477,1108,50,50,1,-1,-1,-1
105,1,576,647,50,50,1,-1,-1,-1
105,3,678,980,50,50,1,-1,-1,-1
106,1,578,609,50,50,1,-1,-1,-1
106,2,681,999,50,50,1,-1,-1,-1
107,1,578,576,50,50,1,-1,-1,-1
107,2,681,1021,50,50,1,-1,-1,-1
108,1,579,549,50,50,1,-1,-1,-1
108,2,678,1044,50,50,1,-1,-1,-1
109,1,582,529,50,50,1,-1,-1,-1
109,2,671,1072,50,50,1,-1,-1,-1
110,1,585,515,50,50,1,-1,-1,-1
110,2,659,1099,50,50,1,-1,-1,-1
111,1,588,506,50,50,1,-1,-1,-1
112,1,588,503,50,50,1,-1,-1,-1
113,1,593,505,50,50,1,-1,-1,-1
114,1,597,512,50,50,1,-1,-1,-1
115,1,601,525,50,50,1,-1,-1,-1
116,1,606,545,50,50,1,-1,-1,-1
117,1,610,571,50,50,1,-1,-1,-1
118,1,616,602,50,50,1,-1,-1,-1
119,1,621,641,50,50,1,-1,-1,-1
119,2,560,972,50,50,1,-1,-1,-1
120,1,627,684,50,50,1,-1,-1,-1
120,2,563,937,50,50,1,-1,-1,-1
121,1,634,734,50,50,1,-1,-1,-1
121,2,520,846,50,50,1,-1,-1,-1
122,1,640,789,50,50,1,-1,-1,-1
122,2,619,940,50,50,1,-1,-1,-1
123,1,643,902,50,50,1,-1,-1,-1
124,1,654,931,50,50,1,-1,-1,-1
124,2,494,726,50,50,1,-1,-1,-1
125,1,654,931,50,50,1,-1,-1,-1
125,2,494,726,50,50,1,-1,-1,-1
126,1,479,684,50,50,1,-1,-1,-1
126,2,482,1178,50,50,1,-1,-1,-1
127,1,462,659,50,50,1,-1,-1,-1
128,1,462,659,50,50,1,-1,-1,-1
129,1,454,656,50,50,1,-1,-1,-1
130,1,439,668,50,50,1,-1,-1,-1
131,1,440,668,50,50,1,-1,-1,-1
132,1,432,681,50,50,1,-1,-1,-1
133,1,420,727,50,50,1,-1,-1,-1
134,1,416,758,50,50,1,-1,-1,-1
135,1,416,758,50,50,1,-1,-1,-1
136,1,405,840,50,50,1,-1,-1,-1
137,1,664,1084,50,50,1,-1,-1,-1
138,1,664,1084,50,50,1,-1,-1,-1
139,1,673,1089,50,50,1,-1,-1,-1
140,1,675,1090,50,50,1,-1,-1,-1
141,1,676,1094,50,50,1,-1,-1,-1
142,1,677,1097,50,50,1,-1,-1,-1
143,1,678,1099,50,50,1,-1,-1,-1
144,1,679,1101,50,50,1,-1,-1,-1
145,1,680,1103,50,50,1,-1,-1,-1
146,1,680,1105,50,50,1,-1,-1,-1
147,1,680,1106,50,50,1,-1,-1,-1
148,1,679,1107,50,50,1,-1,-1,-1
149,1,679,1106,50,50,1,-1,-1,-1
150,1,514,1043,50,50,1,-1,-1,-1
151,1,517,995,50,50,1,-1,-1,-1
152,1,440,662,50,50,1,-1,-1,-1
153,1,439,712,50,50,1,-1,-1,-1
154,1,439,766,50,50,1,-1,-1,-1
155,1,439,766,50,50,1,-1,-1,-1
156,1,445,914,50,50,1,-1,-1,-1
157,1,551,735,50,50,1,-1,-1,-1
158,1,554,711,50,50,1,-1,-1,-1
159,1,557,700,50,50,1,-1,-1,-1
160,1,560,695,50,50,1,-1,-1,-1
161,1,564,694,50,50,1,-1,-1,-1
162,1,569,695,50,50,1,-1,-1,-1
163,1,577,705,50,50,1,-1,-1,-1
164,1,585,720,50,50,1,-1,-1,-1
165,1,593,742,50,50,1,-1,-1,-1
166,1,599,770,50,50,1,-1,-1,-1
167,1,603,805,50,50,1,-1,-1,-1
168,1,606,839,50,50,1,-1,-1,-1
169,1,606,839,50,50,1,-1,-1,-1
170,1,622,954,50,50,1,-1,-1,-1
171,1,632,976,50,50,1,-1,-1,-1
172,1,638,1000,50,50,1,-1,-1,-1
173,1,641,1027,50,50,1,-1,-1,-1
174,1,637,1055,50,50,1,-1,-1,-1
175,1,633,1082,50,50,1,-1,-1,-1
176,1,535,570,50,50,1,-1,-1,-1
177,1,537,558,50,50,1,-1,-1,-1
178,1,537,551,50,50,1,-1,-1,-1
179,1,537,550,50,50,1,-1,-1,-1
180,1,539,553,50,50,1,-1,-1,-1
181,1,539,564,50,50,1,-1,-1,-1
182,1,544,579,50,50,1,-1,-1,-1
183,1,546,601,50,50,1,-1,-1,-1
184,1,549,627,50,50,1,-1,-1,-1
185,1,552,661,50,50,1,-1,-1,-1
186,1,556,695,50,50,1,-1,-1,-1
187,1,564,743,50,50,1,-1,-1,-1
188,1,488,824,50,50,1,-1,-1,-1
189,1,577,942,50,50,1,-1,-1,-1
190,1,588,938,50,50,1,-1,-1,-1
191,1,473,741,50,50,1,-1,-1,-1
192,1,473,741,50,50,1,-1,-1,-1
193,1,461,714,50,50,1,-1,-1,-1
194,1,455,709,50,50,1,-1,-1,-1
195,1,451,709,50,50,1,-1,-1,-1
196,1,447,715,50,50,1,-1,-1,-1
197,1,443,724,50,50,1,-1,-1,-1
198,1,438,743,50,50,1,-1,-1,-1
199,1,433,765,50,50,1,-1,-1,-1
200,1,431,795,50,50,1,-1,-1,-1
201,1,427,831,50,50,1,-1,-1,-1
202,1,656,1077,50,50,1,-1,-1,-1
203,1,661,1084,50,50,1,-1,-1,-1
204,1,667,1090,50,50,1,-1,-1,-1
205,1,672,1092,50,50,1,-1,-1,-1
206,1,431,1040,50,50,1,-1,-1,-1
207,1,440,1066,50,50,1,-1,-1,-1
208,1,454,1094,50,50,1,-1,-1,-1
209,1,482,524,50,50,1,-1,-1,-1
210,1,480,519,50,50,1,-1,-1,-1
211,1,477,518,50,50,1,-1,-1,-1
212,1,477,523,50,50,1,-1,-1,-1
213,1,475,533,50,50,1,-1,-1,-1
214,1,472,551,50,50,1,-1,-1,-1
215,1,470,577,50,50,1,-1,-1,-1
216,1,471,607,50,50,1,-1,-1,-1
217,1,471,643,50,50,1,-1,-1,-1
218,1,472,686,50,50,1,-1,-1,-1
219,1,472,734,50,50,1,-1,-1,-1
220,1,472,791,50,50,1,-1,-1,-1
221,1,484,885,50,50,1,-1,-1,-1
222,1,479,914,50,50,1,-1,-1,-1
223,1,475,938,50,50,1,-1,-1,-1
224,1,472,958,50,50,1,-1,-1,-1
225,1,469,975,50,50,1,-1,-1,-1
226,1,593,613,50,50,1,-1,-1,-1
227,1,597,609,50,50,1,-1,-1,-1
228,1,602,610,50,50,1,-1,-1,-1
229,1,608,614,50,50,1,-1,-1,-1
230,1,615,627,50,50,1,-1,-1,-1
231,1,623,645,50,50,1,-1,-1,-1
232,1,630,669,50,50,1,-1,-1,-1
233,1,639,698,50,50,1,-1,-1,-1
234,1,646,734,50,50,1,-1,-1,-1
235,1,654,774,50,50,1,-1,-1,-1
236,1,663,820,50,50,1,-1,-1,-1
237,1,660,910,50,50,1,-1,-1,-1
238,1,677,937,50,50,1,-1,-1,-1
239,1,692,964,50,50,1,-1,-1,-1
240,1,693,992,50,50,1,-1,-1,-1
241,1,691,1020,50,50,1,-1,-1,-1
242,1,681,1053,50,50,1,-1,-1,-1
243,1,583,555,50,50,1,-1,-1,-1
244,1,586,543,50,50,1,-1,-1,-1
245,1,588,538,50,50,1,-1,-1,-1
246,1,590,537,50,50,1,-1,-1,-1
247,1,595,542,50,50,1,-1,-1,-1
248,1,600,552,50,50,1,-1,-1,-1
249,1,604,569,50,50,1,-1,-1,-1
250,1,609,593,50,50,1,-1,-1,-1
251,1,614,621,50,50,1,-1,-1,-1
252,1,618,656,50,50,1,-1,-1,-1
253,1,625,697,50,50,1,-1,-1,-1
254,1,631,741,50,50,1,-1,-1,-1
255,1,636,792,50,50,1,-1,-1,-1
256,1,645,849,50,50,1,-1,-1,-1
257,1,659,936,50,50,1,-1,-1,-1
258,1,668,963,50,50,1,-1,-1,-1
259,1,670,979,50,50,1,-1,-1,-1
260,1,668,988,50,50,1,-1,-1,-1
261,1,665,995,50,50,1,-1,-1,-1
262,1,661,1005,50,50,1,-1,-1,-1
263,1,656,1013,50,50,1,-1,-1,-1
264,1,654,1023,50,50,1,-1,-1,-1
265,1,653,1031,50,50,1,-1,-1,-1
266,1,653,1038,50,50,1,-1,-1,-1
267,1,655,1042,50,50,1,-1,-1,-1
268,1,657,1047,50,50,1,-1,-1,-1
269,1,661,1052,50,50,1,-1,-1,-1
270,1,664,1058,50,50,1,-1,-1,-1
271,1,428,1037,50,50,1,-1,-1,-1
272,1,426,1062,50,50,1,-1,-1,-1
273,1,430,1090,50,50,1,-1,-1,-1
274,1,431,1117,50,50,1,-1,-1,-1
275,1,678,1084,50,50,1,-1,-1,-1
276,1,457,531,50,50,1,-1,-1,-1
277,1,452,527,50,50,1,-1,-1,-1
278,1,448,527,50,50,1,-1,-1,-1
279,1,446,533,50,50,1,-1,-1,-1
280,1,440,544,50,50,1,-1,-1,-1
281,1,435,562,50,50,1,-1,-1,-1
282,1,431,585,50,50,1,-1,-1,-1
283,1,430,613,50,50,1,-1,-1,-1
284,1,427,648,50,50,1,-1,-1,-1
285,1,426,688,50,50,1,-1,-1,-1
286,1,425,734,50,50,1,-1,-1,-1
287,1,423,786,50,50,1,-1,-1,-1
288,1,421,844,50,50,1,-1,-1,-1
289,1,422,939,50,50,1,-1,-1,-1
290,1,420,969,50,50,1,-1,-1,-1
291,1,420,988,50,50,1,-1,-1,-1
292,1,423,1004,50,50,1,-1,-1,-1
293,1,429,1015,50,50,1,-1,-1,-1
294,1,434,1025,50,50,1,-1,-1,-1
295,1,439,1032,50,50,1,-1,-1,-1
296,1,442,1037,50,50,1,-1,-1,-1
297,1,445,1039,50,50,1,-1,-1,-1
298,1,448,1042,50,50,1,-1,-1,-1
299,1,450,1044,50,50,1,-1,-1,-1
300,1,450,1046,50,50,1,-1,-1,-1
301,1,449,1047,50,50,1,-1,-1,-1
302,1,448,1048,50,50,1,-1,-1,-1
303,1,446,1051,50,50,1,-1,-1,-1
304,1,444,1053,50,50,1,-1,-1,-1
305,1,443,1055,50,50,1,-1,-1,-1
306,1,441,1058,50,50,1,-1,-1,-1
307,1,438,1060,50,50,1,-1,-1,-1
308,1,435,1062,50,50,1,-1,-1,-1
309,1,431,1064,50,50,1,-1,-1,-1
310,1,428,1066,50,50,1,-1,-1,-1
311,1,426,1067,50,50,1,-1,-1,-1
312,1,423,1068,50,50,1,-1,-1,-1
313,1,418,1068,50,50,1,-1,-1,-1
314,1,414,1069,50,50,1,-1,-1,-1
315,1,411,1071,50,50,1,-1,-1,-1
316,1,518,560,50,50,1,-1,-1,-1
317,1,521,589,50,50,1,-1,-1,-1
318,1,523,624,50,50,1,-1,-1,-1
319,1,526,667,50,50,1,-1,-1,-1
320,1,409,1084,50,50,1,-1,-1,-1
321,1,529,940,50,50,1,-1,-1,-1
322,1,539,937,50,50,1,-1,-1,-1
323,1,418,1120,50,50,1,-1,-1,-1
324,1,423,1139,50,50,1,-1,-1,-1
325,1,568,965,50,50,1,-1,-1,-1
326,1,429,688,50,50,1,-1,-1,-1
327,1,421,676,50,50,1,-1,-1,-1
328,1,416,670,50,50,1,-1,-1,-1
329,1,409,670,50,50,1,-1,-1,-1
330,1,403,674,50,50,1,-1,-1,-1
331,1,401,684,50,50,1,-1,-1,-1
332,1,395,702,50,50,1,-1,-1,-1
333,1,391,724,50,50,1,-1,-1,-1
334,1,387,754,50,50,1,-1,-1,-1
335,1,386,786,50,50,1,-1,-1,-1
336,1,459,741,50,50,1,-1,-1,-1
337,1,455,693,50,50,1,-1,-1,-1
338,1,447,649,50,50,1,-1,-1,-1
339,1,441,609,50,50,1,-1,-1,-1
340,1,433,578,50,50,1,-1,-1,-1
341,1,429,552,50,50,1,-1,-1,-1
342,1,423,532,50,50,1,-1,-1,-1
343,1,418,516,50,50,1,-1,-1,-1
344,1,412,507,50,50,1,-1,-1,-1
345,1,409,505,50,50,1,-1,-1,-1
346,1,405,508,50,50,1,-1,-1,-1
347,1,399,515,50,50,1,-1,-1,-1
348,1,399,529,50,50,1,-1,-1,-1
349,1,394,550,50,50,1,-1,-1,-1
350,1,390,576,50,50,1,-1,-1,-1
351,1,386,609,50,50,1,-1,-1,-1
352,1,385,646,50,50,1,-1,-1,-1
353,1,384,690,50,50,1,-1,-1,-1
354,1,379,739,50,50,1,-1,-1,-1
355,1,381,796,50,50,1,-1,-1,-1
356,1,381,796,50,50,1,-1,-1,-1
357,1,390,930,50,50,1,-1,-1,-1
358,1,536,701,50,50,1,-1,-1,-1
359,1,545,688,50,50,1,-1,-1,-1
360,1,552,678,50,50,1,-1,-1,-1
361,1,557,674,50,50,1,-1,-1,-1
362,1,563,674,50,50,1,-1,-1,-1
363,1,573,679,50,50,1,-1,-1,-1
364,1,581,690,50,50,1,-1,-1,-1
365,1,589,706,50,50,1,-1,-1,-1
366,1,601,731,50,50,1,-1,-1,-1
367,1,610,760,50,50,1,-1,-1,-1
368,1,619,796,50,50,1,-1,-1,-1
369,1,417,1090,50,50,1,-1,-1,-1
370,1,418,1091,50,50,1,-1,-1,-1
371,1,419,1093,50,50,1,-1,-1,-1
372,1,417,1095,50,50,1,-1,-1,-1
373,1,417,1097,50,50,1,-1,-1,-1
374,1,414,1099,50,50,1,-1,-1,-1
375,1,413,1101,50,50,1,-1,-1,-1
376,1,412,1103,50,50,1,-1,-1,-1
377,1,557,497,50,50,1,-1,-1,-1
378,1,560,490,50,50,1,-1,-1,-1
379,1,564,488,50,50,1,-1,-1,-1
380,1,568,491,50,50,1,-1,-1,-1
381,1,572,498,50,50,1,-1,-1,-1
382,1,576,514,50,50,1,-1,-1,-1
383,1,580,534,50,50,1,-1,-1,-1
384,1,584,562,50,50,1,-1,-1,-1
385,1,589,593,50,50,1,-1,-1,-1
386,1,594,627,50,50,1,-1,-1,-1
387,1,600,669,50,50,1,-1,-1,-1
388,1,607,718,50,50,1,-1,-1,-1
389,1,614,772,50,50,1,-1,-1,-1
390,1,620,831,50,50,1,-1,-1,-1
391,1,630,926,50,50,1,-1,-1,-1
392,1,640,956,50,50,1,-1,-1,-1
393,1,642,974,50,50,1,-1,-1,-1
394,1,642,988,50,50,1,-1,-1,-1
395,1,641,999,50,50,1,-1,-1,-1
396,1,639,1010,50,50,1,-1,-1,-1
397,1,638,1018,50,50,1,-1,-1,-1
398,1,638,1025,50,50,1,-1,-1,-1
399,1,637,1031,50,50,1,-1,-1,-1
400,1,637,1036,50,50,1,-1,-1,-1
401,1,639,1040,50,50,1,-1,-1,-1
402,1,642,1044,50,50,1,-1,-1,-1
403,1,645,1048,50,50,1,-1,-1,-1
404,1,647,1054,50,50,1,-1,-1,-1
405,1,648,1060,50,50,1,-1,-1,-1
406,1,652,1065,50,50,1,-1,-1,-1
407,1,653,1071,50,50,1,-1,-1,-1
408,1,654,1076,50,50,1,-1,-1,-1
409,1,654,1082,50,50,1,-1,-1,-1
410,1,654,1087,50,50,1,-1,-1,-1
411,1,654,1091,50,50,1,-1,-1,-1
412,1,653,1094,50,50,1,-1,-1,-1
413,1,421,555,50,50,1,-1,-1,-1
414,1,416,573,50,50,1,-1,-1,-1
415,1,491,1036,50,50,1,-1,-1,-1
416,1,494,990,50,50,1,-1,-1,-1
417,1,405,657,50,50,1,-1,-1,-1
418,1,401,697,50,50,1,-1,-1,-1
419,1,399,743,50,50,1,-1,-1,-1
420,1,397,795,50,50,1,-1,-1,-1
421,1,397,795,50,50,1,-1,-1,-1
422,1,398,936,50,50,1,-1,-1,-1
423,1,397,966,50,50,1,-1,-1,-1
424,1,394,987,50,50,1,-1,-1,-1
425,1,400,1005,50,50,1,-1,-1,-1
426,1,411,1022,50,50,1,-1,-1,-1
427,1,417,1032,50,50,1,-1,-1,-1
428,1,425,1042,50,50,1,-1,-1,-1
429,1,431,1050,50,50,1,-1,-1,-1
430,1,436,1055,50,50,1,-1,-1,-1
431,1,439,1059,50,50,1,-1,-1,-1
432,1,441,1061,50,50,1,-1,-1,-1
433,1,441,1063,50,50,1,-1,-1,-1
434,1,441,1064,50,50,1,-1,-1,-1
435,1,440,1066,50,50,1,-1,-1,-1
436,1,439,1066,50,50,1,-1,-1,-1
437,1,438,1069,50,50,1,-1,-1,-1
438,1,436,1071,50,50,1,-1,-1,-1
439,1,434,1070,50,50,1,-1,-1,-1
440,1,433,1075,50,50,1,-1,-1,-1
441,1,431,1076,50,50,1,-1,-1,-1
442,1,431,1078,50,50,1,-1,-1,-1
443,1,431,1079,50,50,1,-1,-1,-1
444,1,545,475,50,50,1,-1,-1,-1
445,1,545,475,50,50,1,-1,-1,-1
446,1,548,483,50,50,1,-1,-1,-1
447,1,550,495,50,50,1,-1,-1,-1
448,1,553,515,50,50,1,-1,-1,-1
449,1,556,540,50,50,1,-1,-1,-1
450,1,560,570,50,50,1,-1,-1,-1
451,1,564,608,50,50,1,-1,-1,-1
452,1,568,650,50,50,1,-1,-1,-1
453,1,573,698,50,50,1,-1,-1,-1
454,1,585,752,50,50,1,-1,-1,-1
455,1,584,920,50,50,1,-1,-1,-1
456,1,470,693,50,50,1,-1,-1,-1
457,1,465,672,50,50,1,-1,-1,-1
458,1,459,656,50,50,1,-1,-1,-1
459,1,456,646,50,50,1,-1,-1,-1
460,1,450,643,50,50,1,-1,-1,-1
461,1,445,646,50,50,1,-1,-1,-1
462,1,441,653,50,50,1,-1,-1,-1
463,1,436,665,50,50,1,-1,-1,-1
464,1,432,685,50,50,1,-1,-1,-1
465,1,428,709,50,50,1,-1,-1,-1
466,1,425,740,50,50,1,-1,-1,-1
467,1,463,920,50,50,1,-1,-1,-1
468,1,447,924,50,50,1,-1,-1,-1
469,1,429,909,50,50,1,-1,-1,-1
470,1,424,940,50,50,1,-1,-1,-1
471,1,422,971,50,50,1,-1,-1,-1
472,1,421,999,50,50,1,-1,-1,-1
473,1,425,1027,50,50,1,-1,-1,-1
474,1,433,1061,50,50,1,-1,-1,-1
475,1,445,1100,50,50,1,-1,-1,-1
476,1,457,1127,50,50,1,-1,-1,-1
477,1,466,1147,50,50,1,-1,-1,-1
478,1,473,1153,50,50,1,-1,-1,-1
479,1,481,1144,50,50,1,-1,-1,-1
480,1,424,499,50,50,1,-1,-1,-1
481,1,421,519,50,50,1,-1,-1,-1
482,1,419,545,50,50,1,-1,-1,-1
483,1,415,575,50,50,1,-1,-1,-1
484,1,412,610,50,50,1,-1,-1,-1
485,1,411,653,50,50,1,-1,-1,-1
486,1,410,702,50,50,1,-1,-1,-1
487,1,410,757,50,50,1,-1,-1,-1
488,1,407,817,50,50,1,-1,-1,-1
489,1,541,712,50,50,1,-1,-1,-1
490,1,547,692,50,50,1,-1,-1,-1
491,1,552,675,50,50,1,-1,-1,-1
492,1,557,662,50,50,1,-1,-1,-1
493,1,561,654,50,50,1,-1,-1,-1
494,1,568,649,50,50,1,-1,-1,-1
495,1,575,653,50,50,1,-1,-1,-1
496,1,582,660,50,50,1,-1,-1,-1
497,1,590,674,50,50,1,-1,-1,-1
498,1,598,693,50,50,1,-1,-1,-1
499,1,607,720,50,50,1,-1,-1,-1
500,1,616,752,50,50,1,-1,-1,-1
501,1,624,786,50,50,1,-1,-1,-1
502,1,634,831,50,50,1,-1,-1,-1
503,1,643,924,50,50,1,-1,-1,-1
504,1,561,619,50,50,1,-1,-1,-1
505,1,562,578,50,50,1,-1,-1,-1
506,1,564,542,50,50,1,-1,-1,-1
507,1,567,512,50,50,1,-1,-1,-1
508,1,570,488,50,50,1,-1,-1,-1
509,1,573,469,50,50,1,-1,-1,-1
510,1,575,457,50,50,1,-1,-1,-1
511,1,579,451,50,50,1,-1,-1,-1
512,1,583,451,50,50,1,-1,-1,-1
513,1,588,454,50,50,1,-1,-1,-1
514,1,593,464,50,50,1,-1,-1,-1
515,1,598,481,50,50,1,-1,-1,-1
516,1,603,505,50,50,1,-1,-1,-1
517,1,609,532,50,50,1,-1,-1,-1
518,1,615,567,50,50,1,-1,-1,-1
519,1,622,607,50,50,1,-1,-1,-1
520,1,629,654,50,50,1,-1,-1,-1
521,1,636,705,50,50,1,-1,-1,-1
522,1,645,764,50,50,1,-1,-1,-1
523,1,653,829,50,50,1,-1,-1,-1
524,1,490,721,50,50,1,-1,-1,-1
525,1,481,701,50,50,1,-1,-1,-1
526,1,474,690,50,50,1,-1,-1,-1
527,1,467,683,50,50,1,-1,-1,-1
528,1,460,681,50,50,1,-1,-1,-1
529,1,453,684,50,50,1,-1,-1,-1
530,1,443,694,50,50,1,-1,-1,-1
531,1,436,708,50,50,1,-1,-1,-1
532,1,428,729,50,50,1,-1,-1,-1
533,1,421,758,50,50,1,-1,-1,-1
534,1,415,790,50,50,1,-1,-1,-1
535,1,408,829,50,50,1,-1,-1,-1
536,1,411,913,50,50,1,-1,-1,-1
537,1,405,941,50,50,1,-1,-1,-1
538,1,396,971,50,50,1,-1,-1,-1
539,1,395,999,50,50,1,-1,-1,-1
540,1,395,1027,50,50,1,-1,-1,-1
541,1,399,1059,50,50,1,-1,-1,-1
542,1,407,1099,50,50,1,-1,-1,-1
543,1,426,1126,50,50,1,-1,-1,-1
544,1,435,1150,50,50,1,-1,-1,-1
545,1,458,1160,50,50,1,-1,-1,-1
546,1,470,1162,50,50,1,-1,-1,-1
547,1,481,1149,50,50,1,-1,-1,-1
548,1,452,484,50,50,1,-1,-1,-1
549,1,450,507,50,50,1,-1,-1,-1
550,1,507,1054,50,50,1,-1,-1,-1
551,1,509,1006,50,50,1,-1,-1,-1
552,1,449,611,50,50,1,-1,-1,-1
553,1,448,657,50,50,1,-1,-1,-1
554,1,487,943,50,50,1,-1,-1,-1
555,1,448,768,50,50,1,-1,-1,-1
556,1,448,833,50,50,1,-1,-1,-1
557,1,448,929,50,50,1,-1,-1,-1
558,1,443,958,50,50,1,-1,-1,-1
559,1,450,980,50,50,1,-1,-1,-1
560,1,549,665,50,50,1,-1,-1,-1
561,1,554,655,50,50,1,-1,-1,-1
562,1,557,654,50,50,1,-1,-1,-1
563,1,562,658,50,50,1,-1,-1,-1
564,1,566,666,50,50,1,-1,-1,-1
565,1,573,683,50,50,1,-1,-1,-1
566,1,580,704,50,50,1,-1,-1,-1
567,1,589,729,50,50,1,-1,-1,-1
568,1,597,762,50,50,1,-1,-1,-1
569,1,603,805,50,50,1,-1,-1,-1
570,1,527,721,50,50,1,-1,-1,-1
571,1,527,675,50,50,1,-1,-1,-1
572,1,529,627,50,50,1,-1,-1,-1
573,1,529,584,50,50,1,-1,-1,-1
574,1,530,547,50,50,1,-1,-1,-1
575,1,532,517,50,50,1,-1,-1,-1
576,1,533,491,50,50,1,-1,-1,-1
577,1,535,470,50,50,1,-1,-1,-1
578,1,537,457,50,50,1,-1,-1,-1
579,1,539,449,50,50,1,-1,-1,-1
580,1,541,448,50,50,1,-1,-1,-1
581,1,544,450,50,50,1,-1,-1,-1
582,1,548,458,50,50,1,-1,-1,-1
583,1,552,472,50,50,1,-1,-1,-1
584,1,557,494,50,50,1,-1,-1,-1
585,1,560,519,50,50,1,-1,-1,-1
586,1,566,551,50,50,1,-1,-1,-1
587,1,571,586,50,50,1,-1,-1,-1
588,1,576,630,50,50,1,-1,-1,-1
589,1,583,676,50,50,1,-1,-1,-1
590,1,591,730,50,50,1,-1,-1,-1
591,1,598,792,50,50,1,-1,-1,-1
592,1,480,744,50,50,1,-1,-1,-1
593,1,474,729,50,50,1,-1,-1,-1
594,1,467,719,50,50,1,-1,-1,-1
595,1,462,714,50,50,1,-1,-1,-1
596,1,456,714,50,50,1,-1,-1,-1
597,1,452,720,50,50,1,-1,-1,-1
598,1,446,731,50,50,1,-1,-1,-1
599,1,437,748,50,50,1,-1,-1,-1
600,1,435,773,50,50,1,-1,-1,-1
601,1,431,804,50,50,1,-1,-1,-1
602,1,428,835,50,50,1,-1,-1,-1
603,1,437,922,50,50,1,-1,-1,-1
604,1,430,947,50,50,1,-1,-1,-1
605,1,422,973,50,50,1,-1,-1,-1
606,1,419,998,50,50,1,-1,-1,-1
607,1,421,1023,50,50,1,-1,-1,-1
608,1,426,1046,50,50,1,-1,-1,-1
609,1,436,1075,50,50,1,-1,-1,-1
610,1,446,1105,50,50,1,-1,-1,-1
611,1,458,1129,50,50,1,-1,-1,-1
612,1,465,1145,50,50,1,-1,-1,-1
613,1,469,1150,50,50,1,-1,-1,-1
614,1,666,1097,50,50,1,-1,-1,-1
615,1,666,1100,50,50,1,-1,-1,-1
616,1,494,1097,50,50,1,-1,-1,-1
617,1,430,587,50,50,1,-1,-1,-1
618,1,424,619,50,50,1,-1,-1,-1
619,1,503,980,50,50,1,-1,-1,-1
620,1,649,1129,50,50,1,-1,-1,-1
621,1,644,1139,50,50,1,-1,-1,-1
622,1,639,1146,50,50,1,-1,-1,-1
623,1,431,906,50,50,1,-1,-1,-1
624,1,425,941,50,50,1,-1,-1,-1
625,1,416,969,50,50,1,-1,-1,-1
626,1,414,989,50,50,1,-1,-1,-1
627,1,416,1005,50,50,1,-1,-1,-1
628,1,416,1020,50,50,1,-1,-1,-1
629,1,420,1032,50,50,1,-1,-1,-1
630,1,424,1042,50,50,1,-1,-1,-1
631,1,427,1051,50,50,1,-1,-1,-1
632,1,429,1057,50,50,1,-1,-1,-1
633,1,431,1063,50,50,1,-1,-1,-1
634,1,431,1066,50,50,1,-1,-1,-1
635,1,616,951,50,50,1,-1,-1,-1
636,1,630,974,50,50,1,-1,-1,-1
637,1,642,1001,50,50,1,-1,-1,-1
638,1,647,1024,50,50,1,-1,-1,-1
639,1,644,1048,50,50,1,-1,-1,-1
640,1,639,1074,50,50,1,-1,-1,-1
641,1,635,1100,50,50,1,-1,-1,-1
642,1,578,483,50,50,1,-1,-1,-1
643,1,583,467,50,50,1,-1,-1,-1
644,1,588,453,50,50,1,-1,-1,-1
645,1,593,447,50,50,1,-1,-1,-1
646,1,601,446,50,50,1,-1,-1,-1
647,1,608,450,50,50,1,-1,-1,-1
648,1,616,460,50,50,1,-1,-1,-1
649,1,622,477,50,50,1,-1,-1,-1
650,1,630,500,50,50,1,-1,-1,-1
651,1,637,527,50,50,1,-1,-1,-1
652,1,648,564,50,50,1,-1,-1,-1
653,1,657,605,50,50,1,-1,-1,-1
654,1,667,653,50,50,1,-1,-1,-1
655,1,676,709,50,50,1,-1,-1,-1
656,1,687,768,50,50,1,-1,-1,-1
657,1,504,676,50,50,1,-1,-1,-1
658,1,497,660,50,50,1,-1,-1,-1
659,1,489,645,50,50,1,-1,-1,-1
660,1,483,639,50,50,1,-1,-1,-1
661,1,478,639,50,50,1,-1,-1,-1
662,1,474,643,50,50,1,-1,-1,-1
663,1,468,654,50,50,1,-1,-1,-1
664,1,461,671,50,50,1,-1,-1,-1
665,1,456,695,50,50,1,-1,-1,-1
666,1,452,724,50,50,1,-1,-1,-1
667,1,448,757,50,50,1,-1,-1,-1
668,1,489,928,50,50,1,-1,-1,-1
669,1,467,937,50,50,1,-1,-1,-1
670,1,443,931,50,50,1,-1,-1,-1
671,1,435,965,50,50,1,-1,-1,-1
672,1,430,996,50,50,1,-1,-1,-1
673,1,429,1023,50,50,1,-1,-1,-1
674,1,433,1055,50,50,1,-1,-1,-1
675,1,438,1085,50,50,1,-1,-1,-1
676,1,443,1113,50,50,1,-1,-1,-1
677,1,447,1133,50,50,1,-1,-1,-1
678,1,451,1149,50,50,1,-1,-1,-1
679,1,456,1156,50,50,1,-1,-1,-1
680,1,397,479,50,50,1,-1,-1,-1
681,1,390,491,50,50,1,-1,-1,-1
682,1,381,509,50,50,1,-1,-1,-1
683,1,374,533,50,50,1,-1,-1,-1
684,1,369,563,50,50,1,-1,-1,-1
685,1,362,599,50,50,1,-1,-1,-1
686,1,357,639,50,50,1,-1,-1,-1
687,1,351,685,50,50,1,-1,-1,-1
688,1,346,737,50,50,1,-1,-1,-1
689,1,340,797,50,50,1,-1,-1,-1
690,1,334,863,50,50,1,-1,-1,-1
691,1,334,863,50,50,1,-1,-1,-1
692,1,334,863,50,50,1,-1,-1,-1
693,1,630,1114,50,50,1,-1,-1,-1
694,1,629,1107,50,50,1,-1,-1,-1
695,1,629,1107,50,50,1,-1,-1,-1
696,1,630,1091,50,50,1,-1,-1,-1
697,1,630,1091,50,50,1,-1,-1,-1
698,1,628,1074,50,50,1,-1,-1,-1
699,1,626,1067,50,50,1,-1,-1,-1
700,1,624,1062,50,50,1,-1,-1,-1
701,1,624,1062,50,50,1,-1,-1,-1
702,1,616,1051,50,50,1,-1,-1,-1
703,1,612,1058,50,50,1,-1,-1,-1
704,1,612,1058,50,50,1,-1,-1,-1
705,1,612,1058,50,50,1,-1,-1,-1
706,1,612,1058,50,50,1,-1,-1,-1
707,1,612,1058,50,50,1,-1,-1,-1
708,1,612,1058,50,50,1,-1,-1,-1
709,1,612,1058,50,50,1,-1,-1,-1
710,1,597,1054,50,50,1,-1,-1,-1
711,1,599,1054,50,50,1,-1,-1,-1
712,1,603,1055,50,50,1,-1,-1,-1
713,1,607,1055,50,50,1,-1,-1,-1
714,1,612,1054,50,50,1,-1,-1,-1
715,1,616,1053,50,50,1,-1,-1,-1
716,1,620,1051,50,50,1,-1,-1,-1
717,1,623,1051,50,50,1,-1,-1,-1
718,1,626,1050,50,50,1,-1,-1,-1
719,1,628,1049,50,50,1,-1,-1,-1
720,1,630,1050,50,50,1,-1,-1,-1
721,1,632,1051,50,50,1,-1,-1,-1
722,1,633,1052,50,50,1,-1,-1,-1
723,1,640,1053,50,50,1,-1,-1,-1
724,1,644,1054,50,50,1,-1,-1,-1
725,1,639,1054,50,50,1,-1,-1,-1
726,1,648,1055,50,50,1,-1,-1,-1
727,1,648,1057,50,50,1,-1,-1,-1
728,1,648,1057,50,50,1,-1,-1,-1
729,1,649,1057,50,50,1,-1,-1,-1
730,1,650,1058,50,50,1,-1,-1,-1
731,1,650,1058,50,50,1,-1,-1,-1
732,1,650,1058,50,50,1,-1,-1,-1
733,1,650,1058,50,50,1,-1,-1,-1
734,1,650,1058,50,50,1,-1,-1,-1
735,1,650,1058,50,50,1,-1,-1,-1
736,1,650,1058,50,50,1,-1,-1,-1
737,1,650,1058,50,50,1,-1,-1,-1
738,1,650,1058,50,50,1,-1,-1,-1
739,1,650,1058,50,50,1,-1,-1,-1
740,1,659,1065,50,50,1,-1,-1,-1
741,1,659,1065,50,50,1,-1,-1,-1
742,1,659,1065,50,50,1,-1,-1,-1
743,1,659,1065,50,50,1,-1,-1,-1
744,1,659,1065,50,50,1,-1,-1,-1
745,1,659,1065,50,50,1,-1,-1,-1
746,1,659,1065,50,50,1,-1,-1,-1
747,1,659,1065,50,50,1,-1,-1,-1
748,1,659,1065,50,50,1,-1,-1,-1
749,1,659,1065,50,50,1,-1,-1,-1
750,1,659,1065,50,50,1,-1,-1,-1
751,1,659,1065,50,50,1,-1,-1,-1
752,1,659,1065,50,50,1,-1,-1,-1
753,1,659,1065,50,50,1,-1,-1,-1
754,1,659,1065,50,50,1,-1,-1,-1
755,1,659,1065,50,50,1,-1,-1,-1
756,1,659,1065,50,50,1,-1,-1,-1
757,1,659,1065,50,50,1,-1,-1,-1
758,1,659,1065,50,50,1,-1,-1,-1
759,1,659,1065,50,50,1,-1,-1,-1
760,1,659,1065,50,50,1,-1,-1,-1
761,1,659,1065,50,50,1,-1,-1,-1
762,1,659,1065,50,50,1,-1,-1,-1
763,1,659,1065,50,50,1,-1,-1,-1
764,1,659,1065,50,50,1,-1,-1,-1
