7,1,655,1178,50,50,1,-1,-1,-1
8,1,646,1171,50,50,1,-1,-1,-1
9,1,646,1171,50,50,1,-1,-1,-1
10,1,646,1171,50,50,1,-1,-1,-1
11,1,646,1171,50,50,1,-1,-1,-1
12,1,646,1171,50,50,1,-1,-1,-1
13,1,646,1171,50,50,1,-1,-1,-1
14,1,646,1171,50,50,1,-1,-1,-1
15,1,646,1171,50,50,1,-1,-1,-1
16,1,646,1171,50,50,1,-1,-1,-1
17,1,646,1171,50,50,1,-1,-1,-1
18,1,646,1171,50,50,1,-1,-1,-1
19,1,646,1171,50,50,1,-1,-1,-1
20,1,646,1171,50,50,1,-1,-1,-1
21,1,646,1171,50,50,1,-1,-1,-1
22,1,646,1171,50,50,1,-1,-1,-1
23,1,646,1171,50,50,1,-1,-1,-1
24,1,646,1171,50,50,1,-1,-1,-1
25,1,646,1171,50,50,1,-1,-1,-1
26,1,646,1171,50,50,1,-1,-1,-1
27,1,646,1171,50,50,1,-1,-1,-1
28,1,646,1171,50,50,1,-1,-1,-1
29,1,646,1171,50,50,1,-1,-1,-1
30,1,646,1171,50,50,1,-1,-1,-1
31,1,646,1171,50,50,1,-1,-1,-1
32,1,646,1171,50,50,1,-1,-1,-1
33,1,634,1188,50,50,1,-1,-1,-1
34,1,635,1172,50,50,1,-1,-1,-1
35,1,631,1155,50,50,1,-1,-1,-1
36,1,632,1132,50,50,1,-1,-1,-1
37,1,627,1114,50,50,1,-1,-1,-1
38,1,626,1063,50,50,1,-1,-1,-1
39,1,626,1026,50,50,1,-1,-1,-1
40,1,625,988,50,50,1,-1,-1,-1
41,1,626,970,50,50,1,-1,-1,-1
42,1,625,947,50,50,1,-1,-1,-1
42,2,554,981,50,50,1,-1,-1,-1
43,1,629,961,50,50,1,-1,-1,-1
43,2,617,843,50,50,1,-1,-1,-1
44,1,635,977,50,50,1,-1,-1,-1
44,2,618,807,50,50,1,-1,-1,-1
45,1,634,994,50,50,1,-1,-1,-1
45,2,617,780,50,50,1,-1,-1,-1
46,1,638,1026,50,50,1,-1,-1,-1
46,2,618,758,50,50,1,-1,-1,-1
47,1,639,1059,50,50,1,-1,-1,-1
47,2,619,741,50,50,1,-1,-1,-1
48,1,636,1084,50,50,1,-1,-1,-1
48,2,620,731,50,50,1,-1,-1,-1
49,1,629,1089,50,50,1,-1,-1,-1
49,2,624,725,50,50,1,-1,-1,-1
50,1,626,1088,50,50,1,-1,-1,-1
50,2,626,724,50,50,1,-1,-1,-1
51,1,623,1082,50,50,1,-1,-1,-1
51,2,629,729,50,50,1,-1,-1,-1
52,1,620,1062,50,50,1,-1,-1,-1
52,2,634,739,50,50,1,-1,-1,-1
53,1,612,1029,50,50,1,-1,-1,-1
53,2,635,755,50,50,1,-1,-1,-1
54,1,596,997,50,50,1,-1,-1,-1
54,2,640,779,50,50,1,-1,-1,-1
55,1,598,965,50,50,1,-1,-1,-1
55,2,644,807,50,50,1,-1,-1,-1
55,3,467,1167,50,50,1,-1,-1,-1
56,1,602,945,50,50,1,-1,-1,-1
56,2,650,841,50,50,1,-1,-1,-1
56,3,467,1162,50,50,1,-1,-1,-1
57,1,644,935,50,50,1,-1,-1,-1
57,2,566,873,50,50,1,-1,-1,-1
57,3,471,1189,50,50,1,-1,-1,-1
58,1,658,955,50,50,1,-1,-1,-1
58,3,470,1171,50,50,1,-1,-1,-1
59,1,668,977,50,50,1,-1,-1,-1
59,3,475,1173,50,50,1,-1,-1,-1
60,1,674,993,50,50,1,-1,-1,-1
60,3,480,1173,50,50,1,-1,-1,-1
61,1,676,1001,50,50,1,-1,-1,-1
61,2,459,1006,50,50,1,-1,-1,-1
61,3,490,1167,50,50,1,-1,-1,-1
62,1,674,1010,50,50,1,-1,-1,-1
62,3,484,1100,50,50,1,-1,-1,-1
63,1,672,1018,50,50,1,-1,-1,-1
63,2,493,1098,50,50,1,-1,-1,-1
64,1,670,1024,50,50,1,-1,-1,-1
64,2,503,1091,50,50,1,-1,-1,-1
64,3,507,795,50,50,1,-1,-1,-1
65,1,671,1032,50,50,1,-1,-1,-1
65,2,512,1071,50,50,1,-1,-1,-1
65,3,499,808,50,50,1,-1,-1,-1
66,1,670,1041,50,50,1,-1,-1,-1
66,2,515,1065,50,50,1,-1,-1,-1
66,3,495,823,50,50,1,-1,-1,-1
67,1,671,1047,50,50,1,-1,-1,-1
67,2,529,985,50,50,1,-1,-1,-1
67,3,508,1157,50,50,1,-1,-1,-1
68,1,517,958,50,50,1,-1,-1,-1
68,2,566,888,50,50,1,-1,-1,-1
68,3,510,1164,50,50,1,-1,-1,-1
69,1,518,1229,50,50,1,-1,-1,-1
69,2,674,1053,50,50,1,-1,-1,-1
69,3,492,973,50,50,1,-1,-1,-1
70,1,513,1240,50,50,1,-1,-1,-1
70,2,678,1055,50,50,1,-1,-1,-1
70,3,482,989,50,50,1,-1,-1,-1
71,1,514,1255,50,50,1,-1,-1,-1
71,2,681,1057,50,50,1,-1,-1,-1
71,3,473,1016,50,50,1,-1,-1,-1
72,1,519,1268,50,50,1,-1,-1,-1
72,2,548,705,50,50,1,-1,-1,-1
72,3,466,1046,50,50,1,-1,-1,-1
73,1,520,1275,50,50,1,-1,-1,-1
73,2,539,667,50,50,1,-1,-1,-1
73,3,460,1068,50,50,1,-1,-1,-1
74,1,520,1282,50,50,1,-1,-1,-1
74,2,688,1061,50,50,1,-1,-1,-1
74,3,461,1088,50,50,1,-1,-1,-1
75,1,522,1293,50,50,1,-1,-1,-1
75,2,527,612,50,50,1,-1,-1,-1
75,3,689,1062,50,50,1,-1,-1,-1
76,1,522,1301,50,50,1,-1,-1,-1
76,2,521,596,50,50,1,-1,-1,-1
76,3,690,1062,50,50,1,-1,-1,-1
77,1,524,1301,50,50,1,-1,-1,-1
77,2,482,1142,50,50,1,-1,-1,-1
77,3,693,1064,50,50,1,-1,-1,-1
78,1,525,1298,50,50,1,-1,-1,-1
78,2,487,1132,50,50,1,-1,-1,-1
78,3,695,1065,50,50,1,-1,-1,-1
79,1,493,1124,50,50,1,-1,-1,-1
79,2,510,580,50,50,1,-1,-1,-1
79,3,697,1064,50,50,1,-1,-1,-1
80,1,502,1115,50,50,1,-1,-1,-1
80,2,508,585,50,50,1,-1,-1,-1
80,3,697,1064,50,50,1,-1,-1,-1
81,1,512,1101,50,50,1,-1,-1,-1
81,2,506,597,50,50,1,-1,-1,-1
81,3,698,1064,50,50,1,-1,-1,-1
82,1,523,1085,50,50,1,-1,-1,-1
82,2,498,616,50,50,1,-1,-1,-1
82,3,697,1064,50,50,1,-1,-1,-1
83,1,533,1056,50,50,1,-1,-1,-1
83,2,499,637,50,50,1,-1,-1,-1
83,3,697,1066,50,50,1,-1,-1,-1
84,1,540,1023,50,50,1,-1,-1,-1
84,2,499,668,50,50,1,-1,-1,-1
84,3,695,1068,50,50,1,-1,-1,-1
85,1,563,982,50,50,1,-1,-1,-1
85,2,498,703,50,50,1,-1,-1,-1
85,3,526,1282,50,50,1,-1,-1,-1
86,1,556,944,50,50,1,-1,-1,-1
86,2,494,745,50,50,1,-1,-1,-1
86,3,528,1290,50,50,1,-1,-1,-1
87,1,532,951,50,50,1,-1,-1,-1
87,2,496,794,50,50,1,-1,-1,-1
87,3,528,1295,50,50,1,-1,-1,-1
88,1,504,957,50,50,1,-1,-1,-1
88,2,496,845,50,50,1,-1,-1,-1
88,3,528,1296,50,50,1,-1,-1,-1
89,1,495,946,50,50,1,-1,-1,-1
89,2,676,1108,50,50,1,-1,-1,-1
89,3,527,1296,50,50,1,-1,-1,-1
90,1,488,970,50,50,1,-1,-1,-1
90,3,590,765,50,50,1,-1,-1,-1
91,1,484,982,50,50,1,-1,-1,-1
91,3,591,747,50,50,1,-1,-1,-1
92,1,482,993,50,50,1,-1,-1,-1
92,3,591,737,50,50,1,-1,-1,-1
93,1,481,1004,50,50,1,-1,-1,-1
93,2,640,1172,50,50,1,-1,-1,-1
93,3,592,732,50,50,1,-1,-1,-1
94,1,481,1019,50,50,1,-1,-1,-1
94,2,631,1151,50,50,1,-1,-1,-1
94,3,594,729,50,50,1,-1,-1,-1
95,1,484,1040,50,50,1,-1,-1,-1
95,2,620,1138,50,50,1,-1,-1,-1
95,3,596,727,50,50,1,-1,-1,-1
96,1,487,1052,50,50,1,-1,-1,-1
96,2,614,1117,50,50,1,-1,-1,-1
96,3,600,726,50,50,1,-1,-1,-1
97,1,486,1060,50,50,1,-1,-1,-1
97,2,609,1092,50,50,1,-1,-1,-1
97,3,605,731,50,50,1,-1,-1,-1
98,1,483,1073,50,50,1,-1,-1,-1
98,2,595,1064,50,50,1,-1,-1,-1
98,3,609,740,50,50,1,-1,-1,-1
99,1,479,1084,50,50,1,-1,-1,-1
99,2,590,1006,50,50,1,-1,-1,-1
99,3,613,755,50,50,1,-1,-1,-1
100,1,477,1090,50,50,1,-1,-1,-1
100,2,589,954,50,50,1,-1,-1,-1
100,3,619,772,50,50,1,-1,-1,-1
101,1,476,1093,50,50,1,-1,-1,-1
101,2,598,922,50,50,1,-1,-1,-1
101,3,639,817,50,50,1,-1,-1,-1
102,1,472,1102,50,50,1,-1,-1,-1
102,2,633,913,50,50,1,-1,-1,-1
102,3,581,795,50,50,1,-1,-1,-1
103,1,475,1113,50,50,1,-1,-1,-1
103,2,648,933,50,50,1,-1,-1,-1
103,3,581,735,50,50,1,-1,-1,-1
104,1,477,1108,50,50,1,-1,-1,-1
104,2,666,953,50,50,1,-1,-1,-1
104,3,576,688,50,50,1,-1,-1,-1
105,2,678,980,50,50,1,-1,-1,-1
105,3,576,647,50,50,1,-1,-1,-1
106,2,681,999,50,50,1,-1,-1,-1
106,3,578,609,50,50,1,-1,-1,-1
107,2,681,1021,50,50,1,-1,-1,-1
107,3,578,576,50,50,1,-1,-1,-1
108,2,678,1044,50,50,1,-1,-1,-1
108,3,579,549,50,50,1,-1,-1,-1
109,2,671,1072,50,50,1,-1,-1,-1
109,3,582,529,50,50,1,-1,-1,-1
110,2,659,1099,50,50,1,-1,-1,-1
110,3,585,515,50,50,1,-1,-1,-1
111,2,646,1109,50,50,1,-1,-1,-1
111,3,588,506,50,50,1,-1,-1,-1
112,2,631,1119,50,50,1,-1,-1,-1
112,3,588,503,50,50,1,-1,-1,-1
113,2,627,1119,50,50,1,-1,-1,-1
113,3,593,505,50,50,1,-1,-1,-1
114,2,621,1117,50,50,1,-1,-1,-1
114,3,597,512,50,50,1,-1,-1,-1
115,1,455,1117,50,50,1,-1,-1,-1
115,2,615,1100,50,50,1,-1,-1,-1
115,3,601,525,50,50,1,-1,-1,-1
116,1,456,1114,50,50,1,-1,-1,-1
116,2,603,1095,50,50,1,-1,-1,-1
116,3,606,545,50,50,1,-1,-1,-1
117,1,458,1113,50,50,1,-1,-1,-1
117,2,588,1065,50,50,1,-1,-1,-1
117,3,610,571,50,50,1,-1,-1,-1
118,2,582,1015,50,50,1,-1,-1,-1
118,3,616,602,50,50,1,-1,-1,-1
119,1,640,983,50,50,1,-1,-1,-1
119,2,560,972,50,50,1,-1,-1,-1
119,3,621,641,50,50,1,-1,-1,-1
120,2,563,937,50,50,1,-1,-1,-1
120,3,627,684,50,50,1,-1,-1,-1
121,1,520,846,50,50,1,-1,-1,-1
121,2,599,943,50,50,1,-1,-1,-1
121,3,634,734,50,50,1,-1,-1,-1
122,1,514,805,50,50,1,-1,-1,-1
122,2,619,940,50,50,1,-1,-1,-1
122,3,640,789,50,50,1,-1,-1,-1
123,1,501,757,50,50,1,-1,-1,-1
123,2,643,902,50,50,1,-1,-1,-1
124,1,494,726,50,50,1,-1,-1,-1
124,2,478,1175,50,50,1,-1,-1,-1
124,3,654,931,50,50,1,-1,-1,-1
125,1,489,706,50,50,1,-1,-1,-1
125,2,474,1166,50,50,1,-1,-1,-1
125,3,662,953,50,50,1,-1,-1,-1
126,1,479,684,50,50,1,-1,-1,-1
126,2,482,1178,50,50,1,-1,-1,-1
126,3,662,964,50,50,1,-1,-1,-1
127,1,462,659,50,50,1,-1,-1,-1
127,2,495,1170,50,50,1,-1,-1,-1
127,3,657,979,50,50,1,-1,-1,-1
128,1,462,659,50,50,1,-1,-1,-1
128,2,493,1162,50,50,1,-1,-1,-1
128,3,657,979,50,50,1,-1,-1,-1
129,1,454,656,50,50,1,-1,-1,-1
129,2,500,1144,50,50,1,-1,-1,-1
129,3,654,991,50,50,1,-1,-1,-1
130,1,439,668,50,50,1,-1,-1,-1
130,2,512,1085,50,50,1,-1,-1,-1
130,3,651,1028,50,50,1,-1,-1,-1
131,1,440,668,50,50,1,-1,-1,-1
131,2,512,1085,50,50,1,-1,-1,-1
131,3,651,1028,50,50,1,-1,-1,-1
132,1,432,681,50,50,1,-1,-1,-1
132,2,514,1032,50,50,1,-1,-1,-1
132,3,649,1041,50,50,1,-1,-1,-1
133,1,420,727,50,50,1,-1,-1,-1
133,2,504,928,50,50,1,-1,-1,-1
133,3,652,1062,50,50,1,-1,-1,-1
134,1,416,758,50,50,1,-1,-1,-1
134,2,505,818,50,50,1,-1,-1,-1
134,3,480,939,50,50,1,-1,-1,-1
135,1,416,758,50,50,1,-1,-1,-1
135,2,504,818,50,50,1,-1,-1,-1
135,3,480,939,50,50,1,-1,-1,-1
136,1,405,840,50,50,1,-1,-1,-1
136,2,438,950,50,50,1,-1,-1,-1
136,3,496,704,50,50,1,-1,-1,-1
137,1,413,937,50,50,1,-1,-1,-1
137,2,664,1084,50,50,1,-1,-1,-1
137,3,490,657,50,50,1,-1,-1,-1
138,1,413,937,50,50,1,-1,-1,-1
138,2,664,1084,50,50,1,-1,-1,-1
138,3,491,657,50,50,1,-1,-1,-1
139,1,399,1006,50,50,1,-1,-1,-1
139,2,673,1089,50,50,1,-1,-1,-1
139,3,480,584,50,50,1,-1,-1,-1
140,1,397,1035,50,50,1,-1,-1,-1
140,2,675,1090,50,50,1,-1,-1,-1
140,3,476,554,50,50,1,-1,-1,-1
141,1,403,1064,50,50,1,-1,-1,-1
141,2,676,1094,50,50,1,-1,-1,-1
141,3,471,529,50,50,1,-1,-1,-1
142,1,410,1091,50,50,1,-1,-1,-1
142,2,677,1097,50,50,1,-1,-1,-1
142,3,467,510,50,50,1,-1,-1,-1
143,1,428,1115,50,50,1,-1,-1,-1
143,2,678,1099,50,50,1,-1,-1,-1
143,3,464,500,50,50,1,-1,-1,-1
144,1,440,1163,50,50,1,-1,-1,-1
144,2,679,1101,50,50,1,-1,-1,-1
144,3,460,495,50,50,1,-1,-1,-1
145,1,466,1164,50,50,1,-1,-1,-1
145,2,680,1103,50,50,1,-1,-1,-1
145,3,457,494,50,50,1,-1,-1,-1
146,1,486,1168,50,50,1,-1,-1,-1
146,2,680,1105,50,50,1,-1,-1,-1
146,3,454,499,50,50,1,-1,-1,-1
147,1,490,1130,50,50,1,-1,-1,-1
147,2,680,1106,50,50,1,-1,-1,-1
147,3,452,508,50,50,1,-1,-1,-1
148,1,500,1111,50,50,1,-1,-1,-1
148,2,679,1107,50,50,1,-1,-1,-1
148,3,447,529,50,50,1,-1,-1,-1
149,1,508,1082,50,50,1,-1,-1,-1
149,2,679,1106,50,50,1,-1,-1,-1
149,3,445,552,50,50,1,-1,-1,-1
150,1,514,1043,50,50,1,-1,-1,-1
150,2,680,1106,50,50,1,-1,-1,-1
150,3,443,583,50,50,1,-1,-1,-1
151,1,517,995,50,50,1,-1,-1,-1
151,3,443,619,50,50,1,-1,-1,-1
152,1,518,954,50,50,1,-1,-1,-1
152,3,440,662,50,50,1,-1,-1,-1
153,1,512,927,50,50,1,-1,-1,-1
153,3,439,712,50,50,1,-1,-1,-1
154,1,493,917,50,50,1,-1,-1,-1
154,2,667,1111,50,50,1,-1,-1,-1
154,3,439,766,50,50,1,-1,-1,-1
155,1,456,883,50,50,1,-1,-1,-1
155,2,657,1123,50,50,1,-1,-1,-1
156,2,656,1127,50,50,1,-1,-1,-1
156,3,445,914,50,50,1,-1,-1,-1
157,1,551,735,50,50,1,-1,-1,-1
157,3,438,941,50,50,1,-1,-1,-1
158,1,554,711,50,50,1,-1,-1,-1
158,3,437,956,50,50,1,-1,-1,-1
159,1,557,700,50,50,1,-1,-1,-1
159,2,637,1168,50,50,1,-1,-1,-1
159,3,439,969,50,50,1,-1,-1,-1
160,1,560,695,50,50,1,-1,-1,-1
160,2,632,1162,50,50,1,-1,-1,-1
160,3,442,983,50,50,1,-1,-1,-1
161,1,564,694,50,50,1,-1,-1,-1
161,2,621,1160,50,50,1,-1,-1,-1
161,3,445,1002,50,50,1,-1,-1,-1
162,1,569,695,50,50,1,-1,-1,-1
162,2,613,1143,50,50,1,-1,-1,-1
162,3,447,1021,50,50,1,-1,-1,-1
163,1,577,705,50,50,1,-1,-1,-1
163,2,607,1121,50,50,1,-1,-1,-1
163,3,451,1041,50,50,1,-1,-1,-1
164,1,585,720,50,50,1,-1,-1,-1
164,2,596,1099,50,50,1,-1,-1,-1
164,3,453,1066,50,50,1,-1,-1,-1
165,1,593,742,50,50,1,-1,-1,-1
165,2,579,1074,50,50,1,-1,-1,-1
165,3,453,1079,50,50,1,-1,-1,-1
166,1,599,770,50,50,1,-1,-1,-1
166,2,571,1019,50,50,1,-1,-1,-1
166,3,453,1089,50,50,1,-1,-1,-1
167,1,603,805,50,50,1,-1,-1,-1
167,2,567,972,50,50,1,-1,-1,-1
167,3,455,1110,50,50,1,-1,-1,-1
168,1,606,839,50,50,1,-1,-1,-1
168,2,575,943,50,50,1,-1,-1,-1
168,3,448,1100,50,50,1,-1,-1,-1
169,2,606,934,50,50,1,-1,-1,-1
169,3,443,1106,50,50,1,-1,-1,-1
170,2,622,954,50,50,1,-1,-1,-1
170,3,445,1113,50,50,1,-1,-1,-1
171,1,536,712,50,50,1,-1,-1,-1
171,2,632,976,50,50,1,-1,-1,-1
171,3,442,1115,50,50,1,-1,-1,-1
172,1,535,677,50,50,1,-1,-1,-1
172,2,638,1000,50,50,1,-1,-1,-1
172,3,437,1115,50,50,1,-1,-1,-1
173,1,535,643,50,50,1,-1,-1,-1
173,2,641,1027,50,50,1,-1,-1,-1
173,3,436,1119,50,50,1,-1,-1,-1
174,1,534,612,50,50,1,-1,-1,-1
174,2,637,1055,50,50,1,-1,-1,-1
174,3,435,1124,50,50,1,-1,-1,-1
175,1,535,589,50,50,1,-1,-1,-1
175,2,633,1082,50,50,1,-1,-1,-1
175,3,433,1127,50,50,1,-1,-1,-1
176,1,535,570,50,50,1,-1,-1,-1
176,2,625,1106,50,50,1,-1,-1,-1
176,3,433,1129,50,50,1,-1,-1,-1
177,1,537,558,50,50,1,-1,-1,-1
177,2,616,1122,50,50,1,-1,-1,-1
177,3,432,1132,50,50,1,-1,-1,-1
178,1,537,551,50,50,1,-1,-1,-1
178,2,610,1130,50,50,1,-1,-1,-1
178,3,431,1133,50,50,1,-1,-1,-1
179,1,537,550,50,50,1,-1,-1,-1
179,2,605,1129,50,50,1,-1,-1,-1
179,3,427,1132,50,50,1,-1,-1,-1
180,1,539,553,50,50,1,-1,-1,-1
180,2,597,1123,50,50,1,-1,-1,-1
180,3,426,1129,50,50,1,-1,-1,-1
181,1,539,564,50,50,1,-1,-1,-1
181,2,588,1107,50,50,1,-1,-1,-1
181,3,427,1128,50,50,1,-1,-1,-1
182,1,544,579,50,50,1,-1,-1,-1
182,2,578,1083,50,50,1,-1,-1,-1
182,3,432,1124,50,50,1,-1,-1,-1
183,1,546,601,50,50,1,-1,-1,-1
183,2,558,1063,50,50,1,-1,-1,-1
184,1,549,627,50,50,1,-1,-1,-1
184,2,531,1025,50,50,1,-1,-1,-1
185,1,552,661,50,50,1,-1,-1,-1
185,2,528,980,50,50,1,-1,-1,-1
186,1,556,695,50,50,1,-1,-1,-1
186,2,530,944,50,50,1,-1,-1,-1
187,1,564,743,50,50,1,-1,-1,-1
187,2,551,946,50,50,1,-1,-1,-1
187,3,497,848,50,50,1,-1,-1,-1
188,2,565,940,50,50,1,-1,-1,-1
188,3,488,824,50,50,1,-1,-1,-1
189,1,459,1203,50,50,1,-1,-1,-1
189,2,577,942,50,50,1,-1,-1,-1
189,3,483,790,50,50,1,-1,-1,-1
190,1,462,1216,50,50,1,-1,-1,-1
190,2,588,938,50,50,1,-1,-1,-1
190,3,480,767,50,50,1,-1,-1,-1
191,1,466,1214,50,50,1,-1,-1,-1
191,2,598,959,50,50,1,-1,-1,-1
191,3,473,741,50,50,1,-1,-1,-1
192,1,473,1200,50,50,1,-1,-1,-1
192,2,605,974,50,50,1,-1,-1,-1
192,3,474,736,50,50,1,-1,-1,-1
193,1,485,1195,50,50,1,-1,-1,-1
193,2,611,990,50,50,1,-1,-1,-1
193,3,461,714,50,50,1,-1,-1,-1
194,1,491,1174,50,50,1,-1,-1,-1
194,2,618,1006,50,50,1,-1,-1,-1
194,3,455,709,50,50,1,-1,-1,-1
195,1,498,1152,50,50,1,-1,-1,-1
195,2,627,1015,50,50,1,-1,-1,-1
195,3,451,709,50,50,1,-1,-1,-1
196,1,509,1096,50,50,1,-1,-1,-1
196,2,633,1027,50,50,1,-1,-1,-1
196,3,447,715,50,50,1,-1,-1,-1
197,1,512,1046,50,50,1,-1,-1,-1
197,2,636,1038,50,50,1,-1,-1,-1
197,3,443,724,50,50,1,-1,-1,-1
198,1,509,992,50,50,1,-1,-1,-1
198,2,641,1046,50,50,1,-1,-1,-1
198,3,438,743,50,50,1,-1,-1,-1
199,1,503,945,50,50,1,-1,-1,-1
199,2,645,1056,50,50,1,-1,-1,-1
199,3,433,765,50,50,1,-1,-1,-1
200,1,481,945,50,50,1,-1,-1,-1
200,2,508,825,50,50,1,-1,-1,-1
200,3,431,795,50,50,1,-1,-1,-1
201,1,459,944,50,50,1,-1,-1,-1
201,2,652,1071,50,50,1,-1,-1,-1
201,3,427,831,50,50,1,-1,-1,-1
202,1,436,924,50,50,1,-1,-1,-1
202,2,656,1077,50,50,1,-1,-1,-1
202,3,502,723,50,50,1,-1,-1,-1
203,1,429,952,50,50,1,-1,-1,-1
203,2,661,1084,50,50,1,-1,-1,-1
203,3,500,681,50,50,1,-1,-1,-1
204,1,428,984,50,50,1,-1,-1,-1
204,2,667,1090,50,50,1,-1,-1,-1
204,3,495,642,50,50,1,-1,-1,-1
205,1,429,1014,50,50,1,-1,-1,-1
205,2,672,1092,50,50,1,-1,-1,-1
205,3,491,606,50,50,1,-1,-1,-1
206,1,431,1040,50,50,1,-1,-1,-1
206,2,678,1091,50,50,1,-1,-1,-1
206,3,489,577,50,50,1,-1,-1,-1
207,1,440,1066,50,50,1,-1,-1,-1
207,2,681,1094,50,50,1,-1,-1,-1
207,3,485,552,50,50,1,-1,-1,-1
208,1,454,1094,50,50,1,-1,-1,-1
208,2,686,1093,50,50,1,-1,-1,-1
208,3,483,534,50,50,1,-1,-1,-1
209,1,475,1097,50,50,1,-1,-1,-1
209,2,688,1099,50,50,1,-1,-1,-1
209,3,482,524,50,50,1,-1,-1,-1
210,1,482,1125,50,50,1,-1,-1,-1
210,2,690,1100,50,50,1,-1,-1,-1
210,3,480,519,50,50,1,-1,-1,-1
211,1,492,1131,50,50,1,-1,-1,-1
211,2,692,1099,50,50,1,-1,-1,-1
211,3,477,518,50,50,1,-1,-1,-1
212,1,502,1125,50,50,1,-1,-1,-1
212,2,695,1101,50,50,1,-1,-1,-1
212,3,477,523,50,50,1,-1,-1,-1
213,1,507,1099,50,50,1,-1,-1,-1
213,2,697,1099,50,50,1,-1,-1,-1
213,3,475,533,50,50,1,-1,-1,-1
214,1,523,1086,50,50,1,-1,-1,-1
214,2,698,1097,50,50,1,-1,-1,-1
214,3,472,551,50,50,1,-1,-1,-1
215,1,521,1037,50,50,1,-1,-1,-1
215,2,698,1097,50,50,1,-1,-1,-1
215,3,470,577,50,50,1,-1,-1,-1
216,1,549,992,50,50,1,-1,-1,-1
216,2,470,1002,50,50,1,-1,-1,-1
216,3,471,607,50,50,1,-1,-1,-1
217,1,547,944,50,50,1,-1,-1,-1
217,2,525,1296,50,50,1,-1,-1,-1
217,3,471,643,50,50,1,-1,-1,-1
218,1,542,917,50,50,1,-1,-1,-1
218,2,527,1305,50,50,1,-1,-1,-1
218,3,472,686,50,50,1,-1,-1,-1
219,1,517,914,50,50,1,-1,-1,-1
219,2,527,1307,50,50,1,-1,-1,-1
219,3,472,734,50,50,1,-1,-1,-1
220,1,503,906,50,50,1,-1,-1,-1
220,2,528,1314,50,50,1,-1,-1,-1
220,3,472,791,50,50,1,-1,-1,-1
221,1,484,885,50,50,1,-1,-1,-1
221,2,531,1316,50,50,1,-1,-1,-1
221,3,575,715,50,50,1,-1,-1,-1
222,1,479,914,50,50,1,-1,-1,-1
222,2,673,1126,50,50,1,-1,-1,-1
222,3,576,688,50,50,1,-1,-1,-1
223,1,475,938,50,50,1,-1,-1,-1
223,2,670,1133,50,50,1,-1,-1,-1
223,3,577,663,50,50,1,-1,-1,-1
224,1,472,958,50,50,1,-1,-1,-1
224,2,663,1152,50,50,1,-1,-1,-1
224,3,583,640,50,50,1,-1,-1,-1
225,1,469,975,50,50,1,-1,-1,-1
225,2,654,1166,50,50,1,-1,-1,-1
225,3,586,623,50,50,1,-1,-1,-1
226,1,467,994,50,50,1,-1,-1,-1
226,2,647,1171,50,50,1,-1,-1,-1
226,3,593,613,50,50,1,-1,-1,-1
227,1,468,1019,50,50,1,-1,-1,-1
227,2,639,1165,50,50,1,-1,-1,-1
227,3,597,609,50,50,1,-1,-1,-1
228,1,469,1041,50,50,1,-1,-1,-1
228,2,625,1160,50,50,1,-1,-1,-1
228,3,602,610,50,50,1,-1,-1,-1
229,1,472,1062,50,50,1,-1,-1,-1
229,2,615,1149,50,50,1,-1,-1,-1
229,3,608,614,50,50,1,-1,-1,-1
230,1,471,1076,50,50,1,-1,-1,-1
230,2,610,1128,50,50,1,-1,-1,-1
230,3,615,627,50,50,1,-1,-1,-1
231,1,470,1087,50,50,1,-1,-1,-1
231,2,601,1102,50,50,1,-1,-1,-1
231,3,623,645,50,50,1,-1,-1,-1
232,1,477,1100,50,50,1,-1,-1,-1
232,2,591,1060,50,50,1,-1,-1,-1
232,3,630,669,50,50,1,-1,-1,-1
233,1,479,1106,50,50,1,-1,-1,-1
233,2,583,1000,50,50,1,-1,-1,-1
233,3,639,698,50,50,1,-1,-1,-1
234,1,479,1109,50,50,1,-1,-1,-1
234,2,589,950,50,50,1,-1,-1,-1
234,3,646,734,50,50,1,-1,-1,-1
235,1,579,858,50,50,1,-1,-1,-1
235,2,611,942,50,50,1,-1,-1,-1
235,3,654,774,50,50,1,-1,-1,-1
236,1,583,806,50,50,1,-1,-1,-1
236,2,632,932,50,50,1,-1,-1,-1
236,3,663,820,50,50,1,-1,-1,-1
237,1,580,738,50,50,1,-1,-1,-1
237,2,660,910,50,50,1,-1,-1,-1
238,1,576,696,50,50,1,-1,-1,-1
238,3,677,937,50,50,1,-1,-1,-1
239,1,576,657,50,50,1,-1,-1,-1
239,3,692,964,50,50,1,-1,-1,-1
240,1,577,624,50,50,1,-1,-1,-1
240,3,693,992,50,50,1,-1,-1,-1
241,1,579,593,50,50,1,-1,-1,-1
241,3,691,1020,50,50,1,-1,-1,-1
242,1,580,572,50,50,1,-1,-1,-1
242,3,681,1053,50,50,1,-1,-1,-1
243,1,583,555,50,50,1,-1,-1,-1
243,3,669,1091,50,50,1,-1,-1,-1
244,1,586,543,50,50,1,-1,-1,-1
244,3,652,1121,50,50,1,-1,-1,-1
245,1,588,538,50,50,1,-1,-1,-1
245,3,642,1139,50,50,1,-1,-1,-1
246,1,590,537,50,50,1,-1,-1,-1
246,3,633,1145,50,50,1,-1,-1,-1
247,1,595,542,50,50,1,-1,-1,-1
247,3,621,1138,50,50,1,-1,-1,-1
248,1,600,552,50,50,1,-1,-1,-1
248,3,611,1121,50,50,1,-1,-1,-1
249,1,604,569,50,50,1,-1,-1,-1
249,3,602,1098,50,50,1,-1,-1,-1
250,1,609,593,50,50,1,-1,-1,-1
250,3,590,1062,50,50,1,-1,-1,-1
251,1,614,621,50,50,1,-1,-1,-1
251,3,581,1016,50,50,1,-1,-1,-1
252,1,618,656,50,50,1,-1,-1,-1
252,3,574,978,50,50,1,-1,-1,-1
253,1,625,697,50,50,1,-1,-1,-1
253,3,576,947,50,50,1,-1,-1,-1
254,1,631,741,50,50,1,-1,-1,-1
254,2,540,877,50,50,1,-1,-1,-1
254,3,606,954,50,50,1,-1,-1,-1
255,1,636,792,50,50,1,-1,-1,-1
255,2,467,1174,50,50,1,-1,-1,-1
255,3,624,950,50,50,1,-1,-1,-1
256,1,645,849,50,50,1,-1,-1,-1
256,2,466,1184,50,50,1,-1,-1,-1
256,3,647,952,50,50,1,-1,-1,-1
257,1,510,781,50,50,1,-1,-1,-1
257,2,469,1186,50,50,1,-1,-1,-1
257,3,659,936,50,50,1,-1,-1,-1
258,1,501,763,50,50,1,-1,-1,-1
258,2,470,1196,50,50,1,-1,-1,-1
258,3,668,963,50,50,1,-1,-1,-1
259,1,494,752,50,50,1,-1,-1,-1
259,2,475,1187,50,50,1,-1,-1,-1
259,3,670,979,50,50,1,-1,-1,-1
260,1,489,747,50,50,1,-1,-1,-1
260,2,484,1182,50,50,1,-1,-1,-1
260,3,668,988,50,50,1,-1,-1,-1
261,1,482,747,50,50,1,-1,-1,-1
261,2,502,1163,50,50,1,-1,-1,-1
261,3,665,995,50,50,1,-1,-1,-1
262,1,477,752,50,50,1,-1,-1,-1
262,2,511,1138,50,50,1,-1,-1,-1
262,3,661,1005,50,50,1,-1,-1,-1
263,1,471,763,50,50,1,-1,-1,-1
263,2,518,1103,50,50,1,-1,-1,-1
263,3,656,1013,50,50,1,-1,-1,-1
264,1,464,781,50,50,1,-1,-1,-1
264,2,520,1050,50,50,1,-1,-1,-1
264,3,654,1023,50,50,1,-1,-1,-1
265,1,460,804,50,50,1,-1,-1,-1
265,2,515,997,50,50,1,-1,-1,-1
265,3,653,1031,50,50,1,-1,-1,-1
266,1,453,834,50,50,1,-1,-1,-1
266,2,508,952,50,50,1,-1,-1,-1
266,3,653,1038,50,50,1,-1,-1,-1
267,1,477,852,50,50,1,-1,-1,-1
267,2,483,968,50,50,1,-1,-1,-1
267,3,655,1042,50,50,1,-1,-1,-1
268,1,499,780,50,50,1,-1,-1,-1
268,2,454,950,50,50,1,-1,-1,-1
268,3,657,1047,50,50,1,-1,-1,-1
269,1,494,724,50,50,1,-1,-1,-1
269,2,442,977,50,50,1,-1,-1,-1
269,3,661,1052,50,50,1,-1,-1,-1
270,1,491,683,50,50,1,-1,-1,-1
270,2,434,1007,50,50,1,-1,-1,-1
270,3,664,1058,50,50,1,-1,-1,-1
271,1,484,645,50,50,1,-1,-1,-1
271,2,428,1037,50,50,1,-1,-1,-1
271,3,667,1063,50,50,1,-1,-1,-1
272,1,478,611,50,50,1,-1,-1,-1
272,2,426,1062,50,50,1,-1,-1,-1
272,3,671,1069,50,50,1,-1,-1,-1
273,1,473,582,50,50,1,-1,-1,-1
273,2,430,1090,50,50,1,-1,-1,-1
273,3,675,1076,50,50,1,-1,-1,-1
274,1,467,560,50,50,1,-1,-1,-1
274,2,431,1117,50,50,1,-1,-1,-1
274,3,676,1080,50,50,1,-1,-1,-1
275,1,462,542,50,50,1,-1,-1,-1
275,2,434,1151,50,50,1,-1,-1,-1
275,3,678,1084,50,50,1,-1,-1,-1
276,1,457,531,50,50,1,-1,-1,-1
276,2,447,1171,50,50,1,-1,-1,-1
276,3,680,1082,50,50,1,-1,-1,-1
277,1,452,527,50,50,1,-1,-1,-1
277,2,457,1179,50,50,1,-1,-1,-1
277,3,679,1082,50,50,1,-1,-1,-1
278,1,448,527,50,50,1,-1,-1,-1
278,2,465,1179,50,50,1,-1,-1,-1
278,3,679,1083,50,50,1,-1,-1,-1
279,1,446,533,50,50,1,-1,-1,-1
279,2,475,1160,50,50,1,-1,-1,-1
279,3,678,1083,50,50,1,-1,-1,-1
280,1,440,544,50,50,1,-1,-1,-1
280,2,487,1136,50,50,1,-1,-1,-1
280,3,678,1086,50,50,1,-1,-1,-1
281,1,435,562,50,50,1,-1,-1,-1
281,2,489,1102,50,50,1,-1,-1,-1
281,3,675,1085,50,50,1,-1,-1,-1
282,1,431,585,50,50,1,-1,-1,-1
282,2,492,1061,50,50,1,-1,-1,-1
282,3,671,1089,50,50,1,-1,-1,-1
283,1,430,613,50,50,1,-1,-1,-1
283,2,492,1012,50,50,1,-1,-1,-1
283,3,660,1098,50,50,1,-1,-1,-1
284,1,427,648,50,50,1,-1,-1,-1
284,2,495,970,50,50,1,-1,-1,-1
284,3,661,1099,50,50,1,-1,-1,-1
285,1,426,688,50,50,1,-1,-1,-1
285,2,492,934,50,50,1,-1,-1,-1
285,3,654,1104,50,50,1,-1,-1,-1
286,1,425,734,50,50,1,-1,-1,-1
286,2,461,947,50,50,1,-1,-1,-1
286,3,653,1111,50,50,1,-1,-1,-1
287,1,423,786,50,50,1,-1,-1,-1
287,2,447,949,50,50,1,-1,-1,-1
287,3,648,1118,50,50,1,-1,-1,-1
288,1,421,844,50,50,1,-1,-1,-1
288,2,433,952,50,50,1,-1,-1,-1
288,3,642,1127,50,50,1,-1,-1,-1
289,1,527,728,50,50,1,-1,-1,-1
289,2,422,939,50,50,1,-1,-1,-1
289,3,638,1137,50,50,1,-1,-1,-1
290,1,530,705,50,50,1,-1,-1,-1
290,2,420,969,50,50,1,-1,-1,-1
290,3,630,1148,50,50,1,-1,-1,-1
291,1,537,688,50,50,1,-1,-1,-1
291,2,420,988,50,50,1,-1,-1,-1
291,3,624,1155,50,50,1,-1,-1,-1
292,1,542,678,50,50,1,-1,-1,-1
292,2,423,1004,50,50,1,-1,-1,-1
292,3,618,1156,50,50,1,-1,-1,-1
293,1,549,672,50,50,1,-1,-1,-1
293,2,429,1015,50,50,1,-1,-1,-1
293,3,610,1153,50,50,1,-1,-1,-1
294,1,555,670,50,50,1,-1,-1,-1
294,2,434,1025,50,50,1,-1,-1,-1
294,3,604,1146,50,50,1,-1,-1,-1
295,1,562,672,50,50,1,-1,-1,-1
295,2,439,1032,50,50,1,-1,-1,-1
295,3,594,1131,50,50,1,-1,-1,-1
296,1,570,681,50,50,1,-1,-1,-1
296,2,442,1037,50,50,1,-1,-1,-1
296,3,587,1104,50,50,1,-1,-1,-1
297,1,578,695,50,50,1,-1,-1,-1
297,2,445,1039,50,50,1,-1,-1,-1
297,3,572,1084,50,50,1,-1,-1,-1
298,1,588,718,50,50,1,-1,-1,-1
298,2,448,1042,50,50,1,-1,-1,-1
298,3,557,1035,50,50,1,-1,-1,-1
299,1,596,746,50,50,1,-1,-1,-1
299,2,450,1044,50,50,1,-1,-1,-1
299,3,548,974,50,50,1,-1,-1,-1
300,1,605,781,50,50,1,-1,-1,-1
300,2,450,1046,50,50,1,-1,-1,-1
300,3,555,934,50,50,1,-1,-1,-1
301,1,613,821,50,50,1,-1,-1,-1
301,2,449,1047,50,50,1,-1,-1,-1
301,3,586,940,50,50,1,-1,-1,-1
302,2,448,1048,50,50,1,-1,-1,-1
302,3,612,915,50,50,1,-1,-1,-1
303,1,627,939,50,50,1,-1,-1,-1
303,2,446,1051,50,50,1,-1,-1,-1
303,3,517,708,50,50,1,-1,-1,-1
304,1,639,965,50,50,1,-1,-1,-1
304,2,444,1053,50,50,1,-1,-1,-1
304,3,518,666,50,50,1,-1,-1,-1
305,1,646,989,50,50,1,-1,-1,-1
305,2,443,1055,50,50,1,-1,-1,-1
305,3,515,626,50,50,1,-1,-1,-1
306,1,647,1015,50,50,1,-1,-1,-1
306,2,441,1058,50,50,1,-1,-1,-1
306,3,515,591,50,50,1,-1,-1,-1
307,1,645,1041,50,50,1,-1,-1,-1
307,2,438,1060,50,50,1,-1,-1,-1
307,3,515,563,50,50,1,-1,-1,-1
308,1,639,1068,50,50,1,-1,-1,-1
308,2,435,1062,50,50,1,-1,-1,-1
308,3,514,540,50,50,1,-1,-1,-1
309,1,631,1091,50,50,1,-1,-1,-1
309,2,431,1064,50,50,1,-1,-1,-1
309,3,513,521,50,50,1,-1,-1,-1
310,1,620,1112,50,50,1,-1,-1,-1
310,2,428,1066,50,50,1,-1,-1,-1
310,3,512,512,50,50,1,-1,-1,-1
311,1,610,1128,50,50,1,-1,-1,-1
311,2,426,1067,50,50,1,-1,-1,-1
311,3,511,505,50,50,1,-1,-1,-1
312,1,603,1134,50,50,1,-1,-1,-1
312,2,423,1068,50,50,1,-1,-1,-1
312,3,511,505,50,50,1,-1,-1,-1
313,1,592,1128,50,50,1,-1,-1,-1
313,2,418,1068,50,50,1,-1,-1,-1
313,3,512,509,50,50,1,-1,-1,-1
314,1,584,1128,50,50,1,-1,-1,-1
314,2,414,1069,50,50,1,-1,-1,-1
314,3,513,521,50,50,1,-1,-1,-1
315,1,571,1097,50,50,1,-1,-1,-1
315,2,411,1071,50,50,1,-1,-1,-1
315,3,515,538,50,50,1,-1,-1,-1
316,1,558,1069,50,50,1,-1,-1,-1
316,2,411,1072,50,50,1,-1,-1,-1
316,3,518,560,50,50,1,-1,-1,-1
317,1,510,1049,50,50,1,-1,-1,-1
317,2,409,1075,50,50,1,-1,-1,-1
317,3,521,589,50,50,1,-1,-1,-1
318,1,505,1005,50,50,1,-1,-1,-1
318,2,409,1076,50,50,1,-1,-1,-1
318,3,523,624,50,50,1,-1,-1,-1
319,1,503,968,50,50,1,-1,-1,-1
319,2,409,1079,50,50,1,-1,-1,-1
319,3,526,667,50,50,1,-1,-1,-1
320,1,503,882,50,50,1,-1,-1,-1
320,2,409,1084,50,50,1,-1,-1,-1
320,3,475,1271,50,50,1,-1,-1,-1
321,1,472,837,50,50,1,-1,-1,-1
321,2,408,1094,50,50,1,-1,-1,-1
321,3,529,940,50,50,1,-1,-1,-1
322,1,475,818,50,50,1,-1,-1,-1
322,2,413,1105,50,50,1,-1,-1,-1
322,3,539,937,50,50,1,-1,-1,-1
323,1,509,864,50,50,1,-1,-1,-1
323,2,418,1120,50,50,1,-1,-1,-1
324,1,561,949,50,50,1,-1,-1,-1
324,2,423,1139,50,50,1,-1,-1,-1
324,3,444,727,50,50,1,-1,-1,-1
325,1,568,965,50,50,1,-1,-1,-1
325,2,434,1156,50,50,1,-1,-1,-1
325,3,436,704,50,50,1,-1,-1,-1
326,1,579,981,50,50,1,-1,-1,-1
326,2,437,1171,50,50,1,-1,-1,-1
326,3,429,688,50,50,1,-1,-1,-1
327,1,586,994,50,50,1,-1,-1,-1
327,2,446,1178,50,50,1,-1,-1,-1
327,3,421,676,50,50,1,-1,-1,-1
328,1,592,1005,50,50,1,-1,-1,-1
328,2,462,1175,50,50,1,-1,-1,-1
328,3,416,670,50,50,1,-1,-1,-1
329,1,601,1018,50,50,1,-1,-1,-1
329,2,480,1163,50,50,1,-1,-1,-1
329,3,409,670,50,50,1,-1,-1,-1
330,1,607,1026,50,50,1,-1,-1,-1
330,2,490,1121,50,50,1,-1,-1,-1
330,3,403,674,50,50,1,-1,-1,-1
331,1,613,1034,50,50,1,-1,-1,-1
331,2,489,1074,50,50,1,-1,-1,-1
331,3,401,684,50,50,1,-1,-1,-1
332,1,618,1041,50,50,1,-1,-1,-1
332,2,486,1006,50,50,1,-1,-1,-1
332,3,395,702,50,50,1,-1,-1,-1
333,1,623,1046,50,50,1,-1,-1,-1
333,2,480,952,50,50,1,-1,-1,-1
333,3,391,724,50,50,1,-1,-1,-1
334,1,627,1052,50,50,1,-1,-1,-1
334,2,464,909,50,50,1,-1,-1,-1
334,3,387,754,50,50,1,-1,-1,-1
335,1,466,797,50,50,1,-1,-1,-1
335,2,437,933,50,50,1,-1,-1,-1
335,3,386,786,50,50,1,-1,-1,-1
336,1,459,741,50,50,1,-1,-1,-1
336,2,414,933,50,50,1,-1,-1,-1
336,3,380,825,50,50,1,-1,-1,-1
337,1,455,693,50,50,1,-1,-1,-1
337,2,389,917,50,50,1,-1,-1,-1
337,3,639,1066,50,50,1,-1,-1,-1
338,1,447,649,50,50,1,-1,-1,-1
338,2,385,950,50,50,1,-1,-1,-1
338,3,643,1072,50,50,1,-1,-1,-1
339,1,441,609,50,50,1,-1,-1,-1
339,2,389,987,50,50,1,-1,-1,-1
339,3,646,1077,50,50,1,-1,-1,-1
340,1,433,578,50,50,1,-1,-1,-1
340,2,390,1014,50,50,1,-1,-1,-1
340,3,647,1081,50,50,1,-1,-1,-1
341,1,429,552,50,50,1,-1,-1,-1
341,2,393,1044,50,50,1,-1,-1,-1
341,3,650,1086,50,50,1,-1,-1,-1
342,1,423,532,50,50,1,-1,-1,-1
342,2,402,1077,50,50,1,-1,-1,-1
342,3,651,1090,50,50,1,-1,-1,-1
343,1,418,516,50,50,1,-1,-1,-1
343,2,419,1107,50,50,1,-1,-1,-1
343,3,653,1094,50,50,1,-1,-1,-1
344,1,412,507,50,50,1,-1,-1,-1
344,2,434,1137,50,50,1,-1,-1,-1
344,3,655,1096,50,50,1,-1,-1,-1
345,1,409,505,50,50,1,-1,-1,-1
345,2,448,1170,50,50,1,-1,-1,-1
345,3,657,1098,50,50,1,-1,-1,-1
346,1,405,508,50,50,1,-1,-1,-1
346,2,463,1165,50,50,1,-1,-1,-1
346,3,655,1101,50,50,1,-1,-1,-1
347,1,399,515,50,50,1,-1,-1,-1
347,2,472,1155,50,50,1,-1,-1,-1
347,3,655,1102,50,50,1,-1,-1,-1
348,1,399,529,50,50,1,-1,-1,-1
348,2,483,1126,50,50,1,-1,-1,-1
348,3,656,1105,50,50,1,-1,-1,-1
349,1,394,550,50,50,1,-1,-1,-1
349,2,486,1092,50,50,1,-1,-1,-1
349,3,656,1108,50,50,1,-1,-1,-1
350,1,390,576,50,50,1,-1,-1,-1
350,2,489,1046,50,50,1,-1,-1,-1
350,3,655,1107,50,50,1,-1,-1,-1
351,1,386,609,50,50,1,-1,-1,-1
351,2,490,995,50,50,1,-1,-1,-1
351,3,655,1118,50,50,1,-1,-1,-1
352,1,385,646,50,50,1,-1,-1,-1
352,2,490,952,50,50,1,-1,-1,-1
352,3,653,1122,50,50,1,-1,-1,-1
353,1,384,690,50,50,1,-1,-1,-1
353,2,482,916,50,50,1,-1,-1,-1
353,3,650,1126,50,50,1,-1,-1,-1
354,1,379,739,50,50,1,-1,-1,-1
354,2,444,924,50,50,1,-1,-1,-1
354,3,644,1127,50,50,1,-1,-1,-1
355,1,381,796,50,50,1,-1,-1,-1
355,2,423,920,50,50,1,-1,-1,-1
355,3,639,1133,50,50,1,-1,-1,-1
356,2,396,899,50,50,1,-1,-1,-1
356,3,635,1138,50,50,1,-1,-1,-1
357,1,390,930,50,50,1,-1,-1,-1
357,2,531,722,50,50,1,-1,-1,-1
357,3,632,1141,50,50,1,-1,-1,-1
358,1,384,953,50,50,1,-1,-1,-1
358,2,536,701,50,50,1,-1,-1,-1
358,3,625,1149,50,50,1,-1,-1,-1
359,1,383,970,50,50,1,-1,-1,-1
359,2,545,688,50,50,1,-1,-1,-1
359,3,620,1153,50,50,1,-1,-1,-1
360,1,385,987,50,50,1,-1,-1,-1
360,2,552,678,50,50,1,-1,-1,-1
360,3,615,1154,50,50,1,-1,-1,-1
361,1,388,1003,50,50,1,-1,-1,-1
361,2,557,674,50,50,1,-1,-1,-1
361,3,606,1150,50,50,1,-1,-1,-1
362,1,394,1021,50,50,1,-1,-1,-1
362,2,563,674,50,50,1,-1,-1,-1
362,3,599,1140,50,50,1,-1,-1,-1
363,1,402,1037,50,50,1,-1,-1,-1
363,2,573,679,50,50,1,-1,-1,-1
363,3,591,1119,50,50,1,-1,-1,-1
364,1,409,1049,50,50,1,-1,-1,-1
364,2,581,690,50,50,1,-1,-1,-1
364,3,580,1090,50,50,1,-1,-1,-1
365,1,414,1062,50,50,1,-1,-1,-1
365,2,589,706,50,50,1,-1,-1,-1
365,3,569,1042,50,50,1,-1,-1,-1
366,1,415,1075,50,50,1,-1,-1,-1
366,2,601,731,50,50,1,-1,-1,-1
366,3,562,981,50,50,1,-1,-1,-1
367,1,418,1083,50,50,1,-1,-1,-1
367,2,610,760,50,50,1,-1,-1,-1
367,3,569,935,50,50,1,-1,-1,-1
368,1,417,1088,50,50,1,-1,-1,-1
368,2,619,796,50,50,1,-1,-1,-1
368,3,593,930,50,50,1,-1,-1,-1
369,1,417,1090,50,50,1,-1,-1,-1
369,3,618,894,50,50,1,-1,-1,-1
370,1,418,1091,50,50,1,-1,-1,-1
370,2,633,916,50,50,1,-1,-1,-1
370,3,550,703,50,50,1,-1,-1,-1
371,1,419,1093,50,50,1,-1,-1,-1
371,2,648,946,50,50,1,-1,-1,-1
371,3,549,664,50,50,1,-1,-1,-1
372,1,417,1095,50,50,1,-1,-1,-1
372,2,660,973,50,50,1,-1,-1,-1
372,3,550,624,50,50,1,-1,-1,-1
373,1,417,1097,50,50,1,-1,-1,-1
373,2,666,1001,50,50,1,-1,-1,-1
373,3,551,585,50,50,1,-1,-1,-1
374,1,414,1099,50,50,1,-1,-1,-1
374,2,664,1031,50,50,1,-1,-1,-1
374,3,553,555,50,50,1,-1,-1,-1
375,1,413,1101,50,50,1,-1,-1,-1
375,2,654,1062,50,50,1,-1,-1,-1
375,3,555,529,50,50,1,-1,-1,-1
376,1,412,1103,50,50,1,-1,-1,-1
376,2,643,1094,50,50,1,-1,-1,-1
376,3,557,511,50,50,1,-1,-1,-1
377,1,412,1106,50,50,1,-1,-1,-1
377,2,630,1121,50,50,1,-1,-1,-1
377,3,557,497,50,50,1,-1,-1,-1
378,1,412,1106,50,50,1,-1,-1,-1
378,2,620,1136,50,50,1,-1,-1,-1
378,3,560,490,50,50,1,-1,-1,-1
379,1,411,1110,50,50,1,-1,-1,-1
379,2,613,1143,50,50,1,-1,-1,-1
379,3,564,488,50,50,1,-1,-1,-1
380,1,409,1113,50,50,1,-1,-1,-1
380,2,605,1139,50,50,1,-1,-1,-1
380,3,568,491,50,50,1,-1,-1,-1
381,1,412,1112,50,50,1,-1,-1,-1
381,2,598,1126,50,50,1,-1,-1,-1
381,3,572,498,50,50,1,-1,-1,-1
382,1,416,1112,50,50,1,-1,-1,-1
382,2,590,1106,50,50,1,-1,-1,-1
382,3,576,514,50,50,1,-1,-1,-1
383,1,417,1111,50,50,1,-1,-1,-1
383,2,579,1075,50,50,1,-1,-1,-1
383,3,580,534,50,50,1,-1,-1,-1
384,1,420,1114,50,50,1,-1,-1,-1
384,2,568,1032,50,50,1,-1,-1,-1
384,3,584,562,50,50,1,-1,-1,-1
385,1,423,1118,50,50,1,-1,-1,-1
385,2,557,990,50,50,1,-1,-1,-1
385,3,589,593,50,50,1,-1,-1,-1
386,1,427,1124,50,50,1,-1,-1,-1
386,2,556,957,50,50,1,-1,-1,-1
386,3,594,627,50,50,1,-1,-1,-1
387,1,433,1132,50,50,1,-1,-1,-1
387,2,577,955,50,50,1,-1,-1,-1
387,3,600,669,50,50,1,-1,-1,-1
388,1,437,1142,50,50,1,-1,-1,-1
388,2,590,946,50,50,1,-1,-1,-1
388,3,607,718,50,50,1,-1,-1,-1
389,1,441,1157,50,50,1,-1,-1,-1
389,2,605,943,50,50,1,-1,-1,-1
389,3,614,772,50,50,1,-1,-1,-1
390,1,450,1167,50,50,1,-1,-1,-1
390,2,619,945,50,50,1,-1,-1,-1
390,3,620,831,50,50,1,-1,-1,-1
391,1,460,1171,50,50,1,-1,-1,-1
391,2,630,926,50,50,1,-1,-1,-1
391,3,486,769,50,50,1,-1,-1,-1
392,1,472,1170,50,50,1,-1,-1,-1
392,2,640,956,50,50,1,-1,-1,-1
392,3,482,757,50,50,1,-1,-1,-1
393,1,485,1163,50,50,1,-1,-1,-1
393,2,642,974,50,50,1,-1,-1,-1
393,3,477,749,50,50,1,-1,-1,-1
394,1,495,1151,50,50,1,-1,-1,-1
394,2,642,988,50,50,1,-1,-1,-1
394,3,472,748,50,50,1,-1,-1,-1
395,1,503,1131,50,50,1,-1,-1,-1
395,2,641,999,50,50,1,-1,-1,-1
395,3,467,750,50,50,1,-1,-1,-1
396,1,510,1102,50,50,1,-1,-1,-1
396,2,639,1010,50,50,1,-1,-1,-1
396,3,461,760,50,50,1,-1,-1,-1
397,1,512,1057,50,50,1,-1,-1,-1
397,2,638,1018,50,50,1,-1,-1,-1
397,3,455,774,50,50,1,-1,-1,-1
398,1,508,1003,50,50,1,-1,-1,-1
398,2,638,1025,50,50,1,-1,-1,-1
398,3,449,793,50,50,1,-1,-1,-1
399,1,501,955,50,50,1,-1,-1,-1
399,2,637,1031,50,50,1,-1,-1,-1
399,3,445,821,50,50,1,-1,-1,-1
400,1,480,960,50,50,1,-1,-1,-1
400,2,637,1036,50,50,1,-1,-1,-1
400,3,469,851,50,50,1,-1,-1,-1
401,1,449,937,50,50,1,-1,-1,-1
401,2,639,1040,50,50,1,-1,-1,-1
401,3,491,794,50,50,1,-1,-1,-1
402,1,438,962,50,50,1,-1,-1,-1
402,2,642,1044,50,50,1,-1,-1,-1
402,3,485,740,50,50,1,-1,-1,-1
403,1,432,990,50,50,1,-1,-1,-1
403,2,645,1048,50,50,1,-1,-1,-1
403,3,478,696,50,50,1,-1,-1,-1
404,1,425,1019,50,50,1,-1,-1,-1
404,2,647,1054,50,50,1,-1,-1,-1
404,3,473,657,50,50,1,-1,-1,-1
405,1,423,1048,50,50,1,-1,-1,-1
405,2,648,1060,50,50,1,-1,-1,-1
405,3,467,623,50,50,1,-1,-1,-1
406,1,425,1076,50,50,1,-1,-1,-1
406,2,652,1065,50,50,1,-1,-1,-1
406,3,461,596,50,50,1,-1,-1,-1
407,1,430,1107,50,50,1,-1,-1,-1
407,2,653,1071,50,50,1,-1,-1,-1
407,3,453,573,50,50,1,-1,-1,-1
408,1,430,1137,50,50,1,-1,-1,-1
408,2,654,1076,50,50,1,-1,-1,-1
408,3,446,555,50,50,1,-1,-1,-1
409,1,441,1160,50,50,1,-1,-1,-1
409,2,654,1082,50,50,1,-1,-1,-1
409,3,442,544,50,50,1,-1,-1,-1
410,1,449,1167,50,50,1,-1,-1,-1
410,2,654,1087,50,50,1,-1,-1,-1
410,3,436,539,50,50,1,-1,-1,-1
411,1,462,1166,50,50,1,-1,-1,-1
411,2,654,1091,50,50,1,-1,-1,-1
411,3,432,539,50,50,1,-1,-1,-1
412,1,472,1149,50,50,1,-1,-1,-1
412,2,653,1094,50,50,1,-1,-1,-1
412,3,426,544,50,50,1,-1,-1,-1
413,1,480,1120,50,50,1,-1,-1,-1
413,2,653,1100,50,50,1,-1,-1,-1
413,3,421,555,50,50,1,-1,-1,-1
414,1,488,1084,50,50,1,-1,-1,-1
414,2,653,1101,50,50,1,-1,-1,-1
414,3,416,573,50,50,1,-1,-1,-1
415,1,491,1036,50,50,1,-1,-1,-1
415,2,649,1109,50,50,1,-1,-1,-1
415,3,413,594,50,50,1,-1,-1,-1
416,1,494,990,50,50,1,-1,-1,-1
416,2,647,1113,50,50,1,-1,-1,-1
416,3,408,623,50,50,1,-1,-1,-1
417,1,493,952,50,50,1,-1,-1,-1
417,2,645,1117,50,50,1,-1,-1,-1
417,3,405,657,50,50,1,-1,-1,-1
418,1,461,950,50,50,1,-1,-1,-1
418,2,643,1121,50,50,1,-1,-1,-1
418,3,401,697,50,50,1,-1,-1,-1
419,1,439,944,50,50,1,-1,-1,-1
419,2,639,1127,50,50,1,-1,-1,-1
419,3,399,743,50,50,1,-1,-1,-1
420,1,423,943,50,50,1,-1,-1,-1
420,2,637,1136,50,50,1,-1,-1,-1
420,3,397,795,50,50,1,-1,-1,-1
421,1,404,907,50,50,1,-1,-1,-1
421,2,635,1143,50,50,1,-1,-1,-1
422,2,632,1150,50,50,1,-1,-1,-1
422,3,398,936,50,50,1,-1,-1,-1
423,1,545,715,50,50,1,-1,-1,-1
423,2,627,1159,50,50,1,-1,-1,-1
423,3,397,966,50,50,1,-1,-1,-1
424,1,552,703,50,50,1,-1,-1,-1
424,2,624,1166,50,50,1,-1,-1,-1
424,3,394,987,50,50,1,-1,-1,-1
425,1,557,698,50,50,1,-1,-1,-1
425,2,619,1169,50,50,1,-1,-1,-1
425,3,400,1005,50,50,1,-1,-1,-1
426,1,563,696,50,50,1,-1,-1,-1
426,2,612,1168,50,50,1,-1,-1,-1
426,3,411,1022,50,50,1,-1,-1,-1
427,1,572,700,50,50,1,-1,-1,-1
427,2,603,1156,50,50,1,-1,-1,-1
427,3,417,1032,50,50,1,-1,-1,-1
428,1,582,708,50,50,1,-1,-1,-1
428,2,595,1137,50,50,1,-1,-1,-1
428,3,425,1042,50,50,1,-1,-1,-1
429,1,592,725,50,50,1,-1,-1,-1
429,2,584,1108,50,50,1,-1,-1,-1
429,3,431,1050,50,50,1,-1,-1,-1
430,1,600,746,50,50,1,-1,-1,-1
430,2,573,1060,50,50,1,-1,-1,-1
430,3,436,1055,50,50,1,-1,-1,-1
431,1,608,773,50,50,1,-1,-1,-1
431,2,565,998,50,50,1,-1,-1,-1
431,3,439,1059,50,50,1,-1,-1,-1
432,1,617,805,50,50,1,-1,-1,-1
432,2,571,947,50,50,1,-1,-1,-1
432,3,441,1061,50,50,1,-1,-1,-1
433,1,626,842,50,50,1,-1,-1,-1
433,2,599,948,50,50,1,-1,-1,-1
433,3,441,1063,50,50,1,-1,-1,-1
434,2,626,928,50,50,1,-1,-1,-1
434,3,441,1064,50,50,1,-1,-1,-1
435,1,639,954,50,50,1,-1,-1,-1
435,2,546,713,50,50,1,-1,-1,-1
435,3,440,1066,50,50,1,-1,-1,-1
436,1,655,980,50,50,1,-1,-1,-1
436,2,543,673,50,50,1,-1,-1,-1
436,3,439,1066,50,50,1,-1,-1,-1
437,1,663,1006,50,50,1,-1,-1,-1
437,2,544,628,50,50,1,-1,-1,-1
437,3,438,1069,50,50,1,-1,-1,-1
438,1,666,1035,50,50,1,-1,-1,-1
438,2,541,590,50,50,1,-1,-1,-1
438,3,436,1071,50,50,1,-1,-1,-1
439,1,658,1065,50,50,1,-1,-1,-1
439,2,542,556,50,50,1,-1,-1,-1
439,3,434,1070,50,50,1,-1,-1,-1
440,1,650,1096,50,50,1,-1,-1,-1
440,2,542,528,50,50,1,-1,-1,-1
440,3,433,1075,50,50,1,-1,-1,-1
441,1,638,1125,50,50,1,-1,-1,-1
441,2,541,506,50,50,1,-1,-1,-1
441,3,431,1076,50,50,1,-1,-1,-1
442,1,628,1142,50,50,1,-1,-1,-1
442,2,543,490,50,50,1,-1,-1,-1
442,3,431,1078,50,50,1,-1,-1,-1
443,1,618,1150,50,50,1,-1,-1,-1
443,2,544,480,50,50,1,-1,-1,-1
443,3,431,1079,50,50,1,-1,-1,-1
444,1,607,1148,50,50,1,-1,-1,-1
444,2,545,475,50,50,1,-1,-1,-1
444,3,432,1079,50,50,1,-1,-1,-1
445,1,599,1128,50,50,1,-1,-1,-1
445,2,545,475,50,50,1,-1,-1,-1
445,3,432,1078,50,50,1,-1,-1,-1
446,1,588,1108,50,50,1,-1,-1,-1
446,2,548,483,50,50,1,-1,-1,-1
447,1,576,1082,50,50,1,-1,-1,-1
447,2,550,495,50,50,1,-1,-1,-1
448,1,565,1050,50,50,1,-1,-1,-1
448,2,553,515,50,50,1,-1,-1,-1
449,1,530,1014,50,50,1,-1,-1,-1
449,2,556,540,50,50,1,-1,-1,-1
449,3,608,998,50,50,1,-1,-1,-1
450,1,526,967,50,50,1,-1,-1,-1
450,2,560,570,50,50,1,-1,-1,-1
450,3,609,982,50,50,1,-1,-1,-1
451,1,525,928,50,50,1,-1,-1,-1
451,2,564,608,50,50,1,-1,-1,-1
451,3,426,1086,50,50,1,-1,-1,-1
452,1,544,924,50,50,1,-1,-1,-1
452,2,568,650,50,50,1,-1,-1,-1
452,3,495,820,50,50,1,-1,-1,-1
453,1,558,917,50,50,1,-1,-1,-1
453,2,573,698,50,50,1,-1,-1,-1
453,3,489,785,50,50,1,-1,-1,-1
454,1,577,919,50,50,1,-1,-1,-1
454,2,483,754,50,50,1,-1,-1,-1
454,3,437,1114,50,50,1,-1,-1,-1
455,1,584,920,50,50,1,-1,-1,-1
455,2,480,742,50,50,1,-1,-1,-1
455,3,441,1126,50,50,1,-1,-1,-1
456,1,591,907,50,50,1,-1,-1,-1
456,2,470,693,50,50,1,-1,-1,-1
456,3,448,1159,50,50,1,-1,-1,-1
457,1,600,931,50,50,1,-1,-1,-1
457,2,465,672,50,50,1,-1,-1,-1
457,3,451,1162,50,50,1,-1,-1,-1
458,1,600,949,50,50,1,-1,-1,-1
458,2,459,656,50,50,1,-1,-1,-1
458,3,459,1163,50,50,1,-1,-1,-1
459,1,605,964,50,50,1,-1,-1,-1
459,2,456,646,50,50,1,-1,-1,-1
459,3,470,1166,50,50,1,-1,-1,-1
460,1,609,986,50,50,1,-1,-1,-1
460,2,450,643,50,50,1,-1,-1,-1
460,3,482,1159,50,50,1,-1,-1,-1
461,1,616,1006,50,50,1,-1,-1,-1
461,2,445,646,50,50,1,-1,-1,-1
461,3,495,1136,50,50,1,-1,-1,-1
462,1,623,1028,50,50,1,-1,-1,-1
462,2,441,653,50,50,1,-1,-1,-1
462,3,500,1104,50,50,1,-1,-1,-1
463,1,630,1049,50,50,1,-1,-1,-1
463,2,436,665,50,50,1,-1,-1,-1
463,3,506,1058,50,50,1,-1,-1,-1
464,1,637,1072,50,50,1,-1,-1,-1
464,2,432,685,50,50,1,-1,-1,-1
464,3,503,999,50,50,1,-1,-1,-1
465,1,644,1089,50,50,1,-1,-1,-1
465,2,428,709,50,50,1,-1,-1,-1
465,3,497,945,50,50,1,-1,-1,-1
466,1,649,1105,50,50,1,-1,-1,-1
466,2,425,740,50,50,1,-1,-1,-1
466,3,486,902,50,50,1,-1,-1,-1
467,1,655,1115,50,50,1,-1,-1,-1
467,2,453,775,50,50,1,-1,-1,-1
467,3,463,920,50,50,1,-1,-1,-1
468,1,659,1115,50,50,1,-1,-1,-1
468,2,420,816,50,50,1,-1,-1,-1
468,3,447,924,50,50,1,-1,-1,-1
469,1,665,1116,50,50,1,-1,-1,-1
469,2,479,670,50,50,1,-1,-1,-1
469,3,429,909,50,50,1,-1,-1,-1
470,1,668,1116,50,50,1,-1,-1,-1
470,2,472,625,50,50,1,-1,-1,-1
470,3,424,940,50,50,1,-1,-1,-1
471,1,673,1119,50,50,1,-1,-1,-1
471,2,467,588,50,50,1,-1,-1,-1
471,3,422,971,50,50,1,-1,-1,-1
472,1,676,1122,50,50,1,-1,-1,-1
472,2,460,554,50,50,1,-1,-1,-1
472,3,421,999,50,50,1,-1,-1,-1
473,1,678,1123,50,50,1,-1,-1,-1
473,2,455,527,50,50,1,-1,-1,-1
473,3,425,1027,50,50,1,-1,-1,-1
474,1,679,1124,50,50,1,-1,-1,-1
474,2,450,507,50,50,1,-1,-1,-1
474,3,433,1061,50,50,1,-1,-1,-1
475,1,680,1125,50,50,1,-1,-1,-1
475,2,446,492,50,50,1,-1,-1,-1
475,3,445,1100,50,50,1,-1,-1,-1
476,1,680,1126,50,50,1,-1,-1,-1
476,2,440,482,50,50,1,-1,-1,-1
476,3,457,1127,50,50,1,-1,-1,-1
477,1,682,1128,50,50,1,-1,-1,-1
477,2,435,478,50,50,1,-1,-1,-1
477,3,466,1147,50,50,1,-1,-1,-1
478,1,682,1128,50,50,1,-1,-1,-1
478,2,431,480,50,50,1,-1,-1,-1
478,3,473,1153,50,50,1,-1,-1,-1
479,1,680,1131,50,50,1,-1,-1,-1
479,2,429,486,50,50,1,-1,-1,-1
479,3,481,1144,50,50,1,-1,-1,-1
480,1,677,1132,50,50,1,-1,-1,-1
480,2,424,499,50,50,1,-1,-1,-1
480,3,490,1120,50,50,1,-1,-1,-1
481,1,675,1130,50,50,1,-1,-1,-1
481,2,421,519,50,50,1,-1,-1,-1
481,3,496,1096,50,50,1,-1,-1,-1
482,1,669,1129,50,50,1,-1,-1,-1
482,2,419,545,50,50,1,-1,-1,-1
482,3,501,1056,50,50,1,-1,-1,-1
483,1,667,1131,50,50,1,-1,-1,-1
483,2,415,575,50,50,1,-1,-1,-1
483,3,502,1007,50,50,1,-1,-1,-1
484,1,664,1132,50,50,1,-1,-1,-1
484,2,412,610,50,50,1,-1,-1,-1
484,3,502,964,50,50,1,-1,-1,-1
485,1,659,1135,50,50,1,-1,-1,-1
485,2,411,653,50,50,1,-1,-1,-1
485,3,499,929,50,50,1,-1,-1,-1
486,1,654,1137,50,50,1,-1,-1,-1
486,2,410,702,50,50,1,-1,-1,-1
486,3,473,938,50,50,1,-1,-1,-1
487,1,650,1142,50,50,1,-1,-1,-1
487,2,410,757,50,50,1,-1,-1,-1
487,3,454,936,50,50,1,-1,-1,-1
488,1,643,1153,50,50,1,-1,-1,-1
488,2,407,817,50,50,1,-1,-1,-1
488,3,435,945,50,50,1,-1,-1,-1
489,1,639,1160,50,50,1,-1,-1,-1
489,2,541,712,50,50,1,-1,-1,-1
489,3,416,924,50,50,1,-1,-1,-1
490,1,636,1165,50,50,1,-1,-1,-1
490,2,547,692,50,50,1,-1,-1,-1
490,3,412,962,50,50,1,-1,-1,-1
491,1,630,1173,50,50,1,-1,-1,-1
491,2,552,675,50,50,1,-1,-1,-1
491,3,410,987,50,50,1,-1,-1,-1
492,1,624,1173,50,50,1,-1,-1,-1
492,2,557,662,50,50,1,-1,-1,-1
492,3,410,1007,50,50,1,-1,-1,-1
493,1,618,1168,50,50,1,-1,-1,-1
493,2,561,654,50,50,1,-1,-1,-1
493,3,415,1022,50,50,1,-1,-1,-1
494,1,607,1159,50,50,1,-1,-1,-1
494,2,568,649,50,50,1,-1,-1,-1
494,3,421,1033,50,50,1,-1,-1,-1
495,1,597,1137,50,50,1,-1,-1,-1
495,2,575,653,50,50,1,-1,-1,-1
495,3,428,1042,50,50,1,-1,-1,-1
496,1,587,1107,50,50,1,-1,-1,-1
496,2,582,660,50,50,1,-1,-1,-1
496,3,434,1051,50,50,1,-1,-1,-1
497,1,575,1067,50,50,1,-1,-1,-1
497,2,590,674,50,50,1,-1,-1,-1
497,3,439,1057,50,50,1,-1,-1,-1
498,1,570,1005,50,50,1,-1,-1,-1
498,2,598,693,50,50,1,-1,-1,-1
498,3,442,1060,50,50,1,-1,-1,-1
499,1,569,950,50,50,1,-1,-1,-1
499,2,607,720,50,50,1,-1,-1,-1
499,3,443,1063,50,50,1,-1,-1,-1
500,1,592,946,50,50,1,-1,-1,-1
500,2,616,752,50,50,1,-1,-1,-1
500,3,445,1070,50,50,1,-1,-1,-1
501,1,606,939,50,50,1,-1,-1,-1
501,2,624,786,50,50,1,-1,-1,-1
501,3,441,1071,50,50,1,-1,-1,-1
502,1,624,943,50,50,1,-1,-1,-1
502,2,634,831,50,50,1,-1,-1,-1
502,3,561,710,50,50,1,-1,-1,-1
503,1,643,924,50,50,1,-1,-1,-1
503,2,558,668,50,50,1,-1,-1,-1
503,3,439,1079,50,50,1,-1,-1,-1
504,1,655,955,50,50,1,-1,-1,-1
504,2,561,619,50,50,1,-1,-1,-1
504,3,435,1081,50,50,1,-1,-1,-1
505,1,666,983,50,50,1,-1,-1,-1
505,2,562,578,50,50,1,-1,-1,-1
505,3,427,1084,50,50,1,-1,-1,-1
506,1,671,1009,50,50,1,-1,-1,-1
506,2,564,542,50,50,1,-1,-1,-1
506,3,424,1085,50,50,1,-1,-1,-1
507,1,667,1037,50,50,1,-1,-1,-1
507,2,567,512,50,50,1,-1,-1,-1
507,3,421,1089,50,50,1,-1,-1,-1
508,1,661,1071,50,50,1,-1,-1,-1
508,2,570,488,50,50,1,-1,-1,-1
508,3,422,1088,50,50,1,-1,-1,-1
509,1,653,1105,50,50,1,-1,-1,-1
509,2,573,469,50,50,1,-1,-1,-1
509,3,422,1088,50,50,1,-1,-1,-1
510,1,643,1133,50,50,1,-1,-1,-1
510,2,575,457,50,50,1,-1,-1,-1
510,3,422,1090,50,50,1,-1,-1,-1
511,1,636,1145,50,50,1,-1,-1,-1
511,2,579,451,50,50,1,-1,-1,-1
511,3,423,1091,50,50,1,-1,-1,-1
512,1,629,1151,50,50,1,-1,-1,-1
512,2,583,451,50,50,1,-1,-1,-1
512,3,426,1092,50,50,1,-1,-1,-1
513,1,620,1146,50,50,1,-1,-1,-1
513,2,588,454,50,50,1,-1,-1,-1
513,3,434,1092,50,50,1,-1,-1,-1
514,1,612,1129,50,50,1,-1,-1,-1
514,2,593,464,50,50,1,-1,-1,-1
514,3,436,1095,50,50,1,-1,-1,-1
515,1,605,1105,50,50,1,-1,-1,-1
515,2,598,481,50,50,1,-1,-1,-1
515,3,439,1096,50,50,1,-1,-1,-1
516,1,593,1077,50,50,1,-1,-1,-1
516,2,603,505,50,50,1,-1,-1,-1
516,3,443,1099,50,50,1,-1,-1,-1
517,1,581,1029,50,50,1,-1,-1,-1
517,2,609,532,50,50,1,-1,-1,-1
517,3,444,1102,50,50,1,-1,-1,-1
518,1,569,982,50,50,1,-1,-1,-1
518,2,615,567,50,50,1,-1,-1,-1
518,3,447,1107,50,50,1,-1,-1,-1
519,1,568,943,50,50,1,-1,-1,-1
519,2,622,607,50,50,1,-1,-1,-1
519,3,447,1114,50,50,1,-1,-1,-1
520,1,595,945,50,50,1,-1,-1,-1
520,2,629,654,50,50,1,-1,-1,-1
520,3,449,1123,50,50,1,-1,-1,-1
521,1,623,940,50,50,1,-1,-1,-1
521,2,636,705,50,50,1,-1,-1,-1
521,3,451,1135,50,50,1,-1,-1,-1
522,1,646,940,50,50,1,-1,-1,-1
522,2,645,764,50,50,1,-1,-1,-1
522,3,453,1151,50,50,1,-1,-1,-1
523,1,669,944,50,50,1,-1,-1,-1
523,2,653,829,50,50,1,-1,-1,-1
523,3,457,1160,50,50,1,-1,-1,-1
524,1,672,928,50,50,1,-1,-1,-1
524,2,490,721,50,50,1,-1,-1,-1
524,3,460,1172,50,50,1,-1,-1,-1
525,1,679,953,50,50,1,-1,-1,-1
525,2,481,701,50,50,1,-1,-1,-1
525,3,469,1178,50,50,1,-1,-1,-1
526,1,675,963,50,50,1,-1,-1,-1
526,2,474,690,50,50,1,-1,-1,-1
526,3,476,1178,50,50,1,-1,-1,-1
527,1,670,975,50,50,1,-1,-1,-1
527,2,467,683,50,50,1,-1,-1,-1
527,3,491,1160,50,50,1,-1,-1,-1
528,1,669,987,50,50,1,-1,-1,-1
528,2,460,681,50,50,1,-1,-1,-1
528,3,498,1135,50,50,1,-1,-1,-1
529,1,666,1005,50,50,1,-1,-1,-1
529,2,453,684,50,50,1,-1,-1,-1
529,3,508,1105,50,50,1,-1,-1,-1
530,1,660,1020,50,50,1,-1,-1,-1
530,2,443,694,50,50,1,-1,-1,-1
530,3,512,1055,50,50,1,-1,-1,-1
531,1,648,1040,50,50,1,-1,-1,-1
531,2,436,708,50,50,1,-1,-1,-1
531,3,509,996,50,50,1,-1,-1,-1
532,1,640,1057,50,50,1,-1,-1,-1
532,2,428,729,50,50,1,-1,-1,-1
532,3,501,942,50,50,1,-1,-1,-1
533,1,635,1077,50,50,1,-1,-1,-1
533,2,421,758,50,50,1,-1,-1,-1
533,3,487,934,50,50,1,-1,-1,-1
534,1,634,1093,50,50,1,-1,-1,-1
534,2,415,790,50,50,1,-1,-1,-1
534,3,464,922,50,50,1,-1,-1,-1
535,1,497,706,50,50,1,-1,-1,-1
535,2,408,829,50,50,1,-1,-1,-1
535,3,440,927,50,50,1,-1,-1,-1
536,1,639,1116,50,50,1,-1,-1,-1
536,2,492,655,50,50,1,-1,-1,-1
536,3,411,913,50,50,1,-1,-1,-1
537,1,642,1125,50,50,1,-1,-1,-1
537,2,487,609,50,50,1,-1,-1,-1
537,3,405,941,50,50,1,-1,-1,-1
538,1,648,1130,50,50,1,-1,-1,-1
538,2,483,569,50,50,1,-1,-1,-1
538,3,396,971,50,50,1,-1,-1,-1
539,1,654,1134,50,50,1,-1,-1,-1
539,2,479,535,50,50,1,-1,-1,-1
539,3,395,999,50,50,1,-1,-1,-1
540,1,656,1136,50,50,1,-1,-1,-1
540,2,475,506,50,50,1,-1,-1,-1
540,3,395,1027,50,50,1,-1,-1,-1
541,1,659,1137,50,50,1,-1,-1,-1
541,2,471,483,50,50,1,-1,-1,-1
541,3,399,1059,50,50,1,-1,-1,-1
542,1,660,1137,50,50,1,-1,-1,-1
542,2,468,467,50,50,1,-1,-1,-1
542,3,407,1099,50,50,1,-1,-1,-1
543,1,664,1143,50,50,1,-1,-1,-1
543,2,465,455,50,50,1,-1,-1,-1
543,3,426,1126,50,50,1,-1,-1,-1
544,1,665,1144,50,50,1,-1,-1,-1
544,2,463,449,50,50,1,-1,-1,-1
544,3,435,1150,50,50,1,-1,-1,-1
545,1,667,1143,50,50,1,-1,-1,-1
545,2,461,449,50,50,1,-1,-1,-1
545,3,458,1160,50,50,1,-1,-1,-1
546,1,670,1138,50,50,1,-1,-1,-1
546,2,459,455,50,50,1,-1,-1,-1
546,3,470,1162,50,50,1,-1,-1,-1
547,1,667,1134,50,50,1,-1,-1,-1
547,2,457,467,50,50,1,-1,-1,-1
547,3,481,1149,50,50,1,-1,-1,-1
548,1,668,1130,50,50,1,-1,-1,-1
548,2,452,484,50,50,1,-1,-1,-1
548,3,491,1120,50,50,1,-1,-1,-1
549,1,670,1127,50,50,1,-1,-1,-1
549,2,450,507,50,50,1,-1,-1,-1
549,3,501,1095,50,50,1,-1,-1,-1
550,1,669,1127,50,50,1,-1,-1,-1
550,2,449,536,50,50,1,-1,-1,-1
550,3,507,1054,50,50,1,-1,-1,-1
551,1,670,1128,50,50,1,-1,-1,-1
551,2,449,572,50,50,1,-1,-1,-1
551,3,509,1006,50,50,1,-1,-1,-1
552,2,449,611,50,50,1,-1,-1,-1
552,3,510,963,50,50,1,-1,-1,-1
553,1,664,1143,50,50,1,-1,-1,-1
553,2,448,657,50,50,1,-1,-1,-1
553,3,507,933,50,50,1,-1,-1,-1
554,1,660,1148,50,50,1,-1,-1,-1
554,2,448,710,50,50,1,-1,-1,-1
554,3,487,943,50,50,1,-1,-1,-1
555,1,655,1153,50,50,1,-1,-1,-1
555,2,448,768,50,50,1,-1,-1,-1
555,3,473,940,50,50,1,-1,-1,-1
556,1,651,1165,50,50,1,-1,-1,-1
556,2,448,833,50,50,1,-1,-1,-1
556,3,457,943,50,50,1,-1,-1,-1
557,1,649,1165,50,50,1,-1,-1,-1
557,2,537,714,50,50,1,-1,-1,-1
557,3,448,929,50,50,1,-1,-1,-1
558,1,645,1171,50,50,1,-1,-1,-1
558,2,541,692,50,50,1,-1,-1,-1
558,3,443,958,50,50,1,-1,-1,-1
559,1,639,1175,50,50,1,-1,-1,-1
559,2,544,676,50,50,1,-1,-1,-1
559,3,450,980,50,50,1,-1,-1,-1
560,1,630,1177,50,50,1,-1,-1,-1
560,2,549,665,50,50,1,-1,-1,-1
560,3,453,997,50,50,1,-1,-1,-1
561,1,617,1169,50,50,1,-1,-1,-1
561,2,554,655,50,50,1,-1,-1,-1
561,3,456,1011,50,50,1,-1,-1,-1
562,1,606,1157,50,50,1,-1,-1,-1
562,2,557,654,50,50,1,-1,-1,-1
562,3,457,1020,50,50,1,-1,-1,-1
563,1,595,1136,50,50,1,-1,-1,-1
563,2,562,658,50,50,1,-1,-1,-1
563,3,457,1028,50,50,1,-1,-1,-1
564,1,583,1108,50,50,1,-1,-1,-1
564,2,566,666,50,50,1,-1,-1,-1
564,3,456,1034,50,50,1,-1,-1,-1
565,1,568,1071,50,50,1,-1,-1,-1
565,2,573,683,50,50,1,-1,-1,-1
565,3,454,1039,50,50,1,-1,-1,-1
566,1,543,1021,50,50,1,-1,-1,-1
566,2,580,704,50,50,1,-1,-1,-1
566,3,452,1042,50,50,1,-1,-1,-1
567,1,545,959,50,50,1,-1,-1,-1
567,2,589,729,50,50,1,-1,-1,-1
567,3,449,1043,50,50,1,-1,-1,-1
568,1,551,919,50,50,1,-1,-1,-1
568,2,597,762,50,50,1,-1,-1,-1
568,3,445,1046,50,50,1,-1,-1,-1
569,1,575,927,50,50,1,-1,-1,-1
569,2,603,805,50,50,1,-1,-1,-1
569,3,441,1049,50,50,1,-1,-1,-1
570,1,599,902,50,50,1,-1,-1,-1
570,2,527,721,50,50,1,-1,-1,-1
570,3,437,1051,50,50,1,-1,-1,-1
571,1,610,928,50,50,1,-1,-1,-1
571,2,527,675,50,50,1,-1,-1,-1
571,3,434,1053,50,50,1,-1,-1,-1
572,1,621,958,50,50,1,-1,-1,-1
572,2,529,627,50,50,1,-1,-1,-1
572,3,432,1055,50,50,1,-1,-1,-1
573,1,628,986,50,50,1,-1,-1,-1
573,2,529,584,50,50,1,-1,-1,-1
573,3,430,1058,50,50,1,-1,-1,-1
574,1,632,1016,50,50,1,-1,-1,-1
574,2,530,547,50,50,1,-1,-1,-1
574,3,428,1062,50,50,1,-1,-1,-1
575,1,629,1050,50,50,1,-1,-1,-1
575,2,532,517,50,50,1,-1,-1,-1
575,3,427,1065,50,50,1,-1,-1,-1
576,1,626,1088,50,50,1,-1,-1,-1
576,2,533,491,50,50,1,-1,-1,-1
576,3,426,1067,50,50,1,-1,-1,-1
577,1,621,1119,50,50,1,-1,-1,-1
577,2,535,470,50,50,1,-1,-1,-1
577,3,426,1069,50,50,1,-1,-1,-1
578,1,615,1140,50,50,1,-1,-1,-1
578,2,537,457,50,50,1,-1,-1,-1
578,3,424,1072,50,50,1,-1,-1,-1
579,1,612,1149,50,50,1,-1,-1,-1
579,2,539,449,50,50,1,-1,-1,-1
580,1,606,1150,50,50,1,-1,-1,-1
580,2,541,448,50,50,1,-1,-1,-1
581,1,598,1146,50,50,1,-1,-1,-1
581,2,544,450,50,50,1,-1,-1,-1
582,1,590,1130,50,50,1,-1,-1,-1
582,2,548,458,50,50,1,-1,-1,-1
583,1,581,1104,50,50,1,-1,-1,-1
583,2,552,472,50,50,1,-1,-1,-1
584,1,571,1073,50,50,1,-1,-1,-1
584,2,557,494,50,50,1,-1,-1,-1
584,3,426,1088,50,50,1,-1,-1,-1
585,1,549,1032,50,50,1,-1,-1,-1
585,2,560,519,50,50,1,-1,-1,-1
585,3,431,1093,50,50,1,-1,-1,-1
586,1,544,987,50,50,1,-1,-1,-1
586,2,566,551,50,50,1,-1,-1,-1
586,3,434,1102,50,50,1,-1,-1,-1
587,1,542,950,50,50,1,-1,-1,-1
587,2,571,586,50,50,1,-1,-1,-1
587,3,436,1111,50,50,1,-1,-1,-1
588,1,543,922,50,50,1,-1,-1,-1
588,2,576,630,50,50,1,-1,-1,-1
588,3,438,1122,50,50,1,-1,-1,-1
589,1,569,932,50,50,1,-1,-1,-1
589,2,583,676,50,50,1,-1,-1,-1
589,3,440,1134,50,50,1,-1,-1,-1
590,1,581,928,50,50,1,-1,-1,-1
590,2,591,730,50,50,1,-1,-1,-1
590,3,443,1149,50,50,1,-1,-1,-1
591,1,592,928,50,50,1,-1,-1,-1
591,2,598,792,50,50,1,-1,-1,-1
591,3,443,1166,50,50,1,-1,-1,-1
592,1,603,901,50,50,1,-1,-1,-1
592,2,480,744,50,50,1,-1,-1,-1
592,3,449,1179,50,50,1,-1,-1,-1
593,1,611,937,50,50,1,-1,-1,-1
593,2,474,729,50,50,1,-1,-1,-1
593,3,455,1185,50,50,1,-1,-1,-1
594,1,617,957,50,50,1,-1,-1,-1
594,2,467,719,50,50,1,-1,-1,-1
594,3,464,1186,50,50,1,-1,-1,-1
595,1,622,975,50,50,1,-1,-1,-1
595,2,462,714,50,50,1,-1,-1,-1
595,3,476,1181,50,50,1,-1,-1,-1
596,1,626,993,50,50,1,-1,-1,-1
596,2,456,714,50,50,1,-1,-1,-1
596,3,494,1157,50,50,1,-1,-1,-1
597,1,631,1012,50,50,1,-1,-1,-1
597,2,452,720,50,50,1,-1,-1,-1
597,3,503,1129,50,50,1,-1,-1,-1
598,1,635,1030,50,50,1,-1,-1,-1
598,2,446,731,50,50,1,-1,-1,-1
598,3,510,1088,50,50,1,-1,-1,-1
599,1,639,1047,50,50,1,-1,-1,-1
599,2,437,748,50,50,1,-1,-1,-1
599,3,509,1033,50,50,1,-1,-1,-1
600,1,643,1059,50,50,1,-1,-1,-1
600,2,435,773,50,50,1,-1,-1,-1
600,3,503,980,50,50,1,-1,-1,-1
601,1,644,1070,50,50,1,-1,-1,-1
601,2,431,804,50,50,1,-1,-1,-1
601,3,494,933,50,50,1,-1,-1,-1
602,1,498,822,50,50,1,-1,-1,-1
602,2,428,835,50,50,1,-1,-1,-1
602,3,465,948,50,50,1,-1,-1,-1
603,1,649,1082,50,50,1,-1,-1,-1
603,2,437,922,50,50,1,-1,-1,-1
603,3,491,762,50,50,1,-1,-1,-1
604,1,652,1085,50,50,1,-1,-1,-1
604,2,430,947,50,50,1,-1,-1,-1
604,3,487,712,50,50,1,-1,-1,-1
605,1,657,1088,50,50,1,-1,-1,-1
605,2,422,973,50,50,1,-1,-1,-1
605,3,482,669,50,50,1,-1,-1,-1
606,1,661,1090,50,50,1,-1,-1,-1
606,2,419,998,50,50,1,-1,-1,-1
606,3,476,632,50,50,1,-1,-1,-1
607,1,665,1091,50,50,1,-1,-1,-1
607,2,421,1023,50,50,1,-1,-1,-1
607,3,470,598,50,50,1,-1,-1,-1
608,1,668,1092,50,50,1,-1,-1,-1
608,2,426,1046,50,50,1,-1,-1,-1
608,3,465,572,50,50,1,-1,-1,-1
609,1,672,1092,50,50,1,-1,-1,-1
609,2,436,1075,50,50,1,-1,-1,-1
609,3,460,551,50,50,1,-1,-1,-1
610,1,673,1093,50,50,1,-1,-1,-1
610,2,446,1105,50,50,1,-1,-1,-1
610,3,455,537,50,50,1,-1,-1,-1
611,1,672,1094,50,50,1,-1,-1,-1
611,2,458,1129,50,50,1,-1,-1,-1
611,3,451,526,50,50,1,-1,-1,-1
612,1,672,1094,50,50,1,-1,-1,-1
612,2,465,1145,50,50,1,-1,-1,-1
612,3,448,523,50,50,1,-1,-1,-1
613,1,671,1096,50,50,1,-1,-1,-1
613,2,469,1150,50,50,1,-1,-1,-1
613,3,444,524,50,50,1,-1,-1,-1
614,1,666,1097,50,50,1,-1,-1,-1
614,2,478,1140,50,50,1,-1,-1,-1
614,3,441,530,50,50,1,-1,-1,-1
615,1,666,1100,50,50,1,-1,-1,-1
615,2,485,1123,50,50,1,-1,-1,-1
615,3,437,543,50,50,1,-1,-1,-1
616,1,665,1107,50,50,1,-1,-1,-1
616,2,494,1097,50,50,1,-1,-1,-1
616,3,433,561,50,50,1,-1,-1,-1
617,1,659,1113,50,50,1,-1,-1,-1
617,2,498,1059,50,50,1,-1,-1,-1
617,3,430,587,50,50,1,-1,-1,-1
618,1,656,1115,50,50,1,-1,-1,-1
618,2,501,1018,50,50,1,-1,-1,-1
618,3,424,619,50,50,1,-1,-1,-1
619,1,654,1121,50,50,1,-1,-1,-1
619,2,503,980,50,50,1,-1,-1,-1
619,3,421,653,50,50,1,-1,-1,-1
620,1,649,1129,50,50,1,-1,-1,-1
620,2,502,945,50,50,1,-1,-1,-1
620,3,423,695,50,50,1,-1,-1,-1
621,1,644,1139,50,50,1,-1,-1,-1
621,2,480,945,50,50,1,-1,-1,-1
621,3,421,744,50,50,1,-1,-1,-1
622,1,639,1146,50,50,1,-1,-1,-1
622,2,458,940,50,50,1,-1,-1,-1
622,3,421,797,50,50,1,-1,-1,-1
623,1,635,1155,50,50,1,-1,-1,-1
623,2,431,906,50,50,1,-1,-1,-1
624,1,628,1160,50,50,1,-1,-1,-1
624,3,425,941,50,50,1,-1,-1,-1
625,1,621,1166,50,50,1,-1,-1,-1
625,3,416,969,50,50,1,-1,-1,-1
626,1,611,1170,50,50,1,-1,-1,-1
626,3,414,989,50,50,1,-1,-1,-1
627,1,604,1164,50,50,1,-1,-1,-1
627,3,416,1005,50,50,1,-1,-1,-1
628,1,596,1153,50,50,1,-1,-1,-1
628,3,416,1020,50,50,1,-1,-1,-1
629,1,586,1133,50,50,1,-1,-1,-1
629,3,420,1032,50,50,1,-1,-1,-1
630,1,576,1105,50,50,1,-1,-1,-1
630,3,424,1042,50,50,1,-1,-1,-1
631,1,563,1058,50,50,1,-1,-1,-1
631,2,593,791,50,50,1,-1,-1,-1
631,3,427,1051,50,50,1,-1,-1,-1
632,1,556,997,50,50,1,-1,-1,-1
632,2,599,812,50,50,1,-1,-1,-1
632,3,429,1057,50,50,1,-1,-1,-1
633,1,563,949,50,50,1,-1,-1,-1
633,2,605,839,50,50,1,-1,-1,-1
633,3,431,1063,50,50,1,-1,-1,-1
634,1,611,874,50,50,1,-1,-1,-1
634,2,590,962,50,50,1,-1,-1,-1
634,3,431,1066,50,50,1,-1,-1,-1
635,1,616,951,50,50,1,-1,-1,-1
635,3,431,1069,50,50,1,-1,-1,-1
636,1,630,974,50,50,1,-1,-1,-1
636,2,555,705,50,50,1,-1,-1,-1
636,3,433,1075,50,50,1,-1,-1,-1
637,1,642,1001,50,50,1,-1,-1,-1
637,2,556,660,50,50,1,-1,-1,-1
637,3,430,1078,50,50,1,-1,-1,-1
638,1,647,1024,50,50,1,-1,-1,-1
638,2,559,614,50,50,1,-1,-1,-1
638,3,428,1080,50,50,1,-1,-1,-1
639,1,644,1048,50,50,1,-1,-1,-1
639,2,564,572,50,50,1,-1,-1,-1
639,3,422,1084,50,50,1,-1,-1,-1
640,1,639,1074,50,50,1,-1,-1,-1
640,2,568,537,50,50,1,-1,-1,-1
640,3,419,1089,50,50,1,-1,-1,-1
641,1,635,1100,50,50,1,-1,-1,-1
641,2,573,506,50,50,1,-1,-1,-1
641,3,417,1090,50,50,1,-1,-1,-1
642,1,629,1125,50,50,1,-1,-1,-1
642,2,578,483,50,50,1,-1,-1,-1
642,3,416,1090,50,50,1,-1,-1,-1
643,1,622,1145,50,50,1,-1,-1,-1
643,2,583,467,50,50,1,-1,-1,-1
643,3,416,1092,50,50,1,-1,-1,-1
644,1,618,1153,50,50,1,-1,-1,-1
644,2,588,453,50,50,1,-1,-1,-1
644,3,416,1094,50,50,1,-1,-1,-1
645,1,614,1148,50,50,1,-1,-1,-1
645,2,593,447,50,50,1,-1,-1,-1
645,3,422,1094,50,50,1,-1,-1,-1
646,1,609,1135,50,50,1,-1,-1,-1
646,2,601,446,50,50,1,-1,-1,-1
646,3,426,1096,50,50,1,-1,-1,-1
647,1,603,1111,50,50,1,-1,-1,-1
647,2,608,450,50,50,1,-1,-1,-1
647,3,430,1094,50,50,1,-1,-1,-1
648,1,596,1081,50,50,1,-1,-1,-1
648,2,616,460,50,50,1,-1,-1,-1
648,3,431,1096,50,50,1,-1,-1,-1
649,1,582,1037,50,50,1,-1,-1,-1
649,2,622,477,50,50,1,-1,-1,-1
649,3,433,1099,50,50,1,-1,-1,-1
650,1,569,983,50,50,1,-1,-1,-1
650,2,630,500,50,50,1,-1,-1,-1
650,3,435,1105,50,50,1,-1,-1,-1
651,1,567,939,50,50,1,-1,-1,-1
651,2,637,527,50,50,1,-1,-1,-1
651,3,437,1106,50,50,1,-1,-1,-1
652,1,587,916,50,50,1,-1,-1,-1
652,2,648,564,50,50,1,-1,-1,-1
652,3,441,1110,50,50,1,-1,-1,-1
653,1,614,911,50,50,1,-1,-1,-1
653,2,657,605,50,50,1,-1,-1,-1
653,3,442,1115,50,50,1,-1,-1,-1
654,1,631,901,50,50,1,-1,-1,-1
654,2,667,653,50,50,1,-1,-1,-1
654,3,446,1125,50,50,1,-1,-1,-1
655,1,651,895,50,50,1,-1,-1,-1
655,2,676,709,50,50,1,-1,-1,-1
655,3,447,1133,50,50,1,-1,-1,-1
656,1,665,900,50,50,1,-1,-1,-1
656,2,687,768,50,50,1,-1,-1,-1
656,3,451,1143,50,50,1,-1,-1,-1
657,1,673,889,50,50,1,-1,-1,-1
657,2,504,676,50,50,1,-1,-1,-1
657,3,456,1152,50,50,1,-1,-1,-1
658,1,661,924,50,50,1,-1,-1,-1
658,2,497,660,50,50,1,-1,-1,-1
658,3,463,1158,50,50,1,-1,-1,-1
659,1,683,933,50,50,1,-1,-1,-1
659,2,586,967,50,50,1,-1,-1,-1
659,3,471,1163,50,50,1,-1,-1,-1
660,1,679,953,50,50,1,-1,-1,-1
660,2,483,639,50,50,1,-1,-1,-1
660,3,483,1158,50,50,1,-1,-1,-1
661,1,676,974,50,50,1,-1,-1,-1
661,2,478,639,50,50,1,-1,-1,-1
661,3,496,1144,50,50,1,-1,-1,-1
662,1,678,1000,50,50,1,-1,-1,-1
662,2,474,643,50,50,1,-1,-1,-1
662,3,505,1124,50,50,1,-1,-1,-1
663,1,678,1030,50,50,1,-1,-1,-1
663,2,468,654,50,50,1,-1,-1,-1
663,3,515,1101,50,50,1,-1,-1,-1
664,1,674,1051,50,50,1,-1,-1,-1
664,2,461,671,50,50,1,-1,-1,-1
664,3,541,1071,50,50,1,-1,-1,-1
665,1,673,1067,50,50,1,-1,-1,-1
665,2,456,695,50,50,1,-1,-1,-1
665,3,526,1009,50,50,1,-1,-1,-1
666,1,674,1087,50,50,1,-1,-1,-1
666,2,452,724,50,50,1,-1,-1,-1
666,3,525,948,50,50,1,-1,-1,-1
667,1,677,1108,50,50,1,-1,-1,-1
667,2,448,757,50,50,1,-1,-1,-1
667,3,507,913,50,50,1,-1,-1,-1
668,1,676,1117,50,50,1,-1,-1,-1
668,2,468,794,50,50,1,-1,-1,-1
668,3,489,928,50,50,1,-1,-1,-1
669,1,494,722,50,50,1,-1,-1,-1
669,2,443,846,50,50,1,-1,-1,-1
669,3,467,937,50,50,1,-1,-1,-1
670,1,674,1125,50,50,1,-1,-1,-1
670,2,487,675,50,50,1,-1,-1,-1
670,3,443,931,50,50,1,-1,-1,-1
671,1,673,1128,50,50,1,-1,-1,-1
671,2,476,629,50,50,1,-1,-1,-1
671,3,435,965,50,50,1,-1,-1,-1
672,1,673,1130,50,50,1,-1,-1,-1
672,2,467,590,50,50,1,-1,-1,-1
672,3,430,996,50,50,1,-1,-1,-1
673,1,672,1133,50,50,1,-1,-1,-1
673,2,456,553,50,50,1,-1,-1,-1
673,3,429,1023,50,50,1,-1,-1,-1
674,1,670,1134,50,50,1,-1,-1,-1
674,2,449,526,50,50,1,-1,-1,-1
674,3,433,1055,50,50,1,-1,-1,-1
675,1,671,1139,50,50,1,-1,-1,-1
675,2,438,504,50,50,1,-1,-1,-1
675,3,438,1085,50,50,1,-1,-1,-1
676,1,671,1142,50,50,1,-1,-1,-1
676,2,427,488,50,50,1,-1,-1,-1
676,3,443,1113,50,50,1,-1,-1,-1
677,1,669,1142,50,50,1,-1,-1,-1
677,2,419,478,50,50,1,-1,-1,-1
677,3,447,1133,50,50,1,-1,-1,-1
678,1,665,1139,50,50,1,-1,-1,-1
678,2,412,473,50,50,1,-1,-1,-1
678,3,451,1149,50,50,1,-1,-1,-1
679,1,663,1136,50,50,1,-1,-1,-1
679,2,404,473,50,50,1,-1,-1,-1
679,3,456,1156,50,50,1,-1,-1,-1
680,1,658,1132,50,50,1,-1,-1,-1
680,2,397,479,50,50,1,-1,-1,-1
680,3,461,1158,50,50,1,-1,-1,-1
681,1,655,1128,50,50,1,-1,-1,-1
681,2,390,491,50,50,1,-1,-1,-1
681,3,465,1152,50,50,1,-1,-1,-1
682,1,650,1124,50,50,1,-1,-1,-1
682,2,381,509,50,50,1,-1,-1,-1
682,3,472,1133,50,50,1,-1,-1,-1
683,1,650,1123,50,50,1,-1,-1,-1
683,2,374,533,50,50,1,-1,-1,-1
683,3,474,1101,50,50,1,-1,-1,-1
684,1,648,1121,50,50,1,-1,-1,-1
684,2,369,563,50,50,1,-1,-1,-1
684,3,476,1064,50,50,1,-1,-1,-1
685,1,645,1120,50,50,1,-1,-1,-1
685,2,362,599,50,50,1,-1,-1,-1
685,3,475,1012,50,50,1,-1,-1,-1
686,1,637,1118,50,50,1,-1,-1,-1
686,2,357,639,50,50,1,-1,-1,-1
686,3,464,965,50,50,1,-1,-1,-1
687,1,638,1117,50,50,1,-1,-1,-1
687,2,351,685,50,50,1,-1,-1,-1
687,3,456,928,50,50,1,-1,-1,-1
688,1,637,1120,50,50,1,-1,-1,-1
688,2,346,737,50,50,1,-1,-1,-1
688,3,443,910,50,50,1,-1,-1,-1
689,1,635,1119,50,50,1,-1,-1,-1
689,2,340,797,50,50,1,-1,-1,-1
689,3,428,903,50,50,1,-1,-1,-1
690,1,632,1118,50,50,1,-1,-1,-1
690,2,334,863,50,50,1,-1,-1,-1
690,3,405,920,50,50,1,-1,-1,-1
691,1,632,1119,50,50,1,-1,-1,-1
691,3,389,930,50,50,1,-1,-1,-1
692,1,630,1117,50,50,1,-1,-1,-1
692,3,395,925,50,50,1,-1,-1,-1
693,1,630,1114,50,50,1,-1,-1,-1
693,3,395,922,50,50,1,-1,-1,-1
694,1,629,1107,50,50,1,-1,-1,-1
694,3,405,926,50,50,1,-1,-1,-1
695,1,630,1100,50,50,1,-1,-1,-1
695,3,416,935,50,50,1,-1,-1,-1
696,1,630,1091,50,50,1,-1,-1,-1
696,2,508,734,50,50,1,-1,-1,-1
696,3,383,1022,50,50,1,-1,-1,-1
697,1,629,1080,50,50,1,-1,-1,-1
697,2,513,737,50,50,1,-1,-1,-1
697,3,393,1035,50,50,1,-1,-1,-1
698,1,628,1074,50,50,1,-1,-1,-1
698,2,516,747,50,50,1,-1,-1,-1
698,3,397,1050,50,50,1,-1,-1,-1
699,1,626,1067,50,50,1,-1,-1,-1
699,2,527,749,50,50,1,-1,-1,-1
699,3,404,1061,50,50,1,-1,-1,-1
700,1,624,1062,50,50,1,-1,-1,-1
700,3,409,1070,50,50,1,-1,-1,-1
701,1,619,1055,50,50,1,-1,-1,-1
701,2,524,818,50,50,1,-1,-1,-1
701,3,413,1077,50,50,1,-1,-1,-1
702,1,616,1051,50,50,1,-1,-1,-1
702,2,533,829,50,50,1,-1,-1,-1
702,3,417,1086,50,50,1,-1,-1,-1
703,1,612,1058,50,50,1,-1,-1,-1
703,2,543,864,50,50,1,-1,-1,-1
703,3,422,1088,50,50,1,-1,-1,-1
704,1,609,1059,50,50,1,-1,-1,-1
704,2,572,940,50,50,1,-1,-1,-1
704,3,424,1092,50,50,1,-1,-1,-1
705,1,605,1058,50,50,1,-1,-1,-1
705,2,579,981,50,50,1,-1,-1,-1
705,3,427,1095,50,50,1,-1,-1,-1
706,1,595,1036,50,50,1,-1,-1,-1
707,2,598,1040,50,50,1,-1,-1,-1
708,2,597,1041,50,50,1,-1,-1,-1
709,2,598,1043,50,50,1,-1,-1,-1
710,2,597,1054,50,50,1,-1,-1,-1
711,2,599,1054,50,50,1,-1,-1,-1
712,2,603,1055,50,50,1,-1,-1,-1
713,2,607,1055,50,50,1,-1,-1,-1
714,2,612,1054,50,50,1,-1,-1,-1
715,2,616,1053,50,50,1,-1,-1,-1
716,2,620,1051,50,50,1,-1,-1,-1
717,2,623,1051,50,50,1,-1,-1,-1
718,2,626,1050,50,50,1,-1,-1,-1
719,2,628,1049,50,50,1,-1,-1,-1
720,2,630,1050,50,50,1,-1,-1,-1
721,2,632,1051,50,50,1,-1,-1,-1
722,2,633,1052,50,50,1,-1,-1,-1
723,2,640,1053,50,50,1,-1,-1,-1
724,2,644,1054,50,50,1,-1,-1,-1
725,2,639,1054,50,50,1,-1,-1,-1
726,2,648,1055,50,50,1,-1,-1,-1
727,2,648,1057,50,50,1,-1,-1,-1
728,2,648,1057,50,50,1,-1,-1,-1
729,2,649,1057,50,50,1,-1,-1,-1
730,2,650,1058,50,50,1,-1,-1,-1
731,2,648,1064,50,50,1,-1,-1,-1
732,2,647,1065,50,50,1,-1,-1,-1
733,2,647,1065,50,50,1,-1,-1,-1
734,2,647,1065,50,50,1,-1,-1,-1
735,2,647,1065,50,50,1,-1,-1,-1
736,2,647,1065,50,50,1,-1,-1,-1
737,2,647,1065,50,50,1,-1,-1,-1
738,2,655,1065,50,50,1,-1,-1,-1
739,2,658,1064,50,50,1,-1,-1,-1
740,2,659,1065,50,50,1,-1,-1,-1
741,2,660,1067,50,50,1,-1,-1,-1
742,2,662,1066,50,50,1,-1,-1,-1
743,2,664,1064,50,50,1,-1,-1,-1
744,2,665,1068,50,50,1,-1,-1,-1
745,2,667,1066,50,50,1,-1,-1,-1
746,2,664,1070,50,50,1,-1,-1,-1
747,2,664,1073,50,50,1,-1,-1,-1
748,2,664,1076,50,50,1,-1,-1,-1
749,2,665,1077,50,50,1,-1,-1,-1
750,2,664,1078,50,50,1,-1,-1,-1
751,2,665,1078,50,50,1,-1,-1,-1
752,2,665,1078,50,50,1,-1,-1,-1
753,2,665,1078,50,50,1,-1,-1,-1
754,2,665,1078,50,50,1,-1,-1,-1
755,2,665,1078,50,50,1,-1,-1,-1
756,2,665,1078,50,50,1,-1,-1,-1
757,2,665,1078,50,50,1,-1,-1,-1
758,2,665,1078,50,50,1,-1,-1,-1
759,2,665,1078,50,50,1,-1,-1,-1
760,2,665,1078,50,50,1,-1,-1,-1
761,2,665,1078,50,50,1,-1,-1,-1
762,2,665,1078,50,50,1,-1,-1,-1
763,2,665,1078,50,50,1,-1,-1,-1
764,2,665,1078,50,50,1,-1,-1,-1
