11,1,539,1085,50,50,1,-1,-1,-1
12,1,588,1021,50,50,1,-1,-1,-1
13,1,464,1165,50,50,1,-1,-1,-1
13,2,591,976,50,50,1,-1,-1,-1
14,2,588,941,50,50,1,-1,-1,-1
15,1,475,1184,50,50,1,-1,-1,-1
15,2,580,848,50,50,1,-1,-1,-1
16,3,624,961,50,50,1,-1,-1,-1
17,3,629,975,50,50,1,-1,-1,-1
18,3,633,979,50,50,1,-1,-1,-1
19,1,488,1115,50,50,1,-1,-1,-1
19,2,588,710,50,50,1,-1,-1,-1
19,3,641,989,50,50,1,-1,-1,-1
20,1,485,1098,50,50,1,-1,-1,-1
20,3,643,996,50,50,1,-1,-1,-1
21,2,477,1034,50,50,1,-1,-1,-1
21,3,639,1000,50,50,1,-1,-1,-1
22,2,469,995,50,50,1,-1,-1,-1
22,3,627,999,50,50,1,-1,-1,-1
23,2,463,964,50,50,1,-1,-1,-1
23,3,609,995,50,50,1,-1,-1,-1
24,1,475,994,50,50,1,-1,-1,-1
24,2,449,872,50,50,1,-1,-1,-1
24,3,591,990,50,50,1,-1,-1,-1
25,1,510,1276,50,50,1,-1,-1,-1
25,2,445,811,50,50,1,-1,-1,-1
25,3,520,989,50,50,1,-1,-1,-1
26,1,511,1278,50,50,1,-1,-1,-1
26,2,439,769,50,50,1,-1,-1,-1
26,3,522,991,50,50,1,-1,-1,-1
27,1,500,1012,50,50,1,-1,-1,-1
27,2,511,1278,50,50,1,-1,-1,-1
27,3,587,971,50,50,1,-1,-1,-1
28,1,426,706,50,50,1,-1,-1,-1
28,2,500,1026,50,50,1,-1,-1,-1
28,3,595,964,50,50,1,-1,-1,-1
29,1,499,1042,50,50,1,-1,-1,-1
29,2,638,766,50,50,1,-1,-1,-1
29,3,607,959,50,50,1,-1,-1,-1
30,1,499,1061,50,50,1,-1,-1,-1
30,2,644,802,50,50,1,-1,-1,-1
30,3,621,958,50,50,1,-1,-1,-1
31,1,505,1087,50,50,1,-1,-1,-1
31,2,652,841,50,50,1,-1,-1,-1
31,3,639,959,50,50,1,-1,-1,-1
32,1,505,1107,50,50,1,-1,-1,-1
32,3,655,935,50,50,1,-1,-1,-1
33,1,506,1118,50,50,1,-1,-1,-1
33,3,666,959,50,50,1,-1,-1,-1
34,1,509,1122,50,50,1,-1,-1,-1
34,2,395,647,50,50,1,-1,-1,-1
34,3,673,977,50,50,1,-1,-1,-1
35,1,507,1108,50,50,1,-1,-1,-1
35,2,391,656,50,50,1,-1,-1,-1
35,3,673,989,50,50,1,-1,-1,-1
36,1,509,1082,50,50,1,-1,-1,-1
36,2,387,673,50,50,1,-1,-1,-1
36,3,672,1001,50,50,1,-1,-1,-1
37,1,508,1037,50,50,1,-1,-1,-1
37,2,381,695,50,50,1,-1,-1,-1
37,3,665,1012,50,50,1,-1,-1,-1
38,1,503,991,50,50,1,-1,-1,-1
38,2,379,723,50,50,1,-1,-1,-1
38,3,657,1032,50,50,1,-1,-1,-1
39,1,491,949,50,50,1,-1,-1,-1
39,2,375,756,50,50,1,-1,-1,-1
39,3,651,1051,50,50,1,-1,-1,-1
40,1,476,922,50,50,1,-1,-1,-1
40,2,373,796,50,50,1,-1,-1,-1
40,3,643,1075,50,50,1,-1,-1,-1
41,1,439,952,50,50,1,-1,-1,-1
41,2,372,843,50,50,1,-1,-1,-1
41,3,636,1094,50,50,1,-1,-1,-1
42,1,481,759,50,50,1,-1,-1,-1
42,2,397,935,50,50,1,-1,-1,-1
42,3,632,1107,50,50,1,-1,-1,-1
43,1,476,726,50,50,1,-1,-1,-1
43,2,386,957,50,50,1,-1,-1,-1
44,1,471,694,50,50,1,-1,-1,-1
44,2,380,974,50,50,1,-1,-1,-1
45,1,464,672,50,50,1,-1,-1,-1
45,2,382,980,50,50,1,-1,-1,-1
45,3,616,1107,50,50,1,-1,-1,-1
46,1,456,653,50,50,1,-1,-1,-1
46,2,404,983,50,50,1,-1,-1,-1
46,3,614,1087,50,50,1,-1,-1,-1
47,2,425,983,50,50,1,-1,-1,-1
47,3,615,1047,50,50,1,-1,-1,-1
48,2,456,982,50,50,1,-1,-1,-1
48,3,614,999,50,50,1,-1,-1,-1
49,2,487,979,50,50,1,-1,-1,-1
49,3,611,961,50,50,1,-1,-1,-1
50,2,514,977,50,50,1,-1,-1,-1
50,3,609,931,50,50,1,-1,-1,-1
51,1,593,979,50,50,1,-1,-1,-1
51,2,497,985,50,50,1,-1,-1,-1
51,3,611,834,50,50,1,-1,-1,-1
52,1,602,992,50,50,1,-1,-1,-1
52,2,491,978,50,50,1,-1,-1,-1
52,3,610,796,50,50,1,-1,-1,-1
53,1,606,1007,50,50,1,-1,-1,-1
53,2,479,972,50,50,1,-1,-1,-1
53,3,610,761,50,50,1,-1,-1,-1
54,1,609,1027,50,50,1,-1,-1,-1
54,2,466,965,50,50,1,-1,-1,-1
54,3,609,733,50,50,1,-1,-1,-1
55,1,605,1054,50,50,1,-1,-1,-1
55,2,449,961,50,50,1,-1,-1,-1
55,3,417,741,50,50,1,-1,-1,-1
56,1,604,1087,50,50,1,-1,-1,-1
56,2,436,956,50,50,1,-1,-1,-1
56,3,414,778,50,50,1,-1,-1,-1
57,1,601,1118,50,50,1,-1,-1,-1
57,2,422,955,50,50,1,-1,-1,-1
57,3,411,821,50,50,1,-1,-1,-1
58,1,599,1135,50,50,1,-1,-1,-1
58,2,411,957,50,50,1,-1,-1,-1
58,3,409,872,50,50,1,-1,-1,-1
59,1,597,1139,50,50,1,-1,-1,-1
59,2,407,950,50,50,1,-1,-1,-1
60,1,592,1131,50,50,1,-1,-1,-1
60,3,405,970,50,50,1,-1,-1,-1
61,1,583,1114,50,50,1,-1,-1,-1
61,3,407,987,50,50,1,-1,-1,-1
62,1,582,1079,50,50,1,-1,-1,-1
62,2,621,711,50,50,1,-1,-1,-1
62,3,417,1010,50,50,1,-1,-1,-1
63,1,575,1040,50,50,1,-1,-1,-1
63,2,623,735,50,50,1,-1,-1,-1
63,3,428,1032,50,50,1,-1,-1,-1
64,1,571,1001,50,50,1,-1,-1,-1
64,2,626,763,50,50,1,-1,-1,-1
64,3,442,1063,50,50,1,-1,-1,-1
65,1,572,965,50,50,1,-1,-1,-1
65,2,629,798,50,50,1,-1,-1,-1
66,1,596,973,50,50,1,-1,-1,-1
66,2,634,839,50,50,1,-1,-1,-1
66,3,467,1126,50,50,1,-1,-1,-1
67,1,614,972,50,50,1,-1,-1,-1
67,2,638,884,50,50,1,-1,-1,-1
67,3,472,1138,50,50,1,-1,-1,-1
68,1,633,960,50,50,1,-1,-1,-1
68,3,476,1139,50,50,1,-1,-1,-1
69,2,646,978,50,50,1,-1,-1,-1
69,3,481,1127,50,50,1,-1,-1,-1
70,2,651,990,50,50,1,-1,-1,-1
70,3,485,1101,50,50,1,-1,-1,-1
71,1,563,694,50,50,1,-1,-1,-1
71,2,643,991,50,50,1,-1,-1,-1
71,3,475,1041,50,50,1,-1,-1,-1
72,1,566,677,50,50,1,-1,-1,-1
72,2,622,986,50,50,1,-1,-1,-1
72,3,468,994,50,50,1,-1,-1,-1
73,2,599,983,50,50,1,-1,-1,-1
73,3,464,955,50,50,1,-1,-1,-1
74,1,469,987,50,50,1,-1,-1,-1
74,2,576,983,50,50,1,-1,-1,-1
74,3,450,859,50,50,1,-1,-1,-1
75,1,446,812,50,50,1,-1,-1,-1
75,2,525,986,50,50,1,-1,-1,-1
76,1,577,990,50,50,1,-1,-1,-1
76,2,482,998,50,50,1,-1,-1,-1
76,3,439,769,50,50,1,-1,-1,-1
77,1,581,992,50,50,1,-1,-1,-1
77,2,478,1012,50,50,1,-1,-1,-1
77,3,433,733,50,50,1,-1,-1,-1
78,1,586,990,50,50,1,-1,-1,-1
78,2,475,1027,50,50,1,-1,-1,-1
78,3,425,702,50,50,1,-1,-1,-1
79,1,590,983,50,50,1,-1,-1,-1
79,2,595,706,50,50,1,-1,-1,-1
79,3,420,677,50,50,1,-1,-1,-1
80,1,597,974,50,50,1,-1,-1,-1
80,3,413,657,50,50,1,-1,-1,-1
81,1,602,966,50,50,1,-1,-1,-1
81,2,474,1109,50,50,1,-1,-1,-1
81,3,607,767,50,50,1,-1,-1,-1
82,1,610,965,50,50,1,-1,-1,-1
82,2,474,1126,50,50,1,-1,-1,-1
82,3,613,804,50,50,1,-1,-1,-1
83,1,615,967,50,50,1,-1,-1,-1
83,2,475,1136,50,50,1,-1,-1,-1
83,3,619,847,50,50,1,-1,-1,-1
84,1,619,971,50,50,1,-1,-1,-1
84,2,478,1139,50,50,1,-1,-1,-1
84,3,625,896,50,50,1,-1,-1,-1
85,1,625,966,50,50,1,-1,-1,-1
85,2,484,1135,50,50,1,-1,-1,-1
86,1,388,657,50,50,1,-1,-1,-1
86,2,488,1114,50,50,1,-1,-1,-1
86,3,630,988,50,50,1,-1,-1,-1
87,1,385,676,50,50,1,-1,-1,-1
87,2,492,1078,50,50,1,-1,-1,-1
87,3,629,1007,50,50,1,-1,-1,-1
88,1,383,702,50,50,1,-1,-1,-1
88,2,481,1025,50,50,1,-1,-1,-1
88,3,631,1029,50,50,1,-1,-1,-1
89,1,379,732,50,50,1,-1,-1,-1
89,2,474,981,50,50,1,-1,-1,-1
89,3,632,1056,50,50,1,-1,-1,-1
90,1,377,770,50,50,1,-1,-1,-1
90,2,461,944,50,50,1,-1,-1,-1
90,3,630,1086,50,50,1,-1,-1,-1
91,1,376,813,50,50,1,-1,-1,-1
91,2,433,956,50,50,1,-1,-1,-1
91,3,626,1108,50,50,1,-1,-1,-1
92,1,373,861,50,50,1,-1,-1,-1
92,2,406,958,50,50,1,-1,-1,-1
92,3,454,814,50,50,1,-1,-1,-1
93,1,448,778,50,50,1,-1,-1,-1
93,2,379,946,50,50,1,-1,-1,-1
93,3,619,1128,50,50,1,-1,-1,-1
94,1,443,747,50,50,1,-1,-1,-1
94,2,376,976,50,50,1,-1,-1,-1
94,3,613,1126,50,50,1,-1,-1,-1
95,1,437,721,50,50,1,-1,-1,-1
95,2,378,988,50,50,1,-1,-1,-1
95,3,608,1104,50,50,1,-1,-1,-1
96,1,432,701,50,50,1,-1,-1,-1
96,2,383,993,50,50,1,-1,-1,-1
96,3,612,1087,50,50,1,-1,-1,-1
97,2,400,993,50,50,1,-1,-1,-1
97,3,612,1040,50,50,1,-1,-1,-1
98,2,425,986,50,50,1,-1,-1,-1
98,3,609,986,50,50,1,-1,-1,-1
99,2,457,983,50,50,1,-1,-1,-1
99,3,608,935,50,50,1,-1,-1,-1
100,2,486,979,50,50,1,-1,-1,-1
100,3,607,893,50,50,1,-1,-1,-1
101,1,601,963,50,50,1,-1,-1,-1
101,2,506,976,50,50,1,-1,-1,-1
101,3,606,803,50,50,1,-1,-1,-1
102,1,583,979,50,50,1,-1,-1,-1
102,2,485,980,50,50,1,-1,-1,-1
102,3,604,758,50,50,1,-1,-1,-1
103,1,596,998,50,50,1,-1,-1,-1
103,2,472,973,50,50,1,-1,-1,-1
103,3,602,717,50,50,1,-1,-1,-1
104,1,601,1017,50,50,1,-1,-1,-1
104,2,456,967,50,50,1,-1,-1,-1
104,3,603,684,50,50,1,-1,-1,-1
105,1,601,1036,50,50,1,-1,-1,-1
105,2,437,963,50,50,1,-1,-1,-1
105,3,399,778,50,50,1,-1,-1,-1
106,1,599,1061,50,50,1,-1,-1,-1
106,2,419,962,50,50,1,-1,-1,-1
106,3,396,815,50,50,1,-1,-1,-1
107,1,597,1091,50,50,1,-1,-1,-1
107,2,401,966,50,50,1,-1,-1,-1
107,3,394,859,50,50,1,-1,-1,-1
108,1,596,1116,50,50,1,-1,-1,-1
108,2,389,948,50,50,1,-1,-1,-1
109,1,593,1129,50,50,1,-1,-1,-1
109,3,386,998,50,50,1,-1,-1,-1
110,1,592,1129,50,50,1,-1,-1,-1
110,2,606,602,50,50,1,-1,-1,-1
110,3,386,998,50,50,1,-1,-1,-1
111,1,587,1122,50,50,1,-1,-1,-1
111,2,608,605,50,50,1,-1,-1,-1
111,3,391,1018,50,50,1,-1,-1,-1
112,1,575,1070,50,50,1,-1,-1,-1
112,2,613,634,50,50,1,-1,-1,-1
112,3,409,1066,50,50,1,-1,-1,-1
113,1,575,1070,50,50,1,-1,-1,-1
113,2,613,634,50,50,1,-1,-1,-1
113,3,409,1066,50,50,1,-1,-1,-1
114,1,567,1035,50,50,1,-1,-1,-1
114,2,617,658,50,50,1,-1,-1,-1
114,3,424,1089,50,50,1,-1,-1,-1
115,1,562,960,50,50,1,-1,-1,-1
115,2,625,723,50,50,1,-1,-1,-1
115,3,458,1131,50,50,1,-1,-1,-1
116,1,561,960,50,50,1,-1,-1,-1
116,2,625,723,50,50,1,-1,-1,-1
116,3,458,1131,50,50,1,-1,-1,-1
117,1,585,963,50,50,1,-1,-1,-1
117,2,630,762,50,50,1,-1,-1,-1
117,3,468,1141,50,50,1,-1,-1,-1
118,1,620,954,50,50,1,-1,-1,-1
118,2,638,858,50,50,1,-1,-1,-1
118,3,477,1144,50,50,1,-1,-1,-1
119,1,640,938,50,50,1,-1,-1,-1
119,3,478,1130,50,50,1,-1,-1,-1
120,1,640,938,50,50,1,-1,-1,-1
120,3,479,1124,50,50,1,-1,-1,-1
121,1,647,969,50,50,1,-1,-1,-1
121,3,467,1028,50,50,1,-1,-1,-1
122,1,633,969,50,50,1,-1,-1,-1
122,3,460,987,50,50,1,-1,-1,-1
123,1,634,968,50,50,1,-1,-1,-1
123,3,460,987,50,50,1,-1,-1,-1
124,1,579,972,50,50,1,-1,-1,-1
124,2,440,850,50,50,1,-1,-1,-1
124,3,466,988,50,50,1,-1,-1,-1
125,1,557,979,50,50,1,-1,-1,-1
125,2,433,807,50,50,1,-1,-1,-1
125,3,470,993,50,50,1,-1,-1,-1
126,1,519,989,50,50,1,-1,-1,-1
126,3,426,766,50,50,1,-1,-1,-1
127,1,483,1012,50,50,1,-1,-1,-1
127,2,568,978,50,50,1,-1,-1,-1
127,3,418,734,50,50,1,-1,-1,-1
128,1,481,1032,50,50,1,-1,-1,-1
128,2,575,972,50,50,1,-1,-1,-1
128,3,412,706,50,50,1,-1,-1,-1
129,1,484,1046,50,50,1,-1,-1,-1
129,3,405,684,50,50,1,-1,-1,-1
130,1,486,1073,50,50,1,-1,-1,-1
130,2,603,972,50,50,1,-1,-1,-1
130,3,604,833,50,50,1,-1,-1,-1
131,1,484,1101,50,50,1,-1,-1,-1
131,2,607,871,50,50,1,-1,-1,-1
131,3,613,983,50,50,1,-1,-1,-1
132,1,481,1119,50,50,1,-1,-1,-1
132,3,617,960,50,50,1,-1,-1,-1
133,1,480,1129,50,50,1,-1,-1,-1
133,3,624,987,50,50,1,-1,-1,-1
134,1,483,1125,50,50,1,-1,-1,-1
134,3,628,1009,50,50,1,-1,-1,-1
135,1,486,1104,50,50,1,-1,-1,-1
135,3,630,1026,50,50,1,-1,-1,-1
136,1,486,1064,50,50,1,-1,-1,-1
136,3,628,1043,50,50,1,-1,-1,-1
137,1,478,1011,50,50,1,-1,-1,-1
137,3,628,1060,50,50,1,-1,-1,-1
138,1,472,967,50,50,1,-1,-1,-1
138,3,624,1082,50,50,1,-1,-1,-1
139,1,463,931,50,50,1,-1,-1,-1
139,3,621,1103,50,50,1,-1,-1,-1
140,1,436,952,50,50,1,-1,-1,-1
140,3,619,1121,50,50,1,-1,-1,-1
141,1,411,958,50,50,1,-1,-1,-1
141,3,616,1128,50,50,1,-1,-1,-1
142,1,376,939,50,50,1,-1,-1,-1
142,3,611,1130,50,50,1,-1,-1,-1
143,1,372,965,50,50,1,-1,-1,-1
143,3,603,1126,50,50,1,-1,-1,-1
144,1,366,979,50,50,1,-1,-1,-1
144,3,603,1102,50,50,1,-1,-1,-1
145,1,373,983,50,50,1,-1,-1,-1
145,3,604,1071,50,50,1,-1,-1,-1
146,1,392,982,50,50,1,-1,-1,-1
146,3,602,1020,50,50,1,-1,-1,-1
147,1,418,977,50,50,1,-1,-1,-1
147,3,600,964,50,50,1,-1,-1,-1
148,1,451,971,50,50,1,-1,-1,-1
148,3,597,895,50,50,1,-1,-1,-1
149,1,483,967,50,50,1,-1,-1,-1
149,3,596,829,50,50,1,-1,-1,-1
150,1,534,959,50,50,1,-1,-1,-1
150,3,597,799,50,50,1,-1,-1,-1
151,1,582,955,50,50,1,-1,-1,-1
151,3,600,765,50,50,1,-1,-1,-1
152,1,469,973,50,50,1,-1,-1,-1
152,3,600,736,50,50,1,-1,-1,-1
153,1,461,969,50,50,1,-1,-1,-1
153,3,601,710,50,50,1,-1,-1,-1
154,1,454,967,50,50,1,-1,-1,-1
154,3,430,755,50,50,1,-1,-1,-1
155,1,445,967,50,50,1,-1,-1,-1
155,3,430,792,50,50,1,-1,-1,-1
156,1,438,971,50,50,1,-1,-1,-1
156,3,432,834,50,50,1,-1,-1,-1
157,1,431,976,50,50,1,-1,-1,-1
157,3,430,881,50,50,1,-1,-1,-1
158,1,429,963,50,50,1,-1,-1,-1
158,3,595,1131,50,50,1,-1,-1,-1
159,1,429,989,50,50,1,-1,-1,-1
159,3,591,1125,50,50,1,-1,-1,-1
160,1,433,1012,50,50,1,-1,-1,-1
160,3,580,1106,50,50,1,-1,-1,-1
161,1,438,1036,50,50,1,-1,-1,-1
161,3,572,1077,50,50,1,-1,-1,-1
162,1,445,1061,50,50,1,-1,-1,-1
162,3,564,1037,50,50,1,-1,-1,-1
163,1,451,1092,50,50,1,-1,-1,-1
163,3,558,992,50,50,1,-1,-1,-1
164,1,460,1110,50,50,1,-1,-1,-1
164,3,561,951,50,50,1,-1,-1,-1
165,1,467,1126,50,50,1,-1,-1,-1
165,3,592,950,50,50,1,-1,-1,-1
166,1,470,1139,50,50,1,-1,-1,-1
166,3,622,958,50,50,1,-1,-1,-1
167,1,474,1149,50,50,1,-1,-1,-1
167,3,647,947,50,50,1,-1,-1,-1
168,1,476,1150,50,50,1,-1,-1,-1
168,3,656,969,50,50,1,-1,-1,-1
169,1,470,1118,50,50,1,-1,-1,-1
169,3,655,979,50,50,1,-1,-1,-1
170,1,457,1000,50,50,1,-1,-1,-1
170,3,640,978,50,50,1,-1,-1,-1
171,1,450,965,50,50,1,-1,-1,-1
171,3,613,975,50,50,1,-1,-1,-1
172,1,444,931,50,50,1,-1,-1,-1
172,3,577,976,50,50,1,-1,-1,-1
173,1,423,828,50,50,1,-1,-1,-1
173,3,556,978,50,50,1,-1,-1,-1
174,1,414,783,50,50,1,-1,-1,-1
174,3,508,983,50,50,1,-1,-1,-1
175,1,404,743,50,50,1,-1,-1,-1
175,3,470,996,50,50,1,-1,-1,-1
176,1,393,706,50,50,1,-1,-1,-1
176,3,470,1013,50,50,1,-1,-1,-1
177,1,385,679,50,50,1,-1,-1,-1
177,3,472,1034,50,50,1,-1,-1,-1
178,1,376,655,50,50,1,-1,-1,-1
178,3,474,1050,50,50,1,-1,-1,-1
179,1,368,639,50,50,1,-1,-1,-1
179,3,473,1085,50,50,1,-1,-1,-1
180,1,606,791,50,50,1,-1,-1,-1
180,3,469,1119,50,50,1,-1,-1,-1
181,1,617,944,50,50,1,-1,-1,-1
181,3,467,1133,50,50,1,-1,-1,-1
182,1,618,919,50,50,1,-1,-1,-1
182,3,467,1136,50,50,1,-1,-1,-1
183,1,623,951,50,50,1,-1,-1,-1
183,3,471,1127,50,50,1,-1,-1,-1
184,1,628,978,50,50,1,-1,-1,-1
184,3,481,1103,50,50,1,-1,-1,-1
185,1,630,999,50,50,1,-1,-1,-1
185,3,467,1016,50,50,1,-1,-1,-1
186,1,629,1024,50,50,1,-1,-1,-1
186,3,455,979,50,50,1,-1,-1,-1
187,1,625,1053,50,50,1,-1,-1,-1
187,3,451,932,50,50,1,-1,-1,-1
188,1,620,1085,50,50,1,-1,-1,-1
188,3,432,898,50,50,1,-1,-1,-1
189,1,616,1109,50,50,1,-1,-1,-1
189,3,394,908,50,50,1,-1,-1,-1
190,1,609,1122,50,50,1,-1,-1,-1
190,3,339,890,50,50,1,-1,-1,-1
191,1,603,1127,50,50,1,-1,-1,-1
191,3,329,906,50,50,1,-1,-1,-1
192,1,600,1123,50,50,1,-1,-1,-1
192,3,339,917,50,50,1,-1,-1,-1
193,1,598,1110,50,50,1,-1,-1,-1
193,3,324,926,50,50,1,-1,-1,-1
194,1,596,1084,50,50,1,-1,-1,-1
194,3,341,928,50,50,1,-1,-1,-1
195,1,592,1036,50,50,1,-1,-1,-1
195,3,355,931,50,50,1,-1,-1,-1
196,1,590,986,50,50,1,-1,-1,-1
196,3,384,929,50,50,1,-1,-1,-1
197,1,591,930,50,50,1,-1,-1,-1
197,3,411,930,50,50,1,-1,-1,-1
198,1,592,887,50,50,1,-1,-1,-1
198,3,443,943,50,50,1,-1,-1,-1
199,1,596,808,50,50,1,-1,-1,-1
199,3,468,949,50,50,1,-1,-1,-1
200,1,414,650,50,50,1,-1,-1,-1
200,3,473,952,50,50,1,-1,-1,-1
201,1,412,671,50,50,1,-1,-1,-1
201,3,473,949,50,50,1,-1,-1,-1
202,1,411,696,50,50,1,-1,-1,-1
202,3,458,954,50,50,1,-1,-1,-1
203,1,410,728,50,50,1,-1,-1,-1
203,3,453,950,50,50,1,-1,-1,-1
204,1,409,767,50,50,1,-1,-1,-1
204,3,446,937,50,50,1,-1,-1,-1
205,1,410,811,50,50,1,-1,-1,-1
205,3,429,943,50,50,1,-1,-1,-1
206,1,586,1119,50,50,1,-1,-1,-1
206,3,414,914,50,50,1,-1,-1,-1
207,1,588,1131,50,50,1,-1,-1,-1
207,3,411,942,50,50,1,-1,-1,-1
208,1,588,1127,50,50,1,-1,-1,-1
208,3,410,969,50,50,1,-1,-1,-1
209,1,581,1113,50,50,1,-1,-1,-1
209,3,416,994,50,50,1,-1,-1,-1
210,1,575,1086,50,50,1,-1,-1,-1
210,3,425,1021,50,50,1,-1,-1,-1
211,1,567,1045,50,50,1,-1,-1,-1
211,3,437,1051,50,50,1,-1,-1,-1
212,1,560,996,50,50,1,-1,-1,-1
212,3,445,1086,50,50,1,-1,-1,-1
213,1,562,946,50,50,1,-1,-1,-1
213,3,456,1117,50,50,1,-1,-1,-1
214,1,590,936,50,50,1,-1,-1,-1
214,3,465,1136,50,50,1,-1,-1,-1
215,1,620,939,50,50,1,-1,-1,-1
215,3,471,1144,50,50,1,-1,-1,-1
216,1,655,914,50,50,1,-1,-1,-1
216,3,476,1142,50,50,1,-1,-1,-1
217,1,666,942,50,50,1,-1,-1,-1
217,3,481,1132,50,50,1,-1,-1,-1
218,1,668,959,50,50,1,-1,-1,-1
218,3,483,1102,50,50,1,-1,-1,-1
219,1,662,962,50,50,1,-1,-1,-1
219,3,471,1047,50,50,1,-1,-1,-1
220,1,645,962,50,50,1,-1,-1,-1
220,3,462,998,50,50,1,-1,-1,-1
221,1,613,953,50,50,1,-1,-1,-1
221,3,454,959,50,50,1,-1,-1,-1
222,1,570,964,50,50,1,-1,-1,-1
222,3,458,982,50,50,1,-1,-1,-1
223,1,547,972,50,50,1,-1,-1,-1
223,3,463,986,50,50,1,-1,-1,-1
224,1,556,974,50,50,1,-1,-1,-1
224,3,476,993,50,50,1,-1,-1,-1
225,1,556,967,50,50,1,-1,-1,-1
225,3,475,1013,50,50,1,-1,-1,-1
226,1,594,666,50,50,1,-1,-1,-1
226,3,477,1035,50,50,1,-1,-1,-1
227,1,601,687,50,50,1,-1,-1,-1
227,3,481,1061,50,50,1,-1,-1,-1
228,1,582,934,50,50,1,-1,-1,-1
228,3,486,1094,50,50,1,-1,-1,-1
229,1,594,933,50,50,1,-1,-1,-1
229,3,482,1120,50,50,1,-1,-1,-1
230,1,620,782,50,50,1,-1,-1,-1
230,3,476,1135,50,50,1,-1,-1,-1
231,1,626,825,50,50,1,-1,-1,-1
231,3,475,1146,50,50,1,-1,-1,-1
232,1,629,919,50,50,1,-1,-1,-1
232,3,477,1142,50,50,1,-1,-1,-1
233,1,636,948,50,50,1,-1,-1,-1
233,3,483,1126,50,50,1,-1,-1,-1
234,1,643,974,50,50,1,-1,-1,-1
234,3,486,1087,50,50,1,-1,-1,-1
235,1,644,997,50,50,1,-1,-1,-1
235,3,476,1026,50,50,1,-1,-1,-1
236,1,639,1025,50,50,1,-1,-1,-1
236,3,463,980,50,50,1,-1,-1,-1
237,1,632,1062,50,50,1,-1,-1,-1
237,3,450,939,50,50,1,-1,-1,-1
238,1,624,1098,50,50,1,-1,-1,-1
238,3,419,946,50,50,1,-1,-1,-1
239,1,619,1119,50,50,1,-1,-1,-1
239,3,390,939,50,50,1,-1,-1,-1
240,1,610,1129,50,50,1,-1,-1,-1
240,3,367,945,50,50,1,-1,-1,-1
241,1,604,1129,50,50,1,-1,-1,-1
241,3,331,931,50,50,1,-1,-1,-1
242,1,598,1117,50,50,1,-1,-1,-1
242,3,331,951,50,50,1,-1,-1,-1
243,1,596,1091,50,50,1,-1,-1,-1
243,3,331,959,50,50,1,-1,-1,-1
244,1,594,1046,50,50,1,-1,-1,-1
244,3,350,961,50,50,1,-1,-1,-1
245,1,592,991,50,50,1,-1,-1,-1
245,3,380,959,50,50,1,-1,-1,-1
246,1,590,921,50,50,1,-1,-1,-1
246,3,416,957,50,50,1,-1,-1,-1
247,1,594,853,50,50,1,-1,-1,-1
247,3,452,956,50,50,1,-1,-1,-1
248,1,595,805,50,50,1,-1,-1,-1
248,3,485,956,50,50,1,-1,-1,-1
249,1,594,754,50,50,1,-1,-1,-1
249,3,559,943,50,50,1,-1,-1,-1
250,1,593,714,50,50,1,-1,-1,-1
250,3,463,965,50,50,1,-1,-1,-1
251,1,593,680,50,50,1,-1,-1,-1
251,3,452,961,50,50,1,-1,-1,-1
252,1,401,690,50,50,1,-1,-1,-1
252,3,436,958,50,50,1,-1,-1,-1
253,1,400,722,50,50,1,-1,-1,-1
253,3,424,954,50,50,1,-1,-1,-1
254,1,398,760,50,50,1,-1,-1,-1
254,3,412,951,50,50,1,-1,-1,-1
255,1,396,804,50,50,1,-1,-1,-1
255,3,402,950,50,50,1,-1,-1,-1
256,1,395,855,50,50,1,-1,-1,-1
256,3,392,948,50,50,1,-1,-1,-1
257,1,594,1132,50,50,1,-1,-1,-1
257,3,390,940,50,50,1,-1,-1,-1
258,1,586,1125,50,50,1,-1,-1,-1
258,3,390,967,50,50,1,-1,-1,-1
259,1,576,1108,50,50,1,-1,-1,-1
259,3,396,989,50,50,1,-1,-1,-1
260,1,569,1077,50,50,1,-1,-1,-1
260,3,404,1015,50,50,1,-1,-1,-1
261,1,561,1034,50,50,1,-1,-1,-1
261,3,413,1041,50,50,1,-1,-1,-1
262,1,554,989,50,50,1,-1,-1,-1
262,3,428,1074,50,50,1,-1,-1,-1
263,1,554,942,50,50,1,-1,-1,-1
263,3,441,1102,50,50,1,-1,-1,-1
264,1,578,934,50,50,1,-1,-1,-1
264,3,454,1121,50,50,1,-1,-1,-1
265,1,606,933,50,50,1,-1,-1,-1
265,3,464,1134,50,50,1,-1,-1,-1
266,1,628,938,50,50,1,-1,-1,-1
266,3,471,1139,50,50,1,-1,-1,-1
267,1,649,917,50,50,1,-1,-1,-1
267,3,476,1131,50,50,1,-1,-1,-1
268,1,658,940,50,50,1,-1,-1,-1
268,3,480,1096,50,50,1,-1,-1,-1
269,1,653,950,50,50,1,-1,-1,-1
269,3,469,1036,50,50,1,-1,-1,-1
270,1,635,951,50,50,1,-1,-1,-1
270,3,461,987,50,50,1,-1,-1,-1
271,1,540,668,50,50,1,-1,-1,-1
271,3,455,947,50,50,1,-1,-1,-1
272,1,563,966,50,50,1,-1,-1,-1
272,3,437,844,50,50,1,-1,-1,-1
273,1,509,982,50,50,1,-1,-1,-1
273,3,425,789,50,50,1,-1,-1,-1
274,1,479,998,50,50,1,-1,-1,-1
274,3,416,741,50,50,1,-1,-1,-1
275,1,476,1014,50,50,1,-1,-1,-1
275,3,406,702,50,50,1,-1,-1,-1
276,1,477,1032,50,50,1,-1,-1,-1
276,3,396,665,50,50,1,-1,-1,-1
277,1,477,1057,50,50,1,-1,-1,-1
277,3,387,636,50,50,1,-1,-1,-1
278,1,479,1080,50,50,1,-1,-1,-1
278,3,379,611,50,50,1,-1,-1,-1
279,1,478,1101,50,50,1,-1,-1,-1
279,3,370,593,50,50,1,-1,-1,-1
280,1,478,1122,50,50,1,-1,-1,-1
280,3,362,581,50,50,1,-1,-1,-1
281,1,473,1131,50,50,1,-1,-1,-1
281,3,355,575,50,50,1,-1,-1,-1
282,1,472,1136,50,50,1,-1,-1,-1
282,3,347,574,50,50,1,-1,-1,-1
283,1,478,1130,50,50,1,-1,-1,-1
283,3,342,576,50,50,1,-1,-1,-1
284,1,480,1105,50,50,1,-1,-1,-1
284,3,332,588,50,50,1,-1,-1,-1
285,1,478,1061,50,50,1,-1,-1,-1
285,3,323,604,50,50,1,-1,-1,-1
286,1,461,992,50,50,1,-1,-1,-1
286,3,316,627,50,50,1,-1,-1,-1
287,1,451,953,50,50,1,-1,-1,-1
287,3,310,657,50,50,1,-1,-1,-1
288,1,440,916,50,50,1,-1,-1,-1
288,3,305,689,50,50,1,-1,-1,-1
289,1,413,910,50,50,1,-1,-1,-1
289,3,447,815,50,50,1,-1,-1,-1
290,1,383,907,50,50,1,-1,-1,-1
290,3,596,1134,50,50,1,-1,-1,-1
291,1,336,888,50,50,1,-1,-1,-1
291,3,594,1141,50,50,1,-1,-1,-1
292,1,305,909,50,50,1,-1,-1,-1
292,3,592,1142,50,50,1,-1,-1,-1
293,1,299,928,50,50,1,-1,-1,-1
293,3,586,1138,50,50,1,-1,-1,-1
294,1,325,928,50,50,1,-1,-1,-1
294,3,584,1118,50,50,1,-1,-1,-1
295,1,342,932,50,50,1,-1,-1,-1
295,3,583,1081,50,50,1,-1,-1,-1
296,1,366,935,50,50,1,-1,-1,-1
296,3,580,1025,50,50,1,-1,-1,-1
297,1,394,937,50,50,1,-1,-1,-1
297,3,583,972,50,50,1,-1,-1,-1
298,1,429,953,50,50,1,-1,-1,-1
298,3,583,906,50,50,1,-1,-1,-1
299,1,468,950,50,50,1,-1,-1,-1
299,3,583,835,50,50,1,-1,-1,-1
300,1,553,938,50,50,1,-1,-1,-1
300,3,460,973,50,50,1,-1,-1,-1
301,1,456,973,50,50,1,-1,-1,-1
301,3,382,640,50,50,1,-1,-1,-1
302,1,441,977,50,50,1,-1,-1,-1
302,3,379,661,50,50,1,-1,-1,-1
303,1,430,971,50,50,1,-1,-1,-1
303,3,375,691,50,50,1,-1,-1,-1
304,1,417,967,50,50,1,-1,-1,-1
304,3,371,727,50,50,1,-1,-1,-1
305,1,404,963,50,50,1,-1,-1,-1
305,3,369,768,50,50,1,-1,-1,-1
306,1,392,967,50,50,1,-1,-1,-1
306,3,368,813,50,50,1,-1,-1,-1
307,1,383,974,50,50,1,-1,-1,-1
307,3,366,862,50,50,1,-1,-1,-1
308,1,376,961,50,50,1,-1,-1,-1
308,3,575,1141,50,50,1,-1,-1,-1
309,1,381,990,50,50,1,-1,-1,-1
309,3,574,1137,50,50,1,-1,-1,-1
310,1,386,1013,50,50,1,-1,-1,-1
310,3,568,1123,50,50,1,-1,-1,-1
311,1,396,1038,50,50,1,-1,-1,-1
311,3,560,1098,50,50,1,-1,-1,-1
312,1,409,1066,50,50,1,-1,-1,-1
312,3,554,1050,50,50,1,-1,-1,-1
313,1,428,1097,50,50,1,-1,-1,-1
313,3,547,1001,50,50,1,-1,-1,-1
314,1,446,1121,50,50,1,-1,-1,-1
314,3,543,960,50,50,1,-1,-1,-1
315,1,462,1139,50,50,1,-1,-1,-1
315,3,553,926,50,50,1,-1,-1,-1
316,1,472,1143,50,50,1,-1,-1,-1
316,3,586,935,50,50,1,-1,-1,-1
317,1,481,1134,50,50,1,-1,-1,-1
317,3,619,936,50,50,1,-1,-1,-1
318,1,485,1116,50,50,1,-1,-1,-1
318,3,644,916,50,50,1,-1,-1,-1
319,1,482,1084,50,50,1,-1,-1,-1
319,3,650,938,50,50,1,-1,-1,-1
320,1,474,1029,50,50,1,-1,-1,-1
320,3,649,942,50,50,1,-1,-1,-1
321,1,468,986,50,50,1,-1,-1,-1
321,3,630,942,50,50,1,-1,-1,-1
322,1,459,947,50,50,1,-1,-1,-1
322,3,603,941,50,50,1,-1,-1,-1
323,1,440,847,50,50,1,-1,-1,-1
323,3,560,941,50,50,1,-1,-1,-1
324,1,430,800,50,50,1,-1,-1,-1
324,3,504,969,50,50,1,-1,-1,-1
325,1,421,758,50,50,1,-1,-1,-1
325,3,480,986,50,50,1,-1,-1,-1
326,1,412,721,50,50,1,-1,-1,-1
326,3,476,1003,50,50,1,-1,-1,-1
327,1,402,690,50,50,1,-1,-1,-1
327,3,477,1022,50,50,1,-1,-1,-1
328,1,394,665,50,50,1,-1,-1,-1
328,3,479,1044,50,50,1,-1,-1,-1
329,1,386,645,50,50,1,-1,-1,-1
329,3,481,1072,50,50,1,-1,-1,-1
330,1,608,742,50,50,1,-1,-1,-1
330,3,479,1104,50,50,1,-1,-1,-1
331,1,613,940,50,50,1,-1,-1,-1
331,3,479,1128,50,50,1,-1,-1,-1
332,1,618,945,50,50,1,-1,-1,-1
332,3,476,1135,50,50,1,-1,-1,-1
333,1,631,866,50,50,1,-1,-1,-1
333,3,482,1132,50,50,1,-1,-1,-1
334,1,632,949,50,50,1,-1,-1,-1
334,3,487,1113,50,50,1,-1,-1,-1
335,1,637,976,50,50,1,-1,-1,-1
335,3,488,1076,50,50,1,-1,-1,-1
336,1,639,1005,50,50,1,-1,-1,-1
336,3,481,1019,50,50,1,-1,-1,-1
337,1,637,1037,50,50,1,-1,-1,-1
337,3,468,976,50,50,1,-1,-1,-1
338,1,634,1073,50,50,1,-1,-1,-1
338,3,454,940,50,50,1,-1,-1,-1
339,1,629,1106,50,50,1,-1,-1,-1
339,3,421,949,50,50,1,-1,-1,-1
340,1,625,1126,50,50,1,-1,-1,-1
340,3,389,942,50,50,1,-1,-1,-1
341,1,617,1135,50,50,1,-1,-1,-1
341,3,345,918,50,50,1,-1,-1,-1
342,1,605,1137,50,50,1,-1,-1,-1
342,3,334,940,50,50,1,-1,-1,-1
343,1,597,1127,50,50,1,-1,-1,-1
343,3,331,958,50,50,1,-1,-1,-1
344,1,592,1098,50,50,1,-1,-1,-1
344,3,335,964,50,50,1,-1,-1,-1
345,1,591,1049,50,50,1,-1,-1,-1
345,3,358,966,50,50,1,-1,-1,-1
346,1,591,992,50,50,1,-1,-1,-1
346,3,388,962,50,50,1,-1,-1,-1
347,1,594,913,50,50,1,-1,-1,-1
347,3,422,963,50,50,1,-1,-1,-1
348,1,595,849,50,50,1,-1,-1,-1
348,3,460,960,50,50,1,-1,-1,-1
349,1,597,795,50,50,1,-1,-1,-1
349,3,486,963,50,50,1,-1,-1,-1
350,1,596,744,50,50,1,-1,-1,-1
350,3,477,984,50,50,1,-1,-1,-1
351,1,596,701,50,50,1,-1,-1,-1
351,3,474,982,50,50,1,-1,-1,-1
352,1,597,662,50,50,1,-1,-1,-1
352,3,464,979,50,50,1,-1,-1,-1
353,1,404,710,50,50,1,-1,-1,-1
353,3,452,975,50,50,1,-1,-1,-1
354,1,401,744,50,50,1,-1,-1,-1
354,3,437,971,50,50,1,-1,-1,-1
355,1,401,787,50,50,1,-1,-1,-1
355,3,424,968,50,50,1,-1,-1,-1
356,1,400,832,50,50,1,-1,-1,-1
356,3,412,967,50,50,1,-1,-1,-1
357,1,585,1135,50,50,1,-1,-1,-1
357,3,401,933,50,50,1,-1,-1,-1
358,1,586,1137,50,50,1,-1,-1,-1
358,3,400,960,50,50,1,-1,-1,-1
359,1,580,1133,50,50,1,-1,-1,-1
359,3,400,982,50,50,1,-1,-1,-1
360,1,573,1115,50,50,1,-1,-1,-1
360,3,403,1001,50,50,1,-1,-1,-1
361,1,567,1087,50,50,1,-1,-1,-1
361,3,409,1024,50,50,1,-1,-1,-1
362,1,560,1045,50,50,1,-1,-1,-1
362,3,417,1048,50,50,1,-1,-1,-1
363,1,552,997,50,50,1,-1,-1,-1
363,3,431,1075,50,50,1,-1,-1,-1
364,1,551,948,50,50,1,-1,-1,-1
364,3,443,1099,50,50,1,-1,-1,-1
365,1,565,910,50,50,1,-1,-1,-1
365,3,453,1120,50,50,1,-1,-1,-1
366,1,608,925,50,50,1,-1,-1,-1
366,3,463,1137,50,50,1,-1,-1,-1
367,1,634,923,50,50,1,-1,-1,-1
367,3,471,1142,50,50,1,-1,-1,-1
368,1,660,886,50,50,1,-1,-1,-1
368,3,482,1134,50,50,1,-1,-1,-1
369,1,671,910,50,50,1,-1,-1,-1
369,3,481,1110,50,50,1,-1,-1,-1
370,1,666,931,50,50,1,-1,-1,-1
370,3,477,1073,50,50,1,-1,-1,-1
371,1,653,938,50,50,1,-1,-1,-1
371,3,466,1016,50,50,1,-1,-1,-1
372,1,626,945,50,50,1,-1,-1,-1
372,3,461,975,50,50,1,-1,-1,-1
373,3,453,938,50,50,1,-1,-1,-1
374,1,549,966,50,50,1,-1,-1,-1
374,3,437,841,50,50,1,-1,-1,-1
375,1,506,982,50,50,1,-1,-1,-1
375,3,427,797,50,50,1,-1,-1,-1
376,1,474,1010,50,50,1,-1,-1,-1
376,3,418,758,50,50,1,-1,-1,-1
377,1,471,1041,50,50,1,-1,-1,-1
377,3,409,725,50,50,1,-1,-1,-1
378,1,472,1068,50,50,1,-1,-1,-1
378,3,401,698,50,50,1,-1,-1,-1
379,1,470,1095,50,50,1,-1,-1,-1
379,3,394,678,50,50,1,-1,-1,-1
380,1,468,1119,50,50,1,-1,-1,-1
381,1,468,1141,50,50,1,-1,-1,-1
382,1,468,1145,50,50,1,-1,-1,-1
383,1,478,1141,50,50,1,-1,-1,-1
384,1,485,1122,50,50,1,-1,-1,-1
384,3,572,933,50,50,1,-1,-1,-1
385,1,483,1090,50,50,1,-1,-1,-1
385,3,584,993,50,50,1,-1,-1,-1
386,1,479,1041,50,50,1,-1,-1,-1
386,3,589,1016,50,50,1,-1,-1,-1
387,1,469,992,50,50,1,-1,-1,-1
387,3,590,1044,50,50,1,-1,-1,-1
388,1,454,956,50,50,1,-1,-1,-1
388,3,595,1081,50,50,1,-1,-1,-1
389,1,423,960,50,50,1,-1,-1,-1
389,3,603,1112,50,50,1,-1,-1,-1
390,1,394,954,50,50,1,-1,-1,-1
390,3,608,1131,50,50,1,-1,-1,-1
391,1,368,956,50,50,1,-1,-1,-1
391,3,607,1138,50,50,1,-1,-1,-1
392,1,342,948,50,50,1,-1,-1,-1
392,3,604,1138,50,50,1,-1,-1,-1
393,1,334,966,50,50,1,-1,-1,-1
393,3,595,1124,50,50,1,-1,-1,-1
394,1,332,972,50,50,1,-1,-1,-1
394,3,589,1096,50,50,1,-1,-1,-1
395,1,351,971,50,50,1,-1,-1,-1
395,3,586,1044,50,50,1,-1,-1,-1
396,1,384,965,50,50,1,-1,-1,-1
396,3,584,991,50,50,1,-1,-1,-1
397,1,417,961,50,50,1,-1,-1,-1
397,3,584,918,50,50,1,-1,-1,-1
398,1,453,960,50,50,1,-1,-1,-1
398,3,585,889,50,50,1,-1,-1,-1
399,1,481,957,50,50,1,-1,-1,-1
400,1,463,967,50,50,1,-1,-1,-1
400,3,560,941,50,50,1,-1,-1,-1
401,1,454,954,50,50,1,-1,-1,-1
401,3,581,724,50,50,1,-1,-1,-1
402,1,439,952,50,50,1,-1,-1,-1
402,3,580,692,50,50,1,-1,-1,-1
403,1,424,946,50,50,1,-1,-1,-1
403,3,392,753,50,50,1,-1,-1,-1
404,1,412,945,50,50,1,-1,-1,-1
404,3,389,789,50,50,1,-1,-1,-1
405,1,400,946,50,50,1,-1,-1,-1
405,3,387,832,50,50,1,-1,-1,-1
406,1,387,922,50,50,1,-1,-1,-1
406,3,580,1108,50,50,1,-1,-1,-1
407,1,380,947,50,50,1,-1,-1,-1
407,3,580,1122,50,50,1,-1,-1,-1
408,1,381,968,50,50,1,-1,-1,-1
408,3,579,1119,50,50,1,-1,-1,-1
409,1,388,991,50,50,1,-1,-1,-1
409,3,574,1105,50,50,1,-1,-1,-1
410,1,399,1016,50,50,1,-1,-1,-1
410,3,567,1078,50,50,1,-1,-1,-1
411,1,416,1044,50,50,1,-1,-1,-1
411,3,559,1039,50,50,1,-1,-1,-1
412,1,431,1075,50,50,1,-1,-1,-1
412,3,550,993,50,50,1,-1,-1,-1
413,1,447,1100,50,50,1,-1,-1,-1
413,3,548,946,50,50,1,-1,-1,-1
414,1,460,1121,50,50,1,-1,-1,-1
414,3,554,912,50,50,1,-1,-1,-1
415,1,468,1139,50,50,1,-1,-1,-1
415,3,579,923,50,50,1,-1,-1,-1
416,1,475,1141,50,50,1,-1,-1,-1
416,3,602,931,50,50,1,-1,-1,-1
417,1,478,1119,50,50,1,-1,-1,-1
417,3,619,918,50,50,1,-1,-1,-1
418,1,474,1089,50,50,1,-1,-1,-1
418,3,629,944,50,50,1,-1,-1,-1
419,1,462,1032,50,50,1,-1,-1,-1
419,3,629,957,50,50,1,-1,-1,-1
420,1,457,983,50,50,1,-1,-1,-1
420,3,617,962,50,50,1,-1,-1,-1
421,1,451,940,50,50,1,-1,-1,-1
422,1,439,843,50,50,1,-1,-1,-1
422,3,552,977,50,50,1,-1,-1,-1
423,1,433,796,50,50,1,-1,-1,-1
423,3,498,974,50,50,1,-1,-1,-1
424,1,424,750,50,50,1,-1,-1,-1
424,3,472,985,50,50,1,-1,-1,-1
425,1,418,712,50,50,1,-1,-1,-1
425,3,472,1007,50,50,1,-1,-1,-1
426,1,411,678,50,50,1,-1,-1,-1
426,3,472,1035,50,50,1,-1,-1,-1
427,1,404,651,50,50,1,-1,-1,-1
427,3,475,1063,50,50,1,-1,-1,-1
428,1,399,631,50,50,1,-1,-1,-1
428,3,477,1092,50,50,1,-1,-1,-1
429,1,392,615,50,50,1,-1,-1,-1
429,3,476,1114,50,50,1,-1,-1,-1
430,1,386,604,50,50,1,-1,-1,-1
430,3,475,1133,50,50,1,-1,-1,-1
431,1,382,601,50,50,1,-1,-1,-1
431,3,480,1141,50,50,1,-1,-1,-1
432,1,379,601,50,50,1,-1,-1,-1
432,3,481,1134,50,50,1,-1,-1,-1
433,1,373,608,50,50,1,-1,-1,-1
433,3,489,1122,50,50,1,-1,-1,-1
434,1,364,621,50,50,1,-1,-1,-1
434,3,488,1090,50,50,1,-1,-1,-1
435,1,359,641,50,50,1,-1,-1,-1
435,3,486,1041,50,50,1,-1,-1,-1
436,1,358,664,50,50,1,-1,-1,-1
436,3,477,992,50,50,1,-1,-1,-1
437,1,355,696,50,50,1,-1,-1,-1
437,3,471,950,50,50,1,-1,-1,-1
438,1,351,734,50,50,1,-1,-1,-1
438,3,454,918,50,50,1,-1,-1,-1
439,1,349,778,50,50,1,-1,-1,-1
439,3,422,938,50,50,1,-1,-1,-1
440,1,339,828,50,50,1,-1,-1,-1
440,3,395,938,50,50,1,-1,-1,-1
441,1,457,751,50,50,1,-1,-1,-1
441,3,362,920,50,50,1,-1,-1,-1
442,1,453,725,50,50,1,-1,-1,-1
442,3,362,944,50,50,1,-1,-1,-1
443,1,450,704,50,50,1,-1,-1,-1
443,3,363,955,50,50,1,-1,-1,-1
444,1,445,687,50,50,1,-1,-1,-1
444,3,378,958,50,50,1,-1,-1,-1
445,1,578,992,50,50,1,-1,-1,-1
445,3,400,957,50,50,1,-1,-1,-1
446,1,579,906,50,50,1,-1,-1,-1
446,3,433,959,50,50,1,-1,-1,-1
447,1,582,840,50,50,1,-1,-1,-1
447,3,465,961,50,50,1,-1,-1,-1
448,3,487,964,50,50,1,-1,-1,-1
449,1,579,729,50,50,1,-1,-1,-1
449,3,472,982,50,50,1,-1,-1,-1
450,1,576,683,50,50,1,-1,-1,-1
450,3,475,982,50,50,1,-1,-1,-1
451,1,577,644,50,50,1,-1,-1,-1
451,3,472,979,50,50,1,-1,-1,-1
452,1,426,769,50,50,1,-1,-1,-1
452,3,466,979,50,50,1,-1,-1,-1
453,1,424,806,50,50,1,-1,-1,-1
453,3,453,979,50,50,1,-1,-1,-1
454,1,424,847,50,50,1,-1,-1,-1
454,3,437,978,50,50,1,-1,-1,-1
455,1,421,894,50,50,1,-1,-1,-1
455,3,427,983,50,50,1,-1,-1,-1
456,1,582,1124,50,50,1,-1,-1,-1
456,3,423,974,50,50,1,-1,-1,-1
457,1,581,1133,50,50,1,-1,-1,-1
457,3,422,999,50,50,1,-1,-1,-1
458,1,578,1131,50,50,1,-1,-1,-1
458,3,425,1019,50,50,1,-1,-1,-1
459,1,568,1118,50,50,1,-1,-1,-1
459,3,430,1041,50,50,1,-1,-1,-1
460,1,561,1090,50,50,1,-1,-1,-1
460,3,439,1064,50,50,1,-1,-1,-1
461,1,553,1051,50,50,1,-1,-1,-1
461,3,444,1086,50,50,1,-1,-1,-1
462,1,545,1002,50,50,1,-1,-1,-1
462,3,450,1107,50,50,1,-1,-1,-1
463,1,539,955,50,50,1,-1,-1,-1
463,3,456,1129,50,50,1,-1,-1,-1
464,1,545,910,50,50,1,-1,-1,-1
464,3,463,1143,50,50,1,-1,-1,-1
465,1,575,906,50,50,1,-1,-1,-1
465,3,469,1147,50,50,1,-1,-1,-1
466,1,598,904,50,50,1,-1,-1,-1
466,3,471,1155,50,50,1,-1,-1,-1
467,1,617,904,50,50,1,-1,-1,-1
467,3,475,1146,50,50,1,-1,-1,-1
468,1,634,879,50,50,1,-1,-1,-1
468,3,475,1128,50,50,1,-1,-1,-1
469,1,639,908,50,50,1,-1,-1,-1
469,3,470,1096,50,50,1,-1,-1,-1
470,1,637,925,50,50,1,-1,-1,-1
470,3,460,1038,50,50,1,-1,-1,-1
471,1,623,931,50,50,1,-1,-1,-1
471,3,454,989,50,50,1,-1,-1,-1
472,3,447,947,50,50,1,-1,-1,-1
473,1,455,974,50,50,1,-1,-1,-1
473,3,429,852,50,50,1,-1,-1,-1
474,1,459,982,50,50,1,-1,-1,-1
474,3,422,805,50,50,1,-1,-1,-1
475,1,499,984,50,50,1,-1,-1,-1
475,3,414,757,50,50,1,-1,-1,-1
476,1,472,1017,50,50,1,-1,-1,-1
476,3,405,719,50,50,1,-1,-1,-1
477,1,473,1047,50,50,1,-1,-1,-1
477,3,397,687,50,50,1,-1,-1,-1
478,1,472,1073,50,50,1,-1,-1,-1
478,3,391,659,50,50,1,-1,-1,-1
479,1,472,1101,50,50,1,-1,-1,-1
479,3,385,640,50,50,1,-1,-1,-1
480,1,470,1124,50,50,1,-1,-1,-1
481,1,468,1146,50,50,1,-1,-1,-1
481,3,598,813,50,50,1,-1,-1,-1
482,1,469,1149,50,50,1,-1,-1,-1
482,3,604,857,50,50,1,-1,-1,-1
483,1,473,1148,50,50,1,-1,-1,-1
483,3,609,939,50,50,1,-1,-1,-1
484,1,479,1118,50,50,1,-1,-1,-1
484,3,613,970,50,50,1,-1,-1,-1
485,1,479,1084,50,50,1,-1,-1,-1
485,3,616,994,50,50,1,-1,-1,-1
486,1,476,1030,50,50,1,-1,-1,-1
486,3,615,1019,50,50,1,-1,-1,-1
487,1,467,980,50,50,1,-1,-1,-1
487,3,611,1045,50,50,1,-1,-1,-1
488,1,452,945,50,50,1,-1,-1,-1
488,3,607,1085,50,50,1,-1,-1,-1
489,1,434,914,50,50,1,-1,-1,-1
489,3,606,1112,50,50,1,-1,-1,-1
490,1,399,937,50,50,1,-1,-1,-1
490,3,601,1129,50,50,1,-1,-1,-1
491,1,374,931,50,50,1,-1,-1,-1
491,3,598,1136,50,50,1,-1,-1,-1
492,1,347,915,50,50,1,-1,-1,-1
492,3,592,1134,50,50,1,-1,-1,-1
493,1,348,936,50,50,1,-1,-1,-1
493,3,583,1117,50,50,1,-1,-1,-1
494,1,345,947,50,50,1,-1,-1,-1
494,3,582,1085,50,50,1,-1,-1,-1
495,1,361,952,50,50,1,-1,-1,-1
495,3,580,1035,50,50,1,-1,-1,-1
496,1,387,954,50,50,1,-1,-1,-1
496,3,575,977,50,50,1,-1,-1,-1
497,1,416,953,50,50,1,-1,-1,-1
497,3,577,904,50,50,1,-1,-1,-1
498,1,454,957,50,50,1,-1,-1,-1
498,3,582,832,50,50,1,-1,-1,-1
499,1,485,958,50,50,1,-1,-1,-1
500,1,469,972,50,50,1,-1,-1,-1
500,3,581,725,50,50,1,-1,-1,-1
501,1,466,969,50,50,1,-1,-1,-1
501,3,580,681,50,50,1,-1,-1,-1
502,1,459,970,50,50,1,-1,-1,-1
502,3,581,644,50,50,1,-1,-1,-1
503,1,454,969,50,50,1,-1,-1,-1
503,3,584,609,50,50,1,-1,-1,-1
504,1,595,1054,50,50,1,-1,-1,-1
504,3,586,584,50,50,1,-1,-1,-1
505,1,593,1089,50,50,1,-1,-1,-1
505,3,413,822,50,50,1,-1,-1,-1
506,1,592,1117,50,50,1,-1,-1,-1
506,3,426,979,50,50,1,-1,-1,-1
507,1,589,1136,50,50,1,-1,-1,-1
507,3,418,956,50,50,1,-1,-1,-1
508,1,585,1143,50,50,1,-1,-1,-1
508,3,419,989,50,50,1,-1,-1,-1
509,1,580,1135,50,50,1,-1,-1,-1
509,3,420,1012,50,50,1,-1,-1,-1
510,1,569,1116,50,50,1,-1,-1,-1
510,3,420,1040,50,50,1,-1,-1,-1
511,1,562,1085,50,50,1,-1,-1,-1
511,3,422,1067,50,50,1,-1,-1,-1
512,1,553,1044,50,50,1,-1,-1,-1
512,3,429,1093,50,50,1,-1,-1,-1
513,1,541,997,50,50,1,-1,-1,-1
513,3,435,1114,50,50,1,-1,-1,-1
514,1,540,950,50,50,1,-1,-1,-1
514,3,445,1130,50,50,1,-1,-1,-1
515,1,548,906,50,50,1,-1,-1,-1
515,3,453,1143,50,50,1,-1,-1,-1
516,1,591,914,50,50,1,-1,-1,-1
516,3,463,1152,50,50,1,-1,-1,-1
517,1,617,918,50,50,1,-1,-1,-1
517,3,472,1156,50,50,1,-1,-1,-1
518,1,641,918,50,50,1,-1,-1,-1
518,3,476,1141,50,50,1,-1,-1,-1
519,1,657,894,50,50,1,-1,-1,-1
519,3,478,1120,50,50,1,-1,-1,-1
520,1,660,923,50,50,1,-1,-1,-1
520,3,475,1086,50,50,1,-1,-1,-1
521,1,650,934,50,50,1,-1,-1,-1
521,3,466,1030,50,50,1,-1,-1,-1
522,1,627,938,50,50,1,-1,-1,-1
522,3,461,986,50,50,1,-1,-1,-1
523,3,455,943,50,50,1,-1,-1,-1
524,1,549,954,50,50,1,-1,-1,-1
524,3,443,851,50,50,1,-1,-1,-1
525,1,497,972,50,50,1,-1,-1,-1
525,3,438,807,50,50,1,-1,-1,-1
526,1,469,990,50,50,1,-1,-1,-1
526,3,433,766,50,50,1,-1,-1,-1
527,1,465,1009,50,50,1,-1,-1,-1
527,3,428,731,50,50,1,-1,-1,-1
528,1,465,1025,50,50,1,-1,-1,-1
528,3,422,702,50,50,1,-1,-1,-1
529,1,464,1038,50,50,1,-1,-1,-1
529,3,418,679,50,50,1,-1,-1,-1
530,1,466,1050,50,50,1,-1,-1,-1
530,3,413,662,50,50,1,-1,-1,-1
531,1,466,1060,50,50,1,-1,-1,-1
531,3,409,649,50,50,1,-1,-1,-1
532,1,465,1068,50,50,1,-1,-1,-1
533,1,578,926,50,50,1,-1,-1,-1
534,1,578,926,50,50,1,-1,-1,-1
535,1,589,980,50,50,1,-1,-1,-1
536,1,447,1078,50,50,1,-1,-1,-1
536,3,392,673,50,50,1,-1,-1,-1
537,1,439,1076,50,50,1,-1,-1,-1
537,3,390,696,50,50,1,-1,-1,-1
538,1,429,1075,50,50,1,-1,-1,-1
538,3,388,723,50,50,1,-1,-1,-1
539,1,419,1074,50,50,1,-1,-1,-1
539,3,387,755,50,50,1,-1,-1,-1
540,1,406,1075,50,50,1,-1,-1,-1
540,3,385,793,50,50,1,-1,-1,-1
541,1,398,1075,50,50,1,-1,-1,-1
541,3,384,837,50,50,1,-1,-1,-1
542,1,387,1076,50,50,1,-1,-1,-1
542,3,383,886,50,50,1,-1,-1,-1
543,1,383,1075,50,50,1,-1,-1,-1
543,3,382,941,50,50,1,-1,-1,-1
544,1,377,1047,50,50,1,-1,-1,-1
545,3,375,1061,50,50,1,-1,-1,-1
546,3,374,1061,50,50,1,-1,-1,-1
547,3,370,1062,50,50,1,-1,-1,-1
548,3,369,1063,50,50,1,-1,-1,-1
549,3,369,1064,50,50,1,-1,-1,-1
550,3,365,1067,50,50,1,-1,-1,-1
551,3,364,1072,50,50,1,-1,-1,-1
552,3,366,1082,50,50,1,-1,-1,-1
553,3,364,1095,50,50,1,-1,-1,-1
554,3,369,1106,50,50,1,-1,-1,-1
555,3,372,1116,50,50,1,-1,-1,-1
556,3,371,1125,50,50,1,-1,-1,-1
557,3,370,1131,50,50,1,-1,-1,-1
558,3,372,1130,50,50,1,-1,-1,-1
559,3,371,1130,50,50,1,-1,-1,-1
560,3,370,1134,50,50,1,-1,-1,-1
561,3,364,1144,50,50,1,-1,-1,-1
562,1,501,815,50,50,1,-1,-1,-1
562,3,358,1147,50,50,1,-1,-1,-1
563,1,501,807,50,50,1,-1,-1,-1
563,3,361,1133,50,50,1,-1,-1,-1
564,1,499,806,50,50,1,-1,-1,-1
564,3,362,1116,50,50,1,-1,-1,-1
565,1,502,797,50,50,1,-1,-1,-1
565,3,357,1096,50,50,1,-1,-1,-1
566,1,500,797,50,50,1,-1,-1,-1
566,3,355,1077,50,50,1,-1,-1,-1
567,1,499,797,50,50,1,-1,-1,-1
567,3,354,1058,50,50,1,-1,-1,-1
568,1,511,800,50,50,1,-1,-1,-1
568,3,351,1039,50,50,1,-1,-1,-1
569,1,493,803,50,50,1,-1,-1,-1
569,3,351,1027,50,50,1,-1,-1,-1
570,1,490,800,50,50,1,-1,-1,-1
570,3,355,1020,50,50,1,-1,-1,-1
571,1,673,1038,50,50,1,-1,-1,-1
571,3,394,952,50,50,1,-1,-1,-1
572,1,674,1038,50,50,1,-1,-1,-1
572,3,397,947,50,50,1,-1,-1,-1
573,1,675,1036,50,50,1,-1,-1,-1
573,3,394,953,50,50,1,-1,-1,-1
574,1,676,1036,50,50,1,-1,-1,-1
574,3,396,959,50,50,1,-1,-1,-1
575,1,679,1035,50,50,1,-1,-1,-1
575,3,398,964,50,50,1,-1,-1,-1
576,1,681,1036,50,50,1,-1,-1,-1
576,3,393,976,50,50,1,-1,-1,-1
577,3,387,990,50,50,1,-1,-1,-1
578,3,387,997,50,50,1,-1,-1,-1
579,3,388,1005,50,50,1,-1,-1,-1
580,1,466,1250,50,50,1,-1,-1,-1
580,3,391,1008,50,50,1,-1,-1,-1
581,1,465,1250,50,50,1,-1,-1,-1
581,3,392,1013,50,50,1,-1,-1,-1
582,1,465,1253,50,50,1,-1,-1,-1
582,3,392,1020,50,50,1,-1,-1,-1
583,1,464,1256,50,50,1,-1,-1,-1
583,3,374,1071,50,50,1,-1,-1,-1
584,1,462,1253,50,50,1,-1,-1,-1
584,3,375,1074,50,50,1,-1,-1,-1
585,1,461,1251,50,50,1,-1,-1,-1
585,3,374,1077,50,50,1,-1,-1,-1
586,1,460,1252,50,50,1,-1,-1,-1
586,3,374,1080,50,50,1,-1,-1,-1
587,1,460,1254,50,50,1,-1,-1,-1
587,3,376,1080,50,50,1,-1,-1,-1
588,1,459,1258,50,50,1,-1,-1,-1
588,3,376,1081,50,50,1,-1,-1,-1
589,1,458,1263,50,50,1,-1,-1,-1
589,3,373,1084,50,50,1,-1,-1,-1
590,1,458,1267,50,50,1,-1,-1,-1
590,3,446,860,50,50,1,-1,-1,-1
591,1,457,1268,50,50,1,-1,-1,-1
591,3,446,858,50,50,1,-1,-1,-1
592,1,456,1266,50,50,1,-1,-1,-1
592,3,443,863,50,50,1,-1,-1,-1
593,1,455,1267,50,50,1,-1,-1,-1
593,3,446,852,50,50,1,-1,-1,-1
594,1,455,1267,50,50,1,-1,-1,-1
594,3,446,852,50,50,1,-1,-1,-1
595,1,455,1267,50,50,1,-1,-1,-1
595,3,446,852,50,50,1,-1,-1,-1
596,1,455,1267,50,50,1,-1,-1,-1
596,3,446,852,50,50,1,-1,-1,-1
597,1,455,1267,50,50,1,-1,-1,-1
597,3,446,852,50,50,1,-1,-1,-1
598,1,455,1267,50,50,1,-1,-1,-1
598,3,446,852,50,50,1,-1,-1,-1
599,1,375,1081,50,50,1,-1,-1,-1
600,3,377,1087,50,50,1,-1,-1,-1
601,3,378,1090,50,50,1,-1,-1,-1
602,3,382,1094,50,50,1,-1,-1,-1
603,1,660,1066,50,50,1,-1,-1,-1
603,3,384,1102,50,50,1,-1,-1,-1
604,1,660,1074,50,50,1,-1,-1,-1
604,3,389,1114,50,50,1,-1,-1,-1
605,1,659,1086,50,50,1,-1,-1,-1
605,3,395,1129,50,50,1,-1,-1,-1
