15,1,471,1317,50,50,1,-1,-1,-1
16,1,471,1317,50,50,1,-1,-1,-1
17,1,474,1353,50,50,1,-1,-1,-1
18,1,474,1353,50,50,1,-1,-1,-1
19,1,474,1353,50,50,1,-1,-1,-1
20,1,474,1353,50,50,1,-1,-1,-1
21,1,474,1353,50,50,1,-1,-1,-1
22,1,474,1353,50,50,1,-1,-1,-1
23,1,474,1353,50,50,1,-1,-1,-1
24,1,474,1353,50,50,1,-1,-1,-1
25,1,546,867,50,50,1,-1,-1,-1
26,1,551,818,50,50,1,-1,-1,-1
27,1,555,775,50,50,1,-1,-1,-1
28,1,560,737,50,50,1,-1,-1,-1
28,2,486,1211,50,50,1,-1,-1,-1
29,1,566,707,50,50,1,-1,-1,-1
30,1,572,680,50,50,1,-1,-1,-1
31,1,578,660,50,50,1,-1,-1,-1
31,2,465,1320,50,50,1,-1,-1,-1
32,1,583,645,50,50,1,-1,-1,-1
33,1,588,635,50,50,1,-1,-1,-1
33,2,490,1269,50,50,1,-1,-1,-1
34,1,594,630,50,50,1,-1,-1,-1
34,3,482,873,50,50,1,-1,-1,-1
35,1,600,628,50,50,1,-1,-1,-1
35,3,476,837,50,50,1,-1,-1,-1
36,1,608,632,50,50,1,-1,-1,-1
36,3,471,807,50,50,1,-1,-1,-1
37,1,614,641,50,50,1,-1,-1,-1
37,3,467,781,50,50,1,-1,-1,-1
38,1,621,656,50,50,1,-1,-1,-1
38,2,534,922,50,50,1,-1,-1,-1
38,3,462,761,50,50,1,-1,-1,-1
39,1,628,673,50,50,1,-1,-1,-1
39,2,537,880,50,50,1,-1,-1,-1
39,3,457,747,50,50,1,-1,-1,-1
40,1,635,698,50,50,1,-1,-1,-1
40,2,544,833,50,50,1,-1,-1,-1
40,3,453,738,50,50,1,-1,-1,-1
41,1,651,761,50,50,1,-1,-1,-1
41,2,555,756,50,50,1,-1,-1,-1
41,3,445,733,50,50,1,-1,-1,-1
42,1,659,801,50,50,1,-1,-1,-1
42,2,561,726,50,50,1,-1,-1,-1
42,3,442,739,50,50,1,-1,-1,-1
43,1,667,845,50,50,1,-1,-1,-1
43,2,568,702,50,50,1,-1,-1,-1
43,3,436,749,50,50,1,-1,-1,-1
44,1,674,895,50,50,1,-1,-1,-1
44,2,576,682,50,50,1,-1,-1,-1
44,3,433,765,50,50,1,-1,-1,-1
45,1,684,951,50,50,1,-1,-1,-1
45,2,583,669,50,50,1,-1,-1,-1
45,3,430,785,50,50,1,-1,-1,-1
45,4,538,877,50,50,1,-1,-1,-1
45,5,490,1292,50,50,1,-1,-1,-1
46,2,590,660,50,50,1,-1,-1,-1
46,3,426,811,50,50,1,-1,-1,-1
46,4,532,833,50,50,1,-1,-1,-1
47,2,597,655,50,50,1,-1,-1,-1
47,3,422,840,50,50,1,-1,-1,-1
47,4,524,793,50,50,1,-1,-1,-1
48,1,697,1129,50,50,1,-1,-1,-1
48,2,605,656,50,50,1,-1,-1,-1
48,3,419,876,50,50,1,-1,-1,-1
48,4,520,759,50,50,1,-1,-1,-1
49,2,613,661,50,50,1,-1,-1,-1
49,3,416,917,50,50,1,-1,-1,-1
49,4,514,731,50,50,1,-1,-1,-1
50,1,688,1199,50,50,1,-1,-1,-1
50,2,622,671,50,50,1,-1,-1,-1
50,3,414,965,50,50,1,-1,-1,-1
50,4,508,707,50,50,1,-1,-1,-1
51,1,670,1246,50,50,1,-1,-1,-1
51,2,534,914,50,50,1,-1,-1,-1
51,3,411,1018,50,50,1,-1,-1,-1
51,4,502,690,50,50,1,-1,-1,-1
51,5,431,1118,50,50,1,-1,-1,-1
52,1,651,1276,50,50,1,-1,-1,-1
52,2,638,707,50,50,1,-1,-1,-1
52,3,538,873,50,50,1,-1,-1,-1
52,4,498,678,50,50,1,-1,-1,-1
52,5,412,1111,50,50,1,-1,-1,-1
53,1,406,1152,50,50,1,-1,-1,-1
53,3,646,733,50,50,1,-1,-1,-1
53,4,493,670,50,50,1,-1,-1,-1
53,5,543,830,50,50,1,-1,-1,-1
54,1,402,1184,50,50,1,-1,-1,-1
54,3,548,792,50,50,1,-1,-1,-1
54,4,487,668,50,50,1,-1,-1,-1
54,5,655,763,50,50,1,-1,-1,-1
55,1,407,1216,50,50,1,-1,-1,-1
55,3,553,760,50,50,1,-1,-1,-1
55,4,483,670,50,50,1,-1,-1,-1
55,5,663,799,50,50,1,-1,-1,-1
56,1,424,1253,50,50,1,-1,-1,-1
56,3,558,733,50,50,1,-1,-1,-1
56,4,478,677,50,50,1,-1,-1,-1
56,5,673,839,50,50,1,-1,-1,-1
57,1,442,1282,50,50,1,-1,-1,-1
57,3,564,711,50,50,1,-1,-1,-1
57,4,474,689,50,50,1,-1,-1,-1
57,5,682,886,50,50,1,-1,-1,-1
58,1,635,1107,50,50,1,-1,-1,-1
58,3,569,695,50,50,1,-1,-1,-1
58,4,470,707,50,50,1,-1,-1,-1
58,5,693,938,50,50,1,-1,-1,-1
59,1,661,1092,50,50,1,-1,-1,-1
59,3,575,684,50,50,1,-1,-1,-1
59,4,465,731,50,50,1,-1,-1,-1
59,5,704,996,50,50,1,-1,-1,-1
60,3,581,678,50,50,1,-1,-1,-1
60,4,462,759,50,50,1,-1,-1,-1
60,5,691,1090,50,50,1,-1,-1,-1
61,1,555,866,50,50,1,-1,-1,-1
61,3,586,677,50,50,1,-1,-1,-1
61,4,457,792,50,50,1,-1,-1,-1
62,1,545,825,50,50,1,-1,-1,-1
62,3,594,680,50,50,1,-1,-1,-1
62,4,455,831,50,50,1,-1,-1,-1
63,1,535,790,50,50,1,-1,-1,-1
63,3,601,688,50,50,1,-1,-1,-1
63,4,451,875,50,50,1,-1,-1,-1
63,5,701,1169,50,50,1,-1,-1,-1
64,1,525,760,50,50,1,-1,-1,-1
64,3,608,700,50,50,1,-1,-1,-1
64,4,447,925,50,50,1,-1,-1,-1
64,5,693,1195,50,50,1,-1,-1,-1
65,1,517,736,50,50,1,-1,-1,-1
65,3,615,718,50,50,1,-1,-1,-1
65,4,443,981,50,50,1,-1,-1,-1
65,5,677,1230,50,50,1,-1,-1,-1
66,1,507,716,50,50,1,-1,-1,-1
66,3,622,741,50,50,1,-1,-1,-1
66,4,537,920,50,50,1,-1,-1,-1
66,5,653,1262,50,50,1,-1,-1,-1
67,1,497,702,50,50,1,-1,-1,-1
67,3,629,769,50,50,1,-1,-1,-1
67,4,541,883,50,50,1,-1,-1,-1
67,5,437,1121,50,50,1,-1,-1,-1
68,1,489,693,50,50,1,-1,-1,-1
68,3,638,803,50,50,1,-1,-1,-1
68,4,545,840,50,50,1,-1,-1,-1
69,1,471,692,50,50,1,-1,-1,-1
69,3,654,885,50,50,1,-1,-1,-1
69,4,554,770,50,50,1,-1,-1,-1
69,5,441,1242,50,50,1,-1,-1,-1
70,1,462,698,50,50,1,-1,-1,-1
70,3,662,935,50,50,1,-1,-1,-1
70,4,559,744,50,50,1,-1,-1,-1
70,5,451,1279,50,50,1,-1,-1,-1
71,1,453,709,50,50,1,-1,-1,-1
71,3,670,988,50,50,1,-1,-1,-1
71,4,564,723,50,50,1,-1,-1,-1
71,5,627,1116,50,50,1,-1,-1,-1
72,1,446,726,50,50,1,-1,-1,-1
72,3,663,1088,50,50,1,-1,-1,-1
72,4,569,707,50,50,1,-1,-1,-1
73,1,438,748,50,50,1,-1,-1,-1
73,3,678,1121,50,50,1,-1,-1,-1
73,4,574,696,50,50,1,-1,-1,-1
73,5,486,1282,50,50,1,-1,-1,-1
74,1,429,775,50,50,1,-1,-1,-1
74,3,691,1147,50,50,1,-1,-1,-1
74,4,580,690,50,50,1,-1,-1,-1
74,5,547,876,50,50,1,-1,-1,-1
75,1,421,808,50,50,1,-1,-1,-1
75,3,688,1167,50,50,1,-1,-1,-1
75,4,585,689,50,50,1,-1,-1,-1
75,5,537,837,50,50,1,-1,-1,-1
76,1,414,847,50,50,1,-1,-1,-1
76,3,678,1189,50,50,1,-1,-1,-1
76,4,591,692,50,50,1,-1,-1,-1
76,5,527,803,50,50,1,-1,-1,-1
77,1,404,893,50,50,1,-1,-1,-1
77,3,662,1216,50,50,1,-1,-1,-1
77,4,598,701,50,50,1,-1,-1,-1
77,5,518,774,50,50,1,-1,-1,-1
78,1,398,942,50,50,1,-1,-1,-1
78,3,640,1247,50,50,1,-1,-1,-1
78,4,605,715,50,50,1,-1,-1,-1
78,5,510,752,50,50,1,-1,-1,-1
79,1,391,998,50,50,1,-1,-1,-1
79,3,621,1268,50,50,1,-1,-1,-1
79,4,611,732,50,50,1,-1,-1,-1
79,5,500,734,50,50,1,-1,-1,-1
80,1,523,861,50,50,1,-1,-1,-1
80,3,609,1272,50,50,1,-1,-1,-1
80,4,617,756,50,50,1,-1,-1,-1
80,5,492,722,50,50,1,-1,-1,-1
81,1,528,817,50,50,1,-1,-1,-1
81,3,381,1136,50,50,1,-1,-1,-1
81,4,625,785,50,50,1,-1,-1,-1
81,5,483,715,50,50,1,-1,-1,-1
82,1,532,779,50,50,1,-1,-1,-1
82,3,381,1176,50,50,1,-1,-1,-1
82,4,631,820,50,50,1,-1,-1,-1
82,5,475,712,50,50,1,-1,-1,-1
83,1,537,747,50,50,1,-1,-1,-1
83,3,393,1219,50,50,1,-1,-1,-1
83,4,640,859,50,50,1,-1,-1,-1
83,5,464,713,50,50,1,-1,-1,-1
84,1,542,719,50,50,1,-1,-1,-1
84,3,412,1262,50,50,1,-1,-1,-1
84,4,648,904,50,50,1,-1,-1,-1
84,5,457,722,50,50,1,-1,-1,-1
85,1,546,697,50,50,1,-1,-1,-1
85,3,434,1294,50,50,1,-1,-1,-1
85,4,655,954,50,50,1,-1,-1,-1
85,5,450,735,50,50,1,-1,-1,-1
86,1,552,681,50,50,1,-1,-1,-1
86,5,441,754,50,50,1,-1,-1,-1
87,1,557,668,50,50,1,-1,-1,-1
87,3,465,1307,50,50,1,-1,-1,-1
87,4,662,1096,50,50,1,-1,-1,-1
87,5,434,778,50,50,1,-1,-1,-1
88,1,564,662,50,50,1,-1,-1,-1
88,3,535,867,50,50,1,-1,-1,-1
88,4,675,1130,50,50,1,-1,-1,-1
88,5,426,806,50,50,1,-1,-1,-1
89,1,569,659,50,50,1,-1,-1,-1
89,3,527,831,50,50,1,-1,-1,-1
89,4,680,1160,50,50,1,-1,-1,-1
89,5,418,842,50,50,1,-1,-1,-1
90,1,575,662,50,50,1,-1,-1,-1
90,3,519,799,50,50,1,-1,-1,-1
90,4,671,1194,50,50,1,-1,-1,-1
90,5,410,883,50,50,1,-1,-1,-1
91,1,580,669,50,50,1,-1,-1,-1
91,3,511,774,50,50,1,-1,-1,-1
91,4,658,1235,50,50,1,-1,-1,-1
91,5,402,929,50,50,1,-1,-1,-1
92,1,587,683,50,50,1,-1,-1,-1
92,3,503,755,50,50,1,-1,-1,-1
92,4,635,1274,50,50,1,-1,-1,-1
92,5,395,981,50,50,1,-1,-1,-1
93,1,593,701,50,50,1,-1,-1,-1
93,3,496,740,50,50,1,-1,-1,-1
93,4,614,1290,50,50,1,-1,-1,-1
93,5,491,938,50,50,1,-1,-1,-1
94,1,599,724,50,50,1,-1,-1,-1
94,3,489,731,50,50,1,-1,-1,-1
94,4,601,1288,50,50,1,-1,-1,-1
94,5,498,888,50,50,1,-1,-1,-1
95,1,607,752,50,50,1,-1,-1,-1
95,3,482,726,50,50,1,-1,-1,-1
95,4,374,1157,50,50,1,-1,-1,-1
95,5,502,839,50,50,1,-1,-1,-1
96,1,613,786,50,50,1,-1,-1,-1
96,3,474,727,50,50,1,-1,-1,-1
96,5,507,797,50,50,1,-1,-1,-1
97,1,629,869,50,50,1,-1,-1,-1
97,3,492,734,50,50,1,-1,-1,-1
97,5,569,1123,50,50,1,-1,-1,-1
98,1,637,920,50,50,1,-1,-1,-1
98,3,521,702,50,50,1,-1,-1,-1
98,4,455,755,50,50,1,-1,-1,-1
98,5,412,1291,50,50,1,-1,-1,-1
99,1,644,975,50,50,1,-1,-1,-1
99,3,525,680,50,50,1,-1,-1,-1
99,4,448,776,50,50,1,-1,-1,-1
100,1,646,1080,50,50,1,-1,-1,-1
100,3,530,665,50,50,1,-1,-1,-1
100,4,536,902,50,50,1,-1,-1,-1
100,5,434,1302,50,50,1,-1,-1,-1
101,1,660,1120,50,50,1,-1,-1,-1
101,3,535,655,50,50,1,-1,-1,-1
101,4,530,860,50,50,1,-1,-1,-1
101,5,436,830,50,50,1,-1,-1,-1
102,1,665,1153,50,50,1,-1,-1,-1
102,3,541,650,50,50,1,-1,-1,-1
102,4,522,819,50,50,1,-1,-1,-1
102,5,430,865,50,50,1,-1,-1,-1
103,1,660,1189,50,50,1,-1,-1,-1
103,3,546,649,50,50,1,-1,-1,-1
103,4,517,784,50,50,1,-1,-1,-1
103,5,450,1168,50,50,1,-1,-1,-1
104,1,647,1235,50,50,1,-1,-1,-1
104,3,551,654,50,50,1,-1,-1,-1
104,4,511,755,50,50,1,-1,-1,-1
104,5,419,950,50,50,1,-1,-1,-1
105,1,627,1274,50,50,1,-1,-1,-1
105,3,558,663,50,50,1,-1,-1,-1
105,4,506,731,50,50,1,-1,-1,-1
105,5,441,1013,50,50,1,-1,-1,-1
106,1,606,1289,50,50,1,-1,-1,-1
106,4,532,695,50,50,1,-1,-1,-1
106,5,477,968,50,50,1,-1,-1,-1
107,3,571,698,50,50,1,-1,-1,-1
107,4,495,699,50,50,1,-1,-1,-1
107,5,484,916,50,50,1,-1,-1,-1
108,1,402,1171,50,50,1,-1,-1,-1
108,3,577,724,50,50,1,-1,-1,-1
108,4,491,691,50,50,1,-1,-1,-1
108,5,492,873,50,50,1,-1,-1,-1
109,1,398,1202,50,50,1,-1,-1,-1
109,3,584,756,50,50,1,-1,-1,-1
109,4,486,689,50,50,1,-1,-1,-1
109,5,499,833,50,50,1,-1,-1,-1
110,1,405,1235,50,50,1,-1,-1,-1
110,3,592,791,50,50,1,-1,-1,-1
110,4,481,690,50,50,1,-1,-1,-1
110,5,509,801,50,50,1,-1,-1,-1
111,1,416,1265,50,50,1,-1,-1,-1
111,3,598,832,50,50,1,-1,-1,-1
111,4,476,697,50,50,1,-1,-1,-1
111,5,517,772,50,50,1,-1,-1,-1
112,1,425,1298,50,50,1,-1,-1,-1
112,3,606,880,50,50,1,-1,-1,-1
112,4,473,709,50,50,1,-1,-1,-1
112,5,525,749,50,50,1,-1,-1,-1
113,1,437,1319,50,50,1,-1,-1,-1
113,3,615,932,50,50,1,-1,-1,-1
113,4,468,727,50,50,1,-1,-1,-1
113,5,534,732,50,50,1,-1,-1,-1
114,1,450,1326,50,50,1,-1,-1,-1
114,3,622,992,50,50,1,-1,-1,-1
114,4,464,749,50,50,1,-1,-1,-1
114,5,542,720,50,50,1,-1,-1,-1
115,1,467,1313,50,50,1,-1,-1,-1
115,3,524,866,50,50,1,-1,-1,-1
115,4,459,777,50,50,1,-1,-1,-1
115,5,549,712,50,50,1,-1,-1,-1
116,1,483,1272,50,50,1,-1,-1,-1
116,3,519,827,50,50,1,-1,-1,-1
116,4,455,810,50,50,1,-1,-1,-1
116,5,559,709,50,50,1,-1,-1,-1
117,1,487,1211,50,50,1,-1,-1,-1
117,3,515,794,50,50,1,-1,-1,-1
117,4,452,847,50,50,1,-1,-1,-1
117,5,567,711,50,50,1,-1,-1,-1
118,1,645,1207,50,50,1,-1,-1,-1
118,3,512,765,50,50,1,-1,-1,-1
118,4,449,892,50,50,1,-1,-1,-1
118,5,576,718,50,50,1,-1,-1,-1
119,1,640,1251,50,50,1,-1,-1,-1
119,3,508,744,50,50,1,-1,-1,-1
119,4,445,941,50,50,1,-1,-1,-1
119,5,586,730,50,50,1,-1,-1,-1
120,1,630,1273,50,50,1,-1,-1,-1
120,3,505,727,50,50,1,-1,-1,-1
120,4,442,997,50,50,1,-1,-1,-1
120,5,596,747,50,50,1,-1,-1,-1
121,3,502,714,50,50,1,-1,-1,-1
121,4,516,923,50,50,1,-1,-1,-1
121,5,606,769,50,50,1,-1,-1,-1
122,3,499,709,50,50,1,-1,-1,-1
122,4,521,884,50,50,1,-1,-1,-1
122,5,615,797,50,50,1,-1,-1,-1
123,1,604,1212,50,50,1,-1,-1,-1
123,3,496,707,50,50,1,-1,-1,-1
123,4,527,839,50,50,1,-1,-1,-1
123,5,624,828,50,50,1,-1,-1,-1
124,1,594,1157,50,50,1,-1,-1,-1
124,3,493,711,50,50,1,-1,-1,-1
124,4,533,797,50,50,1,-1,-1,-1
124,5,636,865,50,50,1,-1,-1,-1
125,1,579,1023,50,50,1,-1,-1,-1
125,3,517,733,50,50,1,-1,-1,-1
125,4,620,1114,50,50,1,-1,-1,-1
125,5,658,956,50,50,1,-1,-1,-1
126,1,485,751,50,50,1,-1,-1,-1
126,3,550,709,50,50,1,-1,-1,-1
126,5,463,1312,50,50,1,-1,-1,-1
127,1,483,775,50,50,1,-1,-1,-1
127,3,556,690,50,50,1,-1,-1,-1
127,4,552,912,50,50,1,-1,-1,-1
127,5,671,1100,50,50,1,-1,-1,-1
128,1,542,871,50,50,1,-1,-1,-1
128,3,563,676,50,50,1,-1,-1,-1
128,4,685,1137,50,50,1,-1,-1,-1
128,5,481,805,50,50,1,-1,-1,-1
129,1,506,836,50,50,1,-1,-1,-1
129,3,569,667,50,50,1,-1,-1,-1
129,4,691,1165,50,50,1,-1,-1,-1
130,1,525,803,50,50,1,-1,-1,-1
130,3,575,663,50,50,1,-1,-1,-1
130,4,688,1197,50,50,1,-1,-1,-1
130,5,478,878,50,50,1,-1,-1,-1
131,1,517,776,50,50,1,-1,-1,-1
131,3,582,663,50,50,1,-1,-1,-1
131,4,679,1234,50,50,1,-1,-1,-1
131,5,475,922,50,50,1,-1,-1,-1
132,1,508,756,50,50,1,-1,-1,-1
132,3,589,669,50,50,1,-1,-1,-1
132,4,474,974,50,50,1,-1,-1,-1
133,1,500,740,50,50,1,-1,-1,-1
133,3,597,680,50,50,1,-1,-1,-1
133,4,644,1285,50,50,1,-1,-1,-1
134,1,493,730,50,50,1,-1,-1,-1
134,3,605,695,50,50,1,-1,-1,-1
134,4,527,908,50,50,1,-1,-1,-1
135,1,484,725,50,50,1,-1,-1,-1
135,3,613,716,50,50,1,-1,-1,-1
135,4,532,865,50,50,1,-1,-1,-1
136,1,477,724,50,50,1,-1,-1,-1
136,3,619,742,50,50,1,-1,-1,-1
136,4,535,822,50,50,1,-1,-1,-1
137,1,469,728,50,50,1,-1,-1,-1
137,3,628,772,50,50,1,-1,-1,-1
137,4,541,783,50,50,1,-1,-1,-1
138,1,461,739,50,50,1,-1,-1,-1
138,3,636,809,50,50,1,-1,-1,-1
138,4,545,752,50,50,1,-1,-1,-1
139,1,455,753,50,50,1,-1,-1,-1
139,3,645,850,50,50,1,-1,-1,-1
139,4,550,725,50,50,1,-1,-1,-1
140,1,448,773,50,50,1,-1,-1,-1
140,3,653,898,50,50,1,-1,-1,-1
140,4,555,703,50,50,1,-1,-1,-1
141,1,441,799,50,50,1,-1,-1,-1
141,3,663,951,50,50,1,-1,-1,-1
141,4,560,688,50,50,1,-1,-1,-1
142,1,433,829,50,50,1,-1,-1,-1
142,3,554,881,50,50,1,-1,-1,-1
142,4,565,676,50,50,1,-1,-1,-1
143,1,427,865,50,50,1,-1,-1,-1
143,3,546,843,50,50,1,-1,-1,-1
143,4,571,670,50,50,1,-1,-1,-1
144,1,420,906,50,50,1,-1,-1,-1
144,3,537,812,50,50,1,-1,-1,-1
144,4,576,668,50,50,1,-1,-1,-1
145,1,415,953,50,50,1,-1,-1,-1
145,3,530,786,50,50,1,-1,-1,-1
145,4,583,671,50,50,1,-1,-1,-1
146,1,409,1007,50,50,1,-1,-1,-1
146,3,522,765,50,50,1,-1,-1,-1
146,4,589,679,50,50,1,-1,-1,-1
147,1,514,916,50,50,1,-1,-1,-1
147,3,515,751,50,50,1,-1,-1,-1
147,4,596,693,50,50,1,-1,-1,-1
148,1,520,876,50,50,1,-1,-1,-1
148,3,508,742,50,50,1,-1,-1,-1
148,4,601,710,50,50,1,-1,-1,-1
149,1,525,833,50,50,1,-1,-1,-1
149,3,500,737,50,50,1,-1,-1,-1
149,4,608,734,50,50,1,-1,-1,-1
150,1,529,795,50,50,1,-1,-1,-1
150,3,493,737,50,50,1,-1,-1,-1
150,4,615,763,50,50,1,-1,-1,-1
151,1,513,754,50,50,1,-1,-1,-1
151,3,590,1216,50,50,1,-1,-1,-1
151,4,621,797,50,50,1,-1,-1,-1
152,1,510,744,50,50,1,-1,-1,-1
152,3,413,1296,50,50,1,-1,-1,-1
152,4,628,837,50,50,1,-1,-1,-1
153,1,543,716,50,50,1,-1,-1,-1
153,3,588,1116,50,50,1,-1,-1,-1
153,4,637,882,50,50,1,-1,-1,-1
154,1,552,689,50,50,1,-1,-1,-1
154,3,632,1097,50,50,1,-1,-1,-1
154,4,653,987,50,50,1,-1,-1,-1
155,1,558,682,50,50,1,-1,-1,-1
155,3,541,904,50,50,1,-1,-1,-1
155,4,657,1081,50,50,1,-1,-1,-1
156,1,564,682,50,50,1,-1,-1,-1
156,4,672,1118,50,50,1,-1,-1,-1
157,1,523,826,50,50,1,-1,-1,-1
157,3,442,921,50,50,1,-1,-1,-1
157,4,677,1149,50,50,1,-1,-1,-1
158,1,435,968,50,50,1,-1,-1,-1
158,3,575,695,50,50,1,-1,-1,-1
158,4,671,1184,50,50,1,-1,-1,-1
159,1,432,1020,50,50,1,-1,-1,-1
159,3,582,709,50,50,1,-1,-1,-1
159,4,656,1229,50,50,1,-1,-1,-1
160,1,490,949,50,50,1,-1,-1,-1
160,3,499,746,50,50,1,-1,-1,-1
160,4,635,1270,50,50,1,-1,-1,-1
161,1,497,897,50,50,1,-1,-1,-1
161,3,492,729,50,50,1,-1,-1,-1
161,4,622,1288,50,50,1,-1,-1,-1
162,1,501,849,50,50,1,-1,-1,-1
162,3,483,719,50,50,1,-1,-1,-1
162,4,419,1197,50,50,1,-1,-1,-1
163,1,505,806,50,50,1,-1,-1,-1
163,3,476,713,50,50,1,-1,-1,-1
163,4,420,1235,50,50,1,-1,-1,-1
164,1,508,768,50,50,1,-1,-1,-1
164,3,470,712,50,50,1,-1,-1,-1
164,4,423,1269,50,50,1,-1,-1,-1
165,1,490,726,50,50,1,-1,-1,-1
165,3,624,903,50,50,1,-1,-1,-1
165,4,431,1298,50,50,1,-1,-1,-1
166,1,456,725,50,50,1,-1,-1,-1
166,3,590,1113,50,50,1,-1,-1,-1
166,4,439,1319,50,50,1,-1,-1,-1
167,1,449,740,50,50,1,-1,-1,-1
167,3,621,1117,50,50,1,-1,-1,-1
167,4,445,1331,50,50,1,-1,-1,-1
168,1,443,759,50,50,1,-1,-1,-1
168,3,648,1106,50,50,1,-1,-1,-1
168,4,554,931,50,50,1,-1,-1,-1
169,1,436,784,50,50,1,-1,-1,-1
169,3,660,1145,50,50,1,-1,-1,-1
169,4,529,660,50,50,1,-1,-1,-1
170,1,429,813,50,50,1,-1,-1,-1
170,3,664,1178,50,50,1,-1,-1,-1
170,4,533,653,50,50,1,-1,-1,-1
171,1,423,848,50,50,1,-1,-1,-1
171,3,660,1208,50,50,1,-1,-1,-1
171,4,538,651,50,50,1,-1,-1,-1
172,1,417,888,50,50,1,-1,-1,-1
172,3,648,1249,50,50,1,-1,-1,-1
172,4,542,654,50,50,1,-1,-1,-1
173,1,412,933,50,50,1,-1,-1,-1
173,3,631,1281,50,50,1,-1,-1,-1
173,4,548,662,50,50,1,-1,-1,-1
174,1,408,986,50,50,1,-1,-1,-1
174,3,618,1301,50,50,1,-1,-1,-1
174,4,477,986,50,50,1,-1,-1,-1
175,1,400,1042,50,50,1,-1,-1,-1
175,3,415,1142,50,50,1,-1,-1,-1
175,4,483,927,50,50,1,-1,-1,-1
176,1,488,876,50,50,1,-1,-1,-1
176,3,492,682,50,50,1,-1,-1,-1
176,4,564,718,50,50,1,-1,-1,-1
177,1,570,746,50,50,1,-1,-1,-1
177,3,492,830,50,50,1,-1,-1,-1
177,4,485,675,50,50,1,-1,-1,-1
178,1,576,781,50,50,1,-1,-1,-1
178,3,384,1225,50,50,1,-1,-1,-1
178,4,479,671,50,50,1,-1,-1,-1
179,1,583,821,50,50,1,-1,-1,-1
179,3,394,1259,50,50,1,-1,-1,-1
179,4,473,673,50,50,1,-1,-1,-1
180,1,590,866,50,50,1,-1,-1,-1
180,3,565,1129,50,50,1,-1,-1,-1
181,1,605,972,50,50,1,-1,-1,-1
181,3,597,1113,50,50,1,-1,-1,-1
181,4,455,708,50,50,1,-1,-1,-1
182,1,611,1078,50,50,1,-1,-1,-1
182,3,449,1320,50,50,1,-1,-1,-1
182,4,450,730,50,50,1,-1,-1,-1
183,1,617,1118,50,50,1,-1,-1,-1
183,3,464,1296,50,50,1,-1,-1,-1
183,4,445,757,50,50,1,-1,-1,-1
184,1,621,1153,50,50,1,-1,-1,-1
184,3,474,1249,50,50,1,-1,-1,-1
184,4,439,791,50,50,1,-1,-1,-1
185,1,621,1187,50,50,1,-1,-1,-1
185,3,476,1186,50,50,1,-1,-1,-1
185,4,434,829,50,50,1,-1,-1,-1
186,1,618,1231,50,50,1,-1,-1,-1
186,3,513,785,50,50,1,-1,-1,-1
186,4,429,873,50,50,1,-1,-1,-1
187,1,612,1279,50,50,1,-1,-1,-1
187,3,547,665,50,50,1,-1,-1,-1
187,4,424,922,50,50,1,-1,-1,-1
188,1,606,1297,50,50,1,-1,-1,-1
188,3,552,681,50,50,1,-1,-1,-1
188,4,419,977,50,50,1,-1,-1,-1
189,1,599,1298,50,50,1,-1,-1,-1
189,3,559,700,50,50,1,-1,-1,-1
189,4,502,922,50,50,1,-1,-1,-1
190,1,410,1125,50,50,1,-1,-1,-1
190,3,565,726,50,50,1,-1,-1,-1
190,4,511,878,50,50,1,-1,-1,-1
191,1,407,1166,50,50,1,-1,-1,-1
191,3,572,757,50,50,1,-1,-1,-1
191,4,518,836,50,50,1,-1,-1,-1
192,1,409,1209,50,50,1,-1,-1,-1
192,3,488,734,50,50,1,-1,-1,-1
192,4,553,796,50,50,1,-1,-1,-1
193,1,418,1254,50,50,1,-1,-1,-1
193,3,567,1143,50,50,1,-1,-1,-1
193,4,586,834,50,50,1,-1,-1,-1
194,1,438,1291,50,50,1,-1,-1,-1
194,3,576,1117,50,50,1,-1,-1,-1
194,4,593,881,50,50,1,-1,-1,-1
195,1,457,1313,50,50,1,-1,-1,-1
195,3,477,776,50,50,1,-1,-1,-1
195,4,600,932,50,50,1,-1,-1,-1
196,1,609,1105,50,50,1,-1,-1,-1
196,3,553,709,50,50,1,-1,-1,-1
196,4,609,991,50,50,1,-1,-1,-1
197,1,522,889,50,50,1,-1,-1,-1
197,3,561,700,50,50,1,-1,-1,-1
197,4,618,1089,50,50,1,-1,-1,-1
198,1,491,856,50,50,1,-1,-1,-1
198,3,570,694,50,50,1,-1,-1,-1
198,4,624,1132,50,50,1,-1,-1,-1
199,1,464,905,50,50,1,-1,-1,-1
199,3,576,694,50,50,1,-1,-1,-1
199,4,625,1172,50,50,1,-1,-1,-1
200,1,461,951,50,50,1,-1,-1,-1
200,3,584,698,50,50,1,-1,-1,-1
200,4,626,1214,50,50,1,-1,-1,-1
201,1,458,1003,50,50,1,-1,-1,-1
201,3,592,709,50,50,1,-1,-1,-1
201,4,626,1269,50,50,1,-1,-1,-1
202,1,482,736,50,50,1,-1,-1,-1
202,3,601,723,50,50,1,-1,-1,-1
203,1,474,720,50,50,1,-1,-1,-1
203,3,609,743,50,50,1,-1,-1,-1
203,4,625,1294,50,50,1,-1,-1,-1
204,1,517,872,50,50,1,-1,-1,-1
204,3,618,768,50,50,1,-1,-1,-1
204,4,612,1273,50,50,1,-1,-1,-1
205,1,458,1227,50,50,1,-1,-1,-1
205,3,626,798,50,50,1,-1,-1,-1
205,4,603,1225,50,50,1,-1,-1,-1
206,1,458,1267,50,50,1,-1,-1,-1
206,3,635,834,50,50,1,-1,-1,-1
206,4,593,1165,50,50,1,-1,-1,-1
207,1,462,1301,50,50,1,-1,-1,-1
207,3,646,874,50,50,1,-1,-1,-1
207,4,595,1120,50,50,1,-1,-1,-1
208,1,464,1319,50,50,1,-1,-1,-1
208,3,654,920,50,50,1,-1,-1,-1
208,4,529,737,50,50,1,-1,-1,-1
209,1,466,1318,50,50,1,-1,-1,-1
209,3,664,972,50,50,1,-1,-1,-1
209,4,532,716,50,50,1,-1,-1,-1
210,1,479,1260,50,50,1,-1,-1,-1
210,3,688,1118,50,50,1,-1,-1,-1
210,4,534,875,50,50,1,-1,-1,-1
211,1,481,1198,50,50,1,-1,-1,-1
211,3,691,1156,50,50,1,-1,-1,-1
211,4,523,837,50,50,1,-1,-1,-1
212,1,407,854,50,50,1,-1,-1,-1
212,3,685,1190,50,50,1,-1,-1,-1
212,4,546,685,50,50,1,-1,-1,-1
213,1,502,777,50,50,1,-1,-1,-1
213,3,671,1231,50,50,1,-1,-1,-1
213,4,550,690,50,50,1,-1,-1,-1
214,1,491,756,50,50,1,-1,-1,-1
214,3,649,1273,50,50,1,-1,-1,-1
214,4,554,700,50,50,1,-1,-1,-1
215,1,481,739,50,50,1,-1,-1,-1
215,3,387,997,50,50,1,-1,-1,-1
215,4,559,714,50,50,1,-1,-1,-1
216,1,472,728,50,50,1,-1,-1,-1
216,3,510,891,50,50,1,-1,-1,-1
216,4,563,734,50,50,1,-1,-1,-1
217,1,462,723,50,50,1,-1,-1,-1
217,3,517,849,50,50,1,-1,-1,-1
217,4,568,758,50,50,1,-1,-1,-1
218,1,452,721,50,50,1,-1,-1,-1
218,3,581,1263,50,50,1,-1,-1,-1
218,4,548,800,50,50,1,-1,-1,-1
219,1,444,725,50,50,1,-1,-1,-1
219,3,569,1207,50,50,1,-1,-1,-1
219,4,555,804,50,50,1,-1,-1,-1
220,1,433,735,50,50,1,-1,-1,-1
220,3,584,864,50,50,1,-1,-1,-1
220,4,535,755,50,50,1,-1,-1,-1
221,1,425,749,50,50,1,-1,-1,-1
221,3,425,1296,50,50,1,-1,-1,-1
221,4,542,735,50,50,1,-1,-1,-1
222,1,414,768,50,50,1,-1,-1,-1
222,3,442,1311,50,50,1,-1,-1,-1
222,4,549,720,50,50,1,-1,-1,-1
223,1,408,793,50,50,1,-1,-1,-1
223,3,456,1305,50,50,1,-1,-1,-1
223,4,556,709,50,50,1,-1,-1,-1
224,1,399,823,50,50,1,-1,-1,-1
224,3,613,1102,50,50,1,-1,-1,-1
224,4,562,704,50,50,1,-1,-1,-1
225,1,389,859,50,50,1,-1,-1,-1
225,3,517,861,50,50,1,-1,-1,-1
225,4,569,704,50,50,1,-1,-1,-1
226,1,381,900,50,50,1,-1,-1,-1
226,3,511,824,50,50,1,-1,-1,-1
226,4,577,708,50,50,1,-1,-1,-1
227,1,372,947,50,50,1,-1,-1,-1
227,3,504,793,50,50,1,-1,-1,-1
227,4,583,717,50,50,1,-1,-1,-1
228,1,362,998,50,50,1,-1,-1,-1
228,3,498,766,50,50,1,-1,-1,-1
228,4,476,1015,50,50,1,-1,-1,-1
229,1,376,1108,50,50,1,-1,-1,-1
229,3,491,746,50,50,1,-1,-1,-1
229,4,610,1289,50,50,1,-1,-1,-1
230,1,361,1146,50,50,1,-1,-1,-1
230,3,484,731,50,50,1,-1,-1,-1
230,4,602,1287,50,50,1,-1,-1,-1
231,1,484,866,50,50,1,-1,-1,-1
231,3,478,720,50,50,1,-1,-1,-1
231,4,592,1266,50,50,1,-1,-1,-1
232,1,622,838,50,50,1,-1,-1,-1
232,3,473,716,50,50,1,-1,-1,-1
232,4,582,1216,50,50,1,-1,-1,-1
233,1,632,877,50,50,1,-1,-1,-1
233,3,467,716,50,50,1,-1,-1,-1
233,4,577,1159,50,50,1,-1,-1,-1
234,1,641,922,50,50,1,-1,-1,-1
234,3,379,1284,50,50,1,-1,-1,-1
234,4,582,1123,50,50,1,-1,-1,-1
235,1,649,972,50,50,1,-1,-1,-1
235,3,475,737,50,50,1,-1,-1,-1
235,4,403,1304,50,50,1,-1,-1,-1
236,1,473,736,50,50,1,-1,-1,-1
237,1,504,709,50,50,1,-1,-1,-1
237,4,445,1299,50,50,1,-1,-1,-1
238,1,512,836,50,50,1,-1,-1,-1
238,4,454,1260,50,50,1,-1,-1,-1
239,1,432,855,50,50,1,-1,-1,-1
239,4,504,805,50,50,1,-1,-1,-1
240,1,428,897,50,50,1,-1,-1,-1
240,4,515,719,50,50,1,-1,-1,-1
241,1,423,944,50,50,1,-1,-1,-1
241,4,503,746,50,50,1,-1,-1,-1
242,1,446,996,50,50,1,-1,-1,-1
242,4,502,748,50,50,1,-1,-1,-1
243,1,526,775,50,50,1,-1,-1,-1
243,4,471,733,50,50,1,-1,-1,-1
244,1,531,806,50,50,1,-1,-1,-1
244,4,463,726,50,50,1,-1,-1,-1
245,1,516,847,50,50,1,-1,-1,-1
245,4,456,725,50,50,1,-1,-1,-1
246,1,539,879,50,50,1,-1,-1,-1
246,4,449,730,50,50,1,-1,-1,-1
247,1,547,918,50,50,1,-1,-1,-1
247,4,443,740,50,50,1,-1,-1,-1
248,1,493,1033,50,50,1,-1,-1,-1
248,4,437,755,50,50,1,-1,-1,-1
249,1,488,972,50,50,1,-1,-1,-1
249,4,429,775,50,50,1,-1,-1,-1
250,1,489,925,50,50,1,-1,-1,-1
250,4,421,799,50,50,1,-1,-1,-1
251,1,486,882,50,50,1,-1,-1,-1
251,4,415,829,50,50,1,-1,-1,-1
252,1,481,844,50,50,1,-1,-1,-1
252,4,408,865,50,50,1,-1,-1,-1
253,1,477,812,50,50,1,-1,-1,-1
253,4,402,907,50,50,1,-1,-1,-1
254,1,473,785,50,50,1,-1,-1,-1
254,4,395,953,50,50,1,-1,-1,-1
255,1,468,764,50,50,1,-1,-1,-1
255,4,390,1006,50,50,1,-1,-1,-1
256,1,465,747,50,50,1,-1,-1,-1
256,4,583,740,50,50,1,-1,-1,-1
257,1,460,736,50,50,1,-1,-1,-1
257,4,592,761,50,50,1,-1,-1,-1
258,1,456,730,50,50,1,-1,-1,-1
258,4,493,831,50,50,1,-1,-1,-1
259,1,453,729,50,50,1,-1,-1,-1
259,4,499,795,50,50,1,-1,-1,-1
260,1,449,733,50,50,1,-1,-1,-1
260,4,504,764,50,50,1,-1,-1,-1
261,1,446,742,50,50,1,-1,-1,-1
261,4,510,738,50,50,1,-1,-1,-1
262,1,443,757,50,50,1,-1,-1,-1
262,4,515,717,50,50,1,-1,-1,-1
263,1,440,775,50,50,1,-1,-1,-1
263,4,520,702,50,50,1,-1,-1,-1
264,1,436,800,50,50,1,-1,-1,-1
264,4,527,692,50,50,1,-1,-1,-1
265,1,435,829,50,50,1,-1,-1,-1
265,4,532,687,50,50,1,-1,-1,-1
266,1,429,904,50,50,1,-1,-1,-1
266,4,545,691,50,50,1,-1,-1,-1
267,1,427,950,50,50,1,-1,-1,-1
267,4,551,700,50,50,1,-1,-1,-1
268,1,426,1000,50,50,1,-1,-1,-1
268,4,559,713,50,50,1,-1,-1,-1
269,1,495,918,50,50,1,-1,-1,-1
269,4,566,733,50,50,1,-1,-1,-1
270,1,501,875,50,50,1,-1,-1,-1
270,4,573,757,50,50,1,-1,-1,-1
271,1,507,833,50,50,1,-1,-1,-1
271,4,580,788,50,50,1,-1,-1,-1
272,1,512,795,50,50,1,-1,-1,-1
272,4,587,823,50,50,1,-1,-1,-1
273,1,518,765,50,50,1,-1,-1,-1
273,4,594,862,50,50,1,-1,-1,-1
274,1,524,739,50,50,1,-1,-1,-1
274,4,603,907,50,50,1,-1,-1,-1
275,1,530,717,50,50,1,-1,-1,-1
275,4,611,958,50,50,1,-1,-1,-1
276,1,535,702,50,50,1,-1,-1,-1
276,4,621,1016,50,50,1,-1,-1,-1
277,1,541,690,50,50,1,-1,-1,-1
277,4,523,907,50,50,1,-1,-1,-1
278,1,548,685,50,50,1,-1,-1,-1
278,4,427,835,50,50,1,-1,-1,-1
279,1,553,685,50,50,1,-1,-1,-1
279,4,422,875,50,50,1,-1,-1,-1
280,1,561,689,50,50,1,-1,-1,-1
280,4,419,918,50,50,1,-1,-1,-1
281,1,568,698,50,50,1,-1,-1,-1
281,4,414,968,50,50,1,-1,-1,-1
282,1,574,713,50,50,1,-1,-1,-1
282,4,489,957,50,50,1,-1,-1,-1
283,1,581,732,50,50,1,-1,-1,-1
283,4,499,901,50,50,1,-1,-1,-1
284,1,589,758,50,50,1,-1,-1,-1
284,4,503,852,50,50,1,-1,-1,-1
285,1,596,787,50,50,1,-1,-1,-1
285,4,510,807,50,50,1,-1,-1,-1
286,1,604,823,50,50,1,-1,-1,-1
286,4,516,768,50,50,1,-1,-1,-1
287,1,612,864,50,50,1,-1,-1,-1
287,4,522,733,50,50,1,-1,-1,-1
288,1,621,911,50,50,1,-1,-1,-1
288,4,527,704,50,50,1,-1,-1,-1
289,1,629,963,50,50,1,-1,-1,-1
289,4,534,680,50,50,1,-1,-1,-1
290,1,632,1067,50,50,1,-1,-1,-1
290,4,540,662,50,50,1,-1,-1,-1
291,1,463,1285,50,50,1,-1,-1,-1
291,4,546,649,50,50,1,-1,-1,-1
292,1,470,1230,50,50,1,-1,-1,-1
292,4,552,641,50,50,1,-1,-1,-1
293,1,462,1132,50,50,1,-1,-1,-1
293,4,566,638,50,50,1,-1,-1,-1
294,1,482,1010,50,50,1,-1,-1,-1
294,4,573,645,50,50,1,-1,-1,-1
295,1,487,941,50,50,1,-1,-1,-1
295,4,579,657,50,50,1,-1,-1,-1
296,1,496,886,50,50,1,-1,-1,-1
296,4,588,673,50,50,1,-1,-1,-1
297,1,500,835,50,50,1,-1,-1,-1
297,4,596,696,50,50,1,-1,-1,-1
298,1,505,789,50,50,1,-1,-1,-1
298,4,603,723,50,50,1,-1,-1,-1
299,1,498,735,50,50,1,-1,-1,-1
299,4,612,754,50,50,1,-1,-1,-1
300,1,498,715,50,50,1,-1,-1,-1
300,4,619,793,50,50,1,-1,-1,-1
301,1,521,682,50,50,1,-1,-1,-1
301,4,628,836,50,50,1,-1,-1,-1
302,1,525,658,50,50,1,-1,-1,-1
302,4,638,885,50,50,1,-1,-1,-1
303,1,532,639,50,50,1,-1,-1,-1
303,4,647,940,50,50,1,-1,-1,-1
304,1,537,624,50,50,1,-1,-1,-1
304,4,541,869,50,50,1,-1,-1,-1
305,1,543,614,50,50,1,-1,-1,-1
305,4,446,829,50,50,1,-1,-1,-1
306,1,550,611,50,50,1,-1,-1,-1
306,4,442,866,50,50,1,-1,-1,-1
307,1,557,612,50,50,1,-1,-1,-1
307,4,437,909,50,50,1,-1,-1,-1
308,1,563,615,50,50,1,-1,-1,-1
308,4,432,956,50,50,1,-1,-1,-1
309,1,570,626,50,50,1,-1,-1,-1
309,4,429,1008,50,50,1,-1,-1,-1
310,1,578,644,50,50,1,-1,-1,-1
310,4,492,912,50,50,1,-1,-1,-1
311,1,585,666,50,50,1,-1,-1,-1
311,4,498,864,50,50,1,-1,-1,-1
312,1,593,694,50,50,1,-1,-1,-1
312,4,503,818,50,50,1,-1,-1,-1
313,1,602,727,50,50,1,-1,-1,-1
313,4,509,780,50,50,1,-1,-1,-1
314,1,610,766,50,50,1,-1,-1,-1
314,4,515,745,50,50,1,-1,-1,-1
315,1,617,810,50,50,1,-1,-1,-1
315,4,521,715,50,50,1,-1,-1,-1
316,1,626,859,50,50,1,-1,-1,-1
316,4,506,671,50,50,1,-1,-1,-1
317,1,636,916,50,50,1,-1,-1,-1
317,4,505,669,50,50,1,-1,-1,-1
318,1,646,979,50,50,1,-1,-1,-1
318,4,505,674,50,50,1,-1,-1,-1
319,1,522,857,50,50,1,-1,-1,-1
319,4,476,710,50,50,1,-1,-1,-1
320,1,550,650,50,50,1,-1,-1,-1
320,4,472,743,50,50,1,-1,-1,-1
321,1,564,657,50,50,1,-1,-1,-1
321,4,500,752,50,50,1,-1,-1,-1
322,1,570,669,50,50,1,-1,-1,-1
322,4,492,727,50,50,1,-1,-1,-1
323,1,577,684,50,50,1,-1,-1,-1
323,4,484,707,50,50,1,-1,-1,-1
324,1,583,706,50,50,1,-1,-1,-1
324,4,478,694,50,50,1,-1,-1,-1
325,1,591,733,50,50,1,-1,-1,-1
325,4,470,685,50,50,1,-1,-1,-1
326,1,598,765,50,50,1,-1,-1,-1
326,4,464,683,50,50,1,-1,-1,-1
327,1,595,1197,50,50,1,-1,-1,-1
327,4,457,686,50,50,1,-1,-1,-1
328,1,456,1226,50,50,1,-1,-1,-1
328,4,451,692,50,50,1,-1,-1,-1
329,1,458,1274,50,50,1,-1,-1,-1
329,4,445,705,50,50,1,-1,-1,-1
330,1,461,1300,50,50,1,-1,-1,-1
330,4,439,723,50,50,1,-1,-1,-1
331,1,470,1298,50,50,1,-1,-1,-1
331,4,432,747,50,50,1,-1,-1,-1
332,1,482,1270,50,50,1,-1,-1,-1
332,4,426,775,50,50,1,-1,-1,-1
333,1,488,1218,50,50,1,-1,-1,-1
333,4,420,810,50,50,1,-1,-1,-1
334,1,666,1165,50,50,1,-1,-1,-1
334,4,415,849,50,50,1,-1,-1,-1
335,1,662,1204,50,50,1,-1,-1,-1
335,4,409,894,50,50,1,-1,-1,-1
336,1,650,1254,50,50,1,-1,-1,-1
336,4,403,946,50,50,1,-1,-1,-1
337,1,515,925,50,50,1,-1,-1,-1
337,4,399,1003,50,50,1,-1,-1,-1
338,1,473,701,50,50,1,-1,-1,-1
338,4,397,1107,50,50,1,-1,-1,-1
339,1,462,690,50,50,1,-1,-1,-1
339,4,390,1149,50,50,1,-1,-1,-1
340,1,453,684,50,50,1,-1,-1,-1
340,4,390,1189,50,50,1,-1,-1,-1
341,1,445,683,50,50,1,-1,-1,-1
341,4,397,1230,50,50,1,-1,-1,-1
342,1,435,685,50,50,1,-1,-1,-1
342,4,412,1270,50,50,1,-1,-1,-1
343,1,426,693,50,50,1,-1,-1,-1
343,4,681,851,50,50,1,-1,-1,-1
344,1,418,708,50,50,1,-1,-1,-1
344,4,556,672,50,50,1,-1,-1,-1
345,1,408,727,50,50,1,-1,-1,-1
345,4,563,657,50,50,1,-1,-1,-1
346,1,399,750,50,50,1,-1,-1,-1
346,4,569,645,50,50,1,-1,-1,-1
347,1,390,780,50,50,1,-1,-1,-1
347,4,575,639,50,50,1,-1,-1,-1
348,1,383,815,50,50,1,-1,-1,-1
348,4,583,638,50,50,1,-1,-1,-1
349,1,366,898,50,50,1,-1,-1,-1
349,4,596,651,50,50,1,-1,-1,-1
350,1,358,948,50,50,1,-1,-1,-1
350,4,605,665,50,50,1,-1,-1,-1
351,1,349,1003,50,50,1,-1,-1,-1
351,4,612,685,50,50,1,-1,-1,-1
352,1,521,844,50,50,1,-1,-1,-1
352,4,620,709,50,50,1,-1,-1,-1
353,1,484,716,50,50,1,-1,-1,-1
353,4,628,739,50,50,1,-1,-1,-1
354,1,477,720,50,50,1,-1,-1,-1
354,4,636,773,50,50,1,-1,-1,-1
355,1,468,729,50,50,1,-1,-1,-1
355,4,645,813,50,50,1,-1,-1,-1
356,1,460,743,50,50,1,-1,-1,-1
356,4,654,859,50,50,1,-1,-1,-1
357,1,453,763,50,50,1,-1,-1,-1
357,4,662,911,50,50,1,-1,-1,-1
358,1,446,787,50,50,1,-1,-1,-1
358,4,673,968,50,50,1,-1,-1,-1
359,1,439,817,50,50,1,-1,-1,-1
359,4,557,915,50,50,1,-1,-1,-1
360,1,431,851,50,50,1,-1,-1,-1
360,4,546,876,50,50,1,-1,-1,-1
361,1,424,892,50,50,1,-1,-1,-1
361,4,536,837,50,50,1,-1,-1,-1
362,1,418,940,50,50,1,-1,-1,-1
362,4,527,805,50,50,1,-1,-1,-1
363,1,411,992,50,50,1,-1,-1,-1
363,4,518,777,50,50,1,-1,-1,-1
364,1,487,990,50,50,1,-1,-1,-1
364,4,510,756,50,50,1,-1,-1,-1
365,1,493,928,50,50,1,-1,-1,-1
365,4,502,740,50,50,1,-1,-1,-1
366,1,500,881,50,50,1,-1,-1,-1
366,4,493,729,50,50,1,-1,-1,-1
367,1,505,836,50,50,1,-1,-1,-1
367,4,485,723,50,50,1,-1,-1,-1
368,1,510,796,50,50,1,-1,-1,-1
368,4,478,723,50,50,1,-1,-1,-1
369,1,495,747,50,50,1,-1,-1,-1
369,4,684,812,50,50,1,-1,-1,-1
370,1,694,855,50,50,1,-1,-1,-1
370,4,418,1321,50,50,1,-1,-1,-1
371,1,706,903,50,50,1,-1,-1,-1
371,4,432,1329,50,50,1,-1,-1,-1
372,1,577,925,50,50,1,-1,-1,-1
372,4,444,1327,50,50,1,-1,-1,-1
373,1,439,795,50,50,1,-1,-1,-1
373,4,457,1309,50,50,1,-1,-1,-1
374,1,540,668,50,50,1,-1,-1,-1
374,4,467,1266,50,50,1,-1,-1,-1
375,1,545,665,50,50,1,-1,-1,-1
375,4,471,1201,50,50,1,-1,-1,-1
376,1,550,667,50,50,1,-1,-1,-1
376,4,418,904,50,50,1,-1,-1,-1
377,1,563,685,50,50,1,-1,-1,-1
377,4,509,729,50,50,1,-1,-1,-1
378,1,569,703,50,50,1,-1,-1,-1
378,4,499,715,50,50,1,-1,-1,-1
379,1,575,724,50,50,1,-1,-1,-1
379,4,488,704,50,50,1,-1,-1,-1
380,1,582,753,50,50,1,-1,-1,-1
380,4,478,701,50,50,1,-1,-1,-1
381,1,588,786,50,50,1,-1,-1,-1
381,4,469,702,50,50,1,-1,-1,-1
382,1,596,824,50,50,1,-1,-1,-1
382,4,458,709,50,50,1,-1,-1,-1
383,1,604,868,50,50,1,-1,-1,-1
383,4,450,721,50,50,1,-1,-1,-1
384,1,612,917,50,50,1,-1,-1,-1
384,4,441,738,50,50,1,-1,-1,-1
385,1,620,974,50,50,1,-1,-1,-1
385,4,433,760,50,50,1,-1,-1,-1
386,1,522,906,50,50,1,-1,-1,-1
386,4,423,786,50,50,1,-1,-1,-1
387,1,515,859,50,50,1,-1,-1,-1
387,4,415,819,50,50,1,-1,-1,-1
388,1,505,813,50,50,1,-1,-1,-1
388,4,406,857,50,50,1,-1,-1,-1
389,1,498,772,50,50,1,-1,-1,-1
389,4,397,901,50,50,1,-1,-1,-1
390,1,490,737,50,50,1,-1,-1,-1
390,4,389,949,50,50,1,-1,-1,-1
391,1,482,706,50,50,1,-1,-1,-1
391,4,588,709,50,50,1,-1,-1,-1
392,1,473,682,50,50,1,-1,-1,-1
392,4,597,729,50,50,1,-1,-1,-1
393,1,465,662,50,50,1,-1,-1,-1
393,4,508,877,50,50,1,-1,-1,-1
394,1,458,648,50,50,1,-1,-1,-1
394,4,350,1188,50,50,1,-1,-1,-1
395,1,449,640,50,50,1,-1,-1,-1
395,4,524,798,50,50,1,-1,-1,-1
396,1,443,636,50,50,1,-1,-1,-1
396,4,533,767,50,50,1,-1,-1,-1
397,1,435,637,50,50,1,-1,-1,-1
397,4,642,901,50,50,1,-1,-1,-1
398,1,430,643,50,50,1,-1,-1,-1
398,4,651,953,50,50,1,-1,-1,-1
399,1,423,657,50,50,1,-1,-1,-1
399,4,662,1010,50,50,1,-1,-1,-1
400,1,416,674,50,50,1,-1,-1,-1
400,4,530,891,50,50,1,-1,-1,-1
401,1,410,697,50,50,1,-1,-1,-1
401,4,523,847,50,50,1,-1,-1,-1
402,1,403,726,50,50,1,-1,-1,-1
402,4,515,807,50,50,1,-1,-1,-1
403,1,397,759,50,50,1,-1,-1,-1
403,4,508,773,50,50,1,-1,-1,-1
404,1,390,799,50,50,1,-1,-1,-1
404,4,501,744,50,50,1,-1,-1,-1
405,1,383,844,50,50,1,-1,-1,-1
405,4,494,720,50,50,1,-1,-1,-1
406,1,372,951,50,50,1,-1,-1,-1
406,4,480,688,50,50,1,-1,-1,-1
407,1,605,1233,50,50,1,-1,-1,-1
407,4,474,681,50,50,1,-1,-1,-1
408,1,596,1171,50,50,1,-1,-1,-1
408,4,468,680,50,50,1,-1,-1,-1
409,1,670,877,50,50,1,-1,-1,-1
409,4,463,681,50,50,1,-1,-1,-1
410,1,534,709,50,50,1,-1,-1,-1
410,4,456,689,50,50,1,-1,-1,-1
411,1,541,680,50,50,1,-1,-1,-1
411,4,449,702,50,50,1,-1,-1,-1
412,1,550,656,50,50,1,-1,-1,-1
412,4,443,721,50,50,1,-1,-1,-1
413,1,559,637,50,50,1,-1,-1,-1
413,4,439,744,50,50,1,-1,-1,-1
414,1,568,623,50,50,1,-1,-1,-1
414,4,433,774,50,50,1,-1,-1,-1
415,1,576,614,50,50,1,-1,-1,-1
415,4,427,809,50,50,1,-1,-1,-1
416,1,585,611,50,50,1,-1,-1,-1
416,4,421,849,50,50,1,-1,-1,-1
417,1,594,612,50,50,1,-1,-1,-1
417,4,416,896,50,50,1,-1,-1,-1
418,1,603,619,50,50,1,-1,-1,-1
418,4,412,949,50,50,1,-1,-1,-1
419,1,613,632,50,50,1,-1,-1,-1
419,4,407,1006,50,50,1,-1,-1,-1
420,1,623,650,50,50,1,-1,-1,-1
420,4,401,1106,50,50,1,-1,-1,-1
421,1,633,673,50,50,1,-1,-1,-1
421,4,391,1152,50,50,1,-1,-1,-1
422,1,643,700,50,50,1,-1,-1,-1
422,4,391,1200,50,50,1,-1,-1,-1
423,1,654,733,50,50,1,-1,-1,-1
423,4,398,1246,50,50,1,-1,-1,-1
424,1,665,773,50,50,1,-1,-1,-1
424,4,416,1290,50,50,1,-1,-1,-1
425,1,676,818,50,50,1,-1,-1,-1
425,4,614,1099,50,50,1,-1,-1,-1
426,1,689,867,50,50,1,-1,-1,-1
426,4,540,685,50,50,1,-1,-1,-1
427,1,701,924,50,50,1,-1,-1,-1
427,4,548,664,50,50,1,-1,-1,-1
428,1,420,849,50,50,1,-1,-1,-1
428,4,527,839,50,50,1,-1,-1,-1
429,1,517,796,50,50,1,-1,-1,-1
429,4,411,890,50,50,1,-1,-1,-1
430,1,571,631,50,50,1,-1,-1,-1
430,4,405,937,50,50,1,-1,-1,-1
431,1,580,632,50,50,1,-1,-1,-1
431,4,400,991,50,50,1,-1,-1,-1
432,1,588,636,50,50,1,-1,-1,-1
432,4,392,1050,50,50,1,-1,-1,-1
433,1,606,661,50,50,1,-1,-1,-1
433,4,378,1200,50,50,1,-1,-1,-1
434,1,615,682,50,50,1,-1,-1,-1
434,4,377,1246,50,50,1,-1,-1,-1
435,1,625,707,50,50,1,-1,-1,-1
435,4,384,1277,50,50,1,-1,-1,-1
436,1,634,739,50,50,1,-1,-1,-1
436,4,403,1303,50,50,1,-1,-1,-1
437,1,644,775,50,50,1,-1,-1,-1
437,4,590,1148,50,50,1,-1,-1,-1
438,1,655,818,50,50,1,-1,-1,-1
438,4,520,685,50,50,1,-1,-1,-1
439,1,665,866,50,50,1,-1,-1,-1
439,4,424,681,50,50,1,-1,-1,-1
440,1,676,921,50,50,1,-1,-1,-1
440,4,416,700,50,50,1,-1,-1,-1
441,1,689,982,50,50,1,-1,-1,-1
441,4,410,726,50,50,1,-1,-1,-1
442,1,518,830,50,50,1,-1,-1,-1
442,4,403,758,50,50,1,-1,-1,-1
443,1,552,643,50,50,1,-1,-1,-1
443,4,396,794,50,50,1,-1,-1,-1
444,1,559,648,50,50,1,-1,-1,-1
444,4,388,836,50,50,1,-1,-1,-1
445,1,484,719,50,50,1,-1,-1,-1
445,4,382,883,50,50,1,-1,-1,-1
446,1,472,694,50,50,1,-1,-1,-1
446,4,376,935,50,50,1,-1,-1,-1
447,1,582,701,50,50,1,-1,-1,-1
447,4,368,995,50,50,1,-1,-1,-1
448,1,590,729,50,50,1,-1,-1,-1
448,4,475,838,50,50,1,-1,-1,-1
449,1,598,763,50,50,1,-1,-1,-1
449,4,440,650,50,50,1,-1,-1,-1
450,1,606,803,50,50,1,-1,-1,-1
450,4,429,646,50,50,1,-1,-1,-1
451,1,615,847,50,50,1,-1,-1,-1
451,4,489,726,50,50,1,-1,-1,-1
452,1,625,898,50,50,1,-1,-1,-1
452,4,494,699,50,50,1,-1,-1,-1
453,1,635,956,50,50,1,-1,-1,-1
453,4,500,678,50,50,1,-1,-1,-1
454,1,629,1066,50,50,1,-1,-1,-1
454,4,506,663,50,50,1,-1,-1,-1
455,1,534,892,50,50,1,-1,-1,-1
455,4,510,653,50,50,1,-1,-1,-1
456,1,370,734,50,50,1,-1,-1,-1
456,4,516,646,50,50,1,-1,-1,-1
457,1,360,767,50,50,1,-1,-1,-1
457,4,521,646,50,50,1,-1,-1,-1
458,1,351,808,50,50,1,-1,-1,-1
458,4,528,650,50,50,1,-1,-1,-1
459,1,342,854,50,50,1,-1,-1,-1
459,4,533,659,50,50,1,-1,-1,-1
460,1,331,904,50,50,1,-1,-1,-1
460,4,540,674,50,50,1,-1,-1,-1
461,1,601,1286,50,50,1,-1,-1,-1
461,4,525,700,50,50,1,-1,-1,-1
462,1,580,1263,50,50,1,-1,-1,-1
462,4,494,692,50,50,1,-1,-1,-1
463,1,572,1221,50,50,1,-1,-1,-1
463,4,489,691,50,50,1,-1,-1,-1
464,1,562,1162,50,50,1,-1,-1,-1
464,4,485,696,50,50,1,-1,-1,-1
465,1,565,1119,50,50,1,-1,-1,-1
465,4,481,704,50,50,1,-1,-1,-1
466,1,579,1112,50,50,1,-1,-1,-1
466,4,477,718,50,50,1,-1,-1,-1
467,1,593,1104,50,50,1,-1,-1,-1
467,4,472,738,50,50,1,-1,-1,-1
468,1,605,1080,50,50,1,-1,-1,-1
468,4,467,762,50,50,1,-1,-1,-1
469,1,523,876,50,50,1,-1,-1,-1
469,4,465,791,50,50,1,-1,-1,-1
470,1,574,689,50,50,1,-1,-1,-1
470,4,488,832,50,50,1,-1,-1,-1
471,1,584,694,50,50,1,-1,-1,-1
471,4,459,865,50,50,1,-1,-1,-1
472,1,594,705,50,50,1,-1,-1,-1
472,4,456,911,50,50,1,-1,-1,-1
473,1,605,721,50,50,1,-1,-1,-1
473,4,457,1132,50,50,1,-1,-1,-1
474,1,614,742,50,50,1,-1,-1,-1
474,4,610,1287,50,50,1,-1,-1,-1
475,1,626,767,50,50,1,-1,-1,-1
475,4,603,1265,50,50,1,-1,-1,-1
476,1,636,799,50,50,1,-1,-1,-1
476,4,594,1213,50,50,1,-1,-1,-1
477,1,647,834,50,50,1,-1,-1,-1
477,4,589,1157,50,50,1,-1,-1,-1
478,1,657,875,50,50,1,-1,-1,-1
478,4,455,1247,50,50,1,-1,-1,-1
479,1,670,922,50,50,1,-1,-1,-1
479,4,629,1116,50,50,1,-1,-1,-1
480,1,682,973,50,50,1,-1,-1,-1
480,4,661,1109,50,50,1,-1,-1,-1
481,1,552,912,50,50,1,-1,-1,-1
481,4,455,795,50,50,1,-1,-1,-1
482,1,450,821,50,50,1,-1,-1,-1
482,4,574,676,50,50,1,-1,-1,-1
483,1,446,852,50,50,1,-1,-1,-1
483,4,584,663,50,50,1,-1,-1,-1
484,1,439,889,50,50,1,-1,-1,-1
484,4,595,653,50,50,1,-1,-1,-1
485,1,435,931,50,50,1,-1,-1,-1
485,4,604,649,50,50,1,-1,-1,-1
486,1,432,978,50,50,1,-1,-1,-1
486,4,614,649,50,50,1,-1,-1,-1
487,1,428,1030,50,50,1,-1,-1,-1
487,4,625,656,50,50,1,-1,-1,-1
488,1,642,1283,50,50,1,-1,-1,-1
488,4,635,666,50,50,1,-1,-1,-1
489,1,618,1217,50,50,1,-1,-1,-1
489,4,657,701,50,50,1,-1,-1,-1
490,1,608,1158,50,50,1,-1,-1,-1
490,4,669,727,50,50,1,-1,-1,-1
491,1,439,1270,50,50,1,-1,-1,-1
491,4,679,757,50,50,1,-1,-1,-1
492,1,449,1300,50,50,1,-1,-1,-1
492,4,692,793,50,50,1,-1,-1,-1
493,1,455,1310,50,50,1,-1,-1,-1
493,4,705,836,50,50,1,-1,-1,-1
494,1,468,1295,50,50,1,-1,-1,-1
494,4,717,882,50,50,1,-1,-1,-1
495,1,546,886,50,50,1,-1,-1,-1
495,4,730,933,50,50,1,-1,-1,-1
496,1,567,687,50,50,1,-1,-1,-1
496,4,534,851,50,50,1,-1,-1,-1
497,1,574,686,50,50,1,-1,-1,-1
497,4,430,929,50,50,1,-1,-1,-1
498,1,581,692,50,50,1,-1,-1,-1
498,4,425,980,50,50,1,-1,-1,-1
499,1,588,701,50,50,1,-1,-1,-1
499,4,504,780,50,50,1,-1,-1,-1
500,1,596,716,50,50,1,-1,-1,-1
500,4,495,767,50,50,1,-1,-1,-1
501,1,602,736,50,50,1,-1,-1,-1
501,4,485,760,50,50,1,-1,-1,-1
502,1,610,762,50,50,1,-1,-1,-1
502,4,475,757,50,50,1,-1,-1,-1
503,1,619,793,50,50,1,-1,-1,-1
503,4,466,759,50,50,1,-1,-1,-1
504,1,627,829,50,50,1,-1,-1,-1
504,4,458,766,50,50,1,-1,-1,-1
505,1,636,871,50,50,1,-1,-1,-1
505,4,448,779,50,50,1,-1,-1,-1
506,1,644,917,50,50,1,-1,-1,-1
506,4,438,796,50,50,1,-1,-1,-1
507,1,652,968,50,50,1,-1,-1,-1
507,4,429,818,50,50,1,-1,-1,-1
508,1,655,1079,50,50,1,-1,-1,-1
508,4,420,848,50,50,1,-1,-1,-1
509,1,668,1112,50,50,1,-1,-1,-1
509,4,412,881,50,50,1,-1,-1,-1
510,1,677,1145,50,50,1,-1,-1,-1
510,4,403,919,50,50,1,-1,-1,-1
511,1,675,1178,50,50,1,-1,-1,-1
511,4,396,965,50,50,1,-1,-1,-1
512,1,669,1215,50,50,1,-1,-1,-1
512,4,387,1016,50,50,1,-1,-1,-1
513,1,656,1258,50,50,1,-1,-1,-1
513,4,493,943,50,50,1,-1,-1,-1
514,1,645,1273,50,50,1,-1,-1,-1
514,4,670,688,50,50,1,-1,-1,-1
515,1,636,1263,50,50,1,-1,-1,-1
515,4,682,709,50,50,1,-1,-1,-1
516,1,626,1223,50,50,1,-1,-1,-1
516,4,695,736,50,50,1,-1,-1,-1
517,1,618,1162,50,50,1,-1,-1,-1
517,4,708,768,50,50,1,-1,-1,-1
518,1,532,686,50,50,1,-1,-1,-1
518,4,733,846,50,50,1,-1,-1,-1
519,1,511,652,50,50,1,-1,-1,-1
519,4,746,895,50,50,1,-1,-1,-1
520,1,475,649,50,50,1,-1,-1,-1
520,4,760,948,50,50,1,-1,-1,-1
521,1,468,663,50,50,1,-1,-1,-1
521,4,566,862,50,50,1,-1,-1,-1
522,1,462,682,50,50,1,-1,-1,-1
522,4,556,822,50,50,1,-1,-1,-1
523,1,456,706,50,50,1,-1,-1,-1
523,4,547,787,50,50,1,-1,-1,-1
524,1,451,735,50,50,1,-1,-1,-1
524,4,538,758,50,50,1,-1,-1,-1
525,1,444,771,50,50,1,-1,-1,-1
525,4,528,735,50,50,1,-1,-1,-1
526,1,439,813,50,50,1,-1,-1,-1
526,4,520,718,50,50,1,-1,-1,-1
527,1,433,860,50,50,1,-1,-1,-1
527,4,511,704,50,50,1,-1,-1,-1
528,1,428,913,50,50,1,-1,-1,-1
528,4,503,697,50,50,1,-1,-1,-1
529,1,423,974,50,50,1,-1,-1,-1
529,4,495,694,50,50,1,-1,-1,-1
530,1,417,1073,50,50,1,-1,-1,-1
530,4,488,697,50,50,1,-1,-1,-1
531,1,420,1119,50,50,1,-1,-1,-1
531,4,479,704,50,50,1,-1,-1,-1
532,1,592,1150,50,50,1,-1,-1,-1
532,4,471,717,50,50,1,-1,-1,-1
533,1,649,859,50,50,1,-1,-1,-1
533,4,463,736,50,50,1,-1,-1,-1
534,1,561,685,50,50,1,-1,-1,-1
534,4,456,758,50,50,1,-1,-1,-1
535,1,569,669,50,50,1,-1,-1,-1
535,4,449,785,50,50,1,-1,-1,-1
536,1,577,658,50,50,1,-1,-1,-1
536,4,442,820,50,50,1,-1,-1,-1
537,1,586,651,50,50,1,-1,-1,-1
537,4,434,858,50,50,1,-1,-1,-1
538,1,595,650,50,50,1,-1,-1,-1
538,4,428,903,50,50,1,-1,-1,-1
539,1,605,654,50,50,1,-1,-1,-1
539,4,421,952,50,50,1,-1,-1,-1
540,1,614,662,50,50,1,-1,-1,-1
540,4,416,1008,50,50,1,-1,-1,-1
541,1,624,676,50,50,1,-1,-1,-1
541,4,495,941,50,50,1,-1,-1,-1
542,1,633,694,50,50,1,-1,-1,-1
542,4,503,885,50,50,1,-1,-1,-1
543,1,644,718,50,50,1,-1,-1,-1
543,4,509,831,50,50,1,-1,-1,-1
544,1,653,747,50,50,1,-1,-1,-1
544,4,515,783,50,50,1,-1,-1,-1
545,1,675,821,50,50,1,-1,-1,-1
545,4,528,701,50,50,1,-1,-1,-1
546,1,685,865,50,50,1,-1,-1,-1
546,4,534,670,50,50,1,-1,-1,-1
547,1,697,914,50,50,1,-1,-1,-1
547,4,541,643,50,50,1,-1,-1,-1
548,1,709,971,50,50,1,-1,-1,-1
548,4,547,621,50,50,1,-1,-1,-1
549,1,554,841,50,50,1,-1,-1,-1
549,4,554,606,50,50,1,-1,-1,-1
550,1,414,733,50,50,1,-1,-1,-1
550,4,560,593,50,50,1,-1,-1,-1
551,1,408,766,50,50,1,-1,-1,-1
551,4,567,588,50,50,1,-1,-1,-1
552,1,400,804,50,50,1,-1,-1,-1
552,4,575,587,50,50,1,-1,-1,-1
553,1,394,848,50,50,1,-1,-1,-1
553,4,583,591,50,50,1,-1,-1,-1
554,1,386,898,50,50,1,-1,-1,-1
554,4,590,598,50,50,1,-1,-1,-1
555,1,379,955,50,50,1,-1,-1,-1
555,4,598,613,50,50,1,-1,-1,-1
556,1,511,816,50,50,1,-1,-1,-1
556,4,606,631,50,50,1,-1,-1,-1
557,1,478,687,50,50,1,-1,-1,-1
557,4,615,656,50,50,1,-1,-1,-1
558,1,468,691,50,50,1,-1,-1,-1
558,4,624,684,50,50,1,-1,-1,-1
559,1,461,700,50,50,1,-1,-1,-1
559,4,633,718,50,50,1,-1,-1,-1
560,1,452,712,50,50,1,-1,-1,-1
560,4,642,758,50,50,1,-1,-1,-1
561,1,444,732,50,50,1,-1,-1,-1
561,4,650,804,50,50,1,-1,-1,-1
562,1,437,756,50,50,1,-1,-1,-1
562,4,660,854,50,50,1,-1,-1,-1
563,1,429,785,50,50,1,-1,-1,-1
563,4,670,910,50,50,1,-1,-1,-1
564,1,421,819,50,50,1,-1,-1,-1
564,4,681,972,50,50,1,-1,-1,-1
565,1,414,857,50,50,1,-1,-1,-1
565,4,513,806,50,50,1,-1,-1,-1
566,1,406,901,50,50,1,-1,-1,-1
566,4,580,611,50,50,1,-1,-1,-1
567,1,400,950,50,50,1,-1,-1,-1
567,4,588,619,50,50,1,-1,-1,-1
568,1,396,1005,50,50,1,-1,-1,-1
568,4,596,633,50,50,1,-1,-1,-1
569,1,393,1106,50,50,1,-1,-1,-1
569,4,605,651,50,50,1,-1,-1,-1
570,1,378,1146,50,50,1,-1,-1,-1
570,4,614,675,50,50,1,-1,-1,-1
571,1,376,1186,50,50,1,-1,-1,-1
571,4,622,704,50,50,1,-1,-1,-1
572,1,379,1219,50,50,1,-1,-1,-1
572,4,631,738,50,50,1,-1,-1,-1
573,1,406,1285,50,50,1,-1,-1,-1
573,4,650,826,50,50,1,-1,-1,-1
574,1,420,1308,50,50,1,-1,-1,-1
574,4,660,877,50,50,1,-1,-1,-1
575,1,629,1094,50,50,1,-1,-1,-1
575,4,671,935,50,50,1,-1,-1,-1
576,1,529,633,50,50,1,-1,-1,-1
576,4,560,924,50,50,1,-1,-1,-1
577,1,536,619,50,50,1,-1,-1,-1
577,4,374,757,50,50,1,-1,-1,-1
578,1,540,832,50,50,1,-1,-1,-1
578,4,365,789,50,50,1,-1,-1,-1
579,1,696,1148,50,50,1,-1,-1,-1
579,4,355,828,50,50,1,-1,-1,-1
580,1,686,1177,50,50,1,-1,-1,-1
580,4,346,871,50,50,1,-1,-1,-1
581,1,671,1212,50,50,1,-1,-1,-1
581,4,336,921,50,50,1,-1,-1,-1
582,1,648,1255,50,50,1,-1,-1,-1
582,4,327,977,50,50,1,-1,-1,-1
583,1,503,684,50,50,1,-1,-1,-1
583,4,492,867,50,50,1,-1,-1,-1
584,1,498,671,50,50,1,-1,-1,-1
584,4,590,667,50,50,1,-1,-1,-1
585,1,505,774,50,50,1,-1,-1,-1
585,4,598,695,50,50,1,-1,-1,-1
586,1,512,736,50,50,1,-1,-1,-1
586,4,608,727,50,50,1,-1,-1,-1
587,1,500,684,50,50,1,-1,-1,-1
587,4,616,764,50,50,1,-1,-1,-1
588,1,501,672,50,50,1,-1,-1,-1
588,4,625,808,50,50,1,-1,-1,-1
589,1,532,654,50,50,1,-1,-1,-1
589,4,635,857,50,50,1,-1,-1,-1
590,1,540,637,50,50,1,-1,-1,-1
590,4,645,911,50,50,1,-1,-1,-1
591,1,549,624,50,50,1,-1,-1,-1
591,4,654,972,50,50,1,-1,-1,-1
592,1,555,617,50,50,1,-1,-1,-1
592,4,661,1073,50,50,1,-1,-1,-1
593,1,564,615,50,50,1,-1,-1,-1
593,4,670,1116,50,50,1,-1,-1,-1
594,1,571,619,50,50,1,-1,-1,-1
594,4,671,1155,50,50,1,-1,-1,-1
595,1,579,625,50,50,1,-1,-1,-1
595,4,667,1196,50,50,1,-1,-1,-1
596,1,587,640,50,50,1,-1,-1,-1
596,4,654,1248,50,50,1,-1,-1,-1
597,1,596,658,50,50,1,-1,-1,-1
597,4,638,1282,50,50,1,-1,-1,-1
598,1,607,681,50,50,1,-1,-1,-1
598,4,505,907,50,50,1,-1,-1,-1
599,1,615,710,50,50,1,-1,-1,-1
599,4,481,652,50,50,1,-1,-1,-1
600,1,624,744,50,50,1,-1,-1,-1
600,4,475,645,50,50,1,-1,-1,-1
601,1,644,829,50,50,1,-1,-1,-1
601,4,464,646,50,50,1,-1,-1,-1
602,1,654,879,50,50,1,-1,-1,-1
602,4,458,654,50,50,1,-1,-1,-1
603,1,665,936,50,50,1,-1,-1,-1
603,4,452,665,50,50,1,-1,-1,-1
604,1,552,901,50,50,1,-1,-1,-1
604,4,447,685,50,50,1,-1,-1,-1
605,1,541,853,50,50,1,-1,-1,-1
605,4,442,708,50,50,1,-1,-1,-1
606,1,531,809,50,50,1,-1,-1,-1
606,4,437,737,50,50,1,-1,-1,-1
607,1,522,771,50,50,1,-1,-1,-1
607,4,432,771,50,50,1,-1,-1,-1
608,1,513,739,50,50,1,-1,-1,-1
608,4,427,810,50,50,1,-1,-1,-1
609,1,505,712,50,50,1,-1,-1,-1
609,4,421,855,50,50,1,-1,-1,-1
610,1,497,691,50,50,1,-1,-1,-1
610,4,417,906,50,50,1,-1,-1,-1
611,1,489,675,50,50,1,-1,-1,-1
611,4,413,961,50,50,1,-1,-1,-1
612,1,480,664,50,50,1,-1,-1,-1
612,4,409,1024,50,50,1,-1,-1,-1
613,1,472,659,50,50,1,-1,-1,-1
613,4,651,1162,50,50,1,-1,-1,-1
614,1,464,658,50,50,1,-1,-1,-1
614,4,387,1137,50,50,1,-1,-1,-1
615,1,457,663,50,50,1,-1,-1,-1
615,4,390,1146,50,50,1,-1,-1,-1
616,1,449,673,50,50,1,-1,-1,-1
616,4,389,1157,50,50,1,-1,-1,-1
617,1,442,688,50,50,1,-1,-1,-1
617,4,394,1164,50,50,1,-1,-1,-1
618,1,436,709,50,50,1,-1,-1,-1
618,4,395,1170,50,50,1,-1,-1,-1
619,1,428,735,50,50,1,-1,-1,-1
619,4,395,1176,50,50,1,-1,-1,-1
620,1,422,765,50,50,1,-1,-1,-1
620,4,395,1178,50,50,1,-1,-1,-1
621,1,415,802,50,50,1,-1,-1,-1
622,1,407,844,50,50,1,-1,-1,-1
623,1,400,891,50,50,1,-1,-1,-1
624,1,395,945,50,50,1,-1,-1,-1
625,1,388,1004,50,50,1,-1,-1,-1
626,1,381,1072,50,50,1,-1,-1,-1
627,4,378,1167,50,50,1,-1,-1,-1
628,4,378,1167,50,50,1,-1,-1,-1
629,1,368,1190,50,50,1,-1,-1,-1
630,1,368,1190,50,50,1,-1,-1,-1
631,1,368,1190,50,50,1,-1,-1,-1
632,1,368,1190,50,50,1,-1,-1,-1
633,1,368,1190,50,50,1,-1,-1,-1
634,1,368,1190,50,50,1,-1,-1,-1
635,1,368,1190,50,50,1,-1,-1,-1
636,1,368,1190,50,50,1,-1,-1,-1
637,1,368,1190,50,50,1,-1,-1,-1
638,1,368,1190,50,50,1,-1,-1,-1
639,1,368,1190,50,50,1,-1,-1,-1
640,1,368,1190,50,50,1,-1,-1,-1
641,1,368,1190,50,50,1,-1,-1,-1
642,1,368,1190,50,50,1,-1,-1,-1
643,1,673,1227,50,50,1,-1,-1,-1
644,4,673,1252,50,50,1,-1,-1,-1
645,4,667,1276,50,50,1,-1,-1,-1
646,4,667,1276,50,50,1,-1,-1,-1
647,4,667,1276,50,50,1,-1,-1,-1
648,4,667,1276,50,50,1,-1,-1,-1
649,4,667,1276,50,50,1,-1,-1,-1
