17,1,474,1353,50,50,1,-1,-1,-1
18,1,474,1353,50,50,1,-1,-1,-1
19,1,474,1353,50,50,1,-1,-1,-1
20,1,474,1353,50,50,1,-1,-1,-1
21,1,474,1353,50,50,1,-1,-1,-1
22,1,474,1353,50,50,1,-1,-1,-1
23,1,474,1353,50,50,1,-1,-1,-1
24,1,474,1353,50,50,1,-1,-1,-1
25,1,546,867,50,50,1,-1,-1,-1
26,1,551,818,50,50,1,-1,-1,-1
27,1,555,775,50,50,1,-1,-1,-1
28,1,560,737,50,50,1,-1,-1,-1
28,2,486,1211,50,50,1,-1,-1,-1
29,1,566,707,50,50,1,-1,-1,-1
30,1,572,680,50,50,1,-1,-1,-1
31,1,578,660,50,50,1,-1,-1,-1
32,1,583,645,50,50,1,-1,-1,-1
33,1,588,635,50,50,1,-1,-1,-1
33,2,486,913,50,50,1,-1,-1,-1
34,2,482,873,50,50,1,-1,-1,-1
35,2,476,837,50,50,1,-1,-1,-1
36,2,471,807,50,50,1,-1,-1,-1
37,1,614,641,50,50,1,-1,-1,-1
37,2,467,781,50,50,1,-1,-1,-1
38,1,621,656,50,50,1,-1,-1,-1
38,2,462,761,50,50,1,-1,-1,-1
39,1,628,673,50,50,1,-1,-1,-1
39,2,457,747,50,50,1,-1,-1,-1
40,1,635,698,50,50,1,-1,-1,-1
40,2,453,738,50,50,1,-1,-1,-1
40,3,544,833,50,50,1,-1,-1,-1
41,1,651,761,50,50,1,-1,-1,-1
41,2,445,733,50,50,1,-1,-1,-1
41,3,555,756,50,50,1,-1,-1,-1
42,1,659,801,50,50,1,-1,-1,-1
42,2,442,739,50,50,1,-1,-1,-1
42,3,561,726,50,50,1,-1,-1,-1
43,1,667,845,50,50,1,-1,-1,-1
43,2,436,749,50,50,1,-1,-1,-1
43,3,568,702,50,50,1,-1,-1,-1
44,1,674,895,50,50,1,-1,-1,-1
44,2,433,765,50,50,1,-1,-1,-1
44,3,576,682,50,50,1,-1,-1,-1
45,1,684,951,50,50,1,-1,-1,-1
45,2,430,785,50,50,1,-1,-1,-1
45,3,583,669,50,50,1,-1,-1,-1
46,2,426,811,50,50,1,-1,-1,-1
46,3,590,660,50,50,1,-1,-1,-1
46,4,532,833,50,50,1,-1,-1,-1
47,2,422,840,50,50,1,-1,-1,-1
47,4,524,793,50,50,1,-1,-1,-1
48,2,419,876,50,50,1,-1,-1,-1
48,4,520,759,50,50,1,-1,-1,-1
49,2,416,917,50,50,1,-1,-1,-1
49,3,613,661,50,50,1,-1,-1,-1
49,4,514,731,50,50,1,-1,-1,-1
50,1,688,1199,50,50,1,-1,-1,-1
50,2,414,965,50,50,1,-1,-1,-1
50,3,622,671,50,50,1,-1,-1,-1
50,4,508,707,50,50,1,-1,-1,-1
51,1,431,1118,50,50,1,-1,-1,-1
51,2,411,1018,50,50,1,-1,-1,-1
51,3,629,685,50,50,1,-1,-1,-1
51,4,502,690,50,50,1,-1,-1,-1
52,2,538,873,50,50,1,-1,-1,-1
52,3,638,707,50,50,1,-1,-1,-1
52,4,498,678,50,50,1,-1,-1,-1
53,2,543,830,50,50,1,-1,-1,-1
53,3,646,733,50,50,1,-1,-1,-1
53,4,493,670,50,50,1,-1,-1,-1
54,2,548,792,50,50,1,-1,-1,-1
54,3,655,763,50,50,1,-1,-1,-1
54,4,487,668,50,50,1,-1,-1,-1
55,1,407,1216,50,50,1,-1,-1,-1
55,2,553,760,50,50,1,-1,-1,-1
55,3,663,799,50,50,1,-1,-1,-1
55,4,483,670,50,50,1,-1,-1,-1
56,1,424,1253,50,50,1,-1,-1,-1
56,2,558,733,50,50,1,-1,-1,-1
56,3,673,839,50,50,1,-1,-1,-1
56,4,478,677,50,50,1,-1,-1,-1
57,1,442,1282,50,50,1,-1,-1,-1
57,2,564,711,50,50,1,-1,-1,-1
57,3,682,886,50,50,1,-1,-1,-1
57,4,474,689,50,50,1,-1,-1,-1
58,2,569,695,50,50,1,-1,-1,-1
58,3,693,938,50,50,1,-1,-1,-1
58,4,470,707,50,50,1,-1,-1,-1
59,3,704,996,50,50,1,-1,-1,-1
59,4,465,731,50,50,1,-1,-1,-1
60,4,462,759,50,50,1,-1,-1,-1
61,2,555,866,50,50,1,-1,-1,-1
61,4,457,792,50,50,1,-1,-1,-1
62,2,545,825,50,50,1,-1,-1,-1
62,4,455,831,50,50,1,-1,-1,-1
63,2,535,790,50,50,1,-1,-1,-1
63,4,451,875,50,50,1,-1,-1,-1
64,2,525,760,50,50,1,-1,-1,-1
64,3,693,1195,50,50,1,-1,-1,-1
64,4,447,925,50,50,1,-1,-1,-1
65,2,517,736,50,50,1,-1,-1,-1
65,3,677,1230,50,50,1,-1,-1,-1
65,4,443,981,50,50,1,-1,-1,-1
65,5,615,718,50,50,1,-1,-1,-1
66,2,507,716,50,50,1,-1,-1,-1
66,3,653,1262,50,50,1,-1,-1,-1
66,5,622,741,50,50,1,-1,-1,-1
67,2,497,702,50,50,1,-1,-1,-1
67,3,541,883,50,50,1,-1,-1,-1
67,4,437,1121,50,50,1,-1,-1,-1
67,5,629,769,50,50,1,-1,-1,-1
68,2,489,693,50,50,1,-1,-1,-1
68,4,545,840,50,50,1,-1,-1,-1
68,5,638,803,50,50,1,-1,-1,-1
69,2,471,692,50,50,1,-1,-1,-1
69,3,441,1242,50,50,1,-1,-1,-1
69,4,554,770,50,50,1,-1,-1,-1
69,5,654,885,50,50,1,-1,-1,-1
70,2,462,698,50,50,1,-1,-1,-1
70,3,451,1279,50,50,1,-1,-1,-1
70,4,559,744,50,50,1,-1,-1,-1
70,5,662,935,50,50,1,-1,-1,-1
71,2,453,709,50,50,1,-1,-1,-1
71,4,564,723,50,50,1,-1,-1,-1
71,5,670,988,50,50,1,-1,-1,-1
72,2,446,726,50,50,1,-1,-1,-1
72,4,569,707,50,50,1,-1,-1,-1
73,2,438,748,50,50,1,-1,-1,-1
73,4,574,696,50,50,1,-1,-1,-1
73,5,678,1121,50,50,1,-1,-1,-1
74,2,429,775,50,50,1,-1,-1,-1
74,4,547,876,50,50,1,-1,-1,-1
74,5,691,1147,50,50,1,-1,-1,-1
75,2,421,808,50,50,1,-1,-1,-1
75,4,537,837,50,50,1,-1,-1,-1
76,2,414,847,50,50,1,-1,-1,-1
76,4,527,803,50,50,1,-1,-1,-1
77,2,404,893,50,50,1,-1,-1,-1
77,4,518,774,50,50,1,-1,-1,-1
77,5,662,1216,50,50,1,-1,-1,-1
78,2,398,942,50,50,1,-1,-1,-1
78,4,510,752,50,50,1,-1,-1,-1
78,5,640,1247,50,50,1,-1,-1,-1
79,2,391,998,50,50,1,-1,-1,-1
79,4,500,734,50,50,1,-1,-1,-1
79,5,621,1268,50,50,1,-1,-1,-1
80,2,523,861,50,50,1,-1,-1,-1
80,4,492,722,50,50,1,-1,-1,-1
80,5,617,756,50,50,1,-1,-1,-1
81,2,625,785,50,50,1,-1,-1,-1
81,4,528,817,50,50,1,-1,-1,-1
81,5,381,1136,50,50,1,-1,-1,-1
82,2,631,820,50,50,1,-1,-1,-1
82,4,532,779,50,50,1,-1,-1,-1
82,5,381,1176,50,50,1,-1,-1,-1
83,2,640,859,50,50,1,-1,-1,-1
83,4,537,747,50,50,1,-1,-1,-1
83,5,393,1219,50,50,1,-1,-1,-1
84,2,648,904,50,50,1,-1,-1,-1
84,4,542,719,50,50,1,-1,-1,-1
84,5,412,1262,50,50,1,-1,-1,-1
85,2,655,954,50,50,1,-1,-1,-1
85,4,546,697,50,50,1,-1,-1,-1
85,5,450,735,50,50,1,-1,-1,-1
86,2,441,754,50,50,1,-1,-1,-1
86,4,552,681,50,50,1,-1,-1,-1
87,2,434,778,50,50,1,-1,-1,-1
87,4,557,668,50,50,1,-1,-1,-1
87,5,545,907,50,50,1,-1,-1,-1
88,2,535,867,50,50,1,-1,-1,-1
88,4,426,806,50,50,1,-1,-1,-1
88,5,675,1130,50,50,1,-1,-1,-1
89,2,527,831,50,50,1,-1,-1,-1
89,4,418,842,50,50,1,-1,-1,-1
89,5,680,1160,50,50,1,-1,-1,-1
90,2,519,799,50,50,1,-1,-1,-1
90,4,410,883,50,50,1,-1,-1,-1
91,2,511,774,50,50,1,-1,-1,-1
91,4,402,929,50,50,1,-1,-1,-1
91,5,580,669,50,50,1,-1,-1,-1
92,2,503,755,50,50,1,-1,-1,-1
92,4,395,981,50,50,1,-1,-1,-1
92,5,587,683,50,50,1,-1,-1,-1
93,2,496,740,50,50,1,-1,-1,-1
93,4,614,1290,50,50,1,-1,-1,-1
93,5,593,701,50,50,1,-1,-1,-1
94,2,498,888,50,50,1,-1,-1,-1
94,4,601,1288,50,50,1,-1,-1,-1
94,5,599,724,50,50,1,-1,-1,-1
95,2,502,839,50,50,1,-1,-1,-1
95,4,374,1157,50,50,1,-1,-1,-1
95,5,607,752,50,50,1,-1,-1,-1
96,2,507,797,50,50,1,-1,-1,-1
96,5,613,786,50,50,1,-1,-1,-1
97,5,629,869,50,50,1,-1,-1,-1
98,2,521,702,50,50,1,-1,-1,-1
98,4,455,755,50,50,1,-1,-1,-1
98,5,637,920,50,50,1,-1,-1,-1
99,2,525,680,50,50,1,-1,-1,-1
99,4,448,776,50,50,1,-1,-1,-1
99,5,644,975,50,50,1,-1,-1,-1
100,2,530,665,50,50,1,-1,-1,-1
100,4,442,801,50,50,1,-1,-1,-1
100,5,536,902,50,50,1,-1,-1,-1
101,2,535,655,50,50,1,-1,-1,-1
101,4,530,860,50,50,1,-1,-1,-1
101,5,436,830,50,50,1,-1,-1,-1
102,2,522,819,50,50,1,-1,-1,-1
102,4,665,1153,50,50,1,-1,-1,-1
102,5,430,865,50,50,1,-1,-1,-1
103,2,450,1168,50,50,1,-1,-1,-1
103,4,660,1189,50,50,1,-1,-1,-1
103,5,424,906,50,50,1,-1,-1,-1
104,2,511,755,50,50,1,-1,-1,-1
104,4,647,1235,50,50,1,-1,-1,-1
104,5,419,950,50,50,1,-1,-1,-1
105,2,558,663,50,50,1,-1,-1,-1
105,4,627,1274,50,50,1,-1,-1,-1
105,5,441,1013,50,50,1,-1,-1,-1
106,2,558,663,50,50,1,-1,-1,-1
106,4,627,1274,50,50,1,-1,-1,-1
106,5,441,1013,50,50,1,-1,-1,-1
107,2,571,698,50,50,1,-1,-1,-1
107,4,495,699,50,50,1,-1,-1,-1
107,5,484,916,50,50,1,-1,-1,-1
108,2,577,724,50,50,1,-1,-1,-1
108,4,492,873,50,50,1,-1,-1,-1
108,5,491,691,50,50,1,-1,-1,-1
109,2,584,756,50,50,1,-1,-1,-1
109,4,560,1223,50,50,1,-1,-1,-1
109,5,486,689,50,50,1,-1,-1,-1
110,2,592,791,50,50,1,-1,-1,-1
110,5,509,801,50,50,1,-1,-1,-1
111,2,598,832,50,50,1,-1,-1,-1
111,4,416,1265,50,50,1,-1,-1,-1
111,5,517,772,50,50,1,-1,-1,-1
112,2,606,880,50,50,1,-1,-1,-1
112,4,425,1298,50,50,1,-1,-1,-1
112,5,473,709,50,50,1,-1,-1,-1
113,2,615,932,50,50,1,-1,-1,-1
113,4,534,732,50,50,1,-1,-1,-1
113,5,468,727,50,50,1,-1,-1,-1
114,2,622,992,50,50,1,-1,-1,-1
114,4,542,720,50,50,1,-1,-1,-1
114,5,464,749,50,50,1,-1,-1,-1
115,2,467,1313,50,50,1,-1,-1,-1
115,4,524,866,50,50,1,-1,-1,-1
115,5,459,777,50,50,1,-1,-1,-1
116,2,519,827,50,50,1,-1,-1,-1
116,4,644,1134,50,50,1,-1,-1,-1
116,5,455,810,50,50,1,-1,-1,-1
117,2,567,711,50,50,1,-1,-1,-1
117,4,648,1169,50,50,1,-1,-1,-1
117,5,452,847,50,50,1,-1,-1,-1
118,2,576,718,50,50,1,-1,-1,-1
118,4,645,1207,50,50,1,-1,-1,-1
118,5,449,892,50,50,1,-1,-1,-1
119,2,586,730,50,50,1,-1,-1,-1
119,4,508,744,50,50,1,-1,-1,-1
119,5,445,941,50,50,1,-1,-1,-1
120,2,596,747,50,50,1,-1,-1,-1
120,4,505,727,50,50,1,-1,-1,-1
120,5,442,997,50,50,1,-1,-1,-1
121,2,606,769,50,50,1,-1,-1,-1
122,2,615,797,50,50,1,-1,-1,-1
122,4,521,884,50,50,1,-1,-1,-1
123,2,624,828,50,50,1,-1,-1,-1
123,4,604,1212,50,50,1,-1,-1,-1
123,5,436,1174,50,50,1,-1,-1,-1
124,2,636,865,50,50,1,-1,-1,-1
124,4,533,797,50,50,1,-1,-1,-1
124,5,441,1217,50,50,1,-1,-1,-1
125,2,658,956,50,50,1,-1,-1,-1
126,2,485,751,50,50,1,-1,-1,-1
126,5,550,709,50,50,1,-1,-1,-1
127,2,556,690,50,50,1,-1,-1,-1
127,4,483,775,50,50,1,-1,-1,-1
127,5,552,912,50,50,1,-1,-1,-1
128,2,563,676,50,50,1,-1,-1,-1
128,4,481,805,50,50,1,-1,-1,-1
128,5,542,871,50,50,1,-1,-1,-1
129,2,691,1165,50,50,1,-1,-1,-1
129,5,506,836,50,50,1,-1,-1,-1
130,2,688,1197,50,50,1,-1,-1,-1
130,5,525,803,50,50,1,-1,-1,-1
131,2,679,1234,50,50,1,-1,-1,-1
131,5,517,776,50,50,1,-1,-1,-1
132,5,508,756,50,50,1,-1,-1,-1
133,2,644,1285,50,50,1,-1,-1,-1
133,5,500,740,50,50,1,-1,-1,-1
134,2,527,908,50,50,1,-1,-1,-1
134,5,605,695,50,50,1,-1,-1,-1
135,2,532,865,50,50,1,-1,-1,-1
135,5,613,716,50,50,1,-1,-1,-1
136,2,535,822,50,50,1,-1,-1,-1
136,5,619,742,50,50,1,-1,-1,-1
137,2,541,783,50,50,1,-1,-1,-1
137,5,628,772,50,50,1,-1,-1,-1
138,2,545,752,50,50,1,-1,-1,-1
138,5,636,809,50,50,1,-1,-1,-1
139,2,550,725,50,50,1,-1,-1,-1
139,5,645,850,50,50,1,-1,-1,-1
140,2,555,703,50,50,1,-1,-1,-1
140,5,653,898,50,50,1,-1,-1,-1
141,2,560,688,50,50,1,-1,-1,-1
141,5,663,951,50,50,1,-1,-1,-1
142,2,565,676,50,50,1,-1,-1,-1
142,5,554,881,50,50,1,-1,-1,-1
143,2,546,843,50,50,1,-1,-1,-1
143,5,427,865,50,50,1,-1,-1,-1
144,2,537,812,50,50,1,-1,-1,-1
144,5,420,906,50,50,1,-1,-1,-1
145,2,530,786,50,50,1,-1,-1,-1
145,5,415,953,50,50,1,-1,-1,-1
146,2,522,765,50,50,1,-1,-1,-1
146,5,409,1007,50,50,1,-1,-1,-1
147,2,515,751,50,50,1,-1,-1,-1
147,5,514,916,50,50,1,-1,-1,-1
148,2,508,742,50,50,1,-1,-1,-1
148,5,601,710,50,50,1,-1,-1,-1
149,2,525,833,50,50,1,-1,-1,-1
149,5,608,734,50,50,1,-1,-1,-1
150,2,615,763,50,50,1,-1,-1,-1
150,5,529,795,50,50,1,-1,-1,-1
151,2,621,797,50,50,1,-1,-1,-1
151,5,513,754,50,50,1,-1,-1,-1
152,2,628,837,50,50,1,-1,-1,-1
152,5,413,1296,50,50,1,-1,-1,-1
153,2,637,882,50,50,1,-1,-1,-1
153,5,473,767,50,50,1,-1,-1,-1
154,2,653,987,50,50,1,-1,-1,-1
154,5,552,689,50,50,1,-1,-1,-1
155,2,455,844,50,50,1,-1,-1,-1
155,5,541,904,50,50,1,-1,-1,-1
156,5,672,1118,50,50,1,-1,-1,-1
157,2,570,685,50,50,1,-1,-1,-1
157,5,677,1149,50,50,1,-1,-1,-1
158,2,575,695,50,50,1,-1,-1,-1
158,5,671,1184,50,50,1,-1,-1,-1
159,2,582,709,50,50,1,-1,-1,-1
159,5,656,1229,50,50,1,-1,-1,-1
160,2,499,746,50,50,1,-1,-1,-1
160,5,588,726,50,50,1,-1,-1,-1
161,2,497,897,50,50,1,-1,-1,-1
161,5,595,750,50,50,1,-1,-1,-1
162,2,419,1197,50,50,1,-1,-1,-1
162,5,501,849,50,50,1,-1,-1,-1
163,2,420,1235,50,50,1,-1,-1,-1
163,5,505,806,50,50,1,-1,-1,-1
164,2,423,1269,50,50,1,-1,-1,-1
164,5,508,768,50,50,1,-1,-1,-1
165,2,431,1298,50,50,1,-1,-1,-1
165,5,624,903,50,50,1,-1,-1,-1
166,2,456,725,50,50,1,-1,-1,-1
166,5,633,956,50,50,1,-1,-1,-1
167,2,520,687,50,50,1,-1,-1,-1
167,5,641,1013,50,50,1,-1,-1,-1
168,2,443,759,50,50,1,-1,-1,-1
168,5,524,670,50,50,1,-1,-1,-1
169,2,436,784,50,50,1,-1,-1,-1
169,5,529,660,50,50,1,-1,-1,-1
170,2,429,813,50,50,1,-1,-1,-1
170,5,534,843,50,50,1,-1,-1,-1
171,2,423,848,50,50,1,-1,-1,-1
171,5,468,1203,50,50,1,-1,-1,-1
172,2,417,888,50,50,1,-1,-1,-1
172,5,648,1249,50,50,1,-1,-1,-1
173,2,412,933,50,50,1,-1,-1,-1
173,5,631,1281,50,50,1,-1,-1,-1
174,2,408,986,50,50,1,-1,-1,-1
175,2,400,1042,50,50,1,-1,-1,-1
175,5,483,927,50,50,1,-1,-1,-1
176,2,564,718,50,50,1,-1,-1,-1
176,5,488,876,50,50,1,-1,-1,-1
177,2,570,746,50,50,1,-1,-1,-1
177,5,485,675,50,50,1,-1,-1,-1
178,2,496,789,50,50,1,-1,-1,-1
178,5,479,671,50,50,1,-1,-1,-1
179,2,473,673,50,50,1,-1,-1,-1
179,5,501,754,50,50,1,-1,-1,-1
180,5,590,866,50,50,1,-1,-1,-1
181,2,514,677,50,50,1,-1,-1,-1
181,5,605,972,50,50,1,-1,-1,-1
182,2,519,665,50,50,1,-1,-1,-1
182,5,449,1320,50,50,1,-1,-1,-1
183,2,530,884,50,50,1,-1,-1,-1
183,5,445,757,50,50,1,-1,-1,-1
184,2,621,1153,50,50,1,-1,-1,-1
184,5,439,791,50,50,1,-1,-1,-1
185,2,621,1187,50,50,1,-1,-1,-1
185,5,476,1186,50,50,1,-1,-1,-1
186,2,618,1231,50,50,1,-1,-1,-1
186,5,429,873,50,50,1,-1,-1,-1
187,2,424,922,50,50,1,-1,-1,-1
187,5,547,665,50,50,1,-1,-1,-1
188,2,505,748,50,50,1,-1,-1,-1
188,5,552,681,50,50,1,-1,-1,-1
189,5,559,700,50,50,1,-1,-1,-1
190,2,511,878,50,50,1,-1,-1,-1
190,5,565,726,50,50,1,-1,-1,-1
191,2,518,836,50,50,1,-1,-1,-1
191,5,572,757,50,50,1,-1,-1,-1
192,2,409,1209,50,50,1,-1,-1,-1
192,5,553,796,50,50,1,-1,-1,-1
193,2,418,1254,50,50,1,-1,-1,-1
193,5,586,834,50,50,1,-1,-1,-1
194,2,438,1291,50,50,1,-1,-1,-1
194,5,593,881,50,50,1,-1,-1,-1
195,2,457,1313,50,50,1,-1,-1,-1
195,5,600,932,50,50,1,-1,-1,-1
196,2,474,800,50,50,1,-1,-1,-1
196,5,609,991,50,50,1,-1,-1,-1
197,2,470,831,50,50,1,-1,-1,-1
197,5,522,889,50,50,1,-1,-1,-1
198,2,494,1244,50,50,1,-1,-1,-1
198,5,491,856,50,50,1,-1,-1,-1
199,2,625,1172,50,50,1,-1,-1,-1
199,5,505,812,50,50,1,-1,-1,-1
200,2,584,698,50,50,1,-1,-1,-1
200,5,498,781,50,50,1,-1,-1,-1
201,2,592,709,50,50,1,-1,-1,-1
201,5,490,756,50,50,1,-1,-1,-1
202,2,601,723,50,50,1,-1,-1,-1
202,5,482,736,50,50,1,-1,-1,-1
203,2,609,743,50,50,1,-1,-1,-1
203,5,474,720,50,50,1,-1,-1,-1
204,2,618,768,50,50,1,-1,-1,-1
204,5,517,872,50,50,1,-1,-1,-1
205,2,626,798,50,50,1,-1,-1,-1
205,5,603,1225,50,50,1,-1,-1,-1
206,2,635,834,50,50,1,-1,-1,-1
206,5,458,1267,50,50,1,-1,-1,-1
207,2,646,874,50,50,1,-1,-1,-1
207,5,462,1301,50,50,1,-1,-1,-1
208,2,654,920,50,50,1,-1,-1,-1
208,5,464,1319,50,50,1,-1,-1,-1
209,2,664,972,50,50,1,-1,-1,-1
209,5,466,1318,50,50,1,-1,-1,-1
210,2,534,875,50,50,1,-1,-1,-1
210,5,479,1260,50,50,1,-1,-1,-1
211,2,413,817,50,50,1,-1,-1,-1
211,5,481,1198,50,50,1,-1,-1,-1
212,2,407,854,50,50,1,-1,-1,-1
212,5,685,1190,50,50,1,-1,-1,-1
213,2,399,896,50,50,1,-1,-1,-1
213,5,671,1231,50,50,1,-1,-1,-1
214,2,395,945,50,50,1,-1,-1,-1
214,5,649,1273,50,50,1,-1,-1,-1
215,2,387,997,50,50,1,-1,-1,-1
215,5,502,933,50,50,1,-1,-1,-1
216,2,510,891,50,50,1,-1,-1,-1
216,5,472,728,50,50,1,-1,-1,-1
217,2,568,758,50,50,1,-1,-1,-1
217,5,517,849,50,50,1,-1,-1,-1
218,2,568,758,50,50,1,-1,-1,-1
218,5,517,849,50,50,1,-1,-1,-1
219,2,444,725,50,50,1,-1,-1,-1
219,5,385,1221,50,50,1,-1,-1,-1
220,2,433,735,50,50,1,-1,-1,-1
220,5,402,1263,50,50,1,-1,-1,-1
221,2,425,749,50,50,1,-1,-1,-1
221,5,425,1296,50,50,1,-1,-1,-1
222,2,414,768,50,50,1,-1,-1,-1
222,5,549,720,50,50,1,-1,-1,-1
223,2,408,793,50,50,1,-1,-1,-1
223,5,456,1305,50,50,1,-1,-1,-1
224,2,399,823,50,50,1,-1,-1,-1
224,5,524,900,50,50,1,-1,-1,-1
225,2,389,859,50,50,1,-1,-1,-1
225,5,517,861,50,50,1,-1,-1,-1
226,2,381,900,50,50,1,-1,-1,-1
226,5,511,824,50,50,1,-1,-1,-1
227,2,372,947,50,50,1,-1,-1,-1
227,5,504,793,50,50,1,-1,-1,-1
228,2,362,998,50,50,1,-1,-1,-1
228,5,498,766,50,50,1,-1,-1,-1
229,2,477,959,50,50,1,-1,-1,-1
229,5,491,746,50,50,1,-1,-1,-1
230,2,606,773,50,50,1,-1,-1,-1
230,5,481,909,50,50,1,-1,-1,-1
231,2,614,803,50,50,1,-1,-1,-1
231,5,484,866,50,50,1,-1,-1,-1
232,2,622,838,50,50,1,-1,-1,-1
232,5,486,828,50,50,1,-1,-1,-1
233,2,632,877,50,50,1,-1,-1,-1
233,5,488,794,50,50,1,-1,-1,-1
234,2,641,922,50,50,1,-1,-1,-1
234,5,379,1284,50,50,1,-1,-1,-1
235,2,649,972,50,50,1,-1,-1,-1
235,5,475,737,50,50,1,-1,-1,-1
236,2,649,972,50,50,1,-1,-1,-1
236,5,475,737,50,50,1,-1,-1,-1
237,2,670,1144,50,50,1,-1,-1,-1
237,5,441,790,50,50,1,-1,-1,-1
238,2,512,836,50,50,1,-1,-1,-1
238,5,454,1260,50,50,1,-1,-1,-1
239,2,504,805,50,50,1,-1,-1,-1
239,5,460,1197,50,50,1,-1,-1,-1
240,2,496,779,50,50,1,-1,-1,-1
240,5,428,897,50,50,1,-1,-1,-1
241,2,503,746,50,50,1,-1,-1,-1
241,5,423,944,50,50,1,-1,-1,-1
242,2,502,748,50,50,1,-1,-1,-1
242,5,426,1120,50,50,1,-1,-1,-1
243,2,526,775,50,50,1,-1,-1,-1
244,2,531,806,50,50,1,-1,-1,-1
244,5,493,894,50,50,1,-1,-1,-1
245,2,516,847,50,50,1,-1,-1,-1
245,5,528,1233,50,50,1,-1,-1,-1
246,2,539,879,50,50,1,-1,-1,-1
246,5,408,1204,50,50,1,-1,-1,-1
247,2,547,918,50,50,1,-1,-1,-1
247,5,419,1249,50,50,1,-1,-1,-1
248,2,544,1126,50,50,1,-1,-1,-1
248,5,522,762,50,50,1,-1,-1,-1
249,2,429,775,50,50,1,-1,-1,-1
249,5,530,741,50,50,1,-1,-1,-1
250,2,536,727,50,50,1,-1,-1,-1
250,5,421,799,50,50,1,-1,-1,-1
251,2,486,882,50,50,1,-1,-1,-1
251,5,415,829,50,50,1,-1,-1,-1
252,2,408,865,50,50,1,-1,-1,-1
252,5,481,844,50,50,1,-1,-1,-1
253,2,402,907,50,50,1,-1,-1,-1
253,5,477,812,50,50,1,-1,-1,-1
254,2,395,953,50,50,1,-1,-1,-1
254,5,473,785,50,50,1,-1,-1,-1
255,2,390,1006,50,50,1,-1,-1,-1
255,5,468,764,50,50,1,-1,-1,-1
256,2,583,740,50,50,1,-1,-1,-1
256,5,465,747,50,50,1,-1,-1,-1
257,2,488,873,50,50,1,-1,-1,-1
257,5,592,761,50,50,1,-1,-1,-1
258,2,572,1241,50,50,1,-1,-1,-1
258,5,601,787,50,50,1,-1,-1,-1
259,2,499,795,50,50,1,-1,-1,-1
259,5,610,817,50,50,1,-1,-1,-1
260,2,504,764,50,50,1,-1,-1,-1
260,5,619,853,50,50,1,-1,-1,-1
261,2,510,738,50,50,1,-1,-1,-1
261,5,628,894,50,50,1,-1,-1,-1
262,2,515,717,50,50,1,-1,-1,-1
262,5,638,940,50,50,1,-1,-1,-1
263,2,520,702,50,50,1,-1,-1,-1
263,5,648,991,50,50,1,-1,-1,-1
264,2,436,800,50,50,1,-1,-1,-1
264,5,516,884,50,50,1,-1,-1,-1
265,2,509,843,50,50,1,-1,-1,-1
265,5,435,829,50,50,1,-1,-1,-1
266,2,497,779,50,50,1,-1,-1,-1
266,5,429,904,50,50,1,-1,-1,-1
267,2,491,757,50,50,1,-1,-1,-1
267,5,427,950,50,50,1,-1,-1,-1
268,2,559,713,50,50,1,-1,-1,-1
268,5,426,1000,50,50,1,-1,-1,-1
269,2,566,733,50,50,1,-1,-1,-1
269,5,495,918,50,50,1,-1,-1,-1
270,2,573,757,50,50,1,-1,-1,-1
270,5,501,875,50,50,1,-1,-1,-1
271,2,580,788,50,50,1,-1,-1,-1
271,5,507,833,50,50,1,-1,-1,-1
272,2,587,823,50,50,1,-1,-1,-1
272,5,512,795,50,50,1,-1,-1,-1
273,2,594,862,50,50,1,-1,-1,-1
273,5,518,765,50,50,1,-1,-1,-1
274,2,603,907,50,50,1,-1,-1,-1
274,5,524,739,50,50,1,-1,-1,-1
275,2,611,958,50,50,1,-1,-1,-1
275,5,530,717,50,50,1,-1,-1,-1
276,2,621,1016,50,50,1,-1,-1,-1
276,5,535,702,50,50,1,-1,-1,-1
277,2,523,907,50,50,1,-1,-1,-1
277,5,432,802,50,50,1,-1,-1,-1
278,2,427,835,50,50,1,-1,-1,-1
278,5,514,870,50,50,1,-1,-1,-1
279,2,422,875,50,50,1,-1,-1,-1
279,5,506,832,50,50,1,-1,-1,-1
280,2,419,918,50,50,1,-1,-1,-1
280,5,499,801,50,50,1,-1,-1,-1
281,2,414,968,50,50,1,-1,-1,-1
281,5,492,775,50,50,1,-1,-1,-1
282,2,613,1286,50,50,1,-1,-1,-1
282,5,484,755,50,50,1,-1,-1,-1
283,2,499,901,50,50,1,-1,-1,-1
283,5,476,739,50,50,1,-1,-1,-1
284,2,589,758,50,50,1,-1,-1,-1
284,5,469,728,50,50,1,-1,-1,-1
285,2,596,787,50,50,1,-1,-1,-1
285,5,510,807,50,50,1,-1,-1,-1
286,2,604,823,50,50,1,-1,-1,-1
286,5,516,768,50,50,1,-1,-1,-1
287,2,612,864,50,50,1,-1,-1,-1
287,5,522,733,50,50,1,-1,-1,-1
288,2,621,911,50,50,1,-1,-1,-1
288,5,527,704,50,50,1,-1,-1,-1
289,2,629,963,50,50,1,-1,-1,-1
289,5,534,680,50,50,1,-1,-1,-1
290,2,429,775,50,50,1,-1,-1,-1
290,5,540,662,50,50,1,-1,-1,-1
291,2,422,800,50,50,1,-1,-1,-1
291,5,546,649,50,50,1,-1,-1,-1
292,2,525,846,50,50,1,-1,-1,-1
292,5,552,641,50,50,1,-1,-1,-1
293,2,512,781,50,50,1,-1,-1,-1
293,5,566,638,50,50,1,-1,-1,-1
294,2,506,757,50,50,1,-1,-1,-1
294,5,573,645,50,50,1,-1,-1,-1
295,2,394,1011,50,50,1,-1,-1,-1
295,5,579,657,50,50,1,-1,-1,-1
296,2,496,886,50,50,1,-1,-1,-1
296,5,588,673,50,50,1,-1,-1,-1
297,2,500,835,50,50,1,-1,-1,-1
297,5,596,696,50,50,1,-1,-1,-1
298,2,505,789,50,50,1,-1,-1,-1
298,5,603,723,50,50,1,-1,-1,-1
299,2,383,1233,50,50,1,-1,-1,-1
299,5,612,754,50,50,1,-1,-1,-1
300,2,397,1271,50,50,1,-1,-1,-1
300,5,619,793,50,50,1,-1,-1,-1
301,2,521,682,50,50,1,-1,-1,-1
301,5,628,836,50,50,1,-1,-1,-1
302,2,525,658,50,50,1,-1,-1,-1
302,5,638,885,50,50,1,-1,-1,-1
303,2,550,915,50,50,1,-1,-1,-1
303,5,647,940,50,50,1,-1,-1,-1
304,2,450,797,50,50,1,-1,-1,-1
304,5,541,869,50,50,1,-1,-1,-1
305,2,543,614,50,50,1,-1,-1,-1
305,5,446,829,50,50,1,-1,-1,-1
306,2,550,611,50,50,1,-1,-1,-1
306,5,442,866,50,50,1,-1,-1,-1
307,2,557,612,50,50,1,-1,-1,-1
307,5,437,909,50,50,1,-1,-1,-1
308,2,563,615,50,50,1,-1,-1,-1
308,5,432,956,50,50,1,-1,-1,-1
309,2,570,626,50,50,1,-1,-1,-1
309,5,429,1008,50,50,1,-1,-1,-1
310,2,578,644,50,50,1,-1,-1,-1
310,5,492,912,50,50,1,-1,-1,-1
311,2,585,666,50,50,1,-1,-1,-1
311,5,498,864,50,50,1,-1,-1,-1
312,2,593,694,50,50,1,-1,-1,-1
312,5,503,818,50,50,1,-1,-1,-1
313,2,602,727,50,50,1,-1,-1,-1
313,5,509,780,50,50,1,-1,-1,-1
314,2,610,766,50,50,1,-1,-1,-1
314,5,515,745,50,50,1,-1,-1,-1
315,2,617,810,50,50,1,-1,-1,-1
315,5,521,715,50,50,1,-1,-1,-1
316,2,626,859,50,50,1,-1,-1,-1
316,5,441,1310,50,50,1,-1,-1,-1
317,2,636,916,50,50,1,-1,-1,-1
317,5,450,1322,50,50,1,-1,-1,-1
318,2,646,979,50,50,1,-1,-1,-1
319,2,476,710,50,50,1,-1,-1,-1
319,5,522,857,50,50,1,-1,-1,-1
320,2,515,815,50,50,1,-1,-1,-1
320,5,472,743,50,50,1,-1,-1,-1
321,2,468,823,50,50,1,-1,-1,-1
321,5,500,752,50,50,1,-1,-1,-1
322,2,465,870,50,50,1,-1,-1,-1
322,5,492,727,50,50,1,-1,-1,-1
323,2,462,923,50,50,1,-1,-1,-1
323,5,484,707,50,50,1,-1,-1,-1
324,2,459,983,50,50,1,-1,-1,-1
324,5,478,694,50,50,1,-1,-1,-1
325,2,531,865,50,50,1,-1,-1,-1
325,5,470,685,50,50,1,-1,-1,-1
326,2,598,765,50,50,1,-1,-1,-1
326,5,464,683,50,50,1,-1,-1,-1
327,2,450,1182,50,50,1,-1,-1,-1
327,5,457,686,50,50,1,-1,-1,-1
328,2,456,1226,50,50,1,-1,-1,-1
328,5,451,692,50,50,1,-1,-1,-1
329,2,624,890,50,50,1,-1,-1,-1
329,5,445,705,50,50,1,-1,-1,-1
330,2,567,694,50,50,1,-1,-1,-1
330,5,439,723,50,50,1,-1,-1,-1
331,2,575,676,50,50,1,-1,-1,-1
331,5,432,747,50,50,1,-1,-1,-1
332,2,583,663,50,50,1,-1,-1,-1
332,5,426,775,50,50,1,-1,-1,-1
333,2,524,841,50,50,1,-1,-1,-1
333,5,420,810,50,50,1,-1,-1,-1
334,2,666,1165,50,50,1,-1,-1,-1
334,5,415,849,50,50,1,-1,-1,-1
335,2,662,1204,50,50,1,-1,-1,-1
335,5,409,894,50,50,1,-1,-1,-1
336,2,650,1254,50,50,1,-1,-1,-1
336,5,403,946,50,50,1,-1,-1,-1
337,2,515,925,50,50,1,-1,-1,-1
337,5,399,1003,50,50,1,-1,-1,-1
338,2,473,701,50,50,1,-1,-1,-1
338,5,521,882,50,50,1,-1,-1,-1
339,2,462,690,50,50,1,-1,-1,-1
339,5,641,712,50,50,1,-1,-1,-1
340,2,453,684,50,50,1,-1,-1,-1
340,5,651,739,50,50,1,-1,-1,-1
341,2,445,683,50,50,1,-1,-1,-1
341,5,661,771,50,50,1,-1,-1,-1
342,2,435,685,50,50,1,-1,-1,-1
342,5,670,809,50,50,1,-1,-1,-1
343,2,426,693,50,50,1,-1,-1,-1
343,5,681,851,50,50,1,-1,-1,-1
344,2,418,708,50,50,1,-1,-1,-1
344,5,693,900,50,50,1,-1,-1,-1
345,2,408,727,50,50,1,-1,-1,-1
345,5,702,953,50,50,1,-1,-1,-1
346,2,399,750,50,50,1,-1,-1,-1
346,5,555,872,50,50,1,-1,-1,-1
347,2,390,780,50,50,1,-1,-1,-1
347,5,545,833,50,50,1,-1,-1,-1
348,2,383,815,50,50,1,-1,-1,-1
348,5,536,801,50,50,1,-1,-1,-1
349,2,366,898,50,50,1,-1,-1,-1
349,5,518,751,50,50,1,-1,-1,-1
350,2,358,948,50,50,1,-1,-1,-1
350,5,510,735,50,50,1,-1,-1,-1
351,2,349,1003,50,50,1,-1,-1,-1
351,5,501,723,50,50,1,-1,-1,-1
352,2,521,844,50,50,1,-1,-1,-1
352,5,620,709,50,50,1,-1,-1,-1
353,2,529,801,50,50,1,-1,-1,-1
353,5,628,739,50,50,1,-1,-1,-1
354,2,538,764,50,50,1,-1,-1,-1
354,5,636,773,50,50,1,-1,-1,-1
355,2,547,731,50,50,1,-1,-1,-1
355,5,645,813,50,50,1,-1,-1,-1
356,2,556,706,50,50,1,-1,-1,-1
356,5,654,859,50,50,1,-1,-1,-1
357,2,565,684,50,50,1,-1,-1,-1
357,5,662,911,50,50,1,-1,-1,-1
358,2,574,667,50,50,1,-1,-1,-1
358,5,673,968,50,50,1,-1,-1,-1
359,2,582,656,50,50,1,-1,-1,-1
359,5,557,915,50,50,1,-1,-1,-1
360,2,591,649,50,50,1,-1,-1,-1
360,5,431,851,50,50,1,-1,-1,-1
361,2,601,647,50,50,1,-1,-1,-1
361,5,424,892,50,50,1,-1,-1,-1
362,2,611,650,50,50,1,-1,-1,-1
362,5,418,940,50,50,1,-1,-1,-1
363,2,518,777,50,50,1,-1,-1,-1
363,5,411,992,50,50,1,-1,-1,-1
364,2,510,756,50,50,1,-1,-1,-1
364,5,630,672,50,50,1,-1,-1,-1
365,2,502,740,50,50,1,-1,-1,-1
365,5,640,690,50,50,1,-1,-1,-1
366,2,651,713,50,50,1,-1,-1,-1
366,5,500,881,50,50,1,-1,-1,-1
367,2,662,741,50,50,1,-1,-1,-1
367,5,379,1233,50,50,1,-1,-1,-1
368,2,672,774,50,50,1,-1,-1,-1
368,5,385,1268,50,50,1,-1,-1,-1
369,2,684,812,50,50,1,-1,-1,-1
369,5,402,1299,50,50,1,-1,-1,-1
370,2,694,855,50,50,1,-1,-1,-1
371,2,706,903,50,50,1,-1,-1,-1
371,5,454,751,50,50,1,-1,-1,-1
372,2,717,958,50,50,1,-1,-1,-1
372,5,447,770,50,50,1,-1,-1,-1
373,2,562,881,50,50,1,-1,-1,-1
373,5,534,677,50,50,1,-1,-1,-1
374,2,433,826,50,50,1,-1,-1,-1
374,5,550,839,50,50,1,-1,-1,-1
375,2,425,863,50,50,1,-1,-1,-1
375,5,471,1201,50,50,1,-1,-1,-1
376,2,418,904,50,50,1,-1,-1,-1
376,5,528,774,50,50,1,-1,-1,-1
377,2,407,1004,50,50,1,-1,-1,-1
377,5,563,685,50,50,1,-1,-1,-1
378,2,494,931,50,50,1,-1,-1,-1
378,5,569,703,50,50,1,-1,-1,-1
379,2,503,886,50,50,1,-1,-1,-1
379,5,575,724,50,50,1,-1,-1,-1
380,2,509,843,50,50,1,-1,-1,-1
380,5,582,753,50,50,1,-1,-1,-1
381,2,516,805,50,50,1,-1,-1,-1
381,5,588,786,50,50,1,-1,-1,-1
382,2,523,772,50,50,1,-1,-1,-1
382,5,596,824,50,50,1,-1,-1,-1
383,2,530,745,50,50,1,-1,-1,-1
383,5,604,868,50,50,1,-1,-1,-1
384,2,536,723,50,50,1,-1,-1,-1
384,5,612,917,50,50,1,-1,-1,-1
385,2,543,706,50,50,1,-1,-1,-1
385,5,620,974,50,50,1,-1,-1,-1
386,2,423,786,50,50,1,-1,-1,-1
386,5,522,906,50,50,1,-1,-1,-1
387,2,515,859,50,50,1,-1,-1,-1
387,5,415,819,50,50,1,-1,-1,-1
388,2,505,813,50,50,1,-1,-1,-1
388,5,406,857,50,50,1,-1,-1,-1
389,2,498,772,50,50,1,-1,-1,-1
389,5,397,901,50,50,1,-1,-1,-1
390,2,490,737,50,50,1,-1,-1,-1
390,5,389,949,50,50,1,-1,-1,-1
391,2,482,706,50,50,1,-1,-1,-1
391,5,588,709,50,50,1,-1,-1,-1
392,2,473,682,50,50,1,-1,-1,-1
392,5,597,729,50,50,1,-1,-1,-1
393,2,465,662,50,50,1,-1,-1,-1
393,5,508,877,50,50,1,-1,-1,-1
394,2,458,648,50,50,1,-1,-1,-1
394,5,350,1188,50,50,1,-1,-1,-1
395,2,449,640,50,50,1,-1,-1,-1
395,5,524,798,50,50,1,-1,-1,-1
396,2,443,636,50,50,1,-1,-1,-1
396,5,533,767,50,50,1,-1,-1,-1
397,2,435,637,50,50,1,-1,-1,-1
397,5,642,901,50,50,1,-1,-1,-1
398,2,430,643,50,50,1,-1,-1,-1
398,5,651,953,50,50,1,-1,-1,-1
399,2,423,657,50,50,1,-1,-1,-1
399,5,662,1010,50,50,1,-1,-1,-1
400,2,416,674,50,50,1,-1,-1,-1
400,5,530,891,50,50,1,-1,-1,-1
401,2,410,697,50,50,1,-1,-1,-1
401,5,523,847,50,50,1,-1,-1,-1
402,2,403,726,50,50,1,-1,-1,-1
402,5,515,807,50,50,1,-1,-1,-1
403,2,397,759,50,50,1,-1,-1,-1
403,5,508,773,50,50,1,-1,-1,-1
404,2,390,799,50,50,1,-1,-1,-1
404,5,501,744,50,50,1,-1,-1,-1
405,2,383,844,50,50,1,-1,-1,-1
405,5,494,720,50,50,1,-1,-1,-1
406,2,372,951,50,50,1,-1,-1,-1
406,5,480,688,50,50,1,-1,-1,-1
407,2,605,1233,50,50,1,-1,-1,-1
407,5,474,681,50,50,1,-1,-1,-1
408,2,596,1171,50,50,1,-1,-1,-1
408,5,468,680,50,50,1,-1,-1,-1
409,2,670,877,50,50,1,-1,-1,-1
409,5,463,681,50,50,1,-1,-1,-1
410,2,534,709,50,50,1,-1,-1,-1
410,5,456,689,50,50,1,-1,-1,-1
411,2,541,680,50,50,1,-1,-1,-1
411,5,449,702,50,50,1,-1,-1,-1
412,2,550,656,50,50,1,-1,-1,-1
412,5,443,721,50,50,1,-1,-1,-1
413,2,559,637,50,50,1,-1,-1,-1
413,5,439,744,50,50,1,-1,-1,-1
414,2,568,623,50,50,1,-1,-1,-1
414,5,433,774,50,50,1,-1,-1,-1
415,2,576,614,50,50,1,-1,-1,-1
415,5,427,809,50,50,1,-1,-1,-1
416,2,585,611,50,50,1,-1,-1,-1
416,5,421,849,50,50,1,-1,-1,-1
417,2,594,612,50,50,1,-1,-1,-1
417,5,416,896,50,50,1,-1,-1,-1
418,2,603,619,50,50,1,-1,-1,-1
418,5,412,949,50,50,1,-1,-1,-1
419,2,613,632,50,50,1,-1,-1,-1
419,5,407,1006,50,50,1,-1,-1,-1
420,2,623,650,50,50,1,-1,-1,-1
421,2,633,673,50,50,1,-1,-1,-1
421,5,391,1152,50,50,1,-1,-1,-1
422,2,643,700,50,50,1,-1,-1,-1
422,5,391,1200,50,50,1,-1,-1,-1
423,2,654,733,50,50,1,-1,-1,-1
423,5,398,1246,50,50,1,-1,-1,-1
424,2,665,773,50,50,1,-1,-1,-1
424,5,416,1290,50,50,1,-1,-1,-1
425,2,676,818,50,50,1,-1,-1,-1
425,5,441,759,50,50,1,-1,-1,-1
426,2,689,867,50,50,1,-1,-1,-1
426,5,540,685,50,50,1,-1,-1,-1
427,2,701,924,50,50,1,-1,-1,-1
427,5,538,889,50,50,1,-1,-1,-1
428,2,527,839,50,50,1,-1,-1,-1
428,5,461,1260,50,50,1,-1,-1,-1
429,2,411,890,50,50,1,-1,-1,-1
429,5,517,796,50,50,1,-1,-1,-1
430,2,405,937,50,50,1,-1,-1,-1
430,5,571,631,50,50,1,-1,-1,-1
431,2,400,991,50,50,1,-1,-1,-1
431,5,580,632,50,50,1,-1,-1,-1
432,2,392,1050,50,50,1,-1,-1,-1
432,5,588,636,50,50,1,-1,-1,-1
433,2,378,1200,50,50,1,-1,-1,-1
433,5,606,661,50,50,1,-1,-1,-1
434,2,377,1246,50,50,1,-1,-1,-1
434,5,615,682,50,50,1,-1,-1,-1
435,2,608,1262,50,50,1,-1,-1,-1
435,5,625,707,50,50,1,-1,-1,-1
436,2,403,1303,50,50,1,-1,-1,-1
436,5,634,739,50,50,1,-1,-1,-1
437,2,514,709,50,50,1,-1,-1,-1
437,5,644,775,50,50,1,-1,-1,-1
438,2,520,685,50,50,1,-1,-1,-1
438,5,655,818,50,50,1,-1,-1,-1
439,2,424,681,50,50,1,-1,-1,-1
439,5,665,866,50,50,1,-1,-1,-1
440,2,416,700,50,50,1,-1,-1,-1
440,5,676,921,50,50,1,-1,-1,-1
441,2,410,726,50,50,1,-1,-1,-1
441,5,689,982,50,50,1,-1,-1,-1
442,2,403,758,50,50,1,-1,-1,-1
442,5,518,830,50,50,1,-1,-1,-1
443,2,396,794,50,50,1,-1,-1,-1
443,5,552,643,50,50,1,-1,-1,-1
444,2,388,836,50,50,1,-1,-1,-1
444,5,559,648,50,50,1,-1,-1,-1
445,2,382,883,50,50,1,-1,-1,-1
445,5,484,719,50,50,1,-1,-1,-1
446,2,376,935,50,50,1,-1,-1,-1
446,5,472,694,50,50,1,-1,-1,-1
447,2,368,995,50,50,1,-1,-1,-1
447,5,461,673,50,50,1,-1,-1,-1
448,2,475,838,50,50,1,-1,-1,-1
448,5,451,659,50,50,1,-1,-1,-1
449,2,598,763,50,50,1,-1,-1,-1
449,5,440,650,50,50,1,-1,-1,-1
450,2,606,803,50,50,1,-1,-1,-1
450,5,429,646,50,50,1,-1,-1,-1
451,2,615,847,50,50,1,-1,-1,-1
451,5,419,645,50,50,1,-1,-1,-1
452,2,625,898,50,50,1,-1,-1,-1
452,5,411,653,50,50,1,-1,-1,-1
453,2,635,956,50,50,1,-1,-1,-1
453,5,401,664,50,50,1,-1,-1,-1
454,2,506,663,50,50,1,-1,-1,-1
454,5,390,683,50,50,1,-1,-1,-1
455,2,534,892,50,50,1,-1,-1,-1
455,5,381,706,50,50,1,-1,-1,-1
456,2,529,849,50,50,1,-1,-1,-1
456,5,370,734,50,50,1,-1,-1,-1
457,2,521,646,50,50,1,-1,-1,-1
457,5,360,767,50,50,1,-1,-1,-1
458,2,518,777,50,50,1,-1,-1,-1
458,5,351,808,50,50,1,-1,-1,-1
459,2,636,1250,50,50,1,-1,-1,-1
459,5,342,854,50,50,1,-1,-1,-1
460,2,614,1276,50,50,1,-1,-1,-1
460,5,331,904,50,50,1,-1,-1,-1
461,5,525,700,50,50,1,-1,-1,-1
462,2,500,823,50,50,1,-1,-1,-1
462,5,560,746,50,50,1,-1,-1,-1
463,2,572,1221,50,50,1,-1,-1,-1
463,5,539,784,50,50,1,-1,-1,-1
464,2,576,821,50,50,1,-1,-1,-1
464,5,519,758,50,50,1,-1,-1,-1
465,2,527,732,50,50,1,-1,-1,-1
465,5,481,704,50,50,1,-1,-1,-1
466,2,536,713,50,50,1,-1,-1,-1
466,5,477,718,50,50,1,-1,-1,-1
467,2,546,700,50,50,1,-1,-1,-1
467,5,472,738,50,50,1,-1,-1,-1
468,2,555,692,50,50,1,-1,-1,-1
468,5,467,762,50,50,1,-1,-1,-1
469,2,523,876,50,50,1,-1,-1,-1
469,5,465,791,50,50,1,-1,-1,-1
470,2,612,1163,50,50,1,-1,-1,-1
470,5,488,832,50,50,1,-1,-1,-1
471,2,612,1204,50,50,1,-1,-1,-1
471,5,459,865,50,50,1,-1,-1,-1
472,2,613,1258,50,50,1,-1,-1,-1
472,5,456,911,50,50,1,-1,-1,-1
473,2,497,764,50,50,1,-1,-1,-1
473,5,457,1132,50,50,1,-1,-1,-1
474,2,614,742,50,50,1,-1,-1,-1
474,5,610,1287,50,50,1,-1,-1,-1
475,2,626,767,50,50,1,-1,-1,-1
475,5,603,1265,50,50,1,-1,-1,-1
476,2,636,799,50,50,1,-1,-1,-1
476,5,448,1165,50,50,1,-1,-1,-1
477,2,647,834,50,50,1,-1,-1,-1
477,5,527,825,50,50,1,-1,-1,-1
478,2,657,875,50,50,1,-1,-1,-1
478,5,535,785,50,50,1,-1,-1,-1
479,2,670,922,50,50,1,-1,-1,-1
479,5,463,758,50,50,1,-1,-1,-1
480,2,682,973,50,50,1,-1,-1,-1
480,5,459,772,50,50,1,-1,-1,-1
481,2,564,695,50,50,1,-1,-1,-1
481,5,455,795,50,50,1,-1,-1,-1
482,2,574,676,50,50,1,-1,-1,-1
482,5,450,821,50,50,1,-1,-1,-1
483,2,584,663,50,50,1,-1,-1,-1
483,5,446,852,50,50,1,-1,-1,-1
484,2,526,806,50,50,1,-1,-1,-1
484,5,439,889,50,50,1,-1,-1,-1
485,2,518,780,50,50,1,-1,-1,-1
485,5,435,931,50,50,1,-1,-1,-1
486,2,510,760,50,50,1,-1,-1,-1
486,5,432,978,50,50,1,-1,-1,-1
487,2,503,746,50,50,1,-1,-1,-1
487,5,428,1030,50,50,1,-1,-1,-1
488,2,635,666,50,50,1,-1,-1,-1
489,2,657,701,50,50,1,-1,-1,-1
489,5,424,1196,50,50,1,-1,-1,-1
490,2,669,727,50,50,1,-1,-1,-1
490,5,430,1233,50,50,1,-1,-1,-1
491,2,679,757,50,50,1,-1,-1,-1
491,5,439,1270,50,50,1,-1,-1,-1
492,2,692,793,50,50,1,-1,-1,-1
492,5,461,766,50,50,1,-1,-1,-1
493,2,705,836,50,50,1,-1,-1,-1
493,5,549,713,50,50,1,-1,-1,-1
494,2,717,882,50,50,1,-1,-1,-1
494,5,448,815,50,50,1,-1,-1,-1
495,2,730,933,50,50,1,-1,-1,-1
495,5,442,848,50,50,1,-1,-1,-1
496,2,436,886,50,50,1,-1,-1,-1
496,5,534,851,50,50,1,-1,-1,-1
497,2,430,929,50,50,1,-1,-1,-1
497,5,525,822,50,50,1,-1,-1,-1
498,2,425,980,50,50,1,-1,-1,-1
498,5,514,799,50,50,1,-1,-1,-1
499,2,588,701,50,50,1,-1,-1,-1
499,5,504,780,50,50,1,-1,-1,-1
500,2,596,716,50,50,1,-1,-1,-1
500,5,495,767,50,50,1,-1,-1,-1
501,2,537,871,50,50,1,-1,-1,-1
501,5,602,736,50,50,1,-1,-1,-1
502,2,401,1205,50,50,1,-1,-1,-1
502,5,610,762,50,50,1,-1,-1,-1
503,2,407,1238,50,50,1,-1,-1,-1
503,5,556,786,50,50,1,-1,-1,-1
504,2,421,1272,50,50,1,-1,-1,-1
504,5,458,766,50,50,1,-1,-1,-1
505,2,636,871,50,50,1,-1,-1,-1
505,5,448,779,50,50,1,-1,-1,-1
506,2,585,698,50,50,1,-1,-1,-1
506,5,438,796,50,50,1,-1,-1,-1
507,2,595,680,50,50,1,-1,-1,-1
507,5,429,818,50,50,1,-1,-1,-1
508,2,606,665,50,50,1,-1,-1,-1
508,5,420,848,50,50,1,-1,-1,-1
509,2,616,656,50,50,1,-1,-1,-1
509,5,412,881,50,50,1,-1,-1,-1
510,2,626,653,50,50,1,-1,-1,-1
510,5,403,919,50,50,1,-1,-1,-1
511,2,637,653,50,50,1,-1,-1,-1
511,5,396,965,50,50,1,-1,-1,-1
512,2,648,661,50,50,1,-1,-1,-1
512,5,387,1016,50,50,1,-1,-1,-1
513,2,659,671,50,50,1,-1,-1,-1
513,5,656,1258,50,50,1,-1,-1,-1
514,2,670,688,50,50,1,-1,-1,-1
514,5,645,1273,50,50,1,-1,-1,-1
515,2,682,709,50,50,1,-1,-1,-1
515,5,636,1263,50,50,1,-1,-1,-1
516,2,695,736,50,50,1,-1,-1,-1
516,5,626,1223,50,50,1,-1,-1,-1
517,2,708,768,50,50,1,-1,-1,-1
517,5,382,1282,50,50,1,-1,-1,-1
518,2,733,846,50,50,1,-1,-1,-1
518,5,532,686,50,50,1,-1,-1,-1
519,2,746,895,50,50,1,-1,-1,-1
520,2,760,948,50,50,1,-1,-1,-1
520,5,546,642,50,50,1,-1,-1,-1
521,2,566,862,50,50,1,-1,-1,-1
521,5,551,626,50,50,1,-1,-1,-1
522,2,462,682,50,50,1,-1,-1,-1
522,5,556,822,50,50,1,-1,-1,-1
523,2,567,615,50,50,1,-1,-1,-1
523,5,547,787,50,50,1,-1,-1,-1
524,2,574,616,50,50,1,-1,-1,-1
524,5,538,758,50,50,1,-1,-1,-1
525,2,580,622,50,50,1,-1,-1,-1
525,5,528,735,50,50,1,-1,-1,-1
526,2,589,633,50,50,1,-1,-1,-1
526,5,520,718,50,50,1,-1,-1,-1
527,2,597,649,50,50,1,-1,-1,-1
527,5,511,704,50,50,1,-1,-1,-1
528,2,605,671,50,50,1,-1,-1,-1
528,5,510,895,50,50,1,-1,-1,-1
529,2,614,697,50,50,1,-1,-1,-1
529,5,423,974,50,50,1,-1,-1,-1
530,2,622,730,50,50,1,-1,-1,-1
530,5,527,803,50,50,1,-1,-1,-1
531,2,630,766,50,50,1,-1,-1,-1
531,5,536,766,50,50,1,-1,-1,-1
532,2,640,810,50,50,1,-1,-1,-1
532,5,545,734,50,50,1,-1,-1,-1
533,2,649,859,50,50,1,-1,-1,-1
533,5,552,707,50,50,1,-1,-1,-1
534,2,658,913,50,50,1,-1,-1,-1
534,5,561,685,50,50,1,-1,-1,-1
535,2,669,974,50,50,1,-1,-1,-1
535,5,569,669,50,50,1,-1,-1,-1
536,5,442,820,50,50,1,-1,-1,-1
537,2,532,832,50,50,1,-1,-1,-1
537,5,434,858,50,50,1,-1,-1,-1
538,2,523,791,50,50,1,-1,-1,-1
538,5,428,903,50,50,1,-1,-1,-1
539,2,514,754,50,50,1,-1,-1,-1
539,5,421,952,50,50,1,-1,-1,-1
540,2,504,722,50,50,1,-1,-1,-1
540,5,416,1008,50,50,1,-1,-1,-1
541,2,495,697,50,50,1,-1,-1,-1
541,5,655,1270,50,50,1,-1,-1,-1
542,2,486,677,50,50,1,-1,-1,-1
542,5,645,1275,50,50,1,-1,-1,-1
543,2,477,662,50,50,1,-1,-1,-1
543,5,633,1256,50,50,1,-1,-1,-1
544,2,469,653,50,50,1,-1,-1,-1
544,5,408,1234,50,50,1,-1,-1,-1
545,2,453,649,50,50,1,-1,-1,-1
545,5,429,1302,50,50,1,-1,-1,-1
546,2,446,654,50,50,1,-1,-1,-1
546,5,685,865,50,50,1,-1,-1,-1
547,2,438,667,50,50,1,-1,-1,-1
547,5,541,643,50,50,1,-1,-1,-1
548,2,431,683,50,50,1,-1,-1,-1
548,5,547,621,50,50,1,-1,-1,-1
549,2,422,705,50,50,1,-1,-1,-1
549,5,554,606,50,50,1,-1,-1,-1
550,2,414,733,50,50,1,-1,-1,-1
550,5,560,593,50,50,1,-1,-1,-1
551,2,408,766,50,50,1,-1,-1,-1
551,5,567,588,50,50,1,-1,-1,-1
552,2,400,804,50,50,1,-1,-1,-1
552,5,575,587,50,50,1,-1,-1,-1
553,2,394,848,50,50,1,-1,-1,-1
553,5,583,591,50,50,1,-1,-1,-1
554,2,386,898,50,50,1,-1,-1,-1
554,5,590,598,50,50,1,-1,-1,-1
555,2,379,955,50,50,1,-1,-1,-1
555,5,598,613,50,50,1,-1,-1,-1
556,2,511,816,50,50,1,-1,-1,-1
556,5,606,631,50,50,1,-1,-1,-1
557,2,517,771,50,50,1,-1,-1,-1
557,5,615,656,50,50,1,-1,-1,-1
558,2,524,732,50,50,1,-1,-1,-1
558,5,624,684,50,50,1,-1,-1,-1
559,2,530,698,50,50,1,-1,-1,-1
559,5,633,718,50,50,1,-1,-1,-1
560,2,537,671,50,50,1,-1,-1,-1
560,5,642,758,50,50,1,-1,-1,-1
561,2,543,648,50,50,1,-1,-1,-1
561,5,650,804,50,50,1,-1,-1,-1
562,2,550,631,50,50,1,-1,-1,-1
562,5,660,854,50,50,1,-1,-1,-1
563,2,557,617,50,50,1,-1,-1,-1
563,5,670,910,50,50,1,-1,-1,-1
564,2,565,611,50,50,1,-1,-1,-1
564,5,681,972,50,50,1,-1,-1,-1
565,2,513,806,50,50,1,-1,-1,-1
565,5,456,1212,50,50,1,-1,-1,-1
566,2,452,1148,50,50,1,-1,-1,-1
566,5,406,901,50,50,1,-1,-1,-1
567,2,691,1167,50,50,1,-1,-1,-1
567,5,588,619,50,50,1,-1,-1,-1
568,2,678,1220,50,50,1,-1,-1,-1
568,5,596,633,50,50,1,-1,-1,-1
569,2,657,1271,50,50,1,-1,-1,-1
569,5,467,696,50,50,1,-1,-1,-1
570,2,378,1146,50,50,1,-1,-1,-1
570,5,456,682,50,50,1,-1,-1,-1
571,2,376,1186,50,50,1,-1,-1,-1
571,5,445,674,50,50,1,-1,-1,-1
572,2,604,1262,50,50,1,-1,-1,-1
572,5,435,669,50,50,1,-1,-1,-1
573,2,406,1285,50,50,1,-1,-1,-1
573,5,414,678,50,50,1,-1,-1,-1
574,2,420,1308,50,50,1,-1,-1,-1
574,5,405,689,50,50,1,-1,-1,-1
575,2,671,935,50,50,1,-1,-1,-1
575,5,394,706,50,50,1,-1,-1,-1
576,2,529,633,50,50,1,-1,-1,-1
576,5,384,729,50,50,1,-1,-1,-1
577,2,536,619,50,50,1,-1,-1,-1
577,5,374,757,50,50,1,-1,-1,-1
578,2,543,612,50,50,1,-1,-1,-1
578,5,365,789,50,50,1,-1,-1,-1
579,2,551,609,50,50,1,-1,-1,-1
579,5,355,828,50,50,1,-1,-1,-1
580,2,558,610,50,50,1,-1,-1,-1
580,5,346,871,50,50,1,-1,-1,-1
581,2,566,616,50,50,1,-1,-1,-1
581,5,336,921,50,50,1,-1,-1,-1
582,2,574,629,50,50,1,-1,-1,-1
582,5,327,977,50,50,1,-1,-1,-1
583,2,581,645,50,50,1,-1,-1,-1
583,5,492,867,50,50,1,-1,-1,-1
584,2,590,667,50,50,1,-1,-1,-1
584,5,498,671,50,50,1,-1,-1,-1
585,2,598,695,50,50,1,-1,-1,-1
585,5,491,663,50,50,1,-1,-1,-1
586,2,608,727,50,50,1,-1,-1,-1
586,5,512,736,50,50,1,-1,-1,-1
587,2,616,764,50,50,1,-1,-1,-1
588,2,625,808,50,50,1,-1,-1,-1
588,5,501,672,50,50,1,-1,-1,-1
589,2,635,857,50,50,1,-1,-1,-1
589,5,467,681,50,50,1,-1,-1,-1
590,2,645,911,50,50,1,-1,-1,-1
590,5,460,699,50,50,1,-1,-1,-1
591,2,654,972,50,50,1,-1,-1,-1
591,5,454,721,50,50,1,-1,-1,-1
592,2,532,855,50,50,1,-1,-1,-1
592,5,449,750,50,50,1,-1,-1,-1
593,2,523,809,50,50,1,-1,-1,-1
593,5,445,783,50,50,1,-1,-1,-1
594,2,515,769,50,50,1,-1,-1,-1
594,5,440,821,50,50,1,-1,-1,-1
595,2,510,735,50,50,1,-1,-1,-1
595,5,434,865,50,50,1,-1,-1,-1
596,2,502,706,50,50,1,-1,-1,-1
596,5,430,915,50,50,1,-1,-1,-1
597,2,495,683,50,50,1,-1,-1,-1
597,5,426,971,50,50,1,-1,-1,-1
598,2,488,664,50,50,1,-1,-1,-1
598,5,505,907,50,50,1,-1,-1,-1
599,2,481,652,50,50,1,-1,-1,-1
599,5,615,710,50,50,1,-1,-1,-1
600,2,475,645,50,50,1,-1,-1,-1
600,5,624,744,50,50,1,-1,-1,-1
601,2,464,646,50,50,1,-1,-1,-1
601,5,644,829,50,50,1,-1,-1,-1
602,2,458,654,50,50,1,-1,-1,-1
602,5,654,879,50,50,1,-1,-1,-1
603,2,452,665,50,50,1,-1,-1,-1
603,5,665,936,50,50,1,-1,-1,-1
604,2,447,685,50,50,1,-1,-1,-1
604,5,436,1210,50,50,1,-1,-1,-1
605,2,442,708,50,50,1,-1,-1,-1
605,5,427,1196,50,50,1,-1,-1,-1
606,2,437,737,50,50,1,-1,-1,-1
606,5,424,1180,50,50,1,-1,-1,-1
607,2,432,771,50,50,1,-1,-1,-1
607,5,419,1168,50,50,1,-1,-1,-1
608,2,427,810,50,50,1,-1,-1,-1
608,5,414,1157,50,50,1,-1,-1,-1
609,2,421,855,50,50,1,-1,-1,-1
609,5,675,1162,50,50,1,-1,-1,-1
610,2,417,906,50,50,1,-1,-1,-1
610,5,401,1142,50,50,1,-1,-1,-1
611,2,413,961,50,50,1,-1,-1,-1
611,5,489,675,50,50,1,-1,-1,-1
612,2,409,1024,50,50,1,-1,-1,-1
612,5,480,664,50,50,1,-1,-1,-1
613,2,651,1162,50,50,1,-1,-1,-1
613,5,472,659,50,50,1,-1,-1,-1
614,2,387,1137,50,50,1,-1,-1,-1
614,5,464,658,50,50,1,-1,-1,-1
615,2,390,1146,50,50,1,-1,-1,-1
615,5,457,663,50,50,1,-1,-1,-1
616,2,389,1157,50,50,1,-1,-1,-1
616,5,449,673,50,50,1,-1,-1,-1
617,2,394,1164,50,50,1,-1,-1,-1
617,5,442,688,50,50,1,-1,-1,-1
618,2,395,1170,50,50,1,-1,-1,-1
618,5,436,709,50,50,1,-1,-1,-1
619,2,395,1176,50,50,1,-1,-1,-1
619,5,428,735,50,50,1,-1,-1,-1
620,2,395,1178,50,50,1,-1,-1,-1
620,5,422,765,50,50,1,-1,-1,-1
621,5,415,802,50,50,1,-1,-1,-1
622,5,407,844,50,50,1,-1,-1,-1
623,5,400,891,50,50,1,-1,-1,-1
624,5,395,945,50,50,1,-1,-1,-1
625,5,388,1004,50,50,1,-1,-1,-1
626,5,381,1072,50,50,1,-1,-1,-1
627,5,381,1072,50,50,1,-1,-1,-1
628,5,381,1072,50,50,1,-1,-1,-1
629,2,368,1190,50,50,1,-1,-1,-1
630,2,368,1190,50,50,1,-1,-1,-1
631,2,368,1190,50,50,1,-1,-1,-1
632,2,368,1190,50,50,1,-1,-1,-1
633,2,368,1190,50,50,1,-1,-1,-1
634,2,368,1190,50,50,1,-1,-1,-1
635,2,368,1190,50,50,1,-1,-1,-1
636,2,368,1190,50,50,1,-1,-1,-1
637,2,368,1190,50,50,1,-1,-1,-1
638,2,368,1190,50,50,1,-1,-1,-1
639,2,368,1190,50,50,1,-1,-1,-1
640,2,368,1190,50,50,1,-1,-1,-1
641,2,368,1190,50,50,1,-1,-1,-1
642,2,368,1190,50,50,1,-1,-1,-1
643,5,673,1227,50,50,1,-1,-1,-1
644,5,673,1252,50,50,1,-1,-1,-1
645,5,667,1276,50,50,1,-1,-1,-1
646,5,667,1276,50,50,1,-1,-1,-1
647,5,667,1276,50,50,1,-1,-1,-1
648,5,667,1276,50,50,1,-1,-1,-1
649,5,667,1276,50,50,1,-1,-1,-1
