15,1,471,1317,50,50,1,-1,-1,-1
16,1,471,1317,50,50,1,-1,-1,-1
17,1,474,1353,50,50,1,-1,-1,-1
18,1,474,1353,50,50,1,-1,-1,-1
19,1,474,1353,50,50,1,-1,-1,-1
20,1,474,1353,50,50,1,-1,-1,-1
21,1,474,1353,50,50,1,-1,-1,-1
22,1,474,1353,50,50,1,-1,-1,-1
23,1,474,1353,50,50,1,-1,-1,-1
24,1,474,1353,50,50,1,-1,-1,-1
25,1,546,867,50,50,1,-1,-1,-1
26,1,551,818,50,50,1,-1,-1,-1
27,1,555,775,50,50,1,-1,-1,-1
28,1,560,737,50,50,1,-1,-1,-1
28,2,486,1211,50,50,1,-1,-1,-1
29,1,566,707,50,50,1,-1,-1,-1
30,1,572,680,50,50,1,-1,-1,-1
31,1,578,660,50,50,1,-1,-1,-1
31,2,465,1320,50,50,1,-1,-1,-1
32,1,583,645,50,50,1,-1,-1,-1
33,1,588,635,50,50,1,-1,-1,-1
33,2,490,1269,50,50,1,-1,-1,-1
34,1,594,630,50,50,1,-1,-1,-1
34,3,482,873,50,50,1,-1,-1,-1
35,1,600,628,50,50,1,-1,-1,-1
35,3,476,837,50,50,1,-1,-1,-1
36,1,608,632,50,50,1,-1,-1,-1
36,3,471,807,50,50,1,-1,-1,-1
37,1,614,641,50,50,1,-1,-1,-1
37,3,467,781,50,50,1,-1,-1,-1
38,1,621,656,50,50,1,-1,-1,-1
38,2,534,922,50,50,1,-1,-1,-1
38,3,462,761,50,50,1,-1,-1,-1
39,1,628,673,50,50,1,-1,-1,-1
39,2,537,880,50,50,1,-1,-1,-1
39,3,457,747,50,50,1,-1,-1,-1
40,1,635,698,50,50,1,-1,-1,-1
40,2,544,833,50,50,1,-1,-1,-1
40,3,453,738,50,50,1,-1,-1,-1
41,1,651,761,50,50,1,-1,-1,-1
41,2,555,756,50,50,1,-1,-1,-1
41,3,445,733,50,50,1,-1,-1,-1
42,1,659,801,50,50,1,-1,-1,-1
42,2,561,726,50,50,1,-1,-1,-1
42,3,442,739,50,50,1,-1,-1,-1
43,1,667,845,50,50,1,-1,-1,-1
43,2,568,702,50,50,1,-1,-1,-1
43,3,436,749,50,50,1,-1,-1,-1
44,1,674,895,50,50,1,-1,-1,-1
44,2,576,682,50,50,1,-1,-1,-1
44,3,433,765,50,50,1,-1,-1,-1
45,1,684,951,50,50,1,-1,-1,-1
45,2,583,669,50,50,1,-1,-1,-1
45,3,430,785,50,50,1,-1,-1,-1
45,4,538,877,50,50,1,-1,-1,-1
45,5,490,1292,50,50,1,-1,-1,-1
46,2,590,660,50,50,1,-1,-1,-1
46,3,426,811,50,50,1,-1,-1,-1
46,4,532,833,50,50,1,-1,-1,-1
47,2,597,655,50,50,1,-1,-1,-1
47,3,422,840,50,50,1,-1,-1,-1
47,4,524,793,50,50,1,-1,-1,-1
48,1,697,1129,50,50,1,-1,-1,-1
48,2,605,656,50,50,1,-1,-1,-1
48,3,419,876,50,50,1,-1,-1,-1
48,4,520,759,50,50,1,-1,-1,-1
49,2,613,661,50,50,1,-1,-1,-1
49,3,416,917,50,50,1,-1,-1,-1
49,4,514,731,50,50,1,-1,-1,-1
50,1,688,1199,50,50,1,-1,-1,-1
50,2,622,671,50,50,1,-1,-1,-1
50,3,414,965,50,50,1,-1,-1,-1
50,4,508,707,50,50,1,-1,-1,-1
51,1,670,1246,50,50,1,-1,-1,-1
51,2,534,914,50,50,1,-1,-1,-1
51,3,411,1018,50,50,1,-1,-1,-1
51,4,502,690,50,50,1,-1,-1,-1
51,5,431,1118,50,50,1,-1,-1,-1
52,1,651,1276,50,50,1,-1,-1,-1
52,2,638,707,50,50,1,-1,-1,-1
52,3,538,873,50,50,1,-1,-1,-1
52,4,498,678,50,50,1,-1,-1,-1
52,5,412,1111,50,50,1,-1,-1,-1
53,1,406,1152,50,50,1,-1,-1,-1
53,3,646,733,50,50,1,-1,-1,-1
53,4,493,670,50,50,1,-1,-1,-1
53,5,543,830,50,50,1,-1,-1,-1
54,1,402,1184,50,50,1,-1,-1,-1
54,3,548,792,50,50,1,-1,-1,-1
54,4,487,668,50,50,1,-1,-1,-1
54,5,655,763,50,50,1,-1,-1,-1
55,1,407,1216,50,50,1,-1,-1,-1
55,3,553,760,50,50,1,-1,-1,-1
55,4,483,670,50,50,1,-1,-1,-1
55,5,663,799,50,50,1,-1,-1,-1
56,1,424,1253,50,50,1,-1,-1,-1
56,3,558,733,50,50,1,-1,-1,-1
56,4,478,677,50,50,1,-1,-1,-1
56,5,673,839,50,50,1,-1,-1,-1
57,1,442,1282,50,50,1,-1,-1,-1
57,3,564,711,50,50,1,-1,-1,-1
57,4,474,689,50,50,1,-1,-1,-1
57,5,682,886,50,50,1,-1,-1,-1
58,1,635,1107,50,50,1,-1,-1,-1
58,3,569,695,50,50,1,-1,-1,-1
58,4,470,707,50,50,1,-1,-1,-1
58,5,693,938,50,50,1,-1,-1,-1
59,1,661,1092,50,50,1,-1,-1,-1
59,3,575,684,50,50,1,-1,-1,-1
59,4,465,731,50,50,1,-1,-1,-1
59,5,704,996,50,50,1,-1,-1,-1
60,3,581,678,50,50,1,-1,-1,-1
60,4,462,759,50,50,1,-1,-1,-1
60,5,691,1090,50,50,1,-1,-1,-1
61,1,555,866,50,50,1,-1,-1,-1
61,3,586,677,50,50,1,-1,-1,-1
61,4,457,792,50,50,1,-1,-1,-1
62,1,545,825,50,50,1,-1,-1,-1
62,3,594,680,50,50,1,-1,-1,-1
62,4,455,831,50,50,1,-1,-1,-1
63,1,535,790,50,50,1,-1,-1,-1
63,3,601,688,50,50,1,-1,-1,-1
63,4,451,875,50,50,1,-1,-1,-1
63,5,701,1169,50,50,1,-1,-1,-1
64,1,525,760,50,50,1,-1,-1,-1
64,3,608,700,50,50,1,-1,-1,-1
64,4,447,925,50,50,1,-1,-1,-1
64,5,693,1195,50,50,1,-1,-1,-1
65,1,517,736,50,50,1,-1,-1,-1
65,3,615,718,50,50,1,-1,-1,-1
65,4,443,981,50,50,1,-1,-1,-1
65,5,677,1230,50,50,1,-1,-1,-1
66,1,507,716,50,50,1,-1,-1,-1
66,3,622,741,50,50,1,-1,-1,-1
66,4,537,920,50,50,1,-1,-1,-1
66,5,653,1262,50,50,1,-1,-1,-1
67,1,497,702,50,50,1,-1,-1,-1
67,3,629,769,50,50,1,-1,-1,-1
67,4,541,883,50,50,1,-1,-1,-1
67,5,437,1121,50,50,1,-1,-1,-1
68,1,489,693,50,50,1,-1,-1,-1
68,3,638,803,50,50,1,-1,-1,-1
68,4,545,840,50,50,1,-1,-1,-1
69,1,471,692,50,50,1,-1,-1,-1
69,3,654,885,50,50,1,-1,-1,-1
69,4,554,770,50,50,1,-1,-1,-1
69,5,441,1242,50,50,1,-1,-1,-1
70,1,462,698,50,50,1,-1,-1,-1
70,3,662,935,50,50,1,-1,-1,-1
70,4,559,744,50,50,1,-1,-1,-1
70,5,451,1279,50,50,1,-1,-1,-1
71,1,453,709,50,50,1,-1,-1,-1
71,3,670,988,50,50,1,-1,-1,-1
71,4,564,723,50,50,1,-1,-1,-1
71,5,627,1116,50,50,1,-1,-1,-1
72,1,446,726,50,50,1,-1,-1,-1
72,3,663,1088,50,50,1,-1,-1,-1
72,4,569,707,50,50,1,-1,-1,-1
73,1,438,748,50,50,1,-1,-1,-1
73,3,678,1121,50,50,1,-1,-1,-1
73,4,574,696,50,50,1,-1,-1,-1
73,5,486,1282,50,50,1,-1,-1,-1
74,1,429,775,50,50,1,-1,-1,-1
74,3,691,1147,50,50,1,-1,-1,-1
74,4,580,690,50,50,1,-1,-1,-1
74,5,547,876,50,50,1,-1,-1,-1
75,1,421,808,50,50,1,-1,-1,-1
75,3,688,1167,50,50,1,-1,-1,-1
75,4,585,689,50,50,1,-1,-1,-1
75,5,537,837,50,50,1,-1,-1,-1
76,1,414,847,50,50,1,-1,-1,-1
76,3,678,1189,50,50,1,-1,-1,-1
76,4,591,692,50,50,1,-1,-1,-1
76,5,527,803,50,50,1,-1,-1,-1
77,1,404,893,50,50,1,-1,-1,-1
77,3,662,1216,50,50,1,-1,-1,-1
77,4,598,701,50,50,1,-1,-1,-1
77,5,518,774,50,50,1,-1,-1,-1
78,1,398,942,50,50,1,-1,-1,-1
78,3,640,1247,50,50,1,-1,-1,-1
78,4,605,715,50,50,1,-1,-1,-1
78,5,510,752,50,50,1,-1,-1,-1
79,1,391,998,50,50,1,-1,-1,-1
79,3,621,1268,50,50,1,-1,-1,-1
79,4,611,732,50,50,1,-1,-1,-1
79,5,500,734,50,50,1,-1,-1,-1
80,1,523,861,50,50,1,-1,-1,-1
80,3,609,1272,50,50,1,-1,-1,-1
80,4,617,756,50,50,1,-1,-1,-1
80,5,492,722,50,50,1,-1,-1,-1
81,1,528,817,50,50,1,-1,-1,-1
81,3,381,1136,50,50,1,-1,-1,-1
81,4,625,785,50,50,1,-1,-1,-1
81,5,483,715,50,50,1,-1,-1,-1
82,1,532,779,50,50,1,-1,-1,-1
82,3,381,1176,50,50,1,-1,-1,-1
82,4,631,820,50,50,1,-1,-1,-1
82,5,475,712,50,50,1,-1,-1,-1
83,1,537,747,50,50,1,-1,-1,-1
83,3,393,1219,50,50,1,-1,-1,-1
83,4,640,859,50,50,1,-1,-1,-1
83,5,464,713,50,50,1,-1,-1,-1
84,1,542,719,50,50,1,-1,-1,-1
84,3,412,1262,50,50,1,-1,-1,-1
84,4,648,904,50,50,1,-1,-1,-1
84,5,457,722,50,50,1,-1,-1,-1
85,1,546,697,50,50,1,-1,-1,-1
85,3,434,1294,50,50,1,-1,-1,-1
85,4,655,954,50,50,1,-1,-1,-1
85,5,450,735,50,50,1,-1,-1,-1
86,1,552,681,50,50,1,-1,-1,-1
86,5,441,754,50,50,1,-1,-1,-1
87,1,557,668,50,50,1,-1,-1,-1
87,3,465,1307,50,50,1,-1,-1,-1
87,4,662,1096,50,50,1,-1,-1,-1
87,5,434,778,50,50,1,-1,-1,-1
88,1,564,662,50,50,1,-1,-1,-1
88,3,535,867,50,50,1,-1,-1,-1
88,4,675,1130,50,50,1,-1,-1,-1
88,5,426,806,50,50,1,-1,-1,-1
89,1,569,659,50,50,1,-1,-1,-1
89,3,527,831,50,50,1,-1,-1,-1
89,4,680,1160,50,50,1,-1,-1,-1
89,5,418,842,50,50,1,-1,-1,-1
90,1,575,662,50,50,1,-1,-1,-1
90,3,484,1119,50,50,1,-1,-1,-1
90,4,671,1194,50,50,1,-1,-1,-1
90,5,410,883,50,50,1,-1,-1,-1
91,1,580,669,50,50,1,-1,-1,-1
91,3,511,774,50,50,1,-1,-1,-1
91,4,658,1235,50,50,1,-1,-1,-1
91,5,402,929,50,50,1,-1,-1,-1
92,1,587,683,50,50,1,-1,-1,-1
92,3,503,755,50,50,1,-1,-1,-1
92,4,635,1274,50,50,1,-1,-1,-1
92,5,395,981,50,50,1,-1,-1,-1
93,1,593,701,50,50,1,-1,-1,-1
93,3,491,938,50,50,1,-1,-1,-1
93,4,614,1290,50,50,1,-1,-1,-1
93,5,496,740,50,50,1,-1,-1,-1
94,1,599,724,50,50,1,-1,-1,-1
94,3,382,1124,50,50,1,-1,-1,-1
94,4,601,1288,50,50,1,-1,-1,-1
94,5,489,731,50,50,1,-1,-1,-1
95,1,607,752,50,50,1,-1,-1,-1
95,3,374,1157,50,50,1,-1,-1,-1
95,4,482,726,50,50,1,-1,-1,-1
95,5,502,839,50,50,1,-1,-1,-1
96,1,613,786,50,50,1,-1,-1,-1
96,3,474,727,50,50,1,-1,-1,-1
96,5,507,797,50,50,1,-1,-1,-1
97,1,629,869,50,50,1,-1,-1,-1
97,3,569,1123,50,50,1,-1,-1,-1
97,5,492,734,50,50,1,-1,-1,-1
98,1,637,920,50,50,1,-1,-1,-1
98,3,412,1291,50,50,1,-1,-1,-1
98,5,521,702,50,50,1,-1,-1,-1
99,1,644,975,50,50,1,-1,-1,-1
99,3,448,776,50,50,1,-1,-1,-1
99,5,525,680,50,50,1,-1,-1,-1
100,1,646,1080,50,50,1,-1,-1,-1
100,3,442,801,50,50,1,-1,-1,-1
100,5,530,665,50,50,1,-1,-1,-1
101,1,660,1120,50,50,1,-1,-1,-1
101,3,436,830,50,50,1,-1,-1,-1
101,5,535,655,50,50,1,-1,-1,-1
102,1,665,1153,50,50,1,-1,-1,-1
102,3,430,865,50,50,1,-1,-1,-1
102,5,541,650,50,50,1,-1,-1,-1
103,1,660,1189,50,50,1,-1,-1,-1
103,3,424,906,50,50,1,-1,-1,-1
103,5,546,649,50,50,1,-1,-1,-1
104,1,647,1235,50,50,1,-1,-1,-1
104,3,419,950,50,50,1,-1,-1,-1
104,5,551,654,50,50,1,-1,-1,-1
105,1,627,1274,50,50,1,-1,-1,-1
105,3,441,1013,50,50,1,-1,-1,-1
105,5,558,663,50,50,1,-1,-1,-1
106,1,606,1289,50,50,1,-1,-1,-1
106,3,477,968,50,50,1,-1,-1,-1
106,5,532,695,50,50,1,-1,-1,-1
107,1,571,698,50,50,1,-1,-1,-1
107,3,484,916,50,50,1,-1,-1,-1
107,5,495,699,50,50,1,-1,-1,-1
108,1,577,724,50,50,1,-1,-1,-1
108,3,492,873,50,50,1,-1,-1,-1
108,5,491,691,50,50,1,-1,-1,-1
109,1,560,1223,50,50,1,-1,-1,-1
109,3,499,833,50,50,1,-1,-1,-1
109,5,486,689,50,50,1,-1,-1,-1
110,1,405,1235,50,50,1,-1,-1,-1
110,3,509,801,50,50,1,-1,-1,-1
110,5,481,690,50,50,1,-1,-1,-1
111,1,416,1265,50,50,1,-1,-1,-1
111,3,517,772,50,50,1,-1,-1,-1
111,5,476,697,50,50,1,-1,-1,-1
112,1,425,1298,50,50,1,-1,-1,-1
112,3,525,749,50,50,1,-1,-1,-1
112,5,473,709,50,50,1,-1,-1,-1
113,1,437,1319,50,50,1,-1,-1,-1
113,3,534,732,50,50,1,-1,-1,-1
113,5,468,727,50,50,1,-1,-1,-1
114,1,450,1326,50,50,1,-1,-1,-1
114,3,542,720,50,50,1,-1,-1,-1
114,5,464,749,50,50,1,-1,-1,-1
115,1,467,1313,50,50,1,-1,-1,-1
115,3,549,712,50,50,1,-1,-1,-1
115,5,459,777,50,50,1,-1,-1,-1
116,1,483,1272,50,50,1,-1,-1,-1
116,3,559,709,50,50,1,-1,-1,-1
116,5,455,810,50,50,1,-1,-1,-1
117,1,487,1211,50,50,1,-1,-1,-1
117,3,567,711,50,50,1,-1,-1,-1
117,5,452,847,50,50,1,-1,-1,-1
118,1,645,1207,50,50,1,-1,-1,-1
118,3,576,718,50,50,1,-1,-1,-1
118,5,449,892,50,50,1,-1,-1,-1
119,1,640,1251,50,50,1,-1,-1,-1
119,3,586,730,50,50,1,-1,-1,-1
119,5,445,941,50,50,1,-1,-1,-1
120,1,630,1273,50,50,1,-1,-1,-1
120,3,596,747,50,50,1,-1,-1,-1
120,5,442,997,50,50,1,-1,-1,-1
121,1,502,714,50,50,1,-1,-1,-1
121,3,606,769,50,50,1,-1,-1,-1
121,5,516,923,50,50,1,-1,-1,-1
122,1,499,709,50,50,1,-1,-1,-1
122,3,615,797,50,50,1,-1,-1,-1
122,5,521,884,50,50,1,-1,-1,-1
123,1,496,707,50,50,1,-1,-1,-1
123,3,624,828,50,50,1,-1,-1,-1
123,5,527,839,50,50,1,-1,-1,-1
124,1,493,711,50,50,1,-1,-1,-1
124,3,636,865,50,50,1,-1,-1,-1
124,5,533,797,50,50,1,-1,-1,-1
125,1,517,733,50,50,1,-1,-1,-1
125,3,658,956,50,50,1,-1,-1,-1
125,5,579,1023,50,50,1,-1,-1,-1
126,1,550,709,50,50,1,-1,-1,-1
126,3,485,751,50,50,1,-1,-1,-1
126,5,463,1312,50,50,1,-1,-1,-1
127,1,556,690,50,50,1,-1,-1,-1
127,3,483,775,50,50,1,-1,-1,-1
127,5,671,1100,50,50,1,-1,-1,-1
128,1,563,676,50,50,1,-1,-1,-1
128,3,542,871,50,50,1,-1,-1,-1
128,5,685,1137,50,50,1,-1,-1,-1
129,1,569,667,50,50,1,-1,-1,-1
129,3,506,836,50,50,1,-1,-1,-1
129,5,691,1165,50,50,1,-1,-1,-1
130,1,575,663,50,50,1,-1,-1,-1
130,3,525,803,50,50,1,-1,-1,-1
130,5,688,1197,50,50,1,-1,-1,-1
131,1,582,663,50,50,1,-1,-1,-1
131,3,517,776,50,50,1,-1,-1,-1
131,5,679,1234,50,50,1,-1,-1,-1
132,1,589,669,50,50,1,-1,-1,-1
132,3,508,756,50,50,1,-1,-1,-1
132,5,474,974,50,50,1,-1,-1,-1
133,1,597,680,50,50,1,-1,-1,-1
133,3,500,740,50,50,1,-1,-1,-1
133,5,644,1285,50,50,1,-1,-1,-1
134,1,605,695,50,50,1,-1,-1,-1
134,3,493,730,50,50,1,-1,-1,-1
134,5,527,908,50,50,1,-1,-1,-1
135,1,613,716,50,50,1,-1,-1,-1
135,3,484,725,50,50,1,-1,-1,-1
135,5,532,865,50,50,1,-1,-1,-1
136,1,619,742,50,50,1,-1,-1,-1
136,3,477,724,50,50,1,-1,-1,-1
136,5,535,822,50,50,1,-1,-1,-1
137,1,628,772,50,50,1,-1,-1,-1
137,3,469,728,50,50,1,-1,-1,-1
137,5,541,783,50,50,1,-1,-1,-1
138,1,636,809,50,50,1,-1,-1,-1
138,3,461,739,50,50,1,-1,-1,-1
138,5,545,752,50,50,1,-1,-1,-1
139,1,645,850,50,50,1,-1,-1,-1
139,3,455,753,50,50,1,-1,-1,-1
139,5,550,725,50,50,1,-1,-1,-1
140,1,653,898,50,50,1,-1,-1,-1
140,3,448,773,50,50,1,-1,-1,-1
140,5,555,703,50,50,1,-1,-1,-1
141,1,663,951,50,50,1,-1,-1,-1
141,3,441,799,50,50,1,-1,-1,-1
141,5,560,688,50,50,1,-1,-1,-1
142,1,554,881,50,50,1,-1,-1,-1
142,3,433,829,50,50,1,-1,-1,-1
142,5,565,676,50,50,1,-1,-1,-1
143,1,546,843,50,50,1,-1,-1,-1
143,3,427,865,50,50,1,-1,-1,-1
143,5,571,670,50,50,1,-1,-1,-1
144,1,537,812,50,50,1,-1,-1,-1
144,3,420,906,50,50,1,-1,-1,-1
144,5,576,668,50,50,1,-1,-1,-1
145,1,530,786,50,50,1,-1,-1,-1
145,3,415,953,50,50,1,-1,-1,-1
145,5,583,671,50,50,1,-1,-1,-1
146,1,522,765,50,50,1,-1,-1,-1
146,3,409,1007,50,50,1,-1,-1,-1
146,5,589,679,50,50,1,-1,-1,-1
147,1,515,751,50,50,1,-1,-1,-1
147,3,514,916,50,50,1,-1,-1,-1
147,5,596,693,50,50,1,-1,-1,-1
148,1,508,742,50,50,1,-1,-1,-1
148,3,520,876,50,50,1,-1,-1,-1
148,5,601,710,50,50,1,-1,-1,-1
149,1,500,737,50,50,1,-1,-1,-1
149,3,525,833,50,50,1,-1,-1,-1
149,5,608,734,50,50,1,-1,-1,-1
150,1,493,737,50,50,1,-1,-1,-1
150,3,529,795,50,50,1,-1,-1,-1
150,5,615,763,50,50,1,-1,-1,-1
151,1,590,1216,50,50,1,-1,-1,-1
151,3,513,754,50,50,1,-1,-1,-1
151,5,621,797,50,50,1,-1,-1,-1
152,1,413,1296,50,50,1,-1,-1,-1
152,3,510,744,50,50,1,-1,-1,-1
152,5,628,837,50,50,1,-1,-1,-1
153,1,588,1116,50,50,1,-1,-1,-1
153,3,543,716,50,50,1,-1,-1,-1
153,5,637,882,50,50,1,-1,-1,-1
154,1,632,1097,50,50,1,-1,-1,-1
154,3,552,689,50,50,1,-1,-1,-1
154,5,653,987,50,50,1,-1,-1,-1
155,1,541,904,50,50,1,-1,-1,-1
155,3,558,682,50,50,1,-1,-1,-1
155,5,657,1081,50,50,1,-1,-1,-1
156,3,564,682,50,50,1,-1,-1,-1
156,5,672,1118,50,50,1,-1,-1,-1
157,1,442,921,50,50,1,-1,-1,-1
157,3,523,826,50,50,1,-1,-1,-1
157,5,677,1149,50,50,1,-1,-1,-1
158,1,575,695,50,50,1,-1,-1,-1
158,3,435,968,50,50,1,-1,-1,-1
158,5,671,1184,50,50,1,-1,-1,-1
159,1,582,709,50,50,1,-1,-1,-1
159,3,432,1020,50,50,1,-1,-1,-1
159,5,656,1229,50,50,1,-1,-1,-1
160,1,499,746,50,50,1,-1,-1,-1
160,3,490,949,50,50,1,-1,-1,-1
160,5,635,1270,50,50,1,-1,-1,-1
161,1,492,729,50,50,1,-1,-1,-1
161,3,497,897,50,50,1,-1,-1,-1
161,5,622,1288,50,50,1,-1,-1,-1
162,1,483,719,50,50,1,-1,-1,-1
162,3,501,849,50,50,1,-1,-1,-1
162,5,419,1197,50,50,1,-1,-1,-1
163,1,476,713,50,50,1,-1,-1,-1
163,3,505,806,50,50,1,-1,-1,-1
163,5,420,1235,50,50,1,-1,-1,-1
164,1,470,712,50,50,1,-1,-1,-1
164,3,508,768,50,50,1,-1,-1,-1
164,5,423,1269,50,50,1,-1,-1,-1
165,1,624,903,50,50,1,-1,-1,-1
165,3,490,726,50,50,1,-1,-1,-1
165,5,431,1298,50,50,1,-1,-1,-1
166,1,590,1113,50,50,1,-1,-1,-1
166,3,456,725,50,50,1,-1,-1,-1
166,5,439,1319,50,50,1,-1,-1,-1
167,1,621,1117,50,50,1,-1,-1,-1
167,3,449,740,50,50,1,-1,-1,-1
167,5,445,1331,50,50,1,-1,-1,-1
168,1,648,1106,50,50,1,-1,-1,-1
168,3,443,759,50,50,1,-1,-1,-1
168,5,554,931,50,50,1,-1,-1,-1
169,1,660,1145,50,50,1,-1,-1,-1
169,3,436,784,50,50,1,-1,-1,-1
169,5,529,660,50,50,1,-1,-1,-1
170,1,664,1178,50,50,1,-1,-1,-1
170,3,429,813,50,50,1,-1,-1,-1
170,5,533,653,50,50,1,-1,-1,-1
171,1,660,1208,50,50,1,-1,-1,-1
171,3,423,848,50,50,1,-1,-1,-1
171,5,538,651,50,50,1,-1,-1,-1
172,1,648,1249,50,50,1,-1,-1,-1
172,3,417,888,50,50,1,-1,-1,-1
172,5,542,654,50,50,1,-1,-1,-1
173,1,631,1281,50,50,1,-1,-1,-1
173,3,412,933,50,50,1,-1,-1,-1
173,5,548,662,50,50,1,-1,-1,-1
174,1,618,1301,50,50,1,-1,-1,-1
174,3,408,986,50,50,1,-1,-1,-1
174,5,477,986,50,50,1,-1,-1,-1
175,1,415,1142,50,50,1,-1,-1,-1
175,3,400,1042,50,50,1,-1,-1,-1
175,5,483,927,50,50,1,-1,-1,-1
176,1,492,682,50,50,1,-1,-1,-1
176,3,488,876,50,50,1,-1,-1,-1
176,5,564,718,50,50,1,-1,-1,-1
177,1,492,830,50,50,1,-1,-1,-1
177,3,570,746,50,50,1,-1,-1,-1
177,5,485,675,50,50,1,-1,-1,-1
178,1,384,1225,50,50,1,-1,-1,-1
178,3,576,781,50,50,1,-1,-1,-1
178,5,479,671,50,50,1,-1,-1,-1
179,1,394,1259,50,50,1,-1,-1,-1
179,3,583,821,50,50,1,-1,-1,-1
179,5,473,673,50,50,1,-1,-1,-1
180,1,565,1129,50,50,1,-1,-1,-1
180,3,590,866,50,50,1,-1,-1,-1
181,1,597,1113,50,50,1,-1,-1,-1
181,3,605,972,50,50,1,-1,-1,-1
181,5,455,708,50,50,1,-1,-1,-1
182,1,449,1320,50,50,1,-1,-1,-1
182,3,611,1078,50,50,1,-1,-1,-1
182,5,450,730,50,50,1,-1,-1,-1
183,1,464,1296,50,50,1,-1,-1,-1
183,3,617,1118,50,50,1,-1,-1,-1
183,5,445,757,50,50,1,-1,-1,-1
184,1,474,1249,50,50,1,-1,-1,-1
184,3,621,1153,50,50,1,-1,-1,-1
184,5,439,791,50,50,1,-1,-1,-1
185,1,476,1186,50,50,1,-1,-1,-1
185,3,621,1187,50,50,1,-1,-1,-1
185,5,434,829,50,50,1,-1,-1,-1
186,1,513,785,50,50,1,-1,-1,-1
186,3,618,1231,50,50,1,-1,-1,-1
186,5,429,873,50,50,1,-1,-1,-1
187,1,547,665,50,50,1,-1,-1,-1
187,3,612,1279,50,50,1,-1,-1,-1
187,5,424,922,50,50,1,-1,-1,-1
188,1,552,681,50,50,1,-1,-1,-1
188,3,606,1297,50,50,1,-1,-1,-1
188,5,419,977,50,50,1,-1,-1,-1
189,1,559,700,50,50,1,-1,-1,-1
189,3,599,1298,50,50,1,-1,-1,-1
189,5,502,922,50,50,1,-1,-1,-1
190,1,565,726,50,50,1,-1,-1,-1
190,3,410,1125,50,50,1,-1,-1,-1
190,5,511,878,50,50,1,-1,-1,-1
191,1,572,757,50,50,1,-1,-1,-1
191,3,407,1166,50,50,1,-1,-1,-1
191,5,518,836,50,50,1,-1,-1,-1
192,1,488,734,50,50,1,-1,-1,-1
192,3,409,1209,50,50,1,-1,-1,-1
192,5,553,796,50,50,1,-1,-1,-1
193,1,567,1143,50,50,1,-1,-1,-1
193,3,418,1254,50,50,1,-1,-1,-1
193,5,586,834,50,50,1,-1,-1,-1
194,1,576,1117,50,50,1,-1,-1,-1
194,3,438,1291,50,50,1,-1,-1,-1
194,5,593,881,50,50,1,-1,-1,-1
195,1,477,776,50,50,1,-1,-1,-1
195,3,457,1313,50,50,1,-1,-1,-1
195,5,600,932,50,50,1,-1,-1,-1
196,1,553,709,50,50,1,-1,-1,-1
196,3,609,1105,50,50,1,-1,-1,-1
196,5,609,991,50,50,1,-1,-1,-1
197,1,561,700,50,50,1,-1,-1,-1
197,3,522,889,50,50,1,-1,-1,-1
197,5,618,1089,50,50,1,-1,-1,-1
198,1,570,694,50,50,1,-1,-1,-1
198,3,491,856,50,50,1,-1,-1,-1
198,5,624,1132,50,50,1,-1,-1,-1
199,1,576,694,50,50,1,-1,-1,-1
199,3,464,905,50,50,1,-1,-1,-1
199,5,625,1172,50,50,1,-1,-1,-1
200,1,584,698,50,50,1,-1,-1,-1
200,3,461,951,50,50,1,-1,-1,-1
200,5,626,1214,50,50,1,-1,-1,-1
201,1,592,709,50,50,1,-1,-1,-1
201,3,458,1003,50,50,1,-1,-1,-1
201,5,626,1269,50,50,1,-1,-1,-1
202,1,601,723,50,50,1,-1,-1,-1
202,3,482,736,50,50,1,-1,-1,-1
203,1,609,743,50,50,1,-1,-1,-1
203,3,474,720,50,50,1,-1,-1,-1
203,5,625,1294,50,50,1,-1,-1,-1
204,1,618,768,50,50,1,-1,-1,-1
204,3,517,872,50,50,1,-1,-1,-1
204,5,612,1273,50,50,1,-1,-1,-1
205,1,626,798,50,50,1,-1,-1,-1
205,3,458,1227,50,50,1,-1,-1,-1
205,5,603,1225,50,50,1,-1,-1,-1
206,1,635,834,50,50,1,-1,-1,-1
206,3,458,1267,50,50,1,-1,-1,-1
206,5,593,1165,50,50,1,-1,-1,-1
207,1,646,874,50,50,1,-1,-1,-1
207,3,462,1301,50,50,1,-1,-1,-1
207,5,595,1120,50,50,1,-1,-1,-1
208,1,654,920,50,50,1,-1,-1,-1
208,3,464,1319,50,50,1,-1,-1,-1
208,5,529,737,50,50,1,-1,-1,-1
209,1,664,972,50,50,1,-1,-1,-1
209,3,466,1318,50,50,1,-1,-1,-1
209,5,532,716,50,50,1,-1,-1,-1
210,1,688,1118,50,50,1,-1,-1,-1
210,3,479,1260,50,50,1,-1,-1,-1
210,5,534,875,50,50,1,-1,-1,-1
211,1,691,1156,50,50,1,-1,-1,-1
211,3,481,1198,50,50,1,-1,-1,-1
211,5,523,837,50,50,1,-1,-1,-1
212,1,685,1190,50,50,1,-1,-1,-1
212,3,407,854,50,50,1,-1,-1,-1
212,5,546,685,50,50,1,-1,-1,-1
213,1,671,1231,50,50,1,-1,-1,-1
213,3,502,777,50,50,1,-1,-1,-1
213,5,550,690,50,50,1,-1,-1,-1
214,1,649,1273,50,50,1,-1,-1,-1
214,3,491,756,50,50,1,-1,-1,-1
214,5,554,700,50,50,1,-1,-1,-1
215,1,387,997,50,50,1,-1,-1,-1
215,3,481,739,50,50,1,-1,-1,-1
215,5,559,714,50,50,1,-1,-1,-1
216,1,510,891,50,50,1,-1,-1,-1
216,3,472,728,50,50,1,-1,-1,-1
216,5,563,734,50,50,1,-1,-1,-1
217,1,517,849,50,50,1,-1,-1,-1
217,3,462,723,50,50,1,-1,-1,-1
217,5,568,758,50,50,1,-1,-1,-1
218,1,581,1263,50,50,1,-1,-1,-1
218,3,452,721,50,50,1,-1,-1,-1
218,5,548,800,50,50,1,-1,-1,-1
219,1,569,1207,50,50,1,-1,-1,-1
219,3,444,725,50,50,1,-1,-1,-1
219,5,555,804,50,50,1,-1,-1,-1
220,1,584,864,50,50,1,-1,-1,-1
220,3,433,735,50,50,1,-1,-1,-1
220,5,535,755,50,50,1,-1,-1,-1
221,1,425,1296,50,50,1,-1,-1,-1
221,3,425,749,50,50,1,-1,-1,-1
221,5,542,735,50,50,1,-1,-1,-1
222,1,442,1311,50,50,1,-1,-1,-1
222,3,414,768,50,50,1,-1,-1,-1
222,5,549,720,50,50,1,-1,-1,-1
223,1,456,1305,50,50,1,-1,-1,-1
223,3,408,793,50,50,1,-1,-1,-1
223,5,556,709,50,50,1,-1,-1,-1
224,1,613,1102,50,50,1,-1,-1,-1
224,3,399,823,50,50,1,-1,-1,-1
224,5,562,704,50,50,1,-1,-1,-1
225,1,517,861,50,50,1,-1,-1,-1
225,3,389,859,50,50,1,-1,-1,-1
225,5,569,704,50,50,1,-1,-1,-1
226,1,511,824,50,50,1,-1,-1,-1
226,3,381,900,50,50,1,-1,-1,-1
226,5,577,708,50,50,1,-1,-1,-1
227,1,504,793,50,50,1,-1,-1,-1
227,3,372,947,50,50,1,-1,-1,-1
227,5,583,717,50,50,1,-1,-1,-1
228,1,498,766,50,50,1,-1,-1,-1
228,3,362,998,50,50,1,-1,-1,-1
228,5,476,1015,50,50,1,-1,-1,-1
229,1,491,746,50,50,1,-1,-1,-1
229,3,376,1108,50,50,1,-1,-1,-1
229,5,610,1289,50,50,1,-1,-1,-1
230,1,484,731,50,50,1,-1,-1,-1
230,3,361,1146,50,50,1,-1,-1,-1
230,5,602,1287,50,50,1,-1,-1,-1
231,1,478,720,50,50,1,-1,-1,-1
231,3,484,866,50,50,1,-1,-1,-1
231,5,592,1266,50,50,1,-1,-1,-1
232,1,473,716,50,50,1,-1,-1,-1
232,3,622,838,50,50,1,-1,-1,-1
232,5,582,1216,50,50,1,-1,-1,-1
233,1,467,716,50,50,1,-1,-1,-1
233,3,632,877,50,50,1,-1,-1,-1
233,5,577,1159,50,50,1,-1,-1,-1
234,1,379,1284,50,50,1,-1,-1,-1
234,3,641,922,50,50,1,-1,-1,-1
234,5,582,1123,50,50,1,-1,-1,-1
235,1,475,737,50,50,1,-1,-1,-1
235,3,649,972,50,50,1,-1,-1,-1
235,5,403,1304,50,50,1,-1,-1,-1
236,3,473,736,50,50,1,-1,-1,-1
237,3,504,709,50,50,1,-1,-1,-1
237,5,445,1299,50,50,1,-1,-1,-1
238,3,512,836,50,50,1,-1,-1,-1
238,5,454,1260,50,50,1,-1,-1,-1
239,3,432,855,50,50,1,-1,-1,-1
239,5,504,805,50,50,1,-1,-1,-1
240,3,428,897,50,50,1,-1,-1,-1
240,5,515,719,50,50,1,-1,-1,-1
241,3,423,944,50,50,1,-1,-1,-1
241,5,503,746,50,50,1,-1,-1,-1
242,3,446,996,50,50,1,-1,-1,-1
242,5,502,748,50,50,1,-1,-1,-1
243,3,526,775,50,50,1,-1,-1,-1
243,5,471,733,50,50,1,-1,-1,-1
244,3,531,806,50,50,1,-1,-1,-1
244,5,463,726,50,50,1,-1,-1,-1
245,3,516,847,50,50,1,-1,-1,-1
245,5,456,725,50,50,1,-1,-1,-1
246,3,539,879,50,50,1,-1,-1,-1
246,5,449,730,50,50,1,-1,-1,-1
247,3,547,918,50,50,1,-1,-1,-1
247,5,443,740,50,50,1,-1,-1,-1
248,3,493,1033,50,50,1,-1,-1,-1
248,5,437,755,50,50,1,-1,-1,-1
249,3,488,972,50,50,1,-1,-1,-1
249,5,429,775,50,50,1,-1,-1,-1
250,3,489,925,50,50,1,-1,-1,-1
250,5,421,799,50,50,1,-1,-1,-1
251,3,486,882,50,50,1,-1,-1,-1
251,5,415,829,50,50,1,-1,-1,-1
252,3,481,844,50,50,1,-1,-1,-1
252,5,408,865,50,50,1,-1,-1,-1
253,3,477,812,50,50,1,-1,-1,-1
253,5,402,907,50,50,1,-1,-1,-1
254,3,473,785,50,50,1,-1,-1,-1
254,5,395,953,50,50,1,-1,-1,-1
255,3,468,764,50,50,1,-1,-1,-1
255,5,390,1006,50,50,1,-1,-1,-1
256,3,465,747,50,50,1,-1,-1,-1
256,5,583,740,50,50,1,-1,-1,-1
257,3,460,736,50,50,1,-1,-1,-1
257,5,592,761,50,50,1,-1,-1,-1
258,3,456,730,50,50,1,-1,-1,-1
258,5,493,831,50,50,1,-1,-1,-1
259,3,453,729,50,50,1,-1,-1,-1
259,5,499,795,50,50,1,-1,-1,-1
260,3,449,733,50,50,1,-1,-1,-1
260,5,504,764,50,50,1,-1,-1,-1
261,3,446,742,50,50,1,-1,-1,-1
261,5,510,738,50,50,1,-1,-1,-1
262,3,443,757,50,50,1,-1,-1,-1
262,5,515,717,50,50,1,-1,-1,-1
263,3,440,775,50,50,1,-1,-1,-1
263,5,520,702,50,50,1,-1,-1,-1
264,3,436,800,50,50,1,-1,-1,-1
264,5,527,692,50,50,1,-1,-1,-1
265,3,435,829,50,50,1,-1,-1,-1
265,5,532,687,50,50,1,-1,-1,-1
266,3,429,904,50,50,1,-1,-1,-1
266,5,545,691,50,50,1,-1,-1,-1
267,3,427,950,50,50,1,-1,-1,-1
267,5,551,700,50,50,1,-1,-1,-1
268,3,426,1000,50,50,1,-1,-1,-1
268,5,559,713,50,50,1,-1,-1,-1
269,3,495,918,50,50,1,-1,-1,-1
269,5,566,733,50,50,1,-1,-1,-1
270,3,501,875,50,50,1,-1,-1,-1
270,5,573,757,50,50,1,-1,-1,-1
271,3,507,833,50,50,1,-1,-1,-1
271,5,580,788,50,50,1,-1,-1,-1
272,3,512,795,50,50,1,-1,-1,-1
272,5,587,823,50,50,1,-1,-1,-1
273,3,518,765,50,50,1,-1,-1,-1
273,5,594,862,50,50,1,-1,-1,-1
274,3,524,739,50,50,1,-1,-1,-1
274,5,603,907,50,50,1,-1,-1,-1
275,3,530,717,50,50,1,-1,-1,-1
275,5,611,958,50,50,1,-1,-1,-1
276,3,535,702,50,50,1,-1,-1,-1
276,5,621,1016,50,50,1,-1,-1,-1
277,3,541,690,50,50,1,-1,-1,-1
277,5,523,907,50,50,1,-1,-1,-1
278,3,548,685,50,50,1,-1,-1,-1
278,5,427,835,50,50,1,-1,-1,-1
279,3,553,685,50,50,1,-1,-1,-1
279,5,422,875,50,50,1,-1,-1,-1
280,3,561,689,50,50,1,-1,-1,-1
280,5,419,918,50,50,1,-1,-1,-1
281,3,568,698,50,50,1,-1,-1,-1
281,5,414,968,50,50,1,-1,-1,-1
282,3,574,713,50,50,1,-1,-1,-1
282,5,489,957,50,50,1,-1,-1,-1
283,3,581,732,50,50,1,-1,-1,-1
283,5,499,901,50,50,1,-1,-1,-1
284,3,589,758,50,50,1,-1,-1,-1
284,5,503,852,50,50,1,-1,-1,-1
285,3,596,787,50,50,1,-1,-1,-1
285,5,510,807,50,50,1,-1,-1,-1
286,3,604,823,50,50,1,-1,-1,-1
286,5,516,768,50,50,1,-1,-1,-1
287,3,612,864,50,50,1,-1,-1,-1
287,5,522,733,50,50,1,-1,-1,-1
288,3,621,911,50,50,1,-1,-1,-1
288,5,527,704,50,50,1,-1,-1,-1
289,3,629,963,50,50,1,-1,-1,-1
289,5,534,680,50,50,1,-1,-1,-1
290,3,632,1067,50,50,1,-1,-1,-1
290,5,540,662,50,50,1,-1,-1,-1
291,3,463,1285,50,50,1,-1,-1,-1
291,5,546,649,50,50,1,-1,-1,-1
292,3,470,1230,50,50,1,-1,-1,-1
292,5,552,641,50,50,1,-1,-1,-1
293,3,462,1132,50,50,1,-1,-1,-1
293,5,566,638,50,50,1,-1,-1,-1
294,3,482,1010,50,50,1,-1,-1,-1
294,5,573,645,50,50,1,-1,-1,-1
295,3,487,941,50,50,1,-1,-1,-1
295,5,579,657,50,50,1,-1,-1,-1
296,3,496,886,50,50,1,-1,-1,-1
296,5,588,673,50,50,1,-1,-1,-1
297,3,500,835,50,50,1,-1,-1,-1
297,5,596,696,50,50,1,-1,-1,-1
298,3,505,789,50,50,1,-1,-1,-1
298,5,603,723,50,50,1,-1,-1,-1
299,3,498,735,50,50,1,-1,-1,-1
299,5,612,754,50,50,1,-1,-1,-1
300,3,498,715,50,50,1,-1,-1,-1
300,5,619,793,50,50,1,-1,-1,-1
301,3,521,682,50,50,1,-1,-1,-1
301,5,628,836,50,50,1,-1,-1,-1
302,3,525,658,50,50,1,-1,-1,-1
302,5,638,885,50,50,1,-1,-1,-1
303,3,532,639,50,50,1,-1,-1,-1
303,5,647,940,50,50,1,-1,-1,-1
304,3,537,624,50,50,1,-1,-1,-1
304,5,541,869,50,50,1,-1,-1,-1
305,3,543,614,50,50,1,-1,-1,-1
305,5,446,829,50,50,1,-1,-1,-1
306,3,550,611,50,50,1,-1,-1,-1
306,5,442,866,50,50,1,-1,-1,-1
307,3,557,612,50,50,1,-1,-1,-1
307,5,437,909,50,50,1,-1,-1,-1
308,3,563,615,50,50,1,-1,-1,-1
308,5,432,956,50,50,1,-1,-1,-1
309,3,570,626,50,50,1,-1,-1,-1
309,5,429,1008,50,50,1,-1,-1,-1
310,3,578,644,50,50,1,-1,-1,-1
310,5,492,912,50,50,1,-1,-1,-1
311,3,585,666,50,50,1,-1,-1,-1
311,5,498,864,50,50,1,-1,-1,-1
312,3,593,694,50,50,1,-1,-1,-1
312,5,503,818,50,50,1,-1,-1,-1
313,3,602,727,50,50,1,-1,-1,-1
313,5,509,780,50,50,1,-1,-1,-1
314,3,610,766,50,50,1,-1,-1,-1
314,5,515,745,50,50,1,-1,-1,-1
315,3,617,810,50,50,1,-1,-1,-1
315,5,521,715,50,50,1,-1,-1,-1
316,3,626,859,50,50,1,-1,-1,-1
316,5,506,671,50,50,1,-1,-1,-1
317,3,636,916,50,50,1,-1,-1,-1
317,5,505,669,50,50,1,-1,-1,-1
318,3,646,979,50,50,1,-1,-1,-1
318,5,505,674,50,50,1,-1,-1,-1
319,3,522,857,50,50,1,-1,-1,-1
319,5,476,710,50,50,1,-1,-1,-1
320,3,550,650,50,50,1,-1,-1,-1
320,5,472,743,50,50,1,-1,-1,-1
321,3,564,657,50,50,1,-1,-1,-1
321,5,500,752,50,50,1,-1,-1,-1
322,3,570,669,50,50,1,-1,-1,-1
322,5,492,727,50,50,1,-1,-1,-1
323,3,577,684,50,50,1,-1,-1,-1
323,5,484,707,50,50,1,-1,-1,-1
324,3,583,706,50,50,1,-1,-1,-1
324,5,478,694,50,50,1,-1,-1,-1
325,3,591,733,50,50,1,-1,-1,-1
325,5,470,685,50,50,1,-1,-1,-1
326,3,598,765,50,50,1,-1,-1,-1
326,5,464,683,50,50,1,-1,-1,-1
327,3,595,1197,50,50,1,-1,-1,-1
327,5,457,686,50,50,1,-1,-1,-1
328,3,456,1226,50,50,1,-1,-1,-1
328,5,451,692,50,50,1,-1,-1,-1
329,3,458,1274,50,50,1,-1,-1,-1
329,5,445,705,50,50,1,-1,-1,-1
330,3,461,1300,50,50,1,-1,-1,-1
330,5,439,723,50,50,1,-1,-1,-1
331,3,470,1298,50,50,1,-1,-1,-1
331,5,432,747,50,50,1,-1,-1,-1
332,3,482,1270,50,50,1,-1,-1,-1
332,5,426,775,50,50,1,-1,-1,-1
333,3,488,1218,50,50,1,-1,-1,-1
333,5,420,810,50,50,1,-1,-1,-1
334,3,666,1165,50,50,1,-1,-1,-1
334,5,415,849,50,50,1,-1,-1,-1
335,3,662,1204,50,50,1,-1,-1,-1
335,5,409,894,50,50,1,-1,-1,-1
336,3,650,1254,50,50,1,-1,-1,-1
336,5,403,946,50,50,1,-1,-1,-1
337,3,515,925,50,50,1,-1,-1,-1
337,5,399,1003,50,50,1,-1,-1,-1
338,3,473,701,50,50,1,-1,-1,-1
338,5,397,1107,50,50,1,-1,-1,-1
339,3,462,690,50,50,1,-1,-1,-1
339,5,390,1149,50,50,1,-1,-1,-1
340,3,453,684,50,50,1,-1,-1,-1
340,5,390,1189,50,50,1,-1,-1,-1
341,3,445,683,50,50,1,-1,-1,-1
341,5,397,1230,50,50,1,-1,-1,-1
342,3,435,685,50,50,1,-1,-1,-1
342,5,412,1270,50,50,1,-1,-1,-1
343,3,426,693,50,50,1,-1,-1,-1
343,5,681,851,50,50,1,-1,-1,-1
344,3,418,708,50,50,1,-1,-1,-1
344,5,556,672,50,50,1,-1,-1,-1
345,3,408,727,50,50,1,-1,-1,-1
345,5,563,657,50,50,1,-1,-1,-1
346,3,399,750,50,50,1,-1,-1,-1
346,5,569,645,50,50,1,-1,-1,-1
347,3,390,780,50,50,1,-1,-1,-1
347,5,575,639,50,50,1,-1,-1,-1
348,3,383,815,50,50,1,-1,-1,-1
348,5,583,638,50,50,1,-1,-1,-1
349,3,366,898,50,50,1,-1,-1,-1
349,5,596,651,50,50,1,-1,-1,-1
350,3,358,948,50,50,1,-1,-1,-1
350,5,605,665,50,50,1,-1,-1,-1
351,3,349,1003,50,50,1,-1,-1,-1
351,5,612,685,50,50,1,-1,-1,-1
352,3,521,844,50,50,1,-1,-1,-1
352,5,620,709,50,50,1,-1,-1,-1
353,3,484,716,50,50,1,-1,-1,-1
353,5,628,739,50,50,1,-1,-1,-1
354,3,477,720,50,50,1,-1,-1,-1
354,5,636,773,50,50,1,-1,-1,-1
355,3,468,729,50,50,1,-1,-1,-1
355,5,645,813,50,50,1,-1,-1,-1
356,3,460,743,50,50,1,-1,-1,-1
356,5,654,859,50,50,1,-1,-1,-1
357,3,453,763,50,50,1,-1,-1,-1
357,5,662,911,50,50,1,-1,-1,-1
358,3,446,787,50,50,1,-1,-1,-1
358,5,673,968,50,50,1,-1,-1,-1
359,3,439,817,50,50,1,-1,-1,-1
359,5,557,915,50,50,1,-1,-1,-1
360,3,431,851,50,50,1,-1,-1,-1
360,5,546,876,50,50,1,-1,-1,-1
361,3,424,892,50,50,1,-1,-1,-1
361,5,536,837,50,50,1,-1,-1,-1
362,3,418,940,50,50,1,-1,-1,-1
362,5,527,805,50,50,1,-1,-1,-1
363,3,411,992,50,50,1,-1,-1,-1
363,5,518,777,50,50,1,-1,-1,-1
364,3,487,990,50,50,1,-1,-1,-1
364,5,510,756,50,50,1,-1,-1,-1
365,3,493,928,50,50,1,-1,-1,-1
365,5,502,740,50,50,1,-1,-1,-1
366,3,500,881,50,50,1,-1,-1,-1
366,5,493,729,50,50,1,-1,-1,-1
367,3,505,836,50,50,1,-1,-1,-1
367,5,485,723,50,50,1,-1,-1,-1
368,3,510,796,50,50,1,-1,-1,-1
368,5,478,723,50,50,1,-1,-1,-1
369,3,495,747,50,50,1,-1,-1,-1
369,5,684,812,50,50,1,-1,-1,-1
370,3,694,855,50,50,1,-1,-1,-1
370,5,418,1321,50,50,1,-1,-1,-1
371,3,706,903,50,50,1,-1,-1,-1
371,5,432,1329,50,50,1,-1,-1,-1
372,3,577,925,50,50,1,-1,-1,-1
372,5,444,1327,50,50,1,-1,-1,-1
373,3,439,795,50,50,1,-1,-1,-1
373,5,457,1309,50,50,1,-1,-1,-1
374,3,540,668,50,50,1,-1,-1,-1
374,5,467,1266,50,50,1,-1,-1,-1
375,3,545,665,50,50,1,-1,-1,-1
375,5,471,1201,50,50,1,-1,-1,-1
376,3,550,667,50,50,1,-1,-1,-1
376,5,418,904,50,50,1,-1,-1,-1
377,3,563,685,50,50,1,-1,-1,-1
377,5,509,729,50,50,1,-1,-1,-1
378,3,569,703,50,50,1,-1,-1,-1
378,5,499,715,50,50,1,-1,-1,-1
379,3,575,724,50,50,1,-1,-1,-1
379,5,488,704,50,50,1,-1,-1,-1
380,3,582,753,50,50,1,-1,-1,-1
380,5,478,701,50,50,1,-1,-1,-1
381,3,588,786,50,50,1,-1,-1,-1
381,5,469,702,50,50,1,-1,-1,-1
382,3,596,824,50,50,1,-1,-1,-1
382,5,458,709,50,50,1,-1,-1,-1
383,3,604,868,50,50,1,-1,-1,-1
383,5,450,721,50,50,1,-1,-1,-1
384,3,612,917,50,50,1,-1,-1,-1
384,5,441,738,50,50,1,-1,-1,-1
385,3,620,974,50,50,1,-1,-1,-1
385,5,433,760,50,50,1,-1,-1,-1
386,3,522,906,50,50,1,-1,-1,-1
386,5,423,786,50,50,1,-1,-1,-1
387,3,515,859,50,50,1,-1,-1,-1
387,5,415,819,50,50,1,-1,-1,-1
388,3,505,813,50,50,1,-1,-1,-1
388,5,406,857,50,50,1,-1,-1,-1
389,3,498,772,50,50,1,-1,-1,-1
389,5,397,901,50,50,1,-1,-1,-1
390,3,490,737,50,50,1,-1,-1,-1
390,5,389,949,50,50,1,-1,-1,-1
391,3,482,706,50,50,1,-1,-1,-1
391,5,588,709,50,50,1,-1,-1,-1
392,3,473,682,50,50,1,-1,-1,-1
392,5,597,729,50,50,1,-1,-1,-1
393,3,465,662,50,50,1,-1,-1,-1
393,5,508,877,50,50,1,-1,-1,-1
394,3,458,648,50,50,1,-1,-1,-1
394,5,350,1188,50,50,1,-1,-1,-1
395,3,449,640,50,50,1,-1,-1,-1
395,5,524,798,50,50,1,-1,-1,-1
396,3,443,636,50,50,1,-1,-1,-1
396,5,533,767,50,50,1,-1,-1,-1
397,3,435,637,50,50,1,-1,-1,-1
397,5,642,901,50,50,1,-1,-1,-1
398,3,430,643,50,50,1,-1,-1,-1
398,5,651,953,50,50,1,-1,-1,-1
399,3,423,657,50,50,1,-1,-1,-1
399,5,662,1010,50,50,1,-1,-1,-1
400,3,416,674,50,50,1,-1,-1,-1
400,5,530,891,50,50,1,-1,-1,-1
401,3,410,697,50,50,1,-1,-1,-1
401,5,523,847,50,50,1,-1,-1,-1
402,3,403,726,50,50,1,-1,-1,-1
402,5,515,807,50,50,1,-1,-1,-1
403,3,397,759,50,50,1,-1,-1,-1
403,5,508,773,50,50,1,-1,-1,-1
404,3,390,799,50,50,1,-1,-1,-1
404,5,501,744,50,50,1,-1,-1,-1
405,3,383,844,50,50,1,-1,-1,-1
405,5,494,720,50,50,1,-1,-1,-1
406,3,372,951,50,50,1,-1,-1,-1
406,5,480,688,50,50,1,-1,-1,-1
407,3,605,1233,50,50,1,-1,-1,-1
407,5,474,681,50,50,1,-1,-1,-1
408,3,596,1171,50,50,1,-1,-1,-1
408,5,468,680,50,50,1,-1,-1,-1
409,3,670,877,50,50,1,-1,-1,-1
409,5,463,681,50,50,1,-1,-1,-1
410,3,534,709,50,50,1,-1,-1,-1
410,5,456,689,50,50,1,-1,-1,-1
411,3,541,680,50,50,1,-1,-1,-1
411,5,449,702,50,50,1,-1,-1,-1
412,3,550,656,50,50,1,-1,-1,-1
412,5,443,721,50,50,1,-1,-1,-1
413,3,559,637,50,50,1,-1,-1,-1
413,5,439,744,50,50,1,-1,-1,-1
414,3,568,623,50,50,1,-1,-1,-1
414,5,433,774,50,50,1,-1,-1,-1
415,3,576,614,50,50,1,-1,-1,-1
415,5,427,809,50,50,1,-1,-1,-1
416,3,585,611,50,50,1,-1,-1,-1
416,5,421,849,50,50,1,-1,-1,-1
417,3,594,612,50,50,1,-1,-1,-1
417,5,416,896,50,50,1,-1,-1,-1
418,3,603,619,50,50,1,-1,-1,-1
418,5,412,949,50,50,1,-1,-1,-1
419,3,613,632,50,50,1,-1,-1,-1
419,5,407,1006,50,50,1,-1,-1,-1
420,3,623,650,50,50,1,-1,-1,-1
420,5,401,1106,50,50,1,-1,-1,-1
421,3,633,673,50,50,1,-1,-1,-1
421,5,391,1152,50,50,1,-1,-1,-1
422,3,643,700,50,50,1,-1,-1,-1
422,5,391,1200,50,50,1,-1,-1,-1
423,3,654,733,50,50,1,-1,-1,-1
423,5,398,1246,50,50,1,-1,-1,-1
424,3,665,773,50,50,1,-1,-1,-1
424,5,416,1290,50,50,1,-1,-1,-1
425,3,676,818,50,50,1,-1,-1,-1
425,5,614,1099,50,50,1,-1,-1,-1
426,3,689,867,50,50,1,-1,-1,-1
426,5,540,685,50,50,1,-1,-1,-1
427,3,701,924,50,50,1,-1,-1,-1
427,5,548,664,50,50,1,-1,-1,-1
428,3,420,849,50,50,1,-1,-1,-1
428,5,527,839,50,50,1,-1,-1,-1
429,3,517,796,50,50,1,-1,-1,-1
429,5,411,890,50,50,1,-1,-1,-1
430,3,571,631,50,50,1,-1,-1,-1
430,5,405,937,50,50,1,-1,-1,-1
431,3,580,632,50,50,1,-1,-1,-1
431,5,400,991,50,50,1,-1,-1,-1
432,3,588,636,50,50,1,-1,-1,-1
432,5,392,1050,50,50,1,-1,-1,-1
433,3,606,661,50,50,1,-1,-1,-1
433,5,378,1200,50,50,1,-1,-1,-1
434,3,615,682,50,50,1,-1,-1,-1
434,5,377,1246,50,50,1,-1,-1,-1
435,3,625,707,50,50,1,-1,-1,-1
435,5,384,1277,50,50,1,-1,-1,-1
436,3,634,739,50,50,1,-1,-1,-1
436,5,403,1303,50,50,1,-1,-1,-1
437,3,644,775,50,50,1,-1,-1,-1
437,5,590,1148,50,50,1,-1,-1,-1
438,3,655,818,50,50,1,-1,-1,-1
438,5,520,685,50,50,1,-1,-1,-1
439,3,665,866,50,50,1,-1,-1,-1
439,5,424,681,50,50,1,-1,-1,-1
440,3,676,921,50,50,1,-1,-1,-1
440,5,416,700,50,50,1,-1,-1,-1
441,3,689,982,50,50,1,-1,-1,-1
441,5,410,726,50,50,1,-1,-1,-1
442,3,518,830,50,50,1,-1,-1,-1
442,5,403,758,50,50,1,-1,-1,-1
443,3,552,643,50,50,1,-1,-1,-1
443,5,396,794,50,50,1,-1,-1,-1
444,3,559,648,50,50,1,-1,-1,-1
444,5,388,836,50,50,1,-1,-1,-1
445,3,484,719,50,50,1,-1,-1,-1
445,5,382,883,50,50,1,-1,-1,-1
446,3,472,694,50,50,1,-1,-1,-1
446,5,376,935,50,50,1,-1,-1,-1
447,3,582,701,50,50,1,-1,-1,-1
447,5,368,995,50,50,1,-1,-1,-1
448,3,590,729,50,50,1,-1,-1,-1
448,5,475,838,50,50,1,-1,-1,-1
449,3,598,763,50,50,1,-1,-1,-1
449,5,440,650,50,50,1,-1,-1,-1
450,3,606,803,50,50,1,-1,-1,-1
450,5,429,646,50,50,1,-1,-1,-1
451,3,615,847,50,50,1,-1,-1,-1
451,5,489,726,50,50,1,-1,-1,-1
452,3,625,898,50,50,1,-1,-1,-1
452,5,494,699,50,50,1,-1,-1,-1
453,3,635,956,50,50,1,-1,-1,-1
453,5,500,678,50,50,1,-1,-1,-1
454,3,629,1066,50,50,1,-1,-1,-1
454,5,506,663,50,50,1,-1,-1,-1
455,3,534,892,50,50,1,-1,-1,-1
455,5,510,653,50,50,1,-1,-1,-1
456,3,370,734,50,50,1,-1,-1,-1
456,5,516,646,50,50,1,-1,-1,-1
457,3,360,767,50,50,1,-1,-1,-1
457,5,521,646,50,50,1,-1,-1,-1
458,3,351,808,50,50,1,-1,-1,-1
458,5,528,650,50,50,1,-1,-1,-1
459,3,342,854,50,50,1,-1,-1,-1
459,5,533,659,50,50,1,-1,-1,-1
460,3,331,904,50,50,1,-1,-1,-1
460,5,540,674,50,50,1,-1,-1,-1
461,3,601,1286,50,50,1,-1,-1,-1
461,5,525,700,50,50,1,-1,-1,-1
462,3,580,1263,50,50,1,-1,-1,-1
462,5,494,692,50,50,1,-1,-1,-1
463,3,572,1221,50,50,1,-1,-1,-1
463,5,489,691,50,50,1,-1,-1,-1
464,3,562,1162,50,50,1,-1,-1,-1
464,5,485,696,50,50,1,-1,-1,-1
465,3,565,1119,50,50,1,-1,-1,-1
465,5,481,704,50,50,1,-1,-1,-1
466,3,579,1112,50,50,1,-1,-1,-1
466,5,477,718,50,50,1,-1,-1,-1
467,3,593,1104,50,50,1,-1,-1,-1
467,5,472,738,50,50,1,-1,-1,-1
468,3,605,1080,50,50,1,-1,-1,-1
468,5,467,762,50,50,1,-1,-1,-1
469,3,523,876,50,50,1,-1,-1,-1
469,5,465,791,50,50,1,-1,-1,-1
470,3,574,689,50,50,1,-1,-1,-1
470,5,488,832,50,50,1,-1,-1,-1
471,3,584,694,50,50,1,-1,-1,-1
471,5,459,865,50,50,1,-1,-1,-1
472,3,594,705,50,50,1,-1,-1,-1
472,5,456,911,50,50,1,-1,-1,-1
473,3,605,721,50,50,1,-1,-1,-1
473,5,457,1132,50,50,1,-1,-1,-1
474,3,614,742,50,50,1,-1,-1,-1
474,5,610,1287,50,50,1,-1,-1,-1
475,3,626,767,50,50,1,-1,-1,-1
475,5,603,1265,50,50,1,-1,-1,-1
476,3,636,799,50,50,1,-1,-1,-1
476,5,594,1213,50,50,1,-1,-1,-1
477,3,647,834,50,50,1,-1,-1,-1
477,5,589,1157,50,50,1,-1,-1,-1
478,3,657,875,50,50,1,-1,-1,-1
478,5,455,1247,50,50,1,-1,-1,-1
479,3,670,922,50,50,1,-1,-1,-1
479,5,629,1116,50,50,1,-1,-1,-1
480,3,682,973,50,50,1,-1,-1,-1
480,5,661,1109,50,50,1,-1,-1,-1
481,3,552,912,50,50,1,-1,-1,-1
481,5,455,795,50,50,1,-1,-1,-1
482,3,450,821,50,50,1,-1,-1,-1
482,5,574,676,50,50,1,-1,-1,-1
483,3,446,852,50,50,1,-1,-1,-1
483,5,584,663,50,50,1,-1,-1,-1
484,3,439,889,50,50,1,-1,-1,-1
484,5,595,653,50,50,1,-1,-1,-1
485,3,435,931,50,50,1,-1,-1,-1
485,5,604,649,50,50,1,-1,-1,-1
486,3,432,978,50,50,1,-1,-1,-1
486,5,614,649,50,50,1,-1,-1,-1
487,3,428,1030,50,50,1,-1,-1,-1
487,5,625,656,50,50,1,-1,-1,-1
488,3,642,1283,50,50,1,-1,-1,-1
488,5,635,666,50,50,1,-1,-1,-1
489,3,618,1217,50,50,1,-1,-1,-1
489,5,657,701,50,50,1,-1,-1,-1
490,3,608,1158,50,50,1,-1,-1,-1
490,5,669,727,50,50,1,-1,-1,-1
491,3,439,1270,50,50,1,-1,-1,-1
491,5,679,757,50,50,1,-1,-1,-1
492,3,449,1300,50,50,1,-1,-1,-1
492,5,692,793,50,50,1,-1,-1,-1
493,3,455,1310,50,50,1,-1,-1,-1
493,5,705,836,50,50,1,-1,-1,-1
494,3,468,1295,50,50,1,-1,-1,-1
494,5,717,882,50,50,1,-1,-1,-1
495,3,546,886,50,50,1,-1,-1,-1
495,5,730,933,50,50,1,-1,-1,-1
496,3,567,687,50,50,1,-1,-1,-1
496,5,534,851,50,50,1,-1,-1,-1
497,3,574,686,50,50,1,-1,-1,-1
497,5,430,929,50,50,1,-1,-1,-1
498,3,581,692,50,50,1,-1,-1,-1
498,5,425,980,50,50,1,-1,-1,-1
499,3,588,701,50,50,1,-1,-1,-1
499,5,504,780,50,50,1,-1,-1,-1
500,3,596,716,50,50,1,-1,-1,-1
500,5,495,767,50,50,1,-1,-1,-1
501,3,602,736,50,50,1,-1,-1,-1
501,5,485,760,50,50,1,-1,-1,-1
502,3,610,762,50,50,1,-1,-1,-1
502,5,475,757,50,50,1,-1,-1,-1
503,3,619,793,50,50,1,-1,-1,-1
503,5,466,759,50,50,1,-1,-1,-1
504,3,627,829,50,50,1,-1,-1,-1
504,5,458,766,50,50,1,-1,-1,-1
505,3,636,871,50,50,1,-1,-1,-1
505,5,448,779,50,50,1,-1,-1,-1
506,3,644,917,50,50,1,-1,-1,-1
506,5,438,796,50,50,1,-1,-1,-1
507,3,652,968,50,50,1,-1,-1,-1
507,5,429,818,50,50,1,-1,-1,-1
508,3,655,1079,50,50,1,-1,-1,-1
508,5,420,848,50,50,1,-1,-1,-1
509,3,668,1112,50,50,1,-1,-1,-1
509,5,412,881,50,50,1,-1,-1,-1
510,3,677,1145,50,50,1,-1,-1,-1
510,5,403,919,50,50,1,-1,-1,-1
511,3,675,1178,50,50,1,-1,-1,-1
511,5,396,965,50,50,1,-1,-1,-1
512,3,669,1215,50,50,1,-1,-1,-1
512,5,387,1016,50,50,1,-1,-1,-1
513,3,656,1258,50,50,1,-1,-1,-1
513,5,493,943,50,50,1,-1,-1,-1
514,3,645,1273,50,50,1,-1,-1,-1
514,5,670,688,50,50,1,-1,-1,-1
515,3,636,1263,50,50,1,-1,-1,-1
515,5,682,709,50,50,1,-1,-1,-1
516,3,626,1223,50,50,1,-1,-1,-1
516,5,695,736,50,50,1,-1,-1,-1
517,3,618,1162,50,50,1,-1,-1,-1
517,5,708,768,50,50,1,-1,-1,-1
518,3,532,686,50,50,1,-1,-1,-1
518,5,733,846,50,50,1,-1,-1,-1
519,3,511,652,50,50,1,-1,-1,-1
519,5,746,895,50,50,1,-1,-1,-1
520,3,475,649,50,50,1,-1,-1,-1
520,5,760,948,50,50,1,-1,-1,-1
521,3,468,663,50,50,1,-1,-1,-1
521,5,566,862,50,50,1,-1,-1,-1
522,3,462,682,50,50,1,-1,-1,-1
522,5,556,822,50,50,1,-1,-1,-1
523,3,456,706,50,50,1,-1,-1,-1
523,5,547,787,50,50,1,-1,-1,-1
524,3,451,735,50,50,1,-1,-1,-1
524,5,538,758,50,50,1,-1,-1,-1
525,3,444,771,50,50,1,-1,-1,-1
525,5,528,735,50,50,1,-1,-1,-1
526,3,439,813,50,50,1,-1,-1,-1
526,5,520,718,50,50,1,-1,-1,-1
527,3,433,860,50,50,1,-1,-1,-1
527,5,511,704,50,50,1,-1,-1,-1
528,3,428,913,50,50,1,-1,-1,-1
528,5,503,697,50,50,1,-1,-1,-1
529,3,423,974,50,50,1,-1,-1,-1
529,5,495,694,50,50,1,-1,-1,-1
530,3,417,1073,50,50,1,-1,-1,-1
530,5,488,697,50,50,1,-1,-1,-1
531,3,420,1119,50,50,1,-1,-1,-1
531,5,479,704,50,50,1,-1,-1,-1
532,3,592,1150,50,50,1,-1,-1,-1
532,5,471,717,50,50,1,-1,-1,-1
533,3,649,859,50,50,1,-1,-1,-1
533,5,463,736,50,50,1,-1,-1,-1
534,3,561,685,50,50,1,-1,-1,-1
534,5,456,758,50,50,1,-1,-1,-1
535,3,569,669,50,50,1,-1,-1,-1
535,5,449,785,50,50,1,-1,-1,-1
536,3,577,658,50,50,1,-1,-1,-1
536,5,442,820,50,50,1,-1,-1,-1
537,3,586,651,50,50,1,-1,-1,-1
537,5,434,858,50,50,1,-1,-1,-1
538,3,595,650,50,50,1,-1,-1,-1
538,5,428,903,50,50,1,-1,-1,-1
539,3,605,654,50,50,1,-1,-1,-1
539,5,421,952,50,50,1,-1,-1,-1
540,3,614,662,50,50,1,-1,-1,-1
540,5,416,1008,50,50,1,-1,-1,-1
541,3,624,676,50,50,1,-1,-1,-1
541,5,495,941,50,50,1,-1,-1,-1
542,3,633,694,50,50,1,-1,-1,-1
542,5,503,885,50,50,1,-1,-1,-1
543,3,644,718,50,50,1,-1,-1,-1
543,5,509,831,50,50,1,-1,-1,-1
544,3,653,747,50,50,1,-1,-1,-1
544,5,515,783,50,50,1,-1,-1,-1
545,3,675,821,50,50,1,-1,-1,-1
545,5,528,701,50,50,1,-1,-1,-1
546,3,685,865,50,50,1,-1,-1,-1
546,5,534,670,50,50,1,-1,-1,-1
547,3,697,914,50,50,1,-1,-1,-1
547,5,541,643,50,50,1,-1,-1,-1
548,3,709,971,50,50,1,-1,-1,-1
548,5,547,621,50,50,1,-1,-1,-1
549,3,554,841,50,50,1,-1,-1,-1
549,5,554,606,50,50,1,-1,-1,-1
550,3,414,733,50,50,1,-1,-1,-1
550,5,560,593,50,50,1,-1,-1,-1
551,3,408,766,50,50,1,-1,-1,-1
551,5,567,588,50,50,1,-1,-1,-1
552,3,400,804,50,50,1,-1,-1,-1
552,5,575,587,50,50,1,-1,-1,-1
553,3,394,848,50,50,1,-1,-1,-1
553,5,583,591,50,50,1,-1,-1,-1
554,3,386,898,50,50,1,-1,-1,-1
554,5,590,598,50,50,1,-1,-1,-1
555,3,379,955,50,50,1,-1,-1,-1
555,5,598,613,50,50,1,-1,-1,-1
556,3,511,816,50,50,1,-1,-1,-1
556,5,606,631,50,50,1,-1,-1,-1
557,3,478,687,50,50,1,-1,-1,-1
557,5,615,656,50,50,1,-1,-1,-1
558,3,468,691,50,50,1,-1,-1,-1
558,5,624,684,50,50,1,-1,-1,-1
559,3,461,700,50,50,1,-1,-1,-1
559,5,633,718,50,50,1,-1,-1,-1
560,3,452,712,50,50,1,-1,-1,-1
560,5,642,758,50,50,1,-1,-1,-1
561,3,444,732,50,50,1,-1,-1,-1
561,5,650,804,50,50,1,-1,-1,-1
562,3,437,756,50,50,1,-1,-1,-1
562,5,660,854,50,50,1,-1,-1,-1
563,3,429,785,50,50,1,-1,-1,-1
563,5,670,910,50,50,1,-1,-1,-1
564,3,421,819,50,50,1,-1,-1,-1
564,5,681,972,50,50,1,-1,-1,-1
565,3,414,857,50,50,1,-1,-1,-1
565,5,513,806,50,50,1,-1,-1,-1
566,3,406,901,50,50,1,-1,-1,-1
566,5,580,611,50,50,1,-1,-1,-1
567,3,400,950,50,50,1,-1,-1,-1
567,5,588,619,50,50,1,-1,-1,-1
568,3,396,1005,50,50,1,-1,-1,-1
568,5,596,633,50,50,1,-1,-1,-1
569,3,393,1106,50,50,1,-1,-1,-1
569,5,605,651,50,50,1,-1,-1,-1
570,3,378,1146,50,50,1,-1,-1,-1
570,5,614,675,50,50,1,-1,-1,-1
571,3,376,1186,50,50,1,-1,-1,-1
571,5,622,704,50,50,1,-1,-1,-1
572,3,379,1219,50,50,1,-1,-1,-1
572,5,631,738,50,50,1,-1,-1,-1
573,3,406,1285,50,50,1,-1,-1,-1
573,5,650,826,50,50,1,-1,-1,-1
574,3,420,1308,50,50,1,-1,-1,-1
574,5,660,877,50,50,1,-1,-1,-1
575,3,629,1094,50,50,1,-1,-1,-1
575,5,671,935,50,50,1,-1,-1,-1
576,3,529,633,50,50,1,-1,-1,-1
576,5,560,924,50,50,1,-1,-1,-1
577,3,536,619,50,50,1,-1,-1,-1
577,5,374,757,50,50,1,-1,-1,-1
578,3,540,832,50,50,1,-1,-1,-1
578,5,365,789,50,50,1,-1,-1,-1
579,3,696,1148,50,50,1,-1,-1,-1
579,5,355,828,50,50,1,-1,-1,-1
580,3,686,1177,50,50,1,-1,-1,-1
580,5,346,871,50,50,1,-1,-1,-1
581,3,671,1212,50,50,1,-1,-1,-1
581,5,336,921,50,50,1,-1,-1,-1
582,3,648,1255,50,50,1,-1,-1,-1
582,5,327,977,50,50,1,-1,-1,-1
583,3,503,684,50,50,1,-1,-1,-1
583,5,492,867,50,50,1,-1,-1,-1
584,3,498,671,50,50,1,-1,-1,-1
584,5,590,667,50,50,1,-1,-1,-1
585,3,505,774,50,50,1,-1,-1,-1
585,5,598,695,50,50,1,-1,-1,-1
586,3,512,736,50,50,1,-1,-1,-1
586,5,608,727,50,50,1,-1,-1,-1
587,3,500,684,50,50,1,-1,-1,-1
587,5,616,764,50,50,1,-1,-1,-1
588,3,501,672,50,50,1,-1,-1,-1
588,5,625,808,50,50,1,-1,-1,-1
589,3,532,654,50,50,1,-1,-1,-1
589,5,635,857,50,50,1,-1,-1,-1
590,3,540,637,50,50,1,-1,-1,-1
590,5,645,911,50,50,1,-1,-1,-1
591,3,549,624,50,50,1,-1,-1,-1
591,5,654,972,50,50,1,-1,-1,-1
592,3,555,617,50,50,1,-1,-1,-1
592,5,661,1073,50,50,1,-1,-1,-1
593,3,564,615,50,50,1,-1,-1,-1
593,5,670,1116,50,50,1,-1,-1,-1
594,3,571,619,50,50,1,-1,-1,-1
594,5,671,1155,50,50,1,-1,-1,-1
595,3,579,625,50,50,1,-1,-1,-1
595,5,667,1196,50,50,1,-1,-1,-1
596,3,587,640,50,50,1,-1,-1,-1
596,5,654,1248,50,50,1,-1,-1,-1
597,3,596,658,50,50,1,-1,-1,-1
597,5,638,1282,50,50,1,-1,-1,-1
598,3,607,681,50,50,1,-1,-1,-1
598,5,505,907,50,50,1,-1,-1,-1
599,3,615,710,50,50,1,-1,-1,-1
599,5,481,652,50,50,1,-1,-1,-1
600,3,624,744,50,50,1,-1,-1,-1
600,5,475,645,50,50,1,-1,-1,-1
601,3,644,829,50,50,1,-1,-1,-1
601,5,464,646,50,50,1,-1,-1,-1
602,3,654,879,50,50,1,-1,-1,-1
602,5,458,654,50,50,1,-1,-1,-1
603,3,665,936,50,50,1,-1,-1,-1
603,5,452,665,50,50,1,-1,-1,-1
604,3,552,901,50,50,1,-1,-1,-1
604,5,447,685,50,50,1,-1,-1,-1
605,3,541,853,50,50,1,-1,-1,-1
605,5,442,708,50,50,1,-1,-1,-1
606,3,531,809,50,50,1,-1,-1,-1
606,5,437,737,50,50,1,-1,-1,-1
607,3,522,771,50,50,1,-1,-1,-1
607,5,432,771,50,50,1,-1,-1,-1
608,3,513,739,50,50,1,-1,-1,-1
608,5,427,810,50,50,1,-1,-1,-1
609,3,505,712,50,50,1,-1,-1,-1
609,5,421,855,50,50,1,-1,-1,-1
610,3,497,691,50,50,1,-1,-1,-1
610,5,417,906,50,50,1,-1,-1,-1
611,3,489,675,50,50,1,-1,-1,-1
611,5,413,961,50,50,1,-1,-1,-1
612,3,480,664,50,50,1,-1,-1,-1
612,5,409,1024,50,50,1,-1,-1,-1
613,3,472,659,50,50,1,-1,-1,-1
613,5,651,1162,50,50,1,-1,-1,-1
614,3,464,658,50,50,1,-1,-1,-1
614,5,387,1137,50,50,1,-1,-1,-1
615,3,457,663,50,50,1,-1,-1,-1
615,5,390,1146,50,50,1,-1,-1,-1
616,3,449,673,50,50,1,-1,-1,-1
616,5,389,1157,50,50,1,-1,-1,-1
617,3,442,688,50,50,1,-1,-1,-1
617,5,394,1164,50,50,1,-1,-1,-1
618,3,436,709,50,50,1,-1,-1,-1
618,5,395,1170,50,50,1,-1,-1,-1
619,3,428,735,50,50,1,-1,-1,-1
619,5,395,1176,50,50,1,-1,-1,-1
620,3,422,765,50,50,1,-1,-1,-1
620,5,395,1178,50,50,1,-1,-1,-1
621,3,415,802,50,50,1,-1,-1,-1
622,3,407,844,50,50,1,-1,-1,-1
623,3,400,891,50,50,1,-1,-1,-1
624,3,395,945,50,50,1,-1,-1,-1
625,3,388,1004,50,50,1,-1,-1,-1
626,3,381,1072,50,50,1,-1,-1,-1
627,5,378,1167,50,50,1,-1,-1,-1
628,5,378,1167,50,50,1,-1,-1,-1
629,3,368,1190,50,50,1,-1,-1,-1
630,3,368,1190,50,50,1,-1,-1,-1
631,3,368,1190,50,50,1,-1,-1,-1
632,3,368,1190,50,50,1,-1,-1,-1
633,3,368,1190,50,50,1,-1,-1,-1
634,3,368,1190,50,50,1,-1,-1,-1
635,3,368,1190,50,50,1,-1,-1,-1
636,3,368,1190,50,50,1,-1,-1,-1
637,3,368,1190,50,50,1,-1,-1,-1
638,3,368,1190,50,50,1,-1,-1,-1
639,3,368,1190,50,50,1,-1,-1,-1
640,3,368,1190,50,50,1,-1,-1,-1
641,3,368,1190,50,50,1,-1,-1,-1
642,3,368,1190,50,50,1,-1,-1,-1
643,3,673,1227,50,50,1,-1,-1,-1
644,5,673,1252,50,50,1,-1,-1,-1
645,5,667,1276,50,50,1,-1,-1,-1
646,5,667,1276,50,50,1,-1,-1,-1
647,5,667,1276,50,50,1,-1,-1,-1
648,5,667,1276,50,50,1,-1,-1,-1
649,5,667,1276,50,50,1,-1,-1,-1
